10.3003 -6.99997 4.00002 156.288 -108.306 67.2011 -36.0002 16.0004 3026.62 -2121.77 1368 -794.434 692.815 -176.005 64.004 70474.3 -49803.2 32879.2 -21218.4 11021.1 -5390.66 -26.199 -64.075 73.3002 -111.998 -235.747 302.716 -237.541 144.634 -391.937 -789.797 1030.56 -831.132 665.296 -373.347 197.517 1.02575e-11 -2.99999 2 1.14032 0.00406108 0.48495 0.000502198 -1 -0.882903 -0.999999
11.25 1.44906 0.0224085 217.687 40.8223 4.04829 0.0772873 0.000502145 5683.92 1249.83 196.455 16.51 0.364083 0.00273617 1.12524e-05 184349 44518.2 8594.64 1177.63 87.9019 2.03647 2.76678 -93.8746 -23.1605 40.6684 -529.61 -176.073 -30.3283 -1.59686 229.659 -2774.11 -971.981 -216.684 -30.4485 -0.582663 -0.716059 1.35267e-13 3 0.149695 1.5 0.000161739 0.582861 3.87911e-05 0.999952 -0.141341 1
9.00185 7 4.00151 81.0997 81.0387 62.021 36.0318 16.0363 731.244 892.495 864.809 654.567 673.282 176.545 64.3635 6598.73 9511.56 11203 10600.1 7956.1 4714.88 21.797 -36.4133 -56.0765 81.8391 -34.1195 -134.788 -157.818 -118.394 163.78 70.1206 -166.957 -281.038 -348.047 -266.977 -149.482 1.76945e-14 3 2 0.0429588 0.0388954 0.450365 0.000115132 0.999999 -0.193186 1
0.00997748 -1.19977 4.99992 9.95517e-05 -0.0319257 2.84898 -16.3981 42.9976 9.93307e-07 -0.000517646 0.136173 -10.0588 96.4709 -229.171 498.949 9.91267e-09 -7.15158e-06 0.00323017 -0.725848 46.9975 -390.533 -6.3142 6.87207 3.1655 -1.15521 2.11397 -6.58983 7.11402 11.4324 -0.762085 -0.14901 -1.15717 8.04781 -9.76452 -1.92953 52.3686 1.05283e-11 -0.0998872 2 0.000193984 0.99996 0.439372 0.000277838 -1 -0.824038 -0.999998
7.22601 -5.22517 3.77824 97.1062 -63.7258 40.6773 -24.9171 14.2753 1804.98 -1119.44 675.363 -393.219 374.183 -113.698 53.9377 42252.2 -25204.6 14653.2 -9869.17 4477.25 -2313.09 -20.1144 -38.91 45.6599 -66.3604 -141.297 160.282 -119.743 76.3793 -207.145 -507.251 526.399 -370.73 311.588 -162.919 95.5868 1.05283e-11 -2.33584 1.94376 1.33036 0.00420252 0.287906 0.000249707 -0.692791 -0.901085 -0.676887
2.87464 4.1441 4.90046 8.58251 16.7326 26.181 34.7911 41.4 26.5587 64.3263 128.108 212.818 557.584 395.532 472.305 85.0302 243.468 589.292 1201.31 2090.15 3468.8 12.0062 -0.608892 -15.771 16.0071 16.426 -0.703384 -25.0441 -49.8128 11.0973 26.6698 18.8249 19.5114 -36.4828 -93.9329 -130.708 1.36126e-11 1.68724 1.97846 0.166957 0.993053 0.580725 0.000899303 0.677411 -0.137762 0.934524
6.04636 3.38408 2.60628 68.3069 36.5819 23.7994 17.5443 15.033 1068.9 558.551 339.303 228.529 316.647 138.605 126.498 21081.5 10836.2 6313.42 4325.2 2781.72 2423.63 9.40061 -29.3186 -24.844 36.3274 -89.058 -79.5404 -59.5787 -43.1241 102.214 -265.559 -225.022 -150.854 -134.781 -97.7609 -80.2101 5.00337e-14 2.13261 1.27859 1.22408 0.985641 0.578233 0.000303655 0.59864 -0.15723 0.716074
7.13099 -3.39065 3.5364 104.563 -31.7606 13.6697 -6.53481 12.5064 2186.65 -462.887 127.311 -40.6088 148.339 -3.81565 44.23 58539.1 -8896.07 1744.77 -2611.48 157.615 -20.2376 -13.8252 -42.0724 24.8292 -33.6367 -198.296 71.2477 -23.9098 11.8964 -86.1009 -879.697 205.908 -40.6463 79.4813 -21.2207 12.8441 1.69258e-12 -2.21325 1.88052 1.49416 0.00481169 0.268396 0.000249631 0.543069 -0.915778 0.999763
9.86902 1.50261 0.034324 172.756 36.622 4.33638 0.120611 0.00128761 4121.26 1007.92 180.117 18.2204 0.603813 0.00711163 5.22383e-05 122806 32685.8 7042.71 1103.76 99.7541 3.30374 2.95035 -75.5616 -20.958 36.3684 -387.231 -143.382 -27.9882 -1.87957 185.061 -1852.97 -718.772 -178.85 -28.8972 -0.864724 -0.718704 1.08008e-13 2.77989 0.183077 1.4633 0.028404 0.48288 0.000387475 0.993574 -0.907206 0.993773
3.98702 1.79569 1.73993 41.0474 14.9891 8.92813 3.17798 3.02897 650.309 204.417 118.261 57.1488 43.1544 5.62571 5.27578 13715.2 3841.54 2327.49 1648.77 629.444 227.142 3.95512 -17.58 -9.94651 14.2222 -58.542 -30.5992 -20.4999 -8.80428 36.9247 -193.655 -82.8867 -60.3612 -49.2055 -18.4847 -2.47268 1.44344e-11 1.34992 1.31898 1.4713 0.0151628 0.429017 3.46306e-05 0.985346 -0.169961 -0.95501
0.00660876 -1.06161 1.58636 0.000112367 -0.0206226 2.25494 -4.83145 2.51714 2.93582e-06 -0.000578741 0.0858022 -7.18637 19.6448 -12.6603 3.99502 1.02033e-07 -2.10471e-05 0.00357687 -0.446263 30.5409 -99.7028 -5.84055 2.65439 3.5306 -1.14364 1.62098 -1.61578 0.0860757 5.31857 -0.762096 -0.160628 -0.772169 1.96394 0.755132 -3.92197 8.91001 1.0062e-11 -0.0552676 1.25947 0.0596176 0.00984029 0.340947 9.11734e-05 -0.984661 -0.862278 -0.999349
9.8321 2.34682 2.38228 173.46 19.3175 13.0794 7.62265 13.108 4185.84 176.415 171.089 53.3825 268.8 38.2868 106.669 126429 -456.721 3623.96 1107.28 500.642 960.111 5.84455 -72.9882 -13.4437 18.6533 -385.053 -26.2986 -28.9232 -10.7161 31.7622 -1904.32 7.40964 -77.1687 -32.2021 -32.8329 -25.7176 1.98664e-13 2.76294 1.18304 1.48266 0.991303 0.438869 0.000262101 -0.851153 -0.905749 -0.992567
3.96893 2.75252 4.97572 39.5276 21.7479 20.9722 18.6535 42.2732 599.193 279.803 230.384 190.414 400.93 183.429 483.469 12022.9 4948.92 3871.01 4383.56 2807.41 2586.86 7.23541 -13.1281 -15.9912 21.1414 -44.0803 -37.0706 -37.384 -37.9541 50.8232 -142.362 -93.1166 -78.2243 -132.39 -100.602 -81.5646 1.0499e-11 1.40211 2 1.41528 0.987783 0.577339 0.000282667 -1 -0.203983 0.896591
2.21549 0.344185 3.53658 14.7246 2.27942 9.54213 1.92796 12.5102 163.098 25.1596 74.7576 17.757 62.9743 9.33403 44.2634 2529.11 388.783 953.592 376.054 669.134 154.565 -1.02106 -3.27864 -0.655364 1.21099 -9.99641 -2.93682 -13.064 -1.58514 3.87649 -25.5783 -7.09876 -23.174 -10.2296 -22.4369 6.11948 1.42646e-11 0.1296 1.88052 1.4828 0.0141828 0.408026 0.000261021 -0.790813 -0.820891 0.99175
11.2468 6.89024 4.70751 217.474 126.351 78.3683 51.7592 36.6424 5673.58 3197.36 1895.28 1178.23 1447.54 525.665 379.841 183845 101466 58404.8 38421.6 21760.2 15203.6 21.4207 -88.6909 -80.8441 128.226 -469.419 -443.987 -319.174 -208.807 588.71 -2383.8 -2102.07 -1421.06 -1167.11 -710.486 -505.481 1.08008e-13 3 1.96536 1.49894 0.919181 0.58456 0.000386693 0.993524 -0.114832 0.994824
2.20303 0.777261 2.54974 14.56 5.13737 6.84859 6.18596 13.3987 160.381 56.593 53.4042 43.8607 64.1619 54.8422 100.485 2473.26 872.794 677.959 498.475 475.357 448.9 0.463654 -4.47142 -2.83305 4.13674 -12.0385 -6.2624 -8.39993 -8.41621 9.67161 -29.7504 -15.2907 -14.922 -14.2466 -15.6502 -11.0618 1.05161e-11 -0.0520769 1.32178 1.48335 0.895893 0.489925 0.000375809 0.973859 -0.168391 0.718333
7.83895 3.20919 2.79158 119.849 38.7992 23.3074 15.0223 16.6392 2571.64 714.463 407.288 229.224 364.357 110.162 143.083 70042.5 17363.1 10022.8 6098.53 3258.94 2579.2 8.80102 -50.3235 -25.7737 38.5973 -228.41 -101.327 -69.2681 -41.9107 130.958 -997.51 -365.781 -240.204 -185.965 -115.087 -81.4058 1.04079e-11 2.38304 1.35488 1.46973 0.977695 0.57123 0.000300503 0.895837 -0.158199 -0.934895
4.79503 1.31892 1.65928 54.3165 7.49578 2.46661 -0.468383 2.75322 916.81 56.4562 5.69558 -4.21637 18.507 -5.18565 4.56845 20261.8 235.75 -52.564 419.072 19.4738 -22.2555 2.32061 -23.5193 -4.95293 6.55111 -89.465 -9.54888 -0.252663 2.6168 9.6464 -321.832 -7.72075 3.04672 -9.57904 -0.443076 6.01982 1.02828e-11 1.64543 1.28813 1.44485 0.0021088 0.432634 0.000270035 -0.890071 -0.133463 -0.71114
11.1401 1.42032 0.0224085 214.236 39.5314 3.88716 0.0754784 0.000502145 5566.1 1201.76 186.099 15.5272 0.34773 0.00266953 1.12524e-05 179754 42572.5 8078.01 1091.73 80.9735 1.89986 2.66824 -92.4604 -22.4004 39.3469 -518.983 -169.354 -28.6915 -1.44288 220.797 -2707.26 -929.819 -203.691 -27.9899 -0.423441 -0.71185 1.76945e-14 2.98162 0.149695 1.5 0.000161739 0.582861 3.82296e-05 0.947969 -0.141345 1
7.77574 4.89455 3.08726 60.5103 38.0572 25.7891 15.1467 9.58483 471.263 296.146 270.67 197.157 256.947 47.1356 29.9235 3673.18 2306.33 3088.93 2975.05 2155.56 1185.84 14.5789 -28.1613 -28.5006 37.8376 -35.7268 -47.3228 -50.4967 -36.463 53.8361 -11.6893 -40.0306 -73.4471 -96.9799 -74.7714 -31.2123 1.33246e-11 2.78822 1.75582 0.0393719 0.0659311 0.586544 0.000866434 -0.950942 -0.192955 0.948786
3.95761 -2.28908 3.74691 35.0288 -12.3743 7.02512 -3.04763 14.0393 453.808 -104.646 33.3304 -8.81898 82.6816 9.2988 52.604 7628.12 -1151.89 223.358 -812.136 38.9295 34.2897 -10.0487 -12.3443 12.1507 -13.7904 -41.4027 18.2421 -5.90728 5.16522 -20.0548 -118.513 29.709 -1.60871 25.6939 -10.3353 10.6445 1.98664e-13 -1.56375 1.93569 1.22975 0.000161739 0.582273 0.000268913 0.594241 -0.14614 0.88147
6.79075 3.54054 3.13352 96.8691 37.7254 18.8568 9.61015 9.81982 1983.59 631.92 270.053 125.013 155.446 25.465 30.7759 52174.6 14225 5774.7 4358.78 1203.78 519.605 9.93698 -40.1601 -25.8531 37.498 -176.947 -92.538 -47.0452 -22.3431 115.74 -754.376 -310.768 -144.476 -130.072 -41.4448 -8.32279 8.90605e-12 2.13396 1.77016 1.49565 0.00818814 0.437905 0.000301315 0.485992 -0.170385 -0.959806
6.29935 -2.71719 1.74024 83.3981 -28.4644 13.0055 -4.75361 3.03003 1585.19 -464.36 221.102 -98.1482 65.494 -8.32041 5.27854 38706.3 -10125.1 5259.61 -3110.25 1063.66 -368.651 -11.5164 -35.5222 22.12 -30.2624 -143.203 70.6983 -39.2074 19.4956 -86.3724 -555.838 221.891 -137.219 99.1435 -38.155 17.2856 2.2236e-13 -2.05471 1.31909 1.44137 0.0151628 0.429017 3.46306e-05 0.985346 -0.172454 -0.999027
8.52582 -5.56427 3.48689 137.806 -82.7771 47.4859 -25.4372 12.1656 3099.16 -1775.04 976.99 -510.411 402.691 -109.806 42.4709 88057.9 -48825.1 26148 -15774.1 6521.05 -2959.64 -21.277 -55.8684 56.7763 -85.8638 -253.711 252.347 -169.204 94.8573 -328.011 -1128.28 1027.94 -664.636 489.299 -222.059 113.939 1.11978e-11 -2.51693 1.86718 1.48016 0.0228125 0.409483 3.80415e-05 -0.806122 -0.224221 -0.92329
3.40168 -2.87918 4.78189 11.6784 -4.50792 5.9905 -12.3009 37.2818 40.4595 2.67348 2.41608 -3.44811 279.545 -67.9622 385.236 141.432 72.1475 3.22364 14.9193 -14.7649 -227.154 -12.0717 -1.6831 8.7277 -5.7374 -1.74096 -2.91406 3.4588 8.46025 -0.269102 -3.45925 -1.65595 21.9592 -3.746 -21.8031 30.336 1.05902e-11 -1.84223 1.98925 0.0887428 0.908171 0.564011 0.000309647 0.830393 -0.162617 0.740548
3.21989 2.83208 3.53802 29.2084 23.7455 20.5499 16.9382 12.5409 423.987 325.439 252.042 188.296 156.694 84.5616 44.5355 8372.89 6149.53 4478.92 4154.52 2129.16 1345.7 7.50818 -10.1729 -16.9689 23.1864 -27.1019 -44.6128 -45.325 -35.9335 59.2366 -78.9813 -120.946 -113.496 -128.35 -67.0285 -38.2276 1.42646e-11 0.986563 1.88052 1.49886 0.0406095 0.586216 0.000264708 0.961902 -0.834858 0.99175
8.09706 -4.32309 3.92635 109.784 -37.9438 17.465 -10.9732 15.4173 1990.82 -479.241 145.081 -56.2335 234.824 -19.5249 60.542 44618.1 -7594.87 1591.77 -1773.69 142.351 -53.849 -17.0219 -44.5966 29.8513 -39.9666 -180.179 74.071 -28.1071 16.6837 -89.1159 -673.832 178.772 -31.7976 56.497 -29.7991 17.0162 3.42947e-13 -2.56744 1.98148 1.2269 0.00829999 0.435386 0.000381698 0.595345 -0.839901 0.933164
5.52858 -1.60353 0.111522 58.0829 -21.0522 4.85511 -0.385698 0.0124425 849.651 -341.017 105.947 -21.1794 1.88846 -0.0661126 0.0013888 15709.1 -6704.92 2400.1 -666.386 119.598 -10.375 -7.69841 -27.3613 16.3194 -22.6742 -82.1662 53.7858 -18.0503 4.55785 -63.6326 -230.769 155.448 -65.6371 23.3148 -4.98078 -0.051071 7.01048e-13 -2.02474 0.333931 1.19542 0.00345674 0.438674 3.45306e-05 -0.998846 -0.866283 -0.855973
9.82789 5.97731 3.49568 170.806 96.1729 52.0012 26.4206 12.2532 4041.74 2176.1 1133.67 563.346 451.299 111.98 43.0672 119398 62333.3 31686.4 17951.5 7225.97 3151.73 18.291 -71.0778 -62.4116 97.3324 -342.211 -309.768 -193.899 -99.265 400.429 -1587.57 -1325.94 -803.454 -547.598 -228.875 -96.7587 1.02575e-11 2.77709 1.86904 1.45454 0.0488706 0.48495 0.000501785 0.597658 -0.882903 0.976013
10.5909 6.77799 3.97285 190.359 115.771 66.1002 34.5439 15.8419 4596.55 2714.49 1523.57 801.643 658.79 168.114 63.4028 137526 79592.8 44120.9 26110.3 11461.1 5228.3 21.0359 -78.754 -74.705 117.395 -382.48 -384.354 -259.474 -140.529 499.688 -1776.6 -1678.93 -1113.24 -796.81 -361.823 -164.522 1.01777e-11 2.92373 1.99228 1.42924 0.0606375 0.585302 0.000502409 0.942844 -0.130196 0.963386
8.42917 5.17725 3.91702 117.235 58.7828 33.9907 20.0372 15.3441 2169.9 950.748 526.335 299.574 374.861 77.5426 60.1111 49495.9 19573.5 10986.7 7821.82 3586.09 1827.34 15.5481 -48.9406 -40.5302 59.0551 -186.06 -138.472 -92.4561 -54.8199 174.52 -668.257 -417.437 -271.115 -241.409 -123.443 -50.8409 1.41882e-11 2.63159 1.97913 1.22634 0.00811525 0.484199 0.000501259 -0.93029 -0.1775 0.868283
0.00660876 -0.281712 2.23226 0.000112367 -0.00516019 1.40324 -1.66592 9.92217 2.93582e-06 -0.000140569 0.0545864 -3.28766 28.6686 -11.849 62.288 1.02034e-07 -5.01977e-06 0.00230178 -0.199151 16.6984 -64.1147 -3.16682 3.35394 1.97901 -1.12781 0.91417 -0.230201 1.86479 3.01773 -0.762016 -0.16783 -0.24991 2.64893 0.257378 -2.07541 10.381 1.0062e-11 -0.0552676 1.25911 0.0596176 0.804298 0.44025 9.11734e-05 0.575101 -0.198934 -0.999349
8.72623 -4.57766 1.52513 76.1475 -56.1693 28.6034 -9.81703 2.32606 664.49 -631.72 443.455 -221.532 118.101 -19.2971 3.54769 5798.6 -6748.01 6088.32 -4117.18 2028.38 -719.589 -17.8946 -35.8681 40.7461 -58.6246 -51.1365 101.576 -81.1588 41.2625 -117.227 -5.88335 147.09 -170.728 140.099 -71.8954 28.4426 1.91922e-12 -2.95402 1.23496 0.00386118 0.00286287 0.505842 0.000277506 -0.959855 -0.806029 -0.899303
4.86897 2.26366 1.65928 56.46 21.588 10.8055 4.23437 2.75322 978.235 328.807 160.101 73.4232 47.3477 7.81975 4.56845 22223 6797 3395.68 2146.2 747.59 273.15 5.55946 -24.5189 -14.4043 20.9778 -88.6256 -48.9107 -27.7127 -11.9142 59.8575 -317.448 -148.339 -88.4178 -64.2121 -21.4896 -4.40068 1.02828e-11 1.64543 1.28813 1.47021 0.0021088 0.571575 0.000270035 0.999408 -0.133463 -0.71114
4.02522 -2.56104 2.22126 16.2034 -10.1476 10.508 -8.52222 9.32324 65.2306 -40.2002 77.1702 -74.1194 146.89 -42.7315 54.3927 262.617 -159.224 566.009 -669.505 716.606 -717.95 -10.981 -7.31669 11.7058 -11.5109 -1.14376 6.52363 -14.8954 17.6319 -8.17339 11.1612 -4.00149 -7.48438 25.1084 -35.1615 33.6055 7.24492e-13 -2.00628 1.28651 0.00794538 0.752434 0.439519 0.000263143 0.96166 -0.873728 -0.921545
8.78476 4.77166 3.40849 146.11 64.0722 32.6692 16.6198 11.6178 3379.84 1291.95 615.98 302.555 296.23 57.8604 39.599 98756.4 34112.2 16122.2 10454.1 3833.29 1676.59 14.1576 -60.6256 -42.5956 64.4699 -295.634 -185.934 -105.929 -53.5796 237.425 -1386.7 -731.875 -405.787 -315.817 -124.087 -46.1733 9.82525e-12 2.55632 1.84621 1.5 0.000261097 0.583955 7.44868e-05 0.983891 -0.150921 -0.879557
10.6675 -0.543685 0.0178805 199.414 -23.93 0.486189 -0.0429832 0.000323465 5060.68 -798.57 71.1295 -0.311607 0.144646 -0.00137931 5.91908e-06 160073 -29279.7 3840.36 -261.132 -1.51611 -0.556024 -4.06494 -86.1646 15.9774 -25.6203 -474.033 114.873 -10.2515 1.08268 -147.988 -2428.85 645.703 -97.4558 11.0363 -0.311819 -0.649848 1.0224e-11 2.90264 0.133522 1.49739 0.0072478 0.414417 9.79576e-05 -0.882912 -0.170659 -0.979588
4.23538 -3.04775 3.7593 41.0441 -23.1481 16.4907 -11.1988 14.1323 586.458 -280.617 173.034 -110.965 150.483 -41.1272 53.1277 10913 -4615.14 2697.1 -2705.78 1091.1 -635.962 -12.6496 -14.8006 19.4407 -24.8199 -45.9191 41.6096 -31.6192 25.3038 -52.4971 -137.058 96.5763 -65.6374 86.3988 -46.6186 36.4812 1.98664e-13 -1.58964 1.93889 1.30706 0.000161739 0.572551 0.000268913 -0.669286 -0.16098 0.738086
11.1311 6.26157 3.32819 209.905 110.824 55.838 26.2683 11.2133 5314.65 2704.17 1325.71 617.433 470.317 106.788 38.2361 166677 82667.9 39786.9 20870.8 8059.73 3302.19 19.2655 -87.373 -70.9317 112.331 -455.815 -383.936 -224.931 -107.641 497.784 -2258.75 -1762.92 -1008.64 -634.339 -253.146 -101.497 1.01954e-11 2.99907 1.82152 1.46174 0.101293 0.562427 0.000308088 0.621401 -0.141834 0.976
9.91201 5.32024 4.17329 175.741 76.9356 44.231 28.7094 26.3675 4257.77 1634.68 869.669 505.131 736.111 210.45 214.92 129043 44946.6 23405.6 15842.7 7678.46 5036.87 16.0383 -72.0894 -50.7892 77.6386 -367.405 -230.637 -148.047 -91.7704 300.611 -1789.42 -946.362 -564.53 -481.685 -265.4 -162.121 1.00023e-11 2.77736 1.89666 1.48266 0.758923 0.439643 0.000303385 0.988714 -0.881355 -0.883644
11.1413 2.00715 0.115616 210.383 48.8439 7.29114 0.46485 0.0140519 5334.8 1392.36 280.594 37.2728 2.77018 0.0847726 0.00178907 167576 46973.4 10987.5 2001.56 242.862 16.4917 4.68007 -90.9951 -28.5946 48.8804 -496.168 -197.811 -44.5101 -4.98375 255.937 -2507.13 -1028.79 -279.56 -55.2769 -4.38115 -0.880124 1.08008e-13 3 0.337825 1.4633 0.0386041 0.622514 8.94462e-05 0.993574 -0.141683 0.993773
3.65821 2.47461 3.91662 33.0157 16.8875 12.8748 7.7774 15.3477 450.735 187.946 117.529 72.2333 121.679 22.9738 60.1726 8119.15 2878.32 1693.62 2039.79 733.912 383.53 6.28265 -11.6093 -12.6255 16.1657 -36.5487 -27.5419 -20.3135 -13.0553 33.8881 -107.096 -60.5897 -39.1092 -61.246 -26.3539 -0.833636 1.02775e-11 1.37418 1.97892 1.33036 0.0223635 0.281897 0.000249707 0.493369 -0.90222 -0.982925
2.53788 -3.04266 3.74691 6.55137 -7.61446 10.0785 -11.1428 14.0393 17.1949 -19.3759 37.4962 -53.753 125.729 -40.7851 52.604 45.8667 -50.1115 153.519 -290.979 406.433 -424.061 -12.6322 0.0208241 10.9185 -8.91766 5.08233 1.44767 -7.9194 16.3642 -4.33418 7.1297 -4.80902 3.71956 12.4035 -25.6491 29.8793 1.98664e-13 -1.58964 1.93569 0.10446 0.000161739 0.582861 0.000268913 -0.669286 -0.162454 0.738086
11.2458 2.12743 0.146007 217.555 51.1544 8.06766 0.597194 0.0213182 5679.38 1479.25 303.454 42.6888 3.62503 0.129037 0.00311261 184171 51082.4 11966 2234.68 286.314 21.8754 5.09242 -93.7517 -30.0865 51.2457 -526.149 -209.926 -48.3218 -5.88049 271.956 -2747.82 -1116.41 -304.396 -62.2349 -5.49962 -0.955563 1.35267e-13 2.9993 0.382109 1.5 0.000161739 0.582861 3.47438e-05 0.999952 -0.141341 0.962787
2.254 0.00456523 0.0179853 15.2415 0.0309379 1.98859 0.00055136 0.000323472 171.771 0.349431 26.6196 0.083761 0.210982 1.83561e-05 5.81779e-06 2710.18 5.52529 448.459 1.82675 25.6131 0.0323491 -2.18538 -7.80944 1.84072 -1.09085 -17.0611 0.71749 -4.09984 0.998573 -0.697568 -39.4733 0.227935 -12.3423 1.39153 -0.454723 -0.667768 1.76945e-14 -0.0632341 0.134109 1.5 0.000161739 0.374474 3.82296e-05 -0.973909 -0.141345 1
6.19471 4.59737 4.65508 38.376 25.5618 25.4471 27.7582 36.5757 237.748 140.28 165.479 179.508 666.072 243.546 385.382 1472.96 757.087 1252.33 1462.42 1719.1 2654.12 13.5601 -16.0665 -21.3943 25.0458 -10.1788 -16.7528 -30.627 -40.8517 25.1003 5.98866 -0.626343 10.1473 -47.9623 -94.2294 -90.7477 9.5297e-12 2.48891 1.94178 0.00794538 0.940512 0.581848 0.000303319 0.489951 -0.00956449 -0.961036
10.2962 -4.35537 1.46154 184.873 -78.1895 29.1497 -9.0103 2.14066 4499.37 -1902.77 734.362 -251.023 107.79 -17.0707 3.14204 136365 -57664.7 22675.4 -8831.82 2603.82 -718.484 -17.1325 -78.0858 52.4225 -81.1673 -398.186 274.867 -125.401 45.4128 -351.56 -1916.79 1251.46 -588.316 275.95 -86.3718 27.9573 1.02575e-11 -2.85651 1.20862 1.46168 0.0279637 0.587698 0.000100739 -0.93029 -0.136554 -0.875594
6.78384 4.27635 3.93838 46.0494 16.9191 9.87217 9.81838 15.5144 312.784 32.7736 -3.99026 -6.43829 208.136 11.0098 61.13 2125.88 -334.873 -215.539 -101.262 -62.2227 -58.7466 12.4596 -20.471 -15.939 16.198 -31.2019 -6.17065 0.0939565 -1.86142 5.28021 -45.102 4.91048 23.1551 5.4727 -10.1268 14.0835 2.48992e-12 2.60437 1.98448 0.0326671 0.0150892 0.442821 0.000263978 -0.849209 -0.834858 -0.934739
8.61963 6.4157 3.54128 74.3008 70.6592 51.8033 29.0293 12.5408 640.494 741.467 684.837 496.805 497.545 125.146 44.4113 5521.45 7532.87 8430.64 7612.62 5478.32 3127.48 19.7939 -33.925 -49.2349 71.2133 -32.9007 -113.553 -125.897 -90.2488 135.936 48.401 -137.172 -214.334 -251.203 -184.62 -97.1874 1.05588e-11 2.93591 1.88183 0.00906088 0.00286287 0.506428 0.000277776 0.93864 -0.106779 0.843032
6.67001 4.42345 4.06531 93.0948 54.7618 38.0491 30.3589 29.8596 1862.99 1020.91 635.821 440.354 618.29 294.021 300.638 47859.8 24978.6 14528 10919.2 6398.78 5250.91 12.9639 -37.5777 -36.9757 54.9387 -150.455 -141.768 -109.384 -82.7765 187.455 -606.526 -513.121 -345.741 -333.831 -219.668 -177.891 1.04079e-11 2.11965 1.77204 1.4755 0.961871 0.432289 0.000376994 0.756956 -0.169891 0.577764
3.81099 3.12819 3.68608 38.6428 28.213 22.1674 16.8612 13.5918 610.411 411.454 284.438 193.2 171.519 81.8279 50.1344 12920 8211.78 5282.84 4695.75 2093.37 1255.09 8.52334 -14.2414 -19.9861 27.7599 -43.9536 -57.5963 -50.757 -36.6352 75.0945 -143.435 -167.48 -133.729 -143.958 -66.9596 -34.5834 1.40429e-11 1.25289 1.91983 1.49708 0.0176994 0.638377 3.47438e-05 0.47793 -0.155582 0.967765
9.59526 2.55448 1.51996 145.941 17.0163 3.11552 1.01018 2.31555 2912.82 90.0467 -10.321 -5.4998 35.606 -2.8372 3.5356 71066.2 -1963.56 -521.416 301.907 -7.33183 -3.61088 6.55648 -63.6146 -12.4041 16.2975 -280.064 -16.6547 2.10638 1.99992 15.8392 -1120.86 36.1781 17.2757 -4.81026 0.221175 4.71308 9.98649e-12 2.84087 1.23252 1.2348 0.0294372 0.568076 0.000290148 -0.938708 -0.116628 -0.955159
8.08184 -3.78483 3.5364 127.519 -38.5584 15.9641 -7.98628 12.5064 2824.73 -602.895 164.069 -54.0525 176.108 -9.1521 44.23 79437.2 -12349.5 2438.04 -2994.84 202.775 -49.353 -15.1765 -51.6783 29.2759 -40.5958 -255.473 91.5636 -30.6802 14.7432 -111.913 -1189.23 283.114 -58.0271 91.4766 -25.543 14.2869 1.42646e-11 -2.41854 1.88052 1.49416 0.00481169 0.280476 0.000249631 0.534828 -0.906119 0.99175
9.23041 -1.373 0.027749 154.491 -31.704 3.63607 -0.0896507 0.000770324 3548.51 -836.849 144.542 -14.0651 0.397713 -0.00391983 2.13934e-05 102203 -26166.5 5437.25 -822.244 71.0823 -2.08736 -6.90809 -67.6792 21.7525 -33.5787 -333.371 122.762 -23.2094 3.25366 -155.045 -1541.1 582.402 -141.355 27.9686 -3.23159 -0.57205 1.02575e-11 -2.6665 0.166572 1.45609 0.00169276 0.414417 9.1248e-05 -0.882912 -0.229786 -0.974768
0.0101993 -0.888606 4.99992 0.000312074 -0.0271894 1.65537 -13.3233 42.9976 1.59146e-05 -0.00138656 0.0997406 -4.8186 67.7503 -190.939 498.949 1.13623e-06 -9.89928e-05 0.00758981 -0.470681 19.3528 -226.117 -5.24743 6.83339 2.59432 -1.15036 1.12383 -5.22367 7.67002 9.02035 -0.762245 -0.15741 -0.455132 5.74184 -8.31514 1.80661 43.3909 1.04164e-11 -0.000349474 2 0.100991 0.99996 0.577339 0.000280861 -1 -0.823553 -0.775814
11.0362 2.11074 0.146079 210.952 49.9761 7.95697 0.594232 0.0213806 5453.35 1428.79 295.191 41.8878 3.58641 0.128819 0.00313542 175338 48870.9 11513.3 2165.23 279.619 21.552 5.03521 -91.0514 -29.4101 50.0394 -505.637 -202.965 -47.0225 -5.75418 262.653 -2616.82 -1068.81 -293.08 -60.2782 -5.3317 -0.945362 9.76609e-12 2.96437 0.382109 1.49956 0.00844192 0.582861 3.47438e-05 0.993262 -0.127384 0.962787
4.02368 -2.43718 2.056 16.191 -9.82824 10.2304 -7.86041 8.3419 65.1558 -39.6359 80.1324 -74.1316 138.205 -38.7116 47.6714 262.216 -159.855 604.358 -697.888 735.891 -712.053 -10.5564 -7.52903 11.3346 -11.184 -1.37323 6.60946 -15.36 17.2558 -8.06935 11.8509 -4.04834 -9.29553 26.1497 -34.8409 32.4055 7.24492e-13 -2.0059 1.21368 0.00794538 0.763538 0.439503 0.000263143 0.980093 -0.873728 -0.985434
11.0989 6.38871 3.49568 208.16 112.077 57.739 27.8607 12.2532 5237.38 2711.78 1355.46 644.828 507.085 117.034 43.0672 163144 82213.8 40270.2 21597 8484.41 3550.68 19.7014 -86.4977 -71.8816 113.614 -447.382 -384.856 -230.248 -112.701 499.188 -2199.47 -1750.88 -1019.69 -656.993 -267.778 -109.549 1.02575e-11 2.9972 1.86904 1.45454 0.0488706 0.584932 0.000501785 0.597658 -0.11738 0.976013
2.22232 -0.705499 3.51555 14.816 -4.70632 8.7598 -8.63543 12.3619 164.626 -52.3251 64.7347 -59.3229 56.0242 -52.0088 43.478 2560.89 -814.443 789.889 -590.894 564.716 -463.261 -4.61969 -3.21742 5.09597 -5.94052 -10.6041 5.52123 -10.9986 15.8976 -10.4088 -28.0431 12.0053 -18.8114 21.2629 -20.8301 31.3325 1.00152e-11 0.0906358 1.87493 1.48799 0.0139443 0.409483 0.000292028 -0.806803 -0.227122 -0.944066
11.0718 -6.76355 4.7158 212.046 -120.944 74.6288 -49.6773 36.0714 5490.09 -3009.02 1753.51 -1082.21 1358.99 -490.933 365.023 176750 -94248.7 52910.5 -34646.8 19218.8 -13415.9 -25.3885 -84.7773 79.6652 -124.936 -448.965 416.063 -295.412 195.875 -555.512 -2281.22 1942.85 -1281.83 1049.27 -651.156 479.202 1.94462e-12 -2.97043 1.97848 1.49944 0.895213 0.489339 0.000378046 -0.919646 -0.814352 -0.853571
4.66687 3.92222 3.53807 53.3031 40.4624 29.9291 20.7993 12.542 918.297 654.524 451.363 296.221 242.142 98.2691 44.5452 20843.3 14219.5 9395.8 7485.68 3571.43 1989.57 11.2455 -20.9933 -28.1248 40.3 -67.4429 -92.5984 -80.0069 -54.7437 119.908 -229.91 -291.426 -238.925 -230.878 -112.702 -59.4391 1.42646e-11 1.56626 1.88052 1.48785 0.0412408 0.442734 0.000261021 0.961902 -0.834858 0.99175
10.4788 -6.98925 4.00016 168.571 -112.295 67.8737 -35.9604 16.0039 3517 -2341.18 1446.93 -814.533 694.425 -175.887 64.0393 89077.4 -59266.8 37105.5 -23229.8 11490.4 -5487.4 -26.1622 -68.835 75.4676 -116.082 -279.145 332.629 -249.807 147.743 -432.386 -1050.66 1232.4 -937.394 723.765 -386.304 200.482 1.34539e-12 -2.99462 2 1.22922 0.012793 0.48495 0.000380523 -1 -0.841417 -0.999999
5.52858 -4.92779 3.90397 58.0829 -48.9308 38.15 -26.4799 15.2439 849.651 -693.444 532.961 -378.181 365.61 -131.675 59.5347 15709.1 -12550.9 9542 -7773.95 4500.1 -2682.74 -19.095 -22.2803 36.9832 -51.2143 -53.7816 98.4067 -96.6052 74.8635 -128.607 -130.65 245.806 -238.442 249.868 -162.361 109.295 1.02575e-11 -2.02474 1.9758 1.19542 0.013669 0.440552 0.000378914 -0.990085 -0.866014 -0.864552
10.0572 6.48265 4.70751 181.439 109.794 71.057 49.1199 36.6424 4476.83 2613.04 1605.45 1035.89 1294.46 501.403 379.841 138250 78733.6 46784 32154.3 18623.8 13388.7 20.0234 -73.8593 -71.0232 111.277 -365.808 -362.803 -271.687 -185.271 480.983 -1761.75 -1624.26 -1134.75 -978.504 -611.355 -447.166 1.268e-11 2.79471 1.96536 1.49894 0.919181 0.59664 0.000386693 0.985284 -0.105172 0.994824
4.00848 1.18493 0.110376 42.0193 12.7022 2.99357 0.295546 0.0123282 681.265 208.699 56.7735 11.6453 1.21011 0.0514118 0.00139309 14743.3 4556.93 1323.28 338.638 61.5178 6.11721 1.86128 -19.8976 -7.27915 11.8811 -66.2368 -31.1472 -8.78198 -0.907789 37.7142 -223.514 -103.203 -34.7928 -8.56977 -0.201381 -0.573982 1.41708e-11 1.32608 0.331733 1.5 0.0181507 0.638377 3.47438e-05 0.490061 -0.155582 1
10.8982 -4.80615 1.72061 205.005 -89.8725 35.0494 -11.5164 2.97264 5209.56 -2276.35 912.852 -326.999 152.488 -25.5058 5.15661 164549 -71743.1 29201.6 -11878 3661.86 -1072.1 -18.6779 -85.8922 59.6033 -93.1275 -457.437 326.631 -155.236 58.6352 -420.434 -2296.71 1548.34 -753.475 368.512 -120.047 40.6176 1.03642e-12 -2.94924 1.31105 1.48332 0.0419868 0.486199 3.58063e-05 -0.957957 -0.182997 -0.921152
9.20396 5.5336 4.39541 127.456 65.0379 42.7317 30.8572 28.7884 2271.56 1036.86 671.587 456.069 788.981 232.175 241.754 48922 20498.1 13725.9 10393.6 6494.75 4889.25 16.7698 -53.127 -44.6976 65.4586 -190.24 -147.845 -116.983 -85.2562 190.395 -631.897 -421.563 -315.676 -323.886 -237.079 -158.988 1.11737e-11 2.82112 1.95424 1.11591 0.759177 0.442867 0.000309123 0.975637 -0.199288 -0.934739
4.6819 -3.69511 4.65312 45.4573 -29.9088 26.3009 -25.7799 37.0074 631.07 -370.773 295.44 -257.506 497.392 -254.753 396.345 11230.6 -6085.52 4642 -4705.56 3392.68 -3397.95 -14.869 -15.8008 24.1664 -31.741 -42.5158 49.4874 -50.7032 54.9662 -69.1186 -114.862 111.803 -93.1767 144.068 -135.407 146.469 9.5297e-12 -1.78498 1.93342 1.223 0.956555 0.574739 0.000372038 0.473057 -0.0110705 -0.961036
9.10942 -5.15401 3.50819 151.104 -71.5574 36.9531 -19.488 12.3074 3444.27 -1459.03 691.997 -336.833 333.682 -73.303 43.1771 98515.9 -38488.9 17547.5 -10700.8 3926.9 -1745.07 -19.8705 -61.5258 49.8723 -74.3778 -295.056 210.021 -120.961 64.7435 -269.752 -1356.12 824.612 -444.652 332.116 -144.016 72.9168 1.5111e-11 -2.64467 1.87302 1.45435 0.00176367 0.437905 0.000536601 0.485992 -0.229513 -0.886976
8.60875 5.83928 4.70024 141.196 87.2006 58.8265 43.2475 35.6319 3227.04 1887.73 1181.63 787.678 1027.73 427.098 356.656 93258.7 52564.6 31371 22661.9 13037 9657.45 17.8178 -57.1332 -57.461 88.1471 -260.547 -262.131 -201.555 -143.523 347.263 -1175.85 -1081.35 -756.499 -691.23 -435.503 -324.725 1.05555e-11 2.52375 1.97848 1.49648 0.886481 0.489925 0.000499251 0.973859 -0.120059 0.718333
7.98029 -1.98506 0.19644 122.142 -34.9193 7.14471 -0.748142 0.0386349 2610.3 -798.313 199.129 -36.0581 4.26176 -0.217589 0.0076076 70614.9 -22516.3 6203.04 -1420.77 231.033 -24.1992 -9.0064 -53.9018 24.6027 -36.8704 -243.616 118.577 -33.3928 7.10541 -147.941 -1048.25 502.47 -163.494 46.765 -8.70239 0.655317 1.02581e-11 -2.42281 0.44315 1.45269 0.00766212 0.470102 3.56842e-05 -0.882743 -0.225629 -0.940048
4.79682 4.01213 3.91672 55.8196 41.4346 30.8929 22.3127 15.377 976.743 672.962 457.418 302.13 270.359 113.505 60.513 22482.2 14701.9 9454.84 7773.79 3586.86 2068.7 11.5538 -21.628 -28.8912 41.2952 -72.2136 -94.7585 -80.9777 -56.4009 123.307 -253.977 -301.543 -238.569 -238.946 -115.261 -61.9523 1.04921e-11 1.60309 1.97848 1.49229 0.0481908 0.489925 0.000499251 0.962566 -0.838438 0.718333
0.00101648 -0.947213 2.66544 1.2378e-06 -0.00296846 1.79392 -7.72185 14.9708 1.73833e-09 -6.05796e-06 0.0115603 -5.09477 50.612 -72.7347 120.82 4.83705e-12 -1.19313e-08 3.55833e-05 -0.0562847 19.2865 -144.044 -5.44835 3.97643 3.1147 -1.12556 1.23816 -2.8424 2.60492 6.40434 -0.761991 -0.177755 -0.491625 4.39928 -2.59773 -3.98413 20.674 1.05161e-11 0.0310621 1.33448 0.00718504 0.940526 0.456829 0.000307115 -0.978075 -0.167621 -0.999255
6.72688 3.48639 2.49525 94.3839 46.4122 27.2749 18.0756 14.0351 1896.88 905.751 495.315 298.042 341.785 142.271 115.841 48914.3 22904.6 12006.2 7402.8 4184.54 3087.09 9.75133 -39.9426 -30.3994 46.3909 -162.327 -128.186 -85.0704 -54.2299 166.224 -654.56 -481.839 -296.061 -227.263 -138.447 -101.397 1.0062e-11 2.13261 1.23441 1.4761 0.985641 0.578217 0.000303655 0.995302 -0.157313 0.712468
10.6695 -1.82035 0.0883532 187.145 -42.7902 6.01912 -0.326943 0.00782307 4362.98 -1139.84 225.185 -28.0792 1.7438 -0.0436563 0.000694162 125262 -35484.4 8282.51 -1469.74 167.269 -9.80581 -8.44173 -81.3891 28.6362 -44.9281 -407.666 166.441 -36.7353 5.59006 -210.905 -1877.81 788.162 -215.48 48.0753 -6.50078 -0.14293 7.33535e-13 -2.96402 0.297163 1.3726 0.00689031 0.417317 1.21352e-05 -0.957957 -0.182997 -0.921152
4.65181 -0.39706 0.112883 52.882 -8.1035 0.298082 -0.250594 0.0135047 906.302 -173.895 18.4778 -0.523303 0.863958 -0.0546092 0.00170428 20458.6 -4446.29 682.406 -43.8285 2.80618 -3.00506 -3.56227 -24.5063 7.01639 -9.41831 -89.5642 26.8954 -2.13694 1.27182 -32.8217 -320.059 102.126 -17.6107 3.23763 -0.35978 -0.274594 1.42646e-11 1.56626 0.33344 1.48278 0.0412408 0.438753 0.000261041 -0.87959 -0.901195 -0.959037
7.98029 -3.64514 1.27311 122.142 -55.1749 21.7899 -6.96188 1.62113 2610.3 -1172.09 478.35 -171.291 70.0559 -11.8207 2.06467 70614.9 -31583 13102.1 -5402.56 1641.68 -462.658 -14.6976 -52.3711 38.543 -57.6066 -230.91 171.989 -82.9507 31.8633 -216.851 -982.122 689.638 -343.751 171.448 -55.6783 18.8926 1.02581e-11 -2.42281 1.1283 1.45269 0.00779699 0.530123 3.57884e-05 -0.882743 -0.225629 -0.940247
10.7894 5.27707 3.50824 202.947 77.1165 34.482 17.1071 12.3085 5173.68 1656.3 644.107 273.697 334.047 55.0859 43.1865 164235 46039.4 16790.1 9645.15 2805.74 1158.11 15.8903 -84.0378 -50.688 77.8238 -458.98 -237.92 -110.833 -49.323 304.598 -2370.83 -998.638 -419.931 -290.15 -98.7433 -29.5522 8.90605e-12 2.92446 1.87302 1.49565 0.00731871 0.437905 0.00030256 0.485992 -0.170385 -0.886976
4.73475 1.94322 1.50981 54.6746 17.8473 8.91294 2.93568 2.28967 951.143 265.074 132.794 58.0096 38.4183 4.45473 3.48771 21786.4 5386.76 2888.06 1787.37 599.867 197.308 4.4609 -23.8384 -11.7409 17.1483 -87.3513 -39.614 -22.7515 -8.89309 48.1077 -316.161 -117.666 -75.0174 -52.9803 -17.1347 -2.25023 9.98649e-12 1.58363 1.22806 1.49227 0.0410023 0.444184 0.000291758 0.940922 -0.241089 -0.944066
8.23594 -6.18589 4.00016 113.085 -83.1065 55.6887 -32.7466 16.0039 2073.63 -1505.19 1018.38 -629.475 560.983 -163.028 64.0393 46954.5 -33797.8 22964.6 -15966.7 8441.66 -4396.65 -23.4081 -45.6669 57.9989 -86.201 -155.009 214.294 -178.788 117.258 -278.263 -503.822 691.256 -579.08 502.562 -289.664 165.61 1.02575e-11 -2.59295 2 1.22986 0.012793 0.48495 0.000380523 -1 -0.877946 -0.999999
10.8376 3.66775 2.65601 203.18 52.2523 26.5841 15.7124 15.0949 5149.59 1094.21 509.584 245.902 423.809 106.227 123.848 162292 29650.8 13631 6833.84 3172.5 2691.68 10.3731 -85.0349 -33.9616 52.3696 -462.909 -155.301 -86.5214 -44.856 200.969 -2371.27 -634.627 -328.48 -207.769 -117.871 -84.9448 1.02775e-11 2.93881 1.31981 1.48358 0.956099 0.473819 0.000375834 0.489951 -0.84681 -0.911761
7.4827 5.47882 4.52369 108.323 72.6396 51.4142 38.4801 31.111 2195.42 1399.66 928.552 640.387 811.624 346.134 276.469 56404.5 34743.5 22121.5 16731 9846.1 7189.67 16.582 -43.7715 -48.7881 73.2407 -171.645 -195.068 -160.208 -117.969 257.282 -674.341 -709.461 -534.094 -513.662 -330.289 -241.002 7.43295e-13 2.33692 1.97257 1.4218 0.795395 0.440055 0.000305869 0.990181 -0.187136 0.747968
4.56187 -4.10175 3.68969 20.8118 -18.7183 18.772 -15.162 13.655 94.9511 -85.425 129.693 -140.453 229.729 -56.2151 50.6874 433.226 -389.878 953.266 -1399.5 1476.99 -1134.38 -16.263 -7.68209 18.9511 -20.2849 2.20815 12.8838 -26.4507 31.9418 -16.5111 19.7523 -5.4725 -14.1888 51.3321 -65.9252 53.0898 9.5297e-12 -2.13584 1.92013 0.00794538 0.0528385 0.439503 0.000302949 -0.982801 -0.881677 0.981467
10.8515 5.65589 4.89941 204.086 82.7871 49.2882 36.3699 40.2477 5192.12 1776.42 918.391 556.886 1108.61 338.004 442.393 164308 49264 23677.5 16350 8057.88 6876.76 17.189 -82.8683 -54.7429 83.6289 -448.701 -248.158 -155.902 -104.151 326.743 -2309.98 -1035.34 -545.508 -497.559 -305.434 -229.534 1.02775e-11 2.93881 1.99632 1.48827 0.956099 0.473819 0.000375834 0.489951 -0.84681 -0.911761
5.82994 3.11243 3.7168 64.2754 19.5872 8.82508 4.91105 13.8955 985.233 178.841 40.9441 10.4198 130.192 -6.52922 52.2504 19072.2 1923.4 164.486 976.9 -4.92397 -34.4831 8.46931 -26.1608 -15.2344 18.9294 -92.9538 -28.2738 -6.58397 -1.96978 32.2096 -300.959 -47.8692 4.45863 -26.8394 -6.45942 14.2695 1.41334e-14 2.08352 1.92649 1.22021 0.0737701 0.490247 0.000265031 -0.855716 -0.969446 -0.947161
8.94118 3.78082 1.62586 80.0718 33.2765 15.9405 6.04679 2.64404 718.212 293.272 222.408 115.272 87.6766 9.67048 4.30088 6452.27 2588.08 3308.26 2310.34 1155.72 419.707 10.7607 -38.4885 -23.5778 32.9436 -69.6521 -48.2159 -39.3196 -19.3833 53.3062 -72.6611 -55.7051 -87.8002 -71.4077 -34.4636 -9.21732 1.0062e-11 2.98959 1.27505 0.0596176 0.00984029 0.549335 9.11734e-05 0.937217 -0.862278 -0.999349
3.68622 3.28095 3.91614 33.4198 25.7832 20.9572 17.0896 15.3364 457.817 322.17 229.632 163.332 175.605 83.5351 60.0613 8270.33 5449.78 3593.14 3363.15 1534.02 989.687 9.04703 -11.8931 -18.9752 25.2724 -30.7904 -44.9518 -41.5311 -32.0744 58.6339 -84.2764 -109.771 -88.9483 -103.846 -51.6831 -25.6917 1.05283e-11 1.38433 1.97892 1.33036 0.00406108 0.287552 0.000249707 0.5712 -0.90222 0.511734
8.47347 -3.8934 1.50387 136.457 -60.3517 24.1663 -8.32212 2.26278 3059.89 -1325.02 532.697 -193.951 90.062 -16.2337 3.40644 86724.7 -37029.7 14885.8 -6214.53 1878.56 -561.427 -15.5488 -57.9539 41.7923 -62.9062 -270.042 193.243 -92.2691 36.1839 -245.046 -1212.57 806.203 -388.805 196.337 -64.3471 23.1885 7.3766e-13 -2.50651 1.22624 1.48016 0.0139443 0.409483 3.80415e-05 -0.811793 -0.227122 -0.827833
5.64624 -3.18822 1.39961 71.8633 -38.8558 18.5806 -7.23767 1.95899 1342.14 -708.108 342.172 -146.112 65.4678 -14.015 2.74205 32564.7 -16904.1 8184.01 -4065.43 1418.66 -470.911 -13.1312 -30.8167 28.7393 -40.9003 -114.946 105.072 -60.5276 28.1334 -131.31 -430.58 366.889 -216.214 130.527 -48.6658 19.8111 1.98664e-13 -1.85687 1.18304 1.48266 0.00384169 0.409054 4.3662e-05 -0.990371 -0.905749 -0.992567
10.7078 -5.57752 3.66827 197.036 -83.0557 40.4676 -20.2546 13.4676 4891.06 -1793.79 821.576 -390.433 410.853 -73.6083 49.4867 150788 -49787 22750.3 -13779.7 5092.67 -2188.83 -21.3224 -80.2189 56.92 -86.1489 -424.513 257.706 -142.225 73.5104 -331.469 -2114.84 1066.94 -572.203 423.636 -183.35 87.2237 1.02575e-11 -2.92767 1.91507 1.46168 0.0278756 0.587698 0.000100739 -0.93029 -0.136554 0.98864
2.28293 1.06153 0.0343724 15.5952 7.25065 2.32265 0.104842 0.00129758 177.143 82.35 31.1209 7.80754 0.449696 0.00653789 5.31763e-05 2811 1306.64 526.019 169.188 35.6151 2.20874 1.4382 -8.08581 -4.05132 6.30017 -17.527 -12.8763 -4.60016 -0.249887 14.4202 -40.4565 -30.3856 -14.1987 -3.99405 0.418308 -0.684811 2.33412e-13 0.376406 0.183077 1.4633 0.0292432 0.582861 0.000276504 0.993574 -0.141683 0.991655
9.00762 -4.7391 3.40849 152.081 -63.2004 31.3202 -15.7428 11.6178 3560.13 -1267.55 582.997 -279.975 290.058 -52.2604 39.599 105094 -33315.8 15231.7 -9855.66 3459.87 -1496.35 -18.4481 -61.9351 44.5512 -65.8225 -309.837 183.67 -101.814 53.9299 -234.45 -1478.54 716.246 -384.649 303.9 -126.626 62.721 3.96246e-13 -2.59954 1.84621 1.5 0.000261097 0.435875 7.44868e-05 0.999952 -0.14099 -0.879557
2.1468 0.563621 3.91614 13.8262 3.62996 9.04151 6.90263 15.3364 148.41 38.9642 62.3165 45.5245 49.1874 45.4203 60.0613 2230.24 585.541 712.76 480.714 423.792 340.452 -0.268768 -2.42153 -1.86602 2.59357 -8.98239 -3.14667 -10.6339 -8.44182 6.42153 -23.698 -8.19354 -17.7244 -14.0158 -13.6741 -1.81237 1.04164e-11 -0.0181285 1.97892 1.46508 0.00406108 0.554677 0.000249707 0.5712 -0.90222 0.627792
8.015 -5.67215 3.53566 111.171 -75.7095 47.5374 -26.572 12.508 2084.88 -1389.26 869.294 -501.554 419.79 -117.058 44.274 48622.3 -31924 19896.2 -12972.4 6286.2 -3076.15 -21.6468 -45.3232 53.0902 -78.6284 -162.379 199.191 -152.874 94.0746 -256.888 -562.344 663.942 -506.399 409.152 -217.354 118.456 1.11028e-11 -2.52696 1.8802 1.27652 0.0223797 0.438612 9.12411e-05 -0.918457 -0.824976 -0.923479
0.000586832 0.563621 3.91614 8.17107e-07 0.00101583 0.636663 6.90263 15.3364 1.69791e-09 2.37907e-06 0.00234988 1.08102 16.2723 45.4203 60.0613 4.6737e-12 6.95467e-09 8.33128e-06 0.00680977 2.45255 48.0077 -0.268768 5.33146 0.123289 -1.12148 0.278255 3.46896 3.01911 -1.52111 -0.761989 -0.179879 0.335443 1.6402 2.56599 0.841524 7.18351 1.04164e-11 -0.0181285 1.97892 0.0160683 0.00406108 0.287552 0.000249707 0.5712 -0.90222 0.627792
5.64624 -3.18877 1.39961 71.8633 -38.865 18.5875 -7.23995 1.95899 1342.14 -708.303 342.34 -146.203 65.4992 -14.0203 2.74206 32564.7 -16909.2 8188.62 -4068.21 1419.93 -471.334 -13.1331 -30.8166 28.7453 -40.9097 -114.94 105.1 -60.5566 28.1487 -131.346 -430.54 366.991 -216.334 130.614 -48.7042 19.8247 1.98664e-13 -1.85687 1.18304 1.48266 0.00387936 0.438869 3.2661e-05 -0.991456 -0.905749 -0.992567
8.20518 5.88513 3.92635 112.198 76.1394 48.9372 29.0461 15.4173 2048.62 1346.05 847.93 503.841 483.344 137.374 60.542 46187.7 29677.3 18439.1 12315.2 6120.2 3169.33 17.9749 -46.8792 -51.3399 76.8235 -162.692 -193.51 -148.799 -91.3035 247.399 -544.524 -621.767 -465.163 -383.599 -201.267 -98.2201 9.77196e-12 2.58842 1.98148 1.2269 0.00829999 0.583466 0.000381698 0.579285 -0.849833 0.933164
8.61963 -1.31807 0.0178309 121.784 -29.0208 3.3754 -0.0578121 0.000318144 2284.64 -654.177 129.825 -12.6854 0.254302 -0.00164367 5.68008e-06 52750.6 -16818 4212.59 -724.106 62.4828 -1.34717 -6.71975 -54.8592 20.1831 -30.8319 -219.798 98.0791 -20.8369 3.01719 -121.367 -802.646 381.946 -111.067 24.8891 -2.91958 -0.625638 1.02575e-11 -2.6665 0.133522 1.22858 0.00169276 0.414417 9.79576e-05 -0.944478 -0.863777 -0.979588
4.82319 4.00692 3.53807 56.3081 42.2444 30.8131 21.0993 12.542 987.702 696.029 474.132 307.227 250.037 99.3335 44.5452 22780.9 15371.8 10041.9 7883.91 3727.99 2052.11 11.5359 -22.3068 -29.2564 42.1243 -73.346 -98.5816 -83.8804 -56.6133 127.559 -254.868 -315.963 -255.396 -242.989 -117.582 -61.4721 1.42646e-11 1.6113 1.88052 1.49228 0.0412408 0.442728 0.000261021 0.961902 -0.834858 0.99175
9.33262 -5.82197 4.07154 139.323 -86.255 57.5123 -40.7261 30.6117 2738.25 -1687.87 1102.42 -755.661 1039.33 -405.529 317.645 65910.8 -40506.8 26128.1 -18618.6 12253.4 -9964.15 -22.1604 -56.6709 59.0468 -89.4241 -215.785 235.774 -189.431 140.328 -311.941 -776.599 821.371 -622.048 573.495 -431.173 361.842 4.6666e-13 -2.79451 1.7584 1.23423 0.989733 0.574268 0.000395986 -0.996885 -0.863777 -0.819321
2.18606 0.24003 4.02455 14.3363 1.57045 10.3755 1.80634 29.8528 156.695 17.125 78.3879 15.1344 121.17 18.6245 305.437 2397.71 261.435 969.826 278.706 937.369 204.991 -1.37814 -2.48499 -0.165566 0.485189 -8.64725 -1.69279 -11.1487 -1.76166 2.39521 -22.5901 -4.38694 -19.2668 -7.29087 -30.5251 5.38919 1.05392e-11 0.101929 1.74955 1.47501 0.981654 0.409483 0.000291749 -0.811793 -0.227122 0.935195
9.20986 -5.95654 3.73738 146.886 -87.7815 50.567 -27.6516 13.968 3168.13 -1807.73 998.209 -528.562 469.855 -123.488 52.2038 84985.1 -46962.6 25204.6 -15120.1 6472.2 -3038.78 -22.6218 -59.7096 60.1906 -90.9869 -259.247 257.708 -173.681 98.8691 -334.039 -1083.89 990.349 -638.781 471.84 -227.238 118.753 1.98664e-13 -2.70816 1.93323 1.36958 0.000161739 0.58262 0.000264107 -0.665695 -0.184894 -0.77641
8.79314 -6.50728 3.54128 77.3222 -73.5243 53.5528 -29.6104 12.5408 679.955 -789.91 728.516 -524.783 513.936 -128.113 44.4113 5979.61 -8207.13 9203.74 -8290.05 5921.74 -3338.59 -24.5099 -33.6634 53.4173 -76.3914 -31.5718 119.798 -134.747 99.2701 -146.392 57.3791 144.499 -234.29 279.215 -217.147 127.684 1.94796e-12 -2.96531 1.88183 0.00906088 0.00286287 0.505842 0.000277776 -0.954865 -0.806029 -0.899303
5.81754 -4.08022 3.74306 65.2712 -37.2313 24.7773 -15.9787 14.0696 1024.29 -512.302 324.599 -208.823 247.645 -62.7154 53.1072 20365.8 -9251.89 5887.02 -4976.13 2432.56 -1363.64 -16.1892 -25.5952 29.0505 -39.2373 -81.6672 75.2328 -58.8175 43.0182 -95.2111 -252.048 191.645 -145.455 158.612 -93.6486 61.0186 4.22886e-15 -2.06348 1.93368 1.24884 0.0628371 0.428958 3.61751e-05 -0.969695 -0.189417 0.789455
3.96893 1.85829 4.99992 39.5276 11.1005 11.0293 5.44007 42.9976 599.193 103.069 71.1545 27.7813 266.578 -4.28081 498.949 12022.9 1198.19 768.347 1576.96 402.52 132.486 4.16972 -12.9881 -8.52495 10.2414 -52.0323 -15.0356 -7.81927 -5.79547 18.2401 -178.274 -26.6561 -2.04334 -46.8043 -23.2105 13.2205 1.05283e-11 1.40211 2 1.41528 0.99996 0.577339 0.000280861 -1 -0.823553 -0.891872
8.79314 -6.61131 3.67455 77.3222 -74.439 55.1103 -31.1069 13.5024 679.955 -797.954 745.605 -546.071 549.028 -139.341 49.6161 5979.61 -8277.87 9383.84 -8567.61 6223.51 -3580.21 -24.8665 -33.4864 54.0844 -77.3279 -30.2547 120.516 -137.913 103.381 -147.874 61.3578 143.493 -237.014 288.294 -228.69 136.788 1.92058e-12 -2.96531 1.91691 0.00906088 0.00286287 0.505842 0.000277776 -0.954865 -0.806029 -0.899303
1.51062 0.194935 3.98385 6.84588 0.882002 7.81405 1.20435 15.8999 51.707 6.65116 43.5504 8.54812 66.6627 6.51389 63.5731 546.756 70.2187 390.402 126.098 514.434 93.2174 -1.53273 1.07042 0.301664 -0.219594 0.0255958 -0.296282 -6.92066 0.279629 0.464233 -0.117992 -0.659898 -7.07955 -2.8737 -18.4176 10.0503 2.87871e-12 0.0708156 1.99551 1.22703 0.0425518 0.505842 0.000277776 -0.884432 -0.806029 0.991676
10.6924 6.5692 3.98514 199.626 112.412 61.6068 32.3052 15.9394 5053.73 2703.82 1413.91 713.493 612.284 153.713 63.9852 159360 82281.5 41728.8 24009.1 9743.77 4375.77 20.3201 -82.2627 -72.4847 113.957 -426.592 -382.296 -240.575 -125.639 497.719 -2125.11 -1743.09 -1051.07 -730.179 -311.003 -136.772 1.42455e-11 2.90969 1.99537 1.49201 0.0603755 0.280476 0.000249631 0.534828 -0.906119 0.99175
5.74845 -3.24813 1.77412 33.4996 -19.7089 12.1038 -6.17858 3.2974 197.854 -120.889 102.121 -66.9123 70.1995 -12.2454 6.4009 1184.01 -749.574 905.841 -798.258 520.708 -252.888 -13.3366 -16.2971 18.2843 -21.2991 -15.337 22.1665 -20.8305 15.3748 -23.0494 -1.58101 14.4416 -24.1167 30.8268 -24.4395 14.2653 1.41375e-11 -2.39346 1.32396 0.140768 0.14577 0.430711 9.6169e-05 0.586977 -0.824824 -0.745551
9.33262 -6.25441 4.66 139.323 -91.6083 64.575 -48.3002 38.3536 2738.25 -1780.74 1223.29 -880.944 1282.17 -521.596 429.61 65910.8 -42539.7 28751.5 -21589.6 14767.2 -12423 -23.643 -55.8928 62.6641 -94.9045 -209.78 246.453 -209.723 163.671 -329.063 -748.289 850.838 -673.849 661.609 -520.299 451.359 3.31384e-13 -2.79451 1.91315 1.23423 0.999933 0.415654 9.79576e-05 -0.996885 -0.863777 -0.819321
0.00997748 -1.19975 4 9.95517e-05 -0.0319249 2.83888 -12.7988 16 9.93307e-07 -0.000517633 0.136067 -9.96242 54.869 -83.1943 64 9.91267e-09 -7.1514e-06 0.00322902 -0.724243 46.1767 -290.35 -6.31412 5.64037 3.34816 -1.15521 2.10559 -5.04782 2.40382 10.4338 -0.762085 -0.149034 -1.14425 4.7624 -2.55283 -6.93716 31.11 1.05283e-11 -0.0998872 2 0.000193984 0.000312722 0.439372 0.000277838 -0.999949 -0.824038 -0.999998
3.37724 -1.43816 0.954442 11.4197 -11.4729 6.93964 -4.0607 2.7251 38.6615 -61.1649 61.9309 -46.2231 68.9801 -19.0781 12.9344 131.048 -282.811 427.254 -454.28 383.873 -317.742 -7.13145 -6.44951 10.612 -12.8676 -0.540559 11.7565 -11.7516 10.66 -12.0385 10.7894 3.61603 -9.43561 17.7749 -18.1719 14.2751 1.19918e-12 -1.83744 0.249702 0.0321594 0.944506 0.429085 0.000259362 -0.998014 -0.202199 -0.960672
10.8941 -1.8264 0.0921844 204.732 -44.2632 6.10341 -0.344717 0.0091418 5196.73 -1262.43 236.216 -28.8687 1.91088 -0.0516519 0.000968221 163941 -42748.4 9292.72 -1567.42 174.67 -10.6276 -8.46245 -88.1591 29.4539 -46.436 -481.565 182.844 -38.4459 5.72414 -233.506 -2448.44 942.49 -240.337 50.9614 -6.72699 -0.104825 1.03642e-12 -2.94924 0.300702 1.48191 0.0419868 0.417174 3.58063e-05 -0.957957 -0.182997 -0.921152
4.64098 -2.02346 3.57781 52.657 -13.7068 7.30202 -0.553473 12.8007 900.83 -144.382 37.492 2.34448 80.5271 21.9414 45.7986 20300.1 -1915.48 229.947 -1461.75 77.1404 111.314 -9.13806 -19.9414 12.4268 -15.1546 -83.0844 25.0719 -6.92066 2.10914 -27.3805 -313.364 49.5664 -2.42143 43.7212 -10.8306 6.31776 1.02106e-11 -1.56375 1.89151 1.48178 0.000161739 0.582256 0.000268913 0.990903 -0.146223 0.877865
9.51254 -5.21752 3.49678 162.038 -73.6836 37.5091 -19.2023 12.2609 3773.01 -1523.28 728.633 -356.514 349.2 -70.6874 43.1076 109922 -40671.2 19182.4 -11857.9 4505.85 -1973.82 -20.0882 -66.069 51.156 -76.5545 -324.823 219.342 -126.822 67.6565 -281.597 -1520.39 870.111 -484.999 366.594 -161.314 79.643 3.31384e-13 -2.71972 1.86933 1.45454 0.0488706 0.48495 0.000501728 -0.998302 -0.882903 0.731359
10.1464 5.05341 4.06401 183.92 75.8782 44.945 31.2706 30.6185 4553.81 1666.83 896.992 540.065 870.755 287.342 318.761 141016 47274.1 24364.6 15995.7 8530.15 6855.48 15.1236 -75.5022 -49.7021 76.5562 -393.598 -233.215 -152.041 -98.8167 306.538 -1962.62 -990.59 -579.102 -486.782 -299.738 -226.625 1.05811e-11 2.81129 1.754 1.49767 0.993722 0.582766 0.000290139 -0.673156 -0.206816 0.917967
10.5093 0.112559 0.00142926 169.334 1.51156 1.99157 0.00016048 2.07731e-06 3536.87 27.8846 124.885 2.00471 0.0171544 2.32637e-07 3.06896e-09 89655.2 642.248 5026.02 89.6925 24.4967 0.00952031 -1.81514 -74.955 0.834773 0.424897 -338.792 -2.28164 -18.9177 0.691108 4.37888 -1375.44 -11.3824 -128.479 1.0646 -0.28852 -0.718047 1.08008e-13 3 0.0377254 1.22852 0.0024601 0.468984 0.000387475 0.993574 -0.854962 -0.994809
9.20986 -6.06622 4.49789 146.886 -89.203 57.8875 -40.2103 30.3416 3168.13 -1834.51 1118.12 -716.503 936.112 -345.003 263.089 84985.1 -47611.4 27845.7 -19169.8 10777 -7562.28 -22.9978 -58.7593 61.0313 -92.4421 -253.137 256.065 -192.147 134.197 -338.976 -1056.11 979.203 -672.583 589.109 -383.161 283.577 1.98664e-13 -2.70816 1.97373 1.36958 0.776072 0.58262 0.000264107 -0.665695 -0.184894 -0.77641
10.0766 -6.57181 3.6675 157.678 -102.551 60.4655 -31.1813 13.4506 3213.66 -2086.74 1257.59 -689.644 565.922 -140.321 49.3305 79714.1 -51703.7 31553.2 -19283.7 9264.72 -4298.33 -24.7311 -64.7752 69.4238 -106.107 -257.389 298.071 -217.986 125.776 -385.478 -951.927 1081.2 -801.551 603.322 -313.319 158.951 1.02575e-11 -2.92767 1.91507 1.2269 0.00193168 0.473821 0.000100739 -0.93029 -0.849833 -0.999942
9.23041 -1.28729 0.0178309 154.491 -30.5835 3.22994 -0.0561655 0.000318144 3548.51 -815.028 134.803 -11.9225 0.240892 -0.0015947 5.68008e-06 102203 -25612.4 5162.68 -742.159 57.7967 -1.24488 -6.61422 -67.702 20.9835 -32.4317 -333.739 119.51 -21.5058 2.89754 -151.022 -1543.44 570.162 -134.053 25.4827 -2.75642 -0.62879 1.02575e-11 -2.6665 0.133522 1.45609 0.00169276 0.414417 9.79576e-05 -0.882912 -0.229786 -0.979588
