11.25 1.45292 0.0227945 217.687 40.8832 4.0681 0.0787068 0.000519588 5683.91 1251.22 197.027 16.6229 0.371318 0.00283324 1.18438e-05 184348 44559.1 8613.6 1182.69 88.6565 2.07845 2.68052 -96.1271 -22.9631 42.9346 -537.274 -192.285 -31.885 -1.66646 253.924 -3049.22 -1087.92 -243.62 -32.2005 -0.666821 -0.811379 2.21939e-12 3 0.150978 1.5 0.000102017 2.26804e-06 0.239461 0.999983 -0.995539 0.99999
9.01681 6.99999 4.00324 81.9086 81.3528 62.0963 36.068 16.0778 749.539 904.643 870.517 656.603 674.954 177.168 64.7801 6908.96 9793.91 11399 10703 7999.6 4734.13 20.4895 -37.6536 -55.5501 86.5145 -36.3401 -148.884 -165.97 -119.367 183.381 72.8257 -193.728 -320.792 -368.571 -282.549 -154.104 1.12923e-12 3 2 0.129657 0.0569442 3.68079e-07 0.28506 0.999995 -0.800478 0.99999
0.0100558 -1.20055 5 0.00010112 -0.0321841 2.85248 -16.4038 42.9999 1.01685e-06 -0.000525878 0.137308 -10.0765 96.5273 -229.238 498.999 1.02253e-08 -7.32185e-06 0.00328202 -0.732071 47.1029 -390.917 -5.83853 6.95988 3.03731 -1.1255 2.13243 -7.29082 7.34685 11.4517 -0.748271 -0.154741 -1.37023 8.93626 -10.3356 -2.07564 53.6709 1.01705e-12 -0.100279 2 5.38986e-05 1 4.06155e-07 0.284502 -0.999999 -0.996984 -0.999989
9.01947 -6.99997 4.00355 82.0552 -81.4095 62.1097 -36.0744 16.0852 752.882 -906.853 871.553 -656.97 675.25 -177.279 64.8543 6966.23 -9845.66 11434.8 -10721.8 8007.49 -4737.6 -24.4577 -35.9475 57.6534 -88.7573 -32.0864 147.182 -167.233 123.837 -185.327 81.2334 186.311 -319.741 374.513 -304.706 182.109 1.12923e-12 -2.99999 2 0.139798 0.0595842 3.70065e-07 0.259605 -1 -0.997992 -0.999994
11.2432 3.72551 2.31232 217.461 55.2365 23.8664 12.4974 10.2304 5675.8 1199.76 465.918 201.293 295.843 63.9394 63.1548 184019 33663.1 12661.2 5942.93 2271.11 1538.96 9.97672 -93.4336 -35.2288 58.391 -520.273 -186.905 -82.8524 -36.3897 243.449 -2975.37 -813.71 -349.564 -188.468 -87.0281 -47.694 1.54951e-12 2.99894 1.30553 1.49987 0.779683 2.21166e-06 0.276593 0.429698 -0.990288 -0.809103
6.73979 4.27977 3.8287 91.1427 46.0188 27.9231 16.5068 14.6654 1744.76 759.394 429.666 250.144 282.852 63.6901 56.1993 42590.7 16608.8 9357.7 7464.24 3143.16 1613.13 11.7562 -38.1524 -31.5182 48.4649 -150.427 -119.93 -78.5006 -45.5702 153.817 -631.492 -393.248 -260.737 -238.92 -109.862 -44.3756 1.30223e-12 2.17953 1.9566 1.41047 0.0205955 5.4103e-07 0.274247 -0.948268 -0.989644 0.978876
1.19698 -1.97235 3.78219 1.83716 -2.54019 5.2781 -6.90563 14.3552 3.37723 -4.05733 15.069 -31.8337 75.4176 -24.1065 54.6747 7.17202 -7.63723 46.1308 -116.075 217.656 -304.236 -8.31641 3.33159 6.00302 -3.82626 3.44425 -1.04584 -2.08707 10.7637 -1.57399 3.37131 -4.21893 4.56547 6.07212 -15.1312 25.1869 1.11065e-12 -1.05323 1.94393 0.296102 0.0576237 4.44855e-07 0.177643 -0.747848 -0.996638 0.897966
8.65875 -6.39513 3.97639 108.596 -82.2062 55.6976 -32.62 15.9334 1726.4 -1326.22 936.84 -596.104 576.379 -159.517 64.3305 32862.4 -25505.4 18494.9 -13056 7481.62 -4025.1 -22.5159 -45.6389 56.9992 -89.6152 -126.812 208.156 -174.168 112.503 -270.685 -343.401 578.714 -522.379 438.44 -279.13 157.648 1.30223e-12 -2.76161 1.99217 1.01601 0.0875012 3.36468e-07 0.210592 -0.950893 -0.997301 -0.836193
10.5718 6.40395 3.65909 194.333 110.084 59.3226 29.7889 13.4345 4837.35 2635.91 1377.41 682.313 540.832 132.709 49.4926 149869 79513.1 40684.6 22800.7 9242 4008.93 18.5759 -82.4823 -69.9445 117.454 -414.948 -407.376 -244.927 -120.156 535.76 -2189.51 -1886.41 -1153.92 -728.328 -306.791 -127.926 1.14855e-12 2.89745 1.91206 1.47534 0.0558307 5.82563e-07 0.285144 0.821633 -0.806919 0.906074
9.54752 -5.50456 3.83423 165.332 -79.612 41.8631 -22.6505 14.7501 3929.32 -1689.68 811.958 -402.044 414.589 -93.077 56.9298 117104 -46377.8 21335.9 -13228 4910.24 -2236.19 -19.6567 -68.5036 54.018 -86.8217 -339.785 263.296 -147.576 76.9203 -344.662 -1766.46 1106.13 -602.671 428.206 -188.089 93.6237 1.35545e-12 -2.71165 1.95731 1.48138 0.0563763 3.67724e-07 0.285508 0.508277 -0.990766 -0.902347
10.7567 6.55723 3.70152 198.839 114.425 62.1253 31.0775 13.7507 4958.27 2760.01 1465.09 732.08 574.982 140.731 51.2654 153555 83547.2 43650.7 24597.5 10170.3 4420.66 19.0681 -84.3852 -72.5745 122.128 -424.149 -426.287 -260.213 -128.611 561.019 -2230.12 -1979.4 -1237.62 -785.789 -336.485 -141.594 1.35545e-12 2.93438 1.92307 1.46499 0.057787 2.21067e-06 0.276482 0.939565 -0.999107 0.888901
0.0915852 0.40892 3.48345 0.0197639 0.0681455 1.85711 1.31013 12.1428 0.00634968 0.0182978 0.919869 5.96976 34.923 4.16837 42.3569 0.00266986 0.00670618 0.482471 3.324 31.3165 62.1648 -0.671273 4.73536 0.356406 -1.01746 1.2861 0.98999 1.96078 0.522075 -0.74444 0.0432146 1.02553 3.26399 -0.0344266 -2.60357 9.44955 1.35545e-12 0.227946 1.86624 0.199062 0.0244492 3.38388e-07 0.276085 0.868273 -0.997281 -0.901239
5.86151 -0.524671 1.03737 34.4715 -3.29656 7.84018 -1.58854 3.2246 203.398 -20.6879 96.7685 -18.1317 88.1525 -8.01523 16.6872 1204.1 -129.743 1105.41 -233.172 510.953 -220.43 -3.66859 -18.5294 4.29801 -4.64077 -20.3607 4.72275 -18.0704 5.00094 -4.95894 -4.18115 2.01943 -29.8406 10.4678 -23.3336 10.6435 9.85126e-13 -2.42005 0.209179 0.0698278 0.996804 4.06874e-07 0.284502 -0.946233 -0.997067 0.909337
10.2284 3.92582 1.1383 181.969 71.0848 24.0054 6.48463 1.29574 4384.26 1729.11 616.028 190.758 69.6998 9.67622 1.47498 131481 52182.9 19153.7 6810.53 1840.91 448.177 10.6198 -80.2391 -43.9447 75.4574 -401.98 -271.428 -107.821 -31.748 351.192 -2075.26 -1272.88 -554.293 -213.733 -54.15 -12.1766 1.30223e-12 2.84968 1.06691 1.45179 0.00179347 3.46514e-07 0.283854 0.771864 -0.998387 0.999061
10.5317 2.87907 1.0737 179.716 37.434 9.91898 2.72391 1.16737 4055.72 695.427 182.593 49.6222 33.2733 2.56184 1.28492 112389 16462.6 4713.07 1648.38 353.242 85.6993 7.25923 -79.7192 -23.8577 39.2203 -384.613 -111.968 -32.1219 -7.72576 140.798 -1872.81 -411.15 -136.325 -49.0047 -9.45933 -0.212849 1.04881e-12 2.95759 1.03456 1.33579 0.0582179 4.77038e-07 0.285148 0.434806 -0.994993 -0.796274
8.5758 -4.39031 1.75313 128.385 -66.1761 29.8702 -11.0642 3.12244 2606 -1348.28 634.207 -262.779 134.317 -25.7022 5.64784 65885.1 -34171.7 16440.4 -7771.58 2793.99 -930.581 -16.0793 -56.0718 45.1227 -72.3531 -228.549 215.019 -115.442 48.6075 -275.175 -966.986 827.681 -482.165 258.312 -99.1676 37.2735 1.04881e-12 -2.60605 1.32141 1.33579 0.0836623 2.25751e-06 0.261721 -0.989603 -0.995059 -0.903693
11.1689 1.59212 0.0423864 214.956 42.3697 4.78765 0.150316 0.00179661 5585.81 1268.85 212.418 20.7526 0.741777 0.00988226 7.61519e-05 180363 44586.1 8960.89 1324.88 116.444 4.18184 3.12743 -94.9851 -24.021 44.5353 -527.691 -195.461 -34.6502 -2.33999 257.511 -2979.81 -1089.41 -254.123 -36.7537 -1.33279 -0.816449 2.4426e-12 2.98731 0.20588 1.49829 0.000102017 2.31966e-06 0.275767 0.954207 -0.995522 0.999987
8.28266 -5.7447 3.79989 119.92 -77.3686 47.714 -27.6098 14.4857 2355.18 -1457.01 867.084 -491.224 450.89 -127.288 55.3986 57625.7 -34633.2 20118.5 -12916.8 5948.12 -2963.63 -20.4276 -49.7511 53.2442 -84.4059 -189.744 226.871 -159.235 93.4597 -297.305 -769.023 810.027 -571.082 425.957 -222.051 120.042 1.14855e-12 -2.55991 1.94854 1.31511 0.055349 4.20753e-07 0.25656 -0.760364 -0.997249 -0.752834
3.16123 -0.0316381 0.787991 21.6404 -1.42624 3.07321 -0.0953283 1.86001 214.652 -20.6271 30.8644 -3.39626 24.5789 -0.449946 7.30735 2748.22 -317.85 421.585 -77.7161 104.806 -4.47168 -2.0857 -10.6507 2.44363 -2.6267 -21.7722 4.34234 -5.29492 1.85763 -4.94657 -44.9518 8.62085 -11.4924 4.1726 -5.04057 2.10559 1.35545e-12 1.429 0.19297 1.05792 0.86646 3.3351e-07 0.254892 0.297697 -0.99931 -0.912481
9.88751 -2.92153 1.10932 159.96 -37.7881 11.6291 -3.15631 1.28484 3433.99 -696.67 244.522 -78.0289 42.0516 -3.55415 1.54966 90700.8 -16353.7 6797.94 -2674.25 719.649 -183.454 -11.3638 -70.661 27.2475 -41.7832 -323.213 115.234 -44.5024 15.3311 -142.547 -1488.59 410.066 -199.695 90.5268 -28.2094 9.05504 1.14855e-12 -2.85741 1.04739 1.31251 0.110881 6.63804e-07 0.276726 0.938517 -0.995021 -0.795918
8.28752 -1.029 0.857384 104.446 -10.9706 8.9784 -2.34447 2.16185 1701.04 -159.555 182.222 -42.2081 74.1778 -8.88757 8.94619 33559.7 -2886.44 4374.93 -981.18 724.08 -335.956 -5.28777 -48.2094 9.38723 -12.9046 -164.821 27.7282 -32.4921 9.12515 -33.2237 -549.968 71.8256 -125.721 35.7998 -28.9438 13.7092 2.22231e-12 -2.66974 0.383976 1.07704 0.842583 3.79859e-07 0.270661 -0.967433 -0.99798 0.959657
6.84482 -3.73107 3.49583 98.221 -39.7169 20.6485 -11.0974 12.2293 2021.99 -664.793 291.021 -139.243 190.016 -32.0147 42.8107 53451.2 -14955.3 6145.22 -4926.58 1358.02 -612.91 -13.9628 -40.3711 29.3188 -43.8603 -179.453 107.069 -54.5412 29.7218 -136.059 -838.698 365.223 -172.947 160.057 -61.6551 34.6104 1.35545e-12 -2.14494 1.86955 1.49802 0.024622 2.27383e-06 0.240943 0.999983 -0.995086 -0.441995
1.8596 -2.74728 3.52028 8.68019 -12.0146 15.1707 -16.3568 12.4345 61.6777 -82.0313 101.666 -113.887 132.245 -81.3911 44.0705 580.132 -750.689 916.802 -1205.33 1059.96 -936.734 -10.8043 -0.323524 12.5677 -14.0289 5.20895 9.52832 -21.0866 28.4993 -17.4447 14.0501 5.54325 -21.0256 44.0272 -46.5739 50.1243 1.35545e-12 -0.959363 1.87544 0.969137 0.0547123 5.2332e-07 0.276409 -0.991649 -0.996463 -0.904444
5.6912 -4.75894 3.99016 33.3672 -27.6298 24.6052 -19.0903 15.9309 201.277 -165.122 192.751 -183.382 312.403 -76.6241 63.6429 1247.75 -1014.54 1661.76 -2059.18 1947.09 -1409.1 -17.2628 -13.6418 24.5482 -30.8442 -5.08439 27.3356 -40.3891 40.8626 -34.3568 20.3304 7.2159 -33.2281 76.536 -91.723 66.4179 1.35545e-12 -2.37657 1.99739 0.207606 0.0244492 5.48577e-07 0.283159 0.901319 -0.994915 -0.925319
2.03232 1.92532 4.97232 4.74924 0.813725 1.90647 6.3909 42.2493 12.4541 -5.47025 -0.394619 -2.54032 179.485 10.1104 483.379 36.0522 -33.9072 11.7722 -3.61089 -0.592484 143.453 4.19719 2.18638 -3.0471 -0.214574 -1.06703 4.08145 7.68936 -1.59389 -1.86157 -1.44185 1.05124 15.9983 0.454498 -4.75614 11.5732 1.35545e-12 1.39811 1.99879 0.2786 0.988514 3.66789e-07 0.284954 -0.814165 -0.996998 -0.924224
9.0446 4.94259 3.83416 151.567 63.9278 31.9986 17.6005 14.7483 3509.08 1243.96 536.888 253.171 330.426 62.5077 56.9131 102249 31727.1 12771.9 8515.35 2616.68 1195.22 13.8842 -63.9817 -42.3939 67.7503 -312.892 -195.492 -97.3965 -46.6159 252.444 -1603.79 -767.935 -355.675 -269.644 -98.3465 -31.038 1.35545e-12 2.61727 1.95731 1.48138 0.0557024 3.67724e-07 0.285508 0.508277 -0.990766 -0.868706
9.31307 -6.14622 3.59963 143.876 -91.8417 54.2397 -28.7055 13.0064 2963.37 -1855.8 1094.46 -597.275 493.024 -127.5 47.1725 75297.9 -46541.2 27382.2 -16765.2 7778.66 -3632.67 -21.7167 -60.3101 61.8269 -99.9913 -241.739 288.834 -198.933 110.601 -378.474 -1009.03 1090.35 -780.318 550.317 -279.534 140.375 1.08304e-12 -2.76159 1.89637 1.29872 0.0583903 5.60437e-07 0.275533 -0.818672 -0.998379 -0.999764
7.66803 -4.91219 3.98472 59.3379 -28.5476 18.0702 -14.7629 15.9199 463.331 -150.33 72.3447 -46.137 280.766 -39.7609 63.7708 3650.13 -622.6 259.212 -161.645 111.787 -82.541 -17.7548 -25.9411 25.3214 -31.8326 -39.8893 28.3241 -18.2102 17.1245 -31.346 -60.1077 19.4023 10.614 9.1923 -35.8442 20.6537 1.35545e-12 -2.76594 1.99552 0.132661 0.0512778 4.75164e-07 0.27548 0.302819 -0.808549 0.91177
8.8117 -1.81523 0.992942 112.076 -4.83636 -0.0631184 0.0925506 0.994285 1804.31 101.52 -23.2155 4.69714 14.0073 1.99031 1.00396 34750.2 4400.26 -134.389 -125.107 13.8666 -4.45212 -7.81198 -51.4853 7.46365 -6.29892 -183.428 -10.0659 4.11468 0.644624 19.915 -626.726 -102.63 6.85434 6.35656 -3.58287 2.41028 1.01705e-12 -2.78814 0.995408 1.0188 0.0458818 2.26456e-06 0.276559 0.99358 -0.997359 0.92663
10.9161 1.54268 0.0435743 205.956 39.9234 4.49531 0.149841 0.00207213 5251.75 1169.77 193.072 18.8835 0.743491 0.0110496 0.000106447 166494 40291.8 7952.54 1162.5 102.692 3.92492 2.96868 -91.2555 -22.6098 41.901 -497.237 -180.465 -31.4573 -2.04663 237.344 -2756.29 -985.903 -225.756 -31.8875 -0.994156 -0.804667 1.35545e-12 2.95029 0.20632 1.48723 0.031726 4.68949e-07 0.25451 0.956188 -0.995545 0.911759
0.0100558 -0.24344 4.89655 0.00010112 -0.00335967 1.91205 -2.02964 41.4629 1.01685e-06 -4.29521e-05 0.111443 -4.03533 77.201 -23.032 474.6 1.02253e-08 -5.2411e-07 0.00278691 -0.184495 25.8165 -111.663 -2.76569 6.70886 1.31586 -1.09446 1.34037 -0.548688 7.15392 3.03438 -0.748173 -0.161301 -0.465497 7.17574 -0.718221 0.876857 22.827 1.01705e-12 -0.100279 1.97558 5.38986e-05 0.996804 4.06874e-07 0.284502 -0.999999 -0.997067 0.909337
2.03883 0.653023 1.03477 4.18373 -1.9089 -1.23864 -0.968311 1.07842 8.64009 -10.5664 1.00652 1.51101 4.9277 -2.72258 1.13186 17.9564 -35.5535 30.5131 5.4726 0.76355 2.78267 0.112428 -2.41055 1.42645 -3.14645 -3.15738 2.77822 1.84045 1.71398 -2.89883 -0.592071 2.05183 -0.273599 0.56762 0.419335 2.82311 1.35545e-12 1.42672 1.01633 0.05744 0.0430439 2.39608e-07 0.256646 -0.753149 -0.998984 -0.840837
4.87858 3.84265 3.86922 42.4252 27.0494 20.9614 14.9804 15.0699 503.587 279.913 223.276 173.704 234.86 58.7823 59.0787 7473.11 3749.46 3222.88 3201.15 2016.6 1298.24 10.3528 -17.2792 -20.4842 28.0375 -37.6597 -44.583 -42.2318 -32.8114 56.2248 -84.2205 -79.6385 -84.2082 -106.764 -73.4308 -33.7535 1.31064e-12 1.95098 1.96541 1.03549 0.0800184 2.19762e-06 0.288687 -0.981661 -0.990229 0.99801
5.87879 -4.58405 3.49593 35.7508 -28.2392 23.2245 -16.5262 12.2311 224.532 -179.487 189.489 -165.064 252.688 -59.5709 42.8256 1454.21 -1175.45 1675.09 -1899.6 1652.71 -1098.57 -16.7013 -15.4245 24.6515 -31.5005 -8.8541 30.9232 -39.8702 36.5946 -37.2806 15.2563 14.7318 -38.7781 71.3777 -77.5572 52.837 1.35545e-12 -2.41411 1.86956 0.225496 0.0261168 3.31818e-07 0.240872 0.761696 -0.994929 -0.903143
5.22967 4.51721 4.84016 51.4563 40.3104 35.7735 35.0957 39.8168 702.801 520.169 428.104 380.243 684.978 375.416 440.257 12112.2 8621.4 6774.25 6488.42 5060.91 5147.13 12.5185 -19.9978 -29.0427 42.3177 -44.8632 -75.6748 -78.8688 -76.4141 105.126 -114.181 -177.434 -157.866 -211.257 -196.614 -185.159 1.31064e-12 1.97763 1.97556 1.14833 0.968145 2.39096e-06 0.288835 0.311151 -0.990237 0.90941
9.05 5.1751 4.20646 153.066 73.7989 44.6287 30.7231 28.1815 3586.29 1555.78 853.557 517.708 737.829 250.709 248.182 105906 42586 22223.6 15334.1 7769.76 5455.71 14.6307 -64.1156 -48.2156 78.3801 -309.458 -238.242 -152.325 -95.3681 315.911 -1584.63 -997.897 -600.443 -490.122 -281.934 -183.788 2.18528e-12 2.60882 1.87844 1.49802 0.82335 2.27383e-06 0.280913 0.991167 -0.995026 -0.441995
2.03392 1.88546 3.87341 4.76876 0.749225 -0.143039 0.603717 15.0229 12.5682 -5.61073 -4.92841 -4.67155 50.4469 -23.6422 58.3424 36.6125 -34.4408 0.224378 12.592 15.0254 22.7805 4.06919 0.796935 -2.74241 -0.284031 -2.8047 1.52498 4.99666 2.60817 -1.89016 -2.60497 0.789046 5.29725 -0.403904 -1.44062 15.1834 1.35545e-12 1.39811 1.96778 0.281457 0.0356219 3.66789e-07 0.275491 -0.808253 -0.998757 -0.923146
9.37957 -5.36746 4.59678 154.678 -71.3744 44.5286 -31.669 32.5121 3466.51 -1389.49 804.246 -509.275 846.829 -257.052 298.482 96887.4 -34936.6 19926 -14642.2 7784.8 -5697.13 -19.2165 -63.3197 49.1808 -77.9509 -295.845 213.037 -144.121 97.8757 -283.562 -1438.93 810.416 -524.84 468.33 -307.068 223.065 1.35545e-12 -2.71862 1.98225 1.4102 0.816986 3.66789e-07 0.275491 -0.946945 -0.997249 0.990001
8.21315 -3.8904 1.08075 67.9002 -47.0618 21.4524 -6.18814 1.17237 565.01 -513.98 335.963 -149.505 63.3938 -8.86452 1.27649 4731.93 -5316.28 4561.28 -2853.86 1248.47 -374.8 -14.4743 -33.6547 34.0111 -51.7697 -47.4808 91.8392 -64.3191 28.0895 -105.363 -13.038 134.81 -146.407 102.839 -46.9321 15.5456 1.01705e-12 -2.8635 1.0391 0.11635 0.0317607 3.24769e-07 0.259463 -0.835749 -0.998943 -0.994096
2.23654 -1.27279 4.98038 15.0057 -8.52981 14.23 -16.8354 42.4353 167.788 -95.2699 116.134 -123.799 194.969 -231.191 487.037 2626.5 -1489.66 1528.72 -1665.94 1691.18 -1963.12 -6.07046 -1.53594 7.76427 -10.2762 -6.3822 9.63445 -17.0704 29.4934 -20.1392 -18.7257 21.6965 -32.7135 50.6211 -59.1852 103.46 1.12923e-12 -0.136422 1.99965 1.48927 0.990856 5.59872e-07 0.259605 -1 -0.996977 -0.999994
10.1087 2.08587 1.1383 178.29 14.8976 1.98121 0.249416 1.29574 4262.9 69.2008 -13.6981 -4.92851 20.1206 -2.13493 1.47498 126939 -3624.06 -570.205 406.545 1.20035 -3.25598 4.71264 -78.4654 -10.2584 14.9518 -407.691 -14.5744 2.94265 2.12894 13.3368 -2151.25 80.1498 19.3731 -8.04753 0.75476 3.31291 1.30223e-12 2.82991 1.06691 1.44925 0.00179347 3.46514e-07 0.285474 -0.981366 -0.998387 -0.885414
8.83197 -2.09454 1.09502 128.977 -14.6846 2.60817 -0.718941 1.20301 2508.36 -112.302 2.45267 1.20521 17.2234 0.940089 1.32596 60143.8 109.895 -198.378 -202.789 -3.37315 1.96362 -8.7087 -57.7374 13.2718 -16.9041 -244.881 23.9841 -1.36512 1.65654 -23.606 -1041.14 9.4454 6.0184 9.17317 -3.80386 2.67349 1.30223e-12 -2.692 1.046 1.25901 0.0299744 5.49092e-07 0.274449 0.823085 -0.995466 0.619523
7.82911 -6.2507 3.6913 62.3858 -63.2056 49.5316 -29.6303 13.6346 505.735 -617.293 605.986 -468.624 495.229 -133.666 50.3948 4169.05 -5924.99 6986.11 -6693.17 5122.48 -3108.08 -22.0522 -27.4977 46.5198 -69.1543 -16.8691 101.533 -119.165 90.965 -126.391 67.5173 106.275 -194.608 239.605 -203.417 124.833 1.35545e-12 -2.79181 1.92112 0.18685 0.0245184 2.35607e-07 0.282598 -0.990837 -0.999018 -0.783779
8.99694 -6.65198 3.76525 81.1147 -74.94 54.7287 -31.377 14.2254 732.844 -811.715 731.759 -529.785 562.397 -142.462 53.9269 6634.8 -8562.92 9216.33 -8151.94 5863.05 -3415.79 -23.3405 -35.9076 53.5724 -81.7906 -36.5283 133.369 -141.715 101.455 -165.963 51.365 170.445 -259.18 288.368 -231.707 135.769 1.11065e-12 -2.9987 1.9396 0.0686995 0.0566529 3.68077e-07 0.216513 -0.754022 -0.996244 -0.917395
1.72637 -1.35033 3.98758 8.93634 -6.95072 10.1594 -12.6463 15.9551 77.0574 -59.6128 69.2497 -76.6083 81.9911 -79.6564 64.057 929.793 -715.573 738.43 -902.892 737.495 -685.743 -6.3194 0.160454 7.22931 -8.57577 -0.515321 5.96933 -12.4161 20.7887 -12.8816 -0.381528 8.90716 -17.8998 31.5007 -30.0248 43.8996 1.08304e-12 -0.220517 1.99604 1.29528 0.0583903 5.55128e-07 0.284276 -0.820572 -0.998379 -0.999773
10.2919 2.26046 1.35117 162.957 26.5853 12.8465 5.79712 4.53764 3348.95 436.046 222.175 80.5795 130.051 24.2624 23.1136 83589.9 8983.2 5225.4 1756.78 845.35 681.79 5.27314 -72.6524 -16.9289 27.5378 -317.68 -69.3076 -39.7028 -14.2054 88.0038 -1387.51 -219.82 -145.78 -54.91 -33.0167 -20.0738 1.30223e-12 2.96617 0.827845 1.22221 0.815993 2.21166e-06 0.159665 0.429518 -0.999028 -0.819655
3.16103 1.84056 3.81969 21.6365 6.06715 3.30427 -0.137674 14.7845 214.586 25.1905 2.63755 -5.08785 67.3332 -28.281 57.9723 2747.01 32.3093 -48.8244 365.177 14.8066 -56.1494 3.92505 -7.06381 -5.52635 5.44262 -21.7814 -5.60525 1.96763 3.04461 4.37907 -52.3191 -2.71611 7.74131 -10.4791 -3.16299 17.9551 2.30301e-12 1.429 1.95114 1.05783 0.112909 3.3356e-07 0.205667 -0.983435 -0.999274 -0.911779
9.28224 -5.97128 3.5399 146.086 -89.1633 51.2691 -27.1077 12.6822 3087.83 -1828.25 1031.86 -547.671 458.677 -118.501 45.9742 80856.1 -46884.3 26112.2 -15579.1 6904.06 -3192.95 -21.1551 -61.2043 60.0747 -97.1071 -255.404 284.605 -187.56 101.991 -372.867 -1115.91 1103.95 -744.367 510.968 -250.772 125.318 1.14855e-12 -2.73796 1.87862 1.33633 0.103434 2.51117e-07 0.207963 -0.751893 -0.995617 -0.903496
4.38312 4.09373 4.01109 19.6056 17.4067 17.6089 15.8496 16.2665 89.4403 75.4426 103.463 113.428 236.117 61.9579 66.683 415.906 333.067 690.233 975.784 1054.8 886.029 11.1589 -7.87896 -15.75 17.6536 1.03519 -10.9529 -21.287 -23.8206 14.6073 14.7978 3.70725 -6.25464 -35.585 -45.3552 -20.5016 1.14109e-12 2.0882 2 0.150088 0.105296 4.50787e-07 0.284829 0.752591 -0.98883 -0.917949
8.27837 -3.03422 1.08068 71.127 -26.5597 11.3692 -3.41157 1.17192 633.014 -240.436 174.279 -78.9718 41.6302 -3.84335 1.27526 5825.35 -2247.57 2677.9 -1679.24 725.429 -214.459 -11.7256 -35.065 21.3864 -29.6919 -63.1662 45.7257 -33.3148 15.6028 -49.6861 -75.501 57.2589 -83.4158 60.7841 -28.5001 9.95676 1.01705e-12 -2.8635 1.0391 0.280638 0.0306439 3.25127e-07 0.259463 0.867756 -0.99889 -0.985249
8.69809 -4.25952 3.75878 142.935 -47.2457 20.392 -11.0788 14.2848 3264.65 -799.625 237.597 -85.7546 230.087 -23.3566 54.8791 94152.6 -17783.3 3933.01 -3748.45 342.937 -122.012 -15.6594 -59.2163 34.2931 -51.9677 -296.553 129.779 -45.7914 21.3706 -163.502 -1533.75 448.354 -106.828 120.632 -36.7425 19.2688 1.11065e-12 -2.546 1.93607 1.48862 0.102068 5.82523e-07 0.208125 0.720863 -0.99553 0.61854
3.57099 -2.28004 3.86688 30.1643 -13.2083 8.73214 -4.89031 14.9693 379.836 -123.805 53.5041 -22.7739 83.5996 -3.73165 58.0126 6263.95 -1583.34 514.662 -964.744 112.088 -20.1493 -9.30426 -10.2262 12.3087 -15.3143 -32.9693 21.8572 -10.0835 8.30653 -25.9472 -100.548 41.9095 -11.2643 32.1526 -13.1068 14.4172 2.26432e-12 -1.41824 1.96617 1.24883 0.0327076 2.39096e-06 0.288835 0.311151 -0.990237 0.705769
7.78844 -3.76809 1.0201 61.2847 -44.5732 20.686 -5.89277 1.09095 487.121 -470.529 320.509 -145.152 59.943 -8.48996 1.21936 3910.58 -4692.13 4244.48 -2754.83 1227.24 -369.822 -14.0817 -30.7098 32.4566 -49.0899 -39.7866 84.6985 -61.4613 27.2269 -96.5187 -0.73208 118.142 -136.822 99.3449 -45.8164 15.144 1.01705e-12 -2.78718 1.00383 0.141719 0.111432 4.66761e-07 0.259424 -0.968387 -0.999515 -0.972086
8.83262 -4.53077 3.83711 129.609 -43.963 19.6073 -11.761 14.7391 2536.89 -614.066 187.281 -72.3393 251.628 -23.5729 56.676 61276.5 -10822.5 2423.46 -2245.06 243.277 -100.196 -16.5303 -54.2139 32.9933 -48.4328 -232.335 101.992 -37.4087 19.644 -125.734 -1010.41 280.174 -60.2984 74.7455 -36.3033 18.9106 1.12923e-12 -2.68817 1.95859 1.26743 0.0319691 4.09254e-07 0.257368 0.509729 -0.973328 0.958784
10.9956 2.75578 1.009 200.766 36.7791 8.81453 2.29558 1.03346 4888.99 711.279 161.145 39.4437 28.3685 1.85411 1.07413 146904 17640.5 4274.15 1423.35 254.592 57.8465 6.8634 -88.3294 -23.2698 38.515 -461.537 -113.96 -28.1959 -5.93603 144.024 -2445.65 -439.635 -123.151 -41.3302 -6.34334 0.515281 1.54951e-12 2.99973 1.00259 1.41322 0.0617689 2.21166e-06 0.27603 0.305673 -0.998731 -0.809103
8.88439 -5.83768 3.53529 115.113 -73.7443 44.5566 -24.8829 12.5868 1895.87 -1195.66 720.787 -409.392 412.021 -103.703 45.1269 37451.3 -23356.4 14053.4 -8720.18 4362.87 -2193.75 -20.7262 -49.0138 51.5003 -80.5029 -152.51 190.083 -134.97 79.1925 -244.111 -477.244 550.408 -400.992 295.642 -172.881 92.2052 2.18528e-12 -2.79287 1.87857 1.04128 0.0791441 2.27383e-06 0.276644 -0.740155 -0.99507 -0.441995
3.31035 -1.3132 3.97522 29.3845 -6.98869 6.114 2.53661 15.8544 407.702 -56.5429 24.2084 15.4874 68.7184 41.0537 63.4393 7593.49 -533.157 115.32 -936.216 148.067 203.868 -6.20018 -9.58816 7.18516 -8.61667 -37.4724 13.0807 -3.97472 -1.54546 -12.2568 -129.956 19.2154 0.645207 29.5662 -10.9815 3.07518 1.12283e-12 -1.14941 1.99297 1.41039 0.0572205 3.7138e-07 0.28375 0.959946 -0.990729 0.995133
7.40625 -2.55687 1.092 97.7348 -27.949 10.1946 -2.9923 1.25198 1760.2 -446.538 186.429 -68.7989 35.2005 -3.6565 1.50203 39629.4 -9206.46 4429.84 -2038.35 635.557 -178.459 -10.193 -44.0727 21.2753 -31.188 -166.416 75.3605 -34.4567 13.7938 -91.6357 -642.781 231.081 -131.765 70.0689 -24.6913 8.84827 1.1396e-12 -2.40422 1.03841 1.27514 0.117099 2.37835e-07 0.25945 0.804945 -0.99899 -0.925582
8.78437 -6.79764 3.83479 77.1652 -77.2817 58.8767 -33.8341 14.8338 677.848 -833.201 808.751 -609.684 615.773 -160.918 57.8745 5954.47 -8674.84 10282.8 -9744.48 7289.03 -4286.57 -23.8081 -34.0403 55.0881 -84.3122 -27.2378 136.098 -155.877 115.245 -170.336 84.1332 161.929 -289.028 342.067 -278.095 165.476 1.01705e-12 -2.96384 1.95612 5.38986e-05 0.0914796 4.06155e-07 0.284502 -0.999999 -0.997999 -0.999989
3.83377 3.58281 3.53508 15.4723 13.5649 13.915 12.213 12.5887 65.4924 53.9819 78.669 87.403 165.887 41.8788 45.1551 289.844 224.994 505.02 722.121 778.411 642.725 9.5186 -6.15923 -12.6671 13.5167 1.2091 -7.76356 -16.0577 -17.906 10.2392 11.7524 3.92733 -5.35324 -26.3716 -31.9349 -12.6285 2.18528e-12 1.94497 1.87845 0.225496 0.0806389 3.31818e-07 0.276573 0.761696 -0.994913 -0.903143
8.01563 -3.27676 2.36899 98.7518 -32.5547 19.1483 -12.0976 11.3315 1578.55 -447.505 277.026 -158.507 269.396 -69.0777 76.8737 30640.1 -7709.41 5320.4 -3182.47 1854.94 -1516.03 -12.5042 -43.525 24.8318 -36.1476 -143.755 73.0712 -51.4866 32.72 -91.8325 -473.845 183.443 -142.181 108.143 -82.167 62.9403 2.26497e-12 -2.61832 1.28804 1.07704 0.842583 3.75958e-07 0.276559 0.942095 -0.998122 -0.750614
7.48807 -5.12611 3.53534 56.4544 -38.333 27.9415 -18.0703 12.5458 428.503 -288.606 273.091 -213.195 316.286 -63.9402 44.6883 3274.23 -2187.53 2928.69 -2976.12 2323.05 -1401.49 -18.4416 -25.1634 31.0772 -42.37 -27.5704 50.2297 -55.6138 44.9365 -59.4905 -1.02417 38.3146 -74.012 107.931 -103.694 63.0163 1.11065e-12 -2.73409 1.87936 0.11316 0.057787 2.25628e-06 0.212168 0.939565 -0.996815 -0.915091
10.5953 6.37373 3.65913 195.821 109.574 58.6336 29.4582 13.4355 4905.93 2632.18 1358.96 668.187 533.946 130.693 49.5019 153065 79779.3 40201.3 22390.8 8952.87 3874.32 18.4789 -83.0707 -69.6144 116.905 -421.7 -406.734 -241.643 -117.773 535.002 -2246.28 -1894.05 -1139.96 -714.952 -297.866 -123.466 1.14855e-12 2.89745 1.91206 1.48326 0.0562416 5.50084e-07 0.284787 0.821633 -0.807289 0.845654
8.5758 -1.53641 0.0522649 128.385 -31.5171 4.47737 -0.180493 0.00294912 2606 -734.512 153.363 -18.8623 0.894019 -0.015833 0.000178238 65885.1 -20163.5 5035.67 -930.165 103.094 -4.78628 -6.91681 -58.5753 21.5526 -35.0303 -250.886 119.127 -26.2333 4.03726 -150.249 -1092.01 507.225 -148.617 32.8032 -4.60665 -0.499337 1.04881e-12 -2.60605 0.226305 1.33579 0.0324184 2.25751e-06 0.25457 -0.989603 -0.995059 -0.903693
11.0791 5.78634 3.66871 208.962 90.244 43.9221 21.7579 13.5076 5300.26 2023.89 929.651 438.739 440.431 82.0583 49.9097 166677 58065.3 26478.3 15589.3 5833.49 2480.78 16.5931 -88.5632 -58.1091 96.0891 -470.4 -315.332 -165.863 -77.8467 411.19 -2579.1 -1391.62 -744.85 -494.719 -200.301 -74.3316 1.12278e-12 2.98731 1.91453 1.46802 0.0572925 4.12725e-07 0.194143 -0.863891 -0.798387 0.997993
3.77236 1.19484 1.07215 34.7875 7.72217 3.27864 0.720594 1.15737 483.682 81.2772 32.2053 10.4561 10.6494 0.172829 1.25782 8858.45 1173.67 519.636 325.878 72.2546 14.2876 1.85195 -16.1886 -4.76246 7.22484 -48.1786 -13.7379 -5.3526 -0.551626 15.7948 -151.723 -30.1176 -15.0337 -8.71567 -1.37366 2.28583 2.23423e-12 1.40998 1.03456 1.33579 0.0428381 2.26813e-06 0.257015 0.29937 -0.999014 -0.827102
2.85963 3.3105 4.56845 18.3157 19.2637 21.694 25.6359 33.6066 171.789 170.762 179.167 194.817 348.297 255.927 326.231 2091.08 2000.24 2012.82 2448.39 2227.08 2497.65 8.64433 -4.66978 -15.443 19.6534 -2.14659 -21.0296 -33.1428 -42.2779 34.0085 3.84907 -29.2864 -38.7649 -78.6062 -86.3921 -89.7139 2.30301e-12 1.3278 1.95147 1.04717 0.871894 3.3351e-07 0.261538 0.455273 -0.996733 0.983388
7.4776 -3.57567 0.998874 56.9823 -39.8509 18.339 -5.35547 1.04027 442.29 -403.583 265.663 -119.47 51.5606 -7.43269 1.12676 3495.01 -3907.79 3355.5 -2112.2 934.923 -286.656 -13.4639 -28.7422 29.5611 -44.0046 -36.9151 73.428 -51.5312 22.919 -82.8927 -6.38203 99.6625 -109.047 77.695 -36.3213 12.3333 1.11065e-12 -2.72797 0.99407 0.189173 0.103434 5.57949e-07 0.276397 -0.80605 -0.995426 -0.9217
10.5361 0.848969 0.077022 193.113 13.4999 2.76461 0.0750497 0.00625397 4793.81 307.044 132.812 14.9757 1.04542 0.00687128 0.000533254 148125 8909.98 5707.87 764.359 84.2402 4.15356 0.741517 -85.7908 -7.08306 13.4467 -455.82 -47.2904 -21.2642 -1.37891 61.747 -2464.53 -216.923 -162.293 -20.0536 -1.30016 -0.705158 1.35545e-12 2.89206 0.275629 1.4738 0.0324184 2.94476e-06 0.254258 0.995882 -0.79361 -0.892211
10.2919 2.26487 0.69048 162.957 26.7214 6.09767 1.32586 0.490943 3348.95 439.637 116.134 28.3514 14.6996 0.772978 0.359006 83589.9 9086.53 3062.96 908.973 182.203 36.986 5.2873 -73.4857 -16.8914 27.6843 -323.362 -71.6469 -19.8705 -3.83138 88.7348 -1414.42 -229.436 -88.699 -25.4723 -3.64066 0.194948 1.30223e-12 2.96617 0.827845 1.22221 0.0717865 2.21166e-06 0.155396 0.438334 -0.999071 -0.819655
8.99794 6.00968 3.97313 81.701 55.0314 38.3948 24.2257 15.8314 748.515 508.35 433.493 319.422 474.814 97.9183 63.2637 6918.48 4736.53 5291.68 4958.87 3693.26 2177.27 17.3101 -37.4645 -39.5328 58.1701 -55.3993 -85.5068 -84.2167 -60.4244 102.72 -36.0624 -97.69 -136.169 -170.401 -141.328 -65.1953 1.1396e-12 2.99623 1.99255 0.143289 0.0535888 2.28598e-06 0.285171 0.960828 -0.796605 -0.881757
4.9004 0.681057 1.50937 48.5152 -1.02086 3.15252 0.657339 5.69661 681.347 -72.7331 30.3013 -3.52011 62.1691 -2.58407 32.6822 12215.2 -1983.98 587.928 -64.0033 64.17 71.334 0.202432 -22.1853 0.810408 -2.19016 -68.5206 12.0692 -4.36486 1.65886 -15.5521 -212.514 50.5969 -12.5077 3.82682 -6.05361 2.61705 1.30223e-12 1.85196 0.868514 1.2127 0.868939 2.21123e-06 0.288875 -0.963307 -0.785813 -0.891485
7.32292 -5.27941 3.7651 53.7094 -39.1559 29.641 -20.1492 14.2227 394.545 -290.817 273.634 -219.58 349.148 -77.1396 53.9029 2902.83 -2163 2723.37 -2808.97 2275.67 -1446.47 -18.9338 -23.6084 31.7568 -43.2562 -22.4904 49.8481 -56.2443 47.0521 -59.9406 6.49679 36.9006 -65.6894 102.778 -105.621 66.7454 1.14855e-12 -2.70556 1.93959 0.0536354 0.0557249 2.67743e-07 0.170757 0.80521 -0.99687 -0.868706
8.51725 -5.35716 3.90945 126.213 -67.3811 38.7634 -22.6552 15.3066 2533.13 -1220.13 652.082 -355.246 395.821 -95.4026 60.0185 63285.1 -28283.7 14624.7 -9722.32 4134.78 -2049.92 -19.1834 -52.3371 47.1276 -73.6507 -214.293 191.794 -120.538 69.6091 -249.092 -919.855 671.807 -411.622 319.75 -163.72 88.2916 2.30301e-12 -2.60016 1.97686 1.3253 0.0381766 2.24348e-06 0.280948 0.45752 -0.998873 -0.89151
8.46199 5.88799 4.33573 125.793 82.5775 55.7805 38.8136 28.0119 2540.66 1613.12 1046.65 693.431 853.751 325.33 232.039 63985.9 39710.9 25100.9 17954.3 10548.5 7335.71 16.9194 -52.9888 -54.2685 87.8333 -204.696 -247.207 -188.907 -127.013 327.583 -845.225 -913.427 -684.736 -581.166 -372.203 -250.422 1.35545e-12 2.58296 1.94093 1.33802 0.754004 2.29253e-06 0.276391 0.979341 -0.990894 0.769957
9.01681 6.69619 3.60978 81.9086 78.6032 57.3333 31.4436 13.0968 749.539 879.574 816.293 588.034 562.174 140.464 47.7571 6908.96 9563.67 10803.3 9770.39 6972.11 3903.42 19.5142 -38.1112 -53.4456 83.5537 -40.2704 -146.025 -155.282 -106.273 178.279 59.2046 -196.541 -309.708 -335.509 -243.071 -125.609 1.12923e-12 3 1.89873 0.129657 0.067789 3.68079e-07 0.285081 0.999995 -0.800478 0.99999
10.9425 6.23589 4.17751 208.081 107.862 61.5361 38.3828 26.8706 5357.22 2625.45 1392.61 790.09 953.384 312.139 224.405 171650 80889.1 40927.3 24959.9 12396.1 7911.15 18.0364 -87.4734 -68.5338 115.061 -460.619 -400.906 -246.647 -141.937 533.632 -2543.32 -1900.16 -1126.27 -797.467 -434.608 -267.814 1.54951e-12 2.94836 1.88934 1.49987 0.779683 2.21557e-06 0.276595 0.429698 -0.990145 0.901168
5.32856 3.47413 4.59475 61.6541 31.4303 25.7422 22.5799 37.4033 1034.54 447.891 331.269 259.269 520.442 215.912 414.799 22416.4 8588.72 6217.59 5946.69 3760.27 3510.98 9.16967 -24.1563 -22.319 32.7551 -83.8256 -66.7639 -58.4182 -50.9546 90.4147 -311.941 -188.424 -148.526 -190.576 -145.15 -117.671 1.30223e-12 1.85196 1.89758 1.37797 0.99696 2.32608e-06 0.288875 -0.993938 -0.791216 0.913707
11.25 0.375646 0.0227954 217.687 4.52522 1.50179 0.00504019 0.000519717 5683.91 78.6774 94.064 4.67347 0.198314 3.45952e-05 1.18511e-05 184348 1697.13 4502.24 188.223 17.6678 0.207669 -0.7781 -95.9913 -1.36931 3.78217 -538.414 -10.9735 -14.6407 0.242018 15.2657 -3069.38 -38.4652 -127.351 -1.96623 0.143323 -0.75204 2.21939e-12 3 0.150978 1.5 0.000975564 2.25722e-06 0.276141 0.751392 -0.995539 -0.90597
8.28303 -4.04489 4.21375 104.351 -29.3419 17.7097 -16.1241 28.7138 1698.97 -270.972 126.641 -75.8764 493.931 -86.8551 258.589 33510 -2518.1 1236.84 -1203.03 335.75 -823.719 -14.9704 -43.5572 24.1468 -32.6879 -156.758 45.071 -23.9774 21.9402 -55.9014 -562.633 67.2666 -1.0702 38.545 -57.7249 49.9056 2.26497e-12 -2.6689 1.87185 1.07704 0.842583 3.79859e-07 0.276561 0.942095 -0.99798 0.959657
0.00952109 -1.10529 3.91293 0.000216466 -0.0300613 2.44241 -11.8577 15.5437 7.36006e-06 -0.00111618 0.126628 -8.09001 48.5132 -77.0265 62.6637 3.28269e-07 -5.2531e-05 0.00691348 -0.66745 35.6969 -243.587 -5.53269 5.57836 3.06039 -1.12321 1.78732 -5.14994 2.53907 9.63708 -0.748391 -0.157446 -1.07265 4.66875 -2.62437 -6.28474 29.376 1.01705e-12 -0.0725757 1.97434 0.0652216 0.122055 3.71115e-07 0.276395 -0.999943 -0.997975 -0.924061
8.5175 -0.884563 0.0526714 126.226 -14.6462 2.03165 -0.0795019 0.00307709 2533.61 -310.917 68.6992 -8.33113 0.440804 -0.00655748 0.00019661 63303 -8050.02 2251.72 -401.973 43.562 -2.08979 -4.82403 -57.7671 11.2588 -16.8628 -246.721 52.0647 -11.3482 2.33668 -64.0317 -1072.68 205.596 -66.321 15.9499 -2.08664 -0.584108 1.35545e-12 -2.60016 0.226305 1.32539 0.0381766 2.24348e-06 0.254247 0.299944 -0.998873 -0.892211
8.96355 -0.804971 0.0522649 148.787 -13.6355 1.98546 -0.0658071 0.00294912 3411.61 -316.04 75.5698 -8.52653 0.450927 -0.00504745 0.000178238 98444.5 -9183.76 2833.57 -440.001 44.3979 -2.04045 -4.5685 -66.8709 10.5691 -15.7743 -326.988 52.3881 -12.3822 2.35991 -65.0744 -1650.02 231.924 -82.3214 17.2168 -2.01831 -0.587129 1.35545e-12 -2.60605 0.226305 1.4738 0.0324184 2.24348e-06 0.254258 0.461792 -0.79361 -0.892211
10.1843 3.6372 1.08608 168.163 60.2026 19.4994 5.39245 1.23871 3673 1316.73 443.271 134.535 56.3594 7.79064 1.47866 98523.9 35352.3 12193.8 4208.26 1133.56 285.442 9.6932 -74.9929 -37.5331 63.7388 -341.751 -208.886 -78.2101 -22.4037 267.257 -1579.54 -871.458 -355.465 -131.929 -32.9656 -7.01724 1.1396e-12 2.90785 1.03556 1.31479 0.117046 2.24067e-06 0.285119 0.385824 -0.99899 0.866067
9.05593 3.001 1.0968 153.388 44.3406 14.0842 3.88122 1.20298 3599.91 958.593 313.838 97.202 41.7008 4.90373 1.31943 106502 26767.5 9168.18 3552.16 923.966 227.248 7.65068 -67.8901 -27.8148 46.6577 -335.568 -151.94 -55.0605 -15.7654 194.362 -1728.2 -656.817 -265.543 -109.784 -26.4274 -4.84768 2.18528e-12 2.60882 1.04728 1.5 0.000102017 2.26799e-06 0.276644 0.999983 -0.995078 -0.462323
7.25304 -2.24346 1.21381 52.7856 -5.84524 1.31113 -0.977419 1.47771 385.459 33.3435 -14.0393 5.03598 19.0793 0.935368 1.80427 2824.23 797.62 -51.0074 -10.3928 6.25363 -1.74379 -9.18683 -26.7693 8.74076 -7.38533 -46.237 -0.850063 1.93296 1.23924 6.03852 -66.4283 -18.101 4.21408 2.51571 -4.4541 3.20881 1.12923e-12 -2.692 1.10132 0.0785543 0.0299744 2.43716e-07 0.206014 0.823085 -0.99609 0.619523
6.02785 -1.50113 1.03744 36.335 -20.9543 10.2331 -4.62708 3.22505 219.022 -198.076 132.71 -79.7447 105.999 -23.7556 16.6907 1320.24 -1626.57 1511.63 -1144.53 774.694 -577.779 -6.80354 -19.3206 15.602 -23.6557 -19.6893 36.3114 -25.1895 16.2283 -41.0642 3.27207 39.4707 -42.7242 42.7156 -33.9962 23.5775 9.85126e-13 -2.45517 0.209179 0.00111963 0.99684 4.06874e-07 0.284502 -0.999873 -0.997067 -0.97525
7.66803 -5.54907 4.00054 59.3379 -43.0308 32.8126 -22.3774 16.0464 463.331 -336.691 323.062 -261.91 413.311 -90.4712 64.5314 3650.13 -2657.81 3462.29 -3618.96 2950.62 -1877.31 -19.7996 -25.8408 34.2947 -47.4289 -27.0792 56.9482 -65.3795 54.8661 -69.2776 4.40497 44.8801 -83.8635 129.936 -131.464 82.6946 1.01705e-12 -2.76594 1.99948 0.132661 0.0512778 3.66789e-07 0.27548 -0.946945 -0.802006 0.909687
8.35177 6.18318 4.49 105.813 79.9255 59.5911 43.8679 31.9012 1730.82 1322.65 1000.67 749.549 1030.81 408.412 297.248 34277.1 26403.6 20172.5 16081.2 11488 9130.93 17.8671 -45.1378 -53.3946 84.9776 -127.675 -203.115 -183.13 -138.554 268.461 -362.397 -584.544 -534.742 -528.792 -414.789 -315.339 2.26497e-12 2.68175 1.94426 1.07704 0.842527 3.79859e-07 0.276561 0.980167 -0.99798 0.95816
3.80954 2.67616 3.63773 35.4138 19.6756 15.3071 9.53335 13.2825 496.052 234.168 164.587 111.986 140.603 34.0723 48.6791 9149.64 3815.84 2661.28 2813 1319.48 752.095 6.60777 -13.4254 -14.355 20.0969 -39.6099 -37.1771 -30.4176 -20.3382 46.9139 -123.991 -86.681 -72.3278 -90.4166 -46.3238 -14.8509 1.30223e-12 1.41966 1.90639 1.33944 0.0583242 3.12015e-07 0.261116 -0.972293 -0.992658 0.911759
9.28078 -5.97128 3.5399 146.005 -89.1372 51.264 -27.1077 12.6822 3084.64 -1826.95 1031.41 -547.553 458.658 -118.501 45.9742 80730.3 -46828.4 26089.6 -15568.3 6901.71 -3192.43 -21.1551 -61.1718 60.0606 -97.079 -255.118 284.411 -187.486 101.972 -372.603 -1113.95 1102.61 -743.73 510.637 -250.703 125.302 1.30223e-12 -2.73796 1.87862 1.33579 0.103434 5.46773e-07 0.276397 -0.751893 -0.995468 -0.903496
9.02566 1.49021 0.0288646 82.3876 31.176 4.18315 0.0996192 0.000833198 760.444 446.381 142.839 16.9193 0.471073 0.00450953 2.40519e-05 7096.03 5613.55 2898.84 814.295 88.6218 2.59803 2.80023 -42.1608 -17.7843 32.4812 -84.7112 -75.3509 -23.3733 -1.72062 90.1074 -112.748 -155.851 -87.6012 -22.0172 -0.62982 -0.808741 2.21939e-12 3 0.169895 0.160189 0.000550209 3.3013e-07 0.239461 0.961054 -0.995539 0.99999
8.4359 6.76879 4.01437 71.7311 73.5927 58.1535 35.0984 16.3512 614.735 765.983 762.301 596.141 639.919 175.235 67.5553 5309.25 7766.03 9341.04 9081.44 7047.09 4347.29 19.7473 -33.0299 -50.941 78.1581 -25.2433 -126.196 -146.78 -109.408 155.159 77.2627 -146.296 -259.574 -315.147 -252.092 -141.639 1.12923e-12 2.90157 1.99991 0.129657 0.121347 3.71064e-07 0.28506 0.931844 -0.851217 0.99999
11.2179 -6.86729 3.83182 215.524 -125.498 68.4539 -34.0574 14.7867 5579.65 -3156.98 1695.22 -851.652 658.672 -161.303 57.4597 179289 -99466.1 52798.2 -29879.4 12519.9 -5439.46 -24.0317 -89.4188 81.2769 -136.235 -469.056 483.951 -300.98 153.23 -643.314 -2564.76 2335.67 -1493.62 960.482 -432.868 201.888 1.12923e-12 -2.99999 1.95577 1.48927 0.082336 5.59872e-07 0.259605 -1 -0.997992 -0.999994
3.61311 2.39195 3.49763 31.1066 15.294 10.8053 6.57888 12.2593 400.22 158.577 90.9366 53.4422 93.1406 16.7946 43.0601 6752.14 2253.47 1203.02 1408.04 454.599 234.173 5.6953 -11.6899 -11.4493 15.3787 -34.0037 -25.7423 -16.5354 -9.65441 31.5284 -100.95 -54.2521 -31.0168 -44.1377 -17.5246 2.75047 1.35545e-12 1.41673 1.8697 1.26728 0.0430321 2.34945e-07 0.276093 0.358704 -0.999122 -0.872507
1.87351 0.866151 0.0248701 3.63681 4.0704 1.69789 0.053936 0.000618553 7.30153 12.6522 14.4958 5.47715 0.194181 0.00214716 1.53851e-05 15.1369 34.9386 66.0515 72.0853 24.6386 0.953309 0.796682 -3.29513 -2.00762 3.2924 -0.58835 -2.95155 -2.00536 0.0918102 1.82704 2.82109 -0.790461 -2.51464 -1.36647 0.513979 -0.76923 2.4426e-12 1.36254 0.157701 0.130358 0.000576703 2.31966e-06 0.275767 0.302566 -0.998969 0.999987
6.56791 -2.44009 1.70769 43.5151 -14.6565 11.6396 -7.44075 6.77981 290.796 -88.0254 120.378 -75.6344 155.439 -36.4706 39.895 1959.86 -527.538 1356.95 -908.884 779.259 -793.402 -9.8181 -21.7531 13.7689 -16.8738 -26.7351 16.6591 -23.538 17.2154 -18.6647 -13.7825 7.43314 -32.8133 34.5531 -39.7425 34.2117 1.35545e-12 -2.55999 0.996083 0.119949 0.84588 2.57935e-07 0.270145 -0.761926 -0.997145 0.981658
8.68262 -4.71745 3.70814 109.84 -41.8896 20.4844 -13.2184 13.9159 1765.59 -500.064 180.978 -81.6103 258.682 -33.5592 52.8417 34032 -7284.45 2112.92 -1426.87 335.398 -171.239 -17.1296 -46.6889 32.2322 -46.2 -161.216 84.31 -37.0077 21.8312 -102.53 -559.015 190.342 -50.6636 51.0237 -40.0096 21.6929 1.08304e-12 -2.76159 1.92275 1.02773 0.105757 5.60327e-07 0.275533 0.302431 -0.998386 0.88235
8.54636 4.82068 3.90169 73.465 25.156 13.2947 11.4605 15.2792 635.151 78.3267 4.27182 -2.79389 262.715 16.1027 60.0531 5522.68 -515.247 -384.415 -178.355 -101.558 -81.2161 13.4928 -33.7213 -21.2288 25.9986 -63.832 -16.1782 -3.03372 -3.34785 15.1943 -115.726 7.22279 34.9092 8.13991 -14.036 14.4003 1.12923e-12 2.92129 1.97436 0.111518 0.0599289 3.74512e-07 0.276395 -0.989699 -0.997994 -0.904289
3.05728 -2.58397 1.84129 9.56177 -12.6793 12.4129 -10.354 7.83356 30.5691 -54.598 74.0501 -80.1242 133.203 -62.9369 49.2954 99.8314 -222.311 391.251 -548.255 637.736 -742.575 -10.28 -4.30322 12.9352 -14.7446 5.27736 9.11307 -16.3385 19.4522 -11.861 15.7934 -3.0939 -4.87507 22.3248 -33.6386 35.8985 1.12923e-12 -1.74346 1.03976 0.132725 0.871894 2.37173e-07 0.261825 -0.738832 -0.99899 -0.803546
10.8962 1.75844 0.078419 205.822 43.3819 5.72157 0.289719 0.00682442 5259.65 1251.36 227.704 26.5316 1.59209 0.0383953 0.000649805 167196 42801.9 9105.26 1489.16 158.157 8.77775 3.6614 -91.1631 -24.8743 45.6253 -496.929 -193.504 -37.505 -3.29866 253.951 -2759 -1047.51 -259.227 -42.1591 -2.40591 -0.849904 1.01705e-12 2.94458 0.276111 1.49185 0.0467105 2.55148e-07 0.288142 0.995003 -0.998736 0.895817
6.97677 -6.01849 4.61126 48.6756 -55.9299 54.2264 -47.0054 37.7087 339.603 -487.471 587.905 -616.951 1133.66 -510.379 420.219 2369.38 -4079.58 5952.57 -7493.46 8352.63 -9502.86 -21.3066 -20.109 42.0029 -61.3193 4.70001 71.4859 -113.559 122.463 -99.9671 98.0765 32.6923 -107.293 253.195 -348.864 369.495 1.01705e-12 -2.64135 1.90033 0.0034979 1 4.11464e-07 0.275758 -0.998099 -0.996984 -0.999981
0.0201671 -0.344318 3.8777 0.00101789 -0.0168663 1.69226 -2.48104 15.2195 7.8123e-05 -0.00127169 0.194584 -4.73851 36.5838 -14.235 60.4483 7.93255e-06 -0.00012759 0.0240981 -0.763352 25.4199 -110.816 -3.08956 5.42432 1.68849 -1.109 1.15556 -0.741155 2.63862 4.21981 -0.748423 -0.140219 -0.571293 3.57723 0.180564 -3.41941 18.4357 1.01705e-12 -0.100279 1.96619 0.100555 0.108677 4.06874e-07 0.284502 -0.999999 -0.997067 0.705696
5.6912 -5.07448 3.99016 33.3672 -33.0173 29.852 -22.8676 15.9309 201.277 -217.766 236.551 -218.178 342.396 -101.759 63.6429 1247.75 -1459.12 1906.68 -2197.38 2044.11 -1499.6 -18.2759 -13.602 28.0289 -36.6458 -0.518812 35.2168 -49.9827 48.2784 -45.0719 31.7026 15.6046 -40.9642 83.0115 -97.9958 71.918 1.35545e-12 -2.37657 1.99739 0.207606 0.0244492 2.39284e-07 0.257552 0.267982 -0.994915 -0.923071
0.0154002 1.02373 3.75579 0.000698032 0.0467846 2.13481 10.7941 14.1561 5.19548e-05 0.00350473 0.190747 6.77002 41.6836 66.8771 53.545 5.34986e-06 0.000362769 0.0211846 0.979031 28.9037 200.66 1.30258 5.10436 -0.788863 -1.04046 1.52622 5.40563 1.99857 -4.51415 -0.747451 -0.141215 1.15159 3.931 2.97469 -1.65421 -0.424998 2.18654e-12 0.0509408 1.93712 0.11316 0.057787 2.27515e-06 0.20611 0.939565 -0.996815 0.910529
10.0233 1.71508 0.078419 179.794 39.5482 5.48529 0.285925 0.00682442 4407.64 1086.67 205.9 25.1001 1.54484 0.0380323 0.000649805 135180 35704.2 7862.99 1337.07 147.989 8.47039 3.5222 -80.2157 -22.7239 41.4969 -418.035 -168.771 -33.9511 -3.07265 220.431 -2233.45 -876.457 -224.519 -37.8162 -2.15913 -0.840166 1.01705e-12 2.79242 0.276111 1.49188 0.0467105 5.62129e-07 0.288142 0.995003 -0.997984 0.89313
3.28271 -3.46335 3.77089 26.5094 -25.4565 23.5104 -20.0602 14.235 323.496 -293.121 255.025 -209.065 205.302 -102.152 53.7946 5205.92 -4530.88 3799.38 -3748.02 2272.56 -1558.92 -13.1033 -8.45273 21.0786 -28.5039 -14.4263 43.4759 -49.4442 45.3624 -60.4095 -29.6429 91.2944 -104.644 127.815 -89.3916 72.9472 1.14855e-12 -1.30604 1.94161 1.25577 0.0319433 3.71757e-07 0.208264 -0.966315 -0.995617 -0.888712
9.17376 5.96115 3.61082 155.309 94.2324 54.0187 28.513 13.1993 3628.17 2116.98 1178.95 618.101 483.306 129.77 48.836 106601 60570.2 33072 19825.3 8418.17 3818.03 17.1543 -65.9694 -60.5695 100.384 -306.284 -327.847 -210.912 -109.454 430.138 -1517.67 -1431.19 -939.61 -634.837 -278.219 -121.779 1.08304e-12 2.6401 1.89727 1.48447 0.105757 5.60327e-07 0.275533 0.990328 -0.998379 0.91402
8.68262 -5.15773 3.6113 109.84 -54.4258 31.0323 -18.1503 13.2028 1765.59 -769.43 432.322 -247.251 333.98 -64.6122 48.8551 34032 -13398.6 7876.3 -5385.14 2683.99 -1376.24 -18.5432 -46.7555 39.8191 -59.6996 -151.99 125.101 -82.2874 50.3131 -157.357 -493.922 321.149 -218.597 182.724 -115.739 62.6009 1.08304e-12 -2.76159 1.8974 1.02773 0.105757 5.60327e-07 0.275533 -0.74981 -0.998379 0.91402
7.47023 -4.66678 3.64391 99.0615 -50.727 29.8369 -17.5755 13.4844 1790.71 -806.984 452.237 -259.29 299.706 -67.1412 50.6564 40439.2 -16578.1 9323.46 -6793.22 3059.1 -1560.63 -16.9669 -41.1726 36.9293 -55.7166 -152.19 128.771 -84.6133 51.8996 -165 -587.425 393.155 -261.507 225.145 -122.55 68.8191 1.1396e-12 -2.41785 1.90519 1.27445 0.119068 3.67331e-07 0.26016 0.804945 -0.99899 -0.925582
10.3186 5.47429 4.18081 183.282 80.8891 46.9957 31.1696 28.0454 4394.09 1723.35 929.481 549.844 829.874 247.646 247.949 130876 47037.7 24760.1 16469.1 8453.95 5921.64 15.5912 -77.2098 -52.5825 86.0152 -384.106 -264.732 -165.508 -100.636 350.02 -1987.05 -1105.43 -666.254 -527.178 -310.029 -198.273 1.35545e-12 2.87234 1.86877 1.43813 0.829775 3.68848e-07 0.282605 -0.772425 -0.990725 0.985535
9.05 5.20601 3.54147 153.066 74.575 39.1121 20.6294 12.6307 3586.29 1577.16 764.826 376.752 352.9 81.3929 45.3625 105906 43279.4 20223.6 12415.5 4639.08 2066.03 14.7299 -64.9576 -48.5709 79.2158 -314.122 -246.055 -137.59 -67.5775 320.264 -1607.23 -1035.51 -572.253 -395.328 -158.421 -61.6788 1.10939e-12 2.60882 1.88022 1.49802 0.0791441 2.25495e-06 0.276644 0.999983 -0.99507 -0.398249
8.90382 -4.454 3.65977 130.656 -43.2016 18.7153 -11.0315 13.4088 2550.47 -600.611 174.395 -64.2548 229.67 -21.1129 49.1827 61341.8 -10504.3 2136.73 -1951.79 166.655 -62.859 -16.2838 -54.9328 32.4754 -47.6128 -234.543 100.145 -35.1484 17.9756 -122.995 -1015.43 273.353 -53.5127 65.578 -31.9777 16.7604 1.14855e-12 -2.70563 1.91279 1.25832 0.0319433 3.71757e-07 0.206724 0.823085 -0.995617 0.619523
10.0863 6.24839 3.78566 174.671 99.785 55.216 29.188 14.4186 4079.37 2221.96 1176.01 599.479 523.912 132.245 55.249 118305 62337.6 32024.1 18461.9 7620.5 3466.91 18.0765 -74.2565 -64.12 106.363 -348.825 -344.745 -210.799 -106.865 451.506 -1719.87 -1481.03 -907.431 -592.717 -258.641 -110.261 1.54951e-12 2.84228 1.94419 1.41693 0.0760106 3.71757e-07 0.276375 0.823085 -0.999885 0.621802
3.16103 3.50968 4.56383 21.6365 21.8864 23.6287 26.7727 33.4065 214.586 205.621 207.703 217.387 382.149 264.185 322.234 2747.01 2537.31 2463.53 2870.01 2535.87 2752.57 9.28382 -6.33627 -17.2187 22.4777 -5.12455 -26.65 -38.695 -46.3949 41.1035 -1.24104 -40.7104 -50.311 -92.8987 -98.3084 -98.6353 2.30301e-12 1.429 1.95271 1.05783 0.86646 3.3351e-07 0.281592 0.455273 -0.996733 0.983271
1.788 0.198215 3.76713 9.59086 1.06282 8.27293 1.55473 14.3522 85.7423 9.49806 52.6217 10.9961 60.0782 9.00169 55.29 1073.15 118.833 544.152 154.823 520.484 117.607 -1.34775 -0.637754 0.147279 0.0536714 -3.2416 -0.724889 -9.28392 -0.360081 1.18505 -7.56912 -1.74973 -13.5124 -3.87558 -19.1048 8.33622 1.30223e-12 0.0470692 1.93815 1.33633 0.103434 5.57949e-07 0.270339 -0.751893 -0.995466 0.965869
8.07064 4.67491 4.00355 65.7635 21.8095 11.6116 10.7495 16.0852 540.969 47.9726 -8.03483 -10.0767 254.875 11.1796 64.8543 4491.71 -672.768 -382.768 -160.844 -89.7697 -78.9784 13.0248 -30.0628 -19.1757 22.3949 -55.07 -10.6908 -0.0753462 -1.82636 9.01608 -98.2325 11.8436 35.1288 7.86968 -13.7422 15.2593 1.12923e-12 2.83746 2 0.139593 0.0595842 3.70075e-07 0.285227 -1 -0.997992 -0.999994
5.65754 4.16923 3.87354 53.9733 32.1459 22.9827 15.8805 15.1034 690.281 356.931 258.206 185.891 259.78 60.8691 59.2754 10925.5 5073.91 3922.97 3569.26 2101.03 1289.57 11.4013 -22.6633 -23.8283 33.5257 -55.0486 -57.3049 -48.7417 -35.1877 71.901 -137.741 -113.302 -103.497 -118.526 -77.7767 -33.682 1.31064e-12 2.14133 1.9665 1.03549 0.0800184 2.27111e-06 0.288835 -0.981661 -0.990159 0.89825
2.10168 1.05295 3.76257 13.2511 6.63838 10.1056 11.1428 14.206 139.248 69.7532 77.5701 77.085 73.9512 69.1834 53.8209 2048.57 1026.11 960.676 930.854 770.559 652.656 1.39641 -2.53061 -4.40573 6.05775 -7.38435 -7.32878 -14.422 -15.6992 13.4493 -19.1011 -16.8386 -25.8134 -30.1485 -26.0335 -14.9052 1.11065e-12 0.0509408 1.93889 1.44882 0.057088 2.25628e-06 0.20611 0.954089 -0.996815 0.954274
3.65197 3.29583 3.64129 32.6834 26.0122 21.2461 16.8322 13.3603 441.404 324.474 239.994 173.828 172.703 79.4848 49.3913 7856 5459.97 3812.34 3494.03 1755.62 1116.59 8.59723 -12.268 -18.8973 26.9206 -29.427 -49.6795 -45.6115 -33.8259 65.2947 -82.8793 -121.742 -106.91 -114.114 -60.7347 -31.1144 1.35545e-12 1.3835 1.90639 1.3183 0.0834599 6.55828e-07 0.26166 0.397651 -0.990037 0.919037
