11.25 1.44564 0.0220674 217.684 40.7684 4.03079 0.0760356 0.00048697 5683.77 1248.59 195.95 16.4105 0.357719 0.00265183 1.07473e-05 184341 44481.2 8577.92 1173.18 87.2379 1.99963 2.73478 -98.3846 -23.8432 43.5591 -558.663 -192.422 -32.1546 -1.62051 255.327 -3049.48 -1090.75 -241.95 -32.5492 -0.649218 -0.847408 3.39685e-10 3 0.148551 1.49998 0.000124402 0.000398144 0.771001 0.999977 -0.513144 0.999997
11.2382 7 4.00322 216.893 128.003 70.9891 36.0676 16.0773 5645.54 3229.97 1757.43 896.964 710.651 177.16 64.7745 182481 102205 54853.2 31565.3 13375.3 5914.65 21.6578 -93.6429 -84.3208 139.253 -499.058 -497.969 -315.576 -158.991 661.741 -2633.37 -2421.22 -1545.73 -1027.11 -452.919 -208.716 7.45598e-15 3 2 1.49607 0.0567405 0.000220062 0.636021 0.999999 -0.501664 1
11.0577 -7 4.65031 204.819 -124.212 77.4217 -49.6565 32.8761 5074.63 -3002.33 1813.47 -1118.56 1312.36 -454.516 300.322 155402 -90393.9 53482 -35233.7 19704.2 -12961.7 -26.0385 -86.0946 84.3686 -137.42 -432.614 455.395 -325.397 205.287 -616.603 -2146.66 2088.29 -1458.2 1148.31 -716.362 516.379 4.19228e-13 -3 2 1.43447 0.806417 0.000230365 0.754447 -0.999999 -0.515678 -1
0.0101732 -1.20172 4.99994 0.000103493 -0.0325716 2.85775 -16.4118 42.9983 1.05285e-06 -0.000538342 0.139012 -10.1031 96.6062 -229.313 498.963 1.07108e-08 -7.58233e-06 0.00336057 -0.741424 47.2619 -391.486 -6.28445 7.14718 3.24864 -1.19854 2.17982 -7.28414 7.49613 11.6421 -0.778181 -0.201762 -1.38167 8.93572 -10.5272 -2.14638 58.6149 3.10977e-10 -0.100862 2 1.04562e-05 0.999971 0.000242755 0.839625 -0.999998 -0.515986 -1
9.36466 -5.84767 3.74558 154.557 -86.9258 48.6223 -26.4086 14.0765 3469.25 -1833.58 970.548 -502.113 455.971 -116.18 53.0789 97158.6 -49165.2 25159.6 -15072.5 6212.25 -2873.34 -22.1126 -65.7701 61.31 -96.5182 -303.803 285.683 -178.942 95.7925 -376.875 -1398.85 1168.15 -712.314 501.877 -236.647 126.369 3.16168e-10 -2.71415 1.93454 1.41353 0.0561229 0.000219886 0.631548 -0.98034 -0.521424 -0.21376
9.3543 -5.38635 3.76712 145.462 -69.0973 37.2294 -20.5394 14.2962 3017.91 -1263.54 644.581 -338.672 390.152 -78.8871 54.6512 77275.1 -29421.6 14978.8 -9763.02 4113.56 -1954.23 -20.541 -62.2681 50.3677 -76.9608 -272.155 200.516 -120.662 66.7801 -259.951 -1159.02 706.705 -420.024 327.08 -167.103 90.5439 1.06766e-11 -2.76587 1.93911 1.30547 0.0835245 0.000221369 0.834762 -0.88776 -0.522708 0.841705
8.57947 -5.56419 3.52695 73.7183 -49.1466 33.6831 -20.4093 12.7217 634.369 -434.392 376.01 -273.278 375.577 -76.4288 46.894 5467.14 -3842.24 4470.61 -4215.09 3091.93 -1765.12 -21.1468 -33.7835 39.4793 -55.0754 -46.4117 74.7727 -76.0261 56.3013 -89.8788 -18.0374 77.3914 -118.614 153.234 -135.818 82.7137 2.77537e-10 -2.92852 1.87267 0.0568593 0.141654 0.000230154 0.751488 0.829665 -0.515669 -0.989738
11.0539 6.08948 4.62789 205.496 94.4866 54.9316 36.7252 32.3516 5116.85 2093.53 1113.06 656.341 1013.78 299.837 291.506 157598 59120.9 30183 20013.6 10077.7 6955.38 18.5558 -88.0699 -63.7939 102.487 -462.556 -321.556 -201.063 -121.724 428.639 -2385.64 -1395.49 -808.32 -653.862 -382.998 -255.978 3.38747e-10 2.99569 1.99844 1.44214 0.796312 0.000229575 0.780361 -0.701312 -0.514157 0.90686
8.3732 2.01702 1.94388 127.531 13.3272 7.59209 4.16913 7.91177 2668.25 81.6789 75.8419 21.7215 132.571 11.6709 46.1788 70040.4 -1267.71 1359.2 542.72 135.266 278.151 4.6814 -57.3687 -9.78164 13.4567 -264.669 -14.3008 -13.3946 -4.03252 15.9756 -1182.25 28.473 -30.0801 -15.3591 -13.0985 -4.101 5.25367e-11 2.53659 1.14389 1.39244 0.797116 0.0002333 0.704043 -0.977606 -0.513491 -0.791544
11.2427 6.94082 4.4703 217.198 127.011 75.8162 46.2852 29.0152 5660.26 3208.27 1845.66 1078.39 1175.52 387.361 238.955 183196 101639 57066.1 35964.8 18668.7 11352.1 21.4562 -93.1564 -83.7373 138.165 -496.183 -489.895 -330.575 -193.591 657.289 -2622.53 -2380.21 -1572.76 -1171.35 -652.7 -417.967 3.40837e-10 3 1.98315 1.49758 0.733071 0.000398325 0.771657 0.999977 -0.513144 0.982732
7.85637 2.16056 1.90416 116.953 17.3666 7.8081 4.22236 6.88329 2422 194.917 76.7914 27.1062 105.127 11.5431 34.6348 63364.6 2278.58 1198.72 759.602 139.874 185.726 5.17042 -52.677 -12.3259 17.8879 -239.971 -32.1696 -13.7978 -4.88083 39.2025 -1068.54 -59.5019 -28.1469 -22.2915 -10.5785 -1.10439 3.11065e-10 2.41664 1.18878 1.41994 0.700692 0.000274216 0.745302 -0.615259 -0.513509 -0.809334
8.95424 5.21247 3.98662 145.988 68.182 37.4005 20.8656 16.1659 3270.59 1323.62 680.262 363.073 412.097 84.9457 66.6507 91942.9 33432.3 17118.4 11928.4 4818.3 2320.94 15.5679 -63.0395 -47.1649 73.6311 -298.265 -207.988 -124.597 -66.3324 270.718 -1399.04 -800.441 -476.072 -388.239 -173.532 -74.4704 3.38424e-10 2.62214 1.99235 1.44175 0.130941 0.000229344 0.775403 -0.998803 -0.516073 0.975312
10.4183 -6.79003 4.00498 184.189 -114.827 66.8666 -35.3977 16.3163 4374.59 -2658.59 1530.74 -822.978 679.791 -177.619 67.589 128736 -76884.5 43881 -26506 11982.1 -5576.61 -25.3231 -78.1436 78.7945 -127.126 -374.868 409.775 -278.031 151.428 -546.098 -1778.92 1803.76 -1236.8 874.976 -430.782 227.642 3.09971e-10 -2.89988 1.99692 1.41738 0.1315 0.000229344 0.774748 -0.998803 -0.51608 -0.999605
9.81912 3.0311 1.4813 169.579 37.1498 10.2951 3.57216 2.27027 3980.56 676.927 142.265 35.8946 46.5435 4.06368 3.59405 116535 16025.6 2789.96 1225.01 141.399 38.8265 8.13627 -76.239 -25.0591 39.5896 -390.058 -109.28 -26.1111 -5.90918 138.07 -1942.3 -403.714 -80.1764 -36.1283 -4.44082 2.83347 3.49883e-10 2.78122 1.21178 1.44359 0.113521 0.000230434 0.775516 -0.553273 -0.514765 -0.124964
7.33681 -2.10631 1.01431 109.7 -23.2398 7.29968 -1.80065 1.02886 2332.9 -400.185 135.634 -42.0597 23.2581 -1.48584 1.04364 63420.7 -9219.78 3632.51 -1524.92 346.652 -83.0571 -9.36626 -49.7966 18.8098 -26.6563 -229.322 67.5905 -25.2025 9.10824 -82.8624 -1046.93 233.606 -106.819 53.3615 -14.9933 5.85173 3.40844e-10 -2.25578 1.00713 1.49942 0.00257792 0.000391262 0.764517 -0.642987 -0.49653 0.974088
8.9333 -0.441769 0.0322269 144.49 -5.34741 1.86064 -0.0123438 0.00103885 3205.7 -97.0042 90.4825 -6.59531 0.334888 -0.000336888 3.34978e-05 89159.5 -2300.92 3590.39 -264.882 29.6588 -0.605312 -3.69538 -66.8057 5.75502 -7.02879 -321.098 17.95 -14.7377 2.07866 -20.6752 -1495.74 61.2709 -103.005 12.1241 -1.18848 -0.722299 3.11865e-10 -2.62472 0.179512 1.42973 0.00147136 0.000230557 0.76202 0.931187 -0.494296 -0.872383
6.02369 -3.13233 4.3801 73.4046 -22.7062 13.5931 -10.1635 27.9162 1269.42 -249.429 101.525 -52.8153 298.787 -34.1455 225.95 28030.1 -3453.44 1128.32 -1965.19 283.5 -284.438 -12.8618 -29.5773 19.8064 -26.0709 -120.219 41.7417 -18.2197 15.5824 -51.9399 -464.024 89.9239 -13.0068 63.5217 -37.8431 30.6593 3.15095e-10 -2.05185 1.96205 1.3467 0.728317 0.000391642 0.764694 0.876475 -0.512844 0.910552
6.97798 2.8492 2.37954 95.8545 32.3668 19.0995 12.2919 12.6157 1853.21 555.625 304.748 171.627 253.869 83.406 97.7831 45547.4 12533.4 6758.87 4045.14 2187.16 1730.92 7.51653 -42.852 -22.1842 34.3427 -174.622 -86.7651 -55.5751 -32.1091 113.19 -712.673 -298.464 -182.842 -132.694 -83.3936 -60.5462 3.11274e-10 2.23855 1.21587 1.40246 0.949319 0.000275469 0.731744 -0.605851 -0.513484 0.860695
11.1941 0.987692 0.0375902 215.525 22.7771 2.40072 0.0677629 0.00141302 5599.39 645.596 107.206 10.2665 0.345484 0.00369881 5.31168e-05 180700 21994.1 4563.63 676.367 57.8866 1.90677 1.17461 -97.3977 -12.8223 23.8231 -551.554 -99.2036 -17.2065 -0.634006 131.644 -3009.26 -538.443 -128.765 -17.1604 -0.322745 -0.790713 3.39869e-10 2.99255 0.193882 1.49624 0.000124402 0.000388089 0.747625 -0.185013 -0.510248 0.999997
10.5224 5.88672 3.65579 195.053 94.785 48.0369 24.4208 13.4405 4916.78 2191.76 1033.99 490.322 449.082 100.445 49.6919 154623 64803.9 29409.5 16651.4 6175.25 2659.84 17.865 -84.5696 -63.3977 102.814 -448.049 -341.021 -187.474 -88.4141 448.787 -2350.79 -1555.71 -829.23 -541.204 -216.541 -89.38 2.84335e-10 2.87747 1.91066 1.49753 0.0719997 0.000227543 0.752894 -0.209045 -0.510276 0.986786
10.388 6.30118 4.49223 188.218 107.143 67.3248 46.2355 35.0698 4622.66 2536.8 1504.11 955.135 1242.99 471.537 370.675 141387 75664.3 43209.3 28840.5 16704.1 12403.9 19.277 -80.7247 -71.3152 116.37 -403.815 -385.998 -270.379 -174.333 519.56 -2017.07 -1760.45 -1169.61 -942.135 -600.236 -464.123 4.83493e-12 2.86905 1.88909 1.46851 0.961025 8.4787e-05 0.825387 0.895217 -0.498001 0.867338
8.41635 -5.794 4.59405 134.96 -84.4691 56.5667 -40.5563 31.9853 3015.74 -1786.17 1113.69 -728.916 911.053 -365.565 287.404 85209.4 -48596 28953 -20776.4 11566.2 -8127.11 -21.9298 -55.8729 59.6616 -93.8233 -251.538 270.725 -202.188 138.724 -367.151 -1158.02 1116.07 -783.116 679.725 -434.592 339.509 3.17714e-10 -2.49534 1.98946 1.47973 0.797564 0.000229213 0.697914 -0.670089 -0.514182 -0.98915
7.68816 -6.11081 3.94373 59.8678 -56.6848 44.761 -28.9386 15.5546 472.073 -516.943 488.784 -384.772 486.927 -133.225 61.3562 3768.5 -4671.65 5170.79 -4894.52 3845.63 -2479.87 -23.0091 -26.6637 44.6876 -63.3446 -18.2651 85.2505 -99.277 78.5533 -106.811 45.0465 84.3479 -136.746 181.739 -170.008 115.648 2.77229e-10 -2.76829 1.98586 0.157334 0.0102042 0.000229377 0.770816 -0.297031 -0.513275 -0.929755
2.31744 0.500954 1.85532 16.0972 3.5496 4.49076 4.24436 3.52945 186.2 41.8231 33.0026 28.2479 21.5675 14.3808 6.87811 3012.93 688.451 407.78 206.652 221.516 144.679 -0.483644 -6.33827 -1.3882 2.73101 -17.4783 -4.88173 -6.18622 -4.92193 7.80051 -47.3591 -14.1348 -11.5248 -6.78244 -7.29063 -0.505095 3.42723e-10 -0.290857 1.35777 1.49427 0.108591 0.000225686 0.756254 0.871602 -0.513225 0.920136
7.05191 1.5718 1.79464 98.4719 7.44806 4.46748 1.78225 6.26331 1938.74 -6.27145 34.7144 5.46077 83.5647 -0.994241 30.6513 48569.8 -2650.05 656.467 378.906 45.1086 84.0128 3.16459 -44.5505 -5.59475 7.00752 -194.941 -0.366055 -5.44931 -0.184743 -2.06444 -828.606 63.4084 -12.3597 -9.65114 -6.62024 3.38681 3.11065e-10 2.24403 1.14176 1.41994 0.700724 0.000274216 0.721983 -0.995358 -0.513484 -0.985361
7.55276 4.04757 4.85266 109.215 39.4784 25.598 21.7542 39.2887 2203.99 590.279 299.11 188.686 615.84 168.795 424.918 56284.9 11629.5 5149.52 4851.83 1783.61 2019.82 11.5993 -45.7289 -28.9227 42.1441 -203.726 -90.7484 -53.4717 -39.9223 120.297 -895.415 -277.738 -107.477 -157.209 -98.8809 -70.453 3.13756e-10 2.35883 1.98986 1.41021 0.945041 0.000230465 0.776817 -0.297031 -0.513275 -0.995312
6.2314 -4.05768 1.56726 38.9467 -37.1555 23.3852 -9.43961 2.55858 244.146 -306.415 276.071 -170.299 102.964 -20.4321 4.34056 1535.03 -2385.91 2823.27 -2438.74 1484.19 -629.888 -16.0144 -20.0169 30.2393 -41.9215 -11.4947 56.4294 -56.3483 33.685 -63.6287 35.5815 50.2865 -90.4266 93.2519 -59.5563 29.0096 1.01543e-11 -2.49534 1.24534 0.0683325 0.128058 0.000215564 0.697914 -0.911132 -0.517352 -0.98915
10.8815 6.54995 4.51035 206.069 112.672 66.2895 42.1105 29.4838 5286.06 2730.22 1491.83 862.185 1043.9 345.451 244.361 168797 83781.3 43592.6 27269.2 13552.3 8552.21 20.1246 -88.2802 -74.9102 122.436 -468.12 -417.572 -268.543 -157.113 559.233 -2471.78 -1971.54 -1195.12 -889.804 -488.872 -316.599 3.1462e-10 2.93865 1.99287 1.4986 0.734047 0.000229588 0.770816 0.685825 -0.513275 0.701386
3.41449 2.33286 2.48108 32.2045 20.4273 15.0219 11.9286 11.6638 481.274 289.858 190.246 132.732 138.777 81.3924 76.2794 9728.32 5637.7 3473.66 2656.93 1533.47 1123.75 5.75744 -13.4178 -14.4877 21.2454 -39.2673 -44.3624 -35.3572 -25.6474 58.6764 -125.872 -129.5 -96.2165 -87.4392 -53.7728 -38.9962 3.06586e-10 1.085 1.35808 1.49575 0.797932 0.000227018 0.776937 0.795182 -0.501752 0.923518
5.69121 4.55372 4.63797 32.3974 25.2392 26.9832 28.8511 36.5568 184.466 139.821 195.417 224.021 675.187 264.346 387.283 1050.57 774.175 1569.65 2106.99 2579.32 3478.31 13.3236 -13.9336 -21.7927 26.5239 -3.03621 -17.8144 -38.2629 -49.2429 27.9014 23.2654 5.19013 0.614173 -74.3711 -128.426 -132.459 3.11312e-10 2.38556 1.93391 0.0181618 0.947602 0.000280142 0.754484 -0.97705 -0.49815 0.857557
9.81156 2.98942 2.39331 169.134 36.0367 18.9166 11.6698 12.9315 3961.36 645.488 289.392 133.108 294.676 73.1344 102.577 115695 15001.1 6233.88 2957.82 1301.76 1485.21 7.99425 -74.8747 -24.5236 38.3686 -380.674 -100.953 -52.8743 -25.6833 131.622 -1891.07 -364.738 -163.419 -96.1964 -60.9472 -50.8556 4.32433e-10 2.78122 1.20753 1.44097 0.967043 0.000230434 0.775516 -0.613025 -0.498052 -0.124964
6.34919 -3.65925 4.39656 85.1964 -35.5934 22.6199 -17.2049 28.3496 1644.1 -546.72 275.138 -165.897 378.088 -109.688 232.896 40794.2 -11312 5014.08 -4714.62 1648.72 -1282.4 -14.657 -34.4726 28.0742 -40.2079 -148.161 85.8805 -50.635 37.2162 -112.919 -631.676 271.537 -124.036 154.026 -86.7072 73.7461 3.15095e-10 -2.05604 1.96205 1.45667 0.739531 0.000392976 0.771631 0.860827 -0.513119 -0.111206
1.94042 -0.250286 4.77666 11.2955 -1.45288 10.8703 -1.9728 36.4495 109.587 -14.0563 72.5992 -14.9762 131.303 -20.17 366.004 1488.43 -190.387 794.764 -269.179 955.809 -209.622 -3.04303 -0.126707 2.30161 -2.75658 -3.64964 2.04368 -10.0165 5.01304 -3.66123 -9.95878 2.9742 -15.4946 9.56387 -34.1101 27.8625 4.74993e-12 -0.100862 2 1.38933 0.881285 0.000244582 0.750047 0.833943 -0.51599 -0.931067
7.20796 -6.27147 3.98647 52.0301 -58.3884 49.9624 -32.2864 15.9059 376.118 -516.638 561.683 -475.093 539.769 -157.89 63.5195 2722.84 -4422.65 5857.62 -6214.14 5210.25 -3435.09 -23.5565 -22.9343 45.9442 -65.2134 -2.98605 84.1193 -113.57 94.6451 -106.749 84.3018 64.3809 -156.015 229.122 -215.925 151.554 3.91922e-12 -2.68428 1.99639 0.0511385 0.0295812 0.000221368 0.728701 -0.895848 -0.525477 -0.929336
11.043 6.26718 4.41986 211.002 104.146 58.9443 36.8837 27.7189 5450.87 2468.76 1283.89 720.838 925.72 278.864 218.448 175104 74560.7 36936.3 23189.1 11006.7 6762.53 19.1612 -90.4786 -69.5449 113.083 -490.152 -378.919 -231.388 -131.897 505.603 -2627.49 -1763.45 -1010.1 -755.671 -402.796 -247.691 2.84335e-10 2.96628 1.98237 1.49804 0.700047 0.000245019 0.752894 -0.219728 -0.510392 0.993554
11.0552 -6.39463 4.3767 204.651 -107.84 63.3782 -40.8018 29.6945 5066.87 -2524.66 1386.95 -817.119 1056.04 -347.088 262.238 155043 -74264.2 39099.4 -24658.4 12934.4 -8663.41 -23.976 -86.4576 74.0336 -119.461 -444.649 385.414 -250.281 152.844 -518.626 -2251.38 1737.05 -1063.84 806.352 -490.78 354.957 4.19228e-13 -3 1.93039 1.43359 0.806417 0.000348135 0.746329 -0.981307 -0.515678 -0.22563
6.37826 -1.85032 2.54145 87.7378 -12.1773 7.33535 -3.4604 12.1685 1746.57 -99.8122 60.5907 -18.0907 138.397 -3.69347 80.9096 44848.3 -190.56 907.274 -922.433 139.495 -157.349 -8.49414 -38.121 11.7921 -14.521 -171.919 19.275 -11.0162 6.40015 -21.2511 -755.211 10.9558 -17.3894 31.2742 -18.5358 15.125 2.96332e-10 -2.03514 1.37785 1.49548 0.801858 0.000225044 0.745631 0.999125 -0.510901 0.908469
7.62631 2.57259 2.39331 104.052 23.9461 14.3018 9.89253 12.9315 1940.03 333.32 171.33 87.1435 225.086 61.0961 102.577 45250.3 6028.81 2928.05 1556.91 756.343 978.113 6.57416 -46.8083 -16.9099 25.1054 -188.559 -52.3828 -31.5173 -17.4573 67.5912 -745.256 -146.512 -71.8609 -50.4483 -38.5599 -32.0157 3.15537e-10 2.43603 1.20753 1.3008 0.967043 0.000230435 0.775516 -0.613025 -0.49826 -0.124964
6.40951 0.281849 0.00519191 41.2041 3.42016 1.37149 0.00320254 5.19286e-05 265.67 32.3603 49.666 3.21717 0.0624723 4.76639e-05 7.26217e-07 1718 275.532 789.682 128.176 15.4818 0.120569 -1.23011 -23.696 -0.554263 2.58902 -34.4761 -4.69582 -7.67165 0.50068 5.85955 -27.4162 -7.37166 -24.7995 -1.49518 0.115916 -0.840598 1.78435e-11 2.53076 0.0616757 0.0690861 0.0372561 0.000229254 0.636482 -0.657838 -0.516284 0.909364
8.13396 -6.65825 4.71723 66.1715 -70.144 62.605 -49.2656 35.3829 538.402 -700.685 769.241 -731.228 1213.49 -481.65 348.662 4381.35 -6759.23 8884.4 -10077.1 10068.8 -9854.55 -24.8742 -28.6103 53.1746 -78.109 -9.90345 107.085 -149.389 143.578 -144.5 104.401 91.2019 -193.464 349.619 -419.928 412.672 3.09766e-10 -2.85196 1.99014 0.0176626 0.869802 0.000241332 0.755022 -0.97705 -0.498208 -0.987852
7.92131 -6.20537 4.67535 63.5669 -59.3551 51.9941 -43.0317 34.4778 516.648 -558.139 567.203 -534.358 1025.69 -400.538 333.048 4251.9 -5201.16 6062.78 -6536.48 6502.29 -6753.54 -23.3313 -27.4402 46.2361 -66.2739 -16.8378 85.3864 -111.633 109.1 -115.261 55.5241 76.397 -118.56 228.141 -295.674 296.464 2.75404e-10 -2.80988 1.98577 0.160977 0.855608 0.000230167 0.775095 -0.298904 -0.513527 -0.952305
11.1297 5.51367 4.62789 213.114 77.9357 41.3173 28.923 32.3516 5506.98 1620.31 687.129 366.601 828.133 209.448 291.506 176772 43578.8 15836.4 10610.6 3826.76 3111.77 16.5941 -91.0422 -53.3617 84.3307 -510.332 -250.315 -125.232 -71.6675 331.573 -2802.72 -1049.48 -405.435 -345.815 -180.606 -113.276 3.39685e-10 2.98364 1.99844 1.4925 0.796312 0.000229618 0.773516 -0.689295 -0.51416 -0.208659
10.5718 -6.48621 3.98647 188.49 -105.587 58.2426 -30.9918 15.9059 4505.5 -2390.31 1257.7 -643.16 586.254 -144.144 63.5195 133284 -68061.1 34764.5 -20237 8418.87 -3850.03 -24.288 -80.0697 73.0066 -116.989 -395.387 370.241 -229.813 120.605 -491.069 -1925.34 1613.75 -980.473 670.071 -315.637 164.262 3.1386e-10 -2.92701 1.99639 1.41578 0.0295812 0.000229377 0.751323 -0.290094 -0.523949 -0.995396
2.39597 0.468469 2.34298 17.1479 3.57191 5.48759 4.85335 12.159 203.768 44.7534 40.0009 32.1553 65.5251 46.7172 92.0777 3378.46 776.19 500.03 248.044 348.853 348.911 -0.594316 -6.21288 -1.43146 2.75548 -18.4502 -5.05318 -6.34787 -6.06267 8.40157 -52.0511 -15.7732 -10.7381 -7.11596 -13.9887 -8.90309 7.45598e-15 -0.438707 1.21158 1.48442 0.935439 0.000220062 0.637259 0.999999 -0.513161 1
7.3398 3.50775 4.51852 109.508 31.5555 17.7256 12.4396 30.471 2322.01 433.069 168.334 83.0274 401.167 49.8675 263.622 62914.2 7581.94 2394.96 3518.16 533.998 516.738 9.76016 -45.9293 -23.3686 33.4528 -220.792 -68.9747 -29.5452 -17.9596 88.0513 -1034.61 -189.509 -41.4417 -111.134 -44.6181 -6.03457 3.67705e-10 2.25929 1.98066 1.49513 0.771694 0.000241483 0.778889 -0.944122 -0.501619 -0.990134
10.2536 -4.97478 2.85721 168.816 -83.5862 45.9068 -27.0595 17.1095 3664.03 -1834.93 993.556 -570.667 657.631 -219.843 146.969 97471.6 -49189 26451 -15631.2 8851.09 -6369.7 -19.1388 -73.6956 57.9476 -92.8548 -327.473 284.269 -180.296 106.377 -377.152 -1407.65 1158.66 -729.948 518.345 -330.764 255.081 3.1544e-10 -2.92598 1.38605 1.30086 0.967512 0.000229461 0.777543 -0.983363 -0.521506 -0.855086
5.94752 -2.92404 1.93441 74.4677 -34.0254 18.2033 -11.0035 7.80559 1339.33 -586.967 289.705 -157.137 161.82 -61.1329 45.1165 30953 -13190.9 6200.15 -3502.07 1727.92 -1123.3 -12.1522 -33.0731 26.2679 -38.4878 -122.281 93.8504 -54.3431 32.3407 -121.174 -462.609 317.89 -175.828 120.698 -70.2265 52.4628 4.81469e-11 -1.99453 1.14355 1.40335 0.791645 0.000393143 0.763794 -0.605851 -0.514427 -0.680552
9.36715 -4.75557 1.92519 154.697 -78.1998 34.9467 -13.0015 3.73058 3475.03 -1752.5 808.101 -330.906 170.472 -32.6466 7.27585 97400.9 -49043.3 22993.7 -10729.5 3776.81 -1252.06 -18.392 -68.3173 54.6681 -86.9461 -316.567 277.123 -147.739 61.155 -360.243 -1444.43 1186.27 -666.802 359.688 -135.14 53.2534 3.16168e-10 -2.71415 1.38638 1.41441 0.0561229 0.000217871 0.631548 -0.999033 -0.521424 -0.986443
11.0577 -1.53911 0.682677 204.819 -41.3419 11.7039 -3.11721 1.39605 5074.63 -1201.41 337.827 -99.8313 72.8942 -10.5139 4.75148 155402 -40436.4 11735.4 -3604.21 1164.15 -451.755 -7.4339 -91.9187 28.0286 -46.5139 -492.519 188.406 -59.6608 18.7687 -247.206 -2529.94 990.214 -335.507 122.343 -43.4072 18.467 1.8645e-12 -3 0.179911 1.43447 0.806417 0.000230771 0.746329 -0.999999 -0.515678 -0.998758
9.68219 4.55382 1.73696 170.751 78.9296 32.5394 11.2945 3.0473 4138.34 1894.83 797.983 300.624 142.722 25.7522 5.39892 125863 57266.3 24369.8 10480.8 3354.12 1028.6 13.324 -76.3825 -51.5717 85.4209 -385.961 -297.425 -142.945 -51.8646 387.882 -1932.12 -1390.71 -701.182 -338.94 -106.319 -32.7243 3.08924e-10 2.72626 1.31628 1.49991 0.0660256 0.000230224 0.770925 0.931187 -0.496163 0.999392
8.52975 -4.83655 3.93427 139.356 -61.3112 32.1273 -17.9702 15.4801 3177.76 -1181.32 542.276 -268.372 334.859 -66.5436 60.916 91706.9 -30003.7 13046.1 -9169.08 3005.94 -1408.56 -18.6679 -58.6956 44.9034 -68.4197 -289.048 186.631 -101.25 54.303 -243.086 -1413.03 724.842 -364.835 302.569 -127.9 71.0699 3.40824e-10 -2.50629 1.98347 1.49942 0.0102272 0.000391262 0.770301 -0.642987 -0.49653 0.912202
7.1974 4.6986 4.8997 100.775 53.6704 38.7028 32.5139 40.053 1978.75 926.285 593.513 428.58 782.743 319.122 437.366 49297 21004.5 12688.1 10634 6237.95 5483.63 13.8172 -42.0265 -38.173 57.7123 -170.512 -140.238 -107.923 -83.6546 189.218 -704.743 -480.835 -319.739 -348.225 -246.151 -206.793 3.11274e-10 2.28616 1.9995 1.40388 0.949574 0.000278223 0.752797 -0.605851 -0.49821 0.860695
0.222004 -0.893615 1.57323 0.0865746 -0.411492 1.51501 -2.56788 2.48096 0.0458681 -0.236277 1.14683 -3.96602 7.55779 -5.88197 3.92172 0.030302 -0.164106 0.919415 -4.42249 14.2255 -24.129 -5.23477 2.37909 3.52773 -1.61421 0.987039 -0.493573 0.198607 3.69189 -0.826534 0.0521768 -0.442703 0.882311 0.99798 -2.17786 6.49517 5.47117e-11 -0.418387 1.25391 0.216696 0.0306184 0.000230435 0.625666 -0.613025 -0.522051 -0.124964
8.62753 -4.84643 1.74921 74.4383 -58.7294 32.1739 -12.0365 3.17636 642.288 -652.674 491.314 -265.154 156.825 -28.3113 5.97582 5542.25 -6890.96 6655.55 -4839.16 2585.43 -1009.55 -18.7015 -36.5107 43.8752 -65.5875 -48.3551 113.932 -95.6131 50.158 -134.652 10.7606 162.952 -206.631 175.673 -98.6038 43.7102 4.40948e-11 -2.93725 1.31623 0.0107422 0.129417 0.000225643 0.708297 -0.972003 -0.516116 -0.988673
7.0273 1.86433 2.31701 97.927 12.634 9.13871 5.43827 12.1119 1924.9 107.837 95.6823 33.1432 169.627 23.6672 92.9298 48156.4 410.679 1663.11 734.074 285.235 463.775 4.1612 -43.6715 -9.17292 12.6964 -189.636 -17.3388 -16.7783 -6.53955 21.3409 -806.735 -10.5259 -36.7528 -22.2844 -20.399 -10.3206 3.06629e-10 2.23855 1.18874 1.41994 0.950738 0.000275468 0.605798 -0.613198 -0.513484 -0.980259
8.6665 4.16394 4.5645 142.524 43.5567 23.6987 17.5076 31.6282 3262.13 690.349 273.148 142.294 531.484 96.9497 283.024 94347.1 14163.8 4594.37 4798.58 1031.94 1057.65 11.9957 -60.4467 -31.391 46.6177 -307.783 -108.447 -49.3878 -30.0704 140.824 -1535.2 -348.382 -97.2775 -153.564 -70.8376 -29.9044 7.16672e-11 2.53659 1.9822 1.49405 0.797116 0.000230155 0.779261 -0.977606 -0.497578 -0.750567
10.4709 6.71735 4.89808 193.403 116.845 76.1006 53.2396 40.3802 4859.84 2836.83 1754.74 1145.64 1476.03 574.903 446.001 152387 86888.2 51988.8 35952.4 21259 15710.5 20.6949 -82.3689 -77.655 127.013 -418.68 -429.818 -314.564 -208.302 581.101 -2134.41 -2009.31 -1404.87 -1171.53 -756.069 -588.281 4.83493e-12 2.86905 1.99362 1.49646 0.961025 8.4787e-05 0.825387 0.995368 -0.497977 0.999731
6.50554 1.18233 0.0182322 43.5384 18.6426 2.68483 0.0521575 0.000332465 299.409 198.049 71.204 8.89555 0.203196 0.0015091 6.06345e-06 2113.49 1865.88 1083.87 339.936 38.5226 0.948073 1.83774 -24.8229 -10.8499 19.2877 -37.4031 -35.1306 -11.5125 -0.418549 39.845 -30.5229 -54.956 -33.6409 -8.27913 0.492328 -0.824307 2.05957e-11 2.54138 0.135024 0.216588 0.000833085 3.15407e-05 0.634526 0.784896 -0.522342 0.893475
5.37899 -4.50733 3.71383 29.1538 -24.9023 22.7092 -17.2866 14.0525 159.201 -138.528 176.327 -172.445 273.881 -67.469 54.1469 875.827 -775.883 1458.81 -1916.92 1856.47 -1334.99 -17.5463 -12.2985 23.7609 -28.48 -2.15694 23.324 -37.6747 38.6937 -29.1924 23.7761 1.52574 -29.6396 73.3648 -87.5329 67.6903 1.72339e-11 -2.31706 1.92257 0.101227 0.132442 3.26514e-05 0.631709 -0.998501 -0.522756 0.893257
9.61548 -0.557156 0.00719709 156.474 -19.7447 0.614291 -0.0154193 5.24228e-05 3417.71 -560.614 55.8842 -0.971106 0.0467079 -0.000195418 3.86668e-07 92447 -17509.3 2491.26 -203.491 1.79454 -0.173443 -4.08849 -72.3423 14.1087 -22.8223 -343.809 89.9992 -8.56113 1.17555 -115.769 -1562.93 440.614 -71.7496 9.79604 -0.472792 -0.823545 3.39895e-10 2.78835 0.0847075 1.35668 0.00466164 0.000231151 0.625224 -0.659527 -0.513137 -0.927173
2.27507 0.915397 0.0371894 15.4537 6.28034 1.7462 0.108422 0.00138312 174.22 71.4221 23.5166 5.21836 0.424791 0.00679857 5.14424e-05 2739.54 1131.74 399.934 111.806 21.6671 2.08902 0.928314 -8.43393 -3.36852 5.72656 -18.7232 -12.135 -3.45714 0.144587 13.8718 -45.1477 -29.7686 -11.9829 -2.41344 0.660534 -0.798729 7.45598e-15 -0.438707 0.192844 1.44312 0.000680887 0.000220062 0.637259 0.999999 -0.513161 1
6.15015 -4.40508 4.39656 77.9919 -47.3549 33.5626 -27.0986 28.3496 1411.72 -774.605 480.932 -330.102 494.219 -216.151 232.896 32727.1 -16715.7 9555.63 -7705.34 4024.89 -3091.41 -17.1979 -31.3307 36.1214 -53.1099 -115.817 118.233 -89.2403 68.4761 -159.662 -443.834 384.151 -251.51 255.034 -169.57 148.245 3.15095e-10 -2.05231 1.96205 1.39219 0.739531 0.000391642 0.764694 -0.645491 -0.51314 -0.111206
7.28266 -2.2936 1.10649 107.325 -25.962 8.91845 -2.36255 1.22436 2244.76 -455.193 171.652 -58.1846 30.4171 -2.42029 1.35486 59950.7 -10633.7 4606.21 -2044.98 532.938 -137.652 -10.0043 -48.6643 20.6825 -29.6425 -219.425 76.2474 -31.8485 11.9996 -94.1454 -980.266 266.882 -135.181 70.6572 -21.4891 8.18957 1.80798e-12 -2.25578 1.05189 1.48126 0.00349528 0.000391262 0.629409 -0.815129 -0.49653 0.973595
7.93063 5.01072 4.58356 122.083 64.478 42.1151 31.93 32.6428 2633.74 1244.61 716.481 464.084 720.448 276.052 302.852 72065.2 31442.3 16792.4 12569.5 6468.84 4912.58 14.8806 -51.6692 -44.8054 69.568 -231.353 -190.348 -130.655 -88.7493 254.511 -1054.77 -735.286 -444.514 -411.009 -248.774 -183.146 2.87138e-10 2.40223 1.97426 1.46967 0.828161 0.000274391 0.774697 -0.249107 -0.513484 0.785295
10.7281 -4.1787 2.91925 192.85 -62.2628 33.7785 -20.3798 17.8823 4637.58 -1325.11 697.037 -372.857 562.013 -154.511 157.191 137849 -35949.3 19290.1 -10835.7 5698.96 -4416.06 -16.4266 -83.6342 44.3934 -69.4635 -430.877 206.416 -126.173 71.4797 -272.58 -2149.05 854.234 -522.996 357.343 -226.726 180.566 3.16729e-10 -2.95467 1.40003 1.41353 0.979374 0.000230426 0.780347 -0.980326 -0.524183 0.896185
11.2391 1.44564 0.896219 216.954 40.7214 13.8553 3.86716 2.40865 5648.47 1244.18 385.339 123.198 111.589 17.2374 10.7849 182623 44197.8 13483.7 4434.19 1610.94 704.13 2.73478 -96.9599 -23.9812 43.5075 -546.767 -190.466 -67.5678 -20.2206 254.422 -2973.52 -1069.4 -379.765 -140.677 -56.1472 -23.6541 3.39149e-10 3 0.148551 1.49637 0.934961 0.000398144 0.776763 0.999977 -0.513144 0.999997
8.65893 -3.86015 0.969558 74.9814 -50.2197 21.4894 -5.65039 0.958291 649.334 -580.309 364.651 -152.217 57.901 -7.4698 0.965022 5623.51 -6284.89 5268.57 -3157.55 1295.7 -358.088 -15.3414 -37.8947 37.3587 -56.2526 -58.7246 103.275 -69.964 28.5862 -119.809 -23.3151 161.789 -167.936 114.714 -49.0025 15.8407 8.48398e-12 -2.94258 0.982263 0.0112272 0.068681 2.65786e-05 0.595628 -0.994012 -0.521416 -0.945513
7.30953 3.90633 3.94834 108.635 40.1376 19.4685 10.9113 15.6051 2294.78 645.083 225.526 92.1078 212.141 25.2911 61.738 61943.6 13859.5 3901.75 3931.36 537.053 215.615 11.1181 -46.3393 -28.8589 42.8671 -216.88 -103.587 -42.0801 -18.1059 131.539 -1005.04 -346.149 -102.681 -123.652 -29.5381 4.67624 2.99951e-10 2.25432 1.98679 1.49251 0.0315125 0.000222541 0.757731 -0.248842 -0.498795 -0.896224
10.9503 5.98807 4.10758 208.144 98.9977 54.4515 33.1826 24.4397 5354.68 2337.32 1183.42 647.987 810.539 239.034 184.325 171400 70350.7 33998.2 20786.5 9678.28 5843.66 18.2103 -89.6195 -66.0529 107.435 -484.685 -359.577 -213.351 -118.383 478.643 -2591.08 -1668.87 -933.217 -677.373 -353.241 -212.793 2.84335e-10 2.95055 1.90205 1.49816 0.699846 0.000245019 0.752894 -0.2363 -0.510392 0.988244
0.0112521 -1.08079 2.02375 0.000172843 -0.034407 2.33841 -6.35278 10.1904 3.27958e-06 -0.000869383 0.140426 -7.59357 49.7952 -52.5507 77.8588 7.33277e-08 -2.29559e-05 0.00525094 -0.71712 32.8883 -139.243 -5.87245 3.28994 3.58232 -1.20056 1.72554 -2.54734 1.43004 6.09667 -0.778248 -0.201402 -1.00424 4.77946 -1.49541 -5.69305 17.9845 3.10977e-10 -0.100862 1.01184 0.0328474 0.999971 0.000242755 0.761637 -0.990085 -0.515986 -0.96738
9.29535 4.35962 2.36535 159.576 72.53 35.8757 19.0537 10.9358 3781.06 1688.97 804.68 404.894 381.429 119.88 71.0062 112694 49759.5 23175.2 12189.9 5744.86 3358.63 12.6624 -70.7215 -47.7098 78.4008 -348.343 -262.083 -144.881 -72.5814 345.656 -1710.92 -1190.53 -650.341 -398.292 -199.42 -120.833 3.38659e-10 2.65672 1.3077 1.49573 0.809482 0.00023116 0.777452 0.794871 -0.513071 0.97599
5.48248 -3.23388 1.80074 30.233 -23.7782 16.3682 -10.3892 6.25355 167.684 -164.478 139.249 -105.326 145.449 -48.2701 30.3749 935.379 -1097.24 1115.8 -1000.83 811.224 -710.571 -13.2078 -15.4826 21.0887 -27.2469 -8.79352 29.9873 -29.6419 23.814 -34.5151 13.1705 21.126 -29.1469 40.7107 -42.201 36.1907 5.699e-12 -2.33976 1.14806 0.0894816 0.694768 0.000240348 0.604418 -0.474132 -0.52152 -0.62127
2.19932 0.903312 0.0371892 14.473 5.9798 1.70473 0.106108 0.00138308 158.359 65.7811 22.1086 5.04566 0.40712 0.00664304 5.14384e-05 2420.53 1010.39 363.052 104.039 20.7427 1.96373 0.887141 -7.95501 -3.17602 5.39687 -17.0772 -11.2125 -3.21323 0.173188 12.7147 -39.8187 -26.6467 -10.8991 -2.18913 0.675018 -0.794398 7.45598e-15 -0.371462 0.192844 1.43574 0.0005201 0.000220062 0.774141 0.949892 -0.513161 1
10.8032 -6.61624 3.73251 195.146 -113.583 62.2721 -31.3858 14.01 4712.34 -2662.95 1434.54 -726.508 586.251 -142.919 52.8796 140598 -77850.5 41413.8 -23529.3 9981.64 -4402.46 -24.731 -83.2557 77.8158 -125.761 -411.664 411.958 -260.703 133.993 -546.991 -2000.89 1841.38 -1171.98 778.05 -362.289 182.027 4.10314e-12 -2.96695 1.93061 1.41434 0.0724565 0.000229454 0.595593 -0.989929 -0.521424 -0.786483
7.2859 -2.43901 1.97279 107.467 -26.6853 13.9354 -7.39659 8.05699 2249.98 -454.523 230.606 -106.884 156.162 -35.1429 47.025 60154.8 -10343.1 5553.04 -2859.74 1241.41 -810.827 -10.4997 -47.5868 21.2018 -30.436 -215.513 73.8998 -42.5546 22.4749 -94.008 -968.69 252.514 -153.979 97.6627 -54.4509 38.8805 3.62104e-10 -2.25578 1.1598 1.48235 0.792253 0.000391642 0.764338 -0.645491 -0.512826 0.999967
8.53242 5.07723 4.34264 128.597 62.9756 39.9976 28.878 28.7784 2637.86 1140.04 666.851 428.331 694.476 223.666 246.78 67537.7 26611.7 15120.9 11183.9 6039.62 4441.79 15.1072 -55.2865 -44.0367 67.9198 -235.42 -176.188 -122.062 -81.3911 233.063 -998.152 -623.294 -397.914 -368.122 -234.427 -161.847 9.90035e-12 2.58865 1.93083 1.35326 0.783936 0.000228555 0.776814 0.901359 -0.511851 -0.743374
9.59489 -5.24928 3.76712 168.046 -73.7688 37.5649 -19.7805 14.2962 4047.45 -1539.87 720.335 -352.97 382.479 -75.0869 54.6512 122378 -41841.2 19135 -12305.9 4459.76 -2002.17 -20.074 -71.3383 52.7481 -82.0853 -368.373 241.909 -132.987 68.6458 -316.631 -1876.77 1005.49 -537.648 405.417 -176.363 91.7583 3.39584e-10 -2.71168 1.93911 1.49723 0.0835245 0.00022058 0.834762 -0.88776 -0.514147 0.90569
7.09277 -3.88791 1.4046 50.3991 -38.3426 20.7038 -7.72936 2.09778 358.772 -348.955 258.906 -138.852 83.04 -14.9193 3.31407 2558.59 -3028.67 2889.96 -2107.75 1126.36 -436.785 -15.436 -25.7933 30.6208 -43.2237 -27.1724 64.0232 -52.2737 27.7348 -72.3542 10.061 73.1291 -92.7843 80.604 -46.6574 21.0928 2.77679e-10 -2.66262 1.17567 0.0568593 0.14968 0.000230154 0.751488 -0.525367 -0.515585 -0.989738
7.77684 -0.606407 0.0315548 60.5349 -19.8737 0.709716 -0.0702478 0.00237889 471.637 -272.685 68.2207 -1.24031 0.565353 -0.00947367 0.000268257 3677.97 -3043.79 1479.04 -295.317 3.18631 -0.735029 -4.25629 -32.7945 14.2697 -22.9637 -58.03 49.2861 -10.6056 1.25989 -56.71 -61.4263 90.1171 -45.9824 12.0371 -0.630448 -0.718846 3.12241e-10 2.78838 0.132056 0.0423078 0.118811 0.000230725 0.617565 -0.970499 -0.501594 -0.978759
6.76099 4.27023 4.34264 92.7284 47.1154 32.0499 24.3817 28.7784 1806.34 798.308 486.823 326.917 526.166 189.389 246.78 44948.2 17934 10465 8618.25 4508.18 3385.69 12.3578 -39.0123 -33.5593 50.5215 -158.712 -122.751 -88.9741 -62.9377 162.968 -656.246 -416.634 -273.566 -282.09 -173.738 -121.554 9.62503e-12 2.1707 1.93083 1.43145 0.783936 0.000228555 0.776239 0.901359 -0.511776 -0.743374
0.193884 -1.01451 0.0432291 0.0386885 -0.555028 2.05849 -0.123714 0.00188855 0.00793599 -0.182254 2.12754 -6.26824 0.477171 -0.00889346 8.33659e-05 0.00167158 -0.0520514 1.035 -10.2373 25.4711 -2.28055 -5.64664 0.475328 4.12447 -1.77166 1.48393 0.681022 -0.864957 2.0914 -0.815453 0.302922 -0.80409 0.179282 1.81537 -1.77078 -0.625602 1.17843e-13 -0.438707 0.20764 0.0376865 0.0107078 0.000215674 0.632657 -0.859214 -0.517329 -0.98762
4.44076 -2.0045 2.54744 20.7618 -1.40883 2.71237 -4.34174 12.237 101.817 28.5231 2.22598 2.48055 119.857 -9.99136 81.654 522.093 312.393 85.278 24.5952 1.77556 -146.912 -9.01941 -9.66732 5.99909 -2.70826 -12.8679 -4.29873 0.824885 3.60422 5.07248 -12.9229 -8.17878 8.35373 -0.465493 -12.8552 15.5136 2.86895e-10 -2.09326 1.37895 0.242956 0.803709 0.000224745 0.734648 0.999125 -0.513458 0.764861
8.1571 3.37009 2.39676 128.826 47.4251 25.5774 15.6425 12.981 2849.07 980.057 484.644 263.103 329.343 113.065 103.248 79883.4 26220.8 12405.4 6994.46 3620.48 2670.51 9.29115 -57.1815 -31.6732 50.8613 -266.125 -152.007 -87.8313 -48.3918 200.247 -1242.06 -625.918 -341.579 -228.9 -132.362 -96.2324 3.15537e-10 2.43913 1.20753 1.48586 0.968825 0.000230474 0.775516 0.999954 -0.498268 -0.150426
0.263475 -0.000803408 3.66038 0.122588 0.359631 -0.547484 6.3624 13.402 0.0776218 0.352218 0.564791 -1.5529 20.1992 46.6009 49.0827 0.0613441 0.343625 1.18442 0.447374 -3.82002 42.1095 -2.19307 4.88951 1.01835 -0.768307 -0.85295 3.34832 3.18116 -0.888939 -0.705825 -0.100465 -0.130225 2.06691 2.92153 -0.292359 6.93854 4.20961e-11 -0.454934 1.91315 0.237718 0.0157047 0.00022022 0.62455 0.829962 -0.521752 0.909142
3.1183 2.33286 2.48108 26.3996 18.3544 14.287 11.9286 11.6638 351.284 232.424 164.203 122.133 135.323 81.3924 76.2794 6293.79 4016.58 2686.76 2178.58 1358.88 1051.42 5.75744 -10.7886 -13.3169 18.9715 -26.7857 -35.3329 -30.7858 -23.967 46.8958 -73.3428 -90.1544 -73.4026 -72.1076 -48.268 -36.5063 3.15623e-10 1.085 1.35808 1.39323 0.797932 0.000227212 0.776937 0.795182 -0.514159 0.923518
0.263475 -0.000803408 3.66038 0.122588 0.359631 -0.547484 6.3624 13.402 0.0776218 0.352218 0.564791 -1.5529 20.1992 46.6009 49.0827 0.0613441 0.343625 1.18442 0.447374 -3.82002 42.1095 -2.19307 4.88951 1.01835 -0.768307 -0.85295 3.34832 3.18116 -0.888939 -0.705825 -0.100465 -0.130225 2.06691 2.92153 -0.292359 6.93854 4.20961e-11 -0.454934 1.91315 0.237718 0.0157047 0.00022022 0.432084 0.829962 -0.521752 0.909142
1.68747 -0.573091 4.8969 8.54253 -2.89778 8.97058 -6.89675 39.9511 72.0737 -24.4203 48.9816 -36.3628 88.7356 -88.6358 435.186 851.308 -288.112 443.29 -383.311 508.534 -501.608 -4.14278 1.46215 3.70281 -4.3416 -1.18502 1.92013 -4.43832 10.8837 -5.78707 -4.29969 2.85061 -7.75235 11.8712 -15.6701 46.059 2.94444e-10 -0.0951747 1.99981 1.29554 0.947449 0.000242734 0.838141 -0.630526 -0.515931 -0.134993
8.08639 2.72283 1.94328 120.586 31.1826 15.9477 8.45143 7.90474 2480.73 536.823 277.286 130.244 182.139 41.0766 46.1073 64178.9 12107.5 6746.09 3387.34 1560.31 1032.75 7.08601 -54.402 -21.1953 33.0438 -239.45 -85.0473 -50.1628 -23.4997 109.333 -1034.8 -292.841 -186.116 -110.13 -59.0332 -33.4577 5.25367e-11 2.47942 1.14389 1.39244 0.796738 0.0002333 0.704043 -0.977606 -0.513491 0.750892
9.2757 5.73752 4.59984 138.318 74.9701 49.2558 36.8521 33.5563 2720.25 1356.1 822.539 551.025 929.049 325.424 321.295 65587.4 30756.2 17837.2 12837.6 7701.86 6222.07 17.3567 -59.7621 -52.1029 81.0775 -237.714 -208.748 -151.333 -105.173 277.379 -934.281 -715.509 -463.291 -426.299 -304.432 -233.877 2.87138e-10 2.78198 1.96667 1.23946 0.855608 0.000274325 0.775483 -0.290276 -0.497506 0.822853
1.92946 0.714772 4.69816 11.1683 4.14085 10.024 11.6027 34.2182 107.74 39.9808 63.5992 68.8865 118.595 145.189 324.401 1455.1 540.421 667.587 596.833 826.565 996.346 0.244809 -0.289107 -2.65993 3.3796 -4.35441 -1.77279 -8.90121 -15.3791 7.42263 -11.9141 -4.8984 -12.8656 -16.5782 -28.5665 -32.8513 4.29181e-10 -0.0955245 2 1.38576 0.835561 0.000242622 0.847284 0.833943 -0.515987 0.977699
10.2227 3.70045 2.13683 176.027 56.2551 25.982 13.8047 9.56999 4061.88 1202.4 515.883 244.019 295.681 79.1382 61.4827 115972 32496.4 13463.5 6598.33 3000.36 2018.63 10.4166 -78.4959 -37.2335 60.5476 -385.886 -187.944 -93.4523 -44.3517 245.854 -1845.78 -786.132 -374.657 -215.765 -111.039 -70.9609 3.3996e-10 2.87943 1.19862 1.38982 0.836747 0.000231151 0.625224 -0.286899 -0.513136 0.785131
6.82464 -6.1441 3.95996 46.6471 -54.8796 48.5035 -31.8302 15.685 319.325 -463.611 527.157 -460.054 519.651 -155.782 62.1409 2189.29 -3779.52 5280.59 -5849.24 5056.38 -3390.21 -23.1225 -20.4066 43.7276 -61.3644 2.17323 75.2473 -107.269 92.0176 -95.872 86.2757 48.2725 -139.383 216.678 -209.228 149.649 3.91922e-12 -2.6119 1.98991 0.0511385 0.0151939 0.000220766 0.728701 -0.895848 -0.52552 -0.99746
4.55091 3.63344 4.71723 20.7165 10.9681 12.1072 17.79 35.3829 94.3304 24.5853 31.292 38.6364 392.121 121.994 348.662 429.642 -3.45202 119.499 115.644 163.812 581.939 10.1883 -7.71965 -12.0146 10.8689 -4.34234 0.400579 -3.91922 -13.9046 4.26476 -3.74723 4.46005 29.3297 -1.97241 -30.9616 -15.9132 3.10054e-10 2.13321 1.99014 0.0176626 0.869802 0.000242345 0.757757 -0.236075 -0.498223 -0.987852
8.9333 -3.59729 1.90945 144.49 -46.4342 18.2553 -6.75573 3.64602 3205.7 -888.813 351.931 -138.32 99.8102 -12.6838 6.96195 89159.5 -22125.6 9324.66 -4750.56 1474.21 -487.552 -14.4459 -63.9764 34.5487 -52.0999 -305.558 144.527 -65.5621 27.3196 -183.088 -1425.44 546.248 -270.469 160.34 -58.0787 24.5751 3.10419e-10 -2.62472 1.38183 1.42973 0.00147136 0.000345905 0.76202 0.931187 -0.494296 -0.871938
3.25795 2.32732 1.84724 29.0711 19.2776 12.5183 7.4619 3.43335 409.365 257.934 157.067 89.7765 54.2362 19.7474 6.4204 7779.2 4720.62 2767.38 1894.2 797.606 371.608 5.73857 -12.82 -13.7086 19.9843 -34.2197 -41.3374 -29.9252 -16.3756 52.1284 -100.824 -112.7 -81.7291 -62.7164 -25.0319 -8.97462 3.06998e-10 1.085 1.35808 1.44248 0.0534142 0.000227018 0.756333 0.784101 -0.501752 0.923518
6.3562 0.121401 0.0162868 85.4636 4.53041 0.451458 0.0144446 0.00026808 1653.08 117.773 21.4572 0.454481 0.0644748 0.000442973 4.45976e-06 41117.9 3415.26 776.168 65.585 1.11538 0.223801 -1.77673 -40.7248 -0.881355 3.80693 -169.587 -17.1772 -2.71129 0.938539 23.379 -704.745 -83.7204 -21.8607 0.557744 0.352295 -0.805959 3.13943e-10 -2.05604 0.12745 1.45907 0.00658465 0.000392795 0.770975 0.860827 -0.513119 -0.0939412
6.3987 4.38141 4.43374 41.0643 19.8526 16.292 18.6005 27.7946 264.31 74.8915 48.9414 46.4068 421.05 102.997 218.621 1706.2 144.023 96.7628 70.899 83.2232 358.451 12.7366 -18.4427 -18.3875 20.615 -21.7433 -10.3585 -10.1196 -15.3129 14.5834 -27.5672 -1.10591 31.3802 -1.67437 -32.8162 -6.96722 9.90035e-12 2.52863 1.98706 0.0687551 0.69667 0.000225176 0.591823 -0.542865 -0.511851 -0.743374
7.27421 -1.40679 1.56107 102.506 -6.10457 4.57205 -1.88364 5.25322 2023.14 24.7284 43.4712 -6.20158 75.7505 -1.6833 25.5787 50628.4 2989.81 892.768 -230.7 61.0162 -112.243 -6.98309 -46.3161 7.71169 -7.85937 -203.014 -0.0615673 -7.95138 3.53182 4.29412 -862.14 -67.8677 -20.7746 9.98639 -10.4175 9.28439 3.44049e-10 -2.30274 1.00713 1.40413 0.739437 0.000391642 0.764416 0.824769 -0.51314 0.999967
2.05522 -0.364366 1.72627 12.6679 -2.22211 5.18198 -0.936172 3.00962 130.097 -22.585 42.0016 -10.7605 22.785 -2.16764 5.29842 1869.97 -321.351 534.57 -218.382 258.591 -56.3042 -3.43168 -4.72729 3.52516 -3.60042 -10.7976 4.37217 -8.12243 3.95934 -5.41062 -24.5179 7.46817 -15.5647 9.07028 -10.0771 7.78839 3.10619e-10 -0.210389 1.31224 1.41808 0.0655237 0.00023116 0.756192 0.783789 -0.513071 -0.960358
10.6016 1.33123 0.0220674 175.182 34.3176 3.40723 0.0684611 0.00048697 3775.46 893.166 148.887 12.772 0.29474 0.00237325 1.07472e-05 99106.5 26215.6 5522.12 812.906 62.8825 1.50764 2.34499 -81.0809 -19.9843 36.4828 -379.692 -139.534 -24.3103 -1.03969 182.425 -1666.17 -653.233 -157.189 -21.5983 -0.0589563 -0.830438 3.39685e-10 3 0.148551 1.26555 0.000124402 0.000398144 0.762096 0.999977 -0.513144 0.771169
11.0577 -6.65186 4.73049 204.819 -112.663 69.0453 -46.3998 35.1327 5074.63 -2645.8 1516.12 -932.61 1255.18 -433.852 341.217 155402 -78027.3 42835.6 -28094.7 15439.7 -10871.7 -24.8524 -86.0361 77.1752 -124.751 -440.278 401.808 -272.858 174.01 -543.474 -2223.87 1812.71 -1155.91 915.571 -583.142 442.288 4.19228e-13 -3 2 1.43447 0.854689 0.000273807 0.77545 -0.303725 -0.496908 -1
10.6241 -6.27006 4.68644 189.797 -102.018 64.4029 -45.8838 38.1031 4541.25 -2307.97 1351.6 -870.677 1281.87 -474.016 419.208 134399 -65662.4 36670.7 -24831.6 14565.9 -11519.4 -23.5516 -79.7678 70.4521 -113.074 -393.61 349.745 -243.343 163.738 -474.18 -1920.73 1518.56 -975.619 808.277 -557.473 468.717 3.16729e-10 -2.93701 1.93061 1.41353 0.979374 0.00023048 0.773502 -0.980326 -0.521424 -0.219333
5.84692 -2.872 2.41178 34.2734 -15.2077 13.6881 -11.451 12.6454 201.412 -79.8554 106.824 -87.5251 238.824 -72.2696 96.187 1186.61 -414.69 953.198 -825.209 841.087 -1140.43 -11.9749 -16.7751 15.4516 -17.8453 -15.5164 13.7675 -21.6817 21.5369 -17.1577 -1.01224 2.38726 -13.3847 31.341 -50.4673 56.3097 6.02627e-12 -2.41727 1.24497 0.0609633 0.92835 7.40451e-05 0.758711 -0.638192 -0.51701 0.913036
11.1959 4.76153 2.27192 215.834 90.2429 40.5043 19.2694 9.75029 5616.52 2326.13 1018.36 466.523 408.207 111.198 58.1578 181585 74725.6 32231.5 15446 6705.06 3565.81 14.0316 -95.1235 -58.4534 97.8314 -521.777 -359.729 -181.72 -82.452 476.348 -2801.08 -1792.58 -906.279 -502.141 -230.126 -127.369 3.40697e-10 2.99169 1.30127 1.49857 0.760669 0.000381809 0.747625 0.737109 -0.496126 0.999961
0.0337661 0.100206 4.67535 0.00328831 0.0130609 0.782335 2.81741 34.4778 0.000519145 0.00244099 0.14839 0.785516 29.6387 38.7457 333.048 0.000112405 0.000591057 0.0358874 0.272088 5.77482 61.5215 -1.84894 6.5287 0.832832 -1.14848 0.361985 1.80143 6.51934 0.0338721 -0.777569 -0.199428 0.255642 2.92674 2.26718 3.8258 11.4202 2.77044e-10 -0.0901548 1.98577 0.160119 0.855608 0.000230167 0.775095 -0.298904 -0.513523 0.85737
6.44329 1.34219 0.0221044 42.1945 21.115 3.4645 0.072397 0.000491878 280.723 219.912 92.046 13.0464 0.322576 0.00256183 1.10182e-05 1896.76 2006.22 1375.65 500.549 64.1577 1.71447 2.38235 -24.238 -12.548 21.9998 -34.7667 -39.3973 -15.2177 -1.08526 44.3294 -21.1048 -59.3318 -43.0927 -13.4713 -0.0859297 -0.837452 2.32154e-11 2.53316 0.148551 0.162421 0.00608733 0.000398144 0.771001 0.931781 -0.522386 0.999997
7.74888 2.62238 2.38684 118.003 29.2905 16.1146 10.5485 12.8964 2527.86 505.294 226.385 112.774 225.181 68.0204 102.386 68821.1 11590.4 4554.44 2466.86 1075.14 1120.54 6.74381 -52.3816 -20.021 30.9681 -242.619 -78.809 -41.3434 -21.8687 102.866 -1120.56 -281.115 -119.715 -79.8407 -47.9265 -37.7405 2.88229e-10 2.36087 1.20342 1.47485 0.968825 0.000230474 0.775085 -0.287046 -0.497292 -0.150426
9.59489 -3.1376 1.35601 168.046 -43.9962 14.458 -4.26614 1.8765 4047.45 -916.815 315.617 -104.464 58.3224 -5.91838 2.64848 122378 -24875.3 9383.03 -3978.37 1058.78 -286.2 -12.8798 -74.7219 32.4105 -49.4255 -389.454 148.766 -57.9905 20.4392 -188.831 -1982.54 616.335 -272.628 134.28 -40.9823 14.6736 3.39584e-10 -2.71168 1.16148 1.49723 0.0835245 0.00022058 0.834762 -0.881783 -0.514181 0.90569
9.03389 4.4394 1.73696 134.35 66.9719 29.366 10.6983 3.0473 2656.89 1334.98 611.453 247.797 130.77 24.0089 5.39892 64722.9 32694.2 15353.7 7056.74 2509.39 826.983 12.9342 -61.4404 -44.6025 72.3037 -248.18 -213.389 -111.33 -43.1747 273.047 -971.33 -801.752 -447.14 -231.071 -80.3508 -25.5829 3.08924e-10 2.72626 1.31628 1.26547 0.0660256 0.000230224 0.76202 0.931187 -0.496163 0.770564
0.0606553 -1.26933 1.49423 0.0044725 -0.19782 3.14627 -4.84432 2.42713 0.000383392 -0.0234711 0.858802 -11.4864 21.9487 -12.6543 4.24589 3.72112e-05 -0.00277235 0.147779 -4.65352 55.1118 -112.704 -6.51477 2.56561 4.12927 -1.37982 2.43573 -1.79126 -0.648788 6.04836 -0.782884 -0.0191639 -1.59322 2.27796 1.38966 -5.47544 10.0359 2.33714e-11 -0.239357 1.20886 0.0579955 0.181351 0.000225106 0.706988 -0.998803 -0.516006 -0.961151
1.94042 0.703999 4.77666 11.2955 4.10227 10.1889 11.7021 36.4495 109.587 39.8395 64.6975 69.6916 124.921 153.746 366.004 1488.43 541.651 680.224 601.392 857.363 1048.9 0.208106 -0.24984 -2.63263 3.33728 -4.40769 -1.69434 -8.77695 -15.6359 7.39365 -12.2356 -4.79952 -12.748 -16.4107 -29.3649 -35.4251 4.29181e-10 -0.100862 2 1.38933 0.881285 0.000242622 0.847284 0.833943 -0.515986 0.977503
11.2458 1.4212 0.0220674 217.401 39.9255 3.89174 0.0744174 0.00048697 5670.06 1220.31 188.042 15.5535 0.343165 0.00259232 1.07473e-05 183674 43401 8207.64 1103.56 81.1503 1.87703 2.65151 -98.2663 -23.3211 42.6344 -557.479 -188.048 -30.8199 -1.48381 249.526 -3040.49 -1064.33 -231.485 -30.383 -0.496849 -0.84318 3.39685e-10 3 0.148551 1.49858 0.000124402 0.000488276 0.77468 0.95109 -0.513144 0.999997
11.2252 4.43211 2.14237 216.619 87.0862 39.3904 19.2619 10.2164 5639.74 2289.67 1014.01 479.191 442.087 127.143 71.2038 182372 74523.4 32650.7 15815.2 7355.68 4356.59 12.9093 -95.5898 -56.0258 94.3685 -524.92 -353.074 -180.46 -84.5491 468.869 -2815.16 -1783.31 -914.304 -514.165 -253.002 -156.931 3.45645e-10 2.99721 1.15448 1.49732 0.899747 0.000387055 0.740191 0.99314 -0.501644 0.950648
7.05191 1.6773 1.90416 98.4719 8.61753 4.8219 2.04173 6.88329 1938.74 13.5498 36.2343 6.92229 90.8347 -0.602151 34.6348 48569.8 -2205.71 633.254 449.81 48.1351 89.3011 3.52404 -44.4228 -6.47454 8.2904 -194.665 -3.59401 -5.74863 -0.528707 2.00122 -828.321 52.1027 -11.1813 -11.9495 -7.19309 3.60915 3.11065e-10 2.24403 1.18878 1.41994 0.700692 0.000274216 0.731744 -0.995358 -0.513484 -0.985359
7.19202 -4.41177 2.42487 52.1122 -45.1992 32.1224 -20.3335 11.9358 380.391 -425.101 388.066 -303.004 398.629 -137.004 83.4606 2796.97 -3815.35 4315.63 -4128.7 3454.09 -3014.16 -17.2207 -25.2004 35.2876 -50.7452 -19.3743 71.5113 -76.861 60.4354 -87.973 38.4729 70.9859 -113.043 149.773 -146.111 128.304 3.10265e-10 -2.67928 1.29955 0.116048 0.857932 7.29603e-05 0.727707 -0.899434 -0.52616 -0.960396
6.37803 -2.75887 2.54447 87.7291 -29.5418 17.5115 -10.3871 12.1916 1746.26 -497.747 281.143 -154.788 216.396 -58.9663 81.1097 44837.2 -11278.2 6537.25 -4237.23 2026.96 -1325.84 -11.5895 -37.9961 23.3097 -33.5694 -162.482 79.6019 -51.7917 31.7318 -102.874 -697.088 268.78 -178.941 142.209 -83.4887 61.7097 2.96332e-10 -2.03514 1.37895 1.49541 0.801858 0.000225044 0.745631 0.999125 -0.510901 -0.904157
9.61884 -4.226 1.7422 161.911 -66.6142 26.2762 -9.42183 3.04604 3698.24 -1464.99 571.219 -209.552 115.583 -20.0733 5.34442 105259 -40626.3 15762.1 -6677.23 2055.24 -640.249 -16.5878 -71.7391 47.1618 -74.2369 -346.119 233.42 -105.222 39.9648 -301.27 -1636.82 994.992 -459.538 225.949 -77.8722 30.0087 3.14426e-10 -2.75762 1.31934 1.41929 0.0393088 0.000221499 0.776448 -0.217985 -0.495906 -0.957553
7.46486 -1.50897 0.0432257 55.7666 -25.3253 4.23729 -0.146764 0.00188767 416.924 -294.238 113.953 -17.0418 0.691412 -0.00996994 8.32693e-05 3119.38 -2985.12 1862.94 -638.074 88.4768 -3.70302 -7.3312 -30.4147 19.0459 -28.9441 -48.6086 54.6184 -20.1457 3.81154 -61.131 -38.4495 87.5751 -60.3602 24.1948 -4.2436 -0.576517 2.62671e-13 -2.73193 0.20764 0.0376865 0.0105474 0.000215481 0.632657 -0.8958 -0.517329 -0.98762
8.4109 -6.72835 4.68452 70.7538 -73.0908 63.8695 -49.4035 34.9763 595.28 -753.646 807.784 -752.519 1233.5 -480.328 343.364 5009.07 -7508.46 9615.94 -10661.5 10446.5 -10075.4 -25.113 -30.7746 54.9771 -81.3416 -15.0231 115.826 -156.339 147.031 -155.363 102.008 108.708 -214.465 369.417 -433.292 419.995 6.92072e-11 -2.9001 1.98191 0.0176626 0.869802 0.000241332 0.755022 -0.977614 -0.498213 -0.983617
9.51475 -3.40812 1.61661 165.56 -47.427 16.7724 -5.50679 2.65783 3963.95 -981.682 353.199 -125.049 78.9765 -9.0477 4.44207 119182 -26469.5 10202.8 -4663.76 1311.17 -388.239 -13.8014 -73.2848 34.8085 -53.189 -379.3 158.786 -65.1483 24.4539 -202.137 -1919.83 653.735 -295.859 156.815 -50.9004 19.5712 1.06766e-11 -2.69837 1.26875 1.49451 0.0829581 0.000215168 0.759164 -0.879466 -0.514176 0.910343
