0.00971765 -1.19713 4.99996 9.44877e-05 -0.031069 2.83711 -16.3797 42.9989 9.19267e-07 -0.000491072 0.132412 -9.999 96.2901 -228.989 498.977 8.94871e-09 -6.61619e-06 0.00306283 -0.705235 46.641 -389.247 -6.28264 6.66476 3.17964 -1.19245 2.12461 -6.69856 7.29677 11.6554 -0.801585 -0.077618 -1.086 8.44027 -9.80873 -1.96047 56.1796 7.35971e-12 -0.098571 2 0.00118932 0.999982 0.000647162 0.478448 -0.999983 -0.041523 -0.999997
11.25 1.43464 0.0210126 217.687 40.5918 3.97459 0.072164 0.000441722 5683.9 1244.51 194.298 16.0913 0.338121 0.00240032 9.28989e-06 184348 44360.8 8522.56 1158.61 85.1115 1.88565 2.78591 -90.5671 -23.3311 41.3945 -512.691 -179.046 -30.7767 -1.57941 229.279 -2838.92 -973.46 -225.102 -30.0334 -0.519554 -0.809774 5.89085e-12 3 0.144949 1.5 0.0015202 0.00510329 0.484892 0.999735 0.0632475 0.999852
9.20883 -6.99999 4.00207 92.4081 -85.3854 62.8542 -36.0434 16.0497 1000.54 -1064.74 942.398 -677.08 677.063 -176.745 64.4972 11600.3 -13762.2 14008.8 -12011.3 8438.88 -4828.23 -26.2781 -37.7248 61.5095 -90.6735 -52.4703 160.509 -175.557 129.213 -197.646 15.8373 254.372 -368.372 397.207 -314.838 193.737 3.54158e-14 -3 2 0.45699 0.0454805 0.00324561 0.464316 -0.999994 -0.130567 -0.999993
9.22585 7 4.02074 93.349 85.7428 63.0947 36.4355 16.499 1024.24 1079.3 950.564 683.726 692.933 183.511 69.0551 12082.6 14145.2 14269.3 12192.5 8584.97 4965.19 21.963 -39.7227 -59.4495 88.7284 -59.0123 -164.085 -175.814 -125.948 198.735 -0.303683 -270.262 -376.064 -397.236 -298.711 -169.641 4.13387e-12 3 2 0.47524 0.144014 0.00498017 0.489383 0.999999 0.0702652 1
8.40362 -6.06533 3.98179 113.848 -79.0133 51.3516 -30.4443 15.8914 2036.13 -1381.09 889.969 -536.405 518.925 -146.621 63.5692 44669.7 -29821.5 19089.6 -12830.9 6585.79 -3446.12 -23.0575 -44.5492 56.2441 -83.9933 -150.766 202.082 -161.47 103.84 -256.132 -512.211 619.682 -504.051 408.707 -245.383 144.639 4.08826e-12 -2.64585 1.99486 1.18453 0.0480456 0.000780136 0.453963 -0.663805 -0.0382707 -0.910645
9.58632 3.73627 1.89292 158.702 63.8164 29.7936 15.1473 8.48548 3549.91 1451.63 661.883 325.01 316.081 95.2844 56.7264 98708 40811.4 18401.7 9190.13 4501.49 2860.25 10.7169 -65.6008 -40.8366 65.742 -305.45 -211.169 -115.203 -58.2305 267.57 -1416.09 -878.617 -484.171 -282.355 -152.013 -98.693 4.42987e-12 2.76554 1.03148 1.39216 0.910478 0.00321065 0.37959 0.921161 0.054576 0.846163
2.30393 0.623059 3.55986 15.8881 4.1213 9.7052 1.82859 13.3844 182.229 45.4295 77.4388 21.3887 70.0579 5.39732 52.9291 2920.53 701.004 1010.17 678.853 698.256 127.009 -0.010631 -3.65746 -2.22941 3.16067 -11.356 -6.47916 -13.6717 -2.1957 7.59733 -32.0053 -14.2379 -25.2335 -19.3798 -24.4188 8.02241 7.51032e-12 0.366973 1.87337 1.47284 0.224378 0.00288525 0.439796 -0.978848 -0.132646 0.850013
10.4759 -6.41955 4.55435 192.968 -111.689 70.6077 -48.3683 36.2237 4830.69 -2706.16 1623.45 -1035.75 1320.91 -505.775 390.695 150817 -82626.4 47929.2 -32184.3 18774.5 -13852.8 -24.278 -74.508 74.9409 -118.249 -379.991 381.923 -280.919 192.087 -501.107 -1967.88 1704.65 -1211.92 979.948 -662.892 530.268 5.8808e-12 -2.87303 1.89888 1.49051 0.97397 0.00325846 0.483441 -0.98659 -0.0426922 -0.941452
2.72647 2.27951 4.08064 21.8307 17.2953 17.6445 16.7823 18.0232 286.608 217.251 186.138 155.491 148.842 107.084 85.4363 5200.13 3798.58 2967.97 3125.44 1739.42 1301.23 5.69715 -5.85699 -12.7086 16.9716 -15.3053 -28.5397 -34.0476 -31.4565 39.3631 -44.3697 -70.8925 -76.6923 -96.155 -58.2243 -39.7917 7.45584e-12 0.696316 1.99893 1.4972 0.291398 0.00522165 0.474529 0.911688 0.0735482 0.863547
4.08766 -4.60406 3.52336 20.2428 -27.9942 29.6848 -22.8388 12.6419 116.303 -182.691 236.161 -239.976 282.301 -105.681 46.1698 755.493 -1298.03 1915.4 -2368.25 2309.13 -1764.38 -18.0222 -6.75307 25.2897 -30.5076 9.67378 26.1074 -49.277 52.5335 -34.5767 40.3022 5.32527 -42.8761 86.3789 -98.7959 82.611 7.40125e-12 -1.96609 1.87274 0.471345 0.127301 0.00319867 0.440691 -0.894007 -0.0436631 -0.950179
4.90294 1.84057 0.584583 24.3297 10.6073 5.3668 1.27313 0.351681 122.165 60.4889 67.192 32.8906 11.5626 0.884274 0.217467 620.587 343.146 677.434 516.293 238.081 62.0671 4.18466 -13.4397 -7.53458 9.96023 -12.4497 -10.9695 -11.6383 -4.61262 10.3815 0.909251 -6.2203 -20.7052 -15.208 -5.34605 -0.971566 6.28121e-12 2.2109 0.761784 0.121885 0.0653305 0.00318281 0.48268 -0.679873 -0.0419075 0.992552
10.8909 6.53276 3.4784 195.958 113.768 61.0953 29.4286 12.1442 4694.24 2674.68 1434.03 711.661 536.825 126.154 42.5557 138619 77972.1 41695 23181.3 9785.28 4161.91 20.353 -78.8866 -74.0486 118.109 -383.507 -388.493 -250.34 -126.733 493.683 -1858.8 -1663.56 -1108.45 -711.004 -319.509 -139.061 7.1249e-12 2.99012 1.86418 1.39645 0.0568403 0.00508826 0.479406 0.966327 0.0716908 0.950961
10.7905 -1.57652 0.714611 202.681 -8.75179 0.49074 0.136391 0.518029 5157.09 68.5799 -20.6908 3.67589 8.66069 1.01456 0.380824 163353 8312.5 -418.355 -264.147 7.04636 0.598996 -7.58995 -83.4864 9.51846 -10.3348 -467.852 -2.99058 3.43331 0.702386 11.8773 -2561.94 -167.031 12.7053 10.8099 -2.51669 1.50471 1.31604e-13 -2.92614 0.843819 1.49273 0.0507927 7.24711e-05 0.481628 0.92479 -0.0411401 0.860422
7.19754 -5.87263 4.49005 57.4261 -55.5574 49.5071 -41.4368 33.0925 500.895 -547.743 553.801 -522.438 940.352 -395.542 324.003 4727.7 -5678.8 6356.93 -6673.01 6545.16 -6774.1 -22.3935 -22.4114 42.7667 -59.4034 -14.5047 77.5307 -104.759 106.806 -102.066 42.5893 79.0172 -124.137 217.378 -278.186 284.049 7.38883e-12 -2.64567 1.9237 0.444949 0.888502 0.000737407 0.484195 -0.684149 -0.0379776 -0.882174
7.20178 5.36433 4.04607 105.231 70.9558 46.5914 29.3285 17.1804 2184.02 1390.08 861.201 514.971 467.029 156.818 76.3099 57903.8 35433.1 21148.3 14801.7 6823.41 3627.81 16.3268 -41.3297 -48.214 73.2265 -168.17 -201.09 -153.491 -95.3283 256.192 -726.467 -742.847 -557.532 -456.258 -229.264 -122.357 7.51032e-12 2.24014 1.99893 1.47768 0.224378 0.00288525 0.439457 0.928502 0.0707401 0.844367
9.84725 -5.6826 4.70352 148.008 -71.7619 47.8061 -36.7049 37.1249 2878.88 -1240.23 786.211 -542.456 1052.52 -339.848 392.194 67890.4 -26707.1 16942.6 -12605.7 8070.67 -7108.45 -21.7387 -57.636 51.3749 -76.3914 -230.617 178.045 -139.422 107.381 -230.09 -905.966 547.967 -397.573 388.885 -330.853 289.657 7.29243e-12 -2.90736 1.95548 1.1809 0.937882 0.000125845 0.480466 0.883046 0.0670862 -0.877704
4.19158 -1.69493 1.45844 17.8943 -7.39549 7.94005 -5.19147 5.49188 77.7678 -32.8097 69.038 -48.0685 99.9959 -25.9662 31.8223 343.898 -147.946 565.295 -468.392 496.963 -503.342 -7.99796 -8.83971 8.84672 -8.91293 -4.61449 6.10922 -13.2485 11.8984 -6.86722 7.79913 -1.07917 -11.0759 18.1505 -25.1584 24.1604 1.09794e-11 -2.04259 0.816585 0.139384 0.889737 0.00323273 0.367599 0.880032 -0.0436945 -0.934006
5.01985 -3.12682 1.22836 30.5191 -24.1627 14.0853 -5.59253 1.51064 215.226 -197.02 145.363 -80.9624 46.5043 -9.03198 1.86 1715.88 -1737.14 1495.27 -1051.59 562.097 -222.492 -12.932 -14.4302 20.852 -26.4908 -13.6475 34.6754 -29.4256 17.4386 -37.2257 0.671159 37.4004 -45.55 39.8175 -24.3443 11.8509 7.80894e-12 -2.17888 1.10815 0.521865 0.0190589 0.00453373 0.453433 -0.600836 0.0636853 -0.823773
4.89163 5.27648 4.02085 28.1851 37.0782 38.0015 29.0785 16.5057 185.161 276.929 343.082 338.947 413.495 151.628 69.1313 1358.51 2228.16 3147.08 3745.52 3570.32 2716.68 16.0241 -11.1246 -29.2324 37.711 6.95527 -40.225 -68.7949 -67.1452 50.396 51.578 -19.4211 -72.658 -128.797 -131.472 -91.7908 7.8696e-12 2.16079 1.99994 0.471842 0.145254 0.00499994 0.489204 0.963523 0.0818377 0.946564
4.56882 5.09026 3.88011 24.7338 34.0863 35.9431 27.6024 15.3581 153.241 241.696 312.384 316.805 377.444 140.321 61.9772 1063.18 1845.92 2740.32 3391.16 3314.24 2538.14 15.3825 -9.65514 -27.2 34.5745 8.86935 -34.894 -63.1527 -62.8496 43.8823 50.1877 -12.183 -62.9851 -117.188 -121.153 -85.2385 7.29038e-12 2.08627 1.96483 0.465095 0.139874 0.00319375 0.440201 0.984287 0.00203891 0.997935
7.62142 -4.52135 4.02074 58.0892 -19.2174 10.5584 -10.3667 16.499 442.769 -30.3019 -11.6345 11.4646 246.551 -10.4625 69.0551 3375.07 654.505 -326.036 132.861 -76.4013 72.6704 -17.7372 -23.8704 20.1702 -21.3064 -42.2608 9.07158 -0.89107 5.93548 -6.4036 -71.4049 -7.99599 28.7087 -3.85963 -26.0567 13.4821 4.08602e-12 -2.76067 2 0.0100567 0.144014 0.00498032 0.478388 0.999999 0.0702652 1
8.36403 -4.975 2.53256 111.857 -65.9073 35.2992 -16.5004 6.43722 1969.12 -1153.95 630.48 -313.576 227.945 -51.8555 16.4213 42450 -24784.4 13697.6 -7643.48 3310.75 -1385.71 -19.3004 -45.6445 47.2154 -70.2536 -158.092 173.331 -114.885 60.6943 -214.139 -539.932 534.388 -373.939 246.991 -122.931 60.0782 4.08826e-12 -2.64585 1.59068 1.1677 0.0480456 0.000467484 0.454043 -0.621982 -0.0382707 -0.910645
9.81559 -3.20002 1.49314 164.849 -57.6831 24.3821 -11.169 5.7569 3729.46 -1354.21 561.349 -251.603 227.175 -62.131 34.1564 104704 -38942.7 16050 -7269.77 3329.34 -2008.37 -13.1842 -67.7164 39.5545 -61.6319 -322.605 199.04 -98.2966 47.4837 -251.163 -1519.95 843.725 -426.736 229.522 -120.251 78.0398 4.21177e-12 -2.80713 0.826106 1.39126 0.900381 0.00319928 0.242997 -0.856746 -0.433958 -0.905321
8.52567 2.76237 1.20283 133.034 34.6651 11.4593 3.5209 1.61163 2857.07 646.43 220.865 73.481 43.8025 4.95725 2.36926 77063.5 15694.7 5802.14 2437.66 659.639 187.208 7.36101 -55.8901 -22.7164 35.1812 -256.891 -97.1631 -38.2145 -12.009 118.708 -1177.17 -348.76 -156.976 -71.7822 -19.1166 -3.30699 3.54158e-14 2.55348 1.08077 1.41613 0.186446 0.00518603 0.4869 0.769187 0.0554357 -0.763887
9.92845 -2.38334 0.713044 149.098 -28.6865 7.43222 -1.57723 0.509448 2887.49 -474.423 156.746 -42.7839 17.7452 -1.03957 0.36471 67658 -9796 4206.39 -1388.41 325.813 -66.7605 -10.3701 -63.2573 22.0834 -31.2334 -265.17 75.8271 -27.8761 9.00924 -88.511 -1055.26 226.496 -116.733 47.142 -13.6053 3.95142 2.49425e-14 -2.92614 0.844209 1.16884 0.0188753 7.24711e-05 0.455053 -0.686572 -0.123262 0.860422
8.46066 -0.138218 0.128181 113.316 -14.8722 -0.150123 -0.195789 0.0333103 1990.64 -392.348 36.951 0.354489 1.69086 -0.103854 0.0122925 42734.9 -10346.5 1684.17 -120.995 0.405947 -0.79983 -2.63384 -49.7133 10.3634 -16.7511 -190.04 59.7329 -4.7512 1.12343 -73.3373 -688.656 237.902 -45.1396 6.37681 -0.0585584 -0.349109 7.24508e-12 2.66861 0.298979 1.15722 0.196958 0.00459226 0.385275 -0.948993 -0.0311713 -0.923161
6.14935 -3.03602 3.99512 82.2922 -24.6704 11.4773 -4.67244 15.9774 1598.15 -311.542 80.0198 -18.4551 147.65 11.1354 63.9624 40092.7 -5091.55 738.895 -2377.57 62.8976 70.8097 -12.6191 -30.9593 20.4536 -27.023 -140.624 50.6103 -15.4613 7.6914 -58.3981 -622.93 122.846 -13.5445 71.4377 -18.5054 11.0395 7.56209e-12 -1.98661 1.99852 1.48417 0.0320221 0.00490137 0.485371 0.908196 0.0695816 0.960324
11.0119 1.7629 0.138306 203.366 42.212 6.15422 0.5715 0.0414051 5025.67 1176 222.808 31.425 4.82446 0.25812 0.0179586 153541 38655.3 8399.24 1511.07 208.985 22.9694 3.91703 -85.076 -24.8603 43.093 -454.3 -170.674 -36.2335 -4.22619 216.614 -2364.55 -852.099 -224.066 -41.3187 -4.04871 -1.13992 3.73303e-12 2.99267 0.298979 1.43383 0.221174 0.00481531 0.487397 0.959555 0.0869714 0.776758
8.87023 -3.50559 2.51299 120.361 -26.8263 8.69813 -4.49299 6.34321 2115.28 -258.129 38.2631 -7.31557 99.4195 -0.445162 16.0822 45093.2 -2357.29 -34.2199 -462.153 -26.4956 14.7561 -14.2371 -49.4772 22.7946 -29.2832 -194.509 45.1378 -9.37662 5.55065 -48.5234 -728.258 66.6749 4.90009 16.7376 -12.6756 8.03502 4.21456e-12 -2.75778 1.58436 1.12468 0.0529005 0.00460488 0.53209 0.936523 -0.0497221 0.790894
8.79936 -4.00431 1.21428 90.3379 -51.8303 22.3579 -6.82605 1.47778 1050.91 -699.041 378.253 -157.199 72.8677 -10.6971 1.80247 13592.6 -10047.7 6350.63 -3301.62 1326.74 -403.359 -15.9556 -40.17 37.8446 -55.496 -89.3749 112.323 -70.0804 30.2266 -130.038 -149.624 228.492 -184.05 112.02 -49.8376 17.962 2.22821e-14 -2.90252 1.10164 0.612161 0.0260562 0.000420714 0.437167 -0.645108 -0.0418062 -0.968462
5.39342 -1.85565 0.634986 29.1759 -10.3915 5.52576 -1.29224 0.45164 158.298 -58.2857 81.1506 -38.6129 15.1262 -0.994848 0.353891 861.414 -327.481 932.927 -622.766 282.416 -78.1138 -8.55177 -15.2518 10.9605 -12.0538 -15.9583 12.7502 -15.0049 8.15566 -11.5771 -0.351518 5.70359 -28.4688 23.7049 -11.4782 4.05332 4.13387e-12 -2.3215 0.784616 0.0635024 0.139153 0.000456058 0.435812 -0.995874 -0.124648 0.927553
11.2389 3.46099 0.678438 216.943 72.2155 19.3702 3.69136 0.460285 5647.94 1957.73 586.952 143.704 34.7151 3.41574 0.312283 182598 64969.4 20711.2 5975.79 1308.59 232.792 9.76831 -89.7478 -44.7668 74.5471 -498.089 -285.59 -99.0723 -23.4968 361.135 -2723.13 -1423.05 -556.619 -176.745 -35.9917 -6.56561 5.93775e-12 3 0.823672 1.49632 0.0015202 0.0049819 0.476575 0.980103 0.0753297 0.999852
11.2389 6.66832 3.5869 216.943 122.591 64.7169 31.0293 12.8937 5647.94 3103.64 1615.56 784.703 580.308 137.101 46.4489 182598 98442.5 50705.9 27773 11248.7 4704.12 20.8201 -86.6715 -79.2196 127.359 -463.027 -448.067 -280.285 -139.195 572.988 -2485.78 -2096.66 -1343.67 -846.951 -365.12 -157.74 5.93775e-12 3 1.8934 1.49632 0.0440913 0.0049819 0.476575 0.980103 0.0783333 0.996153
10.8805 6.39249 3.52627 204.767 112.797 58.9995 28.6729 12.474 5209.53 2764.66 1405.63 676.304 519.092 123.118 44.2657 164803 85244.5 42504.3 23112.2 9134.69 3841.92 19.8697 -81.942 -73.2584 117.091 -428.896 -400.12 -244.801 -120.694 510.319 -2261.04 -1820.82 -1127.42 -705.903 -299.433 -127.948 4.21456e-12 2.94472 1.87709 1.48629 0.0529005 0.00460488 0.53209 0.939064 -0.0497221 0.790894
9.03904 2.48197 0.898344 143.915 31.9743 9.62183 2.38302 0.917794 3115.73 602.985 211.115 64.5145 30.065 2.57242 1.04425 84153.2 14686.1 6060.19 2270.88 587.407 141.923 6.39481 -60.7095 -20.6466 32.3604 -281.975 -90.6261 -35.9084 -10.1014 110.676 -1291.87 -326.368 -163.785 -66.2409 -16.2123 -2.66596 7.16876e-12 2.66708 0.931112 1.38771 0.177128 0.00338891 0.478905 -0.87181 0.0627674 0.869061
4.61108 2.97358 4.09029 21.5886 5.44839 6.37349 10.9665 28.6079 102.593 -13.1876 2.88935 1.95373 290.368 52.1513 269.473 494.695 -246.606 28.78 -30.3413 -18.896 311.849 8.0888 -8.08215 -7.41595 4.55193 -9.1981 5.11309 2.57646 -4.47888 -3.23956 -11.2126 6.85319 23.7582 2.93391 -17.3921 -1.08998 3.88715e-12 2.14321 1.81248 0.133181 0.897333 0.00323273 0.432426 -0.849776 -0.0430262 -0.972104
6.05125 4.24603 2.52032 66.9535 45.435 27.9864 14.8827 6.35212 1019.28 678.963 421.122 237.034 175.576 48.0484 16.0099 19485.4 12819.4 7968.33 5124.31 2418.62 1123.28 12.4734 -27.9912 -31.688 46.4718 -78.66 -102.257 -77.0933 -43.6371 124.723 -227.963 -273.703 -217.175 -161.374 -78.922 -33.9302 5.79516e-13 2.15207 1.58755 1.19158 0.00323452 0.003399 0.479401 0.936523 -0.0427808 0.722512
8.41841 5.46012 3.46505 77.8543 62.4197 46.5363 33.0803 22.7573 781.774 727.851 626.107 505.753 778.887 288.615 207.944 8448.72 8808.67 8522.78 7729.24 6597.89 6283.87 16.6569 -33.7143 -43.5432 64.2777 -48.0678 -108.611 -116.187 -96.4548 133.761 -12.3173 -160.978 -199.27 -252.144 -250.679 -227.043 7.20464e-12 2.86503 1.60472 0.458303 0.943363 0.00313471 0.351494 0.949935 0.0716985 0.77519
10.9503 -1.38171 0.0234321 197.852 -37.4364 3.68425 -0.0779244 0.000703522 4757.43 -1068.35 170.048 -14.353 0.39415 -0.00369753 2.52887e-05 140978 -35022.3 6917.99 -963.508 73.0551 -1.91065 -6.91867 -82.7992 25.2162 -40.4062 -431.138 158.583 -27.823 3.34911 -198.314 -2175.84 780.636 -187.294 32.6221 -3.41707 -0.675549 8.28213e-14 -2.99942 0.147383 1.39778 0.0413567 0.00319862 0.257592 -0.950945 -0.035889 -0.928352
8.34144 -0.839613 0.0795838 70.9038 -7.85696 2.22385 -0.0806655 0.00756872 613.847 -74.0296 78.7338 -11.5196 0.955634 -0.00889305 0.000828181 5410.03 -703.539 1580.88 -341.238 54.3548 -3.51862 -5.05071 -34.4197 7.77488 -9.39672 -66.4231 14.8104 -12.7128 2.9287 -14.4878 -86.7623 18.9512 -45.6101 13.9112 -2.31735 -0.434932 3.88715e-12 -2.88126 0.274962 0.19945 0.0630832 0.00327113 0.431291 -0.885644 -0.0497221 0.790894
10.932 6.80347 3.93439 207.322 122.067 68.0396 35.1568 16.264 5320.33 3034.36 1655.35 854.061 694.362 179.895 70.3982 169860 94790.3 50934 29548.1 12721.5 5793.3 21.2858 -82.4785 -79.2427 126.808 -431.466 -437.127 -287.762 -152.425 560.18 -2280.22 -2009.4 -1343.79 -902.419 -417.32 -196.963 7.52037e-12 2.94871 1.97084 1.4957 0.223991 0.0049819 0.47502 0.984213 0.0752984 0.999852
1.97359 1.1364 1.34826 11.684 6.71999 5.18065 4.11882 1.84177 115.276 66.2253 45.5267 32.603 20.54 9.15993 2.54846 1592.11 913.643 595.156 429.568 254.655 138.809 1.75823 -4.45561 -4.21352 5.88501 -8.55739 -9.19378 -8.31256 -5.7528 11.442 -17.6633 -18.3005 -16.3385 -13.2723 -7.15343 -1.64915 7.1249e-12 0.153311 1.15923 1.39645 0.0667265 0.00365695 0.479406 0.966327 0.0725896 0.951026
9.84725 -2.48394 1.59231 148.008 -31.887 17.8395 -8.36715 6.59052 2878.88 -558.127 353.47 -149.912 215.856 -46.0923 42.0872 67890.4 -12148.1 8925.08 -3792.35 2120.52 -1549.77 -10.7167 -61.7149 23.8843 -34.5885 -255.745 84.7764 -62.4155 29.8127 -103.986 -1011.32 263.852 -233.038 122.049 -83.4767 61.5038 5.29149e-13 -2.90736 0.844209 1.1809 0.937882 0.000125845 0.481567 0.936904 0.0517344 -0.995955
5.81929 -2.13059 1.22051 75.1965 -21.8959 8.99443 -2.66119 1.48969 1419.04 -355.39 154.79 -60.0436 32.3243 -3.32231 1.8183 34704.9 -7774.65 3732.84 -1930.22 582.318 -169.514 -9.49914 -31.4424 17.7503 -24.1144 -126.412 56.0926 -28.0687 12.5489 -66.5046 -520.328 173.712 -103.094 62.8022 -22.1184 9.44091 3.77523e-12 -1.90602 1.10476 1.47864 0.00304924 0.000382978 0.446896 0.891919 -0.429114 -0.941691
4.98128 -4.44722 2.55577 28.7417 -33.0437 27.8565 -16.2321 6.53196 187.019 -252.412 271.041 -219.499 190.862 -53.9222 16.6942 1348.27 -2039.51 2581.5 -2639.68 2063.58 -1207.23 -17.4818 -12.0155 27.9827 -35.8011 0.388196 40.5686 -55.0842 45.5794 -47.4665 37.1312 27.7003 -70.3091 95.4905 -83.1168 54.4964 5.79938e-12 -2.18633 1.59868 0.448582 0.000616373 0.000447618 0.454228 -0.993158 -0.0439239 -0.910795
5.66284 -0.733837 0.645859 66.7364 -0.379625 -0.213628 0.611942 0.41714 1125.78 68.4447 -7.13324 1.67165 4.24176 1.09658 0.269421 24357.8 2530.83 12.7206 -114.931 8.67813 3.75866 -4.68622 -29.0884 3.32159 -1.55786 -108.57 -7.1415 1.94135 0.738143 11.8523 -400.179 -53.6819 0.993793 5.31844 -1.12263 1.1467 1.08665e-11 -1.95919 0.803652 1.35071 0.00149415 0.00328041 0.48204 0.911614 -0.0420093 0.769719
2.30393 1.62299 4.04607 15.8881 11.0202 13.517 13.8381 17.1804 182.229 124.592 120.869 109.539 105.297 89.6202 76.3099 2920.53 1970.24 1690.77 1824.66 1157.54 932.357 3.43494 -3.19831 -8.00194 10.3932 -8.48005 -14.8008 -22.0048 -22.5504 22.2326 -22.1288 -33.6194 -43.156 -56.0302 -38.5883 -25.84 7.51032e-12 0.366973 1.99893 1.47284 0.224378 0.00288525 0.439457 0.928502 0.0707401 0.850377
6.04496 -3.82898 3.51519 74.0787 -37.0061 22.5792 -13.3799 12.4358 1289.12 -551.542 313.184 -183.39 211.97 -47.0516 44.2743 28653 -10924.9 6191.51 -5030.17 2107.75 -1089.41 -15.3515 -28.3822 28.8612 -39.9551 -104.368 83.1992 -57.8111 38.5097 -102.768 -390.187 232.825 -162.176 159.503 -84.8614 53.7915 1.08665e-11 -2.05324 1.87338 1.35247 0.0751183 0.00328041 0.482019 0.911614 -0.0390057 -0.876592
8.24584 1.35041 0.751921 129.178 8.04602 1.25125 0.13154 0.708033 2817.51 21.8327 -1.0543 -1.04937 9.64338 -0.74568 0.788394 77668.6 -2169.53 -93.8011 186.966 1.25465 -1.49533 2.49568 -54.5502 -5.23574 7.27514 -260.166 -4.60899 1.03097 1.46698 3.23484 -1233.3 45.3468 4.06709 -2.21865 0.923052 1.92152 7.31668e-12 2.473 0.838388 1.45949 0.221418 0.000343118 0.43951 -0.698292 -0.0523382 -0.747548
5.09868 -2.75438 1.74486 50.3863 -28.8098 17.6418 -11.3155 7.63635 697.496 -410.619 252.987 -161.594 182.892 -72.5074 50.8605 12243.4 -7342.93 4558.03 -3002.12 1911.28 -1439.58 -11.6486 -21.0398 22.6477 -31.3625 -54.7078 62.0975 -46.4832 33.2628 -76.7152 -144.761 153.828 -118.784 98.5502 -74.625 61.3705 7.36616e-13 -1.92745 0.930182 1.17627 0.937882 0.00315926 0.247956 -0.983192 -0.0441194 -0.939808
8.79936 -4.06602 1.26253 90.3379 -52.4389 22.9972 -7.18994 1.60667 1050.91 -705.898 386.865 -163.602 78.2342 -11.7667 2.06073 13592.6 -10134.1 6473.43 -3412.04 1396.04 -434.857 -16.1682 -40.1053 38.2879 -56.1341 -88.8452 113.302 -71.7273 31.458 -131.305 -147.559 229.777 -187.347 115.699 -52.4294 19.3014 2.22821e-14 -2.90252 1.1225 0.612161 0.0501753 0.000420438 0.437167 -0.645108 0.0547925 -0.970762
6.05125 1.61011 0.525696 66.9535 14.7765 4.40188 0.89879 0.276378 1019.28 199.923 73.765 21.9052 7.42986 0.500057 0.145314 19485.4 3506.77 1559.32 575.589 143.757 29.6154 3.39055 -30.0491 -9.41248 14.331 -96.7763 -31.0506 -12.2318 -2.69187 36.1595 -307.683 -80.0518 -43.1618 -15.5936 -2.56682 -0.0640225 5.95023e-13 2.15207 0.725042 1.19158 0.00323452 0.0031837 0.479401 -0.622969 -0.0427939 0.722512
1.44135 0.441113 4.85177 6.22825 1.86797 8.95575 3.0164 38.9899 44.8259 13.183 47.187 20.4853 136.939 29.1331 417.528 451.39 130.246 400.754 298.413 757.964 299.548 -0.637582 2.37062 -0.880331 0.798394 1.72049 -0.833343 -4.30016 -3.35873 1.63572 2.45769 -0.677285 -2.18536 -8.38206 -25.833 4.63743 3.59443e-13 0.214627 1.99418 1.18122 0.935424 0.00305395 0.483536 0.997956 -0.0382725 -0.971739
5.25724 -2.28906 2.55082 53.449 -12.0903 4.33321 -1.57178 6.52648 760.676 -86.711 11.1517 0.262209 52.524 6.89652 16.7491 13722.4 -559.35 -52.1972 -446.844 -3.6308 18.4438 -10.0452 -21.4177 12.3517 -13.8347 -71.7339 17.1347 -2.61476 2.80386 -16.8323 -227.292 18.5443 4.45586 14.9503 -7.16206 7.25529 6.45115e-13 -1.95919 1.59652 1.19115 0.0440653 0.00328041 0.481186 0.911614 -0.0390057 0.766021
8.50145 -4.332 2.56977 115.612 -49.6884 24.2447 -11.4599 6.63403 2069.88 -795.523 390.788 -189.955 177.479 -30.4304 17.2043 45385.9 -16037.9 8270.87 -4932.04 2040.72 -849.437 -17.0848 -47.1795 37.0108 -53.2506 -176.498 121.897 -71.985 38.3443 -147.875 -644.523 352.004 -223.708 159.306 -80.6688 40.1382 4.09959e-12 -2.66717 1.60213 1.17799 0.0543337 0.00313605 0.454564 -0.891036 -0.418606 0.773325
6.50351 -5.56355 4.49005 47.9764 -47.9794 44.6567 -39.2583 33.0925 393.433 -439.13 458.852 -450.593 846.246 -374.76 324.003 3536.55 -4289.07 4913.11 -5332.53 5419.81 -5836.39 -21.3284 -18.2529 37.986 -51.459 -7.44442 61.0233 -87.5255 94.2098 -81.9863 41.6074 53.7463 -88.4058 173.992 -236.653 250.758 7.38883e-12 -2.50626 1.9237 0.471345 0.888502 0.00462451 0.484195 -0.602341 0.0642727 -0.882174
10.3834 -6.84522 4.00207 161.445 -105.23 63.3171 -34.1851 16.0497 3224.62 -2087.56 1271.62 -715.933 653.574 -164.324 64.4972 77744.5 -50090.7 30734.5 -19108.8 9472.49 -4606.26 -25.7448 -63.7612 72.2439 -111.477 -248.624 304.41 -226.92 134.413 -386.741 -943.265 1050.81 -813.5 602.393 -341.83 185.03 3.54158e-14 -3 2 1.17618 0.0454805 0.00326459 0.4644 -0.690451 -0.130567 -0.999993
9.53975 5.67989 4.46197 141.955 73.6712 48.0944 35.1535 32.0065 2755.8 1308.45 814.695 547.285 921.404 302.518 302.793 65173 28966.5 17857.9 13042.8 8061.79 6405.73 17.4142 -56.7496 -50.3832 76.0731 -222.775 -188.742 -144.69 -104.132 241.1 -866.984 -601.304 -434.529 -406.268 -303.872 -228.662 6.84675e-12 2.84521 1.9295 1.20188 0.85965 0.00651371 0.48481 -0.610796 0.0762941 0.990898
0.00953087 -1.0503 0.605778 0.000117624 -0.0287458 2.20239 -1.8203 0.367172 1.74753e-06 -0.000585697 0.115639 -6.91656 7.30442 -1.82099 0.222673 3.00933e-08 -1.21304e-05 0.00350135 -0.581697 28.9213 -36.5691 -5.77668 1.42362 3.71998 -1.19002 1.61491 -0.301613 -0.424268 3.37804 -0.801603 -0.0815763 -0.670962 1.05342 1.36308 -2.63443 2.66032 7.35971e-12 -0.0938096 0.778263 0.0270302 0.00919712 0.00500331 0.43961 -0.954594 -0.124239 -0.999984
9.37324 2.38617 0.704122 137.844 30.213 8.89252 1.86582 0.556006 2650.28 526.865 208.259 62.1157 22.6394 1.61144 0.484104 62153.4 11487.1 5800.32 2120.66 562.124 119.679 6.0647 -59.1611 -19.4551 30.5138 -243.516 -80.0099 -35.1566 -9.52833 96.6034 -958.681 -257.096 -157.789 -61.7239 -14.9595 -2.52673 6.84675e-12 2.8158 0.826079 1.20188 0.147363 0.00677386 0.480706 -0.868923 0.0724997 0.989129
9.53975 5.68417 4.46197 141.955 73.7936 48.2054 35.2107 32.0065 2755.8 1311.49 818.005 549.842 923.127 303.203 302.793 65173 29049 17954.4 13125.6 8122.74 6445.39 17.4289 -56.7501 -50.4591 76.2015 -222.689 -189.174 -145.262 -104.57 241.662 -866.217 -602.853 -437.071 -408.819 -305.772 -230.049 6.84675e-12 2.84521 1.9295 1.20188 0.85965 0.00651371 0.48481 -0.610796 0.0763296 0.999455
8.61302 -5.04368 4.79388 132.918 -62.1619 41.8445 -33.1194 38.9692 2804.42 -1131.69 691.593 -472.049 905.019 -313.913 425.458 74040.7 -26738.3 15807.3 -12273 7076.51 -6161.2 -19.5371 -50.7556 44.8438 -66.3272 -225.643 161.249 -121.307 94.2164 -210.024 -1012.39 551.069 -373.824 374.57 -286.845 255.752 7.59848e-12 -2.58738 1.96757 1.38509 0.960487 0.00491404 0.374835 0.91642 -0.0396517 -0.822053
6.14375 -4.29245 2.55577 67.539 -45.7002 28.1446 -15.0455 6.53196 1014.66 -674.411 418.17 -235.927 179.436 -48.8674 16.6942 19070 -12524.1 7783.4 -5002.6 2376.29 -1112.4 -16.9485 -27.2527 34.7252 -49.0696 -75.8795 102.173 -78.0688 47.5654 -125.484 -216.171 265.459 -213.112 164.437 -90.682 50.8042 5.79938e-12 -2.18633 1.59868 1.16777 0.000616373 0.000466595 0.454312 -0.683616 -0.0439239 -0.910795
7.55885 -1.11327 0.631568 113.422 -5.3889 0.453288 0.219001 0.399345 2401.44 14.2232 -8.27154 2.14018 4.55662 0.721533 0.252804 64723.5 2633.41 -174.657 -159.189 4.38711 1.76353 -5.99369 -47.9646 6.80863 -6.80932 -222.823 2.24147 1.66007 0.865491 1.82803 -1032.01 -50.9904 5.48629 7.10077 -1.50995 1.20367 6.12655e-12 -2.32046 0.794596 1.47456 0.0135948 0.00499882 0.367553 0.732958 0.0586729 0.728153
1.82445 0.821583 4.00191 9.9858 4.4968 8.6592 9.92714 16.0464 91.0927 41.0208 54.8272 57.7207 62.3354 66.4258 64.4652 1163.36 523.882 567.946 554.263 533.092 501.713 0.673443 -0.480488 -2.8873 3.55433 -3.30858 -2.54526 -9.51426 -12.1869 6.78228 -8.13638 -5.45412 -13.3043 -16.571 -18.0773 -9.2697 1.08541e-11 -0.00396443 1.99999 1.35071 0.0440653 0.00328041 0.48204 0.893003 -0.0385104 0.766021
11.2478 4.86156 2.58265 217.539 77.2645 31.4413 12.7643 6.67009 5676.77 1775.18 695.235 277.18 224.109 33.5046 17.2266 184001 52322.7 20764.9 10438.7 3325.87 1169.53 14.5944 -87.874 -50.5161 79.8403 -491.007 -260.395 -121.034 -48.889 327.386 -2717.94 -1138.16 -552.068 -314.517 -108.859 -33.6059 5.93775e-12 3 1.60706 1.49927 0.0015202 0.00318677 0.484801 -0.856884 0.070408 0.937652
8.38939 3.91744 4.74046 134.201 38.4318 23.4214 18.9297 38.6563 2992.19 566.65 262.025 148.158 633.005 129.377 425.373 84369.3 10626.2 4345.72 4475.8 1189.44 1676.18 11.3411 -52.0759 -27.6014 39.13 -258.548 -82.1406 -44.8013 -32.1751 103.959 -1276.91 -231.251 -75.8889 -134.95 -80.208 -52.4364 7.06311e-12 2.4905 1.94732 1.47878 0.973853 0.00497516 0.483924 -0.914579 -0.0420724 -0.950174
8.24584 1.32155 1.56872 129.178 7.33194 7.84058 3.30474 6.39454 2817.51 3.18822 103.097 16.7116 112.362 12.92 40.2118 77668.6 -2738.85 2219.46 197.469 248.855 345.747 2.39621 -53.5758 -4.93694 6.52654 -254.856 -0.749224 -17.7299 -2.91552 -0.212068 -1208.63 59.7864 -53.6588 -3.89271 -14.9398 -7.7587 7.31668e-12 2.473 0.838388 1.45949 0.930498 0.000375928 0.440737 -0.682515 -0.0423428 -0.821059
11.1801 -0.0413335 0.138306 214.564 -17.4131 -0.0511014 -0.177109 0.0414051 5552.89 -687.864 42.54 -0.534202 2.1058 -0.115402 0.0179586 178442 -27195.2 2855.49 -145.325 4.95501 -0.399577 -2.29999 -89.0555 11.5934 -19.4149 -503.016 100.032 -5.63588 1.25994 -127.971 -2775.8 600.083 -74.7752 7.91971 -0.114727 -0.326177 3.73303e-12 2.99267 0.298979 1.49133 0.221174 0.00460126 0.487397 -0.948993 -0.0309167 -0.923161
6.20474 2.64207 2.47369 69.4207 16.1233 5.63378 2.59179 6.15 1064.04 135.306 22.0182 3.95863 62.1587 -3.36176 15.3664 20430.3 1180.1 34.9876 489.127 -2.52731 -11.0023 6.94647 -28.9183 -12.4315 15.743 -100.077 -22.4492 -3.56106 -0.0153435 24.2134 -335.084 -30.738 3.70849 -12.0022 -1.87965 9.05068 1.04447e-13 2.19084 1.57181 1.18531 0.0558427 0.00312713 0.352526 -0.659215 -0.0383986 -0.943793
6.36938 5.86377 3.88011 45.9865 52.0677 45.9731 30.6249 15.3581 368.909 480.434 515.886 441.917 484.189 152.366 61.9772 3242.77 4682.51 5786.73 5987.05 4985.17 3321.35 18.0478 -19.4674 -38.6181 53.4252 -6.56339 -72.9531 -99.8046 -84.3751 88.0194 56.0454 -69.5781 -146.659 -201.227 -177.89 -112.459 7.29038e-12 2.48054 1.96483 0.465095 0.139874 0.00323326 0.440756 0.981944 0.00203891 0.997935
8.6192 -4.86255 4.44188 133.072 -59.8669 38.7508 -29.3598 33.1984 2808.66 -1089 642.749 -421.776 773.308 -255.09 332.39 74175 -25711.2 14753.3 -11049.9 6122.68 -5069.53 -18.9129 -51.2578 43.2991 -63.9212 -228.57 156.423 -113.256 84.3365 -202.132 -1026.22 534.556 -354.807 339.03 -248.712 211.986 7.59848e-12 -2.58858 1.89869 1.38509 0.914793 0.00491404 0.374835 0.915291 -0.0396517 -0.810569
9.88536 -0.480631 0.816244 168.973 -7.73337 9.67272 -1.15896 1.99782 3904.14 -172.553 229.561 -25.1424 73.3158 -4.65749 8.14601 112159 -4839.79 7064.34 -764.63 805.726 -188.879 -3.81372 -70.398 6.90532 -9.26714 -350.881 27.1149 -39.4441 5.95374 -32.7024 -1717.65 108.438 -188.097 27.3786 -30.194 8.91494 4.06271e-12 -2.80713 0.147383 1.41611 0.89136 0.00515165 0.257592 0.794536 0.055495 -0.928352
6.78487 -1.97584 0.609413 46.0643 -12.6974 5.20397 -1.15193 0.378496 312.944 -81.396 83.1635 -33.1091 12.6992 -0.682909 0.239453 2127.4 -520.299 1165.05 -605.156 223.637 -54.9787 -8.9659 -22.9453 12.4684 -14.4711 -33.0921 17.07 -15.2119 7.1952 -15.8497 -24.9942 12.2566 -34.7701 23.0901 -9.69298 3.15743 7.1249e-12 -2.60457 0.778773 0.0330987 0.0540789 0.000413754 0.374835 0.915637 -0.0396517 -0.810569
6.19665 2.00819 1.45844 38.8374 12.248 10.4888 6.07949 5.49188 246.15 75.531 114.942 66.1232 130.522 30.1042 31.8223 1577.33 470.861 1286.08 821.956 734.926 712.795 4.76226 -19.1329 -8.91789 11.6803 -22.219 -11.5952 -21.0006 -12.2663 13.1624 -7.29267 -5.33542 -30.1062 -25.8629 -29.7402 -22.2242 1.09794e-11 2.48574 0.816585 0.133181 0.889737 0.00323273 0.440742 0.880032 -0.0429869 -0.923284
8.59018 0.99442 0.607837 139.05 0.34478 -0.56485 -0.571077 0.376134 3125.9 -182.774 -16.3335 -2.0226 5.63285 -1.08093 0.236845 88693.1 -8727.35 68.0682 213.651 12.1557 -2.37854 1.269 -58.6094 -0.273054 -0.798435 -288.822 25.4391 4.19774 1.93636 -34.592 -1406.61 191.717 0.56662 -2.93131 0.490711 1.45671 7.35971e-12 2.53293 0.777874 1.47459 0.0524308 0.00500331 0.439672 -0.966709 -0.0421166 -0.985057
0.256045 -0.621918 2.34056 0.196046 -0.483243 1.37375 -4.79106 12.7189 0.249457 -0.622988 1.68301 -5.10701 31.9831 -44.853 102.395 0.443233 -1.11993 2.98601 -8.19368 26.6023 -83.3888 -4.30057 3.0721 2.85822 -1.66649 0.889255 -1.24881 2.1911 4.92769 -0.91667 0.273229 -0.369059 2.85173 -0.857075 -2.44858 15.818 7.35971e-12 0.133265 1.16749 0.488145 0.988695 0.000641341 0.477655 -0.620486 -0.0425704 -0.934523
9.76123 -1.56143 0.0594236 163.577 -35.0742 4.54625 -0.197549 0.00355449 3696.61 -903.652 167.001 -18.995 0.937112 -0.0180831 0.000214008 103732 -27438.2 6006.41 -994.38 102.681 -4.91772 -7.53796 -69.0971 24.2304 -37.9299 -336.159 135.668 -27.8511 4.17059 -167.865 -1599.84 615.051 -164.201 33.6697 -4.53525 -0.455042 3.88715e-12 -2.79622 0.243568 1.3937 0.00991205 0.00326839 0.249367 -0.786122 -0.142024 -0.974609
10.4408 -6.50917 4.67361 190.761 -112.341 72.0411 -49.9537 37.7768 4729.45 -2695.78 1641.65 -1061.38 1372.43 -529.839 412.772 146109 -81445.1 47976.2 -32673.3 19299 -14375.9 -24.5869 -73.5265 75.4469 -118.933 -370.102 380.084 -284.165 196.989 -499.187 -1892.18 1676.48 -1210.15 994.67 -682.432 550.651 5.8808e-12 -2.87303 1.93002 1.47866 0.97397 0.000418245 0.481955 -0.98659 -0.0426922 -0.941709
10.0487 6.50339 4.04953 178.759 107.583 62.251 34.0974 17.1989 4331.08 2499.37 1394.19 745.193 649.062 177.672 76.3668 131029 73463.7 39980.9 24167.2 10562.3 5044.52 20.2518 -71.069 -70.6646 111.624 -348.651 -360.905 -244.136 -134.516 461.272 -1742.77 -1556.33 -1053.94 -740.751 -351.679 -171.478 7.46798e-12 2.80704 1.99996 1.47284 0.222952 0.00288525 0.439457 0.928502 0.0715756 0.850377
9.83377 -1.35337 0.832408 165.921 -33.406 11.5069 -3.3617 2.07776 3774.57 -892.613 285.057 -94.7315 86.8113 -13.9134 8.64005 106614 -27714.6 8812.57 -3016.12 1126.62 -504.557 -6.82101 -69.1253 22.7756 -36.181 -337.501 131.811 -49.1748 18.2077 -165.824 -1616.52 608.952 -235.802 97.0766 -41.8221 20.4339 4.21177e-12 -2.80713 0.147383 1.39778 0.900381 0.00319928 0.257592 -0.950945 -0.035889 -0.928352
10.7776 4.40437 4.31374 202.145 51.0519 28.2553 21.3907 33.5949 5135.58 857.025 376.6 197.792 751.929 153.515 358.557 162415 17842.7 7220.92 5454.44 1684.04 2512.18 13.019 -79.7122 -35.4326 52.3602 -445.289 -124.565 -65.9105 -41.3413 157.642 -2457.6 -389.075 -146.617 -166.102 -106.292 -84.3346 5.81697e-12 2.92464 1.82591 1.49133 0.989854 0.00460126 0.48724 -0.948993 -0.0305805 -0.922516
9.28822 6.199 4.65548 150.64 94.7052 63.8132 45.9797 35.7361 3312.87 2012.44 1289.63 869.222 1157.7 460.395 364.972 90749.3 53845.8 33403 23883.3 14555.5 11017.5 19.2029 -59.3797 -63.0616 98.1241 -257.771 -286.338 -226.245 -161.236 371.252 -1146.69 -1110.69 -841.655 -735.962 -510.201 -397.891 4.42987e-12 2.71189 1.95615 1.39063 0.910478 0.00321238 0.253638 0.886452 -0.0412778 0.901815
5.81877 -1.19393 1.22051 75.1782 -5.54189 1.08563 0.768426 1.48969 1418.45 -3.19252 -6.68839 5.11729 12.9272 3.65439 1.8183 34684.2 1529.53 -177.749 -341.51 18.4004 13.9156 -6.2716 -31.5467 6.93387 -6.96972 -133.148 4.55447 1.21928 0.353146 -1.39171 -559.78 -27.9941 6.09161 11.5945 -2.72796 2.60788 3.77523e-12 -1.90602 1.10476 1.47847 0.00304924 0.000382978 0.453266 0.891919 -0.0260313 0.931632
10.3295 4.08679 1.28521 187.829 74.0622 25.7897 7.44731 1.6518 4643.42 1827.54 657.792 209.866 83.6608 12.3925 2.12296 143193 56287.8 20623.6 7510.33 2061.59 529.979 11.9247 -77.6364 -47.0631 76.483 -404.536 -268.079 -113.157 -35.7679 337.066 -2100.39 -1231.22 -556.704 -225.981 -61.0201 -15.176 4.95651e-13 2.8517 1.13367 1.48232 0.00199453 0.000476311 0.374153 0.936164 -0.0416707 0.771632
4.68698 -0.128196 0.148742 22.3044 -8.94393 -0.419074 -0.248802 0.0349893 107.732 -82.2673 22.943 1.78464 1.31834 -0.115408 0.0107919 527.975 -589.144 370.915 -74.0154 -6.63407 -1.29324 -2.5993 -12.7447 7.04876 -10.5362 -14.8711 15.8787 -2.43227 0.934622 -16.0108 -6.86743 18.2768 -11.0992 3.82862 0.182817 -0.263224 7.8696e-12 2.16079 0.353929 0.134118 0.153219 0.00328119 0.434836 -0.791376 -0.0410254 -0.994546
1.48614 1.27529 2.52032 6.61377 5.61689 6.62782 7.41058 6.35212 48.9727 41.1914 41.9108 42.1001 39.1496 29.2539 16.0099 506.887 422.516 399.568 443.312 334.087 268.46 2.23681 -0.690968 -4.07498 4.72857 -0.685164 -4.11904 -7.84501 -8.63225 6.81382 0.09862 -5.50992 -9.78364 -13.7857 -10.5543 -3.59864 5.79516e-13 0.278897 1.58755 1.18674 0.00323452 0.003399 0.479401 0.936523 -0.0427808 0.728522
10.0897 -2.00766 0.18049 181.593 -44.3523 7.70646 -0.798411 0.0594507 4462.07 -1199.79 262.406 -42.6831 6.62291 -0.39525 0.0269274 137089 -39097.7 9625.95 -1971.57 305.528 -35.8418 -9.07557 -75.7159 30.1867 -47.6565 -399.656 178.245 -44.4002 8.32233 -222.614 -2084.42 866.969 -261.785 63.8003 -11.4519 1.01905 3.79686e-12 -2.80501 0.371949 1.49051 0.20529 0.00325846 0.483598 -0.98659 -0.0430284 -0.942097
9.35252 5.86579 3.56248 155.287 90.068 50.3047 26.6396 12.9978 3514.8 1948.21 1044.32 536.641 451.641 118.129 48.5279 99387.6 53395.2 27844.9 16248.9 6751.61 3084.68 18.0548 -62.3731 -59.6671 93.2628 -285.95 -283.739 -184.233 -97.3851 359.376 -1336.14 -1140.28 -739.314 -499.868 -225.676 -102.195 7.35971e-12 2.70528 1.88173 1.42617 0.146889 0.00500331 0.475019 0.782033 0.0628029 0.768335
8.45495 3.30385 1.71651 135.439 53.1061 24.42 12.3814 7.03994 3018.12 1185.6 523.35 250.727 231.811 71.9343 43.1887 84963 33415.9 14426.4 7008.93 3295.2 1993.57 9.22684 -56.1174 -34.0553 54.5138 -260.552 -172.703 -91.1851 -44.9511 218.387 -1227.79 -720.977 -380.978 -214.922 -110.415 -68.1656 1.09305e-11 2.50713 0.973906 1.47284 0.876366 0.00288353 0.440722 0.864521 0.0707401 0.859768
7.87802 1.00146 0.605778 103.866 -1.62594 -0.993302 -0.568 0.367172 1831.16 -174.353 -13.3604 -0.846124 5.17719 -1.05626 0.222673 39895.1 -5932.39 208.337 131.377 9.68355 -0.00910278 1.29327 -45.218 0.808755 -2.86443 -175.738 25.1128 3.95875 1.74678 -33.0353 -653.818 134.071 -3.31688 -0.955265 0.612633 1.36737 7.35971e-12 2.53293 0.778263 1.20925 0.00919712 0.00500331 0.43961 -0.954594 -0.124239 -0.985057
4.43612 4.70087 4.07102 19.9933 28.9938 33.4064 32.6019 28.3898 91.5129 167.35 247.577 303.61 588.412 305.442 266.794 425.252 933.831 1698.88 2573.01 3313.88 4066.49 14.0407 -7.53346 -23.6862 29.2357 13.1939 -20.6281 -49.9316 -63.9928 30.1376 47.1908 9.79062 -14.4862 -87.3428 -138.714 -153.206 3.88715e-12 2.102 1.80713 0.133181 0.897388 0.00323273 0.483255 0.968792 -0.0430262 0.835798
8.61356 4.52471 3.20724 74.1935 41.1274 30.9836 23.7605 20.7583 639.072 372.804 335.695 272.51 594.586 190.92 190.524 5504.7 3370.96 3827.9 3546.39 3179.21 3740.21 13.4337 -32.8359 -29.9388 41.956 -47.5479 -56.0606 -63.2691 -54.3995 68.1211 -30.7568 -56.8136 -73.1907 -116.387 -137.135 -133.209 7.62804e-12 2.93489 1.4991 0.00156439 0.979759 0.00531957 0.478448 -0.625516 -0.041523 0.875538
4.61108 -0.336531 0.877815 21.5886 -9.93223 3.62178 -0.968758 2.30136 102.593 -85.7395 45.6232 -22.5178 46.2358 -4.54936 10.0162 494.695 -593.92 492.289 -306.074 170.479 -34.8396 -3.31719 -11.5077 7.84833 -11.5723 -10.9959 16.2641 -7.68453 5.45131 -16.6527 -0.7844 15.1671 -12.1253 12.3917 -9.24859 4.04889 3.88715e-12 2.14321 0.268013 0.133181 0.897766 0.00323273 0.432426 -0.849776 -0.0430262 -0.972104
7.77801 -5.38074 4.51486 112.676 -70.8727 49.5987 -38.3539 33.7173 2258.77 -1344.29 869.728 -606.397 861.687 -371.309 335.386 57039.1 -32679 20104 -15061 9153.46 -7293.17 -20.6985 -42.8353 50.3571 -75.4591 -169.955 190.215 -153.706 118.518 -249.329 -702.831 665.59 -498.171 464.107 -344.257 298.61 4.68958e-13 -2.42195 1.92449 1.38281 0.900655 0.00338891 0.483936 -0.601947 0.0622938 -0.837477
10.0238 4.03798 1.28521 178.919 71.7832 25.3857 7.41682 1.6518 4357.78 1744.48 637.802 206.343 82.3196 12.3947 2.12296 132669 53030.9 19735.1 7296.68 2027.07 526.646 11.7565 -74.0896 -45.7071 74.0939 -379.48 -256.219 -109.862 -35.1907 321.71 -1942.21 -1160.41 -533.2 -219.73 -59.966 -15.0661 3.85088e-12 2.79758 1.13367 1.48232 0.00199453 0.00511536 0.374153 0.936164 -0.0416707 0.79672
2.09543 0.101229 3.96205 13.1725 0.635007 9.87035 0.126488 16.7033 138.009 6.63893 71.9059 2.23744 73.9792 -0.628816 74.5318 2024.3 97.1731 856.653 109.075 706.784 2.07481 -1.80875 -1.9009 0.598314 -0.494176 -6.8527 -0.644397 -12.4175 1.79348 0.425886 -18.3494 -2.03664 -20.6734 -1.85787 -25.3782 14.5153 3.49534e-13 0.0699525 1.97436 1.44587 0.252903 0.00367925 0.441034 -0.927327 0.0635447 0.853563
9.58208 2.52626 1.69596 158.458 33.2313 17.5585 8.38821 7.12548 3539.82 637.288 359.297 150.183 210.329 45.2476 45.3536 98287 15749.3 9910.44 4125.73 2084.65 1443.58 6.54742 -65.5991 -21.5743 33.6781 -313.58 -93.3197 -62.229 -26.8376 117.018 -1477.22 -339.286 -257.344 -125.452 -74.8921 -47.1179 4.42987e-12 2.76554 0.931121 1.39063 0.910478 0.00321065 0.253638 -0.998935 -0.0412778 0.901346
1.49928 -0.493869 3.44575 6.7294 -2.14332 7.09087 -2.72227 22.4496 50.2441 -15.4999 40.4836 -20.149 96.3966 -22.2444 203.34 524.269 -156.899 367.016 -277.602 528.523 -250.472 -3.85934 0.562674 3.33853 -3.40683 -0.238694 2.26578 -5.17117 6.29225 -3.66706 -0.276771 1.63754 -4.03187 9.5072 -20.8024 23.1708 5.54137e-13 -0.289849 1.60191 1.18965 0.937882 0.00315926 0.481212 0.936904 0.0517344 -0.996013
10.1622 4.37377 1.42145 174.934 77.3144 29.4319 8.98381 2.04579 4043.07 1812.82 731.036 255.997 107.866 16.9112 2.98052 115741 52393.1 21824.3 8741.29 2691.07 746.897 12.9135 -72.7109 -49.4258 79.8925 -350.043 -267.082 -126.318 -43.8777 334.345 -1665.95 -1146.16 -590.769 -264.791 -80.8085 -22.3323 7.11741e-12 2.86568 1.19038 1.39645 0.0667265 0.00370723 0.479406 0.950094 0.0725896 0.974952
11.2389 3.45671 0.678438 216.943 72.0713 19.3109 3.68265 0.460285 5647.94 1953.08 584.474 142.955 34.5883 3.4059 0.312283 182598 64800.2 20610.4 5937.92 1298.69 231.085 9.75357 -89.7473 -44.6787 74.3959 -498.133 -284.919 -98.6582 -23.373 360.277 -2723.7 -1419.4 -553.924 -175.61 -35.7027 -6.5081 5.93775e-12 3 0.823672 1.49632 0.0015202 0.0049819 0.476575 0.980103 0.0752942 0.991295
10.6358 -6.57412 3.78166 196.577 -114.961 63.7165 -32.7917 15.1552 4919.04 -2786.81 1511.53 -776.307 629.326 -163.053 64.0632 153188 -84921.9 45365.9 -26183.8 11236.6 -5109.64 -24.8107 -76.8851 77.1874 -121.68 -393.496 401.081 -264.481 143.218 -516.017 -2031.66 1792.19 -1198.58 808.185 -389.442 200.644 7.15168e-12 -2.90677 1.92997 1.47866 0.238532 0.00039294 0.481955 -0.98659 -0.04508 -0.941709
10.8088 6.46889 4.46578 193.871 111.615 70.4586 48.1226 35.6759 4636.61 2610.34 1579.78 1017.6 1347.15 504.215 389.46 136810 75847.7 44675.1 29963.4 18099.2 13827.9 20.1329 -76.8632 -72.9172 115.851 -370.745 -371.348 -274.728 -186.096 481.788 -1795.76 -1576.18 -1130.09 -920.222 -628.823 -496.538 7.1249e-12 2.97478 1.86418 1.39982 0.995294 0.00508826 0.472088 0.895757 0.0716908 0.950961
0.222284 -0.0634162 4.81764 0.14823 -0.0422841 2.72841 -0.744668 38.1081 0.164746 -0.0469896 2.92476 -1.43964 73.1588 -9.26163 400.483 0.256342 -0.0731064 4.47911 -2.77517 86.2384 -43.0821 -2.37609 6.00769 1.12086 -1.20421 1.98475 0.188898 5.65715 2.15733 -0.810182 0.570223 0.0552627 6.11275 0.0492775 -1.58555 20.1097 7.38883e-12 -0.0108648 1.99247 0.471345 0.920709 0.00463894 0.484195 0.866642 -0.0431677 -0.950179
10.1648 6.12956 3.55456 182.665 101.977 54.6162 27.5492 12.674 4468.82 2385.64 1228.76 604.034 481.421 118.77 45.329 136481 70647.8 35448.8 19824 7870.46 3406.38 18.9637 -73.1438 -66.7675 105.747 -366.736 -346.039 -215.091 -108.586 440.246 -1864.97 -1509.62 -940.764 -606.746 -260.119 -112.951 5.771e-12 2.82458 1.88462 1.4787 0.0524401 0.00497273 0.482482 0.896352 -0.0361546 0.716226
11.1228 0.927375 0.109522 209.262 14.6368 3.11387 0.139211 0.0193141 5283.26 330.175 146.684 17.4496 2.17804 0.0291809 0.00449454 165171 9497.39 6367.28 862.307 109.411 8.16453 1.03798 -87.2455 -7.99397 14.1846 -478.264 -47.626 -23.1185 -1.78552 60.24 -2555.37 -207.686 -168.947 -21.9296 -1.96 -0.724291 6.79476e-12 2.9995 0.302158 1.45803 0.134992 0.00458928 0.439539 -0.932484 -0.0310441 0.974589
7.39388 2.17047 0.69415 62.8103 17.2544 6.63869 1.64173 0.56699 598.414 155.506 110.625 42.5988 19.1207 1.43501 0.527689 6291.1 1558.1 1839.71 904.147 328.422 86.3766 5.32143 -30.0339 -11.8572 16.9287 -60.145 -25.8825 -18.9035 -6.30762 27.9478 -92.0671 -35.2723 -52.2397 -26.2928 -8.2218 -1.43776 7.18757e-12 2.66708 0.81411 0.5297 0.177128 0.00338891 0.486036 -0.870714 0.0722624 0.869061
10.0013 3.0262 1.98147 175.799 43.6169 22.0012 11.1892 9.19724 4198.95 916.676 466.713 210.99 279.199 66.2291 63.432 125069 24829.2 13376.4 6222.57 3017.07 2071.21 8.2701 -72.0019 -28.3204 44.5659 -367.855 -133.444 -80.8086 -37.9655 168.67 -1863.55 -533.57 -346.499 -189.49 -107.011 -69.0564 7.15336e-12 2.80765 1.06588 1.45548 0.919441 0.00353923 0.488065 0.976877 0.0742665 -0.90971
0.0217614 0.154149 0.592465 0.000515624 0.00529656 1.74368 0.141741 0.35652 1.31744e-05 0.000171306 0.224685 2.38052 6.17877 0.115626 0.217825 3.60269e-07 5.54315e-06 0.0132801 0.272054 19.6865 7.27999 -1.6264 1.24992 1.47385 -1.15433 1.24557 0.563694 0.106139 0.84984 -0.801463 -0.0558442 0.5797 0.875957 0.526375 -0.658027 0.951345 7.1249e-12 0.145851 0.768204 0.0221081 0.0482431 0.000460427 0.377467 0.966327 0.072596 -0.882116
9.64398 6.02626 4.33507 161.21 96.0559 62.4051 43.7908 33.3955 3645.45 2113.96 1311 862.988 1133.82 444.935 350.813 102542 58373.6 35141.2 24251.5 14756.8 11304 18.6077 -63.9327 -63.4326 99.5401 -288.47 -301.098 -229.182 -159.126 390.02 -1324.82 -1209.69 -888.42 -746.302 -514.274 -406.988 7.62804e-12 2.77037 1.84117 1.40323 0.972192 0.00501945 0.377305 0.946957 0.0617742 0.904115
9.23519 4.78874 4.83534 133.958 45.8913 28.7645 25.4866 38.834 2541.39 613.198 301.162 191.439 787.314 195.314 415.994 58822.5 10109.4 4300.65 3477.72 1442.64 2222.14 14.3434 -52.9857 -33.3747 46.9502 -218.197 -88.7564 -53.6461 -42.506 112.564 -884.854 -218.393 -65.189 -108.459 -101.114 -77.3027 5.78445e-12 2.79416 1.98909 1.19494 0.937474 0.00312713 0.496299 -0.659215 0.0720002 -0.87897
7.7887 0.924872 1.52937 117.052 0.446623 6.72582 1.99553 6.28435 2460.79 -142.333 94.4954 -0.664274 109.023 5.56624 40.3985 65551.2 -6429.92 2305.26 -213.368 234.912 256.689 1.02936 -48.7074 -0.371463 -0.691667 -223.679 20.7739 -15.9062 0.531149 -27.1155 -1021.54 141.554 -55.5875 8.79139 -14.7688 -4.15634 7.06311e-12 2.3871 0.777963 1.44585 0.961325 0.00500981 0.483924 -0.914226 -0.0420724 -0.950174
5.66792 -2.84895 3.51149 66.9092 -20.2668 9.20133 -4.25007 12.3578 1130.87 -221.317 56.1571 -14.654 108.75 5.29279 43.5861 24518.4 -3094.47 443.187 -1344.52 30.2987 32.4982 -11.9745 -25.4979 17.7513 -22.4065 -100.933 37.0552 -11.1635 6.79856 -41.7177 -386.389 76.7797 -7.23803 41.661 -13.9361 10.9138 1.08665e-11 -1.95919 1.87338 1.35259 0.0440653 0.00328041 0.48204 0.882743 -0.0390057 0.759937
10.3295 6.22829 3.55181 187.829 105.594 56.5169 28.1875 12.6154 4643.42 2506.9 1298.92 638.049 497.259 121.662 44.8081 143193 75188.3 38109.7 21256.2 8497.16 3646.62 19.3039 -75.1964 -68.9585 109.539 -380.708 -363.318 -226.969 -114.339 462.665 -1952.28 -1605.24 -1011.39 -650.164 -279.37 -121.227 4.95651e-13 2.8517 1.88462 1.48232 0.00199453 0.00317579 0.482067 0.936164 -0.0416183 0.771632
0.306286 -0.491511 3.41976 0.267317 -0.374009 2.97187 -2.69569 22.1797 0.375629 -0.471375 4.43239 -10.346 69.189 -21.9415 200.176 0.720751 -0.827199 8.93531 -25.3602 102.015 -169.13 -3.85122 4.25443 2.35637 -1.55198 2.14031 -0.462345 2.50538 4.71782 -0.888641 0.911514 -1.10729 5.6044 1.01217 -6.08724 20.3479 5.51187e-13 -0.289849 1.59378 0.471459 0.937882 0.00314529 0.481279 0.936904 0.0517344 -0.996013
6.05986 -3.71778 1.38667 36.8689 -32.8235 19.5864 -7.64561 2.05939 225.206 -262.332 222.321 -130.675 77.936 -15.0393 3.25468 1381.07 -1984.96 2200.04 -1799.62 1047.95 -431.404 -14.9683 -17.6728 26.7265 -35.5703 -11.4994 46.0496 -44.2129 26.4984 -49.3004 23.4125 39.7321 -66.8755 65.8413 -42.0646 20.0279 7.53015e-12 -2.46045 1.16697 0.0778734 0.157611 0.000471179 0.345543 -0.965048 -0.0396821 -0.727961
6.61048 4.93198 4.64214 49.3199 34.3103 31.6232 30.3994 34.9201 407.6 266.93 282.949 279.005 728.729 264.709 347.407 3682.45 2285.89 2962.92 3265.12 3346.96 3834.77 14.837 -19.9261 -27.1724 34.8093 -21.6089 -36.595 -53.1784 -58.9509 48.5475 -5.97545 -27.1055 -36.684 -107.355 -151.109 -138.863 3.54158e-14 2.5287 1.96352 0.464899 0.886979 0.000420438 0.433435 0.859361 -0.129664 -0.925725
0.0195235 0.235967 2.12758 0.000419087 0.00773353 1.40175 1.0763 9.9681 9.77404e-06 0.000232819 0.156526 2.82065 30.0119 7.23686 68.026 2.45459e-07 6.98273e-06 0.00833276 0.304552 14.9457 42.5859 -1.34447 3.06786 1.03685 -1.15178 0.970987 0.986156 1.93025 0.584688 -0.801452 -0.0719308 0.639397 2.85022 0.56216 -1.35676 5.08459 7.1249e-12 0.137956 1.15923 0.0221751 0.885308 0.000471191 0.482634 0.882272 0.0649179 -0.730182
5.78055 -3.03737 3.99902 69.093 -21.3195 10.0122 -4.67771 16.0086 1179.79 -226.817 56.2876 -13.2948 142.031 11.1732 64.15 25812.5 -3015.45 363.527 -1613.1 21.8438 58.6551 -12.6237 -25.8086 18.5944 -23.5101 -104.766 38.0315 -11.0163 6.87293 -42.7346 -406.966 75.7853 -2.58679 49.1858 -16.7969 11.4537 7.56209e-12 -1.98661 1.9995 1.35423 0.0320221 0.00360656 0.485568 0.908196 0.0730785 0.9615
