11.25 1.44651 0.0384292 217.687 40.5783 4.19804 0.145436 0.0033454 5683.92 1240.66 197.368 18.1984 1.15258 0.0199737 0.00042802 184349 44160.2 8554.81 1212.43 104.425 4.71442 2.58491 -90.6403 -22.4608 40.92 -488.243 -174.133 -30.6953 -1.68965 232.707 -2725.61 -956.602 -216.222 -31.0662 -0.990767 -0.707206 3.35287e-11 3 0.152616 1.5 0.123035 0.031267 0.00382662 0.998565 -0.909314 0.978752
0.0100421 -1.20042 4.99989 0.000100851 -0.0321389 2.85187 -16.4025 42.9967 1.01291e-06 -0.000524469 0.13711 -10.0735 96.5139 -229.211 498.928 1.0174e-08 -7.29338e-06 0.00327315 -0.730988 47.0847 -390.843 -5.99732 6.63739 3.11455 -1.18311 1.94916 -6.58397 7.15572 10.5151 -0.784652 -0.128463 -1.15125 8.03265 -9.61022 -1.77059 50.7605 4.88745e-11 0.100209 -2 0.00043761 0.999945 0.00458185 0.00266271 -0.999999 -0.920411 -0.999997
11.0534 7 4.09522 204.532 124.121 71.2659 37.9996 18.3125 5061.36 2996.96 1697.93 911.22 789.178 211.231 88.4977 154789 90121.6 50554.9 30181.8 13841.8 6653.64 20.5913 -81.546 -77.8117 127.533 -388.116 -421.341 -289.585 -146.017 563.242 -1963.28 -1881.05 -1271.99 -905.013 -408.467 -205.578 3.06683e-12 3 2 1.43296 0.308577 0.0406903 0.00337796 0.999997 -0.901388 0.999997
9.00061 -7 4.09 81.0327 -81.0127 62.8124 -37.89 18.1844 729.737 -891.49 871.517 -675.938 747.188 -209.251 87.0696 6573.38 -9488.34 11251.5 -10828.6 8414.04 -5315.95 -24.8016 -33.3697 56.9717 -85.1402 -26.5958 131.635 -160.639 116.459 -168.563 78.9392 154.729 -275.425 353.733 -285.831 192.823 5.74342e-13 3 -2 0.0246246 0.300004 0.00120233 0.00269354 -0.999999 -0.920407 -0.999997
4.74989 -4.27654 2.7596 22.5789 -27.0568 24.3134 -16.2855 8.48421 107.413 -160.673 189.426 -170.661 198.987 -63.6777 28.6225 511.383 -916.86 1350.17 -1576.21 1425.73 -1003.94 -15.9712 -9.35838 23.4685 -29.2011 5.08072 25.3203 -39.335 33.946 -31.0232 31.6784 5.70044 -31.0249 58.6543 -58.14 44.896 1.46875e-11 2.17921 -1.63699 0.030296 0.282601 0.0417121 0.0114594 -0.90908 -0.904145 -0.509304
4.67521 -2.55801 0.745254 21.8944 -18.616 9.91392 -3.02314 0.600768 102.706 -118.355 98.4734 -51.7675 22.0535 -3.33386 0.519512 482.596 -701.436 808.456 -660.564 344.189 -110.131 -10.3991 -11.626 16.2435 -20.4501 -5.61231 22.5644 -19.6502 10.1029 -23.0589 11.4773 14.9834 -25.468 25.4784 -13.2811 5.24741 9.65386e-12 2.16177 -0.854329 0.0443785 0.124002 0.0039992 0.00263916 -0.998089 -0.908806 -0.424208
0.519895 -1.56862 1.70148 0.271736 -1.4744 4.29457 -4.84606 2.98556 0.142783 -1.11501 6.1809 -17.5493 23.6395 -12.3221 5.3952 0.0754197 -0.76683 6.42989 -35.1244 97.019 -116.029 -7.19116 2.05388 5.13204 -2.67838 3.0091 -0.884159 -1.95593 6.42796 -0.994397 1.23889 -2.08954 1.62075 2.95834 -6.15317 9.50973 1.46198e-11 0.720555 -1.29928 0.0263716 0.115565 0.00189057 0.00238153 -0.980121 -0.906528 -0.284714
8.84366 -3.83566 1.18307 109.114 -55.9603 23.1787 -7.51408 1.97314 1679.32 -944.763 457.641 -185.145 95.63 -17.1574 4.1238 30643.3 -18334.7 9785.84 -4637.24 1818.08 -626.382 -14.5417 -47.0393 38.4344 -59.1669 -137.326 142.395 -80.9029 31.4049 -178.589 -384.988 403.197 -262.011 148.669 -58.7319 23.4981 1.55453e-11 2.81461 -1.0271 0.960013 0.357948 0.0363247 0.00287692 -0.999838 -0.819995 -0.889692
8.2658 3.20999 1.20726 131.067 48.7319 17.8344 6.241 2.12331 2902.1 1053.27 382.112 134.865 73.1915 14.7528 4.7449 81344.5 29050.9 10489.4 4121.23 1286.69 434.094 8.30273 -54.996 -30.1802 49.3733 -243.194 -152.028 -65.0255 -20.7766 197.44 -1156.06 -630.605 -271.544 -121.724 -34.8063 -11.1798 1.53361e-11 2.46552 1.02978 1.47885 0.383156 0.0401805 0.00321292 0.406599 -0.913356 0.935488
11.0473 2.36265 2.1429 211.297 20.8052 13.4901 7.25955 10.8315 5465.05 191.372 193.985 54.2934 255.04 35.009 81.5379 175791 -1276.83 4458.94 1054.25 527.486 975.151 5.55536 -85.724 -13.8868 20.4201 -462.265 -28.7673 -33.1114 -9.73943 35.2317 -2595.32 23.5091 -99.9936 -29.9515 -30.5214 -25.8534 2.31653e-11 2.96624 1.10153 1.49956 0.964118 0.00339038 0.00338582 -0.856558 -0.893166 -0.952978
10.7341 1.32616 1.01751 193.939 31.821 13.7585 3.99213 3.10198 4694.57 876.041 318.943 105.1 116.982 20.0187 15.7421 140586 28360.5 9578.11 3250.06 1371.12 727.529 2.1947 -80.372 -17.7331 31.8408 -398.991 -122.562 -53.7186 -15.598 164.086 -2056.44 -607.216 -242.108 -94.7698 -42.7111 -20.9597 3.28645e-11 2.95125 0.211716 1.42275 0.98625 0.0332691 0.00372086 0.477941 -0.781707 0.924719
7.0043 4.36495 2.59612 99.3833 57.7592 32.1615 16.8508 8.03756 2001.99 1118.46 603.222 311.231 232.778 68.8222 28.5937 51503.9 28021.4 14795.9 8690.11 3680.79 1715.7 12.0475 -40.6731 -37.3209 58.7324 -155.552 -160.489 -105.023 -50.6015 209.71 -659.649 -593.147 -379.53 -262.195 -107.07 -49.8621 8.66117e-13 2.21102 1.57099 1.45454 0.357948 0.0391905 0.00273337 0.859879 -0.92022 0.923058
9.69529 4.12336 2.81369 136.77 49.8815 28.5139 18.5076 15.8892 2450.17 803.558 449.301 262.597 454.143 127.508 127.03 52617.1 15892.4 9109.82 5494.26 3234.64 2845.01 11.2642 -56.9294 -32.7119 50.5651 -201.947 -115.573 -78.6315 -44.7226 150.445 -728.562 -335.066 -214.934 -168.359 -113.392 -88.3768 8.98057e-12 2.91913 1.40804 1.08349 0.911647 0.0145156 0.00270953 0.726841 -0.90201 -0.700664
10.3136 -6.50785 4.59955 163.623 -101.184 67.6253 -48.2204 36.6797 3369.16 -2058.72 1338.85 -917.544 1322.73 -498.437 395.728 84255.5 -51056.7 32626.4 -23207.1 15192.7 -12332.9 -23.2059 -63.8593 66.8 -106.053 -245.312 285.231 -230.264 155.194 -388.235 -985.873 1027.49 -773.269 700.124 -500.479 432.131 1.79139e-10 2.96937 -1.91305 1.22327 0.96942 0.00422115 0.00296729 -0.724892 -0.8311 -0.929676
11.2072 0.897305 0.0739256 216.103 16.6694 2.76418 0.103741 0.00839272 5623.51 424.701 130.551 14.2876 1.18533 0.0154375 0.00123589 181785 13533 5746.78 813.969 87.2127 5.01875 0.804216 -89.9164 -8.68935 16.1324 -483.706 -59.444 -19.9999 -1.09545 79.1441 -2699.45 -291.993 -145.52 -19.8426 -1.11942 -0.609231 2.06678e-12 2.99395 0.251505 1.4978 0.103301 0.00268014 0.00197401 0.998526 -0.915557 -0.709902
10.5128 5.97031 4.67308 176.786 87.4239 55.784 40.8537 37.5891 3913.84 1771.81 1054.74 693.584 1175.62 400.65 408.095 106119 45017.4 25970.5 18241.2 11025.1 9186.34 17.2527 -70.1909 -56.4346 89.4875 -304.187 -247.05 -181.268 -116.974 332.67 -1389.63 -925.827 -607.322 -551.52 -366.41 -298.135 6.06547e-11 2.96597 1.93302 1.30992 0.967733 0.0355031 0.00364668 0.981453 -0.835011 -0.507382
6.29429 -5.86004 4.04922 39.6691 -47.8433 44.3778 -31.6655 17.8405 250.332 -370.592 437.439 -405.805 522.72 -174.167 84.7149 1581.75 -2774.46 3999.2 -4651.96 4323.17 -3227.54 -21.1054 -15.5723 37.1902 -50.7516 5.66854 53.8613 -85.348 74.9647 -70.5299 67.8069 24.1575 -87.1314 159.472 -160.958 126.955 8.66117e-13 2.50844 -1.98974 0.045023 0.300289 0.039734 0.00314853 -0.739466 -0.920378 -0.998344
11.1468 1.94102 1.16967 213.626 41.6236 17.1758 6.3125 4.03145 5523.78 1139.33 408.169 149.49 152.969 34.0557 22.8355 177404 37943.1 12594.3 4537.21 1930.61 1213.35 4.18829 -87.7811 -24.1045 42.0038 -465.062 -159.545 -68.7585 -23.0052 213.637 -2575.68 -809.983 -317.735 -133.673 -59.1403 -36.2937 9.67479e-13 2.9866 0.437025 1.4923 0.989284 0.000710616 0.0113506 0.565829 -0.913553 0.705763
3.97657 2.0343 1.071 15.8271 8.11213 5.7951 2.31604 1.28427 63.0493 32.377 53.2945 37.0449 25.7017 2.92524 1.69607 251.386 129.336 428.538 406.299 268.093 117.402 4.49073 -8.78836 -6.31541 7.26052 -4.86411 -5.78054 -9.31235 -4.9821 5.3088 5.49616 0.376603 -11.8889 -12.4877 -6.40021 -1.08254 5.96389e-11 1.99391 1.01905 0.0296856 0.180358 0.00390506 0.00262764 0.873238 -0.924639 -0.868453
10.1486 -5.16742 3.20202 147.225 -61.8415 30.9899 -16.3665 11.1182 2692.36 -983.255 487.63 -249.017 322.706 -56.0111 41.4956 58755.7 -19167.4 10076.9 -6072.12 2741.71 -1297.87 -18.8597 -59.6328 43.5985 -65.2644 -218.392 145.906 -87.8701 45.2453 -185.833 -806.23 414.506 -253.131 191.386 -102.96 54.5172 8.49361e-12 2.99887 -1.77023 1.07488 0.261322 0.0027966 0.00269071 0.993914 -0.781707 -0.711366
10.7891 -4.96131 4.63813 187.289 -57.1596 33.2856 -26.8411 37.5879 4288.99 -932.253 434.161 -253.236 896.114 -214.51 413.146 120435 -18984 7839.66 -5628.08 2268.6 -3200.8 -18.1914 -73.009 40.4684 -60.4104 -349.076 132.903 -75.8418 50.2485 -176.234 -1729.71 408.138 -150.17 167.317 -132.929 131.912 3.15299e-11 2.99967 -1.91592 1.33833 0.983555 0.0385791 0.00306267 0.593793 -0.771847 0.977827
8.81805 2.9983 1.13057 77.789 25.957 11.2595 3.88468 1.67774 686.496 224.728 168.004 76.4512 56.3171 6.31055 3.01791 6060.81 1945.7 2593.78 1538.33 694.435 247.705 7.61638 -36.7049 -17.598 25.7613 -64.6153 -36.8959 -29.1954 -11.3393 41.5091 -76.6384 -42.7697 -69.3003 -45.6763 -18.7153 -5.0722 6.03328e-11 2.96937 1.01905 0.0296856 0.303484 0.00404927 0.00263184 0.873238 -0.919548 -0.928525
6.08735 4.81738 4.43577 74.5034 55.1228 43.9796 37.7297 35.3937 1291.62 920 692.768 549.833 786.455 407.899 386.591 28562.6 19832.7 14408.3 12213.2 8634.08 7609.71 13.5144 -28.5683 -37.0451 55.9991 -85.7758 -125.683 -120.899 -94.9924 172.359 -294.28 -386.168 -335.643 -370.148 -274.353 -252.731 6.20599e-11 2.0692 1.85408 1.34379 0.999073 0.0658977 0.0125734 0.968764 -0.814693 0.993051
10.3137 4.44235 4.29428 163.627 41.5446 24.6035 20.7429 32.8171 3369.28 508.036 248.749 140.914 723.117 141.235 342.14 84258.9 6707.71 3523.95 2591.36 920.54 2011.87 12.2985 -65.5268 -29.0827 41.9219 -281.862 -72.9775 -43.3316 -28.5327 94.8277 -1244.63 -146.594 -44.7063 -78.9937 -73.1437 -59.8502 5.9046e-11 2.9694 1.83153 1.22327 0.96942 0.0349431 0.00368389 -0.99366 -0.830957 -0.99872
6.54893 -2.84459 1.75535 85.8576 -30.2063 12.8614 -5.73767 3.69942 1592.3 -489.818 190.163 -78.3083 68.3756 -13.4891 8.99618 37642.2 -10497.7 3946.87 -2101.07 645.471 -258.024 -11.3283 -35.4468 22.7786 -32.4664 -133.289 74.0418 -34.5081 15.51 -92.9681 -538.905 232.213 -103.934 67.6099 -25.2644 14.0991 6.02973e-11 2.15092 -1.29034 1.38654 0.300609 0.00399825 0.00106606 0.473179 -0.833322 -0.611507
1.82299 0.807699 3.63582 9.95508 4.32144 8.38856 4.76914 13.419 90.4809 38.5223 55.2596 34.2884 57.2939 24.3642 50.2579 1149.85 480.603 586.821 566.661 498.288 297.243 0.513681 -0.933694 -2.55542 3.33049 -3.38503 -4.31858 -9.41234 -5.11825 6.46534 -7.54774 -7.54248 -13.4787 -16.3248 -15.2829 0.589161 3.23488e-12 0.293093 1.90317 1.31798 0.117305 0.0330559 0.00364682 0.984075 -0.91583 -0.484289
10.5128 5.03909 4.67308 176.786 58.0546 34.241 27.7986 37.5891 3913.84 948.675 447.339 267.306 888.677 225.63 408.095 106119 19504.7 8016.29 5738.86 2444.28 3227.43 14.2333 -70.0801 -39.0524 59.0386 -319.914 -133.801 -77.7334 -49.9634 177.756 -1523.56 -415.194 -154.062 -174.282 -124.242 -103.193 5.98836e-11 2.96597 1.93302 1.30992 0.967733 0.0355031 0.00364668 -0.880994 -0.8311 -0.507382
9.1673 6.34161 4.78399 113.154 80.7159 61.1221 48.4273 39.9471 1714.11 1246.73 950.075 752.147 1294.33 520.169 452.255 30473.2 22476.6 17230.1 14091.4 11136.2 10726.5 18.4565 -45.7932 -53.5263 82.5329 -115.482 -174.159 -167.931 -128.988 233.85 -282.576 -434.549 -383.043 -437.747 -378.36 -355.619 4.69051e-11 2.88714 1.94653 0.911979 0.997507 0.0435153 0.00262736 0.735321 -0.889226 0.708091
9.18312 5.72285 4.75349 128.537 71.0186 50.016 39.617 38.5517 2327.03 1189.24 801.488 584.583 1080.51 391.402 420.782 51060.5 24628.6 16430.9 12787.9 8795.85 7958.98 16.4503 -51.2646 -47.2261 72.4792 -174.525 -165.945 -139.731 -100.846 223.03 -623.739 -494.567 -368.423 -391.282 -301.603 -260.372 6.01006e-11 2.80862 1.95533 1.13788 0.964461 0.065489 0.0111476 0.999624 -0.901361 -0.537486
7.98735 -6.35011 3.78804 63.8211 -64.4493 50.6368 -30.6996 14.5394 510.134 -624.664 615.774 -480.123 526.902 -143.331 56.5303 4079.09 -5869.89 6995.8 -6772.72 5252.3 -3249.55 -22.6944 -26.4583 47.0001 -67.968 -15.1473 93.8555 -116.381 85.1395 -118.346 63.6401 92.2131 -172.305 227.324 -186.128 123.505 1.14083e-11 2.82606 -1.94306 0.0270351 0.112103 0.0367459 0.00263931 -0.998884 -0.828839 -0.718932
4.70215 -1.85123 0.745254 22.6522 -8.8526 3.87834 -1.44294 0.600768 111.705 -43.3465 26.8312 -12.6539 10.0814 -1.21081 0.519512 563.429 -217.15 201.622 -125.16 58.2997 -20.7419 -8.10748 -12.0125 9.75627 -10.3278 -11.3584 9.73216 -5.55223 3.77243 -8.94236 -6.60728 6.03655 -6.14357 6.7484 -4.09587 2.37299 9.65386e-12 2.16177 -0.854329 0.170013 0.124002 0.0323273 0.002703 0.408992 -0.908806 -0.417728
10.9334 0.63989 0.0317191 196.618 12.7473 2.01596 0.0395621 0.0019333 4700.39 321.389 103.732 8.51767 0.477628 0.00339456 0.000164632 138395 9793.95 4399.77 528.052 46.2423 1.65311 -0.0304136 -82.6562 -6.12308 12.066 -408.613 -44.5797 -15.6309 -0.261582 59.7009 -2073.17 -211.615 -111.648 -11.5511 -0.284585 -0.634566 1.53247e-11 3 0.152616 1.39047 0.0918012 0.0310924 0.00382662 -0.614668 -0.909314 0.978752
11.2028 3.81064 1.82379 215.966 77.5225 33.5589 15.8386 8.40099 5618.83 2075.14 876.021 401.101 370.622 104.282 59.0448 181602 68325.1 28547.7 13198 6130.98 3763.66 10.2503 -88.1272 -46.7729 79.2222 -461.314 -291.282 -147.248 -63.3221 389.756 -2535.28 -1447.4 -716.23 -393.348 -181.7 -116.951 3.52602e-12 2.99322 0.942424 1.4978 0.967279 0.030266 0.00197401 0.998526 -0.892243 0.980979
2.43698 1.6081 3.27328 17.7397 11.4946 12.26 12.7504 21.7873 214.401 136.658 118.722 107.502 144.1 131.001 206.122 3615.42 2270.35 1774.06 1696.31 1333.95 1301.65 3.10887 -4.96883 -7.75846 10.7673 -12.0687 -16.6143 -19.7366 -19.9256 24.9344 -32.755 -40.2594 -40.0095 -49.638 -40.5006 -41.1801 2.28033e-11 0.44295 1.50847 1.49692 0.99889 0.0649653 0.0134771 0.895342 -0.819706 0.984508
9.91785 4.06415 2.80832 142.09 50.6825 29.8863 19.4365 16.8638 2577.47 835.88 492.646 291.222 505.217 145.261 146.16 55944.6 16861 10372.1 6293.82 3876.54 3562.9 11.0722 -59.0923 -33.0341 51.3956 -212.009 -119.683 -85.814 -49.2962 156.528 -769.903 -352.888 -244.462 -192.548 -133.875 -111.576 5.96772e-11 2.95744 1.35772 1.08231 0.982307 0.00746508 0.0028859 -0.740343 -0.82488 0.83792
10.5336 1.76942 1.26 180.506 27.682 14.7332 5.71902 4.58319 4096.4 594.392 285.417 98.4805 143.646 30.6576 27.0415 114245 15937.9 7287.26 2411.89 1249.9 966.322 3.63192 -75.1036 -16.3518 27.5497 -348.968 -84.0751 -48.8074 -15.4306 111.08 -1677.45 -341.831 -183.147 -70.7277 -41.1385 -28.2773 3.14822e-11 2.95436 0.547443 1.34363 0.979954 0.00411327 0.00278732 0.616164 -0.915794 -0.312007
10.9854 2.53694 2.26645 206.936 23.1709 14.227 8.07313 11.8348 5254.78 243.476 198.162 62.0329 276.932 40.2992 91.3218 165655 412.412 4349.85 1243.66 557.976 1052.97 6.12048 -83.9676 -15.4862 22.8728 -444.569 -36.1396 -33.9324 -11.2194 45.0376 -2447.25 -12.7208 -95.9405 -35.8042 -32.7679 -28.2612 1.8119e-12 2.96754 1.15633 1.47618 0.964028 0.0375346 0.00279314 -0.836071 -0.905939 -0.952978
10.5791 6.47804 4.43676 181.81 109.233 70.5481 48.4673 35.4201 4135.88 2457.93 1545.04 1020.05 1350.18 510.424 387.117 115590 68183.6 42134.9 28985.6 18169.6 14069.2 18.8989 -72.4043 -68.9725 112.099 -311.714 -341.558 -263.812 -167.169 461.797 -1420.48 -1392.96 -1017.34 -873.576 -563.265 -455.387 5.98974e-11 2.96199 1.85408 1.34379 0.999568 0.0659175 0.0126659 0.994915 -0.814693 0.97762
2.06186 0.562244 3.3556 12.7331 3.36038 7.86585 1.88913 12.4123 130.859 33.4699 54.4573 16.2335 48.6507 6.96293 49.9822 1880.17 466.663 620.405 428.239 404.071 97.0632 -0.282168 -2.51347 -1.55303 2.3341 -7.55654 -4.4345 -9.13232 -1.25836 5.51447 -19.4684 -9.26163 -14.8036 -11.5419 -12.5789 7.28415 3.49523e-11 0.319054 1.80793 1.40002 0.294909 0.0377505 0.00310444 -0.714686 -0.847619 0.685518
9.43208 2.6946 2.51129 128.499 17.2448 13.0973 9.57624 14.3474 2216.45 92.587 125.522 48.5592 305.484 53.7029 120.636 45744.6 -1080.6 1906.76 435.213 362.32 1109.09 6.63168 -53.8544 -12.639 16.7288 -192.922 -13.8261 -21.9238 -10.0158 16.6403 -694.67 24.0285 -30.1622 -12.4087 -29.4921 -30.4122 4.79263e-11 2.88417 1.22963 1.05529 0.999645 0.00458185 0.00266271 -0.999999 -0.920411 -0.703748
9.00061 3.39663 3.12661 81.0327 12.5759 12.5549 12.9735 20.1008 729.737 -48.7964 44.744 21.0876 424.918 75.389 184.299 6573.38 -1898.47 436.182 -153.903 37.4003 1160.44 8.90788 -35.7526 -11.5022 11.8883 -67.4174 7.67619 -8.34211 -7.69489 -9.96802 -112.266 45.5652 20.5466 6.12504 -29.3613 -31.9472 5.74342e-13 3 1.46554 0.0246246 0.98934 0.0658191 0.0128041 -0.999999 -0.920407 -0.999997
10.0732 3.32016 2.06833 145.924 25.5405 7.59581 3.94376 4.97267 2671.54 214.732 28.7334 6.5693 93.3225 2.21623 13.5136 58457 776.646 -116.017 299.386 -15.0554 0.4369 8.65996 -61.4372 -18.1166 25.3295 -236.587 -35.0794 -5.52055 -1.11234 39.6279 -910.662 -25.6612 9.48232 -5.53399 -3.22683 5.93533 2.35316e-11 2.98359 1.40804 1.08231 0.292819 0.00423888 0.00283971 -0.956378 -0.90652 -0.805357
10.0229 -6.57531 3.746 145.162 -96.2803 58.1872 -31.1299 14.331 2662.28 -1777.53 1106.04 -629.771 574.935 -143.937 55.9553 58428.4 -39193.2 24842.9 -15589.8 7980.08 -3918.78 -23.4246 -57.9326 64.4477 -100.969 -193.889 254.797 -194.776 106.68 -335.314 -656.655 811.709 -631.313 485.46 -260.022 143.353 1.08296e-11 2.97285 -1.93029 1.08862 0.141315 0.00385696 0.00275429 -0.96327 -0.900342 -0.710417
8.86508 0.057745 0.177657 78.6604 -13.5852 0.132104 -0.109292 0.0812046 698.586 -245.627 33.4334 -1.78633 2.96968 -0.133397 0.0570372 6209.74 -3292.31 982.571 -124.756 11.0431 1.72089 -1.91793 -37.8556 8.98471 -15.2344 -73.264 38.9637 -4.17182 1.34424 -47.0116 -107.58 83.4105 -26.0959 6.65821 -0.207312 -0.175649 1.8256e-12 2.97709 0.286532 0.0446773 0.309122 0.039734 0.00314853 -0.74134 -0.906384 -0.849232
5.94279 2.1948 2.06833 60.4178 9.77922 3.0179 1.42315 4.97267 827.38 39.13 1.12292 -1.28597 49.4673 -4.24434 13.5136 14060.1 -411.675 -98.3838 229.567 -3.45274 -4.54539 5.01114 -25.8738 -7.67209 8.98888 -76.852 -7.34042 0.741756 1.20658 6.57969 -228.787 6.94814 7.0135 -4.33618 -1.17318 6.72547 9.3936e-12 2.18435 1.40804 1.08231 0.292819 0.00401119 0.00283971 -0.956378 -0.971259 -0.805357
10.7353 1.45525 0.99759 190.08 38.6372 14.5098 4.33221 2.98434 4478.32 1080.4 369.312 129.309 130.091 21.4898 14.8739 130018 34700.4 11712 4249.01 1703.76 828.54 2.61326 -79.0353 -21.6085 38.9076 -381.068 -151.516 -61.745 -19.2167 202.546 -1892.44 -744.373 -295.53 -124.579 -52.161 -24.1858 5.88091e-11 2.97019 0.157044 1.38319 0.986371 0.00761415 0.00197401 0.996632 -0.784769 0.98096
8.38647 4.60758 3.56152 70.3333 24.4146 12.8304 10.502 12.8589 589.856 85.4411 14.1034 4.44617 222.441 16.5805 47.0525 4946.91 -284.067 -251.638 -118.449 -66.9403 -50.7625 12.8342 -30.8302 -20.0775 24.1622 -54.0832 -15.7123 -4.517 -3.59592 15.2954 -91.3598 2.22147 24.0297 5.69046 -10.3748 11.4499 5.96389e-11 2.89594 1.88394 0.00378557 0.110758 0.067032 0.00294101 -0.977508 -0.781832 -0.7189
6.47827 -3.20261 1.70586 42.3276 -33.283 21.5302 -12.9127 7.52509 278.899 -299.366 256.493 -190.43 247.199 -82.777 51.1126 1853.04 -2512.17 2757.34 -2540.86 2068.79 -1917.78 -12.4891 -19.8438 25.0731 -35.6562 -15.0384 47.5336 -48.0861 34.709 -57.1251 21.4892 44.0785 -66.0808 86.022 -76.608 70.5016 2.40871e-11 2.54251 -0.88098 0.117867 0.964225 0.00418306 0.00253497 -0.957255 -0.911782 -0.968163
4.76187 2.75002 2.0076 42.8284 20.4538 11.9031 6.04412 4.23003 535.346 226.894 138.278 80.0367 70.6064 13.8243 9.32346 8449.2 3283.59 2157.61 1585.41 752.614 351.66 6.81136 -18.3299 -14.3657 20.0558 -43.5109 -34.5053 -24.7672 -12.5837 41.9167 -109.013 -69.6791 -55.7847 -48.1541 -21.3786 -5.94481 8.98057e-12 1.88401 1.40804 1.10108 0.158143 0.0137704 0.00285578 0.901087 -0.90201 -0.706577
8.20516 6.14236 4.81809 106.467 79.5594 61.2598 48.4787 39.4103 1811.31 1352.16 1032.97 806.183 1207.48 522.054 433.128 37650.3 28086.6 21355.8 17543.4 13014.2 11347.1 17.8105 -42.1978 -52.5578 81.3339 -121.077 -187.282 -180.754 -136.679 253.691 -366.273 -546.899 -494.868 -537.451 -419.388 -374.093 6.06906e-11 2.62876 1.97178 1.13788 0.964461 0.065489 0.0111476 0.999645 -0.901008 0.918411
10.3313 -3.08567 1.70045 164.297 -28.4066 7.76604 -3.23979 3.28382 3392.01 -337.797 59.9009 -15.6928 64.9127 -2.27895 7.05541 85064.6 -4167.54 636.692 -568.688 41.9743 -16.7539 -12.11 -67.9768 22.2552 -30.6005 -294.865 55.6327 -12.4159 5.38477 -64.3579 -1295.58 106.845 -15.7495 20.638 -9.67963 5.5837 3.3603e-11 2.97139 -1.28131 1.22561 0.242252 0.031883 0.0028487 0.451206 -0.90421 0.992007
4.20641 -4.65754 3.33579 17.704 -27.831 30.3527 -22.9367 12.6765 74.5563 -151.815 228.657 -248.02 303.95 -114.888 53.7123 314.156 -785.371 1523.31 -2227.26 2412.68 -1955.59 -17.2065 -6.24132 24.4599 -30.0037 13.4747 21.344 -47.4368 48.2162 -29.356 44.701 -8.15754 -29.3626 80.8419 -92.4923 80.4974 2.61422e-13 2.0508 -1.79377 0.0246246 0.34378 0.000948189 0.00269354 -0.957744 -0.92467 -0.999997
6.25603 -5.47762 3.49891 39.5442 -44.999 39.0122 -25.6425 13.0803 252.512 -352.256 390.046 -336.523 390.102 -119.943 51.9337 1628.67 -2682.36 3624.76 -3935.99 3387.56 -2313.43 -19.8655 -16.1824 35.0836 -47.8027 1.3577 53.094 -76.4109 62.1847 -67.0791 56.2456 30.6222 -85.3859 136.529 -125.79 92.2324 1.83711e-12 2.49795 -1.85432 0.127494 0.245754 0.00414741 0.00284549 -0.958411 -0.904012 -0.732791
6.8952 -1.37878 1.8813 96.1453 -7.46836 7.25674 -3.46381 8.66235 1902.31 -23.1729 79.9449 -16.9949 120.583 -12.6417 60.1626 48055.7 1458.85 1512.37 -323.551 204.766 -309.032 -6.57564 -39.5548 7.96966 -8.89266 -164.487 5.86317 -13.7102 5.50689 -5.14569 -721.663 -28.0216 -32.6029 12.0004 -15.8537 16.2197 6.62168e-11 2.1957 -0.994388 1.44017 0.944716 0.0345806 0.0026388 0.896872 -0.824465 0.712321
5.5071 -3.69789 3.80812 63.7963 -33.6451 21.6619 -14.2685 15.2596 1061.33 -477.558 271.125 -163.554 218.443 -57.8493 64.1098 22685.1 -9069.25 4908.31 -4262.43 1710.48 -967.853 -14.095 -23.7905 25.7755 -36.0316 -80.2394 69.7767 -49.1679 32.1474 -90.6608 -293.144 190.571 -120.79 132.262 -65.6803 47.1303 6.5204e-11 1.92016 -1.93857 1.3491 0.223792 0.0658347 0.00431478 -0.701265 -0.778991 0.750203
11.0285 5.62437 3.61472 208.217 87.2535 41.3066 21.6602 14.3866 5296.41 1953.56 815.601 367.69 432.262 91.1278 62.2796 167204 56062.9 21726.5 11897.1 3982.57 1808.14 16.131 -83.2396 -55.5373 89.3108 -429.003 -277.742 -140.667 -60.7613 366.875 -2338.01 -1199.11 -543.921 -354.847 -129.502 -51.0853 6.50586e-11 2.97499 1.87675 1.47577 0.304154 0.0369679 0.00278722 0.551847 -0.889138 -0.469769
8.90202 -3.39017 2.7424 79.3091 -16.6787 12.9914 -11.8389 15.0785 707.136 -28.3133 55.9975 -35.4449 323.607 -63.7817 117.334 6309.97 819.986 340.271 -15.4074 98.1682 -834.825 -13.0973 -34.6699 16.3349 -18.4415 -64.1699 6.91705 -12.145 12.2231 -6.11311 -105.201 -17.6092 12.8297 2.04285 -31.9758 40.0216 6.53091e-11 2.98333 -1.39083 0.0421098 0.898889 0.0371116 0.00276395 0.871455 -0.785054 0.646783
9.01265 6.29 4.72097 109.828 78.9735 59.6824 46.8944 38.1501 1645.78 1205.95 918.512 722.659 1221.2 486.89 415.344 28979.4 21524.4 16505.7 13451.7 10522.3 9895.34 18.2892 -44.491 -52.4903 80.7265 -110.466 -168.81 -162.65 -123.998 226.176 -266.135 -416.642 -369 -418.393 -357.069 -327.663 1.46979e-11 2.86023 1.94653 0.911979 0.965401 0.0416506 0.00196529 0.735321 -0.776706 0.709631
9.91686 -5.54011 4.01851 170.916 -77.232 41.2234 -23.1674 17.6612 3988.33 -1568.37 781.964 -410.332 495.261 -105.401 83.991 115825 -41025.7 20276.3 -13363.7 5492.01 -2711.35 -20.0681 -66.7965 52.3559 -81.2205 -315.325 224.002 -136.444 71.564 -295.951 -1571.68 866.222 -504.343 404.682 -187.73 104.63 1.10957e-11 2.80672 -1.98072 1.42799 0.308615 0.0387601 0.0033584 -0.929271 -0.901346 0.967728
4.54974 -2.17182 1.81722 20.7285 -10.9887 10.6786 -8.04711 8.19661 94.5676 -55.1096 85.4198 -70.3362 149.654 -48.1416 56.0483 432.025 -274.44 674.6 -688.247 720.143 -829.154 -9.14695 -9.83136 11.2804 -12.5424 -4.3023 9.01968 -16.3879 15.2864 -11.1562 9.28864 -0.136935 -10.6177 24.7505 -32.5541 35.017 3.59075e-12 2.13265 -0.961629 0.0394715 0.944716 0.00264018 0.002703 -0.954327 -0.914382 0.712321
8.93532 0.502349 0.104518 79.8728 5.07951 2.77315 0.134371 0.0315564 714.275 50.6875 104.739 9.42071 3.69641 0.0596382 0.0154603 6390.14 500.514 2218.84 284.835 85.866 8.59239 -0.47637 -38.5118 -1.7863 4.11643 -73.229 -6.93029 -16.2133 -0.402421 8.75482 -95.9262 -10.8395 -60.1262 -5.42499 -1.69782 -0.625272 1.46875e-11 2.98905 0.157018 0.030296 0.282601 0.0417121 0.0114731 -0.90908 -0.904145 0.975111
5.61255 0.480419 0.960446 48.2453 6.07309 6.67804 1.38042 2.7672 537.375 80.3029 85.3259 21.8177 61.6639 6.61059 13.2872 7262.37 1203.53 1332.2 410.97 375.898 152.758 -0.547473 -22.2508 -2.43173 5.14652 -48.6764 -11.2507 -14.8502 -2.4881 14.3284 -104.303 -25.7416 -33.0097 -10.8431 -13.7278 -2.70223 1.31389e-11 2.19299 0.0955786 0.896297 0.975352 0.0365459 0.00246703 0.946743 -0.891508 -0.40511
10.6277 2.38534 2.1429 184.011 18.5545 12.8029 7.40545 10.8315 4221.48 131.189 164.232 47.6731 250.838 36.2381 81.5379 119052 -1926.24 3365.66 695.545 432.335 944.681 5.62895 -75.4894 -12.7226 18.0867 -360.672 -20.0708 -28.243 -8.8645 23.9053 -1773.85 39.169 -72.0932 -19.5163 -27.7099 -25.0676 2.31653e-11 2.96624 1.10153 1.35243 0.964118 0.00229409 0.0034517 -0.858096 -0.893517 -0.906049
10.3295 -5.73399 4.03047 167.128 -75.0151 39.8918 -23.0757 17.6862 3533.22 -1369.38 677.461 -357.736 501.861 -100.73 83.6833 91076.4 -31470.7 15463.4 -9886.37 4257.77 -2169.26 -20.6967 -65.8981 51.5131 -78.9222 -280.629 197.738 -119.959 64.0226 -258.502 -1239.09 670.138 -381.636 303.923 -157.063 88.0559 1.1305e-10 2.95727 -1.98495 1.25858 0.300716 0.0398048 0.0114665 0.977641 -0.783003 -0.705549
10.327 -6.12555 4.00373 166.976 -87.4527 48.8915 -27.7888 17.4617 3527.06 -1706.07 910.541 -493.087 567.29 -135.058 82.1517 90833.8 -41441.9 21753.5 -13514.7 6249.4 -3161.37 -21.9663 -65.8262 58.874 -91.8169 -272.92 243.748 -159.857 85.5679 -321.866 -1181.16 871.73 -543.754 415.259 -214.053 120.926 1.1305e-10 2.95727 -1.97821 1.25761 0.300716 0.0396465 0.0116191 0.412761 -0.902009 -0.963688
0.851052 -1.08291 1.00469 2.16769 -2.74202 3.13216 -2.82141 1.07882 9.18212 -11.5522 13.6488 -14.2691 12.0294 -4.89036 1.23059 54.3442 -68.0311 81.3616 -93.9401 85.8708 -63.6748 -5.61631 0.0966079 5.06825 -3.99259 0.977799 1.95319 -2.76296 4.7583 -2.95867 1.83104 0.372846 -1.75915 4.71507 -4.2929 4.8625 6.62168e-11 0.225569 -0.993614 0.894522 0.131996 0.0339185 0.0026388 -0.985678 -0.915611 -0.731878
8.20516 6.14235 4.81809 106.467 79.5591 61.2595 48.4785 39.4103 1811.31 1352.15 1032.96 806.177 1207.47 522.052 433.128 37650.3 28086.5 21355.6 17543.2 13014 11347 17.8105 -42.1978 -52.5576 81.3336 -121.077 -187.281 -180.753 -136.678 253.69 -366.274 -546.897 -494.864 -537.446 -419.384 -374.09 6.03072e-11 2.62876 1.97178 1.13788 0.964461 0.065489 0.0111476 0.999624 -0.901361 0.918411
4.11674 -3.34031 1.81656 16.9795 -18.9122 15.2362 -8.47908 3.48391 70.1631 -99.29 110.66 -89.065 79.1983 -20.872 7.02534 290.473 -498.25 719.884 -802.2 645.409 -367.986 -12.9356 -7.84006 17.6067 -20.7572 2.2073 17.616 -23.6968 18.387 -19.4709 18.2407 4.52067 -19.5301 31.8255 -26.9678 18.2754 6.53091e-11 2.0285 -1.33831 0.0440123 0.159694 0.0364823 0.00276395 -0.927441 -0.908292 -0.323676
10.0229 -3.82396 1.61942 145.162 -49.3339 18.5784 -6.98416 2.99544 2662.28 -837.121 318.489 -120.547 96.0802 -14.2843 6.18905 58428.4 -17321.6 6864.78 -3002.03 1037.03 -358.825 -14.5038 -60.7897 34.7888 -52.297 -225.377 126.378 -57.2834 22.0967 -158.33 -839.413 386.153 -181.81 97.5805 -38.7791 16.6885 1.09039e-11 2.97285 -1.24932 1.08862 0.242137 0.00447293 0.00275429 0.477293 -0.900342 -0.697162
11.2284 5.36184 3.35134 216.326 83.2118 37.4407 18.6557 12.4867 5619.32 1873.68 751.952 327.632 376.517 71.6868 50.9724 181235 54229.8 20619.9 11191.6 3663.83 1592.67 15.2798 -86.6534 -52.8585 85.1206 -458.619 -266.881 -129.297 -53.6532 351.842 -2557.51 -1161.98 -516.93 -332.349 -117.275 -43.7196 2.41093e-11 2.99958 1.80454 1.49365 0.308191 0.00440727 0.00338372 0.623355 -0.892469 -0.725365
10.5255 -4.85281 3.68637 172.71 -64.7041 37.2479 -26.4433 25.6709 3696.5 -1200.13 610.609 -362.572 721.903 -217.671 248.457 96368.3 -27979 13252.1 -8127.08 4433.13 -4288.13 -17.8396 -68.6376 44.483 -68.2321 -296.824 170.376 -106.65 65.7711 -226.649 -1334.38 589.214 -305.884 248.169 -175.916 161.461 1.48199e-11 2.98904 -1.65755 1.26139 0.968974 0.0417121 0.0114594 0.571346 -0.715935 -0.368026
10.7274 6.66217 4.62512 192.867 114.43 72.7911 49.3985 35.9336 4639.07 2680.76 1635.79 1049.23 1352.13 500.176 373.78 137932 78274.4 46490.6 31371.8 18557.8 13570.4 19.4959 -76.3247 -72.1162 117.486 -351.432 -371.976 -278.634 -171.709 503.733 -1727.55 -1605.39 -1127.69 -942.425 -573.171 -438.728 2.98493e-11 2.95436 1.9385 1.41392 0.931318 0.0414247 0.00339367 0.979005 -0.9013 0.891313
7.91943 1.13268 0.85424 62.8052 20.41 8.99391 2.88527 2.18827 498.775 252.586 122.003 58.2796 73.7244 12.2467 9.33896 3966.61 2726.43 1632.34 926.933 507.537 341.478 1.56739 -30.3952 -11.2508 20.0104 -48.0304 -38.5521 -21.5497 -8.42721 46.7521 -50.203 -62.6229 -41.6154 -27.4561 -17.3882 -9.258 1.48169e-11 2.81365 0.145919 0.0526798 0.91266 0.0413349 0.00263299 0.721919 -0.829349 0.72232
10.8788 6.61935 4.55014 196.776 115.665 73.4837 49.9941 36.515 4749.08 2736.67 1675.51 1082.45 1408.17 527.131 398.629 141462 80417.8 48081.8 32459.8 19636 14785.3 19.3571 -77.9839 -72.6876 118.767 -360.344 -379.414 -284.966 -176.794 514.255 -1771.8 -1647.59 -1164.36 -974.71 -605.201 -477.981 5.71786e-11 2.98257 1.89142 1.40822 0.986248 0.0430577 0.00197402 0.97916 -0.784769 0.976997
10.0108 -3.16023 0.805011 147.314 -50.6391 15.3379 -3.9418 0.878684 2764.42 -996.968 331.897 -98.2584 41.4763 -5.72475 1.18096 62342.2 -23222.9 8213.93 -2761.72 779.968 -204.427 -12.3517 -62.5909 34.4485 -53.6502 -236.182 148.831 -57.9678 17.1861 -188.414 -893.503 517.327 -219.452 89.4861 -26.7253 8.5119 2.37919e-11 2.95904 -0.854329 1.1202 0.274104 0.00422688 0.002703 -0.840264 -0.908111 -0.424208
9.20054 -4.5071 1.74529 124.231 -65.1928 29.6837 -11.2623 3.50721 2137.69 -1166.76 575.37 -249.694 150.568 -29.328 7.91596 44188.1 -24771.1 12838.9 -6285.79 2531.05 -930.77 -16.7187 -52.1103 44.4741 -68.7389 -171.025 172.925 -101.86 42.5873 -220.368 -562.269 537.218 -339.406 199.783 -82.5126 35.6672 5.83835e-11 2.83787 -1.29535 1.07099 0.259532 0.00528456 0.00269071 -0.942608 -0.829388 -0.719491
5.91959 -2.47742 0.805011 61.605 -26.7813 10.3177 -3.28953 0.878684 871.261 -386.486 159.729 -58.6954 27.3926 -4.92874 1.18096 15366.9 -6907.17 2974.81 -1249.42 422.101 -131.94 -10.1378 -27.2169 20.4597 -28.9154 -73.9958 60.417 -29.0732 11.2328 -73.5211 -210.67 156.048 -81.6758 42.6418 -15.6438 6.27294 9.65386e-12 2.1598 -0.854329 1.1202 0.274104 0.0039992 0.002703 -0.840264 -0.97285 -0.424208
8.95611 3.7185 2.02799 106.78 50.9217 27.889 16.0618 9.93688 1553.93 804.027 455.28 271.443 343.646 109.204 73.1107 26446.9 14473.4 8460.26 5231.69 3282.83 2788.26 9.95151 -46.2336 -32.4061 51.6436 -126.263 -117.198 -80.2403 -44.9103 150.533 -330.699 -306.337 -208.748 -162.007 -106.681 -87.6541 1.63284e-11 2.86023 1.04678 0.880433 0.965524 0.00620708 0.00196528 0.735321 -0.776706 0.713594
7.05682 1.03534 0.960446 103.139 19.9027 8.86299 2.97935 2.7672 2154.59 469.22 174.035 63.5257 74.0372 14.2886 13.2872 57685.6 13490.6 4654.36 1706.42 741.542 361.934 1.25179 -43.6258 -10.8245 19.4844 -185.032 -66.1432 -29.328 -9.1975 87.5225 -844.961 -290.343 -117.492 -49.6315 -23.4184 -9.69768 1.49609e-11 2.19299 0.0955786 1.49921 0.975352 0.0363899 0.00349112 0.946743 -0.902 0.704741
9.2952 5.50667 4.46139 114.666 60.8164 42.929 35.5207 35.2132 1723.97 843.87 554.357 414.489 952.925 335.168 378.462 30284 13910.3 8757.04 6548.67 4850.89 5434.81 15.7494 -46.7693 -41.3272 61.902 -130.029 -118.811 -99.0262 -74.6162 158.032 -368.313 -279.236 -176.044 -205.294 -191.131 -180.574 1.7236e-11 2.91566 1.87081 0.891139 0.980548 0.0147067 0.00280989 0.451194 -0.892708 -0.347118
4.77963 -3.5099 3.2161 36.7055 -21.8116 14.9369 -10.9748 10.5224 371.688 -191.268 120.227 -80.1272 137.696 -34.8766 35.0078 4613.78 -2124.24 1304.96 -1075.8 563.568 -354.151 -13.4855 -13.9835 19.2115 -23.7631 -26.0362 29.6689 -23.7411 18.6265 -36.7811 -51.6334 44.6027 -29.7671 37.5328 -29.7118 24.3063 1.33944e-11 1.99733 -1.78945 0.889002 0.118115 0.00998632 0.0025096 0.551544 -0.896156 -0.423107
0.0464175 -0.376769 3.48382 0.00309652 -0.0788103 0.386923 -5.55034 23.7949 0.00026099 -0.00941408 0.220573 -0.640774 29.8478 -68.6037 228.454 2.62872e-05 -0.00114613 0.041353 -0.863108 1.25081 -55.0194 -3.32677 4.69153 1.94044 -1.2315 0.0644338 -1.822 4.87727 4.20523 -0.786325 -0.109519 0.102376 2.67447 -2.68258 1.16485 19.8065 2.43351e-12 0.202563 1.5848 0.0733868 0.986018 0.00448394 0.00266271 -0.969281 -0.917575 -0.426302
4.67724 -2.42497 0.663319 21.9514 -17.9023 9.089 -2.62821 0.508798 103.374 -114.808 92.2924 -46.4768 19.0267 -2.78883 0.439625 488.458 -685.639 768.771 -609.311 305.175 -93.8525 -9.96774 -11.7621 15.6386 -19.7101 -6.32702 22.0097 -18.2842 9.12603 -22.3913 9.95029 15.1782 -24.281 23.5533 -11.8553 4.44971 1.12868e-11 2.16177 -0.798035 0.0632554 0.162666 0.0037354 0.0026353 -0.998089 -0.908806 -0.401516
10.7811 6.80517 4.93538 196.335 117.226 76.3779 53.857 41.406 4795.93 2772.63 1717.24 1130.85 1532.36 587.151 466.941 145029 82001.9 49142.4 33979.9 20554.8 15702.3 19.9596 -77.2741 -73.9233 120.385 -361.641 -383.173 -292.079 -185.585 521.024 -1813.14 -1675.42 -1183.31 -1019.3 -637.896 -509.989 3.17482e-11 2.95436 1.99479 1.43279 0.97785 0.0409434 0.00338981 0.984961 -0.9013 0.83873
3.54454 -4.76424 4.99511 12.5942 -23.9923 34.7623 -41.2797 42.8533 44.8571 -110.494 212.313 -326.419 749.679 -480.239 495.849 160.154 -483.466 1172.16 -2289.79 3692.88 -5495.81 -17.5525 -1.64368 22.2994 -26.0239 20.3231 6.30769 -41.2 67.4708 -21.5794 44.25 -27.3434 16.3446 69.0843 -154.556 227.8 4.86217e-11 1.88212 -2 0.0463755 0.997551 0.00458185 0.00263931 -0.999999 -0.92039 -0.999997
2.25075 0.946477 1.00797 15.1952 6.38802 4.05876 2.85806 3.04324 170.95 71.8469 39.4699 24.3648 36.752 14.3631 15.2914 2692.13 1131.14 579.64 331.336 211.103 147.937 0.963647 -6.45535 -3.44035 5.47303 -14.239 -10.0364 -6.42895 -3.54461 12.737 -35.8982 -23.8224 -13.4972 -9.46027 -6.80062 -3.1614 1.74093e-12 0.185594 0.22084 1.48873 0.979387 0.0401888 0.00273292 0.875493 -0.902051 0.935488
5.98218 -5.34159 4.07801 61.072 -53.6968 43.0486 -30.3573 18.0141 839.155 -731.473 595.033 -443.486 470.895 -171.723 85.4584 14301.7 -12394.2 10155.6 -8497.6 5486.76 -3509.27 -19.4244 -22.8668 39.3933 -56.8203 -45.6866 103.126 -108.479 79.7228 -138.448 -94.5058 234.307 -249.806 269.559 -185.546 135.213 1.05382e-11 2.19335 -1.99807 1.08231 0.292819 0.00401119 0.00283971 -0.956378 -0.971259 -0.961885
0.872315 -0.248701 0.961875 2.27443 -0.618746 1.90917 -0.245483 0.964456 9.85146 -2.56493 7.7884 -3.00477 7.27127 -0.252216 1.00561 59.5636 -14.8817 45.9824 -27.0053 41.3914 -8.50421 -2.91153 -0.116957 2.45093 -1.79128 -0.0900425 1.05108 -1.12271 1.91199 -1.26727 0.360746 0.254442 -0.809986 1.97988 -1.65705 2.61371 9.45158e-12 0.254319 -0.975509 0.898686 0.101275 0.0345806 0.00263955 0.730657 -0.91496 -0.731878
0.0119954 0.0132506 0.0317191 0.000175714 0.000109576 1.92781 0.000504738 0.0019333 3.00034e-06 8.24844e-07 0.138735 0.22988 0.561842 2.91383e-05 0.000164632 5.81134e-08 1.88579e-10 0.00508061 0.00633659 22.3081 0.0291885 -2.06219 0.58045 1.81824 -1.14967 1.24162 0.441032 -0.0568975 0.939146 -0.784553 -0.128098 0.217908 0.3624 0.77327 -0.324954 -0.585843 1.53247e-11 0.106361 0.152616 0.0261286 0.0918012 0.00370939 0.00265239 -0.984716 -0.909314 0.978752
0.0100582 -1.14599 4.99965 0.000101824 -0.0305546 2.59745 -15.5853 42.9896 1.03744e-06 -0.000501949 0.12378 -8.74973 87.0389 -217.473 498.777 1.06373e-08 -7.07675e-06 0.00297089 -0.626918 38.9943 -335.631 -5.82085 6.63062 3.01662 -1.18147 1.75454 -6.22508 7.26231 9.93795 -0.784647 -0.131485 -0.975253 7.27381 -9.13063 -0.713957 47.9492 4.7495e-11 0.100209 -2 0.00404117 0.999828 0.00458185 0.00266271 -0.967042 -0.920034 -0.924097
5.22666 2.91618 2.0076 49.8156 23.1239 12.8798 6.38521 4.23003 652.731 269.858 157.309 87.5207 76.4805 14.558 9.32346 10734.9 4079.07 2562.21 1795.8 828.928 375.552 7.3501 -21.3962 -16.0915 22.8241 -53.5906 -40.9748 -28.1144 -13.8134 50.0026 -141.299 -87.3682 -66.3463 -54.4577 -23.6213 -6.72956 8.98057e-12 2.00216 1.40804 1.10364 0.158143 0.0125991 0.00273327 0.895009 -0.90201 -0.700903
0.0281996 -0.880638 4.05505 0.000832892 -0.0558965 1.52895 -8.0423 17.3302 2.56878e-05 -0.0025681 0.161342 -4.06563 24.6412 -53.4718 77.7593 8.25139e-07 -0.000107484 0.0105643 -0.623406 14.7465 -89.7635 -4.96049 5.45349 2.72528 -1.20774 0.937836 -2.94728 3.17356 6.45632 -0.785036 -0.122963 -0.352882 2.29631 -1.52953 -2.22087 21.4724 4.91951e-11 0.166924 -2 0.0183302 0.234623 0.00458185 0.00453944 -0.754704 -0.920999 -0.338876
3.34792 -1.99914 2.97468 11.2323 -2.0576 3.45339 -6.16911 17.1535 37.7642 8.64856 2.74275 -0.642351 130.251 -26.6205 138.568 127.234 81.3643 22.8632 14.7747 -2.26496 -165.389 -8.58707 -3.65622 5.9852 -3.28302 -3.29067 -2.01336 1.30625 4.57444 0.843103 -3.01916 -1.86417 9.77185 -0.91286 -10.8844 17.2065 1.26695e-11 1.82925 -1.47211 0.0421098 0.898655 0.03591 0.000875235 0.738974 -0.785054 0.648433
0.951831 -1.79181 4.85331 2.64101 -4.77535 9.53002 -19.3805 40.9181 11.9574 -20.9491 38.3448 -71.0542 168.872 -247.983 467.014 74.5691 -127.358 222.555 -449.186 690.812 -1223.25 -7.91482 4.47051 6.73482 -6.10066 5.58966 -3.30078 -2.42947 20.6587 -4.72716 7.07004 -5.51997 5.68601 7.73535 -25.6486 76.9661 2.28033e-11 0.442865 -1.96381 0.869311 0.998387 0.00412455 0.00287879 -0.954479 -0.820054 -0.889736
5.35655 3.56879 3.45574 60.8617 32.5381 20.918 12.978 12.1919 995.624 461.785 272.791 165.539 187.673 48.0537 43.8849 20953.7 8757.28 5076.03 4270.16 1841.06 992.272 9.4661 -23.8478 -22.5535 32.5843 -76.7227 -67.0717 -48.4997 -27.7696 86.1233 -270.501 -183.529 -126.465 -128.705 -57.1562 -23.1492 8.4212e-12 1.88436 1.85408 1.34379 0.134583 0.0658977 0.00397538 0.895761 -0.912055 -0.745679
8.87964 2.7614 1.27792 78.9547 42.0158 20.2839 9.32261 4.64625 702.985 529.155 328.551 186.58 203.765 51.5948 27.1744 6267.57 6096.51 4854.27 3355.64 2120.85 1662.86 6.84825 -36.9907 -25.7975 42.4104 -59.6813 -80.7737 -58.0097 -29.7049 98.8023 -45.1904 -132.143 -124.009 -104.449 -67.2046 -51.0492 3.0601e-11 2.97937 0.596384 0.0548081 0.960338 0.0397174 0.00397642 0.992967 -0.849289 0.976137
9.74259 0.386116 0.887456 139.418 6.35908 10.0504 1.02232 2.36254 2543.36 125.166 201.986 21.3399 84.3766 4.5113 10.4816 55748.1 2884.59 5025.94 577.639 761.743 170.958 -0.853236 -59.7776 -2.40353 5.44302 -222.759 -16.8276 -34.3629 -2.265 22.7717 -828.341 -61.0602 -128.08 -14.2591 -25.6591 -3.29234 7.90676e-12 2.91969 0.098964 1.10364 0.936836 0.0125991 0.00276758 0.895009 -0.90201 -0.700664
6.12048 -3.12863 1.69553 37.8 -31.0276 20.596 -12.5992 7.45024 235.541 -264.987 235.285 -179.142 235.732 -80.66 50.4491 1480.67 -2108.3 2412.42 -2295.87 1916.13 -1798.99 -12.2493 -17.8234 23.7357 -33.3179 -11.3401 42.2933 -44.3948 32.9485 -50.655 23.5559 35.2849 -57.0958 78.2333 -71.6608 66.7152 2.3994e-11 2.47115 -0.875348 0.117867 0.964 0.00411607 0.00253497 -0.962864 -0.915616 -0.968163
10.8431 4.92911 2.67289 204.809 78.0448 33.2454 14.0485 7.25821 5241.64 1785.97 729.768 301.818 242.686 40.5165 20.0164 167022 52425.9 21458.6 11032.4 3670.43 1342.98 13.8767 -82.8402 -49.1995 79.7636 -429.876 -255.289 -124.597 -47.8531 335.334 -2351.74 -1123.73 -545.733 -326.269 -107.294 -35.7593 1.56619e-11 2.93252 1.63163 1.4978 0.103301 0.00268014 0.00197401 0.998526 -0.915557 -0.709902
9.686 -6.17622 3.29392 124.708 -84.6709 50.9252 -26.359 11.5803 1958.4 -1382.89 892.643 -514.931 466.005 -113.685 43.2007 35950.9 -26106.3 17678.9 -11332.7 6127.61 -3035.21 -22.1306 -50.8172 57.6021 -88.9328 -140.693 201.625 -159.25 87.9475 -261.045 -369.237 540.85 -453.336 358.921 -203.077 112.346 1.14992e-11 2.97538 -1.79945 0.91274 0.236453 0.0400845 0.0028353 -0.99623 -0.902051 -0.648116
4.89459 3.84034 4.46345 38.2434 25.3231 22.9594 24.906 35.2683 393.107 232.84 190.439 178.376 484.361 236.089 379.55 4946.69 2694.42 2079.7 2054.58 1744.1 2280.49 10.3466 -14.0596 -19.3558 25.1041 -23.1325 -29.7489 -33.6399 -35.8921 43.036 -43.1409 -45.7097 -25.8543 -62.6966 -74.1644 -76.7392 3.42283e-11 2.02496 1.87081 0.891139 0.981598 0.00743345 0.00280989 0.451194 -0.892632 -0.347118
10.0748 -5.58602 4.01851 176.236 -79.0561 41.8544 -23.3607 17.6612 4172.71 -1629.16 804.764 -418.682 502.635 -106.286 83.991 122934 -43236.7 21146.7 -13810.4 5624.48 -2756.59 -20.217 -68.8773 53.4143 -83.1117 -330.254 232.475 -140.233 72.8469 -307.392 -1671.27 913.19 -526.249 417.783 -191.794 106.066 1.10957e-11 2.8299 -1.98072 1.43751 0.308615 0.0387601 0.0033584 -0.929271 -0.901346 0.967728
8.97417 4.62221 3.61248 80.5575 23.539 11.9302 10.4847 14.3343 723.327 50.2463 -4.98874 -5.19701 260.832 16.5952 61.7524 6496.52 -994.94 -406.665 -157.828 -88.8121 -62.5151 12.8816 -35.1193 -19.644 23.2544 -67.5632 -10.7192 -0.905801 -2.25822 8.67178 -122.65 17.8009 32.2862 7.39328 -12.8166 12.0477 5.96595e-11 2.99559 1.87683 0.0246246 0.300004 0.0678416 0.00269354 -0.999999 -0.63871 -0.999997
10.5228 -6.88669 4.80862 170.194 -111.375 76.0574 -53.9263 39.6407 3571.63 -2337.15 1580.69 -1101.54 1525.86 -581.776 440.482 91014.1 -59554.7 40046.6 -29194.4 19499.6 -15533.7 -24.4342 -66.1596 72.8934 -116.618 -255.763 322.457 -270.613 184.11 -440.636 -1030.89 1189.47 -951.504 877.589 -627.081 536.45 1.64749e-12 2.99998 -1.96351 1.23408 0.976344 0.00422115 0.0027911 -0.99366 -0.912078 -0.99872
9.37984 6.47842 4.72142 117.803 85.003 63.4613 48.6352 38.1629 1810.93 1343.26 1022.53 794.906 1295.99 507.227 415.603 32615.6 24675.6 19072.6 15453 11991.3 10989.5 18.9001 -47.7959 -56.054 86.9776 -122.393 -188.326 -180.389 -135.131 252.016 -300.116 -479.495 -432.483 -479.638 -400.646 -362.285 1.47627e-11 2.92372 1.94653 0.911979 0.965636 0.0417293 0.00268201 0.866652 -0.776706 0.707981
6.01815 -3.72291 4.90593 67.7524 -28.7686 21.1727 -20.8243 40.2751 1056.94 -338.339 193.168 -140.014 511.07 -169.02 442.114 20785.2 -5228.96 2543.02 -2631.41 1137.41 -1515.48 -14.1761 -24.5014 23.014 -30.9759 -81.4108 47.1705 -32.5307 31.237 -64.4599 -285.408 108.504 -35.2739 77.3205 -69.333 78.129 3.59075e-12 2.12657 -1.9989 1.22306 0.954121 0.00199963 0.0109946 0.345863 -0.900616 0.709885
9.686 -5.90916 4.82144 124.708 -67.8142 49.4982 -39.8295 39.4866 1958.4 -979.527 729.489 -559.906 1167.88 -386.152 434.582 35950.9 -16825.8 13333.2 -10941.5 8374.51 -8065.51 -21.2647 -49.0318 47.83 -71.4565 -142.214 137.11 -128.259 100.164 -185.131 -408.043 324.164 -280.538 333.116 -312.266 294.56 3.15342e-11 2.97538 -1.97211 0.91274 0.965509 0.0400845 0.0028353 -0.99623 -0.902048 0.913515
10.5127 -6.21303 4.39887 176.782 -98.8505 62.6019 -43.7745 34.0742 3913.71 -2117.43 1270.22 -825.364 1188.82 -435.983 358.878 106114 -56099.4 32483.9 -21860.1 13329.1 -10618.4 -22.25 -69.0661 65.0606 -103.634 -294.214 293.89 -217.858 139.961 -399.283 -1323.1 1144.91 -775.659 658.128 -441.954 374.181 2.48363e-12 2.96594 -1.86074 1.30992 0.967733 0.00478117 0.00275389 -0.880994 -0.912221 -0.507382
10.2497 -0.144883 0.125972 176.181 -13.3206 0.772807 -0.0908269 0.0453061 4052.37 -445.076 38.3054 -3.02516 2.04039 -0.068474 0.0262623 115232 -15305.6 1718.14 -163.421 14.7765 -0.218697 -2.57492 -74.3438 9.21381 -14.96 -354.131 64.5586 -5.31152 1.48941 -84.5477 -1740.16 338.082 -43.9871 8.29316 -0.429107 -0.283917 1.61098e-12 2.88725 0.184172 1.38327 0.303403 0.0071964 0.00197394 -0.727462 -0.902051 -0.625804
6.02811 -3.51097 3.2161 77.1416 -34.9478 18.95 -10.9773 10.5224 1421.67 -545.086 246.988 -121.198 150.88 -34.8817 35.0078 33711.4 -11404.7 4691.52 -3540.28 1014.2 -484.705 -13.4889 -29.8996 26.2449 -37.3821 -113.24 80.5705 -45.0312 24.4861 -103.37 -464.586 247.694 -119.484 109.987 -42.3199 28.1969 6.50586e-11 1.99801 -1.78945 1.42691 0.118115 0.036275 0.00251156 0.551847 -0.890341 -0.423107
10.582 -2.23621 1.01803 176.81 -19.7552 4.287 -1.51791 1.39889 3871.29 -211.27 28.8054 -6.02059 28.0758 -0.861707 2.36189 103528 -1601.58 210.97 -246.409 6.02086 -7.99827 -9.35572 -73.6535 16.2304 -21.6311 -337.59 36.6631 -6.04997 2.95307 -40.5454 -1576.01 49.0577 -5.72297 10.9992 -4.66484 2.88461 9.67479e-13 2.9866 -0.961629 1.28926 0.305447 0.000710616 0.0113512 0.565829 -0.913553 0.705763
6.90089 -4.46004 2.72747 48.1899 -32.9051 22.6111 -13.0775 7.61856 340.457 -244.619 221.187 -160.824 193.232 -39.0694 21.7762 2432.98 -1832.94 2261 -2189.82 1596.98 -874.043 -16.5661 -21.0738 26.9321 -35.2644 -20.4236 40.3077 -43.6684 31.0435 -46.8218 2.56244 31.1996 -55.9927 76.3235 -62.1669 38.411 5.69631e-11 2.62303 -1.6465 0.143506 0.128457 0.00845124 0.00449198 -0.950446 -0.831155 0.668015
8.81746 -6.93498 4.08079 77.7544 -78.7861 61.7221 -37.4813 18.0401 685.715 -850.282 841.778 -659.222 730.14 -205.94 85.6533 6047.84 -8870.23 10669 -10391.1 8148.01 -5177.36 -24.5908 -32.0006 55.6655 -82.8318 -23.2841 125.605 -155.592 113.882 -160.807 81.1542 142.016 -260.612 340.266 -277.541 188.327 5.72925e-13 2.96939 -1.99872 0.0138165 0.29308 0.00120233 0.00269354 -0.999999 -0.920407 -0.999997
2.23172 1.10427 3.52229 14.9412 7.38714 10.2224 10.6497 24.0807 166.713 82.3599 84.2056 78.6742 115.908 117.961 230.716 2604.15 1285.5 1115.01 1034.92 959.231 1000.25 1.47527 -3.36976 -4.70532 6.50888 -9.16186 -8.74947 -13.1369 -14.806 14.7156 -24.4181 -20.6836 -23.8567 -29.297 -28.7755 -30.0286 1.53361e-11 0.124163 1.60097 1.48873 0.979387 0.0401888 0.00273292 0.875493 -0.902051 0.935488
0.173089 -1.30428 0.874037 0.0391924 -0.565353 3.30651 -2.87434 1.08708 0.0107387 -0.204408 2.45801 -12.3064 15.0553 -5.70811 1.7011 0.00342209 -0.0768714 1.27912 -13.339 60.0506 -68.6557 -6.33409 1.53366 4.32144 -1.73592 2.29966 -0.55423 -1.22146 4.44127 -0.823022 0.39795 -1.44746 1.36468 2.07092 -4.10859 4.69952 1.79973e-12 0.398994 -0.88098 0.117867 0.312908 0.00432073 0.00253497 -0.957255 -0.911782 -0.948294
10.5504 -6.71726 3.78216 180.889 -112.256 64.3434 -33.069 14.6211 4105.75 -2510.59 1443.48 -768.007 626.442 -157.443 57.732 114501 -69308.6 39866.7 -23670 10829.2 -4966.28 -23.8848 -71.2503 73.246 -117.532 -308.274 354.438 -249.059 127.323 -473.278 -1404.79 1440.9 -1010.21 721.019 -337.24 176.044 3.40107e-11 2.95764 -1.93938 1.34266 0.144803 0.0043551 0.00262335 -0.989958 -0.915794 -0.972586
11.25 1.4465 0.0384292 217.687 40.578 4.19797 0.145435 0.0033454 5683.92 1240.65 197.365 18.198 1.15256 0.0199735 0.00042802 184349 44159.8 8554.65 1212.39 104.422 4.7143 2.58488 -90.6403 -22.4606 40.9197 -488.243 -174.132 -30.6948 -1.68959 232.705 -2725.61 -956.593 -216.218 -31.0653 -0.990697 -0.707203 3.31452e-11 3 0.152616 1.5 0.123035 0.031267 0.00382662 0.998544 -0.909667 0.978752
9.49223 4.10491 2.81784 131.62 50.1309 29.5785 19.2291 16.3725 2321.43 811.77 480.739 288.463 477.777 138.925 135.786 49129.1 16100.7 9949.26 6225.29 3812.13 3306.32 11.2044 -54.8429 -32.8132 50.8238 -189.98 -116.497 -83.9078 -48.7761 151.99 -668.205 -336.649 -235.664 -190.586 -130.006 -103.251 6.57458e-11 2.8857 1.38917 1.07933 0.942368 0.0145156 0.00270879 0.893056 -0.902346 -0.700664
8.72964 -2.99259 2.62668 76.2553 -11.411 11.4495 -10.6484 15.0144 666.531 28.8449 50.7389 -23.4791 315.967 -59.3685 124.548 5829.72 1375.52 457.807 86.3304 87.7863 -957.599 -11.8082 -33.5599 12.8265 -12.9802 -61.5996 -2.0981 -10.5028 9.89858 4.64406 -98.2807 -30.923 10.0339 -1.78491 -30.4373 42.8145 1.38294e-11 2.95436 -1.29839 0.0373302 0.969982 0.0401571 0.00261376 0.979005 -0.9013 0.707646
