5.24681 1e-07 3.22225 64.6194 1e-07 18.9103 13.1081 19.8135 1183.32 1e-07 271.241 175.846 281.653 97.0662 169.835 28341.2 8656.15 5752.71 4525.09 2522.22 1902.46 2e-07 -21.4104 0.271465 4e-07 -362.886 27.2398 -284.967 -226.666 6e-07 -8329.49 -4485.37 -5198.96 -5806.44 -4950.24 -1181.5 0.00037816 1.73168 1.54349 1.49974 0.917119 1.5 0.0307564 -0.999784 0.554565 0.999986
11.25 1e-07 4.82267e-10 217.688 1e-07 1.99994 -4.35333e-14 2.32586e-19 5683.92 1e-07 134.996 -0.00133214 5.78708e-09 -2.47764e-23 1.12173e-28 184349 -1.01757 6530.41 -0.0787159 23.9985 -2.61191e-12 2e-07 -76.5563 0.915915 4e-07 -1916.86 9.90406 -127.496 27.0016 6e-07 -60313.6 172.989 -6282.36 314.84 -35.9977 1350 0 3 -2.19605e-05 1.5 4.93414e-08 1.5 0.0401528 -0.999992 0.486535 0.999976
11.155 1e-07 3.22664 211.624 1e-07 38.0046 22.7862 19.948 5397.11 1e-07 816.937 436.03 640.595 169.786 172.127 170610 45698.5 23769.3 13713.2 6839.06 4898.74 2e-07 -71.4156 0.270588 4e-07 -1716.74 48.1885 -836.145 -577.628 6e-07 -52495.6 -25644.5 -22052.2 -17606.6 -13165.6 -7008.88 0.000388161 2.99923 1.54181 1.47074 0.922334 1.5 0.00182943 -0.999782 0.602996 0.999929
4.76233e-06 1e-07 4.99999 2.26801e-11 1e-07 1.99959 0.0312432 42.9998 1.08013e-16 1e-07 5.71357e-05 0.0793745 83.9822 0.319792 498.997 5.14418e-22 5.06293e-19 6.80257e-10 1.28637e-06 23.9914 1.87419 2e-07 4.99999 -0.0840837 4e-07 5.99877 -0.337428 36.9917 37.0573 6e-07 0.000285669 0.317486 251.923 -22.2819 43.2249 3661.07 0 0.00218227 2 4.14575e-06 0.999997 1.5 0.105908 -0.999845 0.598231 0.999938
2.5533 1e-07 3.22102 18.9893 1e-07 10.2231 -5.54139 19.908 230.331 1e-07 91.7866 -56.7711 131.113 -41.2769 171.728 3846.8 -1242.52 1311.24 -1172.34 994.273 -617.6 2e-07 -5.02907 0.271711 4e-07 -57.4191 -10.7888 -91.7069 127.029 6e-07 -925.439 517.46 -1045.1 1624.02 -2005.36 4184.33 0.00200259 -0.73081 1.54181 1.42121 0.922115 1.5 0.00182943 -0.999864 0.605409 0.999929
7.67262 1e-07 0.00835061 111.079 1e-07 2.05117 0.00243846 0.000108389 2232.92 1e-07 92.7309 3.73451 0.119987 7.72665e-05 3.35044e-06 56637.3 959.085 3343.92 144.199 28.3484 0.125978 2e-07 -40.988 0.914245 4e-07 -774.802 6.62211 -89.6119 22.5547 6e-07 -18760.4 -477.32 -3288.48 30.4077 -43.1002 1353.16 0.00823088 2.4041 0.0859288 1.39209 0.0287128 1.5 0.159727 -0.998541 0.637178 0.999977
4.56485 1e-07 0.403075 49.4513 1e-07 3.83975 0.543045 0.455717 799.474 1e-07 74.7055 14.8695 15.8979 0.860566 0.82261 16936.4 1263.19 1805.65 365.03 178.995 43.3078 2e-07 -18.9972 0.8353 4e-07 -277.774 4.49916 -78.4614 9.0172 6e-07 -5506.87 -668.082 -1805.97 -357.8 -342.616 1435.9 1.31362e-05 -1.59864 -0.354814 1.41748 0.526486 1.5 0.0965249 -0.999991 0.325422 0.999935
0.734542 1e-07 0.10835 0.91456 1e-07 2.01784 -0.0308884 0.013139 5.23365 1e-07 8.10129 -4.79447 1.38443 -0.00389287 0.0017164 77.059 2.43741 14.5482 -11.2178 28.7015 -1.85595 2e-07 -0.90056 0.894245 4e-07 3.56887 0.207433 -13.3223 33.4671 6e-07 12.1551 -21.4229 -31.8056 62.9994 -50.2537 1397.43 0.0285326 -0.82646 0.330246 0.0836398 0.0496334 1.5 0.0146906 -0.999981 0.0744639 0.999904
9.35393 1e-07 2.75416 158.931 1e-07 27.884 12.3502 7.63149 3705.65 1e-07 552.468 249.278 215.439 34.2327 21.1461 108322 32552.5 15035.2 8793.02 3106.94 1209.02 2e-07 -54.2791 0.365084 4e-07 -1186.97 27.6911 -576.947 -309.452 6e-07 -33439.9 -18499.3 -14617.5 -11160.7 -5620.46 175.965 0.00604906 2.69251 1.6646 1.46545 0.000434603 1.5 0.0400241 -0.998484 0.612586 0.999985
7.72508 1e-07 0.121173 104.879 1e-07 2.93013 -0.104576 0.0147719 1934.06 1e-07 105.322 -16.6067 1.75027 -0.0127603 0.00180452 44463.3 -3153.65 3379.02 -593.991 93.0034 -6.414 2e-07 -39.0677 0.891681 4e-07 -676.308 6.28034 -103.534 48.0064 6e-07 -14746.4 1900.76 -3346.85 1003.17 -149.206 1410.9 0.00415782 2.47328 -0.348726 1.27704 0.00781349 1.5 0.0425041 -0.999821 0.195352 0.999982
2.34794 1e-07 0.450746 5.51409 1e-07 3.05777 -0.637692 0.553573 12.9527 1e-07 30.6539 -12.7732 16.1091 -1.06997 1.07029 30.4339 -8.11514 171.222 -91.7657 103.215 -44.3122 2e-07 -3.55142 0.825766 4e-07 -0.226589 0.263579 -36.017 47.1343 6e-07 131.187 -47.3042 -193.903 232.827 -239.604 1625.7 4.22021e-07 -1.53226 0.40896 0.011542 0.532446 1.5 0.040447 -0.999846 0.598261 0.99993
3.65789 1e-07 0.935744 36.0905 1e-07 5.4057 -1.45372 2.59592 557.919 1e-07 77.486 -22.8093 44.836 -5.74471 11.5879 11591.2 -1220.17 1602.63 -481.217 368.878 -147.571 2e-07 -13.5493 0.728766 4e-07 -187.249 -0.638256 -82.9225 64.29 6e-07 -3647.85 658.422 -1533.48 767.743 -776.352 2057.78 0.0401202 -1.22326 0.519978 1.49009 0.839292 1.5 0.0402821 -0.9989 0.380007 0.999979
8.99004 1e-07 0.0140731 134.809 1e-07 2.10582 0.00504357 0.000242817 2695.78 1e-07 109.483 5.67662 0.192283 9.66036e-05 4.89814e-06 66492 1521.83 4076.76 232.432 32.8642 0.296072 2e-07 -49.4186 0.913101 4e-07 -937.225 7.82304 -104.853 20.2451 6e-07 -22096 -788.813 -3998.66 -47.3979 -50.2116 1355.17 0.0133688 2.72934 0.115663 1.27753 0.0280293 1.5 0.0860287 -0.999762 0.464604 0.999994
3.26604 1e-07 0.113653 25.5929 1e-07 2.37036 -0.0513723 0.012982 300.41 1e-07 42.0872 -8.43118 1.45563 -0.00588214 0.00148975 4629.39 -383.911 801.671 -174.686 51.0402 -3.11835 2e-07 -10.8303 0.893185 4e-07 -108.605 2.4146 -44.9612 37.9423 6e-07 -1478.79 211.646 -840.87 343.963 -84.3045 1401.86 0.000381504 -1.33809 0.336991 1.21488 0.0115163 1.5 0.0390762 -0.999914 0.587865 0.999883
10.1448 1e-07 3.29752 166.379 1e-07 36.4169 23.6833 21.4903 3585.74 1e-07 689.107 406.992 663.639 185.774 195.086 94447.5 28662.2 17242.1 10882 6206.51 4919.89 2e-07 -56.7611 0.256411 4e-07 -1132.85 49.3751 -715.061 -546.598 6e-07 -28474.4 -15554.8 -15716.4 -14106.2 -12308.8 -7106.75 0.0374319 2.96927 1.59299 1.27877 0.94235 1.5 0.0540303 -0.999992 0.605703 0.999994
8.87144 1e-07 0.254137 80.9678 1e-07 4.25474 -0.410951 0.0780274 756.271 1e-07 126.979 -29.918 5.44084 -0.13606 0.0276349 7224.19 -1141.43 2619.24 -822.913 193.343 -25.9548 2e-07 -32.9077 0.865088 4e-07 -295.085 6.45264 -126.844 65.9108 6e-07 -2288.63 613.952 -2712.96 1367.63 -320.886 1501.52 0.00771875 2.97837 -0.492871 0.228655 0.11449 1.5 0.104098 -0.999865 0.492271 0.999996
5.06277 1e-07 0.00542859 59.922 1e-07 2.02604 -0.00048628 8.82238e-05 1053.1 1e-07 61.052 -0.564702 0.188317 -1.26587e-05 2.38422e-06 24189.7 -88.7745 1802.77 -17.5202 25.9611 -0.029359 2e-07 -23.034 0.91483 4e-07 -369.775 4.23089 -61.0247 27.7094 6e-07 -8004.76 93.679 -1804.91 171.037 -39.8877 1352.25 0.000510435 -1.70732 0.018293 1.46604 0.07139 1.5 0.019615 -0.999806 -0.0245648 0.999985
10.6731 1e-07 3.02342 201.541 1e-07 35.2685 21.0745 18.6858 5157.39 1e-07 759.931 402.776 591.488 157.86 162.454 164157 42772.4 22246.4 12695.2 6330.51 4583.63 2e-07 -68.1119 0.311231 4e-07 -1642.95 44.871 -777.38 -531.488 6e-07 -50604.8 -24019.8 -20647.9 -16284.2 -12176.7 -6463.95 0.0391845 2.96686 1.50464 1.48809 0.939369 1.5 0.0940445 -0.997962 0.604521 0.999975
9.74752 1e-07 3.25428 172.574 1e-07 33.7313 21.1206 20.3916 4194.95 1e-07 678.788 377.032 564.696 159.674 178.608 127898 34913.3 18834.1 11498.1 5828.98 4260 2e-07 -58.2654 0.26506 4e-07 -1329.86 44.4229 -698.048 -500.194 6e-07 -39170.3 -19417.6 -17406.1 -14763.8 -11274.7 -5785.06 0.000387912 2.73909 1.54501 1.49928 0.931922 1.5 0.0409859 -0.999784 0.571258 0.999989
5.31267 1e-07 3.24648 65.9076 1e-07 19.2511 13.4353 20.2396 1213.61 1e-07 277.78 180.495 291.208 101 176.233 29202.1 8909.52 5918.39 4643 2600.41 1981.22 2e-07 -21.8385 0.266618 4e-07 -372.237 27.8863 -291.546 -233.59 6e-07 -8585.34 -4618.92 -5340.41 -5958.83 -5107.86 -1335.05 0.000387912 1.75061 1.54501 1.49974 0.927731 1.5 0.0307564 -0.999889 0.595891 0.999986
7.17941 1e-07 2.11961 100.768 1e-07 17.3942 10.0535 10.5793 1983.93 1e-07 302.925 158.576 235.81 63.335 78.0735 49545.3 10890.8 7296.93 4006.83 2219.01 1634.89 2e-07 -35.2903 0.491994 4e-07 -643.764 23.2039 -317.252 -196.089 6e-07 -15332.9 -5868.49 -6816.15 -5120.73 -4369.08 -1015.87 0.0199071 2.30512 1.12793 1.40212 0.94363 1.5 0.0164098 -0.9986 0.0280741 0.999981
10.0807 1e-07 0.00665326 171.888 1e-07 2.00825 0.00252091 0.00010904 3914.22 1e-07 121.279 3.0556 0.151914 5.84745e-05 2.7271e-06 109963 1221.56 5167.33 142.139 27.9335 0.131228 2e-07 -61.6404 0.914585 4e-07 -1340.13 8.83646 -115.176 23.3597 6e-07 -36296.6 -587.536 -5014.89 100.366 -42.6368 1352.46 0.0368497 2.91985 0.0592994 1.36191 0.0557556 1.5 0.0859592 -0.999786 0.463979 0.999811
10.7843 1e-07 2.16265 202.511 1e-07 25.5362 9.43431 4.73727 5144.17 1e-07 572.189 221.844 159.865 20.6737 10.3837 162489 41766.3 17330.1 8528.97 2689.74 882.173 2e-07 -69.3749 0.483385 4e-07 -1669.15 23.6389 -589.672 -266.96 6e-07 -51030.1 -24101.4 -16900.6 -10713.2 -4747.47 572.773 0.0122685 2.94752 1.47954 1.48405 0.01791 1.5 0.110168 -0.999794 0.599225 0.999996
8.88075 1e-07 0.820523 149.086 1e-07 9.32457 0.00616705 2.0393 3476.36 1e-07 229.748 0.135123 75.0848 0.025378 8.44759 102296 24.0774 7347.29 3.89561 858.834 1.04874 2e-07 -52.786 0.751811 4e-07 -1164.02 6.28144 -232.709 30.5066 6e-07 -33016.4 76.6945 -7076.59 255.825 -1655.18 1703.22 0.00963971 2.58761 0.000943305 1.49985 0.910209 1.5 0.0540119 -0.999878 0.483629 0.999974
4.41727 1e-07 2.21929 49.1433 1e-07 11.8036 -6.3476 9.32135 833.317 1e-07 162.076 -90.6592 121.841 -32.0533 54.4431 18717.1 -4881.81 3323.78 -2308.29 1187.97 -706.345 2e-07 -16.941 0.472057 4e-07 -263.728 -11.0101 -170.053 169.649 6e-07 -5638.06 2579.04 -3084.9 3203.88 -2378.84 3807.95 0.000112995 -1.47225 1.28521 1.5 0.753505 1.5 0.0540303 -0.999992 0.486865 0.999994
4.5628 1e-07 3.2624 20.8989 1e-07 16.8868 16.4714 20.3318 96.0879 1e-07 122.927 134.932 337.793 123.654 176.706 443.605 320.194 940.248 1254.24 1520.62 1883.97 2e-07 -7.57006 0.263436 4e-07 0.935191 33.7446 -145.905 -191.009 6e-07 385.466 342.169 -242.105 -1716.63 -3704.15 -1288.49 0.000128904 2.13514 1.55199 0.0652737 0.924192 1.5 0.0431027 -0.999795 0.211351 0.999938
4.21964 1e-07 0.310765 18.5966 1e-07 3.30878 0.355881 0.0970973 85.4556 1e-07 56.3018 22.0074 4.95107 0.111399 0.0303803 412.771 105.961 582.54 301.736 120.341 21.8041 2e-07 -9.48786 0.853762 4e-07 -34.307 3.91483 -60.6076 0.83656 6e-07 72.2219 30.2259 -684.94 -319.757 -202.032 1437.26 0.00404789 2.04543 0.558491 0.209387 0.0103982 1.5 0.0426827 -0.998591 0.606355 0.999932
3.90762 1e-07 2.98942 37.5466 1e-07 13.7758 -9.81074 17.1651 544.942 1e-07 160.405 -113.761 193.107 -67.5899 136.639 10426.4 -3447.32 2776.66 -2432.69 1527.8 -1185.85 2e-07 -12.1822 0.318032 4e-07 -159.702 -18.7976 -165.583 212.318 6e-07 -2870.84 1615.66 -2366.76 3343.05 -3176.66 5254.64 0.0247335 -1.44359 1.51676 1.36591 0.874416 1.5 0.0540303 -0.999992 0.607179 0.999994
10.6238 1e-07 4.01035 191.281 1e-07 45.2583 29.5172 26.9196 4612.82 1e-07 908.596 532.744 828.929 231.519 240.041 137523 45200 24593.7 16142.4 8385.54 5921.7 2e-07 -63.9977 0.113846 4e-07 -1439.35 59.7132 -935.447 -719.091 6e-07 -41326.7 -24995.6 -22533.1 -20834.9 -16328.3 -8848.17 0.0196217 2.96493 1.83621 1.41442 0.847792 1.5 0.0965249 -0.997961 0.33376 0.999981
9.01109 1e-07 0.171574 83.1256 1e-07 3.54517 -0.235369 0.0379536 784.023 1e-07 122.367 -23.6041 3.38935 -0.0573839 0.01008 7555.34 -966.431 2627.66 -672.381 138.478 -14.6964 2e-07 -33.7772 0.8816 4e-07 -307.697 7.07363 -120.657 57.1941 6e-07 -2438.79 537.105 -2714.74 1162.59 -226.781 1446.8 0.000843268 2.99408 -0.398577 0.228655 0.113376 1.5 0.0331528 -0.999865 0.492271 0.999996
4.2989 1e-07 3.07945 47.1138 1e-07 15.3239 -10.115 17.646 790.484 1e-07 198.05 -128.868 204.345 -69.2133 139.163 17606.3 -5517.91 3875.14 -3248.82 1825.38 -1292.7 2e-07 -15.3536 0.300025 4e-07 -238.287 -19.3573 -203.536 231.966 6e-07 -5082.12 2798.82 -3430.08 4394.18 -3678.67 5498.25 0.0166516 -1.44359 1.54768 1.49988 0.858046 1.5 0.0542044 -0.999992 0.607179 0.999994
9.57965 1e-07 0.395546 165.87 1e-07 5.81797 0.0806524 0.477679 3930.07 1e-07 181.313 2.35067 26.0878 0.161703 0.961789 116524 528.418 6551.61 79.8408 380.725 9.53456 2e-07 -58.9451 0.836806 4e-07 -1327.44 7.77186 -180.183 25.8392 6e-07 -37980.6 -191.988 -6362.83 175.3 -699.907 1498.05 0.0181297 2.75065 0.0246462 1.46592 0.634106 1.5 0.0908692 -0.999899 0.59489 0.999985
3.92135 1e-07 3.10734 37.7319 1e-07 14.2518 -10.3019 18.1723 548.042 1e-07 165.202 -118.653 202.847 -72.1084 146.781 10490.5 -3553.13 2849.93 -2544.72 1599.89 -1252.28 2e-07 -12.1336 0.294448 4e-07 -159.389 -19.8625 -170.175 220.398 6e-07 -2869.18 1658.78 -2416.41 3487.12 -3325.59 5456.82 0.0166516 -1.44359 1.54768 1.36591 0.874416 1.5 0.0540303 -0.999992 0.607179 0.999994
2.68635 1e-07 2.26838 21.0973 1e-07 8.08972 -3.47654 12.1118 270.864 1e-07 80.0333 -39.1576 95.8943 -23.5662 96.2305 4795.95 -1093.75 1246.22 -778.442 717.496 -385.93 2e-07 -6.74717 0.462238 4e-07 -78.0873 -6.11056 -83.1443 95.5165 6e-07 -1309.48 502.938 -1062.27 1122.26 -1479.54 3213.43 0.000510435 -0.725039 1.1363 1.47 0.989115 1.5 0.137818 -0.998957 0.599937 0.999985
8.70724 1e-07 0.000593588 139.637 1e-07 2.00102 -3.75864e-05 3.83749e-07 3087.69 1e-07 104.481 -1.11459 0.00731442 -2.43072e-08 3.4751e-10 85832.6 -379.291 4188.42 -47.6804 24.3085 -0.00225316 2e-07 -50.5978 0.915797 4e-07 -1059.94 7.57482 -100.036 28.3409 6e-07 -28315.1 330.116 -4082.67 307.764 -36.4996 1350.24 0.00162825 2.57667 -0.0241423 1.44172 0.00301418 1.5 0.0400926 -0.999606 -0.00295425 0.999976
10.527 1e-07 3.21096 198.03 1e-07 36.794 22.4534 20.3133 5066.34 1e-07 784.505 424.578 628.231 170.885 178.846 161550 43964.8 22811.7 13464.5 6699.37 4813.33 2e-07 -66.7249 0.273723 4e-07 -1607.55 47.1898 -802.86 -562.787 6e-07 -49608.8 -24656.1 -21126.7 -17278.8 -12891.2 -6867.08 0.0374999 2.93287 1.57401 1.49924 0.926392 1.5 0.0969647 -0.998948 0.606632 0.999984
2.20992 1e-07 1.00005 14.6511 1e-07 4.20967 0.0728108 2.98386 161.886 1e-07 41.1661 0.946467 40.4593 0.341958 14.7677 2504.23 29.0748 601.35 15.8999 226.802 6.63466 2e-07 -5.60521 0.715906 4e-07 -50.588 1.32779 -46.7165 29.8752 6e-07 -707.326 -8.47305 -543.619 44.4365 -527.236 1773.16 1.67833e-07 0.0857422 0.300994 1.4841 0.95365 1.5 0.137739 -0.999892 0.574651 0.999932
6.82543 1e-07 1.0603 48.0567 1e-07 9.23692 2.75517 3.3384 348.539 1e-07 132.844 36.0968 103.006 13.3878 17.3692 2600.68 344.269 1810.94 529.302 705.43 423.566 2e-07 -20.1821 0.703855 4e-07 -124.907 9.91446 -144.759 -22.8453 6e-07 -464.52 -44.7274 -1730.19 -558.928 -1537.27 972.121 0.000104802 2.6023 0.362885 0.232265 0.963705 1.5 0.0354677 -0.999897 -0.0261171 0.999902
6.3768 1e-07 2.98051 88.5703 1e-07 21.4423 14.3512 18.0164 1782.92 1e-07 348.469 212.148 327.972 104.975 152.887 46300.9 13217.9 8149.31 5729.29 3074.48 2300.23 2e-07 -29.9674 0.319813 4e-07 -559.119 30.2546 -364.238 -275.81 6e-07 -13930.8 -7070.74 -7459.51 -7354.97 -6019.74 -2057.37 0.0380236 2.07169 1.49772 1.49934 0.924554 1.5 0.0956152 -0.999791 0.593882 0.999985
5.65554 1e-07 2.07624 72.7497 1e-07 13.7423 5.52268 4.31302 1377.15 1e-07 218.913 103.943 78.6973 11.4752 8.96395 33917.6 9551.53 5041.79 3364.26 1183.21 447.874 2e-07 -25.4042 0.500668 4e-07 -444.668 13.4769 -235.593 -110.137 6e-07 -10457.9 -5292.29 -4989.44 -4233.19 -2114.49 1369.73 3.28671e-05 1.84565 1.44085 1.49974 0.0159684 1.5 0.0307564 -0.999997 0.604521 0.999986
6.29055 1e-07 4.83116 83.8535 1e-07 32.511 27.336 40.3032 1608.43 1e-07 482.657 360.389 674.635 268.869 453.359 39676 15333.5 10329.4 9368.11 5618.17 4945.75 2e-07 -26.6155 -0.050316 4e-07 -468.85 53.9314 -499.822 -504.383 6e-07 -11097.9 -7778.3 -8828.66 -12066.9 -11231.1 -6927.25 0.00617986 2.05088 1.97353 1.45243 0.983029 1.5 0.0427533 -0.998925 0.630505 0.999994
7.55434 1e-07 0.117483 102.132 1e-07 2.83823 -0.101054 0.0142943 1880.94 1e-07 102.035 -16.0724 1.69339 -0.0123442 0.0017456 43223.5 -3051.03 3275.23 -575.377 90.0359 -6.20819 2e-07 -38.0765 0.892419 4e-07 -657.9 6.14938 -100.302 47.331 6e-07 -14337.8 1839.47 -3243.91 973.604 -144.438 1409.02 0.0368285 2.47514 -0.348726 1.27704 0.00781349 1.5 0.0891959 -0.999821 0.195352 0.999982
0.562213 1e-07 0.948814 0.384429 1e-07 2.53144 0.626787 2.6784 0.31432 1e-07 7.10186 4.6696 35.9292 2.7507 12.5128 0.436236 0.10807 11.7823 9.21798 63.3657 41.975 2e-07 0.271273 0.726152 4e-07 7.11559 1.26222 -11.4956 23.0322 6e-07 35.0641 17.5453 74.477 -9.51902 -257.816 1671.5 6.08292e-05 -0.728843 -0.325723 0.175776 0.918029 1.5 0.0295242 -0.998941 0.200573 0.999931
2.35031 1e-07 1.07166 16.5586 1e-07 3.91768 -2.18689 9.16984 194.273 1e-07 37.9 -20.0787 52.7093 -22.0756 105.931 3188.39 138.811 570.198 -469.762 414.659 -292.403 2e-07 -6.24623 0.701584 4e-07 -63.0874 -3.00463 -36.0371 62.0633 6e-07 -961.289 -156.015 -462.727 663.782 -788.597 2505.22 0.784252 -0.73081 1.99238 1.47678 0.99878 1.5 0.00182943 -0.99978 0.606473 0.999929
1.33451 1e-07 0.224281 2.00125 1e-07 2.28035 -0.122582 0.0517277 4.51338 1e-07 16.2084 -9.81963 2.91831 -0.0285464 0.012146 32.2561 4.101 56.9223 -44.0615 45.2271 -7.39828 2e-07 -1.71061 0.871059 4e-07 3.48578 0.521064 -21.3401 40.4857 6e-07 66.8518 -43.1478 -88.1545 139.491 -83.5285 1455.03 0.0103986 1.14214 -0.474896 0.14288 0.0322179 1.5 0.0836898 -0.999856 0.459442 0.999978
8.29261 1e-07 0.976907 117.904 1e-07 10.1409 0.871037 2.88746 2257.63 1e-07 215.381 15.4808 97.7033 4.2523 14.2234 53627.7 1251.89 5756.49 377.481 953.624 158.179 2e-07 -42.6869 0.720534 4e-07 -764.772 7.30923 -221.639 9.15253 6e-07 -17269.1 -624.296 -5538.52 -265.848 -1898.88 1466.55 0.00870861 2.59107 0.115663 1.27753 0.985924 1.5 0.0857922 -0.999571 0.603778 0.999995
10.443 1e-07 4.66537 190.598 1e-07 52.277 37.5707 38.0492 4694.81 1e-07 1048.27 663.991 1148.89 359.587 415.304 143503 50379.7 28497.3 20135 11179.7 8850.2 2e-07 -62.9571 -0.0171588 4e-07 -1442.21 74.2509 -1073.49 -909.653 6e-07 -42504.4 -27606.9 -25544.9 -25989.1 -21934.3 -14574.8 0.0403401 2.94836 1.9882 1.44725 0.953143 1.5 0.040447 -0.999755 0.599407 0.999992
9.14616 1e-07 1.09255 156.454 1e-07 12.0838 3.82228 3.47643 3703.39 1e-07 282.678 77.443 113.491 17.5231 17.8878 110385 10467.3 8791.39 2278.03 1302.14 668.803 2e-07 -54.9898 0.697406 4e-07 -1231.22 13.6049 -288.332 -76.6072 6e-07 -35405.6 -5883.84 -8443.04 -2740.41 -2476.53 520.527 0.0145136 2.64593 0.530605 1.49892 0.909359 1.5 0.10486 -0.999912 0.598076 0.999974
9.67725 1e-07 0.386481 171.123 1e-07 5.75423 0.131281 0.452142 4158.78 1e-07 182.64 3.90473 25.0556 0.254996 0.88177 126808 935.772 6751.76 135.893 372.986 15.3131 2e-07 -60.6278 0.838619 4e-07 -1401.5 7.97526 -181.226 23.7323 6e-07 -41287.8 -425.638 -6550.51 104.705 -682.8 1483.11 0.00937474 2.73827 0.0414119 1.4998 0.623168 1.5 0.0948959 -0.99987 0.594932 0.999985
2.07992 1e-07 0.940334 4.90655 1e-07 3.9554 1.27446 2.6232 12.8696 1e-07 29.5665 11.7292 46.9219 5.47072 12.0844 37.0775 7.55876 159.247 72.9701 177.653 108.579 2e-07 -2.61155 0.727848 4e-07 3.09878 3.66288 -36.2352 11.9454 6e-07 123.84 40.9622 -94.775 -64.4135 -480.067 1531.36 4.39826e-05 -1.41739 -0.348791 0.266327 0.904831 1.5 0.0404383 -0.999846 0.598261 0.999931
8.98067 1e-07 4.8345 83.5738 1e-07 45.4378 39.8826 40.5775 804.347 1e-07 512.021 470.038 1168.74 395.562 460.933 7993.44 4956.17 6397.1 6665.81 6543.12 7543.01 2e-07 -29.2183 -0.0509847 4e-07 -188.565 78.9033 -568.52 -686.239 6e-07 -642.276 -1119.41 -3928.26 -9063.32 -15029.9 -12361.9 0.000246033 2.98346 1.9608 0.285158 0.995461 1.5 0.0363458 -0.998615 0.600029 0.999972
5.52681 1e-07 1.99794 70.5739 1e-07 13.2515 5.31514 4.15178 1331.55 1e-07 211.023 100.076 75.7501 11.0493 8.63438 32737.3 9217.84 4857.72 3238.41 1138.8 431.094 2e-07 -24.701 0.516328 4e-07 -430.285 13.0421 -227.118 -105.033 6e-07 -10097.6 -5107.97 -4807.79 -4072.55 -2035.16 1368.76 0.0378308 1.84565 1.44085 1.49974 0.02009 1.5 0.0307564 -0.999995 0.604965 0.999986
10.5055 1e-07 0.121173 173.865 1e-07 3.26837 -0.126212 0.0147719 3765.13 1e-07 147.071 -20.3942 1.87398 -0.0154007 0.00180452 99490.1 -6598.58 5670.87 -901.479 118.375 -7.78395 2e-07 -62.5439 0.891681 4e-07 -1293.6 8.71607 -142.116 52.6379 6e-07 -32876.8 4007.4 -5533.25 1464.18 -188.078 1413.38 0.00415782 2.98482 -0.348726 1.27704 0.00781349 1.5 0.0425053 -0.999821 0.195352 0.999982
10.6039 1e-07 0.505583 190.806 1e-07 7.40169 1.42139 0.72585 4604.34 1e-07 224.552 42.0246 34.7703 2.85759 1.66285 137480 9910.5 8070.61 1502.43 553.8 164.925 2e-07 -67.3402 0.814799 4e-07 -1549.9 11.0747 -224.002 -26.627 6e-07 -44725.7 -5648.35 -7845.5 -1652.22 -991.298 1249.72 0.0134475 2.94973 0.401709 1.42016 0.592522 1.5 0.0395485 -0.997962 0.601832 0.999895
7.59802 1e-07 3.45471 100.684 1e-07 28.2544 20.4817 22.403 1808.41 1e-07 439.096 291.311 502.359 159.408 201.5 40448.5 13437.3 9269.67 6761.73 4170.55 3477.62 2e-07 -34.3485 0.224974 4e-07 -558.442 42.2717 -463.691 -394.476 6e-07 -11747.5 -6892.75 -8240.31 -8801.02 -8458.24 -4280.11 0.000337721 2.45423 1.60942 1.25561 0.930396 1.5 0.0666408 -0.99999 0.210633 0.999982
11.1686 1e-07 4.44107 213.226 1e-07 51.6135 34.9062 33.4651 5481.98 1e-07 1081.28 645.333 1048.17 309.407 338.755 174869 57278.3 30750.1 20455.8 10732.9 8027.21 2e-07 -70.6954 0.0277013 4e-07 -1702.98 69.7193 -1105 -876.005 6e-07 -52536.4 -31806.6 -27968 -26343.5 -20836.4 -12900.3 0 2.99529 1.89341 1.48216 0.925249 1.5 0.083477 -0.998575 0.484658 0.999976
7.49987 1e-07 4.2273 110.88 1e-07 33.8877 23.0546 24.5803 2306.97 1e-07 562.1 352.897 512.915 150.17 176.51 61004.9 22695.7 13154 10403.9 5064.79 3271.36 2e-07 -36.5367 0.0704562 4e-07 -701.309 46.2008 -589.889 -475.296 6e-07 -17797.9 -12216.7 -12092.1 -13412.4 -9849.17 -3495.61 0.00802601 2.3306 1.96305 1.45281 0.638637 1.5 0.103713 -0.997993 0.633065 0.999981
7.8402 1e-07 0.0773615 114.602 1e-07 2.60438 0.0538643 0.00640247 2318.69 1e-07 102.839 12.6891 1.08538 0.00460795 0.00056314 59102.5 3159.56 3613.27 487.812 68.4091 3.28036 2e-07 -42.1434 0.900443 4e-07 -802.395 6.76782 -100.378 11.9802 6e-07 -19535.2 -1760.58 -3561.01 -410.558 -107.549 1375.49 0.000776014 2.43171 0.275777 1.38973 0.0367653 1.5 0.1465 -0.998541 0.385169 0.999966
5.80397 1e-07 4.83655 75.1252 1e-07 30.4796 26.03 41.3855 1420.87 1e-07 439.985 334.308 632.86 262.859 478.335 34824.3 13579.8 9273.23 8738.59 5248.81 4674.22 2e-07 -23.505 -0.0513955 4e-07 -409.946 51.28 -453.849 -468.265 6e-07 -9668.22 -6829.81 -7867.58 -11226.8 -10452.2 -6400.36 0.0250206 1.92732 1.99009 1.47669 0.999995 1.5 0.0958022 -0.999845 0.598347 0.999936
8.42022 1e-07 0.168547 120.628 1e-07 3.41573 0.184971 0.0301872 2322.59 1e-07 121.335 21.2746 2.74832 0.0340296 0.00569775 55418.4 4525.18 4009.7 796.153 130.032 11.4964 2e-07 -44.4401 0.882206 4e-07 -807.159 7.399 -119.474 1.64477 6e-07 -18341.4 -2543.79 -3970.87 -795.396 -207.107 1397.78 0.00390635 2.61052 0.408296 1.27657 0.0499546 1.5 0.0425128 -0.999884 0.202048 0.999993
0.0541929 1e-07 4.8345 0.0122302 1e-07 2.25878 1.22339 40.5775 0.0442497 1e-07 0.687047 3.40517 84.6342 12.1357 460.933 0.66288 0.178648 0.305886 1.64405 43.0073 75.1858 2e-07 4.77664 -0.0509847 4e-07 6.75084 2.04465 32.8158 28.3572 6e-07 3.19212 13.3873 250.545 -11.2995 -21.6117 3380.75 0.000246033 0.0914804 1.9608 0.2128 0.995461 1.5 0.0363458 -0.999864 0.600029 0.999972
6.11938 1e-07 3.70731 38.6152 1e-07 24.6896 17.5932 13.7486 250.913 1e-07 216.605 194.746 295.617 65.2467 50.9906 1676.94 1244.64 2088.61 2470.75 2188.6 1461.11 2e-07 -13.9966 0.174453 4e-07 -39.8204 35.8533 -260.542 -262.194 6e-07 329.027 24.2484 -1701.14 -3430.73 -4581.47 -11.7185 0.000256241 2.46429 1.92567 0.218305 0.00800883 1.5 0.0401675 -0.999994 0.57506 0.999977
8.72868 1e-07 0.000957619 77.8671 1e-07 2.00777 0.000109344 2.64053e-06 709.311 1e-07 104.809 0.81496 0.0288704 4.39113e-07 1.17953e-08 6593.64 33.2677 2336.5 23.9467 24.5926 0.00652604 2e-07 -32.0878 0.915724 4e-07 -284.637 7.5934 -100.351 26.0269 6e-07 -2163.36 33.6571 -2417.44 214.701 -37.0322 1350.38 0.000343451 2.94674 0.0153507 0.218305 0.0268654 1.5 0.0401675 -0.999994 0.482669 0.999977
4.3168 1e-07 0.501944 46.0831 1e-07 4.1657 0.529563 0.252102 744.799 1e-07 74.9114 23.4896 8.22811 0.265917 0.126618 15889.6 2350.04 1755.84 671.329 191.574 34.0308 2e-07 -17.6398 0.815526 4e-07 -257.026 4.17981 -79.8241 -0.64824 6e-07 -5137.13 -1288.84 -1787.36 -762.867 -323.657 1493.82 0.00061374 -1.48915 -0.708697 1.44931 0.000109652 1.5 0.039614 -0.999991 0.602209 0.99977
11.1714 1e-07 4.82267e-10 212.399 1e-07 1.99993 -4.27787e-14 2.32586e-19 5430.3 1e-07 134.052 -0.00132275 5.78707e-09 -2.41699e-23 1.12173e-28 172115 -0.944878 6371.75 -0.0766197 23.9984 -2.56664e-12 2e-07 -74.891 0.915915 4e-07 -1835.49 9.83204 -126.647 27.0016 6e-07 -56394.6 168.29 -6136.73 312.715 -35.9976 1350 0 3 -2.19605e-05 1.47356 4.93414e-08 1.5 0.0401528 -0.999991 0.487543 0.999976
1.38113 1e-07 0.00672141 2.17509 1e-07 1.98802 0.000730428 5.71803e-05 5.33743 1e-07 16.3016 1.65064 0.0912592 6.76498e-06 5.76364e-07 41.0027 7.69476 60.4717 7.92451 24.3517 0.0421936 2e-07 -2.02693 0.914571 4e-07 2.18773 0.868852 -20.6357 25.0532 6e-07 63.8698 0.717578 -103.551 32.0671 -36.9772 1352.65 0.013387 1.16044 0.0796515 0.150753 0.0211352 1.5 0.0398592 -0.999955 0.461317 0.999977
2.69635 1e-07 0.850008 21.2408 1e-07 4.29098 -0.0119014 2.16838 273.427 1e-07 50.3968 -0.166796 38.7535 -0.0505993 9.21929 4852.76 -5.91363 869.374 -2.91953 235.021 -1.1232 2e-07 -8.21858 0.745914 4e-07 -90.3961 1.58763 -56.0582 31.0516 6e-07 -1477.27 12.2564 -817.317 84.9504 -537.163 1720.84 0.000388161 -0.73081 0.00648818 1.47052 0.922115 1.5 0.00182943 -0.999778 0.606695 0.999927
10.8919 1e-07 2.953 207.186 1e-07 34.8811 20.3798 17.621 5325 1e-07 758.773 394.447 566.864 147.343 147.875 169996 43466.2 22381.2 12518.7 6144.38 4349.93 2e-07 -70.0948 0.325316 4e-07 -1700.04 43.7596 -776.032 -518.676 6e-07 -52529.9 -24463.9 -20837.2 -16046.6 -11790 -6014.6 0.0287333 2.99042 1.47954 1.48492 0.922513 1.5 0.0982026 -0.999794 0.603141 0.999994
7.80237 1e-07 4.59999 114.12 1e-07 38.1138 29.7943 35.6339 2312.85 1e-07 622.584 433.821 776.794 270.626 368.838 59078.5 22179 14149.5 11433.5 6722.44 5569.02 2e-07 -37.4383 -0.00408224 4e-07 -693.635 59.1122 -647.971 -601.737 6e-07 -16923.5 -11592.1 -12402.1 -14804.8 -13461.2 -8166.74 0.00869973 2.43171 1.9454 1.39209 0.924966 1.5 0.159304 -0.998541 0.637433 0.999966
0.659073 1e-07 4.30059 0.704977 1e-07 4.81267 -7.5153 25.2106 1.2536 1e-07 10.7635 -32.8262 105.756 -49.2784 182.253 6.92708 -0.891937 24.4034 -84.8849 243.528 -496.699 2e-07 3.43003 0.0557967 4e-07 13.357 -15.3895 3.34007 110.002 6e-07 50.4856 -132.277 272.862 136.551 -756.013 4518.48 0.00201902 -0.744592 1.9753 0.318491 0.638337 1.5 0.0293388 -0.998941 0.561669 0.9999
9.31493 1e-07 3.35904 151.157 1e-07 33.5943 22.0522 21.4261 3318.75 1e-07 625.489 369.313 583.718 168.78 189.482 90617 27062.2 15822 10223.5 5577.94 4256.55 2e-07 -51.3031 0.244106 4e-07 -1046 45.9172 -648.913 -494.496 6e-07 -27376.4 -14746.7 -14475.9 -13205.3 -10978.4 -5783.38 0.0133688 2.73972 1.59837 1.38007 0.921756 1.5 0.0976067 -0.999762 0.600253 0.999995
8.64 1e-07 0.863987 78.26 1e-07 9.6273 1.0003 2.32459 726.702 1e-07 172.638 15.8209 92.4249 4.42871 10.4238 6914.98 318.931 2980.7 287.049 763.054 177.007 2e-07 -31.254 0.743118 4e-07 -267.389 7.98866 -182.231 7.83197 6e-07 -1938.01 -90.923 -2928.02 -149.667 -1589.33 1380.41 0.0372949 2.97308 0.131305 0.219931 0.938094 1.5 0.0711911 -0.998958 0.587358 0.999965
1.12286 1e-07 2.48449 1.26416 1e-07 4.78974 -4.78503 8.78335 1.42725 1e-07 16.6143 -33.7001 66.065 -19.1472 39.0672 1.61974 -2.25333 41.4672 -112.206 235.959 -312.711 2e-07 0.982385 0.419017 4e-07 12.6769 -9.49957 -19.1033 96.7204 6e-07 81.1584 -135.613 121.141 261.367 -679.45 3131.21 1.77702e-06 -1.0593 1.48533 0.0272606 0.527521 1.5 0.0401433 -0.999989 0.488269 0.99993
9.65184 1e-07 0.856385 170.657 1e-07 10.3347 1.08043 2.22923 4148.48 1e-07 263.495 23.034 85.438 4.60157 9.66788 126534 3513.26 8711.77 689.384 1010.04 198.121 2e-07 -59.9927 0.744638 4e-07 -1384.2 8.93418 -266.245 -1.14788 6e-07 -40791.3 -1912.21 -8381.68 -626.975 -1924.99 1337.43 0.0138336 2.73971 0.156259 1.49988 0.918616 1.5 0.0949968 -0.999126 0.591367 0.999995
2.91526 1e-07 0.643409 26.4336 1e-07 4.56369 2.78386 3.95489 406.57 1e-07 67.1772 39.2442 60.9945 20.8075 34.434 8793.67 2571.62 1430.48 1019.33 553.673 419.62 2e-07 -10.2019 0.787233 4e-07 -134.713 7.32511 -71.0308 -29.2746 6e-07 -2708.78 -1375.22 -1317.75 -1259.16 -1085.95 764.094 0.804687 1.84565 1.54501 1.49989 0.927731 1.5 0.106238 -0.999784 0.592335 0.999986
6.30747 1e-07 4.84808 84.1985 1e-07 32.6296 27.4247 40.4445 1616.95 1e-07 484.758 361.8 677.081 269.713 454.948 39930.4 15419.7 10383.3 9415.19 5642.36 4964.59 2e-07 -26.7189 -0.0537012 4e-07 -471.395 54.1006 -501.954 -506.394 6e-07 -11172.3 -7824.45 -8876.58 -12127.2 -11277.7 -6958.38 0.00269648 2.05088 1.97353 1.45338 0.983029 1.5 0.0396875 -0.999886 0.630505 0.999982
1.34396 1e-07 3.75288 1.89763 1e-07 7.00811 8.44534 14.2034 3.72797 1e-07 22.6844 51.4277 101.96 31.9932 53.7895 24.241 9.70933 63.1415 194.426 410.484 548.937 2e-07 1.83963 0.165338 4e-07 18.0083 16.72 -29.7704 -53.552 6e-07 102.422 197.086 165.572 -341.019 -1010.38 1852.74 0.0078069 1.15573 1.94468 0.0333218 0.0242959 1.5 0.0818273 -0.998541 0.459439 0.999967
8.92839 1e-07 3.89884 133.715 1e-07 37.3726 21.292 15.6274 2672.69 1e-07 638.599 358.721 421.656 85.5656 62.9583 65908.5 25868.6 14647.5 10260.2 4704.74 2333.71 2e-07 -45.144 0.136147 4e-07 -823.404 43.2871 -677.617 -473.458 6e-07 -19252.3 -14091.5 -13941.2 -13298.2 -8950.2 -1608.11 0.0223921 2.72934 1.99571 1.27753 0.0714368 1.5 0.0860287 -0.999762 0.464604 0.999994
2.8112 1e-07 0.113644 20.1332 1e-07 2.31824 -0.0443976 0.012981 220.727 1e-07 36.0041 -7.2663 1.43785 -0.00508357 0.00148964 3212.61 -272.277 628.763 -139.88 47.242 -2.69262 2e-07 -8.73753 0.893186 4e-07 -79.3966 2.02238 -39.3321 36.5165 6e-07 -1004.49 145.541 -667.406 284.978 -78.4548 1401.08 0.000458548 -1.15647 0.336991 1.2141 0.0115163 1.5 0.0391913 -0.999914 0.191972 0.999881
10.7992 1e-07 4.08773 195.556 1e-07 46.1838 30.0879 27.4403 4738.01 1e-07 929.826 544.254 845.329 235.997 244.683 141904 46548.6 25255.1 16557.2 8575.54 6045.74 2e-07 -65.3782 0.0983687 4e-07 -1478.41 60.8302 -956.981 -734.969 6e-07 -42660.1 -25759 -23146.4 -21366.4 -16687.7 -9062.6 0.00065987 2.96493 1.83621 1.41915 0.847792 1.5 0.0963064 -0.997961 0.345096 0.999981
4.37664 1e-07 0.502765 47.6303 1e-07 4.19992 0.531678 0.25384 786.346 1e-07 76.4543 23.6144 8.28131 0.268987 0.128695 17154.1 2507.63 1823.94 689.81 194.473 34.2329 2e-07 -18.163 0.815362 4e-07 -270.934 4.232 -81.3143 -0.802633 6e-07 -5550.31 -1381.78 -1853.14 -783.754 -328.252 1493.8 2.70886e-05 -1.48915 -0.708697 1.4694 0.0229678 1.5 0.0395584 -0.999918 0.602209 0.999878
8.23069 1e-07 1.13346 130.818 1e-07 11.5318 -3.99026 3.78287 2901.24 1e-07 251.217 -76.0066 112.677 -18.9228 20.2903 81350.7 -8593.89 7315.28 -2111.12 1223.68 -668.01 2e-07 -46.3427 0.689223 4e-07 -966.596 -2.74826 -255.711 138.885 6e-07 -26050.4 4921.88 -6976.57 3040.05 -2405.7 3164.8 0.0356093 2.50853 -0.576621 1.46928 0.91802 1.5 0.0405053 -0.999794 0.591197 0.999977
6.63588 1e-07 3.37865 90.6658 1e-07 24.4269 17.6196 22.6481 1767.38 1e-07 386.054 249.958 420.352 143.429 214.172 44113.6 13341.3 8692.83 6369.58 3692.33 3032.03 2e-07 -30.457 0.240186 4e-07 -547.6 36.4317 -403.367 -333.919 6e-07 -13071.2 -6999.14 -7795.64 -8211.2 -7336.41 -3417.23 0.000128904 2.13367 1.55199 1.44356 0.985086 1.5 0.0341634 -0.998923 0.638328 0.999983
9.6205 1e-07 0.781707 169.745 1e-07 9.58154 0.982435 1.85733 4119.06 1e-07 249.497 21.5868 73.371 3.81262 7.35172 125440 3485.49 8347.38 656.975 889.912 168.926 2e-07 -59.7622 0.759574 4e-07 -1376.72 8.86012 -251.729 0.719026 6e-07 -40503.7 -1899.37 -8047.49 -584.032 -1687.28 1360.75 0.0139324 2.7342 0.156259 1.49959 0.876475 1.5 0.0949968 -0.999132 0.584671 0.999995
11.0979 1e-07 2.89052 213.019 1e-07 34.1103 19.3775 16.4279 5526.39 1e-07 749.623 379.694 527.727 133.431 131.305 178249 44234.5 22383.8 12230.5 5839.53 3994.99 2e-07 -72.1132 0.337812 4e-07 -1768.61 42.0977 -766.377 -496.829 6e-07 -55252.9 -24976.7 -20925 -15652.5 -11155.9 -5323.99 0.00135938 2.9766 1.44348 1.49994 0.900448 1.5 0.111725 -0.999895 0.0777223 0.999899
11.25 1e-07 0.856481 217.686 1e-07 11.6353 -0.15322 2.20068 5683.88 1e-07 321.44 -3.48725 95.1925 -0.655948 9.42421 184347 -628.725 11398.5 -111.467 1196.78 -31.3274 2e-07 -75.6994 0.744619 4e-07 -1887.94 7.67051 -321.955 35.6241 6e-07 -59380.8 498.38 -10936.4 476.012 -2262.79 1781.78 0 2.99999 -0.0198806 1.5 0.925249 1.5 0.0393751 -0.999992 0.729769 0.999976
0.562213 1e-07 4.74431 0.384429 1e-07 4.66163 -9.24977 37.0829 0.31432 1e-07 8.55385 -31.6381 137.276 -84.5015 385.527 0.436236 -0.518573 12.939 -58.1894 229.711 -623.28 2e-07 4.06676 -0.0329458 4e-07 13.5062 -18.9169 18.1745 113.204 6e-07 42.324 -127.6 384.013 13.2638 -687.888 5178.51 6.08292e-05 -0.728843 1.9753 0.175776 0.918029 1.5 0.0295242 -0.998941 0.561669 0.999933
4.29949 1e-07 2.3633 47.1272 1e-07 12.2174 -7.12557 11.6664 790.828 1e-07 163.902 -95.7882 145.266 -43.0443 82.1103 17616.6 -4586.2 3301.75 -2331.43 1317.21 -872.072 2e-07 -16.0744 0.443256 4e-07 -247.723 -12.7567 -170.36 178.769 6e-07 -5256.29 2378.95 -2998.74 3219.9 -2663.77 4246.15 0.0166516 -1.44368 1.28559 1.5 0.866326 1.5 0.0540303 -0.999992 0.486535 0.999994
3.94205 1e-07 1.08285 39.431 1e-07 6.27619 -2.00594 3.51999 602.63 1e-07 90.1646 -28.9095 60.7476 -9.44669 18.5432 12212.4 -1333.74 1839.19 -578.798 478.177 -227.293 2e-07 -14.6885 0.699346 4e-07 -201.391 -1.65653 -95.8549 74.258 6e-07 -3815.52 702.689 -1734.85 907.93 -1016.11 2291.59 0.0400514 -1.40805 0.523331 1.42479 0.924166 1.5 0.0402821 -0.999888 0.382255 0.999985
4.1281 1e-07 0.979598 43.3697 1e-07 6.04215 -0.190871 2.88171 697.215 1e-07 91.9767 -2.77356 58.4374 -0.934721 14.1291 14876.9 -141.099 1982.86 -54.8223 439.945 -23.0188 2e-07 -16.1594 0.719996 4e-07 -234.408 2.19081 -97.9665 35.3224 6e-07 -4700.4 94.8929 -1884.36 196.3 -939.256 1824.89 0.00106326 -1.40409 0.0467167 1.46923 0.989155 1.5 0.171019 -0.998931 0.616066 0.999985
4.80807 1e-07 0.392531 53.4614 1e-07 3.88675 0.551119 0.43093 879.519 1e-07 78.6665 15.5388 15.6232 0.845458 0.754129 18877.2 1398.49 1948.65 390.15 182.903 44.0786 2e-07 -20.454 0.837409 4e-07 -305.657 4.72867 -82.1946 8.13379 6e-07 -6149.34 -743.703 -1947.58 -383.716 -347.092 1430.03 0.000206709 -1.67912 -0.354004 1.41037 0.517002 1.5 0.0965249 -0.999774 0.331922 0.999932
9.24908 1e-07 0.501902 156.717 1e-07 6.68296 -1.14656 0.746221 3649.44 1e-07 190.619 -31.3467 33.2833 -2.50667 1.80812 106601 -6335.87 6559.28 -1045.31 481.332 -133.637 2e-07 -55.7623 0.815535 4e-07 -1231.5 4.84167 -190.516 71.6619 6e-07 -34676.6 3781.55 -6365.96 1647.88 -895.855 1818.02 0.0181297 2.68875 -0.330222 1.46592 0.634106 1.5 0.0418251 -0.999899 0.59489 0.999985
10.5724 1e-07 0.0777655 190.774 1e-07 2.8204 -0.0653805 0.00658808 4632.6 1e-07 141.652 -15.4286 1.15625 -0.00575525 0.000601465 139517 -6847.48 6081.56 -738.088 84.4367 -4.00711 2e-07 -67.7269 0.900362 4e-07 -1572.09 8.98857 -135.922 46.2006 6e-07 -45779.3 4193.17 -5890.26 1247.9 -133.032 1388.83 0.00139833 2.91822 -0.275937 1.43806 0.0416056 1.5 0.0385928 -0.999768 0.601347 0.999925
10.6182 1e-07 4.74153 197.199 1e-07 52.8725 38.0101 39.1212 4960.88 1e-07 1074.04 676.411 1167.45 369.82 435.357 155302 53175.7 29745 20897.1 11499.3 9196.3 2e-07 -65.0363 -0.0323909 4e-07 -1526.84 75.1711 -1097.53 -926.325 6e-07 -46181.3 -29234 -26693.2 -26932.3 -22487.6 -15225.7 0.0132245 2.92192 1.96159 1.48078 0.978227 1.5 0.155348 -0.998536 0.607401 0.999999
8.68323 1e-07 2.57157 141.923 1e-07 24.6001 14.266 13.3871 3215.48 1e-07 474.703 249.429 344.267 90.2201 98.375 91815.8 22855.7 12662.6 7300.61 3584.45 2432.96 2e-07 -48.6886 0.401601 4e-07 -1032.77 31.5652 -491.926 -320.601 6e-07 -28386.7 -12680.7 -11862.5 -9346.08 -6914.09 -2404.26 0.0181489 2.57673 1.36503 1.47057 0.86934 1.5 0.0539702 -0.999606 -0.00444718 0.999933
6.30291 1e-07 4.49547 85.5712 1e-07 30.9729 24.8482 34.9326 1678 1e-07 471.63 338.218 599.149 226.286 362.4 42375.9 15985.4 10356.2 9127 5196.64 4297.5 2e-07 -27.4788 0.0168214 4e-07 -496.053 49.2749 -489.908 -467.523 6e-07 -12032.6 -8254.33 -9039.46 -11752 -10313.9 -5660.06 0.0367257 2.07169 1.95249 1.47158 0.924311 1.5 0.0894067 -0.99889 0.403991 0.999985
7.9096 1e-07 0.0179902 120.191 1e-07 2.09881 -0.00671514 0.000452431 2544.6 1e-07 96.4859 -5.58889 0.264625 -0.000191067 1.40327e-05 68058.8 -1636.43 3641.25 -227.206 33.7702 -0.410085 2e-07 -43.9489 0.912317 4e-07 -877.274 6.81133 -93.1313 33.8322 6e-07 -22479.8 1050.29 -3564.11 519.99 -52.0399 1358.03 0.0358205 2.46386 -0.129903 1.43152 0.0416056 1.5 0.037659 -0.999765 0.595015 0.999926
8.28917 1e-07 0.430162 117.846 1e-07 5.57447 0.382897 0.559768 2256.45 1e-07 150.335 9.8558 27.3405 0.813456 1.21346 53598.7 1263 4509.54 284.266 348.63 43.0927 2e-07 -43.2127 0.829883 4e-07 -778.056 7.24308 -151.58 15.7815 6e-07 -17584.4 -640.505 -4430.53 -135.41 -655.334 1448.73 0.0092732 2.59107 0.116873 1.27753 0.648429 1.5 0.0856536 -0.999571 0.468127 0.999985
1.36039 1e-07 3.86373 2.0302 1e-07 7.22043 8.82364 15.0614 4.18622 1e-07 23.5974 52.9592 106.99 34.4359 58.7745 25.4558 11.2942 69.1708 206.537 429.313 576.595 2e-07 1.89428 0.14317 4e-07 18.3752 17.4492 -30.4847 -56.637 6e-07 106.164 202.2 172.037 -357.195 -1056.55 1841.98 0.0078069 1.15573 1.97308 0.132916 0.0321378 1.5 0.0831835 -0.998538 0.459439 0.999977
8.12465 1e-07 0.830814 127.875 1e-07 8.8798 -0.203626 2.14442 2811.36 1e-07 206.464 -3.95236 74.2892 -0.877998 9.22839 78192.8 -448.968 6239.42 -107.873 804.712 -34.1986 2e-07 -45.6563 0.749752 4e-07 -944.643 5.25828 -210.251 36.2653 6e-07 -25236.9 329.401 -6010.82 381.95 -1570.71 1777.23 0.0350908 2.48778 -0.0330222 1.46604 0.927149 1.5 0.0955403 -0.99973 0.596467 0.999977
7.24326 1e-07 2.09256 102.556 1e-07 17.4421 10.0415 10.4442 2035.05 1e-07 306.771 159.747 236.892 63.2506 77.0771 51184.3 11194.2 7450.94 4064.61 2241.37 1649.71 2e-07 -35.9176 0.497403 4e-07 -660.744 23.2287 -320.989 -197.541 6e-07 -15856.5 -6044.98 -6963.41 -5193.36 -4409.09 -1054.25 0.0324151 2.33314 1.12793 1.40249 0.94363 1.5 0.0164098 -0.999969 0.0280741 0.999981
8.46195 1e-07 1.09243 138.125 1e-07 11.3251 3.62761 3.47643 3150.15 1e-07 254.149 70.9837 106.249 16.6315 17.8878 90943.3 8758.24 7628.28 2017.33 1182.87 604.522 2e-07 -48.807 0.697429 4e-07 -1049.19 12.7406 -260.321 -68.0781 6e-07 -29162.4 -4895.33 -7330.44 -2423.26 -2262.75 641.535 0.0145136 2.51131 0.530605 1.49892 0.909359 1.5 0.0542197 -0.999912 0.598076 0.999974
9.10713 1e-07 0.961359 155.223 1e-07 10.8677 0.358597 2.82703 3659.88 1e-07 260.858 7.17156 100.321 1.75145 13.8609 108628 939.132 8233.49 202.835 1109.75 70.0005 2e-07 -54.7128 0.723643 4e-07 -1220.58 6.88501 -264.656 21.1121 6e-07 -34944.1 -444.793 -7893.9 -3.09758 -2149.96 1633.36 0.0200251 2.64879 0.0467167 1.49372 0.989155 1.5 0.138967 -0.998931 0.748457 0.999985
8.16234 1e-07 0.391847 68.3454 1e-07 5.20441 0.708239 0.157175 584.764 1e-07 124.626 37.8449 8.59086 0.286894 0.0641507 5110.49 1084 2275.35 933.755 265.931 44.7956 2e-07 -28.2741 0.837546 4e-07 -228.161 7.85161 -127.832 -19.1563 6e-07 -1494.78 -461.347 -2407.27 -1025.76 -435.444 1428.47 0.00590012 2.85529 0.626379 0.21152 0.0420244 1.5 0.0965249 -0.997961 0.332954 0.999981
8.28917 1e-07 2.55584 117.846 1e-07 23.3177 12.9046 10.5412 2256.45 1e-07 402.949 217.719 270.184 61.8464 57.2283 53598.7 15781.8 9349.27 5789.61 2811.94 1626.42 2e-07 -41.087 0.404748 4e-07 -724.826 28.7378 -425.938 -276.052 6e-07 -16321.3 -8570.87 -8877.95 -7450.84 -5424.33 -803.033 0.0092732 2.59107 1.46943 1.27753 0.648429 1.5 0.0856536 -0.999563 0.468127 0.999995
5.6555 1e-07 2.08086 72.7491 1e-07 13.7685 5.54221 4.33445 1377.14 1e-07 219.249 104.191 79.0262 11.5501 9.03761 33917.3 9561.53 5048.14 3371.81 1186.65 449.806 2e-07 -25.3994 0.499743 4e-07 -444.585 13.5107 -235.958 -110.496 6e-07 -10456.1 -5297.37 -4995.25 -4243.08 -2121.09 1367.92 4.26199e-05 1.84565 1.44237 1.49974 0.0226747 1.5 0.0307564 -0.999995 0.585852 0.999986
0.112613 1e-07 2.8665 0.579708 1e-07 2.03136 0.981272 15.6815 6.50849 1e-07 0.695435 4.10367 51.8798 6.4134 118.206 102.508 27.0973 6.23485 1.62147 29.0057 59.1442 2e-07 2.57998 0.342615 4e-07 3.56181 1.65942 8.66713 27.6308 6e-07 -33.7836 0.54819 146.71 -12.0817 -178.921 2510.51 0.0380924 0.153801 1.50763 0.0656947 0.840659 1.5 0.0956152 -0.99979 0.594774 0.999979
11.0991 1e-07 3.8156 214.056 1e-07 44.8304 22.5434 14.8454 5579.02 1e-07 960.916 459.04 479.186 87.9702 58.0721 180704 60973.2 28009.3 16963.9 6328.66 2734.9 2e-07 -71.5004 0.152795 4e-07 -1753.27 46.2864 -991.233 -598.991 6e-07 -54985.5 -34743.9 -26791.3 -21662.5 -11668.4 -2386.21 0.014221 2.99626 1.96598 1.49972 0.0721202 1.5 0.159727 -0.998541 0.637178 0.999977
9.71692 1e-07 2.8776 171.875 1e-07 30.0171 17.7114 16.313 4176.08 1e-07 612.382 322.915 457.057 121.664 130.078 127290 32406.5 17204.1 9917.64 4852.17 3373.3 2e-07 -58.4018 0.340396 4e-07 -1334.65 38.3193 -630.195 -422.055 6e-07 -39301.1 -18117.3 -16046.5 -12705 -9332.07 -4140.42 0.00272784 2.73644 1.44085 1.49974 0.89967 1.5 0.0579685 -0.999894 0.604312 0.999989
6.30291 1e-07 3.14284 85.5712 1e-07 22.2234 15.395 19.5852 1678 1e-07 352.033 221.824 352.041 115.579 170.23 42375.9 12695.3 8004.73 5850.76 3212.56 2461.45 2e-07 -28.8314 0.287348 4e-07 -522.301 32.1183 -368.533 -291.331 6e-07 -12630.6 -6721.93 -7270.78 -7525.56 -6325.59 -2334.29 0.0367257 2.07169 1.55177 1.47158 0.924311 1.5 0.0894067 -0.999764 0.199982 0.99994
10.7957 1e-07 4.50533 199.197 1e-07 51.1843 36.0337 35.8626 4940.35 1e-07 1038.92 644.647 1101.15 339.207 386.826 151805 50941.2 28544.5 19536.1 10806.2 8604.2 2e-07 -66.0496 0.0148483 4e-07 -1527.75 71.7184 -1063.53 -880.298 6e-07 -45287.1 -28011.5 -25696.7 -25211.2 -21167.8 -14087.5 0.0141776 2.97088 1.90375 1.44652 0.972384 1.5 0.155348 -0.998536 0.606968 0.999998
8.31677 1e-07 0.0935991 132.74 1e-07 2.77809 0.0722241 0.00922775 2958.79 1e-07 112.209 14.4421 1.3427 0.00729743 0.000954615 83492.4 4654.91 4258.48 601.278 81.2591 4.42576 2e-07 -48.0453 0.897195 4e-07 -1012.04 7.20629 -109.335 9.89124 6e-07 -27445.5 -2636.04 -4169.56 -540.005 -127.943 1380.02 3.76825e-05 2.47274 0.303886 1.4841 0.0354265 1.5 0.145863 -0.999892 -0.049376 0.999931
11.2376 1e-07 0.271757 216.851 1e-07 5.05333 4.34046e-05 0.221556 5643.5 1e-07 193.744 0.00338813 16.2582 5.89775e-05 0.301046 182382 4.01782 8037.33 0.26489 291.849 0.00459183 2e-07 -76.0211 0.861564 4e-07 -1894.74 9.28211 -189.308 28.4006 6e-07 -59389.3 157.471 -7766.06 324.351 -518.763 1462.92 0 3 -2.19605e-05 1.49586 0.521303 1.5 0.0401528 -0.999739 0.486535 0.999977
10.9865 1e-07 0.401947 210.834 1e-07 6.45579 0.537254 0.492236 5474.63 1e-07 217.642 16.6253 28.1375 1.05564 1.00268 176771 4738.45 8556.25 620.64 451.551 66.7546 2e-07 -73.8349 0.835526 4e-07 -1833.86 9.84608 -214.914 6.91258 6e-07 -57417.8 -2626.99 -8274.13 -488.299 -812.618 1392.46 0.0178902 2.98263 0.155436 1.49987 0.620527 1.5 0.0546832 -0.999608 0.595152 0.999934
5.45383 1e-07 1.32632 66.1843 1e-07 9.23791 2.82048 1.76273 1173.66 1e-07 153.296 65.1953 37.5303 3.74998 2.34374 26980.6 6296.92 3543.45 1986.23 662.038 205.074 2e-07 -23.9828 0.650652 4e-07 -390.568 8.78862 -164.764 -55.9326 6e-07 -8501.35 -3487.41 -3555.96 -2453.75 -1154.41 1518.34 0.00162825 1.84423 1.15253 1.43452 0.0118887 1.5 0.0257828 -0.999606 -0.0196471 0.999976
8.60829 1e-07 2.56755 137.524 1e-07 24.327 14.2725 13.4759 3033.01 1e-07 460.851 245.21 345.168 91.2621 100.236 84121.5 21073.2 12019 6967.68 3511.06 2440.3 2e-07 -47.2979 0.402404 4e-07 -974.446 31.5641 -478.553 -315.623 6e-07 -25965.2 -11629.3 -11237.8 -8931.49 -6807.09 -2425.25 0.0148951 2.57498 1.35285 1.44011 0.880987 1.5 0.0545664 -0.999605 0.452008 0.999995
7.67262 1e-07 3.83863 111.079 1e-07 31.6247 18.1994 14.9356 2232.92 1e-07 521.542 295.363 334.135 71.0239 58.425 56637.3 21560.4 11970 8972.85 3827.82 1914.38 2e-07 -37.1577 0.148189 4e-07 -686.082 37.1014 -554.786 -385.113 6e-07 -16616.4 -11757.3 -11423.8 -11559.5 -7222.8 -797.24 0.00823088 2.4041 1.96598 1.39209 0.0721202 1.5 0.159727 -0.998541 0.637178 0.999977
8.08708 1e-07 4.72477 127.776 1e-07 40.4508 30.9671 37.4601 2833.16 1e-07 705.465 475.491 825.339 287.676 396.371 79718.7 28908.7 17331 13804.2 7617.05 6117.31 2e-07 -41.6953 -0.0290397 4e-07 -856.374 61.2511 -728.101 -656.477 6e-07 -23221.5 -15467.3 -15380.9 -17781.2 -15016.1 -9196.86 0.00869973 2.43171 1.9738 1.49168 0.932808 1.5 0.160661 -0.998538 0.637433 0.999977
9.50329 1e-07 1.73685 160.782 1e-07 18.6756 8.14433 5.59311 3705.86 1e-07 396.796 168.409 168.852 31.3103 24.7775 106633 22543 11346.2 5375.08 2136.61 1039.7 2e-07 -56.0011 0.568544 4e-07 -1216.51 21.2577 -409.994 -200.36 6e-07 -33711.7 -12784.3 -10945.9 -6769.43 -3965.46 56.0841 0.0144482 2.74841 1.16165 1.43384 0.642542 1.5 0.0385804 -0.999617 0.663284 0.999976
