4.42577 1e-07 4.90194 21.5204 1e-07 40.2275 42.7744 40.7627 113.653 1e-07 312.091 406.046 838.691 478.273 455.157 648.58 1327.06 2367.69 3664.27 4944.91 6434.13 2e-07 -5.97994 -0.0644732 4e-07 65.0664 81.5569 -373.634 -620.719 6e-07 1252.23 785.24 -672.934 -5059.68 -11003 -10828.8 0.00273759 2.07928 1.99271 0.329177 0.970438 1.49998 0.999999 1 0.993562 0.998163
0.077148 1e-07 4.78321 0.146919 1e-07 0.419269 10.82 37.892 1.60232 1e-07 0.597704 0.153652 55.0317 154.317 399.464 25.2267 5.07184 2.5692 2.64832 -1.53122 122.199 2e-07 4.66199 -0.0407269 4e-07 0.630193 21.6267 32.8503 -5.33492 6e-07 -6.18181 -2.41347 160.944 287.216 148.545 2422.25 0.00937817 -0.224102 1.9913 0.0797394 0.92399 1.49992 1 0.999996 0.452072 0.912152
5.26949 1e-07 4.70771 62.9979 1e-07 41.0219 36.2148 35.269 1107.32 1e-07 628 501.735 662.956 368.324 346.969 25309.4 17963.6 13138.2 11735.2 7708.31 6400.18 2e-07 -19.4612 -0.0256276 4e-07 -272.128 69.0515 -663.861 -708.178 6e-07 -5560.14 -8839.12 -11870.1 -15249.9 -14382.7 -10197.3 0.00481523 1.79007 1.99325 1.44213 0.867527 1.49997 0.999999 1 0.993526 0.995277
11.25 1e-07 2.78294e-07 217.687 1e-07 1.96005 8.27353e-07 7.7505e-14 5683.92 1e-07 132.529 5.82176 3.27981e-06 3.84112e-13 2.85539e-16 184349 39432.9 6413.9 656.627 23.0575 1.62535e-05 2e-07 -76.5562 0.915915 4e-07 -1916.98 9.91204 -125.156 20.0139 6e-07 -60325.9 -23463.6 -6171.84 -496.718 -34.5862 1350 1.90345e-17 3 -0.000527536 1.5 5.4807e-07 1.49963 1 1 0.990575 0.983018
0.481656 1e-07 3.95132 0.320069 1e-07 -1.42926 5.94098 15.691 0.964959 1e-07 1.10174 -3.40649 24.3177 53.4295 62.4472 13.055 3.27577 4.33578 1.0242 -6.38366 10.601 2e-07 3.37364 0.125651 4e-07 -4.89734 12.609 17.2049 22.762 6e-07 0.627232 -15.5186 66.7676 114.679 -21.8661 2788.73 0.00482237 -0.678308 1.99097 0.113964 0.0407206 1.49986 0.999999 0.999997 0.442879 0.903587
0.923047 1e-07 3.59331 2.40489 1e-07 -0.982132 4.4471 14.1328 21.9073 1e-07 5.7945 0.958983 25.5019 44.3157 56.4555 339.068 152.494 83.9158 42.8866 29.694 7.56326 2e-07 1.94879 0.197254 4e-07 -11.9235 9.93606 10.53 22.1547 6e-07 -94.6551 -86.6165 -16.6897 42.6557 -97.0214 2686.08 0.125938 -0.849862 1.99172 0.0981355 0.00271769 1.49991 0.999999 0.999999 0.999937 0.910864
3.33145 1e-07 4.49889 30.9055 1e-07 25.0832 25.7213 32.9431 456.062 1e-07 305.44 272.839 352.59 268.942 318.959 9123.27 6849.62 5427.11 5613.84 3843.94 3502.95 2e-07 -8.10422 0.0161381 4e-07 -92.4745 49.4773 -324.919 -391.746 6e-07 -1665.84 -3051.2 -4824.8 -7203.32 -7108.79 -4485.7 0.0125315 1.05371 1.94464 1.49495 0.872736 1.49994 1 1 0.927384 0.992891
4.43011 1e-07 0.877977 21.533 1e-07 6.70898 3.17004 2.31237 113.538 1e-07 79.6215 47.1597 65.8173 13.8974 10.1497 644.506 820.555 802.642 618.41 412.95 269.33 2e-07 -10.012 0.74032 4e-07 -35.4676 9.0559 -90.4249 -38.3718 6e-07 91.2171 -299.896 -777.938 -772.781 -916.276 1163.08 0.000748366 2.07928 0.0991707 0.329177 0.931692 1.49998 0.999999 1 0.987301 0.998125
7.04133 1e-07 4.7893 102.107 1e-07 53.3816 42.8391 37.8388 2111.25 1e-07 978.245 716.777 943.866 452.092 397.119 55865.4 35848.8 23938.6 19150.8 12004.8 9489.25 2e-07 -32.884 -0.0419444 4e-07 -575.338 81.4511 -1015.58 -993.305 6e-07 -13979.7 -18744.3 -21862.9 -24837.9 -22163.1 -16222 0.0125256 2.21464 1.99874 1.4824 0.917822 1.5 1 1 0.992559 0.994817
5.99735 1e-07 4.36743 81.0854 1e-07 44.2581 36.4721 33.4456 1601.78 1e-07 769.388 574.848 751.453 378.921 342.698 40940.6 26681.5 18101.3 14906.1 9371.6 7481.01 2e-07 -25.9556 0.0424299 4e-07 -428.846 69.5857 -802.72 -798.083 6e-07 -10037 -13789.1 -16517.5 -19324.3 -17327.4 -12366.7 0.110392 2.06011 1.99172 1.4894 0.904621 1.49993 1 0.999998 0.993894 0.989084
5.72395 1e-07 0.779129 73.8992 1e-07 5.54378 1.81577 1.82267 1399.7 1e-07 107.493 36.6208 46.1902 7.11415 7.11468 34431.7 8965.52 2850.07 977.638 370.931 136.814 2e-07 -27.1146 0.76009 4e-07 -477.177 7.76545 -112.097 -20.6555 6e-07 -11191.7 -5186.64 -2759.95 -1138.88 -767.159 1397.37 0.0132472 1.88427 -0.120978 1.49 0.872656 1.49994 1 1 0.996331 0.996264
10.8089 1e-07 3.49215 205.109 1e-07 59.6028 34.5364 21.0617 5277.22 1e-07 1456.22 807.838 845.996 276.644 171.379 169044 85975.7 45100.9 26466.3 13543.3 8365.09 2e-07 -68.8496 0.217485 4e-07 -1609.47 67.0523 -1478.71 -1069.78 6e-07 -48709.3 -48457.5 -42663.8 -34156.7 -24195.5 -13766.2 0.0150867 2.94789 1.68314 1.49999 0.835088 1.49989 1 1 0.986732 0.998558
5.99723 1e-07 0.87177 39.0926 1e-07 7.48733 2.79166 2.28113 272.524 1e-07 109.297 55.2501 72.2289 12.171 9.9541 2032.89 1926.62 1442.73 901.937 512.162 281.087 2e-07 -16.8532 0.741561 4e-07 -98.3878 9.5788 -119.386 -46.5884 6e-07 -335.903 -921.026 -1426.24 -1104.8 -1099.95 1149.45 0.0233526 2.44509 0.0287637 0.329177 0.931599 1.49998 1 1 0.997702 0.998125
7.45422 1e-07 0.796802 111.648 1e-07 7.85427 2.35165 1.90706 2365.49 1e-07 176.46 58.5117 61.8946 9.38125 7.619 63859 16469.2 5181.95 1755.53 652.021 253.623 2e-07 -40.1517 0.756555 4e-07 -797.732 9.95989 -181.175 -49.0046 6e-07 -20640.9 -9580.51 -5025 -2102.26 -1263.04 1181.53 0.0187927 2.31748 -0.00693882 1.47756 0.890428 1.49999 0.999999 1 0.993585 0.999259
3.81736 1e-07 2.84272 38.3721 1e-07 21.0966 17.969 17.5362 596.457 1e-07 292.11 224.696 277.323 160.671 153.959 12351.2 8114.1 5626.29 4705.28 3100.37 2555.82 2e-07 -12.4863 0.347372 4e-07 -154.019 35.2151 -314.043 -305.903 6e-07 -2841.26 -3992.96 -5175.43 -6115.7 -5798.96 -2914.65 0.277483 1.54224 1.64647 1.42857 0.916271 1.49999 1 0.999998 0.995624 0.961061
7.17257 1e-07 1.08233 101.028 1e-07 19.0868 5.77704 1.17493 2001.32 1e-07 403.344 145.426 53.6105 8.60181 1.27979 50378.4 24047.1 10504 4398.46 1364.9 370.22 2e-07 -36.3987 0.699449 4e-07 -644.164 14.3062 -420.828 -165.141 6e-07 -15098.1 -13834.7 -10546.4 -5565.54 -2265.51 1085.71 7.71509e-05 2.27228 1.03999 1.41763 0.027733 1.49985 0.999998 1 0.487633 0.980907
8.52079 1e-07 2.85352 153.395 1e-07 44.8451 27.0301 17.6684 3856.63 1e-07 1070.5 611.925 675.804 232.531 155.679 121677 61566 32688.1 19529.2 10458.5 6932.92 2e-07 -51.6858 0.345211 4e-07 -1175.85 52.8955 -1088.43 -806.816 6e-07 -35007.1 -34565.5 -30786.9 -25211.5 -18779.7 -11219.4 0.277483 2.95192 1.65027 1.48838 0.917597 1.49999 1 0.999998 0.996425 0.999078
4.94389 1e-07 3.38696 55.0065 1e-07 30.4969 24.2088 20.3709 896.213 1e-07 452.78 335.661 402.749 202.248 166.093 18936.9 12924.1 9015.87 7279.18 4677.83 3620.62 2e-07 -18.0589 0.238523 4e-07 -232.38 46.8464 -485.884 -462.164 6e-07 -4313.37 -6452 -8365.07 -9533.19 -8743.78 -4828.67 0.0592975 1.79867 1.68374 1.37058 0.838119 1.49998 0.999999 1 0.995954 0.993667
11.103 1e-07 4.89777 213.212 1e-07 80.0845 54.8905 40.7673 5532.98 1e-07 1917.1 1229.84 1579.57 597.397 455.934 178491 99740.1 58629.3 39656.6 23245.6 17051.7 2e-07 -70.1688 -0.0636397 4e-07 -1632.85 103.934 -1941.34 -1657.76 6e-07 -49494.9 -55112.8 -54147.9 -51204.4 -42106.3 -30657.2 0.00254967 2.97952 1.99046 1.49937 0.972526 1.49997 1 1 0.993615 0.996697
8.43721 1e-07 4.32438 137.503 1e-07 57.3949 41.0566 31.9017 3131.59 1e-07 1186.25 786.563 969.385 403.39 316.057 90285.9 52731.5 32107.2 22835.4 13406.9 9804.41 2e-07 -45.3636 0.0510388 4e-07 -904.795 78.3621 -1220.22 -1070.1 6e-07 -24286.1 -28604 -29783 -29586.5 -24466.9 -16718.2 0.0172275 2.51044 1.88433 1.49778 0.912126 1.5 1 1 0.998794 0.995803
7.87325 1e-07 1.16661 121.042 1e-07 6.63584 -0.0738103 3.97064 2589.35 1e-07 119.787 23.6005 84.7886 1.80266 22.0629 69799.7 11302.1 3376.21 856.709 358.076 -87.4112 2e-07 -43.0193 0.682593 4e-07 -877.939 5.73644 -123.723 3.79747 6e-07 -22930.3 -6599.93 -3150.66 -903.719 -940.571 2010.31 0.109399 2.56061 -0.512124 1.41679 0.961668 1.49996 1 0.999998 0.995607 0.983803
9.28282 1e-07 4.41629 159.355 1e-07 63.0645 44.2417 33.7258 3770.79 1e-07 1365.43 891.655 1119.31 447.36 347.401 112108 64006.9 38303.1 26583.9 15627.2 11479.6 2e-07 -52.673 0.0326568 4e-07 -1101.4 84.3728 -1397.63 -1209.17 6e-07 -30576 -34964.6 -35478.7 -34423.1 -28508.5 -19953.9 0.0179831 2.68367 1.89685 1.48645 0.938513 1.49993 0.999999 1 0.988073 0.969309
7.086 1e-07 0.744528 102.556 1e-07 14.7893 3.67266 0.595815 2112.05 1e-07 333.339 103.534 30.583 4.13811 0.548017 55610.9 23747 9205.87 3340.19 904.045 206.094 2e-07 -37.1082 0.76701 4e-07 -691.802 10.8776 -344.879 -108.079 6e-07 -17128.6 -13806.8 -9224.61 -4153.73 -1476.87 1263.59 0.00424711 2.22007 0.855748 1.47578 0.105515 1.49999 1 1 0.982783 0.991695
3.4181 1e-07 0.0129509 32.297 1e-07 2.06973 0.0384889 0.037577 483.687 1e-07 41.6292 6.44245 0.237027 0.186097 0.187884 9799.48 3386.4 975.268 211.141 27.6034 2.01101 2e-07 -13.0943 0.913325 4e-07 -171.194 2.79372 -43.6494 19.1712 6e-07 -3215.38 -1984.81 -1003.85 -175.199 -42.1428 1350.91 0.0125256 -1.0917 -0.0207495 1.49704 0.000345465 1.49965 1 1 0.990482 0.975497
6.81977 1e-07 2.76116 91.9808 1e-07 35.3517 18.3701 7.67378 1747.52 1e-07 646.196 347.697 240.81 66.2125 21.3856 42217.5 26022.3 15185.5 9416 4129.65 1839.22 2e-07 -31.6529 0.363684 4e-07 -510.181 35.9162 -685.468 -451.612 6e-07 -11181.8 -14267.6 -14987.4 -12275.5 -7242 -1147 0.00969914 2.22062 1.66686 1.39046 0.00084218 1.49986 0.999999 1 0.992597 0.976361
11.2381 1e-07 0.0131188 217.21 1e-07 1.7132 0.0353611 0.000891693 5664.77 1e-07 123.36 5.31087 0.421375 0.00418871 0.00197407 183507 38369.9 6081.9 608.169 23.2992 0.639556 2e-07 -76.3879 0.913291 4e-07 -1911.5 10.0212 -116.174 20.5573 6e-07 -60099.9 -22826.4 -5844.12 -438.363 -36.7319 1354.15 0.000129449 2.99873 -0.0346705 1.49896 0.108577 1.49996 0.999999 1 0.986621 0.990317
11.1366 1e-07 1.31146 215.064 1e-07 26.1385 10.2509 4.34425 5610.59 1e-07 715.455 279.858 208.158 49.0439 21.9579 181873 64266 24059.8 9650.07 3832.29 1904.07 2e-07 -74.3442 0.653623 4e-07 -1819.82 25.4744 -721.056 -344.364 6e-07 -56595.1 -37386.3 -23259.6 -12240.4 -6697.9 -1793.94 0.0118383 2.9989 0.802343 1.49989 0.819414 1.4999 1 1 0.981724 0.998558
5.13045 1e-07 0.0185076 62.3372 1e-07 2.61991 0.0609336 0.000932903 1129.57 1e-07 72.4358 9.24635 0.549521 0.00502988 7.40164e-05 26811.2 8281.63 2108.99 398.27 44.0665 1.50637 2e-07 -23.8131 0.912214 4e-07 -393.348 4.29694 -73.0692 15.762 6e-07 -8810.76 -4889.38 -2116.52 -362.199 -68.2916 1354.77 1.90345e-17 1.69804 0.0829506 1.49903 0.107828 1.49995 0.999999 1 0.985731 0.983018
5.42972 1e-07 3.28847 68.0399 1e-07 31.238 23.5072 19.5807 1260.57 1e-07 514.246 352.936 398.23 194.657 159.896 30456.6 18384.6 11530.3 8589.46 5073.97 3721.67 2e-07 -22.5532 0.258221 4e-07 -352.497 45.74 -544.007 -480.313 6e-07 -7826.33 -9659.52 -10831.2 -11170.8 -9324.23 -5012.05 0.00254967 1.79007 1.59471 1.49449 0.866737 1.49997 0.999998 1 0.993526 0.996697
0.0776546 1e-07 4.74891 0.150413 1e-07 0.417847 10.768 36.8947 1.6415 1e-07 0.606296 0.145214 54.078 150.553 379.822 25.8417 5.3938 2.69927 2.72422 -1.5748 122.255 2e-07 4.62614 -0.0338675 4e-07 0.610676 21.5236 31.8651 -4.90661 6e-07 -6.36254 -2.63891 157.942 280.017 135.144 2428.93 0.00960999 -0.224102 1.99172 0.0797394 0.90462 1.49986 1 0.999996 0.469304 0.912152
7.08568 1e-07 3.17208 102.801 1e-07 40.2498 22.0461 10.1166 2123.6 1e-07 773.204 423.236 309.563 90.5247 32.3364 56102.8 33785.7 19449.8 12386.2 5362.59 2475.48 2e-07 -34.7539 0.281499 4e-07 -619.132 42.5322 -813.13 -555.682 6e-07 -15088.4 -18639 -19022.7 -16086.6 -9402.7 -2244.73 0.00657729 2.22029 1.78484 1.47919 0.0282478 1.49976 1 1 0.998137 0.995613
4.40666 1e-07 3.52351 51.2282 1e-07 29.738 25.9217 25.9727 918.026 1e-07 468.08 365.673 478.771 270.071 264.437 21834.5 14584.7 10231.6 8922.89 5746.26 4771.21 2e-07 -16.2516 0.211213 4e-07 -237.422 49.932 -492.29 -506.521 6e-07 -5127.98 -7334.81 -9286.11 -11539.1 -10646.4 -7233.42 0.33239 1.79867 1.9863 1.4984 0.913514 1.49998 0.999999 1 0.995954 0.994438
10.0999 1e-07 3.7895 183.45 1e-07 62.1358 32.1187 14.4969 4554.2 1e-07 1455.48 752.735 587.965 151.674 55.5529 141398 80030 43415.7 25515.4 10807.4 4819.31 2e-07 -61.3455 0.158015 4e-07 -1363.3 61.0609 -1491.48 -989.731 6e-07 -39696.1 -45130.1 -41902.5 -32947.1 -18877.1 -6534.21 0.0137293 2.82226 1.9566 1.49799 0.0071297 1.49996 1 1 0.999049 0.982305
2.98847 1e-07 2.78599 24.9086 1e-07 3.87109 3.40629 7.76613 330.514 1e-07 13.9201 17.6145 33.8606 24.3407 21.6563 5948.23 43.443 66.0467 -415.442 131.616 138.201 2e-07 -7.67505 0.358717 4e-07 -112.449 8.77554 -17.3971 4.4414 6e-07 -2045.38 64.4223 -4.90482 565.172 -326.042 2177.22 0.0005294 -0.985444 1.66937 1.42048 0.0120993 1.49964 0.999999 1 0.880884 0.911747
8.4188 1e-07 3.23712 150.081 1e-07 50.2012 31.5924 21.2726 3734.58 1e-07 1178.2 703.98 807.368 283.861 193.08 116541 63094.2 35377.1 22351.8 12260 8164.37 2e-07 -50.206 0.268491 4e-07 -1119.85 60.8554 -1199.19 -934.865 6e-07 -32805.9 -35138.8 -33163.1 -28890.1 -22086.4 -13561.6 0.287681 2.9553 1.83713 1.4754 0.874973 1.49964 1 0.999999 0.975525 0.992616
0.0214061 1e-07 0.821195 0.0950724 1e-07 1.84815 2.34909 2.02368 1.06765 1e-07 0.210354 5.37762 26.9353 9.63968 8.31463 16.8137 3.37367 1.65229 1.11112 21.1853 43.7107 2e-07 0.771267 0.751676 4e-07 5.12909 4.34816 -4.41483 14.8539 6e-07 -5.05999 19.5313 77.0746 -3.60412 -141.444 1568.88 0.00625059 0.0308941 0.0422386 0.0802214 0.904592 1.49992 1 0.999996 0.451411 0.912152
6.75435 1e-07 0.692407 92.1311 1e-07 5.53378 1.50422 1.44192 1781.09 1e-07 119.863 36.5912 42.5871 5.26726 5.02357 43922.3 11312.1 3369.05 1066.78 363.476 112.655 2e-07 -33.7013 0.777434 4e-07 -609.856 8.08811 -123.487 -19.698 6e-07 -14358.5 -6580.48 -3274.95 -1220.23 -741.982 1412.84 0.014477 2.19347 -0.128236 1.41747 0.819417 1.49996 1 1 0.96365 0.991674
10.4721 1e-07 3.87526 196.127 1e-07 66.1881 34.4605 15.9596 4989.94 1e-07 1598.81 832.82 676.75 175.411 67.8054 158087 89665.3 48859 28664.4 12418.8 5657.35 2e-07 -65.435 0.140864 4e-07 -1494.55 65.2748 -1631.87 -1095.31 6e-07 -44422 -50608 -46989.1 -37002 -21716.2 -8137.64 0.0485278 2.94535 1.99854 1.48874 0.166578 1.5 1 1 0.989749 0.999959
1.4198 1e-07 0.0284605 2.86701 1e-07 1.85199 0.0836836 0.0673494 9.48613 1e-07 16.4686 5.60229 0.591018 0.332529 0.336205 74.9836 65.2667 86.223 83.6013 24.2894 3.84971 2e-07 -2.25144 0.910223 4e-07 -0.156872 1.09739 -20.3355 20.072 6e-07 50.3618 -17.4186 -126.914 -73.7898 -38.4528 1353.33 0.0224137 -1.13352 0.0364209 0.340475 0.0697068 1.49962 0.999998 0.999999 0.987523 0.976048
8.39825 1e-07 0.792987 136.725 1e-07 16.8273 3.99718 0.677989 3112.49 1e-07 418.581 121.097 34.9539 4.59744 0.834013 89710.8 35353.8 12670.5 4269.64 1075.99 231.818 2e-07 -48.6226 0.757318 4e-07 -1019.99 12.321 -427.726 -130.218 6e-07 -27932.8 -20686.4 -12590.7 -5293.52 -1753.61 1235.12 0.0236107 2.51083 0.887518 1.49756 0.0171252 1.49964 1 1 0.926372 0.919996
8.45313 1e-07 2.97187 151.762 1e-07 46.2106 28.4006 18.9304 3813.41 1e-07 1096.31 637.21 715.407 250.437 170.636 120393 61893.5 33361.7 20320.8 10992 7357.83 2e-07 -51.0097 0.321541 4e-07 -1157.15 55.3015 -1114.9 -842.495 6e-07 -34449.7 -34667.5 -31359.4 -26236.9 -19759.5 -12035.4 0.277483 2.93301 1.69917 1.49429 0.917597 1.49999 1 0.999998 0.996514 0.999078
11.0972 1e-07 0.0363571 214.043 1e-07 1.65578 0.0995883 0.048686 5578.66 1e-07 117.982 5.51496 0.934061 0.239408 0.237184 180672 37301.9 5842.44 584.465 27.3014 3.38423 2e-07 -75.2737 0.908644 4e-07 -1882.67 10.0321 -111.133 20.164 6e-07 -59190.5 -22186.6 -5610.99 -414.59 -44.5928 1357.72 0.0158038 2.99873 -0.0502976 1.49896 0.135476 1.49996 0.999997 1 0.986621 0.990278
9.47627 1e-07 4.36979 168.991 1e-07 66.6451 45.8981 33.8945 4130.86 1e-07 1509.6 977.89 1235.29 471.03 353.003 126126 72889.1 43814.9 30132.2 17686.4 12760 2e-07 -55.8038 0.0419578 4e-07 -1208.31 87.1466 -1538.45 -1319.6 6e-07 -34420.7 -39969 -40549.7 -39000.1 -32168.2 -22420.5 0.115895 2.87584 1.99227 1.46736 0.917822 1.49985 0.999998 1 0.992542 0.981927
9.39133 1e-07 3.18948 161.579 1e-07 47.9727 29.6048 19.8721 3826.34 1e-07 1069.13 621.792 689.634 250.05 173.821 113796 57336.6 30601.5 18557.3 10106.4 6906.46 2e-07 -54.6757 0.278019 4e-07 -1165.56 58.2167 -1095.14 -827.99 6e-07 -32619.6 -31980.6 -28866.4 -24014.5 -18287.8 -11121.5 0.002831 2.68367 1.52148 1.48645 0.938513 1.49993 0.999999 0.999997 0.875599 0.969309
4.24826 1e-07 3.52599 48.1069 1e-07 28.634 25.3766 26.0437 844.222 1e-07 439.935 348.361 457.472 265.706 265.828 19726.8 13298.3 9431.38 8365.16 5428.32 4559.95 2e-07 -15.1543 0.210718 4e-07 -215.472 48.9175 -463.412 -483.581 6e-07 -4562.58 -6629.44 -8540.14 -10811.1 -10064.4 -6825.81 0.33239 1.73146 1.9863 1.4984 0.915542 1.49998 0.999999 1 0.99266 0.994438
4.52172 1e-07 0.00854861 22.832 1e-07 2.28577 0.0239937 0.0166326 126.741 1e-07 56.3522 7.38252 0.169862 0.0728273 0.0830419 769.246 890.308 697.453 287.886 32.0882 0.920606 2e-07 -11.3628 0.914206 4e-07 -53.997 3.73235 -57.5648 18.0853 6e-07 -75.754 -495.013 -798.47 -240.268 -48.7152 1351.55 0.00553612 2.0988 0.0353608 0.359765 0.0421767 1.49994 0.999999 1 0.875484 0.984454
8.33428 1e-07 0.824969 128.27 1e-07 7.65637 1.70042 2.04239 2722.33 1e-07 171.394 51.5942 64.3532 7.0501 8.43087 72624.5 16718.4 5050.82 1615.92 584.622 182.156 2e-07 -45.9904 0.750921 4e-07 -922 9.50306 -175.692 -37.9981 6e-07 -23652.7 -9741.44 -4882.34 -1890.03 -1178.22 1336.93 0.0101156 2.53102 -0.10851 1.41081 0.900781 1.49996 1 1 0.988776 0.910683
4.35934 1e-07 3.54857 49.3462 1e-07 29.6627 26.1493 26.2001 855.819 1e-07 454.904 361.341 480.756 272.595 266.897 19641.1 13438.8 9638.78 8516.5 5617.78 4734.93 2e-07 -15.6146 0.206202 4e-07 -217.104 50.3588 -480.047 -502.185 6e-07 -4473.61 -6663.68 -8705.75 -11031.6 -10460.3 -7171.46 0.325751 1.79867 1.9863 1.46397 0.913485 1.49998 0.999999 1 0.995954 0.994438
0.166011 1e-07 0.0315266 0.375589 1e-07 2.07469 0.0941987 0.0660751 3.782 1e-07 2.33591 6.56093 0.525629 0.328253 0.329896 59.1955 26.3058 14.9113 15.0149 29.1777 4.08144 2e-07 -0.247161 0.90961 4e-07 4.71387 -0.0744882 -8.28856 18.8969 6e-07 -9.8611 10.3371 -20.8193 -27.9316 -45.3661 1354.16 0.0219931 0.0736634 0.0983227 0.337228 0.00897805 1.49997 1 0.999994 0.993566 0.998125
7.05709 1e-07 0.127185 105.391 1e-07 1.39506 0.335026 0.326136 2250.12 1e-07 64.6067 4.69048 2.09994 1.44336 1.62622 61434.6 14372.6 2560.86 297.391 27.8753 14.9016 2e-07 -38.5474 0.890478 4e-07 -776.243 6.85474 -62.1056 20.5998 6e-07 -20357.5 -8521.17 -2493.7 -175.377 -48.3395 1369.53 0.108411 2.32879 -0.112029 1.48942 0.0922329 1.4999 0.999999 1 0.885153 0.988594
10.2533 1e-07 0.926839 195.103 1e-07 11.3932 2.75358 2.57905 5065.18 1e-07 300.092 89.9586 96.7166 12.7704 11.9706 163844 35152.6 10403.3 3264.08 1184.13 440.715 2e-07 -67.8574 0.730547 4e-07 -1680.48 12.6197 -302.509 -87.9028 6e-07 -52718.1 -20613.1 -10000.1 -3950.42 -2228.97 883.711 0.108782 2.9967 -0.000527536 1.5 0.958076 1.49998 1 1 0.990575 0.983717
8.70216 1e-07 0.811232 137.494 1e-07 7.90384 1.7398 1.97506 2979.85 1e-07 185.654 55.197 66.351 7.09339 8.01841 80939.7 19032.5 5666.2 1791.58 630.001 191.83 2e-07 -49.1392 0.753669 4e-07 -1007.74 9.86927 -189.347 -42.5275 6e-07 -26333.5 -11109.9 -5474.05 -2104.65 -1256.35 1313.02 0.00966844 2.60284 -0.10851 1.41081 0.893093 1.49996 1 1 0.993045 0.982442
7.30454 1e-07 4.68395 109.257 1e-07 54.2766 41.7345 34.8322 2325.93 1e-07 1026.61 724.289 907.783 412.828 339.405 63304 39837.2 25874.4 20050.9 12014.1 8982.61 2e-07 -35.3978 -0.0208739 4e-07 -644.208 79.3041 -1064.47 -997.278 6e-07 -16184.1 -21110.4 -23860.8 -26000.2 -22044.9 -15123.8 0.0134439 2.26419 1.99954 1.49896 0.857901 1.49985 1 1 0.98672 0.994823
9.82265 1e-07 3.29215 176.799 1e-07 52.7341 31.53 20.0938 4356.72 1e-07 1231.66 701.285 754.552 259.005 168.76 134256 68790.4 36670.5 21975.2 11610.5 7506.77 2e-07 -59.5703 0.257486 4e-07 -1325.61 61.5099 -1256.06 -930.608 6e-07 -38475.2 -38553.5 -34645.2 -28404.2 -20860.5 -12208.1 0.0524821 2.83366 1.62745 1.48743 0.87778 1.49995 0.999997 1 0.993585 0.996038
10.6308 1e-07 4.01136 190.711 1e-07 65.6833 41.4686 27.516 4587.28 1e-07 1509.54 915.816 1068.89 375.361 254.191 136565 75950 43620.1 27895.6 15738.8 10722.6 2e-07 -63.8327 0.113644 4e-07 -1369.85 79.5375 -1540.56 -1226.82 6e-07 -38009.1 -42034 -40854.7 -36166.8 -28506.4 -18352.8 0.0005294 2.93556 1.79542 1.42048 0.88849 1.49964 0.999999 1 0.989804 0.996392
0.173533 1e-07 0.871771 0.399132 1e-07 2.16776 2.62188 2.28113 4.01651 1e-07 2.47961 7.46544 31.3184 11.4341 9.95413 62.8541 28.0517 15.9437 16.3297 36.7757 59.1783 2e-07 0.578498 0.741561 4e-07 4.89921 4.96916 -7.24037 11.4323 6e-07 -10.4747 12.9004 69.9275 -22.5183 -183.504 1553.31 0.0233526 0.124612 0.0287811 0.329177 0.931599 1.49997 1 0.999996 0.997702 0.998125
8.04927 1e-07 4.58374 127.071 1e-07 57.9971 43.4379 35.4718 2815.39 1e-07 1157.8 800.151 1024.88 447.156 367.005 79136 48046.9 30407.2 22646.3 13725.3 10401.1 2e-07 -41.5869 -0.000832783 4e-07 -797.698 82.6489 -1193.57 -1095.93 6e-07 -20767.2 -25742.7 -28005.2 -29355.8 -25171.1 -17931.4 0.0236103 2.4446 1.95442 1.48776 0.922309 1.49996 1 1 0.997569 0.9946
5.99975 1e-07 2.54798 81.1311 1e-07 30.0007 15.9154 7.05525 1602.64 1e-07 552.342 293.202 197.679 58.0149 20.3099 40955.2 24023.7 13460.3 8336.11 3485.82 1548.73 2e-07 -27.7911 0.40632 4e-07 -471.92 31.3259 -584.829 -377.323 6e-07 -11127.5 -13277.6 -13266.2 -10812.3 -6080.05 -669.129 0.112701 2.06424 1.65565 1.48832 0.0584961 1.49964 0.999999 1 0.997163 0.98049
10.8015 1e-07 3.34892 203.019 1e-07 58.8908 28.094 11.8033 5153.09 1e-07 1436.09 692.809 515.504 122.786 43.161 162441 86380.8 44010.3 23850.6 9673.11 4069.56 2e-07 -68.3583 0.246131 4e-07 -1572.27 54.3032 -1465.78 -903.064 6e-07 -46704.9 -49158.5 -42578.9 -30737.3 -16848.1 -5219.35 0.0236379 2.97183 1.83713 1.4754 0.175359 1.49964 1 0.999999 0.973176 0.913096
7.50567 1e-07 0.796802 113.987 1e-07 7.89004 2.34861 1.90705 2453.99 1e-07 178.681 58.7813 61.9192 9.36921 7.61899 67391.5 17062.3 5312.26 1782.58 658.061 254.604 2e-07 -40.905 0.756555 4e-07 -826.513 9.99377 -183.281 -49.316 6e-07 -21778 -9933.59 -5148.96 -2134.24 -1272.24 1179.83 0.0187927 2.31748 -0.00693882 1.4952 0.890428 1.49999 0.999996 1 0.993585 0.996657
7.52093 1e-07 1.15286 109.324 1e-07 20.5803 6.32174 1.35628 2222.11 1e-07 445.613 161.21 61.3189 10.0636 1.72103 57201.9 27216.6 11866.8 4972.53 1550.83 426.725 2e-07 -39.1652 0.685344 4e-07 -714.216 15.416 -463.333 -185.946 6e-07 -17154.6 -15674.1 -11881.3 -6300.12 -2578.25 1006.02 0.0133815 2.36278 1.07467 1.41763 0.00498486 1.49997 1 1 0.986438 0.982581
11.0972 1e-07 0.163341 214.043 1e-07 7.92857 0.687573 0.0798988 5578.66 1e-07 298.038 43.2831 5.02742 0.44601 0.246174 180672 50084 11775.2 2230.42 303.342 29.4619 2e-07 -75.1467 0.883247 4e-07 -1863.85 9.95351 -292.146 -26.8243 6e-07 -58290.2 -29740.8 -11489.7 -2507.56 -473.83 1361.4 0.0158038 2.99873 0.36216 1.49896 0.136916 1.49996 0.999997 1 0.987359 0.990278
9.981 1e-07 0.0165598 177.441 1e-07 3.06606 0.0529978 0.00830946 4303.53 1e-07 143.459 11.2997 0.326876 0.0377566 0.0397486 130441 31150.7 5924.14 789.258 55.3326 1.47366 2e-07 -63.1967 0.912603 4e-07 -1459.3 8.63454 -138.319 13.316 6e-07 -42718.5 -18511.4 -5764.51 -706.028 -84.127 1353.92 0.00264904 2.79594 0.102448 1.47792 0.0587553 1.5 1 0.999997 0.901952 0.910884
7.61312 1e-07 0.027088 115.825 1e-07 1.13367 0.0679877 0.0170222 2490.62 1e-07 67.657 2.80541 0.514303 0.0752028 0.0794117 68229.1 15832.1 2775.94 297.756 10.2729 1.45028 2e-07 -42.3336 0.910498 4e-07 -859.61 6.88222 -64.2957 23.5036 6e-07 -22621.1 -9395.46 -2700.62 -156.8 -17.3163 1358.1 0.00528796 2.32879 -0.108429 1.48942 0.100792 1.4999 0.999999 1 0.885153 0.974116
8.35963 1e-07 4.1794 134.662 1e-07 55.7754 38.5142 28.2223 3028.95 1e-07 1146.27 741.174 865.51 345.282 251.148 86205.5 50809.5 30754.3 21519 12204.9 8425.59 2e-07 -44.5789 0.0800347 4e-07 -876.021 73.5299 -1182.3 -1004.79 6e-07 -23159.3 -27626.9 -28743.5 -27911 -22203.6 -13958.1 0.0184423 2.50332 1.88433 1.48588 0.829733 1.49999 1 0.999999 0.998794 0.995723
7.95796 1e-07 1.19454 123.181 1e-07 6.9449 -0.12734 4.17223 2649.48 1e-07 125.401 24.4371 90.1593 1.53336 23.8238 71754.9 11545.2 3524.93 899.14 384.992 -98.6237 2e-07 -43.7179 0.677007 4e-07 -897.191 5.64516 -129.485 3.08054 6e-07 -23548.9 -6741.64 -3285.49 -956.683 -1006.39 2045.14 0.109399 2.57912 -0.512124 1.41679 0.977839 1.49998 1 1 0.995588 0.983601
10.0999 1e-07 4.65003 183.45 1e-07 70.9195 48.9322 36.5156 4554.2 1e-07 1615.31 1040.58 1306.97 504.894 383.916 141398 80028 47385.3 32420.1 18841.4 13629.9 2e-07 -60.4849 -0.0140901 4e-07 -1336.95 92.9312 -1644.7 -1406.48 6e-07 -38896.9 -44009.5 -43884 -41917 -34217.2 -24058.6 0.0137293 2.82226 1.9566 1.49799 0.934108 1.49996 1 1 0.999049 0.982182
2.29301 1e-07 0.147991 15.7702 1e-07 2.15256 0.437751 0.329087 180.728 1e-07 27.3054 8.15758 2.61553 1.62977 1.63198 2899.02 1208.62 456.524 152.505 48.129 19.5116 2e-07 -6.87608 0.886317 4e-07 -63.5309 2.54519 -30.8348 16.1416 6e-07 -913.905 -683.56 -487.388 -139.682 -80.4446 1368.58 0.108782 -0.219809 0.192206 1.5 0.0839752 1.49985 1 0.999996 0.990575 0.983717
7.03704 1e-07 0.0309695 102.462 1e-07 0.933995 0.0865417 0.0419329 2130.15 1e-07 56.3146 1.94431 0.420831 0.209342 0.208187 56711.8 13111.5 2264.5 229.467 6.52297 2.92937 2e-07 -37.7445 0.909721 4e-07 -738.703 6.43162 -53.4691 24.4741 6e-07 -18862.1 -7776.56 -2206.31 -87.7541 -10.9924 1356.46 0.0138788 2.21022 -0.13163 1.48974 0.0022127 1.5 1 1 0.999054 0.947248
2.19416 1e-07 2.73886 14.4431 1e-07 7.34474 7.47092 7.99343 158.453 1e-07 57.1502 52.3196 45.6571 37.0174 24.6145 2433.73 917.154 723.725 558.736 482.659 367.239 2e-07 -3.78822 0.368143 4e-07 -39.9449 15.4826 -67.7173 -53.8131 6e-07 -602.822 -339.215 -701.528 -724.384 -877.741 1671.16 0.0134398 -0.0783013 1.65027 1.47894 0.197915 1.49999 1 1 0.973271 0.906453
9.03411 1e-07 0.957781 152.509 1e-07 11.5162 3.52575 2.75251 3525.57 1e-07 276.266 95.6685 98.4537 16.8458 13.1862 101774 25958.4 8559.21 3038.51 1208.16 555.645 2e-07 -53.8291 0.724359 4e-07 -1175.63 13.0227 -281.494 -97.7427 6e-07 -32676.5 -15107.9 -8265.42 -3727.37 -2267.45 666.57 0.109399 2.79881 0.100707 1.42622 0.9708 1.5 1 1 0.999294 0.953133
9.50602 1e-07 4.38575 171.594 1e-07 67.157 46.0378 33.8654 4259.46 1e-07 1538.85 990.11 1235.4 470.283 350.178 132309 75962.8 45324.8 31040.9 17998.1 12831.3 2e-07 -56.5985 0.0387649 4e-07 -1247.96 87.3509 -1566.38 -1334.73 6e-07 -36257.9 -41767.8 -41999.7 -40137.4 -32637.5 -22536.7 0.114069 2.86774 1.99854 1.48874 0.909688 1.5 1 1 0.985916 0.999922
5.45735 1e-07 0.873095 68.7473 1e-07 6.99254 2.76868 2.28691 1280.55 1e-07 129.961 51.3643 59.6735 12.0861 9.98367 31108.9 9149.58 3284.92 1283.91 553.005 259.175 2e-07 -25.2084 0.741296 4e-07 -431.935 9.13732 -136.486 -41.8285 6e-07 -9963.43 -5247.31 -3182.7 -1560.08 -1098.58 1190 0.000560448 1.79211 0.0328107 1.49916 0.933781 1.49997 0.999997 1 0.987354 0.996659
11.1307 1e-07 2.41942 214.146 1e-07 47.2207 18.3958 5.86382 5566.55 1e-07 1222.32 502.612 286.666 56.1637 14.228 179856 86582.5 39283.6 18275 6381.11 2191.28 2e-07 -72.9551 0.432032 4e-07 -1742.45 37.5424 -1241.4 -638.768 6e-07 -53411.7 -49987.4 -38313 -23382.7 -10850.4 -1879.4 0.00254896 2.98386 1.55661 1.5 5.4807e-07 1.49963 1 1 0.993581 0.975722
9.34728 1e-07 3.11574 161.326 1e-07 47.1353 28.5426 18.6856 3838.51 1e-07 1056.5 604.354 652.196 232.004 156.528 114778 57593.1 30419.5 18210.7 9710.12 6440.98 2e-07 -54.6293 0.292766 4e-07 -1171.47 56.2195 -1082.13 -802.746 6e-07 -32989.5 -32202 -28771.8 -23555.7 -17524.2 -10211.1 0.0115004 2.68367 1.52148 1.49257 0.908552 1.49993 0.999999 1 0.992687 0.969309
3.94342 1e-07 2.65134 41.7808 1e-07 20.4852 16.6016 15.6024 690.288 1e-07 300.522 219.083 255.532 142.711 131.983 15259.1 9432.78 6167.27 4860.03 3049.38 2395.12 2e-07 -13.8263 0.385647 4e-07 -187.412 32.718 -321.303 -293.976 6e-07 -3765.41 -4805.18 -5751.23 -6306.11 -5639.05 -2608.52 0.277483 1.54224 1.56319 1.48838 0.917597 1.49999 1 0.999998 0.994031 0.998993
10.9252 1e-07 2.71651 208.884 1e-07 51.1624 21.426 7.50696 5407.56 1e-07 1302.53 567.586 352.706 74.2173 20.9599 174142 87256.7 41395.6 20380.1 7499.21 2759.66 2e-07 -70.874 0.372613 4e-07 -1677.67 42.626 -1324.69 -727.881 6e-07 -51137.5 -50152.8 -40275.8 -26143 -12832.3 -2871.95 0.0177015 2.97195 1.65645 1.49968 0.0601575 1.49985 1 1 0.994836 0.989086
5.87059 1e-07 0.776638 76.7518 1e-07 5.62882 1.79408 1.80917 1466.76 1e-07 110.755 37.2939 47.0654 6.99146 7.02296 36343.1 9390.68 2966.89 1010.14 380.041 137.832 2e-07 -28.1195 0.760588 4e-07 -499.893 7.83935 -115.295 -21.3846 6e-07 -11815.9 -5437.08 -2872.45 -1176.75 -785.429 1395.13 0.000656191 1.91118 -0.120978 1.49009 0.872844 1.49994 1 1 0.996331 0.996264
8.86615 1e-07 3.83185 162.786 1e-07 59.8466 40.7755 30.2743 4153.25 1e-07 1417.64 904.895 1154 436.19 332.159 132705 73685.6 43109.7 28943.5 16969.2 12450.8 2e-07 -53.87 0.149544 4e-07 -1229.22 77.7024 -1437.37 -1213.03 6e-07 -36876.4 -40726.2 -39861.1 -37372.7 -30736.3 -21910 0.256365 2.98649 1.96267 1.49263 0.977772 1.49998 1 1 0.996561 0.998218
8.35963 1e-07 4.16794 134.662 1e-07 55.0332 39.5922 31.2098 3028.95 1e-07 1128.07 751.743 942.452 397.362 319.183 86205.5 49774.5 30233.7 21406.9 12820.4 9648.44 2e-07 -44.5904 0.0823277 4e-07 -878.248 75.8344 -1161.03 -1023.04 6e-07 -23250.3 -26960 -27992.7 -27749.4 -23459.8 -16476.1 0.0184423 2.50332 1.81855 1.48588 0.959332 1.49999 1 0.999999 0.998817 0.995723
8.78419 1e-07 3.80853 160.237 1e-07 59.0686 40.106 29.6037 4067.08 1e-07 1391.71 885.768 1119.19 421.886 318.437 129376 72026.5 42127.9 28261.4 16469.1 11961 2e-07 -53.0468 0.154209 4e-07 -1203.15 76.4439 -1412.17 -1187.26 6e-07 -35921.4 -39804.4 -38998.4 -36498.9 -29824.8 -20953 0.256365 2.96799 1.96267 1.49263 0.9616 1.49996 0.999998 0.999998 0.993513 0.996684
10.7347 1e-07 0.0626562 205.927 1e-07 3.08049 0.187367 0.169715 5358.73 1e-07 158.239 11.7307 1.12985 0.838666 0.848377 173456 39719.1 7136.88 880.646 61.8157 9.38754 2e-07 -72.4502 0.903384 4e-07 -1804.3 9.59068 -151.543 12.4501 6e-07 -56604.4 -23627.6 -6898.04 -795.708 -96.2276 1355.27 0.0565585 2.99943 0.0803907 1.49893 0.000750106 1.49964 1 1 0.988311 0.990317
8.06335 1e-07 3.75039 140.534 1e-07 54.5402 37.9978 28.889 3453.88 1e-07 1234.04 801.43 1017.99 397.866 307.515 107099 60801.7 36208.1 24940.1 14638.2 10717.4 2e-07 -46.4731 0.165837 4e-07 -1013.08 72.4729 -1256.77 -1077.65 6e-07 -29413.3 -33393.4 -33475.9 -32227.9 -26590.6 -18597.2 0.280576 2.84347 1.98097 1.49843 0.948044 1.49996 1 1 0.986713 0.986239
10.0409 1e-07 0.0179517 180.705 1e-07 3.12502 0.0587136 0.00839371 4445.49 1e-07 145.977 11.6354 0.368875 0.0420815 0.0397537 136825 32283.9 6084.1 808.297 57.5833 1.68071 2e-07 -64.2343 0.912325 4e-07 -1504.98 8.68903 -140.763 12.8979 6e-07 -44763.2 -19187.5 -5916 -728.284 -87.6628 1354.08 0.00264904 2.7979 0.106622 1.49444 0.0630483 1.5 1 0.999997 0.999246 0.909999
7.58938 1e-07 0.0190516 115.254 1e-07 1.51486 0.0500006 0.0166073 2474.81 1e-07 77.1646 4.29372 0.455223 0.0732915 0.0803718 67713.6 16341.6 3037.35 363.482 17.3338 1.26852 2e-07 -42.1466 0.912105 4e-07 -853.153 6.74826 -73.9911 21.7456 6e-07 -22403.1 -9697.66 -2965.03 -240.15 -27.7751 1355.17 0.00535585 2.32374 -0.0600874 1.48942 0.100792 1.4999 0.999999 1 0.882465 0.974116
8.22464 1e-07 1.14203 134.94 1e-07 15.6369 6.61611 3.8469 3100.68 1e-07 365.334 152.574 139.207 35.5375 21.3098 90088.3 28934.8 10950.1 4542.35 2016.25 1152.93 2e-07 -47.5646 0.687509 4e-07 -1018.23 17.6379 -373.85 -177.816 6e-07 -28300.5 -16700 -10579.3 -5737.73 -3656.27 -435.918 0.109399 2.59802 0.450326 1.48622 0.978103 1.49998 1 1 0.996423 0.993148
9.84856 1e-07 4.48216 178.656 1e-07 68.4036 46.9959 34.9369 4443.14 1e-07 1563.46 1003.54 1257.17 483.434 366.247 138280 77983.8 46021.9 31348 18183.5 13124.4 2e-07 -58.9632 0.0194838 4e-07 -1306.39 89.3316 -1591.49 -1354.58 6e-07 -38109.8 -42925.2 -42639.6 -40525.9 -33006.1 -23099 0.0548845 2.83664 1.95203 1.49777 0.934858 1.49996 0.999999 1 0.995845 0.983151
4.19655 1e-07 3.27801 45.2337 1e-07 7.14572 -1.17557 20.438 748.629 1e-07 48.2622 -4.51227 138.811 19.1783 177.325 16473.4 -99.59 598.145 -815.391 224.782 25.7228 2e-07 -14.4886 0.260314 4e-07 -248.385 0.0633978 -44.0825 46.956 6e-07 -5449.34 73.4827 -265.33 1131.93 -874.261 2690.62 0.0125256 -1.40717 1.56987 1.49704 0.917822 1.49997 1 1 0.990479 0.975434
2.21398 1e-07 3.70233 14.7051 1e-07 9.54818 10.406 13.7862 162.783 1e-07 72.4088 72.238 69.6582 65.9775 51.5354 2522.76 953.473 901.247 752.034 728.209 619.329 2e-07 -2.92319 0.175449 4e-07 -34.8955 20.9301 -83.148 -86.4778 6e-07 -557.566 -284.145 -841.046 -975.051 -1326.75 1497.27 0.00331024 -0.0791022 1.92563 1.4858 0.0570179 1.4999 1 1 0.986515 0.975406
9.45381 1e-07 4.34048 170.044 1e-07 66.2258 45.3132 33.2813 4208.95 1e-07 1513.52 971.928 1208.54 460.147 342.184 130420 74701.7 44478.5 30396.8 17597.6 12531.6 2e-07 -56.1265 0.0478184 4e-07 -1234.05 86.0402 -1541.16 -1310.03 6e-07 -35767.3 -41080.3 -41237.1 -39307.8 -31911.9 -21957.9 0.114069 2.85744 1.98571 1.48874 0.909688 1.5 1 1 0.985916 0.999355
3.40142 1e-07 0.871977 13.283 1e-07 5.16279 2.74665 2.28229 59.2464 1e-07 53.8198 34.0222 54.1915 11.9787 9.96226 322.675 417.684 458.837 390.317 279.797 182.115 2e-07 -6.51433 0.74152 4e-07 -15.5685 7.57615 -62.4679 -20.9342 6e-07 113.05 -113.12 -422.045 -481.978 -661.523 1328.85 0.0249248 1.82277 0.0287811 0.329177 0.931599 1.49997 1 1 0.997973 0.998141
10.9493 1e-07 3.43161 209.635 1e-07 59.2328 34.1694 20.8568 5433.06 1e-07 1460.39 805.836 848.222 276.416 172.4 175132 87751.2 45576.5 26493.8 13576.6 8462.08 2e-07 -70.4083 0.229594 4e-07 -1661.86 66.5208 -1481.44 -1066.16 6e-07 -50670.7 -49527.4 -43097.1 -34181.2 -24258.9 -13967.3 0.0177015 2.97607 1.65645 1.49968 0.855338 1.49996 1 1 0.994836 0.992145
8.72156 1e-07 0.821237 76.6286 1e-07 9.63439 2.75454 2.02391 675.737 1e-07 175.752 75.0639 84.3667 11.3009 8.31618 5981.75 4803.17 2958.5 1549.35 745.725 363.132 2e-07 -30.8889 0.751668 4e-07 -250.446 11.5704 -185.882 -70.3913 6e-07 -1591.5 -2546.61 -2959.33 -1882.19 -1512.53 983.974 0.00648241 2.95928 0.0422386 0.0802214 0.904592 1.49992 1 0.999996 0.468643 0.9968
10.6562 1e-07 4.648 200.093 1e-07 74.938 49.0344 33.8099 5101.55 1e-07 1768.47 1093.78 1292.1 464.137 320.559 162076 91755.9 53367.1 35356.5 19556.9 13051.6 2e-07 -66.0362 -0.0136842 4e-07 -1505.75 92.8414 -1797.34 -1469.66 6e-07 -44882 -50848.9 -49787.7 -45691.9 -35258.2 -22773.2 0.0133138 2.91984 1.99947 1.49806 0.83627 1.49995 1 1 0.99628 0.996502
7.95796 1e-07 1.19454 123.181 1e-07 6.94404 -0.127991 4.17223 2649.48 1e-07 125.39 24.4288 90.1542 1.5301 23.8238 71754.9 11545 3524.73 899.004 384.902 -98.6844 2e-07 -43.7179 0.677007 4e-07 -897.194 5.64403 -129.472 3.09306 6e-07 -23549 -6741.52 -3285.29 -956.495 -1006.24 2045.27 0.109399 2.57912 -0.512124 1.41679 0.977839 1.49998 1 1 0.993603 0.983601
9.61558 1e-07 4.27145 174.833 1e-07 66.2954 44.7533 32.3995 4364.68 1e-07 1532.89 973.01 1199.01 449.796 330.209 136233 77186 45472.2 30660.3 17617.4 12441.6 2e-07 -57.7942 0.0616251 4e-07 -1285.35 85.0546 -1559.52 -1309.11 6e-07 -37570.1 -42566 -42218.5 -39640.4 -31906 -21766.7 0.114069 2.88941 1.96599 1.48837 0.909688 1.49999 1 1 0.986709 0.999667
4.42462 1e-07 0.00652994 21.5036 1e-07 2.40296 0.020169 0.00688347 113.479 1e-07 56.2107 7.90951 0.140838 0.03378 0.0342078 646.58 801.434 664.946 289.613 34.8113 0.655418 2e-07 -10.8692 0.914609 4e-07 -48.3383 3.61233 -57.7977 17.461 6e-07 -26.3989 -440.769 -769.034 -246.493 -52.719 1351.34 0.00228048 2.07875 0.0498026 0.329201 0.0421767 1.49994 1 1 0.98112 0.984454
6.83262 1e-07 3.57472 93.8189 1e-07 43.1098 25.667 12.9193 1823.16 1e-07 780.667 464.338 376.949 118.632 46.8635 45160 29500.8 18435.8 12713.3 6012.13 3029.06 2e-07 -31.4036 0.200972 4e-07 -511.437 48.9701 -826.71 -618.397 6e-07 -11467.8 -15913.3 -17942.7 -16605.5 -10680.3 -3216.96 0.0133815 2.21022 1.89946 1.41763 0.0410648 1.5 1 1 0.998784 0.995801
7.78796 1e-07 3.9917 124.479 1e-07 51.8991 37.1795 29.0095 2812.2 1e-07 1065.65 707.336 870.779 363.927 285.93 80723.9 47161.8 28737.8 20462.3 12024.6 8801.06 2e-07 -41.1399 0.117574 4e-07 -812.441 71.1123 -1096.93 -960.189 6e-07 -21701.1 -25566.8 -26660.9 -26509.1 -21946.2 -14831.8 0.115576 2.50366 1.88433 1.49778 0.912126 1.5 1 1 0.998794 0.995803
8.46575 1e-07 3.70147 152.605 1e-07 56.9219 38.2734 27.7359 3845.74 1e-07 1334.41 843.983 1045.32 388.563 285.3 121625 68522.5 40203.8 26943.2 15493 10948.6 2e-07 -50.5458 0.175621 4e-07 -1135.56 72.9164 -1355.48 -1129.63 6e-07 -33661.2 -37864.7 -37303.9 -34807.4 -28024.6 -18979.9 0.289392 2.96341 1.98989 1.48838 0.917597 1.49999 1 1 0.996739 0.998993
6.53685 1e-07 2.90841 101.541 1e-07 38.6996 21.8691 11.3033 2297.47 1e-07 817.663 452.834 369.911 109.459 46.8498 66619.6 39524.3 22620 14341.6 6384.43 3070.56 2e-07 -34.0907 0.334233 4e-07 -674.682 41.9855 -847.253 -592.415 6e-07 -18195 -21973.8 -21837.1 -18561.2 -11233.8 -3528.68 0.356256 2.58132 1.98825 1.4987 0.106848 1.49997 1 1 0.991888 0.994442
8.0699 1e-07 3.89135 69.8521 1e-07 55.582 33.3717 15.3114 640.392 1e-07 738.965 569.714 588.469 161.843 60.4478 6192.41 8352.25 9516.37 8946.14 6772.8 4091.22 2e-07 -25.1342 0.137646 4e-07 -95.2235 63.0183 -826.514 -774.883 6e-07 1196.71 -2816.31 -9187.13 -12402.6 -12816.4 -5235.16 0.0134873 2.83197 1.9822 0.359765 0.0421767 1.49994 1 1 0.981216 0.984576
10.6353 1e-07 3.70233 198.911 1e-07 63.3965 31.6678 13.7862 5054.17 1e-07 1529.56 768.054 585.71 145.301 51.5354 160117 88411 46744.6 26577.8 11017.5 4773.3 2e-07 -66.6062 0.175449 4e-07 -1524.97 60.3974 -1562.5 -1006.5 6e-07 -45441.6 -50098.1 -45132.1 -34273.7 -19185.9 -6455.81 0.00331024 2.90066 1.92563 1.49976 0.0570179 1.49999 1 1 0.986515 0.975406
10.1392 1e-07 3.29212 182.913 1e-07 53.3099 31.2863 19.4543 4498.68 1e-07 1245.44 698.09 734.643 247.566 157.193 138213 70241.1 37018.5 21873 11366.7 7191.48 2e-07 -61.721 0.257491 4e-07 -1372.59 61.1973 -1270.76 -925.543 6e-07 -39735.2 -39433.8 -35058.5 -28272 -20403.3 -11573.8 0.00558993 2.82433 1.6035 1.48551 0.856611 1.49964 0.999999 1 0.981453 0.98316
4.7294 1e-07 0.00200932 52.3815 1e-07 2.25896 0.00611242 0.000364204 861.969 1e-07 60.8651 7.19777 0.025786 0.00180414 0.00180293 18544.3 6150.55 1651.27 315.129 30.5703 0.137846 2e-07 -20.4418 0.915513 4e-07 -304.195 3.89216 -61.5569 18.3491 6e-07 -6120.94 -3625.74 -1670.82 -266.845 -45.9275 1350.56 0.000120195 1.64721 0.0433903 1.41999 0.00257686 1.49964 1 1 0.990575 0.983018
10.1214 1e-07 3.39142 184.235 1e-07 56.942 27.9582 11.9668 4582.9 1e-07 1350.4 668.781 495.107 123.331 43.5341 142562 77783.1 40634.9 22784.5 9355.94 4012.72 2e-07 -62.0004 0.237631 4e-07 -1388.28 53.7983 -1382.61 -873.52 6e-07 -40599.6 -44096.1 -39337.9 -29381.7 -16271.5 -5101.07 0.0148395 2.82726 1.84431 1.49885 0.161114 1.5 1 1 0.986816 0.982457
5.23313 1e-07 4.7148 61.7418 1e-07 40.7974 36.5392 36.2566 1068.89 1e-07 616.818 500.057 677.094 382.12 369.438 24039.8 17195.8 12721 11451.6 7711.17 6564.07 2e-07 -19.0409 -0.0270453 4e-07 -260.018 69.7121 -652.234 -707.817 6e-07 -5196.73 -8384.04 -11418.1 -14883.2 -14439.2 -10572.1 0.00254967 1.79007 1.97801 1.42703 0.900996 1.49997 1 1 0.993526 0.996573
8.13748 1e-07 1.18339 132.617 1e-07 16.3199 7.11493 4.10299 3031.1 1e-07 377.96 161.495 147.334 38.9929 23.2878 87665.8 29041.3 11228 4763.59 2148.1 1250.19 2e-07 -46.739 0.679237 4e-07 -992.987 18.4191 -387.155 -190.392 6e-07 -27441.1 -16732.9 -10845.6 -6033.84 -3889.86 -612.624 0.109399 2.57912 0.499232 1.48622 0.978103 1.49998 1 1 0.996513 0.993148
2.46074 1e-07 2.87573 18.0991 1e-07 6.36813 5.70345 11.1018 221.139 1e-07 43.187 37.8538 46.3299 43.7301 45.7892 3771.4 538.641 499.362 -13.8163 363.813 339 2e-07 -5.01475 0.340769 4e-07 -65.3365 12.3871 -48.5819 -29.8755 6e-07 -1136.62 -163.83 -451.353 35.5285 -701.205 1767.14 0.361717 -0.577672 1.98174 1.49885 0.106848 1.49994 1 1 0.992563 0.994442
6.81061 1e-07 2.78974 104.393 1e-07 35.9309 23.4676 16.7252 2302.94 1e-07 739.299 452.699 507.767 197.439 142.279 64882.3 35164.5 19921.5 12894.4 7207.63 4965.83 2e-07 -35.3388 0.357967 4e-07 -687.483 45.9869 -763.476 -601.468 6e-07 -18071.1 -19340.1 -18759.8 -16711 -13091.8 -7498.88 0.277483 2.52485 1.63448 1.47894 0.897529 1.49999 1 1 0.97562 0.985973
10.5468 1e-07 4.69086 196.724 1e-07 74.7188 49.6504 34.9776 4988.66 1e-07 1749.78 1095.76 1317.85 482.615 341.932 157751 89593.7 52482.4 35143.2 19714.4 13439.6 2e-07 -64.8733 -0.0222566 4e-07 -1469.16 94.0171 -1778.88 -1474.73 6e-07 -43565 -49542.9 -48858.7 -45421.5 -35605.4 -23561.8 0.0126934 2.89989 1.99947 1.49806 0.860486 1.49995 1 1 0.995915 0.996502
8.54237 1e-07 3.68726 143.813 1e-07 54.5535 30.379 15.1108 3375.76 1e-07 1197.35 659.509 548.074 156.426 64.3359 99940.6 59276.8 33858.1 21257.8 9518.14 4572.39 2e-07 -47.999 0.178462 4e-07 -992.881 57.6714 -1235.28 -871.707 6e-07 -27371.2 -33035.8 -32618 -27523.4 -16753.2 -6156.51 0.110713 2.66631 1.99854 1.4888 0.16633 1.5 1 1 0.989728 0.999988
8.09708 1e-07 0.0108579 70.109 1e-07 2.16665 0.0322531 0.0266705 642.625 1e-07 98.6639 6.9051 0.229675 0.13085 0.133294 6209.48 4492.26 2110.11 499.016 30.0473 1.51676 2e-07 -29.1189 0.913744 4e-07 -256.396 7.04742 -95.2805 18.6339 6e-07 -2012.15 -2623.26 -2196.48 -395.742 -45.8561 1351.17 0.00888627 2.83197 0.0145055 0.359822 0.0421767 1.49985 1 0.999996 0.981216 0.984576
0.689557 1e-07 0.110315 1.91628 1e-07 2.20682 0.329556 0.323221 18.5896 1e-07 9.77136 8.01958 2.10004 1.60954 1.61599 289.509 129.588 75.2861 64.7741 45.4344 17.3943 2e-07 -1.15412 0.893852 4e-07 -0.872706 0.849324 -15.1903 16.5352 6e-07 -56.5856 -45.8737 -93.1773 -76.6826 -74.8221 1357.18 0.107733 -0.684131 -0.002174 0.182344 0.0537534 1.49962 0.999999 0.999997 0.995936 0.977186
5.93227 1e-07 4.76981 77.9215 1e-07 45.7633 39.2073 37.6597 1492.49 1e-07 763.157 589.303 786.692 418.057 395.153 37009.5 24801.5 17313.1 14796.3 9526.4 7841.88 2e-07 -24.5389 -0.0380467 4e-07 -388.378 74.6954 -798.234 -825.844 6e-07 -8779.55 -12605 -15688 -19179.7 -17677.8 -13061.7 0.0176043 1.94956 1.99874 1.4824 0.917822 1.49985 1 1 0.992559 0.990327
7.52093 1e-07 1.1542 109.324 1e-07 20.5871 6.33323 1.36555 2222.11 1e-07 445.715 161.387 61.6006 10.1354 1.7479 57201.9 27215.5 11869 4976.28 1554.1 428.671 2e-07 -39.1639 0.685076 4e-07 -714.195 15.4376 -463.439 -186.2 6e-07 -17154.1 -15672.8 -11882.9 -6305.25 -2584.46 1002.74 0.0133815 2.36278 1.07467 1.41763 0.0371639 1.49994 1 1 0.919436 0.982581
5.58915 1e-07 4.88231 71.0441 1e-07 43.9147 39.394 40.6175 1328.64 1e-07 707.4 566.1 782.145 445.342 454.185 32322 21929.9 15644.9 13841.1 9210.13 7953.41 2e-07 -22.0201 -0.0605462 4e-07 -337.893 75.1242 -739.605 -799.312 6e-07 -7488.24 -10970 -14026 -17903.6 -17133.6 -13375.3 0.00650788 1.84232 1.99046 1.48891 0.972526 1.49997 0.999997 1 0.989787 0.996688
1.27664 1e-07 0.00514168 1.6543 1e-07 1.68378 0.0144331 0.00290096 2.29009 1e-07 13.6626 4.6694 0.123747 0.0143068 0.0142595 5.3372 15.2784 44.9072 64.8587 17.4026 0.349693 2e-07 -1.76779 0.914887 4e-07 2.70999 0.861405 -17.3491 21.3661 6e-07 64.422 8.29322 -82.434 -52.8064 -26.5834 1351.4 0.000950578 -1.12826 0.0364209 0.0523967 0.0535594 1.49962 0.999999 0.999999 0.987336 0.912818
9.43884 1e-07 3.54219 170.173 1e-07 57.5012 29.8919 13.7817 4229.72 1e-07 1351.75 701.642 553.931 144.986 55.208 131759 74578.4 40519.4 23823.7 10181.5 4587.95 2e-07 -56.9485 0.207476 4e-07 -1266.59 56.9287 -1384.27 -920.584 6e-07 -36998.7 -42054.9 -39071.4 -30755.7 -17785.4 -6187.42 0.110067 2.84301 1.95982 1.49843 0.125311 1.49996 1 1 0.989681 0.998037
7.02664 1e-07 0.0975189 103.837 1e-07 0.90444 0.264398 0.17313 2196.75 1e-07 53.362 2.69562 1.65386 0.85166 0.848785 59545.2 13333.7 2219.76 222.914 16.2802 10.1664 2e-07 -38.0802 0.896411 4e-07 -760.147 6.78372 -50.6453 23.1743 6e-07 -19793.5 -7904.99 -2153.72 -82.5477 -29.845 1367.96 0.0565585 2.25034 -0.177669 1.49966 0.108856 1.49996 1 1 0.986646 0.990617
