5.69643 1e-07 4.58871 73.6483 1e-07 36.569 31.9117 36.6833 1398.99 1e-07 564.562 425.292 631.852 334.334 394.582 34531.8 19147.6 12205.9 10485.8 6353.22 5443.61 1.5873e-07 -35.1549 -0.188208 1.04987e-07 -151.636 21.1544 -114.477 -85.8481 3.06122e-08 -777.018 -719.082 -596.231 -507.591 -439.064 -32.862 0.0303239 1.8913 1.95248 1.49238 0.953725 1.5 0.577605 0.240626 -0.99901 1
0.0455827 1e-07 4.91953 0.0619542 1e-07 0.79264 4.38882 41.7948 0.657403 1e-07 0.301737 1.12165 39.5601 69.4817 479.329 10.3458 -4.59581 2.00921 -0.233911 6.10764 100.739 1.5873e-07 7.35661 -0.237218 1.04987e-07 0.837449 3.03486 7.33114 -0.555826 3.06122e-08 -0.195866 0.527362 6.31859 4.55899 9.56104 2.56529 0.00384452 -0.128439 1.98698 0.143452 0.994572 1.5 0.570263 -0.166283 -0.999742 1
4.84143 1e-07 2.62221 56.5171 1e-07 20.8234 12.2006 7.01879 989.948 1e-07 310.605 170.168 125.789 42.2253 19.1446 22783.9 12048.8 6457.2 4418.09 1738.02 828.725 1.5873e-07 -29.052 0.103125 1.04987e-07 -115.032 8.22792 -65.631 -32.1889 3.06122e-08 -545.4 -479.799 -350.654 -215.882 -113.153 -2.56187 0.00153601 1.62231 1.61646 1.4878 0.113281 1.5 0.554067 0.337421 -0.999472 0.999999
11.25 1e-07 2.80175e-12 217.687 1e-07 1.00021 -8.79643e-13 1.05989e-12 5683.92 1e-07 67.5141 3.00002 2.59265e-11 -5.29735e-12 1.6692e-12 184349 19608.3 3265.99 337.5 12.0002 -5.25739e-11 1.5873e-07 -115.994 0.491601 1.04987e-07 -758.839 2.54953 -12.3572 1.15862 3.06122e-08 -5274 -848.322 -171.74 -10.3352 -0.64517 1.25786 3.56105e-12 3 1.29587e-06 1.5 2.85103e-08 1.5 0.561229 -0.0143495 -0.999608 1
1.62765 1e-07 3.68042 8.03352 1e-07 6.28307 3.12212 14.646 67.0334 1e-07 32.6826 13.734 42.1383 24.9385 59.1023 797.567 -69.8069 289.37 -7.01508 273.46 181.667 1.5873e-07 -0.541356 -0.0536455 1.04987e-07 -3.67365 2.12906 -6.69656 -1.12721 3.06122e-08 -12.4252 6.9792 -12.9064 1.15445 -19.8397 2.18925 0.0710918 -0.20349 1.98391 1.24041 0.106243 1.5 0.441443 -0.154096 -0.999742 1
10.5579 1e-07 0.0226195 201.468 1e-07 1.18983 -0.0667921 0.0218841 5226.41 1e-07 69.1973 2.00163 0.321063 -0.109214 0.0355887 168795 23068.9 3260.54 304.506 16.9439 -2.0694 1.5873e-07 -107.539 0.48825 1.04987e-07 -697.953 2.32819 -12.7529 1.37193 3.06122e-08 -4827.74 -1000.98 -171.679 -9.00844 -0.981158 1.28506 0.0689558 2.98723 0.000268236 1.4999 0.0143428 1.5 0.570307 0.268052 -0.998119 1
6.62301 1e-07 2.07151 71.5291 1e-07 20.5438 9.65965 4.29612 1023.92 1e-07 292.103 149.29 112.28 23.7428 8.91987 18021 9130.07 5169.47 3130.44 1412.72 588.416 1.5873e-07 -39.4094 0.184711 1.04987e-07 -125.325 6.87929 -62.6214 -27.4837 3.06122e-08 -432.147 -357.068 -286.163 -155.756 -93.8826 -1.23056 3.19371e-05 2.34101 1.43909 1.06904 0.0242412 1.5 0.600124 -0.138458 -0.99809 1
3.80232 1e-07 0.000799517 30.4636 1e-07 1.05307 0.00157741 2.73734e-06 350.689 1e-07 24.8747 2.84309 0.0105466 -5.52328e-07 6.80858e-07 5188.2 1657.05 503.857 113.227 10.7299 0.0232035 1.5873e-07 -19.607 0.491483 1.04987e-07 -52.3759 0.81263 -4.95094 1.18416 3.06122e-08 -155.024 -70.6287 -28.9025 -3.62187 -0.578393 1.25818 2.88218e-05 1.59394 -0.0201453 1.12326 0.0197575 1.5 0.3407 0.371612 -0.998159 1
8.27091 1e-07 0.0242452 115.821 1e-07 0.522153 0.0173591 0.00187558 2176.3 1e-07 37.2421 0.0573598 0.14351 -0.00546329 0.00219855 50630.3 5213.96 1421.55 127.231 -0.0443309 0.31209 1.5873e-07 -65.1407 0.488009 1.04987e-07 -303.219 1.90154 -6.79994 1.64931 3.06122e-08 -1493.84 -223.265 -75.9952 -1.91987 -0.0190291 1.26998 0.00384035 2.59123 -0.150095 1.25683 0.0226978 1.5 0.57956 -0.112617 -0.999737 0.999999
8.82619 1e-07 2.76711 150.101 1e-07 39.0192 18.5263 8.353 3548.39 1e-07 839.109 387.57 288.168 68.8958 26.0812 105750 49946.3 23479.8 12548.3 4675.27 1915.32 1.5873e-07 -77.4081 0.0816597 1.04987e-07 -433.819 12.318 -168.5 -71.6569 3.06122e-08 -2702.42 -2079.25 -1251.42 -606.856 -298.895 -9.10491 0.066387 2.65535 1.70825 1.49763 0.15278 1.5 0.561242 0.440658 -0.999514 1
7.72051 1e-07 2.68248 119.144 1e-07 30.7729 19.3733 14.6374 2598.23 1e-07 590.424 334.444 380.882 142.479 113.354 72170.4 30799.4 15134 9005.9 4651.52 3208.67 1.5873e-07 -61.7896 0.0941963 1.04987e-07 -318.693 13.2337 -119.162 -63.7241 3.06122e-08 -1851.93 -1254.08 -784.128 -438.553 -312.222 -17.83 0.00930623 2.35087 1.3765 1.49843 0.900205 1.5 0.523119 0.371407 -0.99901 1
7.44894 1e-07 3.94879 112.285 1e-07 46.352 34.7525 29.6512 2397.73 1e-07 882.76 601.608 783.105 351.807 308.129 65271.7 36769.8 22321.2 16150.8 9838.08 7751.54 1.5873e-07 -56.342 -0.0934045 1.04987e-07 -273.734 22.8695 -177.193 -116.562 3.06122e-08 -1527.43 -1442.15 -1123.96 -785.245 -656.264 -46.6746 0.0305999 2.32583 1.75469 1.48444 0.99228 1.5 0.559233 0.84707 -0.999511 1
11.1921 1e-07 0.0239126 215.848 1e-07 0.193049 0.0335737 0.000829555 5619.55 1e-07 41.7655 0.0382646 0.133051 0.00105605 0.000175431 181770 20865.2 2413.85 158.808 -1.28285 0.392522 1.5873e-07 -115.034 0.488059 1.04987e-07 -751.436 2.61626 -7.39871 1.6434 3.06122e-08 -5212.33 -903.945 -125.539 -2.07062 0.0531002 1.26918 0.0013194 2.9929 -0.149798 1.49883 0.035261 1.5 0.444757 0.298659 -0.999026 1
9.37169 1e-07 3.5865 162.258 1e-07 44.9186 24.1381 14.1702 3849.93 1e-07 916.386 460.897 448.926 109.189 58.1342 114247 50964.3 24684.1 14737.2 5885.01 2721.01 1.5873e-07 -82.5193 -0.0397314 1.04987e-07 -467.384 15.9692 -184.607 -86.7607 3.06122e-08 -2916.71 -2102.96 -1298.16 -713.684 -390.982 -13.8402 0.0691682 2.78834 1.94804 1.4581 0.187095 1.5 0.558172 -0.161331 -0.999237 1
1.36779 1e-07 3.94007 5.61706 1e-07 5.90867 4.2306 15.5537 38.4989 1e-07 26.4295 17.8823 41.8801 30.6638 61.4066 370.285 46.5692 196.194 67.7682 250.762 211.38 1.5873e-07 1.34419 -0.0921135 1.04987e-07 0.221059 2.87271 -5.27674 -2.33288 3.06122e-08 -1.51623 3.06786 -7.40914 -2.54029 -18.3294 2.08409 0.00220717 -0.136649 1.98698 1.16068 0.00196655 1.5 0.561626 -0.102684 -0.999943 1
10.636 1e-07 3.12289 203.151 1e-07 49.0968 22.8685 10.3384 5265.33 1e-07 1151.75 518.648 408.88 89.3833 34.3739 169736 76569.2 34738.9 17936.6 6579.87 2640.6 1.5873e-07 -103.725 0.0289505 1.04987e-07 -646.427 15.0794 -228.758 -95.6624 3.06122e-08 -4384.97 -3208.94 -1838.75 -864.691 -421.963 -13.3489 0.0664354 3 1.82301 1.49425 0.0227423 1.5 0.546319 0.278712 -0.999004 1
9.71529 1e-07 2.43925 148.56 1e-07 33.864 19.6122 12.8955 2973.01 1e-07 656.398 363.439 439.651 138.964 98.7943 72611.4 31186.5 15787.4 8971.54 4948.06 3656.89 1.5873e-07 -78.5515 0.130231 1.04987e-07 -371.095 13.6488 -132.817 -68.6924 3.06122e-08 -1867.34 -1262.1 -817.917 -441.119 -339.099 -20.4655 0.000976174 2.86577 1.2557 1.22879 0.929813 1.5 0.558907 0.262912 -0.99925 1
7.06189 1e-07 1.20353 91.3416 1e-07 15.7862 7.52525 4.1444 1626.07 1e-07 304.495 146.988 141.077 40.0356 23.0159 36353.7 15632 7240.27 3560.44 1794.03 1114.65 1.5873e-07 -50.3952 0.313301 1.04987e-07 -210.199 5.81753 -61.9219 -26.3933 3.06122e-08 -957.367 -641.718 -385.278 -174.321 -119.838 -5.0393 0.00315413 2.32731 0.569006 1.2887 0.939498 1.5 0.537184 0.99845 -0.99984 1
7.49338 1e-07 1.84324 112.503 1e-07 23.0923 9.48646 3.63468 2385.23 1e-07 450.713 185.26 110.549 23.6367 7.48332 64358.5 27049.6 11535.8 5582.48 1864.08 660.321 1.5873e-07 -59.6985 0.218529 1.04987e-07 -299.918 6.78159 -91.8857 -33.4306 3.06122e-08 -1690.37 -1131.69 -626.138 -269.706 -117.93 -1.78277 0.031665 2.34583 1.36817 1.47035 0.145662 1.5 0.564512 0.273359 -0.99971 1
10.009 1e-07 3.41066 188.858 1e-07 51.8184 32.8316 24.4344 4871.76 1e-07 1197.91 695.377 895.416 311.163 245.078 156637 70142.7 35810 21662.7 11762.2 8582.54 1.5873e-07 -95.842 -0.0136824 1.04987e-07 -590.881 21.7341 -236.237 -131.03 3.06122e-08 -3988.99 -2877.25 -1822.14 -1047.81 -781.83 -50.9605 0.133713 2.99585 1.70802 1.49385 0.981183 1.5 0.608027 0.437068 -0.999026 1
8.74502 1e-07 3.02047 148.046 1e-07 46.3468 22.8992 9.96742 3488.14 1e-07 1030.3 511.114 374.225 95.7036 33.9406 103665 56201 29408.7 16681.2 6792 2919.3 1.5873e-07 -75.9674 0.0441248 1.04987e-07 -417.173 14.8536 -206.049 -94.468 3.06122e-08 -2559.67 -2320 -1562.26 -807.833 -427.278 -15.1145 0.0699995 2.64405 1.7891 1.49763 0.15278 1.5 0.560041 0.90658 -0.999514 1
1.1428 1e-07 0.773154 3.92601 1e-07 1.98125 1.51192 1.79529 22.5694 1e-07 10.5705 8.25578 17.1346 5.85725 6.94944 183.055 98.8262 82.3204 64.4861 54.1349 44.0184 1.5873e-07 -2.34462 0.37706 1.04987e-07 -1.87868 1.18808 -2.73556 -0.21987 3.06122e-08 -2.14202 -1.88183 -3.1078 -3.12055 -5.47744 1.37891 0.00217815 -0.0284573 -0.0941959 1.06751 0.874946 1.5 0.447891 0.300229 -0.999841 1
9.07509 1e-07 0.0149883 154.004 1e-07 1.44232 0.0250226 0.000680655 3619.6 1e-07 65.2835 5.0567 0.259224 0.00146355 6.28823e-05 107203 12664.9 2629.76 355.231 25.4441 0.647859 1.5873e-07 -83.7293 0.489381 1.04987e-07 -488.363 2.0296 -12.2265 0.81259 3.06122e-08 -3082.96 -546.684 -140.075 -12.3405 -1.40849 1.26267 0.00428661 2.61884 0.0624045 1.49872 0.10423 1.5 0.261622 -0.0942984 -0.997928 0.999999
7.44912 1e-07 2.77959 112.289 1e-07 30.1413 20.1986 16.954 2397.8 1e-07 558.81 333.454 419.283 166.931 149.682 65273.9 27357.6 13924.5 8636.66 4779.2 3647.85 1.5873e-07 -58.1153 0.0798104 1.04987e-07 -292.967 13.7939 -112.88 -64.09 3.06122e-08 -1668.34 -1103.5 -713.149 -420.901 -324.908 -20.7183 0.0305667 2.32583 1.36848 1.48444 0.99228 1.5 0.559233 0.283846 -0.999696 1
7.05235 1e-07 3.46955 103.075 1e-07 32.4008 18.6438 12.2057 2153.53 1e-07 560.489 298.276 273.219 76.215 43.4755 57666.9 26537.6 13342.1 9016.47 3482.15 1670.27 1.5873e-07 -52.2809 -0.0224063 1.04987e-07 -257.681 12.4519 -115.316 -56.7686 3.06122e-08 -1447.93 -1078.33 -708.152 -437.029 -231.549 -7.37056 0.00152274 2.19359 1.86101 1.49928 0.104898 1.5 0.562302 -0.155619 -0.998821 0.999999
11.1915 1e-07 0.982058 215.833 1e-07 10.9128 0.707515 2.89489 5619.14 1e-07 249.899 45.6683 96.9089 3.57521 14.2202 181757 22148.7 7882.36 1817.42 841.059 108.601 1.5873e-07 -113.575 0.346111 1.04987e-07 -738.671 2.33678 -49.4119 -5.91441 3.06122e-08 -5121.45 -949.875 -413.486 -82.4327 -61.9715 1.19536 0.00139432 2.9929 -0.149798 1.49883 0.98016 1.5 0.444757 0.364009 -0.999026 1
10.7233 1e-07 0.016595 205.176 1e-07 1.15928 -0.0487341 0.016002 5327.05 1e-07 69.941 2.29111 0.235835 -0.0798586 0.026023 172102 23551.9 3315.31 314.712 15.6661 -1.51148 1.5873e-07 -109.484 0.489143 1.04987e-07 -711.389 2.38152 -12.8671 1.31107 3.06122e-08 -4922.43 -1021.88 -174.513 -9.43408 -0.893759 1.27777 0.0504216 2.98723 0.000268236 1.4999 0.0143428 1.5 0.570307 0.268052 -0.998119 1
6.88638 1e-07 3.55922 84.9161 1e-07 36.1898 27.4912 23.5328 1430.48 1e-07 558.802 394.973 563.456 240.347 214.828 30136.3 17406.3 11143 8303.33 5428.09 4523.64 1.5873e-07 -43.6394 -0.0356911 1.04987e-07 -160.273 18.356 -115.544 -78.2307 3.06122e-08 -667.597 -651.044 -553.729 -411.221 -382.878 -26.5365 0.00740723 2.32322 1.64981 1.23434 0.928213 1.5 0.559415 0.369968 -0.999481 1
7.60029 1e-07 0.0146866 115.117 1e-07 0.665799 0.0115568 0.000936665 2462.75 1e-07 37.0451 0.792231 0.0869725 -0.00335432 0.00116454 67101.5 5858.07 1490.21 134.484 2.678 0.234751 1.5873e-07 -63.819 0.489425 1.04987e-07 -336.737 1.73122 -6.84893 1.52568 3.06122e-08 -1948.52 -251.291 -79.3609 -2.62961 -0.156714 1.26494 0.00253221 2.32601 -0.118017 1.48444 0.00140025 1.5 0.559233 -0.148506 -0.99956 0.999999
11.0306 1e-07 0.0491606 211.856 1e-07 1.56519 0.0652862 0.0106847 5501.36 1e-07 78.9707 5.47668 1.07402 -0.00569645 0.00880693 177571 23332.9 3573.51 416.139 32.9399 1.48014 1.5873e-07 -112.937 0.484318 1.04987e-07 -734.217 2.50461 -14.6857 0.739079 3.06122e-08 -5076.33 -1011.17 -188.606 -14.2422 -1.94749 1.27774 0.0159325 2.98814 1.29587e-06 1.49794 0.211791 1.5 0.561311 0.213384 -0.999608 1
7.28644 1e-07 3.86206 108.55 1e-07 40.0976 29.7821 26.8384 2301.35 1e-07 723.692 475.319 627.279 272.563 254.941 62380.7 31312.9 17689.2 12608.5 7129.07 5461.48 1.5873e-07 -54.5294 -0.0805558 1.04987e-07 -268.246 19.7826 -146.068 -92.8093 3.06122e-08 -1512.79 -1237.9 -893.557 -613.017 -484.362 -32.2536 0.00734436 2.2545 1.73975 1.49697 0.928213 1.5 0.559415 0.371566 -0.999467 1
7.00871 1e-07 3.46955 101.233 1e-07 32.0929 18.5398 12.2057 2086.59 1e-07 548.57 293.88 271.685 75.6052 43.4755 55073.3 25428.6 12888.8 8760.45 3420.87 1650.1 1.5873e-07 -51.3773 -0.0224064 1.04987e-07 -249.379 12.3904 -113.052 -55.9838 3.06122e-08 -1379.63 -1030.96 -684.084 -425.042 -227.993 -7.24489 0.00152274 2.19359 1.86101 1.48463 0.104898 1.5 0.562349 -0.175605 -0.998821 0.999999
8.52171 1e-07 0.0247595 121.833 1e-07 0.519909 0.0172558 0.0019527 2330.09 1e-07 38.31 0.0225711 0.152159 -0.00538742 0.00221742 55078.1 5569.39 1493.67 130.211 -0.0786607 0.307748 1.5873e-07 -68.2528 0.487933 1.04987e-07 -323.834 1.96002 -6.98487 1.65541 3.06122e-08 -1622.78 -238.566 -79.7152 -1.93623 -0.0187587 1.27029 0.00384035 2.63797 -0.150095 1.25976 0.0320728 1.5 0.580185 -0.112617 -0.999737 1
5.71004 1e-07 0.870667 73.9323 1e-07 6.06172 1.52893 2.30057 1406.05 1e-07 100.984 29.9976 46.0859 6.86287 10.1762 34742.6 6034.82 2402.38 761.488 371.957 143.916 1.5873e-07 -40.938 0.362614 1.04987e-07 -188.76 1.97721 -20.7808 -3.80222 3.06122e-08 -984.687 -253.433 -127.641 -35.1608 -27.6514 0.859406 0.0295641 1.89399 -0.0128551 1.49273 0.941739 1.5 0.577321 0.255654 -0.99901 1
7.47054 1e-07 4.67857 113.075 1e-07 48.5653 38.4061 36.7313 2428.67 1e-07 878.505 611.593 865.228 390.954 385.113 66588.8 35938.5 21543.3 16541.6 9659.95 7680.61 1.5873e-07 -55.6282 -0.20152 1.04987e-07 -275.091 25.2832 -176.578 -120.22 3.06122e-08 -1566.33 -1402.73 -1071.71 -802.136 -658.478 -46.5223 0.00930623 2.29659 1.96378 1.49841 0.928946 1.5 0.579313 0.371407 -0.999007 1
10.3996 1e-07 3.46878 196.539 1e-07 49.2267 24.5279 12.7855 5059.26 1e-07 1103.11 517.863 460.312 103.213 47.3003 162314 70618.6 32330.6 17813.9 6655.61 2829.13 1.5873e-07 -99.8374 -0.0222922 1.04987e-07 -619.225 16.1797 -219.972 -96.393 3.06122e-08 -4194.59 -2948.17 -1703.9 -858.925 -434.642 -14.429 0.0689172 2.95852 1.92427 1.5 3.73774e-05 1.5 0.553821 -0.0401707 -0.998119 1
11.1914 1e-07 2.66953 215.915 1e-07 42.7938 18.0828 7.36261 5623.62 1e-07 1019.08 420.018 295.786 59.3727 20.9156 181977 74789 31110.3 14681 4985.54 1829.62 1.5873e-07 -111.055 0.0961154 1.04987e-07 -701.431 12.2927 -202.251 -76.7817 3.06122e-08 -4793.15 -3157.22 -1655.47 -706.029 -317.061 -8.51663 0.00217757 2.99396 1.62904 1.49903 0.144927 1.5 0.520735 0.214709 -0.999016 1
4.85425 1e-07 2.47085 56.7139 1e-07 20.4925 11.7595 6.71638 992.244 1e-07 309.582 167.28 126.563 41.5713 18.9671 22771 11904.3 6466.34 4324.56 1737.91 826.613 1.5873e-07 -29.3903 0.12555 1.04987e-07 -115.775 7.9446 -65.2931 -31.534 3.06122e-08 -545.707 -474.287 -350.762 -211.384 -113.385 -2.63238 0.0699518 1.69923 1.61633 1.47062 0.155412 1.5 0.51602 0.347592 -0.999018 1
4.15728 1e-07 0.0451267 32.3101 1e-07 1.20608 0.0591412 0.00610972 347.89 1e-07 26.8337 3.73808 0.889332 0.0133346 0.00137881 4721.47 1063.12 508.598 134.149 19.1303 1.52 1.5873e-07 -20.917 0.484916 1.04987e-07 -52.5925 0.924945 -5.38375 1.02827 3.06122e-08 -141.753 -44.2952 -29.3275 -4.51935 -1.17401 1.27474 0.00037565 1.76819 0.000644373 1.01562 0.212412 1.5 0.255419 -0.127013 -0.998802 1
4.57347 1e-07 3.17176 51.7735 1e-07 22.3167 18.3986 20.1473 887.616 1e-07 316.539 226.32 289.374 161.792 181.013 20090.3 10571.6 6370.39 4963.8 3002.89 2459.41 1.5873e-07 -25.6572 0.0217102 1.04987e-07 -99.2522 12.4102 -65.3503 -45.3251 3.06122e-08 -463.654 -399.023 -321.462 -242.017 -205.34 -13.6315 0.00153601 1.53204 1.49856 1.49328 0.964616 1.5 0.559233 0.440695 -0.999521 1
5.04205 1e-07 2.62925 59.7084 1e-07 21.7803 12.6594 7.17662 1051.47 1e-07 329.637 180.103 135.294 44.5757 20.2548 24219 12848.9 6895.98 4649.51 1857.07 886.885 1.5873e-07 -30.7959 0.102083 1.04987e-07 -122.454 8.52948 -69.5031 -34.0914 3.06122e-08 -579.911 -512.059 -373.958 -227.418 -121.15 -2.92859 0.00288649 1.69923 1.61633 1.47062 0.153624 1.5 0.510754 0.347592 -0.999018 1
3.22987 1e-07 1.07391 29.2003 1e-07 2.40897 0.455109 1.15606 421.032 1e-07 19.2432 0.272389 8.11231 1.62876 1.24482 8242.5 -337.693 292.536 -186.362 52.5491 16.5847 1.5873e-07 -16.5395 0.332503 1.04987e-07 -58.6099 0.902445 -4.55935 1.88504 3.06122e-08 -243.267 16.0026 -16.2162 10.0709 -4.15535 1.77497 0.00322392 -1.01372 1.03767 1.48506 0.00255234 1.5 0.440348 -0.014866 -0.999732 0.999999
3.46241 1e-07 0.128993 29.076 1e-07 0.527916 0.165633 0.0367137 367.121 1e-07 12.9792 1.28513 1.28339 0.089027 0.0152304 6097.08 1269.19 306.513 49.3576 5.5751 2.09155 1.5873e-07 -18.267 0.472491 1.04987e-07 -54.3986 0.885457 -2.57325 1.4199 3.06122e-08 -185.335 -53.9907 -17.0128 -0.782672 -0.491384 1.31848 0.00238363 1.36365 -0.285267 1.26719 0.218408 1.5 0.30447 0.311948 -0.99992 1
10.5373 1e-07 3.28632 201.015 1e-07 47.188 22.9252 11.725 5213.35 1e-07 1067 488.959 427.888 93.1127 42.4384 168314 70595.2 31521.6 16939.3 6225.18 2592.76 1.5873e-07 -102.357 0.00473868 1.04987e-07 -641.682 15.2302 -212.601 -90.7663 3.06122e-08 -4380.23 -2954.84 -1663.03 -816.12 -406.064 -13.0278 0.072871 2.99039 1.87699 1.49872 0.10423 1.5 0.368203 -0.0942984 -0.997928 1
10.2642 1e-07 3.61948 186.954 1e-07 50.3514 31.67 23.2967 4636.03 1e-07 1097.94 625.472 776.52 262.606 204.042 143480 62738.8 31252.9 18870.8 9715.72 6662.47 1.5873e-07 -95.0469 -0.0446176 1.04987e-07 -563.916 21.0813 -218.101 -118.642 3.06122e-08 -3668.73 -2572.04 -1599.97 -914.817 -651.371 -39.016 0.0101816 2.85264 1.69548 1.48631 0.882983 1.5 0.483285 0.238148 -0.999047 0.999999
9.31251 1e-07 2.06443 139.569 1e-07 25.1811 14.0664 9.89506 2759.39 1e-07 468.141 244.747 306.824 90.0362 70.2553 66891.5 22323.6 11060.7 5965.15 3181.98 2377.59 1.5873e-07 -74.4222 0.18576 1.04987e-07 -352.507 10.2726 -95.1928 -46.0275 3.06122e-08 -1781.4 -906.29 -574.424 -292.484 -221.81 -12.5532 0.000980612 2.78816 1.09757 1.24322 0.928162 1.5 0.558907 -0.197986 -0.999247 1
10.0263 1e-07 2.69127 180.679 1e-07 35.7507 15.8249 7.39085 4454.81 1e-07 772.659 328.204 248.065 50.0134 20.6681 137492 52706.8 21989.1 11147.8 3783.57 1432.41 1.5873e-07 -93.2404 0.092894 1.04987e-07 -557.261 10.9312 -155.039 -60.3288 3.06122e-08 -3638.19 -2215.03 -1172.81 -536.307 -244.265 -6.07802 0.00212161 2.79208 1.63821 1.49904 0.112313 1.5 0.558142 -0.156358 -0.999465 0.999999
5.73579 1e-07 3.72172 74.5748 1e-07 30.9313 24.8429 26.021 1423.59 1e-07 488.349 341.353 467.83 231.433 250.522 35296.1 18038.8 10733.7 8334.96 4877.15 3952.53 1.5873e-07 -36.9492 -0.059765 1.04987e-07 -161.604 16.5987 -99.5619 -67.9426 3.06122e-08 -832.233 -693.871 -536.845 -405.191 -335.312 -23.0331 0.0382231 1.90947 1.72169 1.49273 0.944545 1.5 0.577321 0.266454 -0.997548 1
3.33748 1e-07 2.72013 30.8506 1e-07 6.06633 -0.564564 14.9723 452.432 1e-07 42.6023 -3.57177 78.2978 10.6088 116.894 8981.12 -330.32 529.823 -439.55 218.228 30.6789 1.5873e-07 -14.9584 0.0886194 1.04987e-07 -58.6487 -0.0447142 -8.02314 3.22579 3.06122e-08 -255.109 14.2963 -20.1466 22.1506 -21.8992 2.67189 0.00214363 -1.06562 1.38155 1.48468 0.903968 1.5 0.253912 0.431647 -0.999013 1
8.91679 1e-07 2.07105 128.867 1e-07 24.3284 13.8773 9.99143 2462.61 1e-07 437.511 233.719 297.862 89.5649 71.467 57777.3 19720.5 10011.7 5522.88 3009.99 2287.5 1.5873e-07 -68.9484 0.184779 1.04987e-07 -314.097 10.1076 -89.3249 -44.0995 3.06122e-08 -1531.15 -795.576 -519.105 -271.319 -210.95 -12.0299 0.00213659 2.72439 1.09757 1.22832 0.932822 1.5 0.558282 -0.196419 -0.999579 1
5.95742 1e-07 2.07151 60.1127 1e-07 18.5856 9.11037 4.29613 814.347 1e-07 247.321 132.069 101.392 22.4489 8.91988 13664.2 7042.16 4145.85 2649.78 1235.17 534.572 1.5873e-07 -33.2117 0.184711 1.04987e-07 -98.2845 6.47625 -53.64 -24.3302 3.06122e-08 -319.738 -270.554 -229.982 -132.274 -82.4932 -0.90137 2.94171e-05 2.19424 1.43909 1.06904 0.0242412 1.5 0.562186 -0.174353 -0.99809 0.999999
5.23852 1e-07 0.931307 64.4275 1e-07 5.8432 1.32105 2.602 1178.25 1e-07 90.7462 23.9017 45.7662 6.15156 12.1163 28183.7 3991.32 2047.73 586.061 350.561 123.086 1.5873e-07 -35.8113 0.35363 1.04987e-07 -158.251 1.73687 -18.7976 -2.66187 3.06122e-08 -798.229 -166.027 -108.473 -26.7194 -26.4109 1.03083 1.42172e-06 1.72961 -0.010537 1.49899 0.964985 1.5 0.559746 -0.0178886 -0.997498 1
4.69646 1e-07 3.14446 54.0115 1e-07 21.6948 17.6113 19.873 937.094 1e-07 307.189 215.892 282.139 152.289 177.84 21422.3 10541.5 6195.29 4785.01 2840.46 2321.54 1.5873e-07 -26.9022 0.0257556 1.04987e-07 -106.741 11.93 -63.3653 -43.1646 3.06122e-08 -506.769 -400.508 -312.332 -233.127 -195.441 -12.6898 0.00153601 1.57173 1.48941 1.49328 0.964616 1.5 0.559233 0.25174 -0.999521 1
0.0108709 1e-07 3.11544 0.0349174 1e-07 0.995857 3.79642 10.2814 0.391719 1e-07 0.102585 2.73027 19.488 21.1039 35.7187 6.16949 -2.7413 1.12352 -0.256972 11.2572 90.2299 1.5873e-07 4.68802 0.0300544 1.04987e-07 1.12061 2.5968 1.17492 0.252556 3.06122e-08 -0.150404 0.917409 3.07793 1.03702 -2.29261 2.36686 0.00229267 -0.0180178 1.7542 0.0734907 0.211947 1.49999 0.446325 -0.165521 -0.999741 0.999999
2.61202 1e-07 0.789952 18.29 1e-07 3.16506 1.51972 1.88886 200.186 1e-07 31.6832 14.8736 24.3652 6.10173 7.54406 2941.65 878.349 459.711 216.565 127.805 71.8139 1.5873e-07 -11.0744 0.374571 1.04987e-07 -27.2138 1.45261 -7.08858 -1.31547 3.06122e-08 -80.3709 -33.7017 -24.0522 -10.1475 -10.7152 1.22828 0.0156013 -1.0263 0.00220321 1.25079 0.894072 1.5 0.442477 0.299802 -0.99967 1
7.04218 1e-07 3.59072 89.8581 1e-07 37.0417 28.0564 24.2099 1572.25 1e-07 588.603 411.714 586.23 250.234 226.134 34474.6 19365.7 12142.2 8943.66 5767.6 4802.61 1.5873e-07 -46.0741 -0.0403576 1.04987e-07 -178.026 18.7291 -121.139 -81.3335 3.06122e-08 -780.14 -732.165 -604.294 -441.683 -404.851 -28.2844 0.00740723 2.33914 1.64981 1.26742 0.94507 1.5 0.577837 0.369968 -0.999481 1
11.1914 1e-07 3.49853 215.915 1e-07 52.1538 31.5693 22.4095 5623.62 1e-07 1200.52 659.164 807.648 260.764 197.501 181977 75077.7 35853.6 20643.7 10420.1 7100.3 1.5873e-07 -109.799 -0.026699 1.04987e-07 -690.332 21.1001 -237.208 -124.18 3.06122e-08 -4714.26 -3102.68 -1838.5 -998.835 -695.044 -41.5434 0.00217757 2.99396 1.63828 1.49903 0.906375 1.5 0.562064 0.214709 -0.999016 0.999999
9.72703 1e-07 2.98332 173.231 1e-07 38.9421 18.4845 9.32225 4230.29 1e-07 826.766 372.633 307.128 66.0576 29.4889 129350 52586.8 23150.5 12454.8 4454.13 1803.38 1.5873e-07 -88.9593 0.0496278 1.04987e-07 -523.91 12.5039 -166.112 -69.0962 3.06122e-08 -3382.74 -2197.95 -1229.85 -600.567 -290.24 -8.27148 0.0369719 2.79208 1.75633 1.48941 0.0938469 1.5 0.33611 -0.148607 -0.997556 1
1.24857 1e-07 3.91807 4.68317 1e-07 5.43763 7.3116 15.3821 29.35 1e-07 22.4597 28.2755 41.8949 50.0707 60.3947 258.682 95.1377 153.771 143.346 240.466 282.444 1.5873e-07 1.91599 -0.0888536 1.04987e-07 1.11649 5.0401 -4.52287 -5.75562 3.06122e-08 0.464668 3.988 -4.83996 -6.13749 -17.4298 1.29975 0.00222312 -0.109083 1.98149 1.11105 0.00245053 1.5 0.467934 0.388583 -0.996572 1
5.56778 1e-07 4.44868 71.5166 1e-07 35.7661 31.0844 35.3976 1355.46 1e-07 554.039 416.39 613.648 325.856 379.033 33439.8 18693.2 12007.7 10289.3 6243.56 5324.03 1.5873e-07 -34.2032 -0.167462 1.04987e-07 -146.584 20.6002 -112.376 -83.9241 3.06122e-08 -749.323 -701.732 -587.599 -498.039 -430.508 -32.1153 0.0646356 1.88793 1.95837 1.49424 0.948206 1.5 0.561645 0.287829 -0.999039 1
10.4047 1e-07 3.75469 191.861 1e-07 54.3679 34.5586 25.1716 4819.08 1e-07 1215.24 703.514 864.627 301.243 230.366 151142 69360.3 35313.3 21536.9 11323.3 7859.42 1.5873e-07 -97.2855 -0.0646487 1.04987e-07 -582.799 22.8593 -240.701 -133.182 3.06122e-08 -3833.53 -2840.72 -1805.73 -1043.13 -752.652 -46.4346 0.00217755 2.85907 1.71332 1.4994 0.909177 1.5 0.606959 0.437087 -0.999027 1
2.32351 1e-07 0.79975 16.1853 1e-07 2.88957 1.22419 1.91881 187.79 1e-07 27.3131 11.6692 19.2463 4.89497 7.67284 3048.5 669.484 400.262 171.875 112.755 59.2431 1.5873e-07 -9.66571 0.37312 1.04987e-07 -25.2385 1.19736 -6.1432 -0.6183 3.06122e-08 -83.9804 -25.5281 -21.1987 -7.86048 -9.03276 1.32844 4.55011e-05 0.271141 0.058127 1.5 0.892409 1.5 0.560245 -0.0109052 -0.99787 1
0.968149 1e-07 0.00929618 2.82808 1e-07 1.07708 0.0144966 0.000465301 13.9495 1e-07 6.25702 3.03345 0.0668007 -0.00165228 0.000379762 99.1495 55.2656 46.0647 28.7398 12.3821 0.212942 1.5873e-07 -2.7383 0.490224 1.04987e-07 -1.49475 0.160035 -1.7183 1.15017 3.06122e-08 -1.07907 -1.48905 -3.32999 -1.14294 -0.674184 1.26196 0.00326577 0.0333805 -0.0920486 0.981241 0.0143428 1.5 0.444711 0.268422 -0.998119 0.999999
11.2015 1e-07 2.39861 216.233 1e-07 37.0444 19.5775 12.3282 5634.49 1e-07 875.472 424.141 458.693 134.02 91.4848 182401 63178.7 26687.6 13250.6 6194.37 4015.95 1.5873e-07 -111.625 0.136251 1.04987e-07 -709.663 13.7474 -172.985 -78.7116 3.06122e-08 -4867.59 -2645.42 -1387.78 -640.549 -409.699 -22.4316 0.00217757 2.99565 1.25561 1.49903 0.909177 1.5 0.561902 0.210852 -0.999011 0.999999
2.15482 1e-07 3.85869 13.9288 1e-07 8.6016 5.60935 15.6494 150.049 1e-07 57.5528 36.1872 52.9462 41.3967 65.6671 2262.86 268.098 642.062 221.428 447.343 344.187 1.5873e-07 -3.74963 -0.0800568 1.04987e-07 -13.0983 3.83454 -12.3325 -6.17332 3.06122e-08 -47.0559 -1.34138 -32.9252 -10.7338 -30.5932 1.07873 0.0171434 -0.164612 1.97118 1.4581 0.187095 1.5 0.558172 0.193427 -0.999973 1
1.25974 1e-07 4.85561 4.77029 1e-07 6.55378 3.73038 40.11 30.2225 1e-07 26.521 13.9361 86.5128 60.8911 445.091 269.97 13.1392 179.046 25.7068 353.273 303.368 1.5873e-07 3.27999 -0.227749 1.04987e-07 2.30209 2.45124 -0.879706 -2.25571 3.06122e-08 1.86011 3.3374 0.800712 1.55385 -18.7481 1.5561 0.00384452 -0.175175 1.98377 1.1069 0.968305 1.5 0.600839 -0.166283 -0.99953 0.999999
7.50208 1e-07 2.46729 111.901 1e-07 24.8929 15.9476 13.9216 2351.47 1e-07 447.503 254.685 332.052 120.519 115.21 62806.9 21909.3 10892.8 6471.42 3500.02 2677.78 1.5873e-07 -58.4927 0.126077 1.04987e-07 -293.543 11.1914 -90.7546 -48.7112 3.06122e-08 -1648.35 -886.284 -558.815 -315.505 -241.918 -14.5583 0.0316024 2.35569 1.25441 1.45746 0.98187 1.5 0.558959 -0.132452 -0.999511 1
1.85044 1e-07 0.00591314 10.1333 1e-07 1.09313 0.00553066 0.000367663 91.5227 1e-07 12.109 2.95099 0.106297 -0.0012776 0.000129776 1148.04 379.17 166.082 53.8354 12.7023 0.0661263 1.5873e-07 -7.40076 0.490725 1.04987e-07 -13.5615 0.35807 -2.74783 1.16691 3.06122e-08 -32.6427 -15.4303 -10.184 -1.85478 -0.700625 1.26087 0.0135764 -0.521298 0.00207782 1.25427 0.0693604 1.5 0.292725 0.268109 -0.999668 0.999999
6.62255 1e-07 0.000468383 86.0094 1e-07 0.959764 0.000366199 2.70606e-05 1570.31 1e-07 39.4646 2.57523 0.00317953 -0.000133875 2.62303e-05 36423.5 4382.87 1294.32 183.466 9.98392 0.00837322 1.5873e-07 -49.1286 0.491532 1.04987e-07 -219.061 1.47506 -7.44138 1.22898 3.06122e-08 -1069.57 -187.608 -70.1665 -5.47097 -0.537249 1.25808 0.000235229 2.18503 -0.0205231 1.35986 0.00117296 1.5 0.441777 -0.174969 -0.998813 0.999999
0.176869 1e-07 4.53933 1.07793 1e-07 1.01523 4.68864 37.0732 12.1165 1e-07 2.37313 0.913299 36.8953 68.5617 407.758 190.833 -84.7924 36.4494 -14.7361 13.7381 109.159 1.5873e-07 6.11982 -0.180892 1.04987e-07 -0.658965 3.26022 5.90797 -0.63508 3.06122e-08 -5.00007 3.99776 3.85181 5.29964 7.15092 2.30701 0.0709145 -0.0715828 1.98377 0.116226 0.961433 1.5 0.584798 -0.166283 -0.999737 0.999999
8.4994 1e-07 1.2067 123.273 1e-07 18.3049 8.08076 4.15013 2405.74 1e-07 393.75 178.306 163.263 42.6305 22.9746 58222.5 23507.9 10262.1 4756.79 2264.66 1365.73 1.5873e-07 -67.0825 0.31283 1.04987e-07 -312.285 6.36536 -78.9852 -31.8821 3.06122e-08 -1556.85 -977.258 -545.4 -231.47 -149.033 -6.5074 0.00219773 2.61771 0.578506 1.2887 0.934878 1.5 0.562041 0.99845 -0.999694 1
7.52362 1e-07 3.66497 90.8823 1e-07 42.4491 25.9667 14.6222 1434.31 1e-07 655.639 410.879 435.519 124.034 59.887 27555.3 18436.5 12419.7 8696.12 4800.96 2639.02 1.5873e-07 -47.1566 -0.0513567 1.04987e-07 -155.664 16.9953 -137.711 -79.4726 3.06122e-08 -558.496 -692.641 -653.623 -436.643 -330.066 -13.601 0.0678602 2.59857 1.97192 1.07469 0.153339 1.5 0.521233 0.300199 -0.999844 0.999999
9.8658 1e-07 3.74207 180.42 1e-07 50.7758 33.6688 27.0584 4523.27 1e-07 1101.75 654.726 886.144 314.488 269.865 141838 61409 31425.7 19754.6 10658.9 7907.17 1.5873e-07 -91.2875 -0.0627797 1.04987e-07 -547.46 22.3614 -218.401 -124.727 3.06122e-08 -3614.42 -2505.63 -1591.6 -956.481 -719.822 -46.9774 0.0722444 2.86567 1.75651 1.49893 0.960247 1.5 0.578623 0.150304 -0.999014 1
8.44575 1e-07 1.22152 122.146 1e-07 18.4331 8.20733 4.25482 2378.81 1e-07 394.653 180.066 166.187 43.843 23.8491 57471.7 23320.6 10249.8 4784.81 2295.82 1396.1 1.5873e-07 -66.4667 0.310636 1.04987e-07 -308.494 6.43269 -79.2043 -32.2408 3.06122e-08 -1534.53 -968.613 -544.496 -232.94 -151.192 -6.69218 0.00576549 2.61169 0.586548 1.2887 0.939498 1.5 0.573011 0.99845 -0.999852 1
9.22986 1e-07 0.0221282 130.354 1e-07 1.76426 -0.0415051 0.00877983 2339.3 1e-07 74.9523 3.92924 0.272516 -0.043599 0.00734356 50196.2 11268.9 2473.35 342.347 27.5082 -1.1466 1.5873e-07 -73.2027 0.488323 1.04987e-07 -326.818 1.99637 -14.0947 1.03938 3.06122e-08 -1480.29 -487.163 -133.947 -11.485 -1.5366 1.27796 0.103358 2.98339 0.0693485 1.06482 0.0226055 1.5 0.409803 0.311948 -0.999918 1
5.43609 1e-07 0.022646 53.8145 1e-07 0.431006 0.0379015 0.000805452 731.969 1e-07 25.3504 0.694153 0.1292 -6.63116e-06 0.000334566 12492 3117.4 708.43 99.96 1.36753 0.456179 1.5873e-07 -32.6633 0.488246 1.04987e-07 -107.554 1.26222 -4.67422 1.53176 3.06122e-08 -378.505 -134.089 -38.9868 -2.0755 -0.0876492 1.26812 0.00244974 2.0453 -0.148954 1.12279 0.00270274 1.5 0.454433 0.390181 -0.999683 1
9.22828 1e-07 0.81741 161.75 1e-07 9.23679 1.15862 2.09299 3919.93 1e-07 206.583 32.9399 68.7578 5.1462 9.02365 119389 10476.9 6243.94 1145.55 722.438 186.468 1.5873e-07 -86.2665 0.370503 1.04987e-07 -517.794 2.3138 -41.0639 -4.1027 3.06122e-08 -3365.54 -444.404 -330.213 -51.1563 -50.6562 0.616466 0.0710334 2.7412 0.0569588 1.49923 0.92826 1.5 0.442935 -0.315462 -0.999881 1
6.56964 1e-07 2.28008 69.5081 1e-07 22.1266 11.0267 5.20561 970.416 1e-07 305.94 164.405 133.145 29.6899 11.8916 16614.6 8870.01 5255.78 3330.21 1581.94 698.105 1.5873e-07 -38.0939 0.153811 1.04987e-07 -116.306 7.71511 -65.8582 -30.6753 3.06122e-08 -384.791 -341.565 -289.503 -166.573 -106.395 -1.82273 0.000820189 2.34101 1.51049 1.04541 0.0176888 1.5 0.286973 -0.133809 -0.999521 0.999999
7.05989 1e-07 0.0115678 82.406 1e-07 1.65603 0.0195726 0.00056392 1280.56 1e-07 54.7494 5.64054 0.0974092 -0.00167139 0.000465018 24527.7 5631.62 1491.73 291.762 27.0712 0.374356 1.5873e-07 -48.1365 0.489888 1.04987e-07 -182.453 1.54152 -10.5131 0.717089 3.06122e-08 -727.403 -241.801 -82.4154 -10.4612 -1.4682 1.26234 0.00293981 2.41049 0.102252 1.1241 0.02238 1.5 0.467935 0.132827 -0.998742 1
6.17501 1e-07 0.972939 81.1887 1e-07 6.73629 1.94886 2.84852 1538.36 1e-07 124.509 43.6979 66.5604 9.59402 13.9049 37515.3 9297.48 3194.73 1161.6 493.96 183.086 1.5873e-07 -44.7859 0.347462 1.04987e-07 -206.516 2.33284 -25.1944 -6.27561 3.06122e-08 -1058.29 -392.315 -167.334 -54.841 -37.6954 0.654162 0.00545368 2.02515 -0.148954 1.44751 0.977218 1.5 0.454433 0.933419 -0.999683 1
9.653 1e-07 0.0630769 156.428 1e-07 2.19328 0.0621555 0.0159966 3342.5 1e-07 86.2615 6.79477 1.40327 -0.0172457 0.00959201 87298 16297.5 3147.89 440.886 49.306 1.78571 1.5873e-07 -85.6339 0.482257 1.04987e-07 -455.573 2.13754 -16.3213 0.52999 3.06122e-08 -2530.49 -705.457 -168.837 -16.0695 -2.88691 1.28427 0.103358 2.98339 0.0693485 1.26719 0.213806 1.5 0.414715 0.311948 -0.999921 1
8.90598 1e-07 0.0536623 145.747 1e-07 0.0443533 0.0641098 0.00390006 3285.88 1e-07 25.3492 -0.47463 0.261192 0.00210809 0.00184951 93082.5 10547.6 1349.96 80.5724 -2.56759 0.704119 1.5873e-07 -79.661 0.483651 1.04987e-07 -447.185 2.11576 -4.45013 1.72762 3.06122e-08 -2702.95 -455.386 -70.4967 0.452038 0.106513 1.28433 0.00318501 2.6108 -0.228774 1.45291 0.0211659 1.5 0.572821 0.256939 -0.999722 1
3.44895 1e-07 3.05159 28.8298 1e-07 16.374 11.9294 9.34323 362.245 1e-07 173.105 120.93 114.866 46.0467 28.6276 5986.14 3769.96 2574.81 2323.49 1168.72 704.011 1.5873e-07 -13.7065 0.0395145 1.04987e-07 -34.9334 8.02561 -38.5954 -23.782 3.06122e-08 -112.397 -130.93 -138.16 -115.954 -80.3812 -1.63013 0.00293847 1.36232 1.7492 1.26355 0.0219577 1.5 0.367742 0.0176164 -0.999011 0.999999
5.75531 1e-07 0.0341244 74.5897 1e-07 1.49003 0.0303148 0.00883183 1416.66 1e-07 43.8665 4.40309 0.638976 -0.0266164 0.00949323 34916.7 6466.13 1348.45 217.014 24.9953 0.407581 1.5873e-07 -42.5729 0.486546 1.04987e-07 -195.699 1.25691 -8.51747 0.927915 3.06122e-08 -1014.99 -278.929 -73.4759 -7.55914 -1.45032 1.27563 0.0305528 1.91257 0.0496911 1.48589 0.155429 1.5 0.521543 0.247831 -0.99901 1
10.4067 1e-07 3.20081 190.346 1e-07 44.4543 27.0744 19.7255 4730.44 1e-07 972.922 535.348 658.685 216.972 169.908 146591 58448.1 27801 15990.6 8148.17 5692.6 1.5873e-07 -97.4391 0.0174071 1.04987e-07 -583.445 18.3033 -193.293 -101.222 3.06122e-08 -3812.44 -2408.45 -1427.55 -775.381 -547.476 -32.9495 0.000973279 2.86567 1.53298 1.4841 0.923907 1.5 0.561665 0.15045 -0.999006 0.999999
3.33748 1e-07 2.72013 30.8506 1e-07 7.60726 -2.93195 14.9723 452.432 1e-07 65.7372 -25.3708 88.8767 -11.1101 116.894 8981.12 -1248.4 961.266 -757.409 400.39 -162.203 1.5873e-07 -14.9584 0.0886194 1.04987e-07 -56.8215 -1.81417 -12.8165 8.14004 3.06122e-08 -245.051 47.8017 -43.0661 38.0277 -33.7626 4.17346 0.00214363 -1.06562 1.38155 1.48468 0.903968 1.5 0.253912 -0.148595 -0.999919 0.999999
2.1893 1e-07 0.792629 14.3791 1e-07 2.84878 1.57754 1.88696 157.402 1e-07 26.0244 13.4684 19.8054 6.26544 7.48863 2412.21 727.636 364.946 181.437 108.888 65.9013 1.5873e-07 -8.65214 0.374175 1.04987e-07 -20.9697 1.41694 -5.92144 -1.11322 3.06122e-08 -65.2994 -27.6182 -19.1885 -8.52693 -8.87214 1.26022 0.00217815 -0.0284573 -0.0941959 1.47931 0.886036 1.5 0.441915 0.323311 -0.999839 0.999999
10.4067 1e-07 2.41787 190.346 1e-07 34.4463 18.9583 12.6493 4730.44 1e-07 768.807 385.463 432.834 132.234 95.8494 146591 51213.9 22308 11480.9 5538.33 3726.78 1.5873e-07 -98.6254 0.133399 1.04987e-07 -595.312 13.3102 -152.772 -71.9753 3.06122e-08 -3901.18 -2132.4 -1158.51 -556.338 -369.753 -20.7484 0.000973279 2.86567 1.25152 1.4841 0.923907 1.5 0.561665 0.15045 -0.999006 0.999999
7.02849 1e-07 0.0538554 94.4295 1e-07 1.05806 0.0425666 0.00862976 1767.82 1e-07 40.3571 2.43252 0.937378 0.011501 0.00229156 41833.3 5014.45 1344.69 177.672 15.7504 0.962251 1.5873e-07 -53.4901 0.483623 1.04987e-07 -245.692 1.5923 -7.65498 1.25817 3.06122e-08 -1227.48 -214.915 -72.6344 -5.00867 -1.00478 1.28295 0.0160376 2.29807 -0.0814166 1.35102 0.216659 1.5 0.267163 -0.0748746 -0.999782 0.999999
0.0385502 1e-07 4.83886 0.0606069 1e-07 0.756232 4.34581 39.6242 0.657886 1e-07 0.26997 1.02561 37.9859 66.221 435.105 10.358 -4.60187 2.0013 -0.316421 4.96615 98.3208 1.5873e-07 7.24565 -0.225267 1.04987e-07 0.794752 3.0056 6.93969 -0.440748 3.06122e-08 -0.210039 0.499986 6.0677 4.3494 8.36762 2.61033 0.00384918 -0.128439 1.98377 0.116226 0.959645 1.5 0.579532 -0.166283 -0.999737 0.999999
11.0902 1e-07 4.70823 213.286 1e-07 69.6794 47.6735 37.6021 5542.87 1e-07 1588 982.534 1344.71 485.54 402.511 179027 86976.8 46991.4 30789.4 17086.8 12602.4 1.5873e-07 -106.618 -0.205914 1.04987e-07 -658.936 31.1478 -312.973 -186.762 3.06122e-08 -4461.82 -3535.18 -2367.05 -1488.24 -1142.56 -76.1549 0.00980625 2.98873 1.96378 1.49841 0.94578 1.5 0.629938 0.371407 -0.99873 1
10.7467 1e-07 3.80331 199.104 1e-07 55.5066 29.0128 15.3429 4970.53 1e-07 1230.76 609.626 563.354 136.763 64.565 153941 72744.6 35244.2 19976.3 8044.11 3651.04 1.5873e-07 -101.022 -0.0718515 1.04987e-07 -602.27 18.9672 -245.651 -114.013 3.06122e-08 -3912.95 -3016.22 -1852.72 -966.984 -526.674 -19.4775 0.0171434 2.96123 1.95458 1.4581 0.209309 1.5 0.558172 0.149373 -0.999991 1
4.34372 1e-07 0.168209 34.9629 1e-07 1.10465 0.161589 0.0837173 388.815 1e-07 24.1627 3.36682 3.12208 0.143034 0.0686737 5442.08 1344.92 480.732 117.442 20.6141 3.0455 1.5873e-07 -22.2187 0.466681 1.04987e-07 -58.614 1.04737 -4.84984 1.09652 3.06122e-08 -165.272 -56.5776 -27.147 -3.67425 -1.62946 1.33563 8.44163e-05 1.81374 -0.155466 1.02676 0.379537 1.5 0.261788 0.15045 -0.999041 0.999999
8.53776 1e-07 3.66497 142.308 1e-07 53.1831 29.4253 14.6222 3311.26 1e-07 1146.6 624.846 516.497 147.124 59.887 97353.5 56662.1 31996.8 20020.5 8802.57 4195.15 1.5873e-07 -72.0685 -0.0513567 1.04987e-07 -385.824 18.9053 -229.786 -116.796 3.06122e-08 -2329.07 -2308.96 -1687.15 -971.083 -559.309 -22.8449 0.0678602 2.59857 1.97192 1.49764 0.153339 1.5 0.521233 0.932503 -0.999007 1
9.20361 1e-07 2.74069 157.427 1e-07 43.7114 20.0433 7.8539 3722.36 1e-07 988.963 461.326 306.171 73.1476 23.4004 110795 57533.2 28542.1 15162.6 5847.29 2341.04 1.5873e-07 -81.3501 0.0855734 1.04987e-07 -451.78 13.1412 -197.55 -84.6887 3.06122e-08 -2784 -2391.82 -1523.21 -733.536 -364.944 -11.6204 0.00433426 2.64405 1.64993 1.49763 0.170277 1.5 0.559883 0.909272 -0.999467 1
8.55918 1e-07 1.81055 142.932 1e-07 22.8911 8.76093 3.62458 3330.95 1e-07 477.93 182.557 115.069 21.0042 7.62267 98065.9 33868.3 13194.6 6096.6 1917.98 641.918 1.5873e-07 -75.1942 0.223371 1.04987e-07 -424.326 6.53475 -96.4756 -32.6003 3.06122e-08 -2640.09 -1430.04 -711.392 -292.056 -121.758 -1.64802 0.0688626 2.60439 1.37759 1.49763 0.153339 1.5 0.560039 -0.161435 -0.999514 1
9.99716 1e-07 2.68642 178.923 1e-07 35.6952 15.791 7.31873 4375.97 1e-07 767.498 326.62 246.068 49.457 20.1776 133878 51725.1 21691.1 11003.9 3748.75 1416.91 1.5873e-07 -92.4056 0.0936125 1.04987e-07 -547.284 10.9045 -154.119 -60.0467 3.06122e-08 -3539.29 -2172.51 -1157.61 -529.686 -242.051 -5.98388 0.00212161 2.79208 1.63821 1.48926 0.0904217 1.5 0.33611 -0.148607 -0.999465 0.999999
9.17152 1e-07 2.41126 155.652 1e-07 40.0786 17.1778 6.11198 3646.7 1e-07 917.806 409.372 249.378 56.1219 16.1854 107470 54881.9 26582.3 13482.9 5041.26 1903.77 1.5873e-07 -80.9937 0.134378 1.04987e-07 -446.413 11.3778 -183.198 -74.5933 3.06122e-08 -2721.62 -2289.92 -1423.62 -651.853 -312.066 -9.05144 0.00433426 2.64405 1.54641 1.48683 0.170277 1.5 0.559883 0.961989 -0.999454 1
10.3841 1e-07 3.69516 196.058 1e-07 51.9496 26.7647 14.5022 5042.99 1e-07 1157.59 559.105 517.155 119.595 57.1322 161685 72083.9 33782.8 19160.6 7328.56 3216.38 1.5873e-07 -99.252 -0.0558295 1.04987e-07 -613.876 17.5548 -230.854 -104.424 3.06122e-08 -4153.08 -3001.12 -1775.6 -924.364 -480.418 -16.7668 0.0689172 2.9557 1.98577 1.5 3.73774e-05 1.5 0.585555 -0.0401707 -0.998134 1
4.32281 1e-07 0.0106705 38.4212 1e-07 1.38739 0.0119318 0.000170939 486.971 1e-07 32.2985 4.77143 0.0779789 -9.7497e-05 2.81377e-05 7900.78 1364.18 693.526 168.22 22.2326 0.351113 1.5873e-07 -23.9977 0.49002 1.04987e-07 -71.2847 0.91764 -6.44074 0.864687 3.06122e-08 -234.41 -56.9622 -39.4681 -6.08115 -1.20643 1.26192 0.0026265 1.72526 0.102252 1.16264 0.00332736 1.5 0.296889 -0.311546 -0.998994 1
8.45407 1e-07 3.04417 140.059 1e-07 45.2594 22.7823 10.1064 3243.23 1e-07 984.498 495.905 366.329 96.0133 34.6181 94959.8 52090.5 27607.8 15946.3 6554.95 2860.15 1.5873e-07 -71.8599 0.0406133 1.04987e-07 -386.265 14.7801 -197.394 -91.8808 3.06122e-08 -2331.19 -2144.13 -1467.23 -772.938 -413.128 -14.7691 0.0678602 2.58124 1.79428 1.49763 0.153339 1.5 0.560041 0.906057 -0.999514 1
0.0243901 1e-07 3.80755 0.0325985 1e-07 0.657718 3.77107 14.5238 0.361542 1e-07 0.170429 0.756164 20.8646 26.5713 55.4069 5.69408 -2.53053 1.08357 -0.0171974 2.04476 84.1039 1.5873e-07 5.71725 -0.0724808 1.04987e-07 0.724148 2.60589 2.18333 0.739361 3.06122e-08 -0.10588 0.330695 3.3268 1.66187 -1.44236 2.7858 0.00211596 -0.136649 1.95319 0.0315904 0.00196655 1.5 0.559482 -0.161323 -0.999943 0.999999
8.92407 1e-07 0.0221482 146.751 1e-07 0.445487 0.0234291 0.000555374 3328.38 1e-07 36.9644 0.258756 0.111304 0.000656606 0.0001177 94918 8748.94 1690.56 134.515 -0.273256 0.428257 1.5873e-07 -80.1929 0.48832 1.04987e-07 -452.145 2.06327 -6.70754 1.61155 3.06122e-08 -2749.47 -376.52 -89.188 -1.9938 0.000310029 1.26798 0.000228123 2.60583 -0.148598 1.46125 2.85103e-08 1.5 0.561234 -0.0278263 -0.999737 0.999999
6.87293 1e-07 2.83115 84.6013 1e-07 28.8127 20.1316 16.2029 1422.99 1e-07 448.067 292.107 389.443 154.23 131.479 29937.7 15268.6 8992.65 6127.09 3782.91 3019.93 1.5873e-07 -44.579 0.0721717 1.04987e-07 -168.008 13.7059 -92.9332 -57.1397 3.06122e-08 -709.91 -585.852 -456.661 -303.756 -266.438 -16.8844 0.00534113 2.31822 1.41319 1.23434 0.92022 1.5 0.676293 0.261609 -0.999488 1
9.13792 1e-07 3.55894 135.005 1e-07 46.3002 31.3879 23.5517 2632.56 1e-07 850.95 546.236 746.329 271.44 215.171 62947.5 33382.9 19604.6 13092.8 8020.71 6272.76 1.5873e-07 -69.8188 -0.0356494 1.04987e-07 -310.621 20.9053 -172.601 -105.419 3.06122e-08 -1501.05 -1308.42 -990.266 -645.277 -554.658 -37.0241 0.00931482 2.77111 1.65164 1.23434 0.928213 1.5 0.555863 0.369968 -0.998252 1
2.27767 1e-07 3.67588 15.5603 1e-07 8.73352 3.74084 14.61 177.139 1e-07 62.2291 24.6934 51.1174 29.0125 58.8858 2822.66 19.3235 738.678 50.8284 448.88 263.294 1.5873e-07 -4.95438 -0.052974 1.04987e-07 -16.799 2.54266 -13.3176 -3.28306 3.06122e-08 -61.9818 6.2088 -38.5548 -2.2335 -30.8136 1.64706 0.0710918 -0.20349 1.98268 1.49612 0.106243 1.5 0.441443 -0.0409128 -0.999742 1
7.03095 1e-07 3.05005 88.5148 1e-07 31.518 22.0594 17.5686 1522.94 1e-07 498.042 325.057 428.468 168.272 140.584 32779.7 17182.4 10172.5 7007.42 4251.65 3286.5 1.5873e-07 -46.2657 0.0397426 1.04987e-07 -178.198 14.9057 -103.07 -63.6122 3.06122e-08 -771.012 -660.589 -517.022 -346.993 -298.099 -18.5088 0.00217152 2.34101 1.51049 1.24942 0.880014 1.5 0.560787 0.271034 -0.999521 1
9.40303 1e-07 0.0185918 166.739 1e-07 1.5178 0.00986154 0.00158291 4078.01 1e-07 68.804 4.36121 0.301703 -0.0033454 0.000383433 125174 14175.8 2869.54 355.211 27.0336 0.311951 1.5873e-07 -90.0093 0.488847 1.04987e-07 -547.664 2.09003 -12.8834 0.938 3.06122e-08 -3590.09 -612.494 -152.426 -12.0797 -1.50507 1.26673 0.0713196 2.776 0.0624045 1.49872 0.10423 1.5 0.261746 -0.0942984 -0.997928 1
2.57787 1e-07 0.323699 17.7129 1e-07 0.681295 0.288699 0.105365 189.753 1e-07 8.23692 0.359891 1.69156 0.194188 0.0350355 2725.06 265.629 147.538 -2.26433 7.61242 5.59979 1.5873e-07 -11.4667 0.443646 1.04987e-07 -28.6936 0.755078 -1.82914 1.6083 3.06122e-08 -84.0074 -10.7905 -8.3349 1.28761 -0.645968 1.40896 0.00315413 -1.02774 0.569006 1.23395 0.00651477 1.5 0.537184 -0.00813584 -0.99984 0.999999
7.67312 1e-07 3.46961 116.856 1e-07 35.1519 19.6799 12.2058 2510.69 1e-07 633.805 329.853 301.141 80.0753 43.4758 68659.6 31350.7 15528.8 10051.2 3891.59 1824.55 1.5873e-07 -59.4852 -0.0224151 1.04987e-07 -302.216 13.1304 -129.763 -62.5668 3.06122e-08 -1733.87 -1280.31 -823.655 -487.328 -258.389 -8.31663 0.00152526 2.34036 1.86101 1.48463 0.104898 1.5 0.600287 -0.13971 -0.998821 1
9.16554 1e-07 3.57212 135.485 1e-07 46.4754 31.5171 23.6453 2642.43 1e-07 854.238 548.474 749.308 272.533 216.033 63189.2 33521.6 19681.2 13146.1 8052.59 6298.02 1.5873e-07 -70.0592 -0.0376017 1.04987e-07 -311.774 20.9901 -173.266 -105.858 3.06122e-08 -1506.78 -1313.87 -994.122 -647.913 -556.864 -37.1789 0.00534113 2.77111 1.65164 1.23434 0.928213 1.5 0.579377 0.369968 -0.997501 1
10.673 1e-07 1.69937 203.978 1e-07 29.664 9.90772 3.03001 5288.19 1e-07 735.756 252.989 133.606 21.6333 5.43526 170511 62716.4 23062.2 9120.49 2666.86 781.85 1.5873e-07 -106.314 0.239842 1.04987e-07 -672.508 7.35647 -145.565 -44.919 3.06122e-08 -4588.05 -2673.7 -1237.07 -435.707 -165.159 -2.52937 0.061629 2.99865 1.33778 1.49478 0.0246694 1.5 0.561643 0.278712 -0.997752 1
2.96996 1e-07 0.970794 20.2277 1e-07 3.51873 0.59946 2.82575 203.276 1e-07 33.6856 8.53243 33.6594 2.96853 13.7008 2661.38 486.562 453.804 147.404 140.666 35.9532 1.5873e-07 -12.2234 0.34778 1.04987e-07 -27.9266 0.865342 -7.40839 0.289465 3.06122e-08 -72.4576 -18.3299 -22.4624 -6.27844 -13.0144 1.61046 4.08424e-05 1.32876 -0.169929 1.09745 0.970543 1.5 0.340552 -0.14569 -0.999842 0.999999
8.53775 1e-07 3.02685 142.308 1e-07 45.6578 22.802 9.99275 3311.24 1e-07 1001.64 502.333 368.014 95.648 34.0431 97352.7 53409.6 28271.3 16239.2 6667.2 2891.34 1.5873e-07 -73.0351 0.0431788 1.04987e-07 -394.745 14.7855 -200.639 -92.9589 3.06122e-08 -2392.07 -2200.17 -1502.5 -786.914 -419.474 -14.951 0.0678602 2.59857 1.7891 1.49763 0.153339 1.5 0.560041 0.92728 -0.999514 1
9.56831 1e-07 2.54397 169.86 1e-07 33.8439 14.8982 6.91572 4143.19 1e-07 726.601 308.082 232.526 46.7087 19.0619 126616 48795.7 20516.6 10385.9 3543.61 1338.03 1.5873e-07 -87.8519 0.114716 1.04987e-07 -518.295 10.308 -145.935 -56.5417 3.06122e-08 -3347.39 -2049.47 -1095.06 -499.829 -228.798 -5.57668 0.0573596 2.79208 1.63821 1.48926 0.0904217 1.5 0.336234 -0.148607 -0.999465 1
4.40347 1e-07 0.144065 36.345 1e-07 1.6774 0.252394 0.0622657 415.93 1e-07 32.5241 6.3999 3.35468 0.18182 0.0448531 6002.29 1682.09 621.437 179.75 38.2823 6.85512 1.5873e-07 -22.9741 0.470258 1.04987e-07 -61.6963 1.08482 -6.65065 0.532317 3.06122e-08 -178.608 -70.5136 -35.4492 -6.79394 -2.601 1.29904 8.44163e-05 1.81763 0.00485148 1.04876 0.379537 1.5 0.254147 0.15045 -0.999041 0.999999
7.0395 1e-07 0.0782884 94.899 1e-07 1.11118 0.077972 0.0202993 1783.65 1e-07 40.9964 3.31256 1.44013 0.0159059 0.0114938 42388.5 6745.06 1367.75 197.989 20.2642 1.28434 1.5873e-07 -53.6832 0.480003 1.04987e-07 -247.692 1.61598 -7.79718 1.10575 3.06122e-08 -1243.06 -290.438 -73.8052 -6.04025 -1.32889 1.29522 0.0160376 2.29807 -0.0883323 1.35515 0.259159 1.5 0.531169 0.205147 -0.999514 0.999999
8.52279 1e-07 4.28533 141.905 1e-07 58.2549 41.7991 33.1179 3299.03 1e-07 1226.73 813.975 1038.84 429.481 345.276 96922.6 55642.9 33763.3 23957.6 14189.8 10577.1 1.5873e-07 -70.9225 -0.143262 1.04987e-07 -378.201 27.2293 -243.845 -155.607 3.06122e-08 -2281.93 -2210.29 -1704.63 -1160.87 -934.446 -63.9052 0.0678602 2.59548 1.92097 1.49764 0.939648 1.5 0.577012 0.940326 -0.999007 1
4.6871 1e-07 0.882652 47.5891 1e-07 6.14402 2.65254 2.33724 700.194 1e-07 98.3235 43.2892 56.8809 11.7065 10.3149 13298.4 4901.82 2046.53 912.028 433.654 217.843 1.5873e-07 -27.3957 0.360838 1.04987e-07 -94.5515 2.52173 -20.4228 -6.61757 3.06122e-08 -365.052 -201.169 -108.152 -44.0974 -32.7176 0.357232 8.63158e-06 1.73965 0.00144213 1.2887 0.939498 1.5 0.337012 0.99845 -0.999852 1
4.12263 1e-07 0.0211246 40.6018 1e-07 0.810375 0.0290435 0.00173633 598.073 1e-07 21.6537 2.16169 0.277244 1.27023e-05 0.00102768 11556.8 2296.46 553.35 98.6246 8.49313 0.408313 1.5873e-07 -24.6698 0.488472 1.04987e-07 -86.005 0.923525 -4.24931 1.29286 3.06122e-08 -344.075 -98.2928 -30.7537 -2.76612 -0.49936 1.26756 0.00202532 1.51113 -0.087956 1.35754 0.113123 1.5 0.559054 0.205718 -0.999805 0.999999
