10.9394 1e-07 4.44123 207.035 1e-07 73.8526 48.2205 33.5545 5283.84 1e-07 1764.15 1091.27 1324.76 477.121 339.001 167356 92761.1 53476.4 34947.7 19832 13794.5 1.5873e-07 -103.953 -0.166359 1.04987e-07 -620.802 31.2037 -346.939 -204.984 3.06122e-08 -4058.26 -3759.64 -2719.91 -1689.69 -1288.58 -82.9015 0.0198317 2.98943 1.92142 1.47599 0.914063 1.49999 0.430089 1 0.999998 0.999976
11.25 1e-07 9.84268e-08 217.688 1e-07 1.99618 2.95184e-07 9.68784e-15 5683.92 1e-07 134.878 5.98284 1.18035e-06 4.84294e-14 9.53543e-22 184349 39777 6526.4 674.085 23.9085 5.89982e-06 1.5873e-07 -115.994 0.491601 1.04987e-07 -757.658 2.47964 -24.6858 0.66491 3.06122e-08 -5244.71 -1731.74 -343.18 -25.6463 -1.2854 1.25786 0 3 -0.00031373 1.5 4.0674e-11 1.49997 0.549368 1 0.999999 0.999974
9.80201 1e-07 0.270844 158.484 1e-07 10.2489 1.27431 0.103731 3400.98 1e-07 310.019 61.3421 10.3441 0.718078 0.0497567 89759.6 32252.2 9912.67 2502.94 465.886 62.2936 1.5873e-07 -86.4794 0.451476 1.04987e-07 -453.768 2.45756 -60.0858 -9.05804 3.06122e-08 -2502.5 -1391.44 -537.641 -114.987 -26.6094 1.04817 0.0193382 2.87032 0.494893 1.30851 0.169886 1.49998 0.349194 1 0.999999 0.999957
0.201935 1e-07 4.94845 0.0517915 1e-07 -0.472292 8.8695 41.7931 0.0291764 1e-07 1.09864 -1.98801 59.0788 149.534 475.075 0.230079 0.187268 0.985476 3.67249 -6.98938 46.7343 1.5873e-07 7.16815 -0.241503 1.04987e-07 -0.583961 6.30438 7.66674 -2.49725 3.06122e-08 0.469132 -0.602172 9.48907 10.3912 6.24594 1.3849 8.3644e-05 -0.434982 1.99493 0.112047 0.984432 1.49999 0.44126 1 0.999982 0.999993
3.37727 1e-07 0.779051 31.1289 1e-07 3.78832 1.85825 1.82025 452.038 1e-07 51.8863 22.2312 34.028 7.29025 7.08149 8850.25 2808.11 1042.13 422.641 191.404 92.0655 1.5873e-07 -18.0862 0.376186 1.04987e-07 -61.4132 1.82463 -11.0077 -2.72226 3.06122e-08 -247.624 -115.742 -54.5444 -20.0562 -15.8236 1.08378 0.00236235 -1.11628 0.189507 1.46078 0.862794 1.49998 0.490561 1 0.999997 0.999985
7.86179 1e-07 0.279417 110.144 1e-07 9.086 1.26966 0.116392 2104.06 1e-07 236.03 52.7114 10.0239 0.787453 0.0621087 50207.5 19688.7 6661.02 1874.19 391.195 59.0716 1.5873e-07 -61.5539 0.450206 1.04987e-07 -282.255 2.0841 -46.5019 -7.62293 3.06122e-08 -1390.1 -845 -365.505 -86.6837 -22.5383 1.07032 0.0109705 2.49235 0.494893 1.30851 0.190379 1.49995 0.349194 1 0.999995 0.999957
10.0351 1e-07 2.51823 172.526 1e-07 45.7499 19.1722 6.48303 3984.67 1e-07 1072.78 482.568 297.03 62.3982 16.7342 113954 61271.7 30895.3 15700 6075.77 2266.08 1.5873e-07 -89.8099 0.11853 1.04987e-07 -486.434 12.5805 -213.57 -87.7705 3.06122e-08 -2852.77 -2549.84 -1654.53 -760.656 -375.843 -11.1495 0.0253917 2.88118 1.6049 1.39166 0.0271512 1.49998 0.532919 1 0.999999 0.999976
3.09944 1e-07 0.942017 27.3785 1e-07 4.97463 2.85492 2.69879 389.394 1e-07 63.8071 32.8108 47.1346 13.6324 12.9313 7562.46 2742.68 1203.53 583.365 314.416 185.819 1.5873e-07 -15.7136 0.352043 1.04987e-07 -51.096 2.3761 -13.6643 -4.98222 3.06122e-08 -203.4 -110.143 -62.461 -28.4709 -24.4528 0.542141 0.024231 -0.93553 -0.0110014 1.49844 0.97944 1.49998 0.490963 1 1 0.999975
0.296559 1e-07 3.76191 0.126242 1e-07 -0.449315 6.25102 26.6638 0.33665 1e-07 1.68624 -1.65316 50.4241 90.4617 262.362 4.71337 2.31483 2.7911 6.03582 -4.70431 20.5338 1.5873e-07 5.19315 -0.0657184 1.04987e-07 -0.622602 4.48727 4.77108 -0.924963 3.06122e-08 0.580915 -0.602555 7.87964 6.01833 0.485763 1.90387 0.00174555 -0.53007 1.6787 0.110317 0.974638 1.49998 0.545714 1 0.999981 0.999978
10.2791 1e-07 0.00495855 183.076 1e-07 1.78367 0.0148517 0.00327472 4400.28 1e-07 116.775 5.09131 0.066683 0.0163735 0.00392468 131314 30324.8 5282.79 568.514 19.5471 0.406612 1.5873e-07 -98.7832 0.490867 1.04987e-07 -592.019 2.27888 -21.405 0.806822 3.06122e-08 -3757.45 -1319.44 -279.026 -21.2686 -1.05949 1.25815 0.0189963 2.89413 -0.0203186 1.43478 6.1174e-05 1.49997 0.489599 1 0.999991 0.999974
5.41642 1e-07 1.00077 32.3613 1e-07 7.13611 2.7889 3.00465 210.589 1e-07 94.1392 52.2885 82.2698 13.956 15.0349 1478.57 1456.98 1151.2 778.85 485.223 274.023 1.5873e-07 -21.4 0.343338 1.04987e-07 -29.3003 2.71763 -20.1484 -8.1543 3.06122e-08 -15.9534 -48.3493 -59.4192 -39.2326 -39.8788 0.075634 3.2738e-05 2.29677 -0.0309655 0.375997 0.99991 1.49999 0.936174 1 0.999998 0.999973
2.51384 1e-07 4.85044 6.94448 1e-07 1.85885 -6.45287 40.2874 22.1823 1e-07 -1.30361 5.51741 212.903 -3.70404 448.977 105.506 88.7985 34.3257 8.91099 3.81104 -182.623 1.5873e-07 0.38372 -0.226983 1.04987e-07 -3.17099 -4.07339 7.32945 4.74344 3.06122e-08 -5.24801 -1.92262 33.3372 -3.2626 -23.7357 5.52106 0.0175029 -1.57258 1.99924 0.213391 0.966574 1.49999 0.561131 1 0.999996 0.999986
10.7038 1e-07 4.84752 201.3 1e-07 77.6712 53.7715 40.282 5132.72 1e-07 1826.43 1183.79 1526.28 584.544 448.953 162926 92348.4 54945.1 37623.6 22216.3 16372.1 1.5873e-07 -100.373 -0.22655 1.04987e-07 -596.088 34.7763 -359.04 -223.509 3.06122e-08 -3902.47 -3715.74 -2770.83 -1817.37 -1449.54 -99.2859 0.01754 2.9372 1.99924 1.49252 0.966574 1.49999 0.397467 1 0.999996 0.999967
2.36632 1e-07 4.84135 16.7268 1e-07 10.0096 8.77154 39.5197 196.319 1e-07 63.0507 54.9363 142.558 142.438 432.447 3215 358.064 674.166 95.5118 808.614 973.261 1.5873e-07 -3.85305 -0.225636 1.04987e-07 -18.0212 6.00406 -9.66789 -11.7985 3.06122e-08 -73.5275 0.24801 -21.0223 -1.422 -53.9882 -3.77707 8.3644e-05 -0.434982 1.98105 1.47551 0.957699 1.49999 0.553601 1 0.999999 0.999991
6.88119 1e-07 2.8082 116.604 1e-07 43.5236 29.3108 21.3059 2863.96 1e-07 1003.76 639.049 795.684 300.508 223.707 89404.2 50640.4 29884.9 20263.5 11700.9 8343.86 1.5873e-07 -59.173 0.0755718 1.04987e-07 -334.08 19.1171 -197.953 -119.923 3.06122e-08 -2144.91 -2040.25 -1514.34 -978.952 -762.072 -49.8071 0.4508 2.90536 1.99905 1.49716 0.922279 1.5 0.569774 1 1 0.999988
2.92374 1e-07 2.98362 10.7716 1e-07 -0.582285 0.326433 9.07136 48.1364 1e-07 -7.83008 5.35702 43.483 19.0676 27.6731 271.688 167.514 15.7252 -28.2165 24.3463 -25.4959 1.5873e-07 -4.80546 0.0495835 1.04987e-07 -10.6559 0.950772 3.44329 1.72662 3.06122e-08 -14.6777 -5.13618 7.55078 2.4513 -8.37378 2.96302 0.0199978 -1.6605 1.74252 0.424527 0.0410928 1.49998 0.561481 1 1 0.999977
3.97817 1e-07 0.941226 33.3804 1e-07 8.73623 4.38957 2.5572 363.46 1e-07 128.554 69.2166 58.1127 19.1787 11.2569 4787.99 3176.36 2068.99 1260.42 718.768 452.313 1.5873e-07 -19.7744 0.35216 1.04987e-07 -45.9327 3.3937 -27.261 -11.8473 3.06122e-08 -100.616 -119.161 -114.436 -62.8896 -47.954 -1.07268 0.708061 2.79884 0.765269 0.579867 0.799715 1.49998 0.907827 1 0.999999 0.999976
9.9151 1e-07 0.00827778 173.841 1e-07 2.04405 0.0248401 0.00696664 4137.2 1e-07 119.807 6.2962 0.124501 0.0348331 0.0102626 122625 29004.5 5238.07 602.533 26.2086 0.732243 1.5873e-07 -94.0291 0.490375 1.04987e-07 -556.866 2.18286 -22.0851 0.6035 3.06122e-08 -3506.58 -1261.76 -277.334 -23.0886 -1.42572 1.25794 0.0267476 2.83608 0.00202426 1.44305 0.0200907 1.49997 0.542808 1 0.999998 0.999976
7.26878 1e-07 1.95589 122.87 1e-07 33.7409 15.0722 5.65624 2968.09 1e-07 804.028 373.423 247.747 56.0817 16.9293 90707 48120.4 24220.8 12741.2 4976.86 1958.9 1.5873e-07 -63.8998 0.20184 1.04987e-07 -360.503 9.90185 -159.634 -67.7063 3.06122e-08 -2274.79 -2004.22 -1288.5 -615.186 -308.785 -9.63619 0.390622 2.88196 1.7367 1.47657 0.0244235 1.49998 0.548596 1 1 0.999979
4.74806 1e-07 0.214934 70.5479 1e-07 2.48402 0.6448 0.194446 1657.59 1e-07 60.24 10.3611 3.02091 0.972228 0.293423 51073.7 11600.2 2152.88 334.092 61.8547 19.4584 1.5873e-07 -38.9356 0.459759 1.04987e-07 -221.491 1.38383 -11.951 -0.308195 3.06122e-08 -1450.31 -502.475 -115.429 -13.9313 -3.72043 1.25657 0.711579 2.943 -0.00031373 1.5 0.0246713 1.49998 0.549368 1 0.999999 0.999955
10.5044 1e-07 4.8147 195.948 1e-07 76.1165 52.7768 39.5856 4970.93 1e-07 1776.76 1152.05 1476.95 568.165 435.917 157245 89323.5 53187.9 36515.1 21480.1 15752.5 1.5873e-07 -97.6881 -0.221688 1.04987e-07 -576.632 34.1409 -349.55 -217.687 3.06122e-08 -3761.79 -3592.06 -2683.83 -1764 -1401.53 -95.4854 0.0211303 2.90536 1.99905 1.49716 0.956789 1.49999 0.569774 1 1 0.999988
10.8503 1e-07 2.21519 206.217 1e-07 40.3139 20.1638 10.8609 5308.84 1e-07 1026.38 497.221 463.487 136.673 77.3862 170055 72366 32726.5 16315.8 7735.42 4612.4 1.5873e-07 -106.819 0.163424 1.04987e-07 -663.213 13.8476 -201.525 -91.1509 3.06122e-08 -4451.62 -3029.14 -1709.93 -787.703 -493.824 -25.9809 0.0169147 2.95929 1.20052 1.49696 0.899873 1.49996 0.365184 1 0.999971 0.999986
9.69954 1e-07 2.63982 169.55 1e-07 45.5866 19.7765 7.0231 4055.82 1e-07 1070.51 485.496 301.679 66.6741 18.6915 121439 63708.9 31586.1 16289.7 6185.52 2343.98 1.5873e-07 -87.7647 0.100517 1.04987e-07 -493.888 12.9379 -213.009 -88.5516 3.06122e-08 -3055.22 -2655.83 -1687.41 -787.323 -382.44 -11.5891 0.00868324 2.75461 1.63143 1.47544 0.00221307 1.49998 0.396831 1 0.999996 0.999992
4.62999 1e-07 0.00176291 49.0065 1e-07 1.90278 0.00521584 0.000367501 764.542 1e-07 53.8873 5.59151 0.0418598 0.00183716 0.000330489 15530.2 5299.57 1436.44 265.726 21.9785 0.113925 1.5873e-07 -29.2881 0.49134 1.04987e-07 -107.771 0.948289 -10.5054 0.727752 3.06122e-08 -448.187 -228.878 -79.5633 -10.3388 -1.18792 1.25819 0.00368042 -1.66644 0.015625 1.36447 0.0292327 1.49998 0.426112 1 0.999997 0.999982
1.24885 1e-07 3.84613 2.28404 1e-07 -1.56984 3.16296 15.9385 10.456 1e-07 0.32802 -0.0539823 35.7951 44.4131 68.0852 130.82 67.0006 33.491 -2.90969 13.874 -30.434 1.5873e-07 2.89707 -0.078196 1.04987e-07 -4.00409 2.6206 3.76044 1.1521 3.06122e-08 -4.17931 -2.84424 4.16806 3.23238 -4.76404 3.13969 0.0471026 -1.07483 1.99934 0.210036 0.175742 1.49999 0.402658 1 0.999999 0.999957
1.71659 1e-07 2.61137 8.3125 1e-07 0.92406 0.678623 19.7521 85.3952 1e-07 15.6707 6.74105 53.6535 32.1668 207.813 1326.92 594.467 256.446 99.6986 42.9268 -28.469 1.5873e-07 -2.42267 0.104731 1.04987e-07 -12.3158 0.811111 0.517961 0.509492 3.06122e-08 -35.2276 -23.893 -6.49594 -2.95359 -4.88977 2.51646 0.492306 -1.07483 1.99934 0.210036 0.923966 1.49999 0.549252 1 0.999999 0.999957
11.1563 1e-07 2.13457 214.009 1e-07 38.9702 19.4943 10.732 5538.98 1e-07 1001.56 483.937 463.823 137.274 80.3207 178065 72532 32185.9 15821.6 7621.59 4765.04 1.5873e-07 -110.946 0.175368 1.04987e-07 -695.175 13.5434 -196.401 -88.6199 3.06122e-08 -4691.37 -3039.54 -1679 -763.704 -487.83 -26.9115 0 2.98781 1.10084 1.49309 0.960583 1.49999 0.512275 1 0.999999 0.999973
0.214084 1e-07 4.93504 0.0658229 1e-07 -0.496553 8.75129 41.2104 0.102767 1e-07 1.1214 -1.98345 58.4595 146.63 461.806 1.32329 0.696063 1.2985 3.68674 -6.73535 45.3791 1.5873e-07 7.12304 -0.239515 1.04987e-07 -0.627001 6.22596 7.57081 -2.408 3.06122e-08 0.444106 -0.622776 9.36834 10.185 5.89161 1.44657 0.000489062 -0.4441 1.99847 0.125948 0.971332 1.49999 0.44126 1 0.999983 0.999993
11.2145 1e-07 3.7395 216.381 1e-07 64.0873 39.3561 26.1574 5632.95 1e-07 1576.45 916.432 1056.19 366.813 253.441 182130 91933.8 49146 29758.1 16271.8 11192.4 1.5873e-07 -109.681 -0.0623983 1.04987e-07 -677.472 25.7324 -309.441 -171.133 3.06122e-08 -4555.61 -3771.26 -2517.33 -1437.71 -1052.24 -66.5589 0.00172126 2.99819 1.6787 1.49694 0.963008 1.49999 0.545714 1 1 0.999978
7.56601 1e-07 2.79099 133.483 1e-07 45.1154 29.2714 20.5739 3356.41 1e-07 1071.02 658.439 801.713 292.964 213.313 106533 57484 32602.6 21105.6 12004.2 8517.17 1.5873e-07 -67.9091 0.0781216 1.04987e-07 -397.257 19.1372 -210.751 -123.08 3.06122e-08 -2605.31 -2334.47 -1658.35 -1019.51 -779.704 -50.6588 0.397259 2.97262 1.86917 1.49441 0.956789 1.49999 0.579379 1 1 0.999989
1.70771 1e-07 0.124574 8.24906 1e-07 1.9648 0.372215 0.0802744 85.1843 1e-07 21.4951 7.05329 1.66464 0.40134 0.093233 1326.34 596.106 265.564 123.15 37.2863 10.0901 1.5873e-07 -6.14826 0.473146 1.04987e-07 -11.0316 0.520985 -4.89756 0.346363 3.06122e-08 -32.6618 -23.9617 -16.427 -5.48478 -2.21827 1.26603 0.492306 -1.07483 0.139651 0.163168 0.00878744 1.49999 0.482545 1 0.999995 0.999957
2.43683 1e-07 0.0234012 17.5425 1e-07 2.06504 0.0702779 0.0136381 207.917 1e-07 29.7589 6.53796 0.526141 0.0681935 0.0206522 3415.7 1458.33 532.905 152.923 28.3877 1.86954 1.5873e-07 -11.6306 0.488134 1.04987e-07 -29.1393 0.471852 -6.39256 0.546353 3.06122e-08 -94.2462 -61.5441 -31.1079 -6.40404 -1.60427 1.25963 0.0469285 -0.617447 -0.00461901 1.43694 0.0966875 1.49994 0.555305 1 0.999994 0.999878
5.81286 1e-07 0.465417 88.1803 1e-07 5.43084 1.46431 0.724343 1986.66 1e-07 126.723 37.1754 27.8111 3.83542 2.03636 57543.2 14182.1 3990.19 1192.58 376.744 125.949 1.5873e-07 -48.1841 0.422651 1.04987e-07 -263.987 2.00008 -25.205 -5.09023 3.06122e-08 -1618.78 -607.84 -213.063 -55.46 -24.8866 0.754852 0.517012 2.73378 0.0273661 1.46738 0.792285 1.49998 0.559554 1 1 0.999975
0.11026 1e-07 0.946177 0.375666 1e-07 1.92991 2.74218 2.71694 4.13594 1e-07 1.39255 5.97795 32.3625 13.1356 13.03 65.1113 28.9509 12.3209 7.89912 25.4812 53.4014 1.5873e-07 1.09578 0.351427 1.04987e-07 1.64952 1.81458 -0.997819 -0.477432 3.06122e-08 -1.45275 0.475333 4.37309 -0.411021 -6.28578 1.30379 0.0241974 -0.163524 0.215776 0.174531 0.957459 1.49998 0.506107 1 0.999982 0.99996
7.37445 1e-07 4.43583 111.052 1e-07 52.4058 39.9994 33.512 2377.07 1e-07 1002.27 701.666 888.508 404.175 338.57 64994.3 39861.1 25473.2 19342 11729.3 8935.13 1.5873e-07 -54.9304 -0.165558 1.04987e-07 -263.618 26.1094 -201.114 -135.964 3.06122e-08 -1466.43 -1550.13 -1282.94 -939.293 -775.432 -54.0232 0.0210771 2.28947 1.92142 1.4977 0.914063 1.49999 0.430089 1 0.999998 0.999976
0.695514 1e-07 0.00142674 0.782136 1e-07 1.88963 0.00424279 4.51571e-05 1.22786 1e-07 8.14243 5.50839 0.0169421 0.000225733 3.58519e-05 3.47068 8.54028 23.0795 40.2205 21.4054 0.0848403 1.5873e-07 -1.40716 0.49139 1.04987e-07 1.78593 0.0323316 -2.51905 0.74188 3.06122e-08 3.34288 1.15328 -2.55741 -2.02356 -1.15286 1.25819 0.000528514 -0.76171 0.0365955 0.338362 0.000907971 1.49996 0.406652 1 0.999992 0.999973
7.41855 1e-07 1.46695 106.425 1e-07 20.1385 10.3549 6.06398 2130.23 1e-07 411.032 206.836 202.938 64.0265 39.5718 53898.9 22818.9 10612 5381.24 2769.52 1802.31 1.5873e-07 -57.3928 0.274275 1.04987e-07 -270.783 7.58087 -82.8269 -37.8217 3.06122e-08 -1412.59 -939.823 -559.404 -262.779 -182.534 -9.20641 0.0462937 2.3932 0.75937 1.39356 0.976183 1.49994 0.42048 1 0.999994 0.999873
8.39939 1e-07 1.09461 122.826 1e-07 16.6829 7.03058 3.49793 2428.11 1e-07 365.546 158.703 140.334 34.8443 18.14 59657.3 23158 9713.38 4319.32 1976.28 1138.04 1.5873e-07 -66.8981 0.329437 1.04987e-07 -316.684 5.71893 -73.1883 -28.0837 3.06122e-08 -1608.49 -967.267 -517.229 -209.562 -129.703 -5.14644 0.0204956 2.61208 0.524881 1.30581 0.915519 1.49995 0.428119 1 0.999997 0.999976
11.1749 1e-07 0.0374169 215.911 1e-07 2.29547 0.109213 0.00473402 5632.91 1e-07 138.41 9.11538 1.40102 0.0231209 0.00147978 182575 39135.5 6560.81 760.526 50.7461 2.73096 1.5873e-07 -115.016 0.486058 1.04987e-07 -750.552 2.51779 -25.4813 0.106454 3.06122e-08 -5192.47 -1702.86 -345.273 -29.9765 -2.95375 1.26329 0.00796471 2.99969 -0.00940436 1.49947 0.190087 1.49998 0.431637 1 0.999999 0.999977
8.95755 1e-07 0.00394508 146.656 1e-07 2.39205 0.0119561 0.00200556 3300.06 1e-07 117.602 7.84471 0.0528702 0.0100279 0.00250793 93167.4 23714.1 4694.17 615.055 34.3067 0.311811 1.5873e-07 -80.228 0.491017 1.04987e-07 -446.442 1.92642 -21.903 0.352198 3.06122e-08 -2666.28 -1030.9 -250.26 -24.2539 -1.85117 1.2582 0.0106616 2.63585 0.03591 1.44297 0.000819165 1.49997 0.500303 1 0.999995 0.999976
6.13133 1e-07 1.89442 98.0063 1e-07 29.8393 17.1947 10.3115 2312.26 1e-07 682.433 383.156 393.285 130.013 78.8471 69806.3 37088.1 20058.2 12073.2 6195.44 3757.22 1.5873e-07 -50.9679 0.210946 1.04987e-07 -277.537 11.4002 -135.379 -70.7788 3.06122e-08 -1725.39 -1517.64 -1040.15 -584.584 -398.983 -21.2162 0.520505 2.85633 1.7364 1.47852 0.78004 1.49998 0.549112 1 1 0.999975
9.21708 1e-07 2.14825 158.635 1e-07 37.4835 14.8931 4.70467 3775 1e-07 883.863 372.769 204.046 42.0984 10.3668 113059 56147.3 26232.7 12635.8 4466.11 1551.77 1.5873e-07 -82.8172 0.173341 1.04987e-07 -465.883 9.9672 -175.909 -67.3411 3.06122e-08 -2893.33 -2355.38 -1407.69 -609.354 -273.521 -6.97632 0.0177618 2.66346 1.47622 1.49969 0.0527322 1.49997 0.530088 1 0.999995 0.999955
5.2193 1e-07 0.19581 80.2152 1e-07 2.41791 0.587417 0.177119 1897.77 1e-07 64.901 9.87158 2.75328 0.885595 0.267329 58298.1 13225.3 2416.21 352.793 57.9559 17.7256 1.5873e-07 -44.0728 0.462592 1.04987e-07 -253.871 1.45793 -12.7255 -0.205062 3.06122e-08 -1657.63 -573.389 -129.18 -14.4947 -3.47589 1.25669 0.647915 2.9055 -0.00599507 1.4972 0.0246713 1.49998 0.549422 1 0.999999 0.999955
5.91157 1e-07 1.67854 92.7968 1e-07 25.8247 14.4233 8.4665 2172.8 1e-07 586.071 318.216 313.529 103.216 61.9358 65488.9 33159.1 17211.5 9963.43 4990.03 2989.83 1.5873e-07 -48.594 0.242928 1.04987e-07 -263.7 9.68593 -116.434 -58.5179 3.06122e-08 -1642.53 -1363.37 -896.364 -482.312 -320.668 -16.5149 0.524354 2.77467 1.59238 1.49979 0.802363 1.49998 0.563078 1 1 0.999977
5.64634 1e-07 0.199483 84.7103 1e-07 5.7224 0.743756 0.0699695 1907.03 1e-07 155.228 30.3437 4.27768 0.384069 0.0425921 55525.8 18026.4 5079.08 1202.18 209.868 26.3196 1.5873e-07 -46.7575 0.462048 1.04987e-07 -252.827 1.43519 -30.4313 -3.67187 3.06122e-08 -1546.84 -778.782 -275.034 -54.81 -11.8783 1.21666 0.517012 2.65475 0.483371 1.4948 0.0163815 1.49994 0.409043 1 0.999994 0.999988
8.54561 1e-07 0.00305276 124.925 1e-07 2.21551 0.00917858 0.00200266 2457.06 1e-07 107.564 7.01203 0.0413343 0.0100132 0.00250804 59914.3 17433.5 3876.45 551.035 29.6546 0.251985 1.5873e-07 -69.7273 0.491149 1.04987e-07 -338.101 1.84093 -20.0493 0.491062 3.06122e-08 -1729.87 -756.98 -208.387 -21.4839 -1.59965 1.25803 0.0106383 2.63531 0.0197711 1.29168 0.00112113 1.49997 0.50049 1 0.999995 0.999988
8.57889 1e-07 0.270844 129.802 1e-07 9.44102 1.23511 0.103731 2666.51 1e-07 263.997 55.2264 9.6266 0.701147 0.0497567 68248 25176.2 8002.98 2112.64 411.841 57.5296 1.5873e-07 -71.589 0.451476 1.04987e-07 -356.298 2.20193 -51.5867 -8.02415 3.06122e-08 -1897.47 -1084.05 -436.195 -97.3226 -23.5842 1.07545 0.0193382 2.62665 0.494893 1.34328 0.169886 1.49998 0.349194 1 0.999997 0.999957
6.79254 1e-07 0.457147 116.086 1e-07 3.1838 1.37147 1.30151 2884.66 1e-07 93.2248 15.9742 8.41771 6.50742 6.18188 91090.4 20573.8 3721.1 548.164 121.749 71.3541 1.5873e-07 -62.3655 0.423876 1.04987e-07 -384.163 2.32075 -17.9387 -1.56623 3.06122e-08 -2586.58 -892.115 -197.17 -22.9687 -7.62301 1.01903 0.480748 2.95929 0.024618 1.49696 0.0165414 1.49997 0.974657 1 0.999982 0.999986
8.0228 1e-07 3.20485 127.772 1e-07 47.2268 31.6915 22.6989 2790.2 1e-07 1003.02 648.581 820.279 309.884 229.252 75769.6 44024 26762.6 18035.1 11112.8 8424.31 1.5873e-07 -65.3781 0.0168093 1.04987e-07 -325.357 20.7937 -199.846 -122.673 3.06122e-08 -1783.13 -1747.15 -1356.78 -879.569 -734.266 -50.1817 0.262251 2.87541 1.74591 1.34423 0.985344 1.49998 0.956162 1 0.999999 0.999976
10.4644 1e-07 0.00392569 194.74 1e-07 1.9312 0.0117759 0.00235136 4932.13 1e-07 123.279 5.73199 0.0524687 0.0117568 0.0023773 155831 34338.6 5764.76 611.179 22.8281 0.314829 1.5873e-07 -104.367 0.49102 1.04987e-07 -659.521 2.30952 -22.6252 0.701959 3.06122e-08 -4440.43 -1494.57 -303.808 -23.1627 -1.23404 1.25815 0.0191692 2.89467 -0.00686695 1.49861 0.00183184 1.49997 0.449674 1 0.999999 0.999966
11.1555 1e-07 0.373153 215.428 1e-07 13.4234 1.80132 0.142575 5618.17 1e-07 442.761 86.901 14.0559 0.972045 0.0573305 182029 58391.5 16374.4 3937.27 700.491 91.0755 1.5873e-07 -114.259 0.436319 1.04987e-07 -735.418 2.91981 -85.1071 -13.5252 3.06122e-08 -5044.62 -2527.95 -877.004 -181.736 -39.7667 0.939573 0.0101575 2.99999 0.610692 1.499 0.032037 1.49998 0.541662 1 0.999999 0.999914
4.16131 1e-07 0.238252 44.6065 1e-07 0.313261 0.556056 0.0603042 734.963 1e-07 14.1253 1.48517 2.05092 0.26383 0.0207309 16109.1 3544.22 527.404 17.2949 11.5563 8.09502 1.5873e-07 -26.2197 0.456305 1.04987e-07 -104.409 1.33725 -2.66649 1.23009 3.06122e-08 -478.007 -152.833 -27.9417 0.899475 -0.860569 1.34377 0.0191852 -1.40101 0.486843 1.49529 0.00821104 1.49998 0.545896 1 0.999999 0.999985
9.8024 1e-07 1.13603 151.51 1e-07 22.3895 8.3475 3.08475 3055.46 1e-07 528.955 212.451 147.726 32.5827 12.5257 75020.6 33279.4 14428.2 6224.49 2553.5 1195.89 1.5873e-07 -81.999 0.323301 1.04987e-07 -395.645 6.56933 -105.164 -37.6609 3.06122e-08 -1992.77 -1395.85 -775.565 -301.351 -161.908 -5.41015 0.0250446 2.91685 0.803572 1.22 0.710812 1.49998 0.74427 1 0.999999 0.999989
11.1482 1e-07 0.952941 214.095 1e-07 12.6664 2.8894 2.72429 5550.73 1e-07 339.134 102.282 113.463 13.7671 12.9804 178808 38964.7 11757.6 3750 1380.82 519.453 1.5873e-07 -112.763 0.350425 1.04987e-07 -727.792 3.7348 -66.1555 -16.4953 3.06122e-08 -4999.77 -1671.2 -616.917 -176.311 -93.6657 -1.34201 0.000159939 2.98516 0.00359081 1.49616 0.976183 1.49999 0.958286 1 0.999999 0.999956
7.79434 1e-07 0.274263 120.463 1e-07 9.07857 1.16284 0.0757562 2624.61 1e-07 247.98 51.6848 7.45177 0.472621 0.0210558 72744.6 25432.8 7751.62 2003.7 372.861 46.8899 1.5873e-07 -66.15 0.45097 1.04987e-07 -348.067 1.99395 -48.5835 -7.39467 3.06122e-08 -2018.09 -1096.54 -421.505 -92.3247 -21.1128 1.14111 0.008632 2.37038 0.524881 1.49127 0.00815294 1.49998 0.35306 1 0.999999 0.999985
10.1272 1e-07 0.000218864 178.517 1e-07 2.02343 0.000656622 0.000189411 4262.35 1e-07 122.184 6.1078 0.00306438 0.000947056 0.000279042 126682 29882 5375.97 612.596 24.5905 0.0195261 1.5873e-07 -96.488 0.491569 1.04987e-07 -573.578 2.21672 -22.4876 0.643974 3.06122e-08 -3622.27 -1300.05 -284.522 -23.4187 -1.32247 1.25786 0.000727276 2.83608 0.00202426 1.44552 0.000695836 1.49997 0.542808 1 0.999999 0.999976
5.59867 1e-07 2.60598 67.882 1e-07 33.5706 20.3446 10.4516 1158.54 1e-07 580.893 369.598 340.867 105.572 44.8266 24885.4 18073.9 12521 8962.82 4909.59 2681.33 1.5873e-07 -35.3898 0.105531 1.04987e-07 -124.4 13.2248 -119.994 -69.8897 3.06122e-08 -497.365 -688.838 -661.194 -444.54 -320.489 -14.1937 0.390958 2.50219 1.99986 1.21955 0.192199 1.49999 0.614531 1 0.999999 0.999978
11.0436 1e-07 0.00412446 212.748 1e-07 2.25798 0.0124023 0.00195451 5541.01 1e-07 140.369 7.22081 0.0544298 0.00977255 0.00172693 179356 39427.9 6648.4 722.603 30.8627 0.315196 1.5873e-07 -113.43 0.49099 1.04987e-07 -738.449 2.42191 -25.796 0.455318 3.06122e-08 -5099.65 -1716.41 -350.091 -28.0481 -1.6662 1.25829 0.0208562 2.99744 0.0208566 1.49877 0.00358136 1.49997 0.420395 1 0.999999 0.999957
7.37597 1e-07 2.15539 124.565 1e-07 36.3468 17.097 6.93038 2999 1e-07 855.451 413.321 293.674 70.7461 23.7137 91330.5 49437.8 25532.5 13939.9 5663.85 2362.23 1.5873e-07 -64.5304 0.172284 1.04987e-07 -361.749 11.1648 -169.989 -75.3879 3.06122e-08 -2271.38 -2050.94 -1354.57 -673.751 -353.489 -12.0558 0.366761 2.85637 1.78919 1.47852 0.167111 1.49998 0.549112 1 1 0.999977
10.0931 1e-07 0.00763716 168.213 1e-07 1.94909 0.0229107 0.00688083 3718.91 1e-07 119.347 5.84958 0.107181 0.0344041 0.0103833 101072 25918.3 4992.44 593.226 23.7218 0.690406 1.5873e-07 -91.7414 0.49047 1.04987e-07 -505.154 2.22962 -21.9496 0.678141 3.06122e-08 -2908.16 -1126.99 -265.173 -22.5415 -1.28937 1.25782 0.0251806 2.92221 -0.00599507 1.32529 0.00160033 1.49998 0.549368 1 0.999999 0.999955
9.79471 1e-07 0.274223 157.427 1e-07 10.6397 1.23226 0.0757105 3357.1 1e-07 318.647 62.4449 8.5407 0.491532 0.0210202 88052.4 32317.2 10090.6 2558.94 459.67 53.681 1.5873e-07 -85.9828 0.450976 1.04987e-07 -447.683 2.39893 -61.8208 -9.21396 3.06122e-08 -2450.4 -1394.15 -548.122 -117.585 -25.959 1.10228 0.008632 2.85574 0.524881 1.30581 0.00701302 1.49995 0.349194 1 0.999999 0.999957
10.1907 1e-07 1.11086 169.306 1e-07 18.7606 7.25699 3.65374 3716.69 1e-07 459.358 187.108 167.097 37.5808 19.7312 100083 34700.4 13523.4 5643.72 2471.99 1423.91 1.5873e-07 -90.7144 0.32703 1.04987e-07 -485.388 6.14913 -90.7417 -32.9098 3.06122e-08 -2734.32 -1463.6 -716.062 -271.955 -161.088 -6.80516 0.0211303 2.9403 0.460852 1.31022 0.956789 1.49998 0.569774 1 0.999999 0.999957
4.06679 1e-07 0.746576 48.4036 1e-07 6.84286 2.52751 1.58525 912.494 1e-07 130.379 42.9489 16.3223 8.07707 6.50559 22898.1 9234.78 3399.21 1165.99 353.05 124.575 1.5873e-07 -27.0323 0.380997 1.04987e-07 -119.219 2.2405 -26.5587 -6.52551 3.06122e-08 -620.002 -391.462 -186.576 -55.2162 -21.2167 0.860267 0.671783 2.39184 0.712345 1.43694 0.0490128 1.49994 0.928569 1 0.999994 0.99998
10.7334 1e-07 0.00151546 196.466 1e-07 1.93978 0.00450497 0.000532725 4837.21 1e-07 126.861 5.77457 0.0375645 0.00266346 0.000660992 147662 33703.2 5829.74 630.712 23.0458 0.106665 1.5873e-07 -105.563 0.491377 1.04987e-07 -648.936 2.36645 -23.2548 0.697699 3.06122e-08 -4217.52 -1466.7 -307.594 -23.9196 -1.24471 1.25808 0.00285216 2.94379 -0.00599507 1.44628 0.0277751 1.49998 0.499062 1 0.999999 0.999956
4.54368 1e-07 4.85045 50.1988 1e-07 11.8685 -6.45286 40.2874 834.399 1e-07 83.1907 -34.5799 296.126 -3.704 448.977 18246.4 -1673.3 965.493 -1946.44 414.994 -205.742 1.5873e-07 -22.3528 -0.226983 1.04987e-07 -104.709 -4.30314 -13.2275 11.3802 3.06122e-08 -512.379 64.4044 -12.009 91.0769 -60.7569 5.65192 0.0175029 -1.57258 1.99924 1.45311 0.966574 1.49999 0.561352 1 0.999999 0.999986
10.0436 1e-07 1.58468 181.109 1e-07 26.5379 12.4327 6.82736 4466.93 1e-07 658.343 299.803 279.399 79.2661 46.261 137889 49957.9 20581.3 9380.72 4402.61 2736.74 1.5873e-07 -95.1387 0.256834 1.04987e-07 -569.792 9.20119 -129.656 -54.3332 3.06122e-08 -3699.29 -2101.24 -1079.23 -452.904 -283.576 -14.7053 0.00201559 2.79539 0.77183 1.49836 0.995057 1.49998 0.999892 1 0.999999 0.999999
2.70672 1e-07 0.0023692 20.0728 1e-07 2.02 0.0071077 0.000859442 234.956 1e-07 32.6972 6.11403 0.0305031 0.0042972 0.000523985 3711.93 1647.93 605.342 164.298 24.7493 0.171162 1.5873e-07 -13.2215 0.49125 1.04987e-07 -33.3991 0.49353 -6.87767 0.640528 3.06122e-08 -103.048 -69.8918 -35.2263 -6.73209 -1.33444 1.25818 0.0192677 -0.994468 -0.00377984 1.31405 0.00242376 1.49995 0.349194 1 0.999997 0.999957
2.34342 1e-07 2.31482 16.4666 1e-07 6.02658 4.35015 17.386 192.752 1e-07 46.78 31.4593 67.1692 62.5246 186.339 3157.31 826.166 601.782 159.192 413.325 449.257 1.5873e-07 -7.52816 0.148664 1.04987e-07 -22.2184 3.17551 -8.54667 -5.63981 3.06122e-08 -78.7865 -26.8825 -26.7691 -6.19208 -27.6662 -0.96185 0.523785 -0.44418 1.90054 1.49969 0.973122 1.49994 0.523869 1 0.999999 0.999954
2.41814 1e-07 0.00242594 6.80596 1e-07 2.03374 0.0073282 1.88176e-05 21.6727 1e-07 29.178 6.17836 0.0872875 9.46949e-05 1.21379e-06 76.6667 151.886 204.87 146.415 25.0935 0.149263 1.5873e-07 -6.75379 0.491242 1.04987e-07 -2.84844 0.425521 -6.27202 0.629836 3.06122e-08 8.80152 -4.94428 -14.9458 -6.07177 -1.36301 1.25839 1.42996e-05 -1.52215 -0.00461901 0.318128 0.0490128 1.49994 0.408745 0.999999 0.999994 0.999878
8.75886 1e-07 3.84422 157.197 1e-07 59.3613 40.7436 30.31 3910.91 1e-07 1377.78 889.292 1141.64 434.462 331.232 121730 68877.6 40941 27802.2 16514 12207.6 1.5873e-07 -78.8995 -0.077913 1.04987e-07 -455.488 26.4659 -271.317 -167.578 3.06122e-08 -2916.6 -2769.39 -2066.78 -1344.46 -1078.67 -73.5396 0.250516 2.96237 1.96389 1.46929 0.973382 1.49999 0.985793 1 1 0.999975
4.48771 1e-07 1.38035 62.3653 1e-07 15.7811 8.75456 5.38789 1380.6 1e-07 335.469 175.453 159.837 54.2322 32.8259 40398.1 19406.7 9615.74 5255.44 2565.94 1491.24 1.5873e-07 -33.056 0.287105 1.04987e-07 -169.645 6.08113 -67.1519 -31.7546 3.06122e-08 -1028.06 -800.58 -504.573 -254.54 -164.311 -7.31829 0.708061 2.7723 1.43402 1.49314 0.799715 1.49998 0.915376 1 0.999998 0.999986
2.26151 1e-07 0.022306 15.2692 1e-07 2.13161 0.0674265 0.0108729 171.096 1e-07 28.517 6.82183 0.469495 0.0543855 0.0145625 2674.06 1218.28 478.485 148.619 29.79 1.73599 1.5873e-07 -10.3333 0.488297 1.04987e-07 -23.7957 0.424355 -6.21501 0.500493 3.06122e-08 -72.2374 -51.0403 -28.2418 -6.32277 -1.67016 1.25995 0.0469285 -0.44418 -0.0481562 1.43694 0.0870184 1.49994 0.523869 1 0.999994 0.999881
4.58494 1e-07 1.20988 50.6242 1e-07 0.63866 1.49767 1.4851 838.16 1e-07 -5.22325 6.27557 11.8765 4.80196 1.82919 18225.6 1694.99 -48.0277 -254.937 35.6696 24.5309 1.5873e-07 -28.1247 0.31236 1.04987e-07 -118.639 2.07385 0.740453 0.372729 3.06122e-08 -550.605 -69.8725 5.06237 12.7598 -3.71036 1.75628 0.0156062 -1.59368 1.10698 1.44296 0.0271512 1.49998 0.429407 1 0.999997 0.999976
4.61276 1e-07 0.0199373 51.0464 1e-07 2.95549 0.0643034 0.000822101 846.11 1e-07 71.5481 10.7461 0.297831 0.00421632 0.000375318 18410.7 6442.27 1870.54 406.768 51.9321 1.50959 1.5873e-07 -30.1617 0.488648 1.04987e-07 -117.001 0.911867 -14.2012 -0.148071 3.06122e-08 -522.746 -277.577 -103.85 -17.2526 -2.83019 1.26055 0.00387816 -1.59368 -0.136234 1.44296 0.0271512 1.49998 0.429407 1 0.999997 0.999976
3.90808 1e-07 0.764188 45.5361 1e-07 6.79438 2.64077 1.63354 853.618 1e-07 125.602 43.5829 18.0405 8.44888 6.57874 21528.1 8654.68 3229.17 1153.13 368.817 135.56 1.5873e-07 -25.4617 0.378388 1.04987e-07 -111.161 2.28643 -25.6946 -6.68593 3.06122e-08 -581.221 -365.94 -177.159 -54.8122 -22.3494 0.802413 0.671783 2.26133 0.721052 1.47927 0.208761 1.49999 0.928569 1 1 0.99998
5.28791 1e-07 0.196144 82.4755 1e-07 2.41848 0.588421 0.177388 1976.78 1e-07 65.7122 9.87771 2.75788 0.886937 0.267682 61421.3 13775.4 2483.18 356.867 58.0118 17.7547 1.5873e-07 -45.2037 0.462543 1.04987e-07 -264.132 1.47457 -12.8674 -0.206463 3.06122e-08 -1745.62 -597.383 -132.606 -14.6467 -3.47949 1.2567 0.649154 2.943 -0.00599507 1.49921 0.0246713 1.49998 0.549368 1 0.999999 0.999955
6.5223 1e-07 0.00231044 87.951 1e-07 1.85248 0.0067666 0.000392466 1693.92 1e-07 75.0137 5.38883 0.0574209 0.00196119 0.000351825 41794.5 11702.4 2556.91 368.047 21.0185 0.142453 1.5873e-07 -49.8565 0.491259 1.04987e-07 -233.427 1.39356 -14.1611 0.760743 3.06122e-08 -1204.98 -507.774 -138.126 -14.0367 -1.13873 1.25834 0.00384109 -2.11521 0.0189335 1.4369 0.0354419 1.49994 0.427515 1 0.999994 0.999978
2.21727 1e-07 1.26463 14.7209 1e-07 3.50513 3.33555 2.08756 162.62 1e-07 28.7734 22.4681 16.5623 9.78733 4.85651 2511.33 819.539 386.904 199.38 178.834 113.731 1.5873e-07 -8.1347 0.304249 1.04987e-07 -20.9452 2.61109 -6.84585 -3.32459 3.06122e-08 -67.1436 -29.0391 -21.3982 -10.2459 -11.7908 1.20145 0.279045 -0.377205 1.18952 1.43609 0.024396 1.49996 0.935257 1 0.999998 0.999977
5.04452 1e-07 1.04604 39.5055 1e-07 15.3861 8.48097 4.66875 350.285 1e-07 213.807 144.852 177.411 56.8155 33.9011 3590.15 3217.98 2820.07 2286.06 1717.78 1510.8 1.5873e-07 -24.0153 0.336632 1.04987e-07 -38.9062 6.04652 -45.8256 -26.6826 3.06122e-08 -31.156 -99.8485 -147.033 -117.406 -121.934 -7.69155 0.516826 2.82902 1.01082 0.1745 0.973841 1.49995 0.426763 1 0.999998 0.999985
10.8097 1e-07 1.52757 201.834 1e-07 32.8918 10.3532 2.57399 5089.85 1e-07 874.764 307.219 137.915 23.0221 4.7144 159505 69631.3 28262.1 11251.2 3484.61 1012.13 1.5873e-07 -105.807 0.265294 1.04987e-07 -644.314 7.47438 -171.801 -54.21 3.06122e-08 -4223.27 -2962.84 -1515.77 -538.246 -209.841 -3.96921 0.00373675 2.94333 1.22225 1.47602 0.196773 1.49999 0.430156 1 0.999999 0.999991
8.51545 1e-07 3.89355 148.432 1e-07 58.5588 41.104 31.267 3588.16 1e-07 1322.36 873.353 1145.89 446.807 348.534 108555 62839.9 38225.7 26553.7 16155 12234.2 1.5873e-07 -74.4722 -0.0852214 1.04987e-07 -414.705 26.7185 -261.021 -165.165 3.06122e-08 -2568.96 -2509.23 -1923.2 -1285.77 -1059.64 -73.8975 0.251078 2.91796 1.97522 1.44965 0.98574 1.49999 0.985677 1 0.999999 0.999984
2.95685 1e-07 0.906337 24.9117 1e-07 4.73073 2.7461 2.49745 337.896 1e-07 58.7893 30.597 44.2824 12.6123 11.51 6257.91 2379.59 1066.61 525.122 284.654 168.5 1.5873e-07 -14.4303 0.357329 1.04987e-07 -44.3037 2.28365 -12.68 -4.56424 3.06122e-08 -167.071 -94.9335 -55.3359 -25.6767 -22.4002 0.635604 0.024151 -0.912688 -0.0110014 1.46333 0.960596 1.49998 0.488359 1 1 0.999975
6.48431 1e-07 2.21967 102.509 1e-07 34.7241 17.8029 7.89324 2354.32 1e-07 773.937 403.749 311.562 81.0326 29.1845 68917.2 39871.6 22060.3 13083 5650.73 2535.55 1.5873e-07 -53.0564 0.162761 1.04987e-07 -278.511 11.5664 -154.683 -74.2109 3.06122e-08 -1666.07 -1634.65 -1167.35 -634.242 -355.809 -13.1748 0.440316 2.77049 1.9292 1.46286 0.0342045 1.49999 0.555723 1 0.999999 0.999985
5.01311 1e-07 0.488143 73.161 1e-07 5.73733 1.63987 0.92017 1636.61 1e-07 125.198 40.9632 34.6774 5.34864 3.43432 47434.6 12029.5 3786.45 1270.43 462.251 185.367 1.5873e-07 -40.111 0.419284 1.04987e-07 -216.179 1.91554 -25.0895 -5.81236 3.06122e-08 -1325.3 -513.163 -201.73 -59.7969 -30.6495 0.406332 0.66382 2.89857 0.0704044 1.43788 0.922397 1.49999 0.549512 1 0.999999 0.999978
10.4848 1e-07 0.236959 178.45 1e-07 9.95855 1.03777 0.0771634 4004.44 1e-07 323.775 57.3237 7.14533 0.467515 0.0773378 110074 37767.6 10942 2541.01 415.396 44.4661 1.5873e-07 -96.6405 0.456496 1.04987e-07 -533.56 2.47094 -62.3076 -8.27956 3.06122e-08 -3078.94 -1633.4 -590.979 -115.798 -23.3724 1.13374 0.0250198 2.99341 0.474643 1.31743 0.0597241 1.49999 0.743539 1 0.999999 0.999966
2.21597 1e-07 0.0221988 14.6634 1e-07 2.12928 0.0670945 0.0107814 161.063 1e-07 27.9215 6.80809 0.467977 0.0539276 0.0144368 2467.95 1146.45 459.218 145.46 29.6972 1.72565 1.5873e-07 -9.98906 0.488313 1.04987e-07 -22.3693 0.413679 -6.1098 0.502896 3.06122e-08 -66.2471 -47.919 -27.1967 -6.20049 -1.66498 1.25995 0.0465231 -0.435062 -0.0481562 1.42304 0.0870184 1.49994 0.523869 1 0.999993 0.999881
9.31146 1e-07 0.658409 138.542 1e-07 16.7383 3.65828 0.592909 2712 1e-07 415.584 120.672 37.5061 4.64782 0.677332 64989 29003.4 11455.6 3968.22 1085.83 245.502 1.5873e-07 -76.0845 0.394059 1.04987e-07 -356.493 3.5609 -82.315 -20.0076 3.06122e-08 -1750.5 -1234.34 -627.346 -188.545 -64.2884 0.170501 0.00204782 2.79539 0.77183 1.22952 0.248971 1.49998 0.999892 1 0.999998 0.999977
2.8752 1e-07 3.69348 22.3997 1e-07 4.8494 3.12066 15.0086 274.017 1e-07 16.7355 15.9768 59.8302 42.1333 62.9296 4510.93 -79.7265 80.5581 -599.121 132.208 189.185 1.5873e-07 -8.94185 -0.0555808 1.04987e-07 -35.5955 2.51916 -3.01118 -1.51047 3.06122e-08 -134.228 8.99721 2.84092 28.5943 -15.5874 1.83379 0.0683922 -1.07483 1.98046 1.32885 0.174689 1.49999 0.402658 1 0.999999 0.999957
4.51385 1e-07 0.124699 36.5939 1e-07 2.31931 0.374156 0.070912 346.896 1e-07 56.6857 8.72752 1.67892 0.354555 0.0677111 3846.18 2433.78 1127.07 304.369 46.5103 9.87943 1.5873e-07 -23.2838 0.473127 1.04987e-07 -52.8478 1.15092 -11.2435 0.0687632 3.06122e-08 -105.854 -103.095 -64.5902 -12.5172 -2.71636 1.26793 0.647915 2.943 0.00788907 0.13654 0.0514042 1.49998 0.437027 1 0.999982 0.999955
0.31551 1e-07 2.79528 0.290349 1e-07 -0.5947 5.96954 7.89549 2.02106 1e-07 1.77674 -2.80385 20.7309 32.6435 22.3363 30.9643 14.0755 7.84678 6.26393 -11.1634 55.1471 1.5873e-07 3.62525 0.0774861 1.04987e-07 -1.05959 4.30435 1.21893 -0.0746231 3.06122e-08 -0.211011 -1.44696 2.7673 2.30897 -1.47947 2.11705 0.0114951 -0.514783 1.68039 0.167371 0.0253844 1.49998 0.542552 1 0.999999 0.999976
10.2554 1e-07 0.205809 170.822 1e-07 9.39324 0.89088 0.0431195 3755.65 1e-07 304.307 52.6103 5.83601 0.272425 0.00931274 101226 34965.8 10150.4 2337.71 371.279 36.1708 1.5873e-07 -92.8731 0.461111 1.04987e-07 -501.714 2.35412 -58.5814 -7.4336 3.06122e-08 -2834.94 -1512.15 -548.993 -106.209 -20.7997 1.16581 0.0193382 2.94976 0.455416 1.30851 0.00770862 1.49998 0.349194 1 0.999999 0.999957
7.35979 1e-07 0.861584 107.146 1e-07 10.1092 3.68146 2.23817 2197.02 1e-07 221.418 83.9051 79.3337 15.8242 9.69657 57277.9 17448.2 6185.66 2363.97 970.214 468.22 1.5873e-07 -58.5485 0.363959 1.04987e-07 -290.879 3.58789 -44.2772 -13.914 3.06122e-08 -1588.98 -737.697 -328.881 -113.156 -65.4399 -1.15155 0.0117388 2.31004 0.189507 1.44367 0.912714 1.49998 0.490561 1 0.999997 0.999978
7.91029 1e-07 2.27832 140.913 1e-07 35.4665 19.9427 12.2355 3552.42 1e-07 858.244 459.066 468.55 153.069 96.1965 112842 53449 26621.8 14792.5 7513.36 4727.29 1.5873e-07 -72.5848 0.154072 1.04987e-07 -434.877 13.348 -169.102 -84.7548 3.06122e-08 -2879.46 -2212.5 -1380.68 -714.958 -482.465 -26.8974 0.352982 2.95929 1.48096 1.49696 0.899873 1.49998 0.974657 1 0.999982 0.999986
10.252 1e-07 0.234504 170.611 1e-07 10.0507 1.03679 0.0558722 3746.83 1e-07 319.037 57.7342 7.0135 0.358373 0.0135741 100864 35468.5 10533.4 2506.39 416.757 43.7774 1.5873e-07 -92.7284 0.45686 1.04987e-07 -499.805 2.40959 -61.5389 -8.34714 3.06122e-08 -2818.33 -1532.9 -570.136 -114.411 -23.4225 1.13777 0.0193382 2.94976 0.486482 1.30719 0.00770862 1.49998 0.349194 1 0.999999 0.999955
10.1642 1e-07 3.04761 185.408 1e-07 53.0354 24.3672 9.43559 4616.81 1e-07 1276.88 602.035 408.034 94.3741 29.2429 143661 76547.6 38776.3 20745.1 8136.62 3253.48 1.5873e-07 -95.0589 0.0401032 1.04987e-07 -557.844 15.7449 -253.134 -110.283 3.06122e-08 -3593.97 -3186.33 -2059.33 -1001.62 -505.424 -16.9735 0.0186792 2.84235 1.7607 1.49529 0.000354343 1.49998 0.54115 1 1 0.999986
10.8933 1e-07 0.387553 202.415 1e-07 13.568 1.87911 0.154577 5048.94 1e-07 432.908 88.0489 14.7601 1.05514 0.0658079 155895 52423.6 15369 3843.31 710.758 95.5812 1.5873e-07 -107.925 0.434186 1.04987e-07 -662.606 2.90318 -83.4748 -13.7509 3.06122e-08 -4317.64 -2266.73 -825.845 -177.815 -40.4275 0.921012 0.0188919 2.99504 0.623546 1.44549 0.0271512 1.49999 0.532919 1 0.999998 0.999997
4.68231 1e-07 1.07461 69.7227 1e-07 17.8192 7.75132 2.88442 1650.89 1e-07 424.45 193.36 127.505 28.6445 8.74052 51318.7 26569.1 13085.2 6748.74 2602.36 1015.82 1.5873e-07 -37.1584 0.332399 1.04987e-07 -202.187 5.27939 -84.2836 -34.1947 3.06122e-08 -1297.76 -1109.97 -695.382 -324.851 -161.118 -4.35046 0.727349 2.98682 1.77119 1.5 0.0246713 1.49998 0.54886 1 1 0.999955
11.1656 1e-07 1.56529 214.197 1e-07 34.2587 10.7581 2.68273 5542.73 1e-07 930.995 324.494 146.099 24.2391 4.97971 178124 76722.7 30768.5 12143.4 3726.65 1077.43 1.5873e-07 -111.908 0.259707 1.04987e-07 -701.28 7.74547 -182.406 -57.278 3.06122e-08 -4723.92 -3268.59 -1647.2 -580.283 -224.237 -4.33756 0 2.98982 1.23599 1.49216 0.193915 1.49999 0.557363 1 1 0.999978
5.92992 1e-07 0.0627959 90.1767 1e-07 2.20357 0.18842 0.0225886 2017.69 1e-07 73.8325 7.56616 0.812964 0.112942 0.013629 57734.2 14235.3 2768.35 383.478 36.1656 4.53212 1.5873e-07 -49.879 0.482298 1.04987e-07 -272.282 1.35845 -14.1655 0.33213 3.06122e-08 -1649.46 -617.944 -148.243 -15.2641 -2.0468 1.2663 0.517012 2.79328 0.0109825 1.43765 0.0267756 1.49994 0.347386 1 0.999994 0.999956
10.6983 1e-07 1.52695 195.399 1e-07 32.6956 10.3371 2.56831 4801.77 1e-07 854.553 303.649 137.215 22.9446 4.69048 146318 65250.3 26990.7 10878.8 3423.41 1002.27 1.5873e-07 -102.714 0.265386 1.04987e-07 -607.843 7.45092 -168.162 -53.6102 3.06122e-08 -3862.99 -2772.03 -1449.99 -521.174 -206.429 -3.91242 0.00373675 2.9395 1.22225 1.44545 0.19519 1.49999 0.430156 1 0.999999 0.999978
7.19768 1e-07 0.279408 90.4454 1e-07 8.72133 1.2539 0.116385 1539.54 1e-07 207.906 49.584 9.71704 0.779926 0.0621026 32615.1 14196.7 5290.14 1616.12 360.833 56.6204 1.5873e-07 -51.5938 0.450208 1.04987e-07 -207.962 1.94399 -41.3836 -7.0966 3.06122e-08 -894.307 -605.931 -293.474 -75.0523 -20.8545 1.08433 0.0109705 2.40148 0.494893 1.2188 0.190379 1.49995 0.347985 1 0.999995 0.999956
7.58824 1e-07 3.84018 63.8788 1e-07 50.2787 38.1613 27.139 582.893 1e-07 642.358 571.632 898.442 360.234 263.141 5720.84 7207.4 8162.71 8363.05 7811.64 7618.52 1.5873e-07 -34.7147 -0.0773147 1.04987e-07 -34.7472 25.0186 -138.23 -113.402 3.06122e-08 79.3603 -155.036 -368.835 -433.822 -568.938 -46.136 0.0236295 2.7454 1.74252 0.424527 0.942911 1.49998 0.562506 1 1 0.999977
6.34875 1e-07 2.37557 105.294 1e-07 37.6969 25.0249 18.1703 2573.14 1e-07 872.945 550.395 684.12 257.929 193.019 80350.5 44761 26092.4 17479.6 10083.9 7238.08 1.5873e-07 -53.8808 0.139666 1.04987e-07 -302.034 16.3943 -172.108 -102.949 3.06122e-08 -1940.31 -1807.28 -1323.21 -844.187 -656.498 -43.0297 0.516981 2.91311 1.95632 1.49984 0.944257 1.49999 0.431567 1 0.999999 0.999956
9.10565 1e-07 1.00077 87.4551 1e-07 10.7415 2.72387 3.00465 882.455 1e-07 189.842 83.7379 115.1 13.6308 15.0349 9323.44 6088.78 3404.11 1781.4 892.282 415.708 1.5873e-07 -52.0324 0.343338 1.04987e-07 -126.469 3.27807 -38.9331 -13.3238 3.06122e-08 -237.415 -240.748 -181.041 -86.9652 -67.6568 -0.720218 3.2738e-05 2.99672 -0.0309655 0.354292 0.99991 1.49999 0.936174 1 0.999998 0.999973
10.8635 1e-07 0.22532 203.76 1e-07 10.0057 1.00159 0.0548091 5146.8 1e-07 346.827 58.1638 6.95779 0.355225 0.0142487 161195 49360.3 12931.7 2777.49 426.235 43.3137 1.5873e-07 -108.736 0.458221 1.04987e-07 -678.965 2.53044 -66.358 -8.4038 3.06122e-08 -4501.84 -2139.98 -692.656 -126.302 -23.9304 1.13522 0.0250198 2.99071 0.474239 1.46294 0.0594225 1.49998 0.322441 1 0.999999 0.999957
3.48767 1e-07 1.06611 33.4044 1e-07 2.95104 1.51534 3.11591 505.528 1e-07 33.2991 13.5922 34.2838 8.83022 14.3739 10331.5 2208.22 668.555 195.146 114.743 60.2478 1.5873e-07 -18.8529 0.333659 1.04987e-07 -69.6481 1.66846 -7.00795 -1.01699 3.06122e-08 -298.999 -91.61 -32.9412 -8.58716 -11.5956 1.42411 0.00236235 -1.11628 0.621715 1.49818 0.825476 1.49998 0.542701 1 0.999997 0.999984
5.04687 1e-07 1.07863 77.6725 1e-07 11.6692 5.76126 3.59542 1860.76 1e-07 264.231 119.469 104.199 32.5892 20.3904 58027 20421.5 8200.69 3640.29 1680.71 1025.12 1.5873e-07 -41.3182 0.331804 1.04987e-07 -237.507 4.39933 -52.5093 -20.9036 3.06122e-08 -1560.67 -859.583 -431.506 -175.305 -107.517 -4.475 0.684254 2.97697 0.765269 1.49857 0.987442 1.49998 0.925305 1 0.999999 0.999975
2.76813 1e-07 1.41598 22.3451 1e-07 2.34951 2.95574 2.03902 294.396 1e-07 13.6075 15.9987 14.6839 8.33136 2.93981 5343.16 782.698 169.982 -40.3312 118.662 79.0358 1.5873e-07 -12.2056 0.281827 1.04987e-07 -40.9547 2.55392 -3.51608 -1.95843 3.06122e-08 -159.07 -28.7238 -8.44556 1.4039 -8.35207 1.51307 0.0206004 -0.76171 1.20095 1.48284 0.000898843 1.49996 0.406652 1 0.999992 0.999998
8.40795 1e-07 1.61906 148.684 1e-07 27.3437 13.8641 7.86107 3684.7 1e-07 669.636 328.141 318.578 97.6382 59.2593 114950 46603.7 20812.1 10337.5 5075.05 3254.63 1.5873e-07 -77.8699 0.251741 1.04987e-07 -463.266 9.76827 -131.977 -59.8515 3.06122e-08 -3027.96 -1947.8 -1086.48 -499.625 -326.273 -17.9561 0.248417 2.86303 1.04513 1.49879 0.985344 1.49998 0.524681 1 0.999995 0.999998
8.93157 1e-07 2.77365 141.048 1e-07 44.4455 20.9944 8.29883 3029.46 1e-07 949.987 471.642 328.245 80.6249 26.3921 81162.7 46583.6 25305.1 14168.6 6019.11 2550.53 1.5873e-07 -73.4431 0.0806907 1.04987e-07 -362.272 13.6938 -191.148 -86.9273 3.06122e-08 -1967.68 -1909.49 -1354.17 -690.514 -377.938 -12.9203 0.0101036 2.66349 1.65882 1.38043 0.220671 1.49995 0.39416 1 0.999998 0.999957
10.2496 1e-07 2.16061 173.82 1e-07 41.1874 15.7255 4.71018 3926.17 1e-07 973.548 410.897 227.556 43.7864 10.3532 109341 57223.6 27835.5 13304 4908.86 1690.92 1.5873e-07 -91.2649 0.17151 1.04987e-07 -485.418 10.5318 -193.752 -74.1048 3.06122e-08 -2770.51 -2391.96 -1497.99 -644.046 -301.371 -7.78863 0.000813904 2.9008 1.4689 1.357 0.0671187 1.49997 0.515575 1 0.999991 0.999974
8.61501 1e-07 0.0274813 87.1882 1e-07 2.05099 0.0823788 0.0205902 969.383 1e-07 103.431 6.59116 0.440138 0.10295 0.0284164 11688 6776.7 2613.41 521.994 29.393 2.34231 1.5873e-07 -52.6424 0.48753 1.04987e-07 -146.976 1.92 -19.2336 0.532729 3.06122e-08 -344.228 -292.152 -145.52 -20.1183 -1.64038 1.25881 0.0897806 3 -0.00269534 0.492788 0.0541146 1.49997 0.525672 1 0.999998 0.999955
9.18409 1e-07 2.88861 157.644 1e-07 44.2516 25.7728 16.0257 3743.01 1e-07 997.296 552.868 564.148 194.411 123.824 111881 55643.5 28841 16800.7 8665.32 5472.78 1.5873e-07 -81.195 0.0636583 1.04987e-07 -453.673 17.1194 -198.067 -103.371 3.06122e-08 -2810.5 -2282.44 -1498.48 -814.974 -559.895 -31.4851 0.0161786 2.655 1.47622 1.49969 0.867417 1.49998 0.521154 1 0.999997 0.999999
9.98489 1e-07 3.97514 166.038 1e-07 61.8809 41.5059 29.5341 3680.48 1e-07 1329.9 860.524 1093.27 410.809 303.144 100608 58580.5 35649.3 24046.3 14816.7 11238.8 1.5873e-07 -84.5774 -0.0973087 1.04987e-07 -428.671 27.1096 -264.627 -163.122 3.06122e-08 -2366.37 -2325.69 -1806.14 -1172.76 -979.147 -67.5062 0.0115037 2.87541 1.74591 1.34423 0.985344 1.49998 0.445094 1 0.999982 0.999977
8.47387 1e-07 0.274223 124.13 1e-07 9.76855 1.19731 0.0757105 2455.45 1e-07 265.675 55.9242 7.96003 0.481891 0.0210202 60347.3 23423.8 7768.19 2104.72 403.358 49.8131 1.5873e-07 -68.8465 0.450976 1.04987e-07 -328.64 2.12796 -52.073 -8.1154 3.06122e-08 -1672.28 -1007.4 -425.207 -97.0632 -22.8355 1.12436 0.008632 2.61208 0.524881 1.30581 0.00701302 1.49995 0.349194 1 0.999997 0.999957
8.51563 1e-07 0.238004 147.257 1e-07 8.02204 0.958565 0.10029 3504.2 1e-07 256.778 45.5685 6.26194 0.566597 0.0892122 103798 33199 9066.61 2026.55 330.108 38.7504 1.5873e-07 -79.477 0.456341 1.04987e-07 -464.21 2.09271 -49.4871 -6.29087 3.06122e-08 -2900.84 -1437.28 -487.714 -92.2446 -18.6489 1.16552 0.278536 2.99281 0.470116 1.40631 0.0814936 1.49998 0.514607 1 0.999999 0.999958
0.866193 1e-07 0.00168086 1.16274 1e-07 2.06224 0.00508093 0.000315075 2.47803 1e-07 10.5355 6.29055 0.0391806 0.00157552 0.000257923 13.8815 17.3901 35.2799 53.1106 25.6104 0.11372 1.5873e-07 -1.83838 0.491352 1.04987e-07 1.69192 0.0605521 -3.03679 0.612081 3.06122e-08 4.00303 0.977571 -3.5589 -2.61343 -1.38274 1.25815 0.00380223 -0.863958 -0.0174205 0.338362 0.0274344 1.49996 0.406652 1 0.999992 0.999973
9.69421 1e-07 0.271918 155.63 1e-07 10.1837 1.27437 0.104723 3320.55 1e-07 305.752 60.8356 10.2998 0.721678 0.0509043 87200.5 31468.3 9716.58 2465.79 461.277 61.9879 1.5873e-07 -85.0173 0.451317 1.04987e-07 -443.18 2.43708 -59.3034 -8.97369 3.06122e-08 -2430.6 -1357.33 -527.297 -113.312 -26.3537 1.05047 0.019647 2.85153 0.494893 1.30851 0.169886 1.49998 0.423031 1 0.999999 0.999978
6.65932 1e-07 1.28608 65.6179 1e-07 17.5934 8.662 4.58376 748.086 1e-07 293.973 164.847 165.022 47.1989 25.8928 9551.04 7190.97 4996.54 3214.75 1944.52 1393.9 1.5873e-07 -37.9676 0.301071 1.04987e-07 -93.78 6.39469 -61.1184 -29.9554 3.06122e-08 -186.394 -267.915 -269.574 -161.291 -131.975 -6.70007 0.352982 2.95929 0.812205 0.554481 0.899873 1.49998 0.974657 1 0.999982 0.999975
10.8571 1e-07 4.34234 206.407 1e-07 71.4862 46.9814 33.3608 5315.08 1e-07 1713.36 1059.16 1296.61 475.657 347.748 170297 92089.4 52366 34038.2 19385 13782.2 1.5873e-07 -103.692 -0.151709 1.04987e-07 -627.064 30.4811 -336.67 -199.031 3.06122e-08 -4159.77 -3738.88 -2661.06 -1644.42 -1259.46 -82.8829 0.0163797 2.95955 1.86917 1.49716 0.956789 1.49999 0.569805 1 1 0.999984
