0.00813827 0.911322 
0.24742 0.259099 
0.648396 -0.451038 
0.416604 0.149623 
0.835493 -0.66221 
0.618676 -0.127304 
0.0238983 0.831969 
0.429553 0.00267155 
0.216737 0.428169 
0.18318 0.667018 
0.22128 0.395961 
0.442072 -0.0912807 
0.62191 -0.181052 
0.0392404 0.767579 
0.414183 0.180392 
0.628631 -0.282382 
0.22584 0.364396 
0.411541 0.217236 
0.196526 0.580457 
0.643961 -0.432754 
0.824944 -0.488194 
0.82869 -0.55522 
0.447507 -0.112592 
0.409359 0.243843 
0.838582 -0.698829 
0.432086 -0.0199603 
0.419223 0.116985 
0.453567 -0.121973 
0.625131 -0.232295 
0.833835 -0.638847 
4.6601e-07 1.00302 
0.623437 -0.206752 
0.435425 -0.0479096 
0.63202 -0.326001 
0.438983 -0.0684458 
0.201275 0.546157 
0.630203 -0.303822 
0.851933 -0.771535 
0.190816 0.62053 
0.620315 -0.15525 
0.826242 -0.513155 
0.831091 -0.598395 
0.256149 0.245789 
0.827418 -0.53524 
0.633993 -0.349242 
0.836937 -0.680712 
0.0829992 0.672175 
0.0467244 0.741564 
0.235268 0.306167 
0.845392 -0.753991 
0.823727 -0.464423 
0.842681 -0.735345 
0.241925 0.282681 
0.211772 0.46634 
0.626833 -0.25653 
0.638158 -0.391384 
0.832417 -0.618681 
0.206088 0.508985 
0.0315986 0.798996 
0.0544692 0.71616 
0.016042 0.870143 
0.640537 -0.410902 
0.636335 -0.372178 
0.069164 0.683177 
0.230933 0.337481 
0.0626357 0.694974 
0.0765696 0.67438 
0.424092 0.0603907 
0.426544 0.0329067 
0.840416 -0.717959 
0.421964 0.0868155 
0.82975 -0.576426 
0.639463 -0.402714 
0.829843 -0.578445 
0.644301 -0.434289 
0.437941 -0.065973 
0.205583 0.513698 
0.848282 -0.758593 
0.219581 0.419074 
0.0170697 0.865001 
0.0431193 0.763176 
0.431548 -0.0157968 
0.0349495 0.78466 
0.415961 0.157894 
0.452858 -0.121189 
0.234281 0.320805 
0.430746 -0.00285231 
0.851641 -0.771026 
0.411268 0.219181 
0.638904 -0.398102 
0.444729 -0.103089 
0.191112 0.617869 
0.63402 -0.350326 
0.229003 0.343691 
0.621003 -0.16609 
0.628971 -0.285648 
0.835428 -0.645619 
0.630334 -0.305856 
0.623837 -0.21187 
0.619023 -0.132782 

