0 0.101491
0.01 0.101605
0.02 0.101721
0.03 0.101836
0.04 0.101953
0.05 0.10207
0.06 0.102187
0.07 0.102305
0.08 0.102424
0.09 0.102543
0.1 0.102663
0.11 0.102784
0.12 0.102905
0.13 0.103026
0.14 0.103148
0.15 0.103271
0.16 0.103395
0.17 0.103519
0.18 0.103644
0.19 0.103769
0.2 0.103895
0.21 0.104022
0.22 0.104149
0.23 0.104277
0.24 0.104405
0.25 0.104535
0.26 0.104664
0.27 0.104795
0.28 0.104926
0.29 0.105058
0.3 0.105191
0.31 0.105324
0.32 0.105457
0.33 0.105592
0.34 0.105727
0.35 0.105863
0.36 0.105999
0.37 0.106136
0.38 0.106274
0.39 0.106412
0.4 0.106551
0.41 0.106691
0.42 0.106831
0.43 0.106972
0.44 0.107113
0.45 0.107255
0.46 0.107398
0.47 0.107541
0.48 0.107685
0.49 0.107829
0.5 0.107974
0.51 0.10812
0.52 0.108266
0.53 0.108413
0.54 0.10856
0.55 0.108708
0.56 0.108856
0.57 0.109005
0.58 0.109154
0.59 0.109304
0.6 0.109454
0.61 0.109605
0.62 0.109756
0.63 0.109908
0.64 0.11006
0.65 0.110213
0.66 0.110366
0.67 0.110519
0.68 0.110673
0.69 0.110827
0.7 0.110981
0.71 0.111136
0.72 0.111291
0.73 0.111447
0.74 0.111602
0.75 0.111758
0.76 0.111915
0.77 0.112071
0.78 0.112228
0.79 0.112385
0.8 0.112542
0.81 0.112699
0.82 0.112857
0.83 0.113014
0.84 0.113172
0.85 0.11333
0.86 0.113488
0.87 0.113645
0.88 0.113803
0.89 0.113961
0.9 0.114119
0.91 0.114277
0.92 0.114435
0.93 0.114593
0.94 0.114751
0.95 0.114909
0.96 0.115066
0.97 0.115223
0.98 0.115381
0.99 0.115538
1 0.115694
1.01 0.115851
1.02 0.116007
1.03 0.116163
1.04 0.116319
1.05 0.116474
1.06 0.116629
1.07 0.116783
1.08 0.116937
1.09 0.117091
1.1 0.117244
1.11 0.117397
1.12 0.117549
1.13 0.117701
1.14 0.117852
1.15 0.118002
1.16 0.118152
1.17 0.118301
1.18 0.11845
1.19 0.118597
1.2 0.118744
1.21 0.118891
1.22 0.119036
1.23 0.119181
1.24 0.119324
1.25 0.119467
1.26 0.119609
1.27 0.11975
1.28 0.119891
1.29 0.12003
1.3 0.120168
1.31 0.120305
1.32 0.120441
1.33 0.120576
1.34 0.12071
1.35 0.120842
1.36 0.120974
1.37 0.121104
1.38 0.121233
1.39 0.121361
1.4 0.121487
1.41 0.121612
1.42 0.121736
1.43 0.121858
1.44 0.121979
1.45 0.122099
1.46 0.122217
1.47 0.122333
1.48 0.122448
1.49 0.122562
1.5 0.122674
1.51 0.122784
1.52 0.122893
1.53 0.123
1.54 0.123105
1.55 0.123208
1.56 0.12331
1.57 0.12341
1.58 0.123508
1.59 0.123605
1.6 0.123699
1.61 0.123792
1.62 0.123883
1.63 0.123971
1.64 0.124058
1.65 0.124143
1.66 0.124226
1.67 0.124306
1.68 0.124385
1.69 0.124461
1.7 0.124536
1.71 0.124608
1.72 0.124678
1.73 0.124746
1.74 0.124811
1.75 0.124875
1.76 0.124936
1.77 0.124995
1.78 0.125051
1.79 0.125105
1.8 0.125157
1.81 0.125206
1.82 0.125253
1.83 0.125297
1.84 0.125339
1.85 0.125379
1.86 0.125415
1.87 0.12545
1.88 0.125482
1.89 0.125511
1.9 0.125537
1.91 0.125561
1.92 0.125583
1.93 0.125601
1.94 0.125617
1.95 0.12563
1.96 0.125641
1.97 0.125649
1.98 0.125654
1.99 0.125656
2 0.125655
2.01 0.125652
2.02 0.125645
2.03 0.125636
2.04 0.125624
2.05 0.125609
2.06 0.125592
2.07 0.125571
2.08 0.125547
2.09 0.12552
2.1 0.125491
2.11 0.125458
2.12 0.125423
2.13 0.125384
2.14 0.125342
2.15 0.125298
2.16 0.12525
2.17 0.125199
2.18 0.125145
2.19 0.125088
2.2 0.125028
2.21 0.124965
2.22 0.124898
2.23 0.124829
2.24 0.124756
2.25 0.124681
2.26 0.124602
2.27 0.12452
2.28 0.124434
2.29 0.124346
2.3 0.124254
2.31 0.124159
2.32 0.124061
2.33 0.12396
2.34 0.123856
2.35 0.123748
2.36 0.123637
2.37 0.123523
2.38 0.123406
2.39 0.123285
2.4 0.123161
2.41 0.123034
2.42 0.122904
2.43 0.12277
2.44 0.122634
2.45 0.122493
2.46 0.12235
2.47 0.122204
2.48 0.122054
2.49 0.121901
2.5 0.121745
2.51 0.121585
2.52 0.121422
2.53 0.121256
2.54 0.121087
2.55 0.120915
2.56 0.120739
2.57 0.12056
2.58 0.120378
2.59 0.120193
2.6 0.120004
2.61 0.119812
2.62 0.119617
2.63 0.119419
2.64 0.119218
2.65 0.119014
2.66 0.118806
2.67 0.118595
2.68 0.118381
2.69 0.118164
2.7 0.117944
2.71 0.117721
2.72 0.117494
2.73 0.117265
2.74 0.117032
2.75 0.116797
2.76 0.116558
2.77 0.116316
2.78 0.116072
2.79 0.115824
2.8 0.115573
2.81 0.115319
2.82 0.115062
2.83 0.114803
2.84 0.11454
2.85 0.114275
2.86 0.114006
2.87 0.113735
2.88 0.11346
2.89 0.113183
2.9 0.112903
2.91 0.11262
2.92 0.112335
2.93 0.112046
2.94 0.111755
2.95 0.111461
2.96 0.111165
2.97 0.110865
2.98 0.110563
2.99 0.110258
3 0.109951
3.01 0.109641
3.02 0.109328
3.03 0.109013
3.04 0.108695
3.05 0.108375
3.06 0.108052
3.07 0.107727
3.08 0.107399
3.09 0.107069
3.1 0.106736
3.11 0.106401
3.12 0.106063
3.13 0.105724
3.14 0.105381
3.15 0.105037
3.16 0.10469
3.17 0.104341
3.18 0.10399
3.19 0.103636
3.2 0.103281
3.21 0.102923
3.22 0.102563
3.23 0.102201
3.24 0.101837
3.25 0.101471
3.26 0.101103
3.27 0.100733
3.28 0.100361
3.29 0.0999867
3.3 0.0996108
3.31 0.099233
3.32 0.0988534
3.33 0.098472
3.34 0.0980888
3.35 0.0977038
3.36 0.0973171
3.37 0.0969286
3.38 0.0965385
3.39 0.0961468
3.4 0.0957535
3.41 0.0953585
3.42 0.0949621
3.43 0.0945641
3.44 0.0941646
3.45 0.0937636
3.46 0.0933612
3.47 0.0929574
3.48 0.0925523
3.49 0.0921457
3.5 0.0917379
3.51 0.0913288
3.52 0.0909185
3.53 0.0905069
3.54 0.0900942
3.55 0.0896802
3.56 0.0892652
3.57 0.0888491
3.58 0.0884319
3.59 0.0880136
3.6 0.0875944
3.61 0.0871742
3.62 0.086753
3.63 0.086331
3.64 0.085908
3.65 0.0854843
3.66 0.0850597
3.67 0.0846343
3.68 0.0842081
3.69 0.0837813
3.7 0.0833537
3.71 0.0829255
3.72 0.0824966
3.73 0.0820672
3.74 0.0816372
3.75 0.0812066
3.76 0.0807756
3.77 0.080344
3.78 0.079912
3.79 0.0794796
3.8 0.0790468
3.81 0.0786137
3.82 0.0781802
3.83 0.0777465
3.84 0.0773124
3.85 0.0768782
3.86 0.0764437
3.87 0.0760091
3.88 0.0755743
3.89 0.0751394
3.9 0.0747044
3.91 0.0742693
3.92 0.0738342
3.93 0.0733992
3.94 0.0729641
3.95 0.0725291
3.96 0.0720942
3.97 0.0716594
3.98 0.0712248
3.99 0.0707903
4 0.070356
4.01 0.069922
4.02 0.0694882
4.03 0.0690547
4.04 0.0686215
4.05 0.0681886
4.06 0.0677561
4.07 0.067324
4.08 0.0668923
4.09 0.0664611
4.1 0.0660303
4.11 0.0656
4.12 0.0651703
4.13 0.0647411
4.14 0.0643124
4.15 0.0638844
4.16 0.063457
4.17 0.0630303
4.18 0.0626042
4.19 0.0621788
4.2 0.0617541
4.21 0.0613302
4.22 0.0609071
4.23 0.0604847
4.24 0.0600632
4.25 0.0596425
4.26 0.0592227
4.27 0.0588037
4.28 0.0583857
4.29 0.0579686
4.3 0.0575525
4.31 0.0571373
4.32 0.0567231
4.33 0.05631
4.34 0.0558978
4.35 0.0554868
4.36 0.0550768
4.37 0.0546679
4.38 0.0542602
4.39 0.0538536
4.4 0.0534481
4.41 0.0530438
4.42 0.0526407
4.43 0.0522389
4.44 0.0518383
4.45 0.0514389
4.46 0.0510408
4.47 0.050644
4.48 0.0502485
4.49 0.0498543
4.5 0.0494615
4.51 0.04907
4.52 0.0486799
4.53 0.0482912
4.54 0.0479039
4.55 0.047518
4.56 0.0471335
4.57 0.0467505
4.58 0.046369
4.59 0.045989
4.6 0.0456104
4.61 0.0452334
4.62 0.0448579
4.63 0.0444839
4.64 0.0441115
4.65 0.0437407
4.66 0.0433714
4.67 0.0430037
4.68 0.0426376
4.69 0.0422732
4.7 0.0419103
4.71 0.0415491
4.72 0.0411896
4.73 0.0408317
4.74 0.0404754
4.75 0.0401209
4.76 0.0397681
4.77 0.0394169
4.78 0.0390675
4.79 0.0387198
4.8 0.0383738
4.81 0.0380295
4.82 0.037687
4.83 0.0373463
4.84 0.0370073
4.85 0.0366701
4.86 0.0363346
4.87 0.036001
4.88 0.0356691
4.89 0.0353391
4.9 0.0350108
4.91 0.0346844
4.92 0.0343598
4.93 0.034037
4.94 0.033716
4.95 0.0333969
4.96 0.0330796
4.97 0.0327642
4.98 0.0324506
4.99 0.0321388
5 0.031829
5.01 0.0315209
5.02 0.0312148
5.03 0.0309105
5.04 0.0306081
5.05 0.0303076
5.06 0.0300089
5.07 0.0297122
5.08 0.0294173
5.09 0.0291243
5.1 0.0288332
5.11 0.028544
5.12 0.0282567
5.13 0.0279712
5.14 0.0276877
5.15 0.0274061
5.16 0.0271263
5.17 0.0268485
5.18 0.0265725
5.19 0.0262985
5.2 0.0260263
5.21 0.025756
5.22 0.0254877
5.23 0.0252212
5.24 0.0249566
5.25 0.0246939
5.26 0.0244331
5.27 0.0241742
5.28 0.0239172
5.29 0.0236621
5.3 0.0234088
5.31 0.0231574
5.32 0.022908
5.33 0.0226603
5.34 0.0224146
5.35 0.0221707
5.36 0.0219288
5.37 0.0216886
5.38 0.0214504
5.39 0.0212139
5.4 0.0209794
5.41 0.0207467
5.42 0.0205158
5.43 0.0202868
5.44 0.0200596
5.45 0.0198343
5.46 0.0196108
5.47 0.0193891
5.48 0.0191692
5.49 0.0189512
5.5 0.0187349
5.51 0.0185205
5.52 0.0183078
5.53 0.018097
5.54 0.0178879
5.55 0.0176806
5.56 0.0174751
5.57 0.0172714
5.58 0.0170694
5.59 0.0168692
5.6 0.0166707
5.61 0.016474
5.62 0.016279
5.63 0.0160858
5.64 0.0158943
5.65 0.0157045
5.66 0.0155164
5.67 0.01533
5.68 0.0151453
5.69 0.0149623
5.7 0.014781
5.71 0.0146013
5.72 0.0144233
5.73 0.014247
5.74 0.0140723
5.75 0.0138993
5.76 0.0137279
5.77 0.0135581
5.78 0.01339
5.79 0.0132234
5.8 0.0130585
5.81 0.0128951
5.82 0.0127334
5.83 0.0125732
5.84 0.0124146
5.85 0.0122576
5.86 0.0121021
5.87 0.0119481
5.88 0.0117957
5.89 0.0116448
5.9 0.0114955
5.91 0.0113476
5.92 0.0112012
5.93 0.0110564
5.94 0.010913
5.95 0.0107711
5.96 0.0106306
5.97 0.0104916
5.98 0.0103541
5.99 0.010218
6 0.0100833
6.01 0.00995002
6.02 0.00981817
6.03 0.00968771
6.04 0.00955865
6.05 0.00943096
6.06 0.00930465
6.07 0.0091797
6.08 0.0090561
6.09 0.00893385
6.1 0.00881293
6.11 0.00869333
6.12 0.00857505
6.13 0.00845808
6.14 0.0083424
6.15 0.00822801
6.16 0.0081149
6.17 0.00800305
6.18 0.00789246
6.19 0.00778312
6.2 0.00767503
6.21 0.00756816
6.22 0.00746251
6.23 0.00735807
6.24 0.00725483
6.25 0.00715279
6.26 0.00705192
6.27 0.00695223
6.28 0.00685371
6.29 0.00675633
6.3 0.00666011
6.31 0.00656501
6.32 0.00647104
6.33 0.00637819
6.34 0.00628645
6.35 0.0061958
6.36 0.00610624
6.37 0.00601776
6.38 0.00593035
6.39 0.00584399
6.4 0.00575869
6.41 0.00567443
6.42 0.00559121
6.43 0.005509
6.44 0.00542781
6.45 0.00534762
6.46 0.00526843
6.47 0.00519023
6.48 0.005113
6.49 0.00503674
6.5 0.00496144
6.51 0.0048871
6.52 0.00481369
6.53 0.00474121
6.54 0.00466966
6.55 0.00459902
6.56 0.00452929
6.57 0.00446046
6.58 0.00439252
6.59 0.00432545
6.6 0.00425926
6.61 0.00419392
6.62 0.00412945
6.63 0.00406581
6.64 0.00400302
6.65 0.00394105
6.66 0.0038799
6.67 0.00381957
6.68 0.00376003
6.69 0.0037013
6.7 0.00364335
6.71 0.00358617
6.72 0.00352977
6.73 0.00347413
6.74 0.00341925
6.75 0.00336511
6.76 0.00331171
6.77 0.00325904
6.78 0.00320709
6.79 0.00315586
6.8 0.00310534
6.81 0.00305551
6.82 0.00300637
6.83 0.00295792
6.84 0.00291015
6.85 0.00286304
6.86 0.0028166
6.87 0.00277081
6.88 0.00272567
6.89 0.00268116
6.9 0.00263729
6.91 0.00259404
6.92 0.00255141
6.93 0.00250939
6.94 0.00246798
6.95 0.00242716
6.96 0.00238693
6.97 0.00234728
6.98 0.00230821
6.99 0.00226971
7 0.00223177
7.01 0.00219438
7.02 0.00215755
7.03 0.00212125
7.04 0.00208549
7.05 0.00205026
7.06 0.00201556
7.07 0.00198137
7.08 0.00194769
7.09 0.00191451
7.1 0.00188183
7.11 0.00184965
7.12 0.00181794
7.13 0.00178672
7.14 0.00175597
7.15 0.00172569
7.16 0.00169587
7.17 0.0016665
7.18 0.00163759
7.19 0.00160912
7.2 0.00158108
7.21 0.00155348
7.22 0.00152631
7.23 0.00149956
7.24 0.00147322
7.25 0.0014473
7.26 0.00142178
7.27 0.00139666
7.28 0.00137193
7.29 0.00134759
7.3 0.00132364
7.31 0.00130007
7.32 0.00127687
7.33 0.00125404
7.34 0.00123157
7.35 0.00120947
7.36 0.00118771
7.37 0.00116631
7.38 0.00114525
7.39 0.00112453
7.4 0.00110415
7.41 0.0010841
7.42 0.00106437
7.43 0.00104496
7.44 0.00102587
7.45 0.0010071
7.46 0.000988631
7.47 0.000970467
7.48 0.000952602
7.49 0.000935033
7.5 0.000917755
7.51 0.000900764
7.52 0.000884056
7.53 0.000867627
7.54 0.000851472
7.55 0.000835588
7.56 0.000819971
7.57 0.000804617
7.58 0.000789523
7.59 0.000774683
7.6 0.000760096
7.61 0.000745756
7.62 0.00073166
7.63 0.000717806
7.64 0.000704188
7.65 0.000690804
7.66 0.00067765
7.67 0.000664722
7.68 0.000652018
7.69 0.000639534
7.7 0.000627266
7.71 0.000615211
7.72 0.000603367
7.73 0.000591729
7.74 0.000580295
7.75 0.000569062
7.76 0.000558026
7.77 0.000547184
7.78 0.000536534
7.79 0.000526072
7.8 0.000515796
7.81 0.000505702
7.82 0.000495788
7.83 0.000486051
7.84 0.000476488
7.85 0.000467097
7.86 0.000457874
7.87 0.000448817
7.88 0.000439923
7.89 0.000431191
7.9 0.000422616
7.91 0.000414197
7.92 0.000405932
7.93 0.000397817
7.94 0.00038985
7.95 0.000382029
7.96 0.000374352
7.97 0.000366816
7.98 0.000359418
7.99 0.000352157
