0 0.122743
0.01 0.123494
0.02 0.124246
0.03 0.125001
0.04 0.125758
0.05 0.126517
0.06 0.127278
0.07 0.128042
0.08 0.128807
0.09 0.129574
0.1 0.130343
0.11 0.131114
0.12 0.131887
0.13 0.132662
0.14 0.133438
0.15 0.134217
0.16 0.134997
0.17 0.135778
0.18 0.136561
0.19 0.137346
0.2 0.138133
0.21 0.138921
0.22 0.13971
0.23 0.140501
0.24 0.141293
0.25 0.142087
0.26 0.142882
0.27 0.143678
0.28 0.144475
0.29 0.145274
0.3 0.146073
0.31 0.146874
0.32 0.147675
0.33 0.148478
0.34 0.149282
0.35 0.150086
0.36 0.150891
0.37 0.151697
0.38 0.152504
0.39 0.153312
0.4 0.15412
0.41 0.154928
0.42 0.155737
0.43 0.156547
0.44 0.157357
0.45 0.158167
0.46 0.158978
0.47 0.159789
0.48 0.1606
0.49 0.161411
0.5 0.162223
0.51 0.163034
0.52 0.163845
0.53 0.164657
0.54 0.165468
0.55 0.166279
0.56 0.167089
0.57 0.1679
0.58 0.16871
0.59 0.169519
0.6 0.170328
0.61 0.171136
0.62 0.171944
0.63 0.172751
0.64 0.173558
0.65 0.174363
0.66 0.175168
0.67 0.175972
0.68 0.176775
0.69 0.177577
0.7 0.178377
0.71 0.179177
0.72 0.179975
0.73 0.180772
0.74 0.181567
0.75 0.182361
0.76 0.183154
0.77 0.183945
0.78 0.184734
0.79 0.185522
0.8 0.186308
0.81 0.187092
0.82 0.187874
0.83 0.188655
0.84 0.189433
0.85 0.190209
0.86 0.190983
0.87 0.191755
0.88 0.192524
0.89 0.193291
0.9 0.194056
0.91 0.194818
0.92 0.195577
0.93 0.196334
0.94 0.197089
0.95 0.19784
0.96 0.198589
0.97 0.199334
0.98 0.200077
0.99 0.200817
1 0.201553
1.01 0.202287
1.02 0.203017
1.03 0.203744
1.04 0.204467
1.05 0.205187
1.06 0.205904
1.07 0.206617
1.08 0.207326
1.09 0.208032
1.1 0.208733
1.11 0.209431
1.12 0.210125
1.13 0.210815
1.14 0.211501
1.15 0.212183
1.16 0.21286
1.17 0.213534
1.18 0.214203
1.19 0.214867
1.2 0.215527
1.21 0.216183
1.22 0.216834
1.23 0.21748
1.24 0.218122
1.25 0.218759
1.26 0.219391
1.27 0.220018
1.28 0.22064
1.29 0.221257
1.3 0.221869
1.31 0.222475
1.32 0.223077
1.33 0.223673
1.34 0.224264
1.35 0.224849
1.36 0.225429
1.37 0.226004
1.38 0.226572
1.39 0.227135
1.4 0.227693
1.41 0.228244
1.42 0.22879
1.43 0.22933
1.44 0.229864
1.45 0.230391
1.46 0.230913
1.47 0.231429
1.48 0.231938
1.49 0.232441
1.5 0.232938
1.51 0.233428
1.52 0.233912
1.53 0.23439
1.54 0.234861
1.55 0.235325
1.56 0.235783
1.57 0.236234
1.58 0.236679
1.59 0.237116
1.6 0.237547
1.61 0.237971
1.62 0.238388
1.63 0.238797
1.64 0.2392
1.65 0.239596
1.66 0.239985
1.67 0.240366
1.68 0.240741
1.69 0.241108
1.7 0.241467
1.71 0.24182
1.72 0.242165
1.73 0.242502
1.74 0.242832
1.75 0.243155
1.76 0.24347
1.77 0.243777
1.78 0.244077
1.79 0.244369
1.8 0.244654
1.81 0.24493
1.82 0.245199
1.83 0.24546
1.84 0.245714
1.85 0.245959
1.86 0.246197
1.87 0.246426
1.88 0.246648
1.89 0.246861
1.9 0.247067
1.91 0.247265
1.92 0.247454
1.93 0.247635
1.94 0.247809
1.95 0.247974
1.96 0.248131
1.97 0.248279
1.98 0.24842
1.99 0.248552
2 0.248676
2.01 0.248792
2.02 0.248899
2.03 0.248999
2.04 0.249089
2.05 0.249172
2.06 0.249246
2.07 0.249312
2.08 0.249369
2.09 0.249418
2.1 0.249459
2.11 0.249491
2.12 0.249515
2.13 0.24953
2.14 0.249537
2.15 0.249535
2.16 0.249525
2.17 0.249507
2.18 0.24948
2.19 0.249444
2.2 0.2494
2.21 0.249348
2.22 0.249287
2.23 0.249218
2.24 0.24914
2.25 0.249054
2.26 0.248959
2.27 0.248856
2.28 0.248745
2.29 0.248625
2.3 0.248496
2.31 0.24836
2.32 0.248214
2.33 0.248061
2.34 0.247899
2.35 0.247728
2.36 0.24755
2.37 0.247363
2.38 0.247167
2.39 0.246963
2.4 0.246751
2.41 0.246531
2.42 0.246302
2.43 0.246066
2.44 0.24582
2.45 0.245567
2.46 0.245306
2.47 0.245036
2.48 0.244758
2.49 0.244473
2.5 0.244179
2.51 0.243877
2.52 0.243566
2.53 0.243248
2.54 0.242922
2.55 0.242588
2.56 0.242247
2.57 0.241897
2.58 0.241539
2.59 0.241174
2.6 0.2408
2.61 0.240419
2.62 0.240031
2.63 0.239634
2.64 0.23923
2.65 0.238819
2.66 0.2384
2.67 0.237973
2.68 0.237539
2.69 0.237097
2.7 0.236648
2.71 0.236192
2.72 0.235728
2.73 0.235257
2.74 0.234779
2.75 0.234293
2.76 0.233801
2.77 0.233301
2.78 0.232794
2.79 0.232281
2.8 0.23176
2.81 0.231233
2.82 0.230698
2.83 0.230157
2.84 0.229609
2.85 0.229055
2.86 0.228493
2.87 0.227926
2.88 0.227351
2.89 0.22677
2.9 0.226183
2.91 0.225589
2.92 0.22499
2.93 0.224383
2.94 0.223771
2.95 0.223152
2.96 0.222528
2.97 0.221897
2.98 0.221261
2.99 0.220618
3 0.21997
3.01 0.219316
3.02 0.218656
3.03 0.21799
3.04 0.217319
3.05 0.216642
3.06 0.21596
3.07 0.215273
3.08 0.21458
3.09 0.213882
3.1 0.213178
3.11 0.21247
3.12 0.211756
3.13 0.211038
3.14 0.210314
3.15 0.209586
3.16 0.208852
3.17 0.208114
3.18 0.207372
3.19 0.206624
3.2 0.205872
3.21 0.205116
3.22 0.204355
3.23 0.20359
3.24 0.20282
3.25 0.202047
3.26 0.201269
3.27 0.200487
3.28 0.199701
3.29 0.198911
3.3 0.198118
3.31 0.19732
3.32 0.196519
3.33 0.195714
3.34 0.194906
3.35 0.194094
3.36 0.193279
3.37 0.19246
3.38 0.191638
3.39 0.190813
3.4 0.189984
3.41 0.189153
3.42 0.188318
3.43 0.187481
3.44 0.186641
3.45 0.185797
3.46 0.184952
3.47 0.184103
3.48 0.183252
3.49 0.182398
3.5 0.181542
3.51 0.180684
3.52 0.179823
3.53 0.17896
3.54 0.178095
3.55 0.177228
3.56 0.176359
3.57 0.175488
3.58 0.174615
3.59 0.17374
3.6 0.172863
3.61 0.171985
3.62 0.171105
3.63 0.170224
3.64 0.169341
3.65 0.168457
3.66 0.167571
3.67 0.166684
3.68 0.165796
3.69 0.164907
3.7 0.164017
3.71 0.163126
3.72 0.162234
3.73 0.161341
3.74 0.160448
3.75 0.159553
3.76 0.158658
3.77 0.157763
3.78 0.156867
3.79 0.15597
3.8 0.155073
3.81 0.154176
3.82 0.153279
3.83 0.152381
3.84 0.151483
3.85 0.150586
3.86 0.149688
3.87 0.14879
3.88 0.147893
3.89 0.146995
3.9 0.146098
3.91 0.145201
3.92 0.144305
3.93 0.143409
3.94 0.142513
3.95 0.141618
3.96 0.140724
3.97 0.139831
3.98 0.138938
3.99 0.138046
4 0.137154
4.01 0.136264
4.02 0.135375
4.03 0.134486
4.04 0.133599
4.05 0.132713
4.06 0.131828
4.07 0.130945
4.08 0.130062
4.09 0.129181
4.1 0.128302
4.11 0.127424
4.12 0.126547
4.13 0.125672
4.14 0.124798
4.15 0.123927
4.16 0.123057
4.17 0.122188
4.18 0.121322
4.19 0.120457
4.2 0.119594
4.21 0.118734
4.22 0.117875
4.23 0.117018
4.24 0.116164
4.25 0.115311
4.26 0.114461
4.27 0.113613
4.28 0.112767
4.29 0.111923
4.3 0.111082
4.31 0.110244
4.32 0.109407
4.33 0.108573
4.34 0.107742
4.35 0.106913
4.36 0.106087
4.37 0.105264
4.38 0.104443
4.39 0.103625
4.4 0.10281
4.41 0.101997
4.42 0.101187
4.43 0.10038
4.44 0.0995764
4.45 0.0987753
4.46 0.0979772
4.47 0.097182
4.48 0.0963899
4.49 0.0956009
4.5 0.0948149
4.51 0.094032
4.52 0.0932523
4.53 0.0924757
4.54 0.0917024
4.55 0.0909323
4.56 0.0901654
4.57 0.0894018
4.58 0.0886416
4.59 0.0878846
4.6 0.0871311
4.61 0.0863809
4.62 0.0856341
4.63 0.0848907
4.64 0.0841508
4.65 0.0834144
4.66 0.0826815
4.67 0.0819521
4.68 0.0812263
4.69 0.080504
4.7 0.0797853
4.71 0.0790701
4.72 0.0783586
4.73 0.0776508
4.74 0.0769466
4.75 0.076246
4.76 0.0755492
4.77 0.074856
4.78 0.0741666
4.79 0.0734809
4.8 0.072799
4.81 0.0721208
4.82 0.0714463
4.83 0.0707757
4.84 0.0701089
4.85 0.0694458
4.86 0.0687866
4.87 0.0681312
4.88 0.0674797
4.89 0.066832
4.9 0.0661881
4.91 0.0655482
4.92 0.0649121
4.93 0.0642799
4.94 0.0636515
4.95 0.0630271
4.96 0.0624066
4.97 0.0617899
4.98 0.0611772
4.99 0.0605684
5 0.0599636
5.01 0.0593626
5.02 0.0587656
5.03 0.0581725
5.04 0.0575834
5.05 0.0569981
5.06 0.0564169
5.07 0.0558395
5.08 0.0552661
5.09 0.0546966
5.1 0.0541311
5.11 0.0535695
5.12 0.0530119
5.13 0.0524581
5.14 0.0519084
5.15 0.0513625
5.16 0.0508206
5.17 0.0502826
5.18 0.0497485
5.19 0.0492183
5.2 0.0486921
5.21 0.0481697
5.22 0.0476513
5.23 0.0471368
5.24 0.0466261
5.25 0.0461194
5.26 0.0456165
5.27 0.0451175
5.28 0.0446224
5.29 0.0441311
5.3 0.0436437
5.31 0.0431601
5.32 0.0426804
5.33 0.0422045
5.34 0.0417324
5.35 0.0412641
5.36 0.0407996
5.37 0.040339
5.38 0.039882
5.39 0.0394289
5.4 0.0389795
5.41 0.0385339
5.42 0.038092
5.43 0.0376538
5.44 0.0372194
5.45 0.0367886
5.46 0.0363615
5.47 0.0359382
5.48 0.0355184
5.49 0.0351024
5.5 0.0346899
5.51 0.0342811
5.52 0.0338759
5.53 0.0334743
5.54 0.0330763
5.55 0.0326818
5.56 0.0322909
5.57 0.0319035
5.58 0.0315197
5.59 0.0311393
5.6 0.0307625
5.61 0.0303891
5.62 0.0300192
5.63 0.0296528
5.64 0.0292897
5.65 0.0289301
5.66 0.0285739
5.67 0.0282211
5.68 0.0278716
5.69 0.0275255
5.7 0.0271826
5.71 0.0268432
5.72 0.026507
5.73 0.026174
5.74 0.0258444
5.75 0.025518
5.76 0.0251948
5.77 0.0248748
5.78 0.024558
5.79 0.0242444
5.8 0.0239339
5.81 0.0236266
5.82 0.0233223
5.83 0.0230212
5.84 0.0227232
5.85 0.0224282
5.86 0.0221362
5.87 0.0218473
5.88 0.0215614
5.89 0.0212784
5.9 0.0209984
5.91 0.0207214
5.92 0.0204473
5.93 0.0201761
5.94 0.0199078
5.95 0.0196423
5.96 0.0193798
5.97 0.01912
5.98 0.018863
5.99 0.0186089
6 0.0183575
6.01 0.0181088
6.02 0.0178629
6.03 0.0176197
6.04 0.0173792
6.05 0.0171413
6.06 0.0169062
6.07 0.0166736
6.08 0.0164437
6.09 0.0162163
6.1 0.0159915
6.11 0.0157693
6.12 0.0155496
6.13 0.0153324
6.14 0.0151178
6.15 0.0149056
6.16 0.0146958
6.17 0.0144885
6.18 0.0142836
6.19 0.0140811
6.2 0.013881
6.21 0.0136832
6.22 0.0134877
6.23 0.0132946
6.24 0.0131038
6.25 0.0129153
6.26 0.012729
6.27 0.0125449
6.28 0.0123631
6.29 0.0121835
6.3 0.0120061
6.31 0.0118308
6.32 0.0116577
6.33 0.0114866
6.34 0.0113177
6.35 0.0111509
6.36 0.0109862
6.37 0.0108235
6.38 0.0106628
6.39 0.0105041
6.4 0.0103475
6.41 0.0101928
6.42 0.01004
6.43 0.00988923
6.44 0.00974034
6.45 0.00959335
6.46 0.00944825
6.47 0.00930501
6.48 0.00916361
6.49 0.00902404
6.5 0.00888628
6.51 0.00875031
6.52 0.00861611
6.53 0.00848367
6.54 0.00835297
6.55 0.00822399
6.56 0.00809671
6.57 0.00797112
6.58 0.00784719
6.59 0.00772492
6.6 0.00760428
6.61 0.00748526
6.62 0.00736784
6.63 0.007252
6.64 0.00713773
6.65 0.00702501
6.66 0.00691382
6.67 0.00680416
6.68 0.00669599
6.69 0.0065893
6.7 0.00648409
6.71 0.00638033
6.72 0.006278
6.73 0.0061771
6.74 0.0060776
6.75 0.00597949
6.76 0.00588275
6.77 0.00578738
6.78 0.00569335
6.79 0.00560064
6.8 0.00550925
6.81 0.00541916
6.82 0.00533035
6.83 0.00524281
6.84 0.00515652
6.85 0.00507147
6.86 0.00498765
6.87 0.00490504
6.88 0.00482362
6.89 0.00474339
6.9 0.00466432
6.91 0.00458641
6.92 0.00450964
6.93 0.004434
6.94 0.00435947
6.95 0.00428604
6.96 0.0042137
6.97 0.00414243
6.98 0.00407223
6.99 0.00400306
7 0.00393494
7.01 0.00386783
7.02 0.00380174
7.03 0.00373664
7.04 0.00367252
7.05 0.00360938
7.06 0.00354719
7.07 0.00348596
7.08 0.00342565
7.09 0.00336628
7.1 0.00330781
7.11 0.00325024
7.12 0.00319356
7.13 0.00313776
7.14 0.00308282
7.15 0.00302874
7.16 0.00297549
7.17 0.00292309
7.18 0.0028715
7.19 0.00282072
7.2 0.00277074
7.21 0.00272155
7.22 0.00267314
7.23 0.00262549
7.24 0.00257861
7.25 0.00253247
7.26 0.00248706
7.27 0.00244239
7.28 0.00239843
7.29 0.00235518
7.3 0.00231262
7.31 0.00227076
7.32 0.00222957
7.33 0.00218905
7.34 0.00214919
7.35 0.00210998
7.36 0.00207142
7.37 0.00203348
7.38 0.00199617
7.39 0.00195948
7.4 0.00192339
7.41 0.0018879
7.42 0.00185299
7.43 0.00181867
7.44 0.00178492
7.45 0.00175174
7.46 0.00171911
7.47 0.00168702
7.48 0.00165548
7.49 0.00162447
7.5 0.00159398
7.51 0.00156401
7.52 0.00153455
7.53 0.00150559
7.54 0.00147712
7.55 0.00144914
7.56 0.00142164
7.57 0.00139462
7.58 0.00136805
7.59 0.00134195
7.6 0.0013163
7.61 0.00129109
7.62 0.00126632
7.63 0.00124198
7.64 0.00121806
7.65 0.00119456
7.66 0.00117148
7.67 0.0011488
7.68 0.00112651
7.69 0.00110462
7.7 0.00108312
7.71 0.001062
7.72 0.00104125
7.73 0.00102088
7.74 0.00100086
7.75 0.000981206
7.76 0.0009619
7.77 0.000942942
7.78 0.000924323
7.79 0.000906041
7.8 0.000888088
7.81 0.00087046
7.82 0.000853151
7.83 0.000836157
7.84 0.000819473
7.85 0.000803092
7.86 0.000787011
7.87 0.000771225
7.88 0.000755728
7.89 0.000740517
7.9 0.000725586
7.91 0.00071093
7.92 0.000696546
7.93 0.000682428
7.94 0.000668573
7.95 0.000654976
7.96 0.000641632
7.97 0.000628538
7.98 0.00061569
7.99 0.000603082
