0 0.234651
0.01 0.23424
0.02 0.233821
0.03 0.233397
0.04 0.232965
0.05 0.232527
0.06 0.232083
0.07 0.231632
0.08 0.231175
0.09 0.230712
0.1 0.230242
0.11 0.229766
0.12 0.229283
0.13 0.228795
0.14 0.2283
0.15 0.2278
0.16 0.227293
0.17 0.22678
0.18 0.226261
0.19 0.225737
0.2 0.225206
0.21 0.22467
0.22 0.224128
0.23 0.22358
0.24 0.223026
0.25 0.222467
0.26 0.221902
0.27 0.221332
0.28 0.220756
0.29 0.220175
0.3 0.219589
0.31 0.218997
0.32 0.2184
0.33 0.217798
0.34 0.21719
0.35 0.216578
0.36 0.21596
0.37 0.215337
0.38 0.21471
0.39 0.214077
0.4 0.21344
0.41 0.212798
0.42 0.212151
0.43 0.211499
0.44 0.210843
0.45 0.210182
0.46 0.209517
0.47 0.208847
0.48 0.208173
0.49 0.207495
0.5 0.206812
0.51 0.206125
0.52 0.205434
0.53 0.204739
0.54 0.204039
0.55 0.203336
0.56 0.202629
0.57 0.201918
0.58 0.201203
0.59 0.200484
0.6 0.199762
0.61 0.199036
0.62 0.198306
0.63 0.197573
0.64 0.196836
0.65 0.196096
0.66 0.195353
0.67 0.194606
0.68 0.193856
0.69 0.193103
0.7 0.192347
0.71 0.191588
0.72 0.190825
0.73 0.19006
0.74 0.189292
0.75 0.188521
0.76 0.187748
0.77 0.186971
0.78 0.186192
0.79 0.185411
0.8 0.184627
0.81 0.18384
0.82 0.183051
0.83 0.18226
0.84 0.181467
0.85 0.180671
0.86 0.179873
0.87 0.179073
0.88 0.178271
0.89 0.177467
0.9 0.176661
0.91 0.175854
0.92 0.175044
0.93 0.174233
0.94 0.17342
0.95 0.172605
0.96 0.171789
0.97 0.170972
0.98 0.170153
0.99 0.169332
1 0.16851
1.01 0.167687
1.02 0.166863
1.03 0.166038
1.04 0.165211
1.05 0.164384
1.06 0.163555
1.07 0.162726
1.08 0.161895
1.09 0.161064
1.1 0.160232
1.11 0.1594
1.12 0.158567
1.13 0.157733
1.14 0.156899
1.15 0.156064
1.16 0.155228
1.17 0.154393
1.18 0.153557
1.19 0.152721
1.2 0.151884
1.21 0.151048
1.22 0.150211
1.23 0.149375
1.24 0.148538
1.25 0.147701
1.26 0.146865
1.27 0.146028
1.28 0.145192
1.29 0.144356
1.3 0.143521
1.31 0.142686
1.32 0.141851
1.33 0.141017
1.34 0.140183
1.35 0.13935
1.36 0.138517
1.37 0.137685
1.38 0.136854
1.39 0.136024
1.4 0.135194
1.41 0.134365
1.42 0.133537
1.43 0.13271
1.44 0.131884
1.45 0.131059
1.46 0.130236
1.47 0.129413
1.48 0.128591
1.49 0.127771
1.5 0.126952
1.51 0.126134
1.52 0.125318
1.53 0.124503
1.54 0.123689
1.55 0.122877
1.56 0.122066
1.57 0.121257
1.58 0.12045
1.59 0.119644
1.6 0.11884
1.61 0.118038
1.62 0.117237
1.63 0.116438
1.64 0.115641
1.65 0.114846
1.66 0.114052
1.67 0.113261
1.68 0.112472
1.69 0.111684
1.7 0.110899
1.71 0.110116
1.72 0.109334
1.73 0.108555
1.74 0.107779
1.75 0.107004
1.76 0.106232
1.77 0.105462
1.78 0.104694
1.79 0.103928
1.8 0.103165
1.81 0.102405
1.82 0.101646
1.83 0.100891
1.84 0.100137
1.85 0.0993865
1.86 0.0986382
1.87 0.0978926
1.88 0.0971495
1.89 0.0964091
1.9 0.0956713
1.91 0.0949362
1.92 0.0942038
1.93 0.0934741
1.94 0.0927472
1.95 0.0920231
1.96 0.0913017
1.97 0.0905832
1.98 0.0898675
1.99 0.0891547
2 0.0884448
2.01 0.0877378
2.02 0.0870338
2.03 0.0863326
2.04 0.0856345
2.05 0.0849393
2.06 0.0842472
2.07 0.0835581
2.08 0.082872
2.09 0.082189
2.1 0.0815091
2.11 0.0808323
2.12 0.0801586
2.13 0.079488
2.14 0.0788206
2.15 0.0781563
2.16 0.0774953
2.17 0.0768374
2.18 0.0761827
2.19 0.0755312
2.2 0.074883
2.21 0.074238
2.22 0.0735963
2.23 0.0729578
2.24 0.0723226
2.25 0.0716907
2.26 0.0710621
2.27 0.0704369
2.28 0.0698149
2.29 0.0691963
2.3 0.068581
2.31 0.0679691
2.32 0.0673605
2.33 0.0667553
2.34 0.0661534
2.35 0.065555
2.36 0.0649599
2.37 0.0643682
2.38 0.0637799
2.39 0.063195
2.4 0.0626136
2.41 0.0620355
2.42 0.0614609
2.43 0.0608896
2.44 0.0603219
2.45 0.0597575
2.46 0.0591966
2.47 0.0586391
2.48 0.058085
2.49 0.0575344
2.5 0.0569872
2.51 0.0564435
2.52 0.0559032
2.53 0.0553663
2.54 0.0548329
2.55 0.054303
2.56 0.0537765
2.57 0.0532534
2.58 0.0527338
2.59 0.0522176
2.6 0.0517048
2.61 0.0511955
2.62 0.0506896
2.63 0.0501872
2.64 0.0496882
2.65 0.0491926
2.66 0.0487004
2.67 0.0482117
2.68 0.0477264
2.69 0.0472444
2.7 0.0467659
2.71 0.0462908
2.72 0.0458191
2.73 0.0453508
2.74 0.0448859
2.75 0.0444243
2.76 0.0439662
2.77 0.0435114
2.78 0.0430599
2.79 0.0426118
2.8 0.0421671
2.81 0.0417257
2.82 0.0412876
2.83 0.0408529
2.84 0.0404214
2.85 0.0399933
2.86 0.0395685
2.87 0.039147
2.88 0.0387287
2.89 0.0383138
2.9 0.0379021
2.91 0.0374936
2.92 0.0370884
2.93 0.0366865
2.94 0.0362877
2.95 0.0358922
2.96 0.0354999
2.97 0.0351107
2.98 0.0347248
2.99 0.034342
3 0.0339624
3.01 0.0335859
3.02 0.0332126
3.03 0.0328424
3.04 0.0324753
3.05 0.0321113
3.06 0.0317504
3.07 0.0313926
3.08 0.0310379
3.09 0.0306862
3.1 0.0303375
3.11 0.0299919
3.12 0.0296493
3.13 0.0293096
3.14 0.028973
3.15 0.0286394
3.16 0.0283087
3.17 0.0279809
3.18 0.0276561
3.19 0.0273342
3.2 0.0270152
3.21 0.0266991
3.22 0.0263859
3.23 0.0260755
3.24 0.025768
3.25 0.0254633
3.26 0.0251614
3.27 0.0248624
3.28 0.0245661
3.29 0.0242726
3.3 0.0239819
3.31 0.0236939
3.32 0.0234086
3.33 0.0231261
3.34 0.0228462
3.35 0.022569
3.36 0.0222945
3.37 0.0220227
3.38 0.0217535
3.39 0.0214869
3.4 0.0212229
3.41 0.0209615
3.42 0.0207027
3.43 0.0204464
3.44 0.0201927
3.45 0.0199415
3.46 0.0196928
3.47 0.0194467
3.48 0.019203
3.49 0.0189617
3.5 0.0187229
3.51 0.0184866
3.52 0.0182526
3.53 0.0180211
3.54 0.0177919
3.55 0.0175651
3.56 0.0173407
3.57 0.0171186
3.58 0.0168988
3.59 0.0166813
3.6 0.0164661
3.61 0.0162532
3.62 0.0160425
3.63 0.015834
3.64 0.0156278
3.65 0.0154238
3.66 0.015222
3.67 0.0150223
3.68 0.0148248
3.69 0.0146295
3.7 0.0144363
3.71 0.0142451
3.72 0.0140561
3.73 0.0138692
3.74 0.0136843
3.75 0.0135014
3.76 0.0133206
3.77 0.0131418
3.78 0.012965
3.79 0.0127902
3.8 0.0126173
3.81 0.0124464
3.82 0.0122774
3.83 0.0121103
3.84 0.0119452
3.85 0.0117819
3.86 0.0116205
3.87 0.011461
3.88 0.0113032
3.89 0.0111474
3.9 0.0109933
3.91 0.010841
3.92 0.0106905
3.93 0.0105417
3.94 0.0103947
3.95 0.0102494
3.96 0.0101059
3.97 0.00996402
3.98 0.00982385
3.99 0.00968535
4 0.0095485
4.01 0.0094133
4.02 0.00927972
4.03 0.00914775
4.04 0.00901738
4.05 0.00888859
4.06 0.00876136
4.07 0.00863569
4.08 0.00851156
4.09 0.00838895
4.1 0.00826785
4.11 0.00814824
4.12 0.00803011
4.13 0.00791345
4.14 0.00779824
4.15 0.00768447
4.16 0.00757213
4.17 0.00746119
4.18 0.00735165
4.19 0.0072435
4.2 0.00713671
4.21 0.00703128
4.22 0.00692719
4.23 0.00682443
4.24 0.00672298
4.25 0.00662284
4.26 0.00652398
4.27 0.0064264
4.28 0.00633009
4.29 0.00623502
4.3 0.00614119
4.31 0.00604858
4.32 0.00595719
4.33 0.00586699
4.34 0.00577798
4.35 0.00569014
4.36 0.00560346
4.37 0.00551794
4.38 0.00543354
4.39 0.00535028
4.4 0.00526812
4.41 0.00518707
4.42 0.0051071
4.43 0.00502821
4.44 0.00495038
4.45 0.00487361
4.46 0.00479788
4.47 0.00472318
4.48 0.0046495
4.49 0.00457682
4.5 0.00450514
4.51 0.00443444
4.52 0.00436472
4.53 0.00429596
4.54 0.00422816
4.55 0.00416129
4.56 0.00409535
4.57 0.00403034
4.58 0.00396623
4.59 0.00390302
4.6 0.0038407
4.61 0.00377925
4.62 0.00371867
4.63 0.00365895
4.64 0.00360008
4.65 0.00354205
4.66 0.00348484
4.67 0.00342845
4.68 0.00337286
4.69 0.00331808
4.7 0.00326408
4.71 0.00321086
4.72 0.00315841
4.73 0.00310672
4.74 0.00305579
4.75 0.00300559
4.76 0.00295613
4.77 0.00290739
4.78 0.00285936
4.79 0.00281204
4.8 0.00276542
4.81 0.00271949
4.82 0.00267423
4.83 0.00262965
4.84 0.00258573
4.85 0.00254246
4.86 0.00249984
4.87 0.00245786
4.88 0.00241651
4.89 0.00237578
4.9 0.00233567
4.91 0.00229616
4.92 0.00225724
4.93 0.00221892
4.94 0.00218118
4.95 0.00214402
4.96 0.00210743
4.97 0.00207139
4.98 0.00203591
4.99 0.00200097
5 0.00196657
5.01 0.0019327
5.02 0.00189936
5.03 0.00186654
5.04 0.00183422
5.05 0.00180241
5.06 0.00177109
5.07 0.00174027
5.08 0.00170992
5.09 0.00168006
5.1 0.00165066
5.11 0.00162173
5.12 0.00159326
5.13 0.00156524
5.14 0.00153766
5.15 0.00151052
5.16 0.00148381
5.17 0.00145754
5.18 0.00143168
5.19 0.00140623
5.2 0.0013812
5.21 0.00135657
5.22 0.00133234
5.23 0.0013085
5.24 0.00128504
5.25 0.00126197
5.26 0.00123927
5.27 0.00121695
5.28 0.00119499
5.29 0.00117339
5.3 0.00115214
5.31 0.00113124
5.32 0.00111069
5.33 0.00109047
5.34 0.0010706
5.35 0.00105105
5.36 0.00103182
5.37 0.00101292
5.38 0.00099433
5.39 0.000976052
5.4 0.000958081
5.41 0.000940411
5.42 0.000923038
5.43 0.000905958
5.44 0.000889166
5.45 0.000872659
5.46 0.000856431
5.47 0.000840479
5.48 0.000824798
5.49 0.000809385
5.5 0.000794235
5.51 0.000779345
5.52 0.000764709
5.53 0.000750326
5.54 0.00073619
5.55 0.000722298
5.56 0.000708646
5.57 0.00069523
5.58 0.000682047
5.59 0.000669093
5.6 0.000656365
5.61 0.000643859
5.62 0.000631572
5.63 0.0006195
5.64 0.00060764
5.65 0.000595988
5.66 0.000584542
5.67 0.000573297
5.68 0.000562251
5.69 0.000551401
5.7 0.000540744
5.71 0.000530276
5.72 0.000519995
5.73 0.000509897
5.74 0.000499979
5.75 0.00049024
5.76 0.000480675
5.77 0.000471282
5.78 0.000462058
5.79 0.000453
5.8 0.000444107
5.81 0.000435374
5.82 0.0004268
5.83 0.000418382
5.84 0.000410117
5.85 0.000402002
5.86 0.000394036
5.87 0.000386216
5.88 0.00037854
5.89 0.000371004
5.9 0.000363607
5.91 0.000356347
5.92 0.00034922
5.93 0.000342226
5.94 0.000335361
5.95 0.000328623
5.96 0.000322011
5.97 0.000315522
5.98 0.000309155
5.99 0.000302906
6 0.000296775
6.01 0.000290758
6.02 0.000284855
6.03 0.000279063
6.04 0.00027338
6.05 0.000267804
6.06 0.000262334
6.07 0.000256968
6.08 0.000251704
6.09 0.00024654
6.1 0.000241474
6.11 0.000236505
6.12 0.000231631
6.13 0.000226851
6.14 0.000222162
6.15 0.000217563
6.16 0.000213053
6.17 0.00020863
6.18 0.000204293
6.19 0.000200039
6.2 0.000195868
6.21 0.000191778
6.22 0.000187767
6.23 0.000183835
6.24 0.000179979
6.25 0.000176199
6.26 0.000172492
6.27 0.000168859
6.28 0.000165297
6.29 0.000161805
6.3 0.000158382
6.31 0.000155026
6.32 0.000151737
6.33 0.000148513
6.34 0.000145353
6.35 0.000142255
6.36 0.00013922
6.37 0.000136245
6.38 0.000133329
6.39 0.000130472
6.4 0.000127672
6.41 0.000124928
6.42 0.000122239
6.43 0.000119605
6.44 0.000117024
6.45 0.000114494
6.46 0.000112016
6.47 0.000109588
6.48 0.00010721
6.49 0.00010488
6.5 0.000102597
6.51 0.000100361
6.52 9.81703e-05
6.53 9.60247e-05
6.54 9.3923e-05
6.55 9.18644e-05
6.56 8.98482e-05
6.57 8.78735e-05
6.58 8.59395e-05
6.59 8.40455e-05
6.6 8.21907e-05
6.61 8.03743e-05
6.62 7.85955e-05
6.63 7.68538e-05
6.64 7.51483e-05
6.65 7.34784e-05
6.66 7.18433e-05
6.67 7.02425e-05
6.68 6.86752e-05
6.69 6.71407e-05
6.7 6.56385e-05
6.71 6.41679e-05
6.72 6.27284e-05
6.73 6.13192e-05
6.74 5.99397e-05
6.75 5.85895e-05
6.76 5.7268e-05
6.77 5.59745e-05
6.78 5.47085e-05
6.79 5.34695e-05
6.8 5.22569e-05
6.81 5.10702e-05
6.82 4.99089e-05
6.83 4.87725e-05
6.84 4.76605e-05
6.85 4.65724e-05
6.86 4.55077e-05
6.87 4.4466e-05
6.88 4.34468e-05
6.89 4.24496e-05
6.9 4.1474e-05
6.91 4.05196e-05
6.92 3.95859e-05
6.93 3.86725e-05
6.94 3.7779e-05
6.95 3.6905e-05
6.96 3.60501e-05
6.97 3.52139e-05
6.98 3.43961e-05
6.99 3.35961e-05
7 3.28138e-05
7.01 3.20487e-05
7.02 3.13004e-05
7.03 3.05687e-05
7.04 2.98531e-05
7.05 2.91534e-05
7.06 2.84692e-05
7.07 2.78002e-05
7.08 2.71461e-05
7.09 2.65065e-05
7.1 2.58812e-05
7.11 2.52699e-05
7.12 2.46722e-05
7.13 2.40879e-05
7.14 2.35167e-05
7.15 2.29584e-05
7.16 2.24126e-05
7.17 2.18791e-05
7.18 2.13576e-05
7.19 2.0848e-05
7.2 2.03498e-05
7.21 1.98629e-05
7.22 1.93871e-05
7.23 1.89221e-05
7.24 1.84676e-05
7.25 1.80236e-05
7.26 1.75896e-05
7.27 1.71656e-05
7.28 1.67512e-05
7.29 1.63464e-05
7.3 1.59508e-05
7.31 1.55643e-05
7.32 1.51867e-05
7.33 1.48179e-05
7.34 1.44575e-05
7.35 1.41054e-05
7.36 1.37615e-05
7.37 1.34256e-05
7.38 1.30974e-05
7.39 1.27769e-05
7.4 1.24638e-05
7.41 1.21581e-05
7.42 1.18594e-05
7.43 1.15678e-05
7.44 1.12829e-05
7.45 1.10047e-05
7.46 1.07331e-05
7.47 1.04678e-05
7.48 1.02088e-05
7.49 9.95583e-06
7.5 9.70886e-06
7.51 9.46772e-06
7.52 9.23228e-06
7.53 9.00242e-06
7.54 8.778e-06
7.55 8.55891e-06
7.56 8.34503e-06
7.57 8.13625e-06
7.58 7.93243e-06
7.59 7.73349e-06
7.6 7.53929e-06
7.61 7.34975e-06
7.62 7.16474e-06
7.63 6.98418e-06
7.64 6.80795e-06
7.65 6.63597e-06
7.66 6.46812e-06
7.67 6.30433e-06
7.68 6.14449e-06
7.69 5.98852e-06
7.7 5.83632e-06
7.71 5.68782e-06
7.72 5.54292e-06
7.73 5.40154e-06
7.74 5.26361e-06
7.75 5.12903e-06
7.76 4.99775e-06
7.77 4.86967e-06
7.78 4.74472e-06
7.79 4.62284e-06
7.8 4.50395e-06
7.81 4.38798e-06
7.82 4.27486e-06
7.83 4.16453e-06
7.84 4.05691e-06
7.85 3.95196e-06
7.86 3.8496e-06
7.87 3.74978e-06
7.88 3.65243e-06
7.89 3.55749e-06
7.9 3.46492e-06
7.91 3.37465e-06
7.92 3.28663e-06
7.93 3.2008e-06
7.94 3.11712e-06
7.95 3.03553e-06
7.96 2.95599e-06
7.97 2.87844e-06
7.98 2.80283e-06
7.99 2.72913e-06
