0 0.161531
0.01 0.162288
0.02 0.163043
0.03 0.163796
0.04 0.164546
0.05 0.165295
0.06 0.166041
0.07 0.166784
0.08 0.167526
0.09 0.168264
0.1 0.169
0.11 0.169734
0.12 0.170465
0.13 0.171193
0.14 0.171918
0.15 0.17264
0.16 0.17336
0.17 0.174076
0.18 0.174789
0.19 0.1755
0.2 0.176207
0.21 0.17691
0.22 0.177611
0.23 0.178308
0.24 0.179001
0.25 0.179692
0.26 0.180378
0.27 0.181061
0.28 0.18174
0.29 0.182416
0.3 0.183088
0.31 0.183756
0.32 0.18442
0.33 0.18508
0.34 0.185736
0.35 0.186388
0.36 0.187036
0.37 0.187679
0.38 0.188319
0.39 0.188954
0.4 0.189584
0.41 0.19021
0.42 0.190832
0.43 0.191449
0.44 0.192062
0.45 0.19267
0.46 0.193273
0.47 0.193871
0.48 0.194465
0.49 0.195054
0.5 0.195638
0.51 0.196216
0.52 0.19679
0.53 0.197359
0.54 0.197922
0.55 0.198481
0.56 0.199034
0.57 0.199581
0.58 0.200124
0.59 0.200661
0.6 0.201192
0.61 0.201718
0.62 0.202239
0.63 0.202753
0.64 0.203263
0.65 0.203766
0.66 0.204264
0.67 0.204756
0.68 0.205242
0.69 0.205722
0.7 0.206196
0.71 0.206665
0.72 0.207127
0.73 0.207583
0.74 0.208033
0.75 0.208477
0.76 0.208915
0.77 0.209346
0.78 0.209771
0.79 0.21019
0.8 0.210602
0.81 0.211009
0.82 0.211408
0.83 0.211801
0.84 0.212188
0.85 0.212568
0.86 0.212941
0.87 0.213308
0.88 0.213668
0.89 0.214022
0.9 0.214368
0.91 0.214708
0.92 0.215041
0.93 0.215368
0.94 0.215687
0.95 0.216
0.96 0.216305
0.97 0.216604
0.98 0.216895
0.99 0.21718
1 0.217458
1.01 0.217728
1.02 0.217991
1.03 0.218248
1.04 0.218497
1.05 0.218739
1.06 0.218974
1.07 0.219201
1.08 0.219421
1.09 0.219634
1.1 0.21984
1.11 0.220038
1.12 0.22023
1.13 0.220413
1.14 0.22059
1.15 0.220759
1.16 0.22092
1.17 0.221075
1.18 0.221221
1.19 0.221361
1.2 0.221493
1.21 0.221617
1.22 0.221734
1.23 0.221843
1.24 0.221945
1.25 0.22204
1.26 0.222127
1.27 0.222206
1.28 0.222278
1.29 0.222342
1.3 0.222399
1.31 0.222448
1.32 0.22249
1.33 0.222524
1.34 0.222551
1.35 0.22257
1.36 0.222581
1.37 0.222585
1.38 0.222582
1.39 0.22257
1.4 0.222552
1.41 0.222525
1.42 0.222491
1.43 0.22245
1.44 0.222401
1.45 0.222344
1.46 0.22228
1.47 0.222209
1.48 0.22213
1.49 0.222043
1.5 0.221949
1.51 0.221847
1.52 0.221738
1.53 0.221622
1.54 0.221498
1.55 0.221366
1.56 0.221227
1.57 0.221081
1.58 0.220927
1.59 0.220766
1.6 0.220598
1.61 0.220422
1.62 0.220239
1.63 0.220049
1.64 0.219851
1.65 0.219646
1.66 0.219434
1.67 0.219215
1.68 0.218988
1.69 0.218754
1.7 0.218513
1.71 0.218265
1.72 0.21801
1.73 0.217748
1.74 0.217478
1.75 0.217202
1.76 0.216919
1.77 0.216629
1.78 0.216331
1.79 0.216027
1.8 0.215716
1.81 0.215398
1.82 0.215074
1.83 0.214742
1.84 0.214404
1.85 0.214059
1.86 0.213708
1.87 0.21335
1.88 0.212985
1.89 0.212613
1.9 0.212236
1.91 0.211851
1.92 0.21146
1.93 0.211063
1.94 0.210659
1.95 0.210249
1.96 0.209833
1.97 0.209411
1.98 0.208982
1.99 0.208547
2 0.208106
2.01 0.207659
2.02 0.207206
2.03 0.206747
2.04 0.206281
2.05 0.20581
2.06 0.205334
2.07 0.204851
2.08 0.204362
2.09 0.203868
2.1 0.203368
2.11 0.202863
2.12 0.202352
2.13 0.201835
2.14 0.201313
2.15 0.200786
2.16 0.200253
2.17 0.199715
2.18 0.199171
2.19 0.198623
2.2 0.198069
2.21 0.19751
2.22 0.196946
2.23 0.196377
2.24 0.195803
2.25 0.195224
2.26 0.19464
2.27 0.194051
2.28 0.193458
2.29 0.19286
2.3 0.192257
2.31 0.19165
2.32 0.191038
2.33 0.190422
2.34 0.189801
2.35 0.189176
2.36 0.188547
2.37 0.187913
2.38 0.187276
2.39 0.186634
2.4 0.185988
2.41 0.185338
2.42 0.184684
2.43 0.184026
2.44 0.183365
2.45 0.182699
2.46 0.18203
2.47 0.181357
2.48 0.180681
2.49 0.180001
2.5 0.179318
2.51 0.178631
2.52 0.177941
2.53 0.177247
2.54 0.17655
2.55 0.175851
2.56 0.175148
2.57 0.174441
2.58 0.173732
2.59 0.17302
2.6 0.172305
2.61 0.171588
2.62 0.170867
2.63 0.170144
2.64 0.169418
2.65 0.16869
2.66 0.167959
2.67 0.167225
2.68 0.16649
2.69 0.165751
2.7 0.165011
2.71 0.164268
2.72 0.163524
2.73 0.162777
2.74 0.162028
2.75 0.161277
2.76 0.160524
2.77 0.159769
2.78 0.159013
2.79 0.158255
2.8 0.157495
2.81 0.156733
2.82 0.15597
2.83 0.155206
2.84 0.15444
2.85 0.153672
2.86 0.152903
2.87 0.152133
2.88 0.151362
2.89 0.15059
2.9 0.149816
2.91 0.149042
2.92 0.148266
2.93 0.14749
2.94 0.146713
2.95 0.145935
2.96 0.145156
2.97 0.144376
2.98 0.143596
2.99 0.142816
3 0.142034
3.01 0.141253
3.02 0.140471
3.03 0.139688
3.04 0.138905
3.05 0.138122
3.06 0.137339
3.07 0.136556
3.08 0.135772
3.09 0.134989
3.1 0.134205
3.11 0.133422
3.12 0.132639
3.13 0.131855
3.14 0.131073
3.15 0.13029
3.16 0.129508
3.17 0.128726
3.18 0.127944
3.19 0.127163
3.2 0.126383
3.21 0.125603
3.22 0.124824
3.23 0.124045
3.24 0.123267
3.25 0.12249
3.26 0.121714
3.27 0.120938
3.28 0.120164
3.29 0.11939
3.3 0.118618
3.31 0.117846
3.32 0.117076
3.33 0.116307
3.34 0.115539
3.35 0.114772
3.36 0.114006
3.37 0.113242
3.38 0.112479
3.39 0.111718
3.4 0.110957
3.41 0.110199
3.42 0.109442
3.43 0.108686
3.44 0.107932
3.45 0.10718
3.46 0.106429
3.47 0.105681
3.48 0.104933
3.49 0.104188
3.5 0.103445
3.51 0.102703
3.52 0.101963
3.53 0.101225
3.54 0.10049
3.55 0.0997559
3.56 0.0990241
3.57 0.0982944
3.58 0.0975668
3.59 0.0968414
3.6 0.0961182
3.61 0.0953971
3.62 0.0946783
3.63 0.0939618
3.64 0.0932476
3.65 0.0925357
3.66 0.0918261
3.67 0.091119
3.68 0.0904143
3.69 0.089712
3.7 0.0890122
3.71 0.0883149
3.72 0.0876202
3.73 0.086928
3.74 0.0862384
3.75 0.0855514
3.76 0.084867
3.77 0.0841853
3.78 0.0835063
3.79 0.08283
3.8 0.0821564
3.81 0.0814856
3.82 0.0808175
3.83 0.0801523
3.84 0.0794898
3.85 0.0788302
3.86 0.0781735
3.87 0.0775196
3.88 0.0768687
3.89 0.0762206
3.9 0.0755756
3.91 0.0749334
3.92 0.0742942
3.93 0.0736581
3.94 0.0730249
3.95 0.0723948
3.96 0.0717677
3.97 0.0711436
3.98 0.0705226
3.99 0.0699048
4 0.06929
4.01 0.0686783
4.02 0.0680697
4.03 0.0674643
4.04 0.0668621
4.05 0.066263
4.06 0.0656671
4.07 0.0650743
4.08 0.0644848
4.09 0.0638985
4.1 0.0633154
4.11 0.0627355
4.12 0.0621589
4.13 0.0615855
4.14 0.0610153
4.15 0.0604484
4.16 0.0598848
4.17 0.0593245
4.18 0.0587674
4.19 0.0582137
4.2 0.0576632
4.21 0.057116
4.22 0.0565722
4.23 0.0560316
4.24 0.0554944
4.25 0.0549604
4.26 0.0544298
4.27 0.0539025
4.28 0.0533786
4.29 0.052858
4.3 0.0523407
4.31 0.0518267
4.32 0.0513161
4.33 0.0508088
4.34 0.0503049
4.35 0.0498043
4.36 0.049307
4.37 0.0488131
4.38 0.0483225
4.39 0.0478353
4.4 0.0473513
4.41 0.0468708
4.42 0.0463935
4.43 0.0459196
4.44 0.045449
4.45 0.0449817
4.46 0.0445178
4.47 0.0440571
4.48 0.0435998
4.49 0.0431458
4.5 0.0426951
4.51 0.0422477
4.52 0.0418036
4.53 0.0413628
4.54 0.0409252
4.55 0.040491
4.56 0.04006
4.57 0.0396323
4.58 0.0392078
4.59 0.0387866
4.6 0.0383687
4.61 0.037954
4.62 0.0375425
4.63 0.0371343
4.64 0.0367292
4.65 0.0363274
4.66 0.0359288
4.67 0.0355333
4.68 0.0351411
4.69 0.034752
4.7 0.0343661
4.71 0.0339833
4.72 0.0336037
4.73 0.0332272
4.74 0.0328539
4.75 0.0324837
4.76 0.0321165
4.77 0.0317525
4.78 0.0313915
4.79 0.0310336
4.8 0.0306788
4.81 0.030327
4.82 0.0299783
4.83 0.0296326
4.84 0.0292899
4.85 0.0289502
4.86 0.0286134
4.87 0.0282797
4.88 0.0279489
4.89 0.0276211
4.9 0.0272962
4.91 0.0269742
4.92 0.0266552
4.93 0.026339
4.94 0.0260258
4.95 0.0257154
4.96 0.0254078
4.97 0.0251031
4.98 0.0248013
4.99 0.0245022
5 0.024206
5.01 0.0239125
5.02 0.0236218
5.03 0.0233339
5.04 0.0230487
5.05 0.0227662
5.06 0.0224865
5.07 0.0222094
5.08 0.0219351
5.09 0.0216634
5.1 0.0213944
5.11 0.021128
5.12 0.0208642
5.13 0.020603
5.14 0.0203445
5.15 0.0200885
5.16 0.019835
5.17 0.0195842
5.18 0.0193358
5.19 0.01909
5.2 0.0188466
5.21 0.0186058
5.22 0.0183674
5.23 0.0181315
5.24 0.017898
5.25 0.0176669
5.26 0.0174382
5.27 0.017212
5.28 0.0169881
5.29 0.0167665
5.3 0.0165473
5.31 0.0163304
5.32 0.0161158
5.33 0.0159035
5.34 0.0156935
5.35 0.0154858
5.36 0.0152803
5.37 0.015077
5.38 0.0148759
5.39 0.014677
5.4 0.0144803
5.41 0.0142858
5.42 0.0140934
5.43 0.0139032
5.44 0.013715
5.45 0.013529
5.46 0.013345
5.47 0.0131631
5.48 0.0129832
5.49 0.0128054
5.5 0.0126296
5.51 0.0124558
5.52 0.012284
5.53 0.0121141
5.54 0.0119462
5.55 0.0117803
5.56 0.0116162
5.57 0.0114541
5.58 0.0112939
5.59 0.0111355
5.6 0.010979
5.61 0.0108243
5.62 0.0106714
5.63 0.0105204
5.64 0.0103712
5.65 0.0102237
5.66 0.010078
5.67 0.00993403
5.68 0.00979181
5.69 0.0096513
5.7 0.00951249
5.71 0.00937537
5.72 0.00923992
5.73 0.00910612
5.74 0.00897396
5.75 0.00884343
5.76 0.00871451
5.77 0.00858719
5.78 0.00846144
5.79 0.00833726
5.8 0.00821463
5.81 0.00809354
5.82 0.00797396
5.83 0.0078559
5.84 0.00773932
5.85 0.00762422
5.86 0.00751059
5.87 0.0073984
5.88 0.00728765
5.89 0.00717832
5.9 0.0070704
5.91 0.00696386
5.92 0.00685871
5.93 0.00675492
5.94 0.00665248
5.95 0.00655138
5.96 0.0064516
5.97 0.00635313
5.98 0.00625595
5.99 0.00616006
6 0.00606544
6.01 0.00597207
6.02 0.00587995
6.03 0.00578905
6.04 0.00569937
6.05 0.0056109
6.06 0.00552361
6.07 0.00543751
6.08 0.00535257
6.09 0.00526878
6.1 0.00518613
6.11 0.00510461
6.12 0.00502421
6.13 0.0049449
6.14 0.00486669
6.15 0.00478956
6.16 0.00471349
6.17 0.00463848
6.18 0.00456451
6.19 0.00449158
6.2 0.00441966
6.21 0.00434875
6.22 0.00427883
6.23 0.0042099
6.24 0.00414195
6.25 0.00407495
6.26 0.00400891
6.27 0.00394381
6.28 0.00387964
6.29 0.00381638
6.3 0.00375403
6.31 0.00369258
6.32 0.00363201
6.33 0.00357232
6.34 0.0035135
6.35 0.00345553
6.36 0.0033984
6.37 0.00334211
6.38 0.00328664
6.39 0.00323198
6.4 0.00317813
6.41 0.00312508
6.42 0.0030728
6.43 0.0030213
6.44 0.00297057
6.45 0.00292059
6.46 0.00287136
6.47 0.00282287
6.48 0.0027751
6.49 0.00272805
6.5 0.00268171
6.51 0.00263607
6.52 0.00259112
6.53 0.00254685
6.54 0.00250326
6.55 0.00246033
6.56 0.00241806
6.57 0.00237643
6.58 0.00233545
6.59 0.00229509
6.6 0.00225536
6.61 0.00221625
6.62 0.00217774
6.63 0.00213982
6.64 0.0021025
6.65 0.00206577
6.66 0.0020296
6.67 0.00199401
6.68 0.00195897
6.69 0.00192449
6.7 0.00189055
6.71 0.00185715
6.72 0.00182427
6.73 0.00179192
6.74 0.00176009
6.75 0.00172876
6.76 0.00169794
6.77 0.00166761
6.78 0.00163777
6.79 0.00160841
6.8 0.00157952
6.81 0.0015511
6.82 0.00152314
6.83 0.00149564
6.84 0.00146859
6.85 0.00144197
6.86 0.0014158
6.87 0.00139005
6.88 0.00136472
6.89 0.00133981
6.9 0.00131532
6.91 0.00129123
6.92 0.00126753
6.93 0.00124424
6.94 0.00122133
6.95 0.0011988
6.96 0.00117665
6.97 0.00115487
6.98 0.00113345
6.99 0.0011124
7 0.0010917
7.01 0.00107135
7.02 0.00105135
7.03 0.00103168
7.04 0.00101235
7.05 0.000993351
7.06 0.000974675
7.07 0.000956318
7.08 0.000938276
7.09 0.000920544
7.1 0.000903117
7.11 0.000885991
7.12 0.000869162
7.13 0.000852623
7.14 0.000836372
7.15 0.000820404
7.16 0.000804714
7.17 0.000789298
7.18 0.000774152
7.19 0.000759271
7.2 0.000744652
7.21 0.00073029
7.22 0.000716182
7.23 0.000702323
7.24 0.00068871
7.25 0.000675338
7.26 0.000662204
7.27 0.000649304
7.28 0.000636635
7.29 0.000624192
7.3 0.000611972
7.31 0.000599971
7.32 0.000588187
7.33 0.000576615
7.34 0.000565252
7.35 0.000554095
7.36 0.00054314
7.37 0.000532384
7.38 0.000521824
7.39 0.000511456
7.4 0.000501278
7.41 0.000491286
7.42 0.000481478
7.43 0.00047185
7.44 0.000462399
7.45 0.000453123
7.46 0.000444018
7.47 0.000435082
7.48 0.000426311
7.49 0.000417704
7.5 0.000409257
7.51 0.000400967
7.52 0.000392832
7.53 0.00038485
7.54 0.000377018
7.55 0.000369333
7.56 0.000361792
7.57 0.000354394
7.58 0.000347136
7.59 0.000340015
7.6 0.000333029
7.61 0.000326176
7.62 0.000319454
7.63 0.00031286
7.64 0.000306392
7.65 0.000300047
7.66 0.000293825
7.67 0.000287722
7.68 0.000281736
7.69 0.000275866
7.7 0.000270109
7.71 0.000264464
7.72 0.000258928
7.73 0.0002535
7.74 0.000248178
7.75 0.000242959
7.76 0.000237842
7.77 0.000232825
7.78 0.000227906
7.79 0.000223084
7.8 0.000218357
7.81 0.000213723
7.82 0.000209181
7.83 0.000204728
7.84 0.000200364
7.85 0.000196086
7.86 0.000191893
7.87 0.000187783
7.88 0.000183756
7.89 0.000179809
7.9 0.000175941
7.91 0.00017215
7.92 0.000168436
7.93 0.000164796
7.94 0.00016123
7.95 0.000157736
7.96 0.000154312
7.97 0.000150958
7.98 0.000147672
7.99 0.000144452
