0 0.0992804
0.01 0.0994963
0.02 0.099713
0.03 0.0999302
0.04 0.100148
0.05 0.100367
0.06 0.100586
0.07 0.100805
0.08 0.101025
0.09 0.101246
0.1 0.101467
0.11 0.101688
0.12 0.10191
0.13 0.102132
0.14 0.102354
0.15 0.102577
0.16 0.1028
0.17 0.103023
0.18 0.103246
0.19 0.103469
0.2 0.103693
0.21 0.103916
0.22 0.10414
0.23 0.104363
0.24 0.104587
0.25 0.104811
0.26 0.105034
0.27 0.105257
0.28 0.10548
0.29 0.105703
0.3 0.105926
0.31 0.106148
0.32 0.10637
0.33 0.106592
0.34 0.106813
0.35 0.107034
0.36 0.107254
0.37 0.107474
0.38 0.107694
0.39 0.107912
0.4 0.108131
0.41 0.108348
0.42 0.108565
0.43 0.108781
0.44 0.108996
0.45 0.109211
0.46 0.109425
0.47 0.109638
0.48 0.10985
0.49 0.110061
0.5 0.110271
0.51 0.11048
0.52 0.110688
0.53 0.110895
0.54 0.111101
0.55 0.111305
0.56 0.111509
0.57 0.111711
0.58 0.111912
0.59 0.112111
0.6 0.112309
0.61 0.112506
0.62 0.112702
0.63 0.112896
0.64 0.113088
0.65 0.113279
0.66 0.113468
0.67 0.113656
0.68 0.113842
0.69 0.114027
0.7 0.114209
0.71 0.11439
0.72 0.114569
0.73 0.114747
0.74 0.114922
0.75 0.115096
0.76 0.115268
0.77 0.115437
0.78 0.115605
0.79 0.115771
0.8 0.115934
0.81 0.116096
0.82 0.116255
0.83 0.116412
0.84 0.116567
0.85 0.11672
0.86 0.116871
0.87 0.117019
0.88 0.117165
0.89 0.117308
0.9 0.11745
0.91 0.117588
0.92 0.117725
0.93 0.117858
0.94 0.11799
0.95 0.118118
0.96 0.118244
0.97 0.118368
0.98 0.118489
0.99 0.118607
1 0.118723
1.01 0.118835
1.02 0.118945
1.03 0.119053
1.04 0.119157
1.05 0.119259
1.06 0.119358
1.07 0.119453
1.08 0.119546
1.09 0.119636
1.1 0.119723
1.11 0.119808
1.12 0.119889
1.13 0.119967
1.14 0.120042
1.15 0.120113
1.16 0.120182
1.17 0.120248
1.18 0.12031
1.19 0.120369
1.2 0.120426
1.21 0.120478
1.22 0.120528
1.23 0.120574
1.24 0.120618
1.25 0.120657
1.26 0.120694
1.27 0.120727
1.28 0.120757
1.29 0.120783
1.3 0.120806
1.31 0.120826
1.32 0.120842
1.33 0.120855
1.34 0.120864
1.35 0.12087
1.36 0.120872
1.37 0.120871
1.38 0.120867
1.39 0.120858
1.4 0.120847
1.41 0.120832
1.42 0.120813
1.43 0.12079
1.44 0.120765
1.45 0.120735
1.46 0.120702
1.47 0.120665
1.48 0.120625
1.49 0.120581
1.5 0.120533
1.51 0.120482
1.52 0.120427
1.53 0.120369
1.54 0.120307
1.55 0.120241
1.56 0.120171
1.57 0.120098
1.58 0.120021
1.59 0.119941
1.6 0.119857
1.61 0.119769
1.62 0.119677
1.63 0.119582
1.64 0.119483
1.65 0.119381
1.66 0.119275
1.67 0.119165
1.68 0.119051
1.69 0.118934
1.7 0.118813
1.71 0.118688
1.72 0.11856
1.73 0.118428
1.74 0.118292
1.75 0.118153
1.76 0.11801
1.77 0.117863
1.78 0.117713
1.79 0.117559
1.8 0.117402
1.81 0.117241
1.82 0.117076
1.83 0.116908
1.84 0.116736
1.85 0.11656
1.86 0.116381
1.87 0.116199
1.88 0.116013
1.89 0.115823
1.9 0.11563
1.91 0.115433
1.92 0.115233
1.93 0.115029
1.94 0.114822
1.95 0.114611
1.96 0.114397
1.97 0.114179
1.98 0.113958
1.99 0.113734
2 0.113506
2.01 0.113275
2.02 0.113041
2.03 0.112803
2.04 0.112562
2.05 0.112317
2.06 0.11207
2.07 0.111819
2.08 0.111564
2.09 0.111307
2.1 0.111046
2.11 0.110783
2.12 0.110516
2.13 0.110245
2.14 0.109972
2.15 0.109696
2.16 0.109417
2.17 0.109134
2.18 0.108849
2.19 0.10856
2.2 0.108269
2.21 0.107974
2.22 0.107677
2.23 0.107377
2.24 0.107074
2.25 0.106768
2.26 0.106459
2.27 0.106147
2.28 0.105833
2.29 0.105516
2.3 0.105196
2.31 0.104874
2.32 0.104548
2.33 0.10422
2.34 0.10389
2.35 0.103557
2.36 0.103221
2.37 0.102883
2.38 0.102543
2.39 0.1022
2.4 0.101854
2.41 0.101506
2.42 0.101156
2.43 0.100803
2.44 0.100448
2.45 0.100091
2.46 0.0997313
2.47 0.0993696
2.48 0.0990056
2.49 0.0986395
2.5 0.0982712
2.51 0.0979009
2.52 0.0975285
2.53 0.097154
2.54 0.0967775
2.55 0.0963991
2.56 0.0960187
2.57 0.0956364
2.58 0.0952523
2.59 0.0948663
2.6 0.0944784
2.61 0.0940889
2.62 0.0936975
2.63 0.0933045
2.64 0.0929098
2.65 0.0925134
2.66 0.0921154
2.67 0.0917159
2.68 0.0913148
2.69 0.0909122
2.7 0.0905081
2.71 0.0901026
2.72 0.0896957
2.73 0.0892874
2.74 0.0888777
2.75 0.0884668
2.76 0.0880546
2.77 0.0876411
2.78 0.0872264
2.79 0.0868106
2.8 0.0863937
2.81 0.0859756
2.82 0.0855565
2.83 0.0851363
2.84 0.0847152
2.85 0.084293
2.86 0.08387
2.87 0.083446
2.88 0.0830212
2.89 0.0825956
2.9 0.0821691
2.91 0.0817419
2.92 0.081314
2.93 0.0808854
2.94 0.0804561
2.95 0.0800262
2.96 0.0795957
2.97 0.0791646
2.98 0.078733
2.99 0.0783009
3 0.0778684
3.01 0.0774354
3.02 0.0770021
3.03 0.0765683
3.04 0.0761343
3.05 0.0756999
3.06 0.0752653
3.07 0.0748305
3.08 0.0743954
3.09 0.0739602
3.1 0.0735248
3.11 0.0730894
3.12 0.0726539
3.13 0.0722183
3.14 0.0717827
3.15 0.0713471
3.16 0.0709116
3.17 0.0704762
3.18 0.0700409
3.19 0.0696057
3.2 0.0691707
3.21 0.0687359
3.22 0.0683014
3.23 0.0678671
3.24 0.0674331
3.25 0.0669994
3.26 0.066566
3.27 0.0661331
3.28 0.0657005
3.29 0.0652684
3.3 0.0648368
3.31 0.0644056
3.32 0.063975
3.33 0.0635449
3.34 0.0631154
3.35 0.0626865
3.36 0.0622582
3.37 0.0618306
3.38 0.0614037
3.39 0.0609774
3.4 0.0605519
3.41 0.0601272
3.42 0.0597033
3.43 0.0592801
3.44 0.0588578
3.45 0.0584364
3.46 0.0580158
3.47 0.0575961
3.48 0.0571774
3.49 0.0567596
3.5 0.0563428
3.51 0.0559271
3.52 0.0555123
3.53 0.0550986
3.54 0.0546859
3.55 0.0542744
3.56 0.0538639
3.57 0.0534546
3.58 0.0530465
3.59 0.0526395
3.6 0.0522337
3.61 0.0518291
3.62 0.0514258
3.63 0.0510237
3.64 0.0506229
3.65 0.0502234
3.66 0.0498253
3.67 0.0494284
3.68 0.0490329
3.69 0.0486388
3.7 0.048246
3.71 0.0478547
3.72 0.0474648
3.73 0.0470763
3.74 0.0466893
3.75 0.0463037
3.76 0.0459196
3.77 0.0455371
3.78 0.045156
3.79 0.0447765
3.8 0.0443986
3.81 0.0440222
3.82 0.0436473
3.83 0.0432741
3.84 0.0429025
3.85 0.0425325
3.86 0.0421641
3.87 0.0417974
3.88 0.0414323
3.89 0.0410689
3.9 0.0407072
3.91 0.0403472
3.92 0.0399888
3.93 0.0396322
3.94 0.0392773
3.95 0.0389242
3.96 0.0385728
3.97 0.0382232
3.98 0.0378753
3.99 0.0375292
4 0.0371849
4.01 0.0368423
4.02 0.0365016
4.03 0.0361627
4.04 0.0358256
4.05 0.0354904
4.06 0.035157
4.07 0.0348254
4.08 0.0344957
4.09 0.0341678
4.1 0.0338418
4.11 0.0335176
4.12 0.0331953
4.13 0.032875
4.14 0.0325564
4.15 0.0322398
4.16 0.0319251
4.17 0.0316123
4.18 0.0313014
4.19 0.0309924
4.2 0.0306853
4.21 0.0303801
4.22 0.0300768
4.23 0.0297755
4.24 0.0294761
4.25 0.0291786
4.26 0.028883
4.27 0.0285894
4.28 0.0282977
4.29 0.028008
4.3 0.0277202
4.31 0.0274343
4.32 0.0271504
4.33 0.0268684
4.34 0.0265883
4.35 0.0263102
4.36 0.0260341
4.37 0.0257598
4.38 0.0254876
4.39 0.0252172
4.4 0.0249488
4.41 0.0246824
4.42 0.0244178
4.43 0.0241553
4.44 0.0238946
4.45 0.0236359
4.46 0.0233791
4.47 0.0231243
4.48 0.0228714
4.49 0.0226204
4.5 0.0223713
4.51 0.0221241
4.52 0.0218789
4.53 0.0216356
4.54 0.0213942
4.55 0.0211547
4.56 0.0209171
4.57 0.0206814
4.58 0.0204476
4.59 0.0202157
4.6 0.0199857
4.61 0.0197575
4.62 0.0195313
4.63 0.0193069
4.64 0.0190843
4.65 0.0188637
4.66 0.0186449
4.67 0.0184279
4.68 0.0182128
4.69 0.0179996
4.7 0.0177882
4.71 0.0175786
4.72 0.0173708
4.73 0.0171649
4.74 0.0169607
4.75 0.0167584
4.76 0.0165578
4.77 0.0163591
4.78 0.0161621
4.79 0.0159669
4.8 0.0157735
4.81 0.0155819
4.82 0.015392
4.83 0.0152038
4.84 0.0150174
4.85 0.0148327
4.86 0.0146498
4.87 0.0144686
4.88 0.0142891
4.89 0.0141112
4.9 0.0139351
4.91 0.0137607
4.92 0.0135879
4.93 0.0134168
4.94 0.0132474
4.95 0.0130796
4.96 0.0129135
4.97 0.012749
4.98 0.0125861
4.99 0.0124249
5 0.0122652
5.01 0.0121072
5.02 0.0119507
5.03 0.0117959
5.04 0.0116426
5.05 0.0114908
5.06 0.0113407
5.07 0.011192
5.08 0.0110449
5.09 0.0108994
5.1 0.0107553
5.11 0.0106128
5.12 0.0104718
5.13 0.0103322
5.14 0.0101941
5.15 0.0100575
5.16 0.0099224
5.17 0.00978871
5.18 0.00965646
5.19 0.00952565
5.2 0.00939625
5.21 0.00926827
5.22 0.0091417
5.23 0.00901651
5.24 0.00889271
5.25 0.00877028
5.26 0.00864921
5.27 0.0085295
5.28 0.00841113
5.29 0.0082941
5.3 0.00817838
5.31 0.00806399
5.32 0.00795089
5.33 0.00783909
5.34 0.00772858
5.35 0.00761933
5.36 0.00751136
5.37 0.00740463
5.38 0.00729915
5.39 0.00719491
5.4 0.00709189
5.41 0.00699008
5.42 0.00688948
5.43 0.00679008
5.44 0.00669185
5.45 0.00659481
5.46 0.00649893
5.47 0.0064042
5.48 0.00631062
5.49 0.00621817
5.5 0.00612685
5.51 0.00603665
5.52 0.00594755
5.53 0.00585955
5.54 0.00577264
5.55 0.0056868
5.56 0.00560203
5.57 0.00551832
5.58 0.00543566
5.59 0.00535403
5.6 0.00527344
5.61 0.00519386
5.62 0.0051153
5.63 0.00503773
5.64 0.00496116
5.65 0.00488556
5.66 0.00481094
5.67 0.00473729
5.68 0.00466458
5.69 0.00459282
5.7 0.004522
5.71 0.0044521
5.72 0.00438312
5.73 0.00431505
5.74 0.00424788
5.75 0.00418159
5.76 0.00411619
5.77 0.00405166
5.78 0.00398799
5.79 0.00392517
5.8 0.0038632
5.81 0.00380207
5.82 0.00374176
5.83 0.00368228
5.84 0.0036236
5.85 0.00356573
5.86 0.00350865
5.87 0.00345235
5.88 0.00339683
5.89 0.00334208
5.9 0.00328809
5.91 0.00323485
5.92 0.00318236
5.93 0.0031306
5.94 0.00307956
5.95 0.00302925
5.96 0.00297964
5.97 0.00293074
5.98 0.00288253
5.99 0.00283502
6 0.00278818
6.01 0.00274201
6.02 0.0026965
6.03 0.00265165
6.04 0.00260745
6.05 0.00256389
6.06 0.00252097
6.07 0.00247867
6.08 0.00243699
6.09 0.00239592
6.1 0.00235546
6.11 0.00231559
6.12 0.00227631
6.13 0.00223762
6.14 0.0021995
6.15 0.00216195
6.16 0.00212496
6.17 0.00208852
6.18 0.00205264
6.19 0.00201729
6.2 0.00198248
6.21 0.0019482
6.22 0.00191444
6.23 0.00188119
6.24 0.00184845
6.25 0.00181622
6.26 0.00178448
6.27 0.00175323
6.28 0.00172246
6.29 0.00169217
6.3 0.00166235
6.31 0.00163299
6.32 0.00160409
6.33 0.00157565
6.34 0.00154765
6.35 0.00152009
6.36 0.00149297
6.37 0.00146627
6.38 0.00144
6.39 0.00141415
6.4 0.00138871
6.41 0.00136368
6.42 0.00133904
6.43 0.00131481
6.44 0.00129096
6.45 0.0012675
6.46 0.00124442
6.47 0.00122171
6.48 0.00119938
6.49 0.00117741
6.5 0.00115579
6.51 0.00113453
6.52 0.00111363
6.53 0.00109306
6.54 0.00107284
6.55 0.00105295
6.56 0.00103339
6.57 0.00101415
6.58 0.000995237
6.59 0.00097664
6.6 0.000958354
6.61 0.000940376
6.62 0.0009227
6.63 0.000905323
6.64 0.00088824
6.65 0.000871446
6.66 0.000854938
6.67 0.000838712
6.68 0.000822763
6.69 0.000807086
6.7 0.000791679
6.71 0.000776537
6.72 0.000761657
6.73 0.000747033
6.74 0.000732663
6.75 0.000718542
6.76 0.000704668
6.77 0.000691035
6.78 0.000677641
6.79 0.000664481
6.8 0.000651553
6.81 0.000638852
6.82 0.000626376
6.83 0.00061412
6.84 0.000602082
6.85 0.000590257
6.86 0.000578643
6.87 0.000567237
6.88 0.000556034
6.89 0.000545032
6.9 0.000534228
6.91 0.000523619
6.92 0.000513201
6.93 0.000502972
6.94 0.000492928
6.95 0.000483066
6.96 0.000473385
6.97 0.000463879
6.98 0.000454548
6.99 0.000445388
7 0.000436396
7.01 0.00042757
7.02 0.000418906
7.03 0.000410403
7.04 0.000402057
7.05 0.000393866
7.06 0.000385828
7.07 0.00037794
7.08 0.000370199
7.09 0.000362603
7.1 0.000355149
7.11 0.000347836
7.12 0.000340661
7.13 0.000333621
7.14 0.000326714
7.15 0.000319939
7.16 0.000313292
7.17 0.000306772
7.18 0.000300376
7.19 0.000294103
7.2 0.00028795
7.21 0.000281915
7.22 0.000275996
7.23 0.000270192
7.24 0.000264499
7.25 0.000258917
7.26 0.000253443
7.27 0.000248076
7.28 0.000242813
7.29 0.000237653
7.3 0.000232594
7.31 0.000227634
7.32 0.000222772
7.33 0.000218005
7.34 0.000213332
7.35 0.000208752
7.36 0.000204262
7.37 0.000199862
7.38 0.000195549
7.39 0.000191321
7.4 0.000187179
7.41 0.000183119
7.42 0.00017914
7.43 0.000175241
7.44 0.000171421
7.45 0.000167678
7.46 0.00016401
7.47 0.000160417
7.48 0.000156896
7.49 0.000153447
7.5 0.000150068
7.51 0.000146758
7.52 0.000143516
7.53 0.00014034
7.54 0.000137229
7.55 0.000134183
7.56 0.000131199
7.57 0.000128276
7.58 0.000125414
7.59 0.000122611
7.6 0.000119866
7.61 0.000117179
7.62 0.000114547
7.63 0.00011197
7.64 0.000109447
7.65 0.000106977
7.66 0.000104559
7.67 0.000102192
7.68 9.98742e-05
7.69 9.76056e-05
7.7 9.53849e-05
7.71 9.32113e-05
7.72 9.10838e-05
7.73 8.90015e-05
7.74 8.69636e-05
7.75 8.49692e-05
7.76 8.30174e-05
7.77 8.11074e-05
7.78 7.92384e-05
7.79 7.74095e-05
7.8 7.562e-05
7.81 7.38692e-05
7.82 7.21561e-05
7.83 7.04802e-05
7.84 6.88406e-05
7.85 6.72366e-05
7.86 6.56676e-05
7.87 6.41327e-05
7.88 6.26314e-05
7.89 6.1163e-05
7.9 5.97267e-05
7.91 5.8322e-05
7.92 5.69482e-05
7.93 5.56046e-05
7.94 5.42908e-05
7.95 5.3006e-05
7.96 5.17496e-05
7.97 5.05212e-05
7.98 4.932e-05
7.99 4.81456e-05
