-6 0.00895184
-5.99 0.0090648
-5.98 0.00917891
-5.97 0.00929416
-5.96 0.00941057
-5.95 0.00952814
-5.94 0.00964688
-5.93 0.00976679
-5.92 0.00988789
-5.91 0.0100102
-5.9 0.0101337
-5.89 0.0102583
-5.88 0.0103842
-5.87 0.0105114
-5.86 0.0106397
-5.85 0.0107693
-5.84 0.0109001
-5.83 0.0110321
-5.82 0.0111655
-5.81 0.0113
-5.8 0.0114359
-5.79 0.011573
-5.78 0.0117114
-5.77 0.011851
-5.76 0.011992
-5.75 0.0121343
-5.74 0.0122778
-5.73 0.0124227
-5.72 0.0125689
-5.71 0.0127165
-5.7 0.0128653
-5.69 0.0130155
-5.68 0.0131671
-5.67 0.01332
-5.66 0.0134742
-5.65 0.0136298
-5.64 0.0137868
-5.63 0.0139452
-5.62 0.0141049
-5.61 0.014266
-5.6 0.0144285
-5.59 0.0145924
-5.58 0.0147578
-5.57 0.0149245
-5.56 0.0150926
-5.55 0.0152622
-5.54 0.0154332
-5.53 0.0156056
-5.52 0.0157794
-5.51 0.0159547
-5.5 0.0161315
-5.49 0.0163097
-5.48 0.0164893
-5.47 0.0166704
-5.46 0.016853
-5.45 0.0170371
-5.44 0.0172226
-5.43 0.0174096
-5.42 0.0175981
-5.41 0.017788
-5.4 0.0179795
-5.39 0.0181725
-5.38 0.0183669
-5.37 0.0185629
-5.36 0.0187604
-5.35 0.0189594
-5.34 0.0191599
-5.33 0.0193619
-5.32 0.0195655
-5.31 0.0197706
-5.3 0.0199772
-5.29 0.0201853
-5.28 0.020395
-5.27 0.0206062
-5.26 0.020819
-5.25 0.0210333
-5.24 0.0212491
-5.23 0.0214665
-5.22 0.0216855
-5.21 0.021906
-5.2 0.0221281
-5.19 0.0223517
-5.18 0.0225769
-5.17 0.0228036
-5.16 0.0230319
-5.15 0.0232618
-5.14 0.0234933
-5.13 0.0237263
-5.12 0.0239609
-5.11 0.024197
-5.1 0.0244347
-5.09 0.024674
-5.08 0.0249149
-5.07 0.0251573
-5.06 0.0254014
-5.05 0.0256469
-5.04 0.0258941
-5.03 0.0261428
-5.02 0.0263932
-5.01 0.026645
-5 0.0268985
-4.99 0.0271535
-4.98 0.0274101
-4.97 0.0276683
-4.96 0.027928
-4.95 0.0281893
-4.94 0.0284522
-4.93 0.0287166
-4.92 0.0289826
-4.91 0.0292502
-4.9 0.0295193
-4.89 0.02979
-4.88 0.0300622
-4.87 0.030336
-4.86 0.0306113
-4.85 0.0308882
-4.84 0.0311666
-4.83 0.0314465
-4.82 0.031728
-4.81 0.0320111
-4.8 0.0322956
-4.79 0.0325817
-4.78 0.0328693
-4.77 0.0331584
-4.76 0.033449
-4.75 0.0337412
-4.74 0.0340348
-4.73 0.03433
-4.72 0.0346266
-4.71 0.0349247
-4.7 0.0352243
-4.69 0.0355254
-4.68 0.035828
-4.67 0.036132
-4.66 0.0364375
-4.65 0.0367444
-4.64 0.0370528
-4.63 0.0373626
-4.62 0.0376738
-4.61 0.0379865
-4.6 0.0383006
-4.59 0.0386161
-4.58 0.038933
-4.57 0.0392513
-4.56 0.039571
-4.55 0.0398921
-4.54 0.0402145
-4.53 0.0405383
-4.52 0.0408635
-4.51 0.04119
-4.5 0.0415179
-4.49 0.041847
-4.48 0.0421775
-4.47 0.0425093
-4.46 0.0428424
-4.45 0.0431768
-4.44 0.0435125
-4.43 0.0438494
-4.42 0.0441876
-4.41 0.044527
-4.4 0.0448677
-4.39 0.0452096
-4.38 0.0455527
-4.37 0.045897
-4.36 0.0462425
-4.35 0.0465892
-4.34 0.046937
-4.33 0.047286
-4.32 0.0476361
-4.31 0.0479874
-4.3 0.0483398
-4.29 0.0486933
-4.28 0.0490479
-4.27 0.0494035
-4.26 0.0497602
-4.25 0.050118
-4.24 0.0504768
-4.23 0.0508366
-4.22 0.0511975
-4.21 0.0515593
-4.2 0.0519221
-4.19 0.0522859
-4.18 0.0526506
-4.17 0.0530163
-4.16 0.0533828
-4.15 0.0537503
-4.14 0.0541187
-4.13 0.0544879
-4.12 0.054858
-4.11 0.055229
-4.1 0.0556007
-4.09 0.0559733
-4.08 0.0563467
-4.07 0.0567208
-4.06 0.0570957
-4.05 0.0574713
-4.04 0.0578477
-4.03 0.0582247
-4.02 0.0586025
-4.01 0.0589809
-4 0.05936
-3.99 0.0597397
-3.98 0.06012
-3.97 0.060501
-3.96 0.0608825
-3.95 0.0612645
-3.94 0.0616472
-3.93 0.0620303
-3.92 0.0624139
-3.91 0.0627981
-3.9 0.0631827
-3.89 0.0635677
-3.88 0.0639532
-3.87 0.0643391
-3.86 0.0647253
-3.85 0.065112
-3.84 0.0654989
-3.83 0.0658863
-3.82 0.0662739
-3.81 0.0666618
-3.8 0.06705
-3.79 0.0674384
-3.78 0.0678271
-3.77 0.0682159
-3.76 0.068605
-3.75 0.0689942
-3.74 0.0693835
-3.73 0.069773
-3.72 0.0701625
-3.71 0.0705522
-3.7 0.0709419
-3.69 0.0713316
-3.68 0.0717214
-3.67 0.0721111
-3.66 0.0725009
-3.65 0.0728905
-3.64 0.0732801
-3.63 0.0736696
-3.62 0.074059
-3.61 0.0744482
-3.6 0.0748373
-3.59 0.0752262
-3.58 0.0756149
-3.57 0.0760033
-3.56 0.0763915
-3.55 0.0767795
-3.54 0.0771671
-3.53 0.0775544
-3.52 0.0779414
-3.51 0.078328
-3.5 0.0787142
-3.49 0.0791
-3.48 0.0794854
-3.47 0.0798703
-3.46 0.0802548
-3.45 0.0806387
-3.44 0.0810221
-3.43 0.081405
-3.42 0.0817873
-3.41 0.082169
-3.4 0.0825501
-3.39 0.0829306
-3.38 0.0833104
-3.37 0.0836895
-3.36 0.0840679
-3.35 0.0844456
-3.34 0.0848225
-3.33 0.0851986
-3.32 0.085574
-3.31 0.0859485
-3.3 0.0863222
-3.29 0.086695
-3.28 0.087067
-3.27 0.087438
-3.26 0.0878081
-3.25 0.0881772
-3.24 0.0885454
-3.23 0.0889125
-3.22 0.0892787
-3.21 0.0896438
-3.2 0.0900078
-3.19 0.0903707
-3.18 0.0907325
-3.17 0.0910932
-3.16 0.0914528
-3.15 0.0918111
-3.14 0.0921683
-3.13 0.0925242
-3.12 0.0928789
-3.11 0.0932324
-3.1 0.0935845
-3.09 0.0939354
-3.08 0.0942849
-3.07 0.0946331
-3.06 0.0949799
-3.05 0.0953253
-3.04 0.0956693
-3.03 0.0960119
-3.02 0.096353
-3.01 0.0966927
-3 0.0970308
-2.99 0.0973675
-2.98 0.0977026
-2.97 0.0980362
-2.96 0.0983682
-2.95 0.0986986
-2.94 0.0990274
-2.93 0.0993546
-2.92 0.0996802
-2.91 0.100004
-2.9 0.100326
-2.89 0.100647
-2.88 0.100966
-2.87 0.101283
-2.86 0.101598
-2.85 0.101911
-2.84 0.102223
-2.83 0.102533
-2.82 0.102841
-2.81 0.103147
-2.8 0.103452
-2.79 0.103754
-2.78 0.104055
-2.77 0.104354
-2.76 0.10465
-2.75 0.104945
-2.74 0.105238
-2.73 0.105529
-2.72 0.105818
-2.71 0.106105
-2.7 0.10639
-2.69 0.106673
-2.68 0.106954
-2.67 0.107233
-2.66 0.107509
-2.65 0.107784
-2.64 0.108057
-2.63 0.108327
-2.62 0.108596
-2.61 0.108862
-2.6 0.109126
-2.59 0.109388
-2.58 0.109648
-2.57 0.109905
-2.56 0.110161
-2.55 0.110414
-2.54 0.110665
-2.53 0.110914
-2.52 0.11116
-2.51 0.111405
-2.5 0.111647
-2.49 0.111887
-2.48 0.112124
-2.47 0.112359
-2.46 0.112592
-2.45 0.112823
-2.44 0.113052
-2.43 0.113278
-2.42 0.113501
-2.41 0.113723
-2.4 0.113942
-2.39 0.114159
-2.38 0.114373
-2.37 0.114586
-2.36 0.114795
-2.35 0.115003
-2.34 0.115208
-2.33 0.115411
-2.32 0.115611
-2.31 0.115809
-2.3 0.116005
-2.29 0.116198
-2.28 0.116389
-2.27 0.116577
-2.26 0.116763
-2.25 0.116947
-2.24 0.117129
-2.23 0.117308
-2.22 0.117484
-2.21 0.117658
-2.2 0.11783
-2.19 0.118
-2.18 0.118167
-2.17 0.118331
-2.16 0.118493
-2.15 0.118653
-2.14 0.118811
-2.13 0.118966
-2.12 0.119119
-2.11 0.119269
-2.1 0.119417
-2.09 0.119563
-2.08 0.119706
-2.07 0.119847
-2.06 0.119985
-2.05 0.120121
-2.04 0.120255
-2.03 0.120387
-2.02 0.120516
-2.01 0.120643
-2 0.120767
-1.99 0.120889
-1.98 0.121009
-1.97 0.121127
-1.96 0.121242
-1.95 0.121355
-1.94 0.121466
-1.93 0.121574
-1.92 0.12168
-1.91 0.121784
-1.9 0.121886
-1.89 0.121985
-1.88 0.122082
-1.87 0.122177
-1.86 0.12227
-1.85 0.12236
-1.84 0.122449
-1.83 0.122535
-1.82 0.122619
-1.81 0.122701
-1.8 0.12278
-1.79 0.122858
-1.78 0.122933
-1.77 0.123007
-1.76 0.123078
-1.75 0.123147
-1.74 0.123214
-1.73 0.123279
-1.72 0.123342
-1.71 0.123403
-1.7 0.123462
-1.69 0.123519
-1.68 0.123574
-1.67 0.123627
-1.66 0.123678
-1.65 0.123727
-1.64 0.123774
-1.63 0.12382
-1.62 0.123863
-1.61 0.123905
-1.6 0.123944
-1.59 0.123982
-1.58 0.124018
-1.57 0.124053
-1.56 0.124085
-1.55 0.124116
-1.54 0.124145
-1.53 0.124172
-1.52 0.124197
-1.51 0.124221
-1.5 0.124243
-1.49 0.124264
-1.48 0.124283
-1.47 0.1243
-1.46 0.124316
-1.45 0.12433
-1.44 0.124342
-1.43 0.124353
-1.42 0.124363
-1.41 0.124371
-1.4 0.124378
-1.39 0.124383
-1.38 0.124386
-1.37 0.124388
-1.36 0.124389
-1.35 0.124389
-1.34 0.124387
-1.33 0.124384
-1.32 0.124379
-1.31 0.124374
-1.3 0.124367
-1.29 0.124358
-1.28 0.124349
-1.27 0.124338
-1.26 0.124326
-1.25 0.124313
-1.24 0.124299
-1.23 0.124284
-1.22 0.124268
-1.21 0.124251
-1.2 0.124232
-1.19 0.124213
-1.18 0.124193
-1.17 0.124171
-1.16 0.124149
-1.15 0.124126
-1.14 0.124102
-1.13 0.124077
-1.12 0.124052
-1.11 0.124025
-1.1 0.123998
-1.09 0.12397
-1.08 0.123941
-1.07 0.123911
-1.06 0.123881
-1.05 0.12385
-1.04 0.123819
-1.03 0.123787
-1.02 0.123754
-1.01 0.123721
-1 0.123687
-0.99 0.123653
-0.98 0.123618
-0.97 0.123583
-0.96 0.123547
-0.95 0.123511
-0.94 0.123475
-0.93 0.123438
-0.92 0.123401
-0.91 0.123364
-0.9 0.123326
-0.89 0.123289
-0.88 0.123251
-0.87 0.123213
-0.86 0.123174
-0.85 0.123136
-0.84 0.123097
-0.83 0.123059
-0.82 0.12302
-0.81 0.122982
-0.8 0.122943
-0.79 0.122905
-0.78 0.122866
-0.77 0.122828
-0.76 0.12279
-0.75 0.122752
-0.74 0.122715
-0.73 0.122677
-0.72 0.12264
-0.71 0.122603
-0.7 0.122567
-0.69 0.12253
-0.68 0.122495
-0.67 0.122459
-0.66 0.122424
-0.65 0.12239
-0.64 0.122356
-0.63 0.122322
-0.62 0.12229
-0.61 0.122257
-0.6 0.122225
-0.59 0.122194
-0.58 0.122164
-0.57 0.122134
-0.56 0.122105
-0.55 0.122076
-0.54 0.122049
-0.53 0.122021
-0.52 0.121995
-0.51 0.12197
-0.5 0.121945
-0.49 0.121921
-0.48 0.121897
-0.47 0.121875
-0.46 0.121853
-0.45 0.121832
-0.44 0.121812
-0.43 0.121793
-0.42 0.121775
-0.41 0.121757
-0.4 0.12174
-0.39 0.121724
-0.38 0.121709
-0.37 0.121694
-0.36 0.12168
-0.35 0.121667
-0.34 0.121655
-0.33 0.121643
-0.32 0.121632
-0.31 0.121622
-0.3 0.121612
-0.29 0.121603
-0.28 0.121595
-0.27 0.121587
-0.26 0.12158
-0.25 0.121574
-0.24 0.121568
-0.23 0.121562
-0.22 0.121557
-0.21 0.121552
-0.2 0.121548
-0.19 0.121544
-0.18 0.121541
-0.17 0.121538
-0.16 0.121535
-0.15 0.121533
-0.14 0.121531
-0.13 0.121529
-0.12 0.121527
-0.11 0.121526
-0.1 0.121524
-0.09 0.121523
-0.08 0.121522
-0.07 0.121522
-0.06 0.121521
-0.05 0.12152
-0.04 0.12152
-0.03 0.12152
-0.02 0.121519
-0.01 0.121519
0 0.121519
0.01 0.121519
0.02 0.121519
0.03 0.12152
0.04 0.12152
0.05 0.12152
0.06 0.121521
0.07 0.121522
0.08 0.121522
0.09 0.121523
0.1 0.121524
0.11 0.121526
0.12 0.121527
0.13 0.121529
0.14 0.121531
0.15 0.121533
0.16 0.121535
0.17 0.121538
0.18 0.121541
0.19 0.121544
0.2 0.121548
0.21 0.121552
0.22 0.121557
0.23 0.121562
0.24 0.121568
0.25 0.121574
0.26 0.12158
0.27 0.121587
0.28 0.121595
0.29 0.121603
0.3 0.121612
0.31 0.121622
0.32 0.121632
0.33 0.121643
0.34 0.121655
0.35 0.121667
0.36 0.12168
0.37 0.121694
0.38 0.121709
0.39 0.121724
0.4 0.12174
0.41 0.121757
0.42 0.121775
0.43 0.121793
0.44 0.121812
0.45 0.121832
0.46 0.121853
0.47 0.121875
0.48 0.121897
0.49 0.121921
0.5 0.121945
0.51 0.12197
0.52 0.121995
0.53 0.122021
0.54 0.122049
0.55 0.122076
0.56 0.122105
0.57 0.122134
0.58 0.122164
0.59 0.122194
0.6 0.122225
0.61 0.122257
0.62 0.12229
0.63 0.122322
0.64 0.122356
0.65 0.12239
0.66 0.122424
0.67 0.122459
0.68 0.122495
0.69 0.12253
0.7 0.122567
0.71 0.122603
0.72 0.12264
0.73 0.122677
0.74 0.122715
0.75 0.122752
0.76 0.12279
0.77 0.122828
0.78 0.122866
0.79 0.122905
0.8 0.122943
0.81 0.122982
0.82 0.12302
0.83 0.123059
0.84 0.123097
0.85 0.123136
0.86 0.123174
0.87 0.123213
0.88 0.123251
0.89 0.123289
0.9 0.123326
0.91 0.123364
0.92 0.123401
0.93 0.123438
0.94 0.123475
0.95 0.123511
0.96 0.123547
0.97 0.123583
0.98 0.123618
0.99 0.123653
1 0.123687
1.01 0.123721
1.02 0.123754
1.03 0.123787
1.04 0.123819
1.05 0.12385
1.06 0.123881
1.07 0.123911
1.08 0.123941
1.09 0.12397
1.1 0.123998
1.11 0.124025
1.12 0.124052
1.13 0.124077
1.14 0.124102
1.15 0.124126
1.16 0.124149
1.17 0.124171
1.18 0.124193
1.19 0.124213
1.2 0.124232
1.21 0.124251
1.22 0.124268
1.23 0.124284
1.24 0.124299
1.25 0.124313
1.26 0.124326
1.27 0.124338
1.28 0.124349
1.29 0.124358
1.3 0.124367
1.31 0.124374
1.32 0.124379
1.33 0.124384
1.34 0.124387
1.35 0.124389
1.36 0.124389
1.37 0.124388
1.38 0.124386
1.39 0.124383
1.4 0.124378
1.41 0.124371
1.42 0.124363
1.43 0.124353
1.44 0.124342
1.45 0.12433
1.46 0.124316
1.47 0.1243
1.48 0.124283
1.49 0.124264
1.5 0.124243
1.51 0.124221
1.52 0.124197
1.53 0.124172
1.54 0.124145
1.55 0.124116
1.56 0.124085
1.57 0.124053
1.58 0.124018
1.59 0.123982
1.6 0.123944
1.61 0.123905
1.62 0.123863
1.63 0.12382
1.64 0.123774
1.65 0.123727
1.66 0.123678
1.67 0.123627
1.68 0.123574
1.69 0.123519
1.7 0.123462
1.71 0.123403
1.72 0.123342
1.73 0.123279
1.74 0.123214
1.75 0.123147
1.76 0.123078
1.77 0.123007
1.78 0.122933
1.79 0.122858
1.8 0.12278
1.81 0.122701
1.82 0.122619
1.83 0.122535
1.84 0.122449
1.85 0.12236
1.86 0.12227
1.87 0.122177
1.88 0.122082
1.89 0.121985
1.9 0.121886
1.91 0.121784
1.92 0.12168
1.93 0.121574
1.94 0.121466
1.95 0.121355
1.96 0.121242
1.97 0.121127
1.98 0.121009
1.99 0.120889
2 0.120767
2.01 0.120643
2.02 0.120516
2.03 0.120387
2.04 0.120255
2.05 0.120121
2.06 0.119985
2.07 0.119847
2.08 0.119706
2.09 0.119563
2.1 0.119417
2.11 0.119269
2.12 0.119119
2.13 0.118966
2.14 0.118811
2.15 0.118653
2.16 0.118493
2.17 0.118331
2.18 0.118167
2.19 0.118
2.2 0.11783
2.21 0.117658
2.22 0.117484
2.23 0.117308
2.24 0.117129
2.25 0.116947
2.26 0.116763
2.27 0.116577
2.28 0.116389
2.29 0.116198
2.3 0.116005
2.31 0.115809
2.32 0.115611
2.33 0.115411
2.34 0.115208
2.35 0.115003
2.36 0.114795
2.37 0.114586
2.38 0.114373
2.39 0.114159
2.4 0.113942
2.41 0.113723
2.42 0.113501
2.43 0.113278
2.44 0.113052
2.45 0.112823
2.46 0.112592
2.47 0.112359
2.48 0.112124
2.49 0.111887
2.5 0.111647
2.51 0.111405
2.52 0.11116
2.53 0.110914
2.54 0.110665
2.55 0.110414
2.56 0.110161
2.57 0.109905
2.58 0.109648
2.59 0.109388
2.6 0.109126
2.61 0.108862
2.62 0.108596
2.63 0.108327
2.64 0.108057
2.65 0.107784
2.66 0.107509
2.67 0.107233
2.68 0.106954
2.69 0.106673
2.7 0.10639
2.71 0.106105
2.72 0.105818
2.73 0.105529
2.74 0.105238
2.75 0.104945
2.76 0.10465
2.77 0.104354
2.78 0.104055
2.79 0.103754
2.8 0.103452
2.81 0.103147
2.82 0.102841
2.83 0.102533
2.84 0.102223
2.85 0.101911
2.86 0.101598
2.87 0.101283
2.88 0.100966
2.89 0.100647
2.9 0.100326
2.91 0.100004
2.92 0.0996802
2.93 0.0993546
2.94 0.0990274
2.95 0.0986986
2.96 0.0983682
2.97 0.0980362
2.98 0.0977026
2.99 0.0973675
3 0.0970308
3.01 0.0966927
3.02 0.096353
3.03 0.0960119
3.04 0.0956693
3.05 0.0953253
3.06 0.0949799
3.07 0.0946331
3.08 0.0942849
3.09 0.0939354
3.1 0.0935845
3.11 0.0932324
3.12 0.0928789
3.13 0.0925242
3.14 0.0921683
3.15 0.0918111
3.16 0.0914528
3.17 0.0910932
3.18 0.0907325
3.19 0.0903707
3.2 0.0900078
3.21 0.0896438
3.22 0.0892787
3.23 0.0889125
3.24 0.0885454
3.25 0.0881772
3.26 0.0878081
3.27 0.087438
3.28 0.087067
3.29 0.086695
3.3 0.0863222
3.31 0.0859485
3.32 0.085574
3.33 0.0851986
3.34 0.0848225
3.35 0.0844456
3.36 0.0840679
3.37 0.0836895
3.38 0.0833104
3.39 0.0829306
3.4 0.0825501
3.41 0.082169
3.42 0.0817873
3.43 0.081405
3.44 0.0810221
3.45 0.0806387
3.46 0.0802548
3.47 0.0798703
3.48 0.0794854
3.49 0.0791
3.5 0.0787142
3.51 0.078328
3.52 0.0779414
3.53 0.0775544
3.54 0.0771671
3.55 0.0767795
3.56 0.0763915
3.57 0.0760033
3.58 0.0756149
3.59 0.0752262
3.6 0.0748373
3.61 0.0744482
3.62 0.074059
3.63 0.0736696
3.64 0.0732801
3.65 0.0728905
3.66 0.0725009
3.67 0.0721111
3.68 0.0717214
3.69 0.0713316
3.7 0.0709419
3.71 0.0705522
3.72 0.0701625
3.73 0.069773
3.74 0.0693835
3.75 0.0689942
3.76 0.068605
3.77 0.0682159
3.78 0.0678271
3.79 0.0674384
3.8 0.06705
3.81 0.0666618
3.82 0.0662739
3.83 0.0658863
3.84 0.0654989
3.85 0.065112
3.86 0.0647253
3.87 0.0643391
3.88 0.0639532
3.89 0.0635677
3.9 0.0631827
3.91 0.0627981
3.92 0.0624139
3.93 0.0620303
3.94 0.0616472
3.95 0.0612645
3.96 0.0608825
3.97 0.060501
3.98 0.06012
3.99 0.0597397
4 0.05936
4.01 0.0589809
4.02 0.0586025
4.03 0.0582247
4.04 0.0578477
4.05 0.0574713
4.06 0.0570957
4.07 0.0567208
4.08 0.0563467
4.09 0.0559733
4.1 0.0556007
4.11 0.055229
4.12 0.054858
4.13 0.0544879
4.14 0.0541187
4.15 0.0537503
4.16 0.0533828
4.17 0.0530163
4.18 0.0526506
4.19 0.0522859
4.2 0.0519221
4.21 0.0515593
4.22 0.0511975
4.23 0.0508366
4.24 0.0504768
4.25 0.050118
4.26 0.0497602
4.27 0.0494035
4.28 0.0490479
4.29 0.0486933
4.3 0.0483398
4.31 0.0479874
4.32 0.0476361
4.33 0.047286
4.34 0.046937
4.35 0.0465892
4.36 0.0462425
4.37 0.045897
4.38 0.0455527
4.39 0.0452096
4.4 0.0448677
4.41 0.044527
4.42 0.0441876
4.43 0.0438494
4.44 0.0435125
4.45 0.0431768
4.46 0.0428424
4.47 0.0425093
4.48 0.0421775
4.49 0.041847
4.5 0.0415179
4.51 0.04119
4.52 0.0408635
4.53 0.0405383
4.54 0.0402145
4.55 0.0398921
4.56 0.039571
4.57 0.0392513
4.58 0.038933
4.59 0.0386161
4.6 0.0383006
4.61 0.0379865
4.62 0.0376738
4.63 0.0373626
4.64 0.0370528
4.65 0.0367444
4.66 0.0364375
4.67 0.036132
4.68 0.035828
4.69 0.0355254
4.7 0.0352243
4.71 0.0349247
4.72 0.0346266
4.73 0.03433
4.74 0.0340348
4.75 0.0337412
4.76 0.033449
4.77 0.0331584
4.78 0.0328693
4.79 0.0325817
4.8 0.0322956
4.81 0.0320111
4.82 0.031728
4.83 0.0314465
4.84 0.0311666
4.85 0.0308882
4.86 0.0306113
4.87 0.030336
4.88 0.0300622
4.89 0.02979
4.9 0.0295193
4.91 0.0292502
4.92 0.0289826
4.93 0.0287166
4.94 0.0284522
4.95 0.0281893
4.96 0.027928
4.97 0.0276683
4.98 0.0274101
4.99 0.0271535
5 0.0268985
5.01 0.026645
5.02 0.0263932
5.03 0.0261428
5.04 0.0258941
5.05 0.0256469
5.06 0.0254014
5.07 0.0251573
5.08 0.0249149
5.09 0.024674
5.1 0.0244347
5.11 0.024197
5.12 0.0239609
5.13 0.0237263
5.14 0.0234933
5.15 0.0232618
5.16 0.0230319
5.17 0.0228036
5.18 0.0225769
5.19 0.0223517
5.2 0.0221281
5.21 0.021906
5.22 0.0216855
5.23 0.0214665
5.24 0.0212491
5.25 0.0210333
5.26 0.020819
5.27 0.0206062
5.28 0.020395
5.29 0.0201853
5.3 0.0199772
5.31 0.0197706
5.32 0.0195655
5.33 0.0193619
5.34 0.0191599
5.35 0.0189594
5.36 0.0187604
5.37 0.0185629
5.38 0.0183669
5.39 0.0181725
5.4 0.0179795
5.41 0.017788
5.42 0.0175981
5.43 0.0174096
5.44 0.0172226
5.45 0.0170371
5.46 0.016853
5.47 0.0166704
5.48 0.0164893
5.49 0.0163097
5.5 0.0161315
5.51 0.0159547
5.52 0.0157794
5.53 0.0156056
5.54 0.0154332
5.55 0.0152622
5.56 0.0150926
5.57 0.0149245
5.58 0.0147578
5.59 0.0145924
5.6 0.0144285
5.61 0.014266
5.62 0.0141049
5.63 0.0139452
5.64 0.0137868
5.65 0.0136298
5.66 0.0134742
5.67 0.01332
5.68 0.0131671
5.69 0.0130155
5.7 0.0128653
5.71 0.0127165
5.72 0.0125689
5.73 0.0124227
5.74 0.0122778
5.75 0.0121343
5.76 0.011992
5.77 0.011851
5.78 0.0117114
5.79 0.011573
5.8 0.0114359
5.81 0.0113
5.82 0.0111655
5.83 0.0110321
5.84 0.0109001
5.85 0.0107693
5.86 0.0106397
5.87 0.0105114
5.88 0.0103842
5.89 0.0102583
5.9 0.0101337
5.91 0.0100102
5.92 0.00988789
5.93 0.00976679
5.94 0.00964688
5.95 0.00952814
5.96 0.00941057
5.97 0.00929416
5.98 0.00917891
5.99 0.0090648
