-6 0.0013198
-5.99 0.00136154
-5.98 0.00140446
-5.97 0.00144859
-5.96 0.00149395
-5.95 0.00154058
-5.94 0.00158851
-5.93 0.00163776
-5.92 0.00168837
-5.91 0.00174036
-5.9 0.00179378
-5.89 0.00184866
-5.88 0.00190501
-5.87 0.0019629
-5.86 0.00202233
-5.85 0.00208336
-5.84 0.00214601
-5.83 0.00221032
-5.82 0.00227634
-5.81 0.00234409
-5.8 0.00241361
-5.79 0.00248494
-5.78 0.00255813
-5.77 0.00263321
-5.76 0.00271022
-5.75 0.0027892
-5.74 0.00287019
-5.73 0.00295324
-5.72 0.00303838
-5.71 0.00312567
-5.7 0.00321514
-5.69 0.00330684
-5.68 0.00340081
-5.67 0.00349711
-5.66 0.00359577
-5.65 0.00369684
-5.64 0.00380036
-5.63 0.0039064
-5.62 0.00401499
-5.61 0.00412619
-5.6 0.00424004
-5.59 0.00435659
-5.58 0.00447589
-5.57 0.00459801
-5.56 0.00472297
-5.55 0.00485085
-5.54 0.00498169
-5.53 0.00511555
-5.52 0.00525247
-5.51 0.00539252
-5.5 0.00553574
-5.49 0.0056822
-5.48 0.00583194
-5.47 0.00598504
-5.46 0.00614153
-5.45 0.00630148
-5.44 0.00646495
-5.43 0.00663199
-5.42 0.00680267
-5.41 0.00697704
-5.4 0.00715516
-5.39 0.00733708
-5.38 0.00752288
-5.37 0.00771261
-5.36 0.00790633
-5.35 0.0081041
-5.34 0.00830599
-5.33 0.00851204
-5.32 0.00872234
-5.31 0.00893693
-5.3 0.00915588
-5.29 0.00937926
-5.28 0.00960711
-5.27 0.00983952
-5.26 0.0100765
-5.25 0.0103182
-5.24 0.0105647
-5.23 0.0108159
-5.22 0.011072
-5.21 0.011333
-5.2 0.011599
-5.19 0.01187
-5.18 0.0121462
-5.17 0.0124275
-5.16 0.0127141
-5.15 0.013006
-5.14 0.0133033
-5.13 0.0136059
-5.12 0.0139141
-5.11 0.0142278
-5.1 0.0145472
-5.09 0.0148722
-5.08 0.0152029
-5.07 0.0155394
-5.06 0.0158818
-5.05 0.0162301
-5.04 0.0165844
-5.03 0.0169447
-5.02 0.0173111
-5.01 0.0176837
-5 0.0180624
-4.99 0.0184475
-4.98 0.0188388
-4.97 0.0192365
-4.96 0.0196406
-4.95 0.0200512
-4.94 0.0204684
-4.93 0.0208921
-4.92 0.0213224
-4.91 0.0217594
-4.9 0.0222032
-4.89 0.0226537
-4.88 0.0231111
-4.87 0.0235753
-4.86 0.0240465
-4.85 0.0245245
-4.84 0.0250096
-4.83 0.0255018
-4.82 0.026001
-4.81 0.0265073
-4.8 0.0270207
-4.79 0.0275414
-4.78 0.0280692
-4.77 0.0286043
-4.76 0.0291467
-4.75 0.0296964
-4.74 0.0302534
-4.73 0.0308178
-4.72 0.0313896
-4.71 0.0319687
-4.7 0.0325553
-4.69 0.0331493
-4.68 0.0337508
-4.67 0.0343598
-4.66 0.0349762
-4.65 0.0356001
-4.64 0.0362315
-4.63 0.0368704
-4.62 0.0375169
-4.61 0.0381708
-4.6 0.0388322
-4.59 0.0395012
-4.58 0.0401776
-4.57 0.0408615
-4.56 0.0415529
-4.55 0.0422518
-4.54 0.0429581
-4.53 0.0436718
-4.52 0.044393
-4.51 0.0451215
-4.5 0.0458574
-4.49 0.0466007
-4.48 0.0473512
-4.47 0.0481091
-4.46 0.0488741
-4.45 0.0496463
-4.44 0.0504257
-4.43 0.0512122
-4.42 0.0520058
-4.41 0.0528064
-4.4 0.0536139
-4.39 0.0544283
-4.38 0.0552496
-4.37 0.0560777
-4.36 0.0569124
-4.35 0.0577538
-4.34 0.0586018
-4.33 0.0594563
-4.32 0.0603172
-4.31 0.0611845
-4.3 0.062058
-4.29 0.0629377
-4.28 0.0638235
-4.27 0.0647153
-4.26 0.065613
-4.25 0.0665165
-4.24 0.0674257
-4.23 0.0683405
-4.22 0.0692607
-4.21 0.0701864
-4.2 0.0711173
-4.19 0.0720534
-4.18 0.0729944
-4.17 0.0739404
-4.16 0.0748912
-4.15 0.0758466
-4.14 0.0768066
-4.13 0.0777709
-4.12 0.0787395
-4.11 0.0797122
-4.1 0.0806888
-4.09 0.0816693
-4.08 0.0826534
-4.07 0.0836411
-4.06 0.0846321
-4.05 0.0856263
-4.04 0.0866235
-4.03 0.0876237
-4.02 0.0886265
-4.01 0.0896319
-4 0.0906396
-3.99 0.0916496
-3.98 0.0926616
-3.97 0.0936754
-3.96 0.0946909
-3.95 0.0957078
-3.94 0.0967261
-3.93 0.0977454
-3.92 0.0987657
-3.91 0.0997867
-3.9 0.100808
-3.89 0.10183
-3.88 0.102852
-3.87 0.103874
-3.86 0.104896
-3.85 0.105917
-3.84 0.106937
-3.83 0.107957
-3.82 0.108975
-3.81 0.109992
-3.8 0.111008
-3.79 0.112022
-3.78 0.113034
-3.77 0.114044
-3.76 0.115051
-3.75 0.116056
-3.74 0.117058
-3.73 0.118057
-3.72 0.119053
-3.71 0.120045
-3.7 0.121033
-3.69 0.122018
-3.68 0.122998
-3.67 0.123974
-3.66 0.124945
-3.65 0.125912
-3.64 0.126874
-3.63 0.12783
-3.62 0.12878
-3.61 0.129725
-3.6 0.130664
-3.59 0.131597
-3.58 0.132524
-3.57 0.133443
-3.56 0.134356
-3.55 0.135262
-3.54 0.136161
-3.53 0.137052
-3.52 0.137935
-3.51 0.138811
-3.5 0.139678
-3.49 0.140537
-3.48 0.141387
-3.47 0.142229
-3.46 0.143061
-3.45 0.143884
-3.44 0.144698
-3.43 0.145502
-3.42 0.146296
-3.41 0.147081
-3.4 0.147855
-3.39 0.148618
-3.38 0.149371
-3.37 0.150113
-3.36 0.150844
-3.35 0.151564
-3.34 0.152273
-3.33 0.15297
-3.32 0.153655
-3.31 0.154328
-3.3 0.154989
-3.29 0.155638
-3.28 0.156274
-3.27 0.156898
-3.26 0.157509
-3.25 0.158107
-3.24 0.158692
-3.23 0.159264
-3.22 0.159823
-3.21 0.160368
-3.2 0.160899
-3.19 0.161417
-3.18 0.16192
-3.17 0.16241
-3.16 0.162886
-3.15 0.163347
-3.14 0.163794
-3.13 0.164226
-3.12 0.164644
-3.11 0.165047
-3.1 0.165435
-3.09 0.165809
-3.08 0.166167
-3.07 0.166511
-3.06 0.166839
-3.05 0.167152
-3.04 0.16745
-3.03 0.167733
-3.02 0.168
-3.01 0.168252
-3 0.168488
-2.99 0.168708
-2.98 0.168914
-2.97 0.169103
-2.96 0.169277
-2.95 0.169435
-2.94 0.169578
-2.93 0.169705
-2.92 0.169816
-2.91 0.169912
-2.9 0.169991
-2.89 0.170056
-2.88 0.170104
-2.87 0.170137
-2.86 0.170154
-2.85 0.170156
-2.84 0.170142
-2.83 0.170112
-2.82 0.170067
-2.81 0.170007
-2.8 0.169931
-2.79 0.169839
-2.78 0.169733
-2.77 0.169611
-2.76 0.169474
-2.75 0.169322
-2.74 0.169155
-2.73 0.168973
-2.72 0.168777
-2.71 0.168565
-2.7 0.168339
-2.69 0.168099
-2.68 0.167844
-2.67 0.167575
-2.66 0.167291
-2.65 0.166994
-2.64 0.166682
-2.63 0.166357
-2.62 0.166018
-2.61 0.165666
-2.6 0.1653
-2.59 0.164921
-2.58 0.164529
-2.57 0.164124
-2.56 0.163706
-2.55 0.163275
-2.54 0.162832
-2.53 0.162377
-2.52 0.16191
-2.51 0.16143
-2.5 0.160939
-2.49 0.160437
-2.48 0.159923
-2.47 0.159397
-2.46 0.158861
-2.45 0.158314
-2.44 0.157756
-2.43 0.157188
-2.42 0.156609
-2.41 0.156021
-2.4 0.155422
-2.39 0.154814
-2.38 0.154197
-2.37 0.153571
-2.36 0.152935
-2.35 0.152291
-2.34 0.151638
-2.33 0.150976
-2.32 0.150307
-2.31 0.14963
-2.3 0.148945
-2.29 0.148253
-2.28 0.147553
-2.27 0.146846
-2.26 0.146133
-2.25 0.145413
-2.24 0.144687
-2.23 0.143955
-2.22 0.143216
-2.21 0.142473
-2.2 0.141723
-2.19 0.140969
-2.18 0.14021
-2.17 0.139446
-2.16 0.138677
-2.15 0.137905
-2.14 0.137128
-2.13 0.136348
-2.12 0.135564
-2.11 0.134776
-2.1 0.133986
-2.09 0.133192
-2.08 0.132397
-2.07 0.131598
-2.06 0.130798
-2.05 0.129995
-2.04 0.129191
-2.03 0.128385
-2.02 0.127578
-2.01 0.12677
-2 0.125961
-1.99 0.125152
-1.98 0.124342
-1.97 0.123531
-1.96 0.122721
-1.95 0.121911
-1.94 0.121101
-1.93 0.120292
-1.92 0.119484
-1.91 0.118677
-1.9 0.117871
-1.89 0.117066
-1.88 0.116263
-1.87 0.115462
-1.86 0.114663
-1.85 0.113865
-1.84 0.113071
-1.83 0.112278
-1.82 0.111489
-1.81 0.110702
-1.8 0.109919
-1.79 0.109138
-1.78 0.108361
-1.77 0.107587
-1.76 0.106818
-1.75 0.106052
-1.74 0.10529
-1.73 0.104532
-1.72 0.103778
-1.71 0.103029
-1.7 0.102285
-1.69 0.101545
-1.68 0.10081
-1.67 0.10008
-1.66 0.0993557
-1.65 0.0986361
-1.64 0.097922
-1.63 0.0972133
-1.62 0.0965102
-1.61 0.0958128
-1.6 0.0951212
-1.59 0.0944355
-1.58 0.0937559
-1.57 0.0930823
-1.56 0.092415
-1.55 0.0917539
-1.54 0.0910992
-1.53 0.090451
-1.52 0.0898093
-1.51 0.0891742
-1.5 0.0885458
-1.49 0.0879242
-1.48 0.0873094
-1.47 0.0867015
-1.46 0.0861005
-1.45 0.0855065
-1.44 0.0849195
-1.43 0.0843396
-1.42 0.0837669
-1.41 0.0832014
-1.4 0.082643
-1.39 0.082092
-1.38 0.0815482
-1.37 0.0810117
-1.36 0.0804825
-1.35 0.0799608
-1.34 0.0794464
-1.33 0.0789394
-1.32 0.0784398
-1.31 0.0779476
-1.3 0.0774628
-1.29 0.0769855
-1.28 0.0765156
-1.27 0.0760531
-1.26 0.075598
-1.25 0.0751504
-1.24 0.0747102
-1.23 0.0742773
-1.22 0.0738518
-1.21 0.0734337
-1.2 0.0730229
-1.19 0.0726194
-1.18 0.0722232
-1.17 0.0718343
-1.16 0.0714525
-1.15 0.071078
-1.14 0.0707106
-1.13 0.0703503
-1.12 0.0699971
-1.11 0.069651
-1.1 0.0693118
-1.09 0.0689796
-1.08 0.0686542
-1.07 0.0683357
-1.06 0.068024
-1.05 0.067719
-1.04 0.0674207
-1.03 0.067129
-1.02 0.0668439
-1.01 0.0665652
-1 0.066293
-0.99 0.0660272
-0.98 0.0657677
-0.97 0.0655144
-0.96 0.0652672
-0.95 0.0650262
-0.94 0.0647912
-0.93 0.0645621
-0.92 0.0643389
-0.91 0.0641216
-0.9 0.0639099
-0.89 0.0637039
-0.88 0.0635035
-0.87 0.0633085
-0.86 0.063119
-0.85 0.0629348
-0.84 0.0627559
-0.83 0.0625821
-0.82 0.0624135
-0.81 0.0622498
-0.8 0.062091
-0.79 0.0619371
-0.78 0.0617879
-0.77 0.0616434
-0.76 0.0615035
-0.75 0.0613681
-0.74 0.0612371
-0.73 0.0611104
-0.72 0.060988
-0.71 0.0608697
-0.7 0.0607555
-0.69 0.0606452
-0.68 0.0605389
-0.67 0.0604364
-0.66 0.0603376
-0.65 0.0602424
-0.64 0.0601508
-0.63 0.0600626
-0.62 0.0599779
-0.61 0.0598964
-0.6 0.0598182
-0.59 0.0597431
-0.58 0.0596711
-0.57 0.059602
-0.56 0.0595358
-0.55 0.0594724
-0.54 0.0594118
-0.53 0.0593538
-0.52 0.0592984
-0.51 0.0592455
-0.5 0.059195
-0.49 0.0591468
-0.48 0.0591009
-0.47 0.0590572
-0.46 0.0590156
-0.45 0.0589761
-0.44 0.0589385
-0.43 0.0589029
-0.42 0.0588691
-0.41 0.058837
-0.4 0.0588067
-0.39 0.058778
-0.38 0.0587509
-0.37 0.0587253
-0.36 0.0587011
-0.35 0.0586783
-0.34 0.0586569
-0.33 0.0586368
-0.32 0.0586178
-0.31 0.0586
-0.3 0.0585834
-0.29 0.0585678
-0.28 0.0585532
-0.27 0.0585396
-0.26 0.0585268
-0.25 0.058515
-0.24 0.058504
-0.23 0.0584937
-0.22 0.0584842
-0.21 0.0584754
-0.2 0.0584673
-0.19 0.0584598
-0.18 0.0584528
-0.17 0.0584465
-0.16 0.0584407
-0.15 0.0584353
-0.14 0.0584305
-0.13 0.0584261
-0.12 0.0584221
-0.11 0.0584185
-0.1 0.0584153
-0.09 0.0584125
-0.08 0.05841
-0.07 0.0584078
-0.06 0.058406
-0.05 0.0584044
-0.04 0.0584032
-0.03 0.0584022
-0.02 0.0584015
-0.01 0.0584011
0 0.058401
0.01 0.0584011
0.02 0.0584015
0.03 0.0584022
0.04 0.0584032
0.05 0.0584044
0.06 0.058406
0.07 0.0584078
0.08 0.05841
0.09 0.0584125
0.1 0.0584153
0.11 0.0584185
0.12 0.0584221
0.13 0.0584261
0.14 0.0584305
0.15 0.0584353
0.16 0.0584407
0.17 0.0584465
0.18 0.0584528
0.19 0.0584598
0.2 0.0584673
0.21 0.0584754
0.22 0.0584842
0.23 0.0584937
0.24 0.058504
0.25 0.058515
0.26 0.0585268
0.27 0.0585396
0.28 0.0585532
0.29 0.0585678
0.3 0.0585834
0.31 0.0586
0.32 0.0586178
0.33 0.0586368
0.34 0.0586569
0.35 0.0586783
0.36 0.0587011
0.37 0.0587253
0.38 0.0587509
0.39 0.058778
0.4 0.0588067
0.41 0.058837
0.42 0.0588691
0.43 0.0589029
0.44 0.0589385
0.45 0.0589761
0.46 0.0590156
0.47 0.0590572
0.48 0.0591009
0.49 0.0591468
0.5 0.059195
0.51 0.0592455
0.52 0.0592984
0.53 0.0593538
0.54 0.0594118
0.55 0.0594724
0.56 0.0595358
0.57 0.059602
0.58 0.0596711
0.59 0.0597431
0.6 0.0598182
0.61 0.0598964
0.62 0.0599779
0.63 0.0600626
0.64 0.0601508
0.65 0.0602424
0.66 0.0603376
0.67 0.0604364
0.68 0.0605389
0.69 0.0606452
0.7 0.0607555
0.71 0.0608697
0.72 0.060988
0.73 0.0611104
0.74 0.0612371
0.75 0.0613681
0.76 0.0615035
0.77 0.0616434
0.78 0.0617879
0.79 0.0619371
0.8 0.062091
0.81 0.0622498
0.82 0.0624135
0.83 0.0625821
0.84 0.0627559
0.85 0.0629348
0.86 0.063119
0.87 0.0633085
0.88 0.0635035
0.89 0.0637039
0.9 0.0639099
0.91 0.0641216
0.92 0.0643389
0.93 0.0645621
0.94 0.0647912
0.95 0.0650262
0.96 0.0652672
0.97 0.0655144
0.98 0.0657677
0.99 0.0660272
1 0.066293
1.01 0.0665652
1.02 0.0668439
1.03 0.067129
1.04 0.0674207
1.05 0.067719
1.06 0.068024
1.07 0.0683357
1.08 0.0686542
1.09 0.0689796
1.1 0.0693118
1.11 0.069651
1.12 0.0699971
1.13 0.0703503
1.14 0.0707106
1.15 0.071078
1.16 0.0714525
1.17 0.0718343
1.18 0.0722232
1.19 0.0726194
1.2 0.0730229
1.21 0.0734337
1.22 0.0738518
1.23 0.0742773
1.24 0.0747102
1.25 0.0751504
1.26 0.075598
1.27 0.0760531
1.28 0.0765156
1.29 0.0769855
1.3 0.0774628
1.31 0.0779476
1.32 0.0784398
1.33 0.0789394
1.34 0.0794464
1.35 0.0799608
1.36 0.0804825
1.37 0.0810117
1.38 0.0815482
1.39 0.082092
1.4 0.082643
1.41 0.0832014
1.42 0.0837669
1.43 0.0843396
1.44 0.0849195
1.45 0.0855065
1.46 0.0861005
1.47 0.0867015
1.48 0.0873094
1.49 0.0879242
1.5 0.0885458
1.51 0.0891742
1.52 0.0898093
1.53 0.090451
1.54 0.0910992
1.55 0.0917539
1.56 0.092415
1.57 0.0930823
1.58 0.0937559
1.59 0.0944355
1.6 0.0951212
1.61 0.0958128
1.62 0.0965102
1.63 0.0972133
1.64 0.097922
1.65 0.0986361
1.66 0.0993557
1.67 0.10008
1.68 0.10081
1.69 0.101545
1.7 0.102285
1.71 0.103029
1.72 0.103778
1.73 0.104532
1.74 0.10529
1.75 0.106052
1.76 0.106818
1.77 0.107587
1.78 0.108361
1.79 0.109138
1.8 0.109919
1.81 0.110702
1.82 0.111489
1.83 0.112278
1.84 0.113071
1.85 0.113865
1.86 0.114663
1.87 0.115462
1.88 0.116263
1.89 0.117066
1.9 0.117871
1.91 0.118677
1.92 0.119484
1.93 0.120292
1.94 0.121101
1.95 0.121911
1.96 0.122721
1.97 0.123531
1.98 0.124342
1.99 0.125152
2 0.125961
2.01 0.12677
2.02 0.127578
2.03 0.128385
2.04 0.129191
2.05 0.129995
2.06 0.130798
2.07 0.131598
2.08 0.132397
2.09 0.133192
2.1 0.133986
2.11 0.134776
2.12 0.135564
2.13 0.136348
2.14 0.137128
2.15 0.137905
2.16 0.138677
2.17 0.139446
2.18 0.14021
2.19 0.140969
2.2 0.141723
2.21 0.142473
2.22 0.143216
2.23 0.143955
2.24 0.144687
2.25 0.145413
2.26 0.146133
2.27 0.146846
2.28 0.147553
2.29 0.148253
2.3 0.148945
2.31 0.14963
2.32 0.150307
2.33 0.150976
2.34 0.151638
2.35 0.152291
2.36 0.152935
2.37 0.153571
2.38 0.154197
2.39 0.154814
2.4 0.155422
2.41 0.156021
2.42 0.156609
2.43 0.157188
2.44 0.157756
2.45 0.158314
2.46 0.158861
2.47 0.159397
2.48 0.159923
2.49 0.160437
2.5 0.160939
2.51 0.16143
2.52 0.16191
2.53 0.162377
2.54 0.162832
2.55 0.163275
2.56 0.163706
2.57 0.164124
2.58 0.164529
2.59 0.164921
2.6 0.1653
2.61 0.165666
2.62 0.166018
2.63 0.166357
2.64 0.166682
2.65 0.166994
2.66 0.167291
2.67 0.167575
2.68 0.167844
2.69 0.168099
2.7 0.168339
2.71 0.168565
2.72 0.168777
2.73 0.168973
2.74 0.169155
2.75 0.169322
2.76 0.169474
2.77 0.169611
2.78 0.169733
2.79 0.169839
2.8 0.169931
2.81 0.170007
2.82 0.170067
2.83 0.170112
2.84 0.170142
2.85 0.170156
2.86 0.170154
2.87 0.170137
2.88 0.170104
2.89 0.170056
2.9 0.169991
2.91 0.169912
2.92 0.169816
2.93 0.169705
2.94 0.169578
2.95 0.169435
2.96 0.169277
2.97 0.169103
2.98 0.168914
2.99 0.168708
3 0.168488
3.01 0.168252
3.02 0.168
3.03 0.167733
3.04 0.16745
3.05 0.167152
3.06 0.166839
3.07 0.166511
3.08 0.166167
3.09 0.165809
3.1 0.165435
3.11 0.165047
3.12 0.164644
3.13 0.164226
3.14 0.163794
3.15 0.163347
3.16 0.162886
3.17 0.16241
3.18 0.16192
3.19 0.161417
3.2 0.160899
3.21 0.160368
3.22 0.159823
3.23 0.159264
3.24 0.158692
3.25 0.158107
3.26 0.157509
3.27 0.156898
3.28 0.156274
3.29 0.155638
3.3 0.154989
3.31 0.154328
3.32 0.153655
3.33 0.15297
3.34 0.152273
3.35 0.151564
3.36 0.150844
3.37 0.150113
3.38 0.149371
3.39 0.148618
3.4 0.147855
3.41 0.147081
3.42 0.146296
3.43 0.145502
3.44 0.144698
3.45 0.143884
3.46 0.143061
3.47 0.142229
3.48 0.141387
3.49 0.140537
3.5 0.139678
3.51 0.138811
3.52 0.137935
3.53 0.137052
3.54 0.136161
3.55 0.135262
3.56 0.134356
3.57 0.133443
3.58 0.132524
3.59 0.131597
3.6 0.130664
3.61 0.129725
3.62 0.12878
3.63 0.12783
3.64 0.126874
3.65 0.125912
3.66 0.124945
3.67 0.123974
3.68 0.122998
3.69 0.122018
3.7 0.121033
3.71 0.120045
3.72 0.119053
3.73 0.118057
3.74 0.117058
3.75 0.116056
3.76 0.115051
3.77 0.114044
3.78 0.113034
3.79 0.112022
3.8 0.111008
3.81 0.109992
3.82 0.108975
3.83 0.107957
3.84 0.106937
3.85 0.105917
3.86 0.104896
3.87 0.103874
3.88 0.102852
3.89 0.10183
3.9 0.100808
3.91 0.0997867
3.92 0.0987657
3.93 0.0977454
3.94 0.0967261
3.95 0.0957078
3.96 0.0946909
3.97 0.0936754
3.98 0.0926616
3.99 0.0916496
4 0.0906396
4.01 0.0896319
4.02 0.0886265
4.03 0.0876237
4.04 0.0866235
4.05 0.0856263
4.06 0.0846321
4.07 0.0836411
4.08 0.0826534
4.09 0.0816693
4.1 0.0806888
4.11 0.0797122
4.12 0.0787395
4.13 0.0777709
4.14 0.0768066
4.15 0.0758466
4.16 0.0748912
4.17 0.0739404
4.18 0.0729944
4.19 0.0720534
4.2 0.0711173
4.21 0.0701864
4.22 0.0692607
4.23 0.0683405
4.24 0.0674257
4.25 0.0665165
4.26 0.065613
4.27 0.0647153
4.28 0.0638235
4.29 0.0629377
4.3 0.062058
4.31 0.0611845
4.32 0.0603172
4.33 0.0594563
4.34 0.0586018
4.35 0.0577538
4.36 0.0569124
4.37 0.0560777
4.38 0.0552496
4.39 0.0544283
4.4 0.0536139
4.41 0.0528064
4.42 0.0520058
4.43 0.0512122
4.44 0.0504257
4.45 0.0496463
4.46 0.0488741
4.47 0.0481091
4.48 0.0473512
4.49 0.0466007
4.5 0.0458574
4.51 0.0451215
4.52 0.044393
4.53 0.0436718
4.54 0.0429581
4.55 0.0422518
4.56 0.0415529
4.57 0.0408615
4.58 0.0401776
4.59 0.0395012
4.6 0.0388322
4.61 0.0381708
4.62 0.0375169
4.63 0.0368704
4.64 0.0362315
4.65 0.0356001
4.66 0.0349762
4.67 0.0343598
4.68 0.0337508
4.69 0.0331493
4.7 0.0325553
4.71 0.0319687
4.72 0.0313896
4.73 0.0308178
4.74 0.0302534
4.75 0.0296964
4.76 0.0291467
4.77 0.0286043
4.78 0.0280692
4.79 0.0275414
4.8 0.0270207
4.81 0.0265073
4.82 0.026001
4.83 0.0255018
4.84 0.0250096
4.85 0.0245245
4.86 0.0240465
4.87 0.0235753
4.88 0.0231111
4.89 0.0226537
4.9 0.0222032
4.91 0.0217594
4.92 0.0213224
4.93 0.0208921
4.94 0.0204684
4.95 0.0200512
4.96 0.0196406
4.97 0.0192365
4.98 0.0188388
4.99 0.0184475
5 0.0180624
5.01 0.0176837
5.02 0.0173111
5.03 0.0169447
5.04 0.0165844
5.05 0.0162301
5.06 0.0158818
5.07 0.0155394
5.08 0.0152029
5.09 0.0148722
5.1 0.0145472
5.11 0.0142278
5.12 0.0139141
5.13 0.0136059
5.14 0.0133033
5.15 0.013006
5.16 0.0127141
5.17 0.0124275
5.18 0.0121462
5.19 0.01187
5.2 0.011599
5.21 0.011333
5.22 0.011072
5.23 0.0108159
5.24 0.0105647
5.25 0.0103182
5.26 0.0100765
5.27 0.00983952
5.28 0.00960711
5.29 0.00937926
5.3 0.00915588
5.31 0.00893693
5.32 0.00872234
5.33 0.00851204
5.34 0.00830599
5.35 0.0081041
5.36 0.00790633
5.37 0.00771261
5.38 0.00752288
5.39 0.00733708
5.4 0.00715516
5.41 0.00697704
5.42 0.00680267
5.43 0.00663199
5.44 0.00646495
5.45 0.00630148
5.46 0.00614153
5.47 0.00598504
5.48 0.00583194
5.49 0.0056822
5.5 0.00553574
5.51 0.00539252
5.52 0.00525247
5.53 0.00511555
5.54 0.00498169
5.55 0.00485085
5.56 0.00472297
5.57 0.00459801
5.58 0.00447589
5.59 0.00435659
5.6 0.00424004
5.61 0.00412619
5.62 0.00401499
5.63 0.0039064
5.64 0.00380036
5.65 0.00369684
5.66 0.00359577
5.67 0.00349711
5.68 0.00340081
5.69 0.00330684
5.7 0.00321514
5.71 0.00312567
5.72 0.00303838
5.73 0.00295324
5.74 0.00287019
5.75 0.0027892
5.76 0.00271022
5.77 0.00263321
5.78 0.00255813
5.79 0.00248494
5.8 0.00241361
5.81 0.00234409
5.82 0.00227634
5.83 0.00221032
5.84 0.00214601
5.85 0.00208336
5.86 0.00202233
5.87 0.0019629
5.88 0.00190501
5.89 0.00184866
5.9 0.00179378
5.91 0.00174036
5.92 0.00168837
5.93 0.00163776
5.94 0.00158851
5.95 0.00154058
5.96 0.00149395
5.97 0.00144859
5.98 0.00140446
5.99 0.00136154
