-6 0.000779708
-5.99 0.000806427
-5.98 0.000833977
-5.97 0.000862379
-5.96 0.000891658
-5.95 0.000921836
-5.94 0.000952937
-5.93 0.000984987
-5.92 0.00101801
-5.91 0.00105203
-5.9 0.00108708
-5.89 0.00112318
-5.88 0.00116037
-5.87 0.00119865
-5.86 0.00123808
-5.85 0.00127867
-5.84 0.00132046
-5.83 0.00136347
-5.82 0.00140774
-5.81 0.0014533
-5.8 0.00150018
-5.79 0.00154841
-5.78 0.00159803
-5.77 0.00164907
-5.76 0.00170157
-5.75 0.00175555
-5.74 0.00181107
-5.73 0.00186815
-5.72 0.00192683
-5.71 0.00198715
-5.7 0.00204915
-5.69 0.00211286
-5.68 0.00217834
-5.67 0.00224561
-5.66 0.00231472
-5.65 0.00238572
-5.64 0.00245864
-5.63 0.00253353
-5.62 0.00261044
-5.61 0.0026894
-5.6 0.00277047
-5.59 0.00285369
-5.58 0.00293911
-5.57 0.00302677
-5.56 0.00311673
-5.55 0.00320903
-5.54 0.00330373
-5.53 0.00340088
-5.52 0.00350052
-5.51 0.00360272
-5.5 0.00370752
-5.49 0.00381497
-5.48 0.00392514
-5.47 0.00403807
-5.46 0.00415383
-5.45 0.00427247
-5.44 0.00439405
-5.43 0.00451862
-5.42 0.00464625
-5.41 0.004777
-5.4 0.00491092
-5.39 0.00504807
-5.38 0.00518853
-5.37 0.00533235
-5.36 0.00547959
-5.35 0.00563033
-5.34 0.00578461
-5.33 0.00594252
-5.32 0.00610411
-5.31 0.00626945
-5.3 0.00643861
-5.29 0.00661165
-5.28 0.00678866
-5.27 0.00696968
-5.26 0.0071548
-5.25 0.00734409
-5.24 0.00753761
-5.23 0.00773543
-5.22 0.00793764
-5.21 0.00814429
-5.2 0.00835547
-5.19 0.00857125
-5.18 0.0087917
-5.17 0.00901689
-5.16 0.00924691
-5.15 0.00948182
-5.14 0.0097217
-5.13 0.00996663
-5.12 0.0102167
-5.11 0.0104719
-5.1 0.0107325
-5.09 0.0109984
-5.08 0.0112697
-5.07 0.0115465
-5.06 0.0118289
-5.05 0.012117
-5.04 0.0124108
-5.03 0.0127105
-5.02 0.013016
-5.01 0.0133276
-5 0.0136452
-4.99 0.0139689
-4.98 0.0142988
-4.97 0.0146351
-4.96 0.0149777
-4.95 0.0153267
-4.94 0.0156823
-4.93 0.0160445
-4.92 0.0164134
-4.91 0.016789
-4.9 0.0171714
-4.89 0.0175608
-4.88 0.0179572
-4.87 0.0183606
-4.86 0.0187712
-4.85 0.019189
-4.84 0.0196141
-4.83 0.0200465
-4.82 0.0204864
-4.81 0.0209338
-4.8 0.0213887
-4.79 0.0218513
-4.78 0.0223217
-4.77 0.0227998
-4.76 0.0232858
-4.75 0.0237796
-4.74 0.0242815
-4.73 0.0247915
-4.72 0.0253095
-4.71 0.0258357
-4.7 0.0263702
-4.69 0.0269129
-4.68 0.0274641
-4.67 0.0280236
-4.66 0.0285916
-4.65 0.0291681
-4.64 0.0297532
-4.63 0.0303469
-4.62 0.0309493
-4.61 0.0315605
-4.6 0.0321804
-4.59 0.0328091
-4.58 0.0334466
-4.57 0.0340931
-4.56 0.0347485
-4.55 0.0354128
-4.54 0.0360862
-4.53 0.0367686
-4.52 0.0374601
-4.51 0.0381607
-4.5 0.0388703
-4.49 0.0395892
-4.48 0.0403171
-4.47 0.0410543
-4.46 0.0418007
-4.45 0.0425562
-4.44 0.043321
-4.43 0.044095
-4.42 0.0448783
-4.41 0.0456707
-4.4 0.0464724
-4.39 0.0472834
-4.38 0.0481035
-4.37 0.0489329
-4.36 0.0497715
-4.35 0.0506192
-4.34 0.0514761
-4.33 0.0523422
-4.32 0.0532173
-4.31 0.0541016
-4.3 0.0549949
-4.29 0.0558973
-4.28 0.0568086
-4.27 0.0577288
-4.26 0.058658
-4.25 0.059596
-4.24 0.0605428
-4.23 0.0614984
-4.22 0.0624626
-4.21 0.0634354
-4.2 0.0644168
-4.19 0.0654067
-4.18 0.066405
-4.17 0.0674116
-4.16 0.0684265
-4.15 0.0694495
-4.14 0.0704806
-4.13 0.0715196
-4.12 0.0725666
-4.11 0.0736213
-4.1 0.0746837
-4.09 0.0757537
-4.08 0.0768311
-4.07 0.0779159
-4.06 0.0790079
-4.05 0.080107
-4.04 0.081213
-4.03 0.0823259
-4.02 0.0834455
-4.01 0.0845717
-4 0.0857042
-3.99 0.0868431
-3.98 0.087988
-3.97 0.0891389
-3.96 0.0902956
-3.95 0.091458
-3.94 0.0926258
-3.93 0.0937989
-3.92 0.0949772
-3.91 0.0961604
-3.9 0.0973483
-3.89 0.0985408
-3.88 0.0997378
-3.87 0.100939
-3.86 0.102144
-3.85 0.103353
-3.84 0.104565
-3.83 0.105781
-3.82 0.107
-3.81 0.108222
-3.8 0.109447
-3.79 0.110674
-3.78 0.111904
-3.77 0.113136
-3.76 0.114369
-3.75 0.115604
-3.74 0.116841
-3.73 0.118078
-3.72 0.119317
-3.71 0.120556
-3.7 0.121795
-3.69 0.123035
-3.68 0.124274
-3.67 0.125513
-3.66 0.126752
-3.65 0.127989
-3.64 0.129226
-3.63 0.130461
-3.62 0.131694
-3.61 0.132925
-3.6 0.134155
-3.59 0.135381
-3.58 0.136605
-3.57 0.137826
-3.56 0.139043
-3.55 0.140257
-3.54 0.141467
-3.53 0.142673
-3.52 0.143874
-3.51 0.14507
-3.5 0.146262
-3.49 0.147448
-3.48 0.148628
-3.47 0.149803
-3.46 0.150971
-3.45 0.152133
-3.44 0.153289
-3.43 0.154437
-3.42 0.155577
-3.41 0.156711
-3.4 0.157836
-3.39 0.158953
-3.38 0.160061
-3.37 0.161161
-3.36 0.162252
-3.35 0.163333
-3.34 0.164405
-3.33 0.165467
-3.32 0.166518
-3.31 0.167559
-3.3 0.168589
-3.29 0.169609
-3.28 0.170617
-3.27 0.171613
-3.26 0.172597
-3.25 0.17357
-3.24 0.17453
-3.23 0.175477
-3.22 0.176411
-3.21 0.177332
-3.2 0.17824
-3.19 0.179134
-3.18 0.180014
-3.17 0.18088
-3.16 0.181731
-3.15 0.182567
-3.14 0.183389
-3.13 0.184196
-3.12 0.184987
-3.11 0.185762
-3.1 0.186522
-3.09 0.187265
-3.08 0.187992
-3.07 0.188703
-3.06 0.189397
-3.05 0.190074
-3.04 0.190734
-3.03 0.191376
-3.02 0.192001
-3.01 0.192609
-3 0.193198
-2.99 0.19377
-2.98 0.194323
-2.97 0.194858
-2.96 0.195374
-2.95 0.195872
-2.94 0.19635
-2.93 0.19681
-2.92 0.197251
-2.91 0.197672
-2.9 0.198074
-2.89 0.198456
-2.88 0.198819
-2.87 0.199162
-2.86 0.199485
-2.85 0.199788
-2.84 0.200072
-2.83 0.200335
-2.82 0.200577
-2.81 0.2008
-2.8 0.201002
-2.79 0.201184
-2.78 0.201345
-2.77 0.201486
-2.76 0.201606
-2.75 0.201706
-2.74 0.201785
-2.73 0.201843
-2.72 0.201881
-2.71 0.201898
-2.7 0.201894
-2.69 0.20187
-2.68 0.201825
-2.67 0.201759
-2.66 0.201673
-2.65 0.201566
-2.64 0.201438
-2.63 0.20129
-2.62 0.201122
-2.61 0.200933
-2.6 0.200723
-2.59 0.200493
-2.58 0.200243
-2.57 0.199973
-2.56 0.199683
-2.55 0.199372
-2.54 0.199042
-2.53 0.198692
-2.52 0.198322
-2.51 0.197933
-2.5 0.197524
-2.49 0.197096
-2.48 0.196649
-2.47 0.196182
-2.46 0.195697
-2.45 0.195193
-2.44 0.19467
-2.43 0.194128
-2.42 0.193569
-2.41 0.192991
-2.4 0.192395
-2.39 0.191781
-2.38 0.19115
-2.37 0.190501
-2.36 0.189835
-2.35 0.189152
-2.34 0.188452
-2.33 0.187736
-2.32 0.187003
-2.31 0.186253
-2.3 0.185488
-2.29 0.184707
-2.28 0.183911
-2.27 0.183099
-2.26 0.182272
-2.25 0.18143
-2.24 0.180574
-2.23 0.179703
-2.22 0.178818
-2.21 0.177919
-2.2 0.177007
-2.19 0.176081
-2.18 0.175142
-2.17 0.17419
-2.16 0.173226
-2.15 0.172249
-2.14 0.171261
-2.13 0.17026
-2.12 0.169248
-2.11 0.168225
-2.1 0.167191
-2.09 0.166146
-2.08 0.165091
-2.07 0.164026
-2.06 0.162951
-2.05 0.161866
-2.04 0.160773
-2.03 0.15967
-2.02 0.158558
-2.01 0.157438
-2 0.15631
-1.99 0.155175
-1.98 0.154031
-1.97 0.152881
-1.96 0.151723
-1.95 0.150559
-1.94 0.149389
-1.93 0.148212
-1.92 0.14703
-1.91 0.145842
-1.9 0.144649
-1.89 0.143451
-1.88 0.142248
-1.87 0.141041
-1.86 0.13983
-1.85 0.138615
-1.84 0.137396
-1.83 0.136175
-1.82 0.13495
-1.81 0.133723
-1.8 0.132493
-1.79 0.131262
-1.78 0.130028
-1.77 0.128793
-1.76 0.127556
-1.75 0.126319
-1.74 0.12508
-1.73 0.123841
-1.72 0.122602
-1.71 0.121363
-1.7 0.120124
-1.69 0.118886
-1.68 0.117648
-1.67 0.116411
-1.66 0.115176
-1.65 0.113942
-1.64 0.112709
-1.63 0.111479
-1.62 0.110251
-1.61 0.109025
-1.6 0.107802
-1.59 0.106582
-1.58 0.105364
-1.57 0.10415
-1.56 0.10294
-1.55 0.101733
-1.54 0.10053
-1.53 0.0993316
-1.52 0.0981371
-1.51 0.0969471
-1.5 0.0957618
-1.49 0.0945814
-1.48 0.093406
-1.47 0.0922359
-1.46 0.0910711
-1.45 0.089912
-1.44 0.0887586
-1.43 0.0876111
-1.42 0.0864696
-1.41 0.0853344
-1.4 0.0842056
-1.39 0.0830833
-1.38 0.0819677
-1.37 0.0808589
-1.36 0.079757
-1.35 0.0786622
-1.34 0.0775747
-1.33 0.0764944
-1.32 0.0754216
-1.31 0.0743564
-1.3 0.0732989
-1.29 0.0722492
-1.28 0.0712074
-1.27 0.0701736
-1.26 0.0691479
-1.25 0.0681305
-1.24 0.0671213
-1.23 0.0661205
-1.22 0.0651281
-1.21 0.0641443
-1.2 0.0631691
-1.19 0.0622027
-1.18 0.061245
-1.17 0.0602961
-1.16 0.0593561
-1.15 0.0584251
-1.14 0.0575031
-1.13 0.0565901
-1.12 0.0556863
-1.11 0.0547916
-1.1 0.0539061
-1.09 0.0530299
-1.08 0.0521629
-1.07 0.0513052
-1.06 0.0504569
-1.05 0.049618
-1.04 0.0487884
-1.03 0.0479682
-1.02 0.0471575
-1.01 0.0463562
-1 0.0455644
-0.99 0.0447821
-0.98 0.0440092
-0.97 0.0432458
-0.96 0.0424919
-0.95 0.0417475
-0.94 0.0410126
-0.93 0.0402871
-0.92 0.0395711
-0.91 0.0388646
-0.9 0.0381675
-0.89 0.0374799
-0.88 0.0368016
-0.87 0.0361328
-0.86 0.0354734
-0.85 0.0348233
-0.84 0.0341825
-0.83 0.0335511
-0.82 0.0329289
-0.81 0.032316
-0.8 0.0317124
-0.79 0.0311179
-0.78 0.0305326
-0.77 0.0299564
-0.76 0.0293893
-0.75 0.0288312
-0.74 0.0282822
-0.73 0.0277421
-0.72 0.027211
-0.71 0.0266888
-0.7 0.0261754
-0.69 0.0256708
-0.68 0.025175
-0.67 0.0246879
-0.66 0.0242095
-0.65 0.0237397
-0.64 0.0232785
-0.63 0.0228258
-0.62 0.0223816
-0.61 0.0219458
-0.6 0.0215184
-0.59 0.0210993
-0.58 0.0206886
-0.57 0.020286
-0.56 0.0198917
-0.55 0.0195055
-0.54 0.0191274
-0.53 0.0187573
-0.52 0.0183952
-0.51 0.0180411
-0.5 0.0176948
-0.49 0.0173565
-0.48 0.0170259
-0.47 0.0167031
-0.46 0.0163881
-0.45 0.0160807
-0.44 0.015781
-0.43 0.015489
-0.42 0.0152045
-0.41 0.0149276
-0.4 0.0146583
-0.39 0.0143965
-0.38 0.0141422
-0.37 0.0138953
-0.36 0.013656
-0.35 0.0134242
-0.34 0.0131998
-0.33 0.0129828
-0.32 0.0127734
-0.31 0.0125714
-0.3 0.0123768
-0.29 0.0121897
-0.28 0.01201
-0.27 0.0118378
-0.26 0.011673
-0.25 0.0115156
-0.24 0.0113656
-0.23 0.0112229
-0.22 0.0110876
-0.21 0.0109595
-0.2 0.0108386
-0.19 0.0107248
-0.18 0.010618
-0.17 0.0105182
-0.16 0.0104251
-0.15 0.0103388
-0.14 0.0102591
-0.13 0.0101857
-0.12 0.0101187
-0.11 0.0100578
-0.1 0.0100028
-0.09 0.00995367
-0.08 0.00991019
-0.07 0.00987221
-0.06 0.00983962
-0.05 0.00981227
-0.04 0.00979005
-0.03 0.00977288
-0.02 0.00976067
-0.01 0.00975337
0 0.00975094
0.01 0.00975337
0.02 0.00976067
0.03 0.00977288
0.04 0.00979005
0.05 0.00981227
0.06 0.00983962
0.07 0.00987221
0.08 0.00991019
0.09 0.00995367
0.1 0.0100028
0.11 0.0100578
0.12 0.0101187
0.13 0.0101857
0.14 0.0102591
0.15 0.0103388
0.16 0.0104251
0.17 0.0105182
0.18 0.010618
0.19 0.0107248
0.2 0.0108386
0.21 0.0109595
0.22 0.0110876
0.23 0.0112229
0.24 0.0113656
0.25 0.0115156
0.26 0.011673
0.27 0.0118378
0.28 0.01201
0.29 0.0121897
0.3 0.0123768
0.31 0.0125714
0.32 0.0127734
0.33 0.0129828
0.34 0.0131998
0.35 0.0134242
0.36 0.013656
0.37 0.0138953
0.38 0.0141422
0.39 0.0143965
0.4 0.0146583
0.41 0.0149276
0.42 0.0152045
0.43 0.015489
0.44 0.015781
0.45 0.0160807
0.46 0.0163881
0.47 0.0167031
0.48 0.0170259
0.49 0.0173565
0.5 0.0176948
0.51 0.0180411
0.52 0.0183952
0.53 0.0187573
0.54 0.0191274
0.55 0.0195055
0.56 0.0198917
0.57 0.020286
0.58 0.0206886
0.59 0.0210993
0.6 0.0215184
0.61 0.0219458
0.62 0.0223816
0.63 0.0228258
0.64 0.0232785
0.65 0.0237397
0.66 0.0242095
0.67 0.0246879
0.68 0.025175
0.69 0.0256708
0.7 0.0261754
0.71 0.0266888
0.72 0.027211
0.73 0.0277421
0.74 0.0282822
0.75 0.0288312
0.76 0.0293893
0.77 0.0299564
0.78 0.0305326
0.79 0.0311179
0.8 0.0317124
0.81 0.032316
0.82 0.0329289
0.83 0.0335511
0.84 0.0341825
0.85 0.0348233
0.86 0.0354734
0.87 0.0361328
0.88 0.0368016
0.89 0.0374799
0.9 0.0381675
0.91 0.0388646
0.92 0.0395711
0.93 0.0402871
0.94 0.0410126
0.95 0.0417475
0.96 0.0424919
0.97 0.0432458
0.98 0.0440092
0.99 0.0447821
1 0.0455644
1.01 0.0463562
1.02 0.0471575
1.03 0.0479682
1.04 0.0487884
1.05 0.049618
1.06 0.0504569
1.07 0.0513052
1.08 0.0521629
1.09 0.0530299
1.1 0.0539061
1.11 0.0547916
1.12 0.0556863
1.13 0.0565901
1.14 0.0575031
1.15 0.0584251
1.16 0.0593561
1.17 0.0602961
1.18 0.061245
1.19 0.0622027
1.2 0.0631691
1.21 0.0641443
1.22 0.0651281
1.23 0.0661205
1.24 0.0671213
1.25 0.0681305
1.26 0.0691479
1.27 0.0701736
1.28 0.0712074
1.29 0.0722492
1.3 0.0732989
1.31 0.0743564
1.32 0.0754216
1.33 0.0764944
1.34 0.0775747
1.35 0.0786622
1.36 0.079757
1.37 0.0808589
1.38 0.0819677
1.39 0.0830833
1.4 0.0842056
1.41 0.0853344
1.42 0.0864696
1.43 0.0876111
1.44 0.0887586
1.45 0.089912
1.46 0.0910711
1.47 0.0922359
1.48 0.093406
1.49 0.0945814
1.5 0.0957618
1.51 0.0969471
1.52 0.0981371
1.53 0.0993316
1.54 0.10053
1.55 0.101733
1.56 0.10294
1.57 0.10415
1.58 0.105364
1.59 0.106582
1.6 0.107802
1.61 0.109025
1.62 0.110251
1.63 0.111479
1.64 0.112709
1.65 0.113942
1.66 0.115176
1.67 0.116411
1.68 0.117648
1.69 0.118886
1.7 0.120124
1.71 0.121363
1.72 0.122602
1.73 0.123841
1.74 0.12508
1.75 0.126319
1.76 0.127556
1.77 0.128793
1.78 0.130028
1.79 0.131262
1.8 0.132493
1.81 0.133723
1.82 0.13495
1.83 0.136175
1.84 0.137396
1.85 0.138615
1.86 0.13983
1.87 0.141041
1.88 0.142248
1.89 0.143451
1.9 0.144649
1.91 0.145842
1.92 0.14703
1.93 0.148212
1.94 0.149389
1.95 0.150559
1.96 0.151723
1.97 0.152881
1.98 0.154031
1.99 0.155175
2 0.15631
2.01 0.157438
2.02 0.158558
2.03 0.15967
2.04 0.160773
2.05 0.161866
2.06 0.162951
2.07 0.164026
2.08 0.165091
2.09 0.166146
2.1 0.167191
2.11 0.168225
2.12 0.169248
2.13 0.17026
2.14 0.171261
2.15 0.172249
2.16 0.173226
2.17 0.17419
2.18 0.175142
2.19 0.176081
2.2 0.177007
2.21 0.177919
2.22 0.178818
2.23 0.179703
2.24 0.180574
2.25 0.18143
2.26 0.182272
2.27 0.183099
2.28 0.183911
2.29 0.184707
2.3 0.185488
2.31 0.186253
2.32 0.187003
2.33 0.187736
2.34 0.188452
2.35 0.189152
2.36 0.189835
2.37 0.190501
2.38 0.19115
2.39 0.191781
2.4 0.192395
2.41 0.192991
2.42 0.193569
2.43 0.194128
2.44 0.19467
2.45 0.195193
2.46 0.195697
2.47 0.196182
2.48 0.196649
2.49 0.197096
2.5 0.197524
2.51 0.197933
2.52 0.198322
2.53 0.198692
2.54 0.199042
2.55 0.199372
2.56 0.199683
2.57 0.199973
2.58 0.200243
2.59 0.200493
2.6 0.200723
2.61 0.200933
2.62 0.201122
2.63 0.20129
2.64 0.201438
2.65 0.201566
2.66 0.201673
2.67 0.201759
2.68 0.201825
2.69 0.20187
2.7 0.201894
2.71 0.201898
2.72 0.201881
2.73 0.201843
2.74 0.201785
2.75 0.201706
2.76 0.201606
2.77 0.201486
2.78 0.201345
2.79 0.201184
2.8 0.201002
2.81 0.2008
2.82 0.200577
2.83 0.200335
2.84 0.200072
2.85 0.199788
2.86 0.199485
2.87 0.199162
2.88 0.198819
2.89 0.198456
2.9 0.198074
2.91 0.197672
2.92 0.197251
2.93 0.19681
2.94 0.19635
2.95 0.195872
2.96 0.195374
2.97 0.194858
2.98 0.194323
2.99 0.19377
3 0.193198
3.01 0.192609
3.02 0.192001
3.03 0.191376
3.04 0.190734
3.05 0.190074
3.06 0.189397
3.07 0.188703
3.08 0.187992
3.09 0.187265
3.1 0.186522
3.11 0.185762
3.12 0.184987
3.13 0.184196
3.14 0.183389
3.15 0.182567
3.16 0.181731
3.17 0.18088
3.18 0.180014
3.19 0.179134
3.2 0.17824
3.21 0.177332
3.22 0.176411
3.23 0.175477
3.24 0.17453
3.25 0.17357
3.26 0.172597
3.27 0.171613
3.28 0.170617
3.29 0.169609
3.3 0.168589
3.31 0.167559
3.32 0.166518
3.33 0.165467
3.34 0.164405
3.35 0.163333
3.36 0.162252
3.37 0.161161
3.38 0.160061
3.39 0.158953
3.4 0.157836
3.41 0.156711
3.42 0.155577
3.43 0.154437
3.44 0.153289
3.45 0.152133
3.46 0.150971
3.47 0.149803
3.48 0.148628
3.49 0.147448
3.5 0.146262
3.51 0.14507
3.52 0.143874
3.53 0.142673
3.54 0.141467
3.55 0.140257
3.56 0.139043
3.57 0.137826
3.58 0.136605
3.59 0.135381
3.6 0.134155
3.61 0.132925
3.62 0.131694
3.63 0.130461
3.64 0.129226
3.65 0.127989
3.66 0.126752
3.67 0.125513
3.68 0.124274
3.69 0.123035
3.7 0.121795
3.71 0.120556
3.72 0.119317
3.73 0.118078
3.74 0.116841
3.75 0.115604
3.76 0.114369
3.77 0.113136
3.78 0.111904
3.79 0.110674
3.8 0.109447
3.81 0.108222
3.82 0.107
3.83 0.105781
3.84 0.104565
3.85 0.103353
3.86 0.102144
3.87 0.100939
3.88 0.0997378
3.89 0.0985408
3.9 0.0973483
3.91 0.0961604
3.92 0.0949772
3.93 0.0937989
3.94 0.0926258
3.95 0.091458
3.96 0.0902956
3.97 0.0891389
3.98 0.087988
3.99 0.0868431
4 0.0857042
4.01 0.0845717
4.02 0.0834455
4.03 0.0823259
4.04 0.081213
4.05 0.080107
4.06 0.0790079
4.07 0.0779159
4.08 0.0768311
4.09 0.0757537
4.1 0.0746837
4.11 0.0736213
4.12 0.0725666
4.13 0.0715196
4.14 0.0704806
4.15 0.0694495
4.16 0.0684265
4.17 0.0674116
4.18 0.066405
4.19 0.0654067
4.2 0.0644168
4.21 0.0634354
4.22 0.0624626
4.23 0.0614984
4.24 0.0605428
4.25 0.059596
4.26 0.058658
4.27 0.0577288
4.28 0.0568086
4.29 0.0558973
4.3 0.0549949
4.31 0.0541016
4.32 0.0532173
4.33 0.0523422
4.34 0.0514761
4.35 0.0506192
4.36 0.0497715
4.37 0.0489329
4.38 0.0481035
4.39 0.0472834
4.4 0.0464724
4.41 0.0456707
4.42 0.0448783
4.43 0.044095
4.44 0.043321
4.45 0.0425562
4.46 0.0418007
4.47 0.0410543
4.48 0.0403171
4.49 0.0395892
4.5 0.0388703
4.51 0.0381607
4.52 0.0374601
4.53 0.0367686
4.54 0.0360862
4.55 0.0354128
4.56 0.0347485
4.57 0.0340931
4.58 0.0334466
4.59 0.0328091
4.6 0.0321804
4.61 0.0315605
4.62 0.0309493
4.63 0.0303469
4.64 0.0297532
4.65 0.0291681
4.66 0.0285916
4.67 0.0280236
4.68 0.0274641
4.69 0.0269129
4.7 0.0263702
4.71 0.0258357
4.72 0.0253095
4.73 0.0247915
4.74 0.0242815
4.75 0.0237796
4.76 0.0232858
4.77 0.0227998
4.78 0.0223217
4.79 0.0218513
4.8 0.0213887
4.81 0.0209338
4.82 0.0204864
4.83 0.0200465
4.84 0.0196141
4.85 0.019189
4.86 0.0187712
4.87 0.0183606
4.88 0.0179572
4.89 0.0175608
4.9 0.0171714
4.91 0.016789
4.92 0.0164134
4.93 0.0160445
4.94 0.0156823
4.95 0.0153267
4.96 0.0149777
4.97 0.0146351
4.98 0.0142988
4.99 0.0139689
5 0.0136452
5.01 0.0133276
5.02 0.013016
5.03 0.0127105
5.04 0.0124108
5.05 0.012117
5.06 0.0118289
5.07 0.0115465
5.08 0.0112697
5.09 0.0109984
5.1 0.0107325
5.11 0.0104719
5.12 0.0102167
5.13 0.00996663
5.14 0.0097217
5.15 0.00948182
5.16 0.00924691
5.17 0.00901689
5.18 0.0087917
5.19 0.00857125
5.2 0.00835547
5.21 0.00814429
5.22 0.00793764
5.23 0.00773543
5.24 0.00753761
5.25 0.00734409
5.26 0.0071548
5.27 0.00696968
5.28 0.00678866
5.29 0.00661165
5.3 0.00643861
5.31 0.00626945
5.32 0.00610411
5.33 0.00594252
5.34 0.00578461
5.35 0.00563033
5.36 0.00547959
5.37 0.00533235
5.38 0.00518853
5.39 0.00504807
5.4 0.00491092
5.41 0.004777
5.42 0.00464625
5.43 0.00451862
5.44 0.00439405
5.45 0.00427247
5.46 0.00415383
5.47 0.00403807
5.48 0.00392514
5.49 0.00381497
5.5 0.00370752
5.51 0.00360272
5.52 0.00350052
5.53 0.00340088
5.54 0.00330373
5.55 0.00320903
5.56 0.00311673
5.57 0.00302677
5.58 0.00293911
5.59 0.00285369
5.6 0.00277047
5.61 0.0026894
5.62 0.00261044
5.63 0.00253353
5.64 0.00245864
5.65 0.00238572
5.66 0.00231472
5.67 0.00224561
5.68 0.00217834
5.69 0.00211286
5.7 0.00204915
5.71 0.00198715
5.72 0.00192683
5.73 0.00186815
5.74 0.00181107
5.75 0.00175555
5.76 0.00170157
5.77 0.00164907
5.78 0.00159803
5.79 0.00154841
5.8 0.00150018
5.81 0.0014533
5.82 0.00140774
5.83 0.00136347
5.84 0.00132046
5.85 0.00127867
5.86 0.00123808
5.87 0.00119865
5.88 0.00116037
5.89 0.00112318
5.9 0.00108708
5.91 0.00105203
5.92 0.00101801
5.93 0.000984987
5.94 0.000952937
5.95 0.000921836
5.96 0.000891658
5.97 0.000862379
5.98 0.000833977
5.99 0.000806427
