-6 0.00115497
-5.99 0.00119242
-5.98 0.00123096
-5.97 0.00127061
-5.96 0.0013114
-5.95 0.00135337
-5.94 0.00139653
-5.93 0.00144093
-5.92 0.00148658
-5.91 0.00153352
-5.9 0.00158178
-5.89 0.0016314
-5.88 0.00168239
-5.87 0.00173481
-5.86 0.00178867
-5.85 0.00184402
-5.84 0.00190088
-5.83 0.0019593
-5.82 0.00201931
-5.81 0.00208094
-5.8 0.00214423
-5.79 0.00220922
-5.78 0.00227594
-5.77 0.00234444
-5.76 0.00241476
-5.75 0.00248693
-5.74 0.00256099
-5.73 0.00263699
-5.72 0.00271497
-5.71 0.00279496
-5.7 0.00287702
-5.69 0.00296118
-5.68 0.00304749
-5.67 0.003136
-5.66 0.00322675
-5.65 0.00331978
-5.64 0.00341514
-5.63 0.00351289
-5.62 0.00361306
-5.61 0.0037157
-5.6 0.00382087
-5.59 0.00392862
-5.58 0.00403899
-5.57 0.00415203
-5.56 0.0042678
-5.55 0.00438635
-5.54 0.00450773
-5.53 0.00463199
-5.52 0.00475919
-5.51 0.00488938
-5.5 0.00502262
-5.49 0.00515896
-5.48 0.00529846
-5.47 0.00544118
-5.46 0.00558716
-5.45 0.00573647
-5.44 0.00588917
-5.43 0.00604532
-5.42 0.00620497
-5.41 0.00636818
-5.4 0.00653501
-5.39 0.00670553
-5.38 0.0068798
-5.37 0.00705786
-5.36 0.0072398
-5.35 0.00742566
-5.34 0.00761551
-5.33 0.00780942
-5.32 0.00800745
-5.31 0.00820965
-5.3 0.0084161
-5.29 0.00862685
-5.28 0.00884197
-5.27 0.00906153
-5.26 0.0092856
-5.25 0.00951422
-5.24 0.00974748
-5.23 0.00998543
-5.22 0.0102281
-5.21 0.0104757
-5.2 0.0107281
-5.19 0.0109855
-5.18 0.0112479
-5.17 0.0115154
-5.16 0.011788
-5.15 0.0120659
-5.14 0.012349
-5.13 0.0126375
-5.12 0.0129314
-5.11 0.0132308
-5.1 0.0135358
-5.09 0.0138463
-5.08 0.0141625
-5.07 0.0144845
-5.06 0.0148122
-5.05 0.0151459
-5.04 0.0154854
-5.03 0.0158309
-5.02 0.0161825
-5.01 0.0165402
-5 0.0169041
-4.99 0.0172742
-4.98 0.0176506
-4.97 0.0180333
-4.96 0.0184225
-4.95 0.0188181
-4.94 0.0192203
-4.93 0.019629
-4.92 0.0200444
-4.91 0.0204665
-4.9 0.0208953
-4.89 0.0213309
-4.88 0.0217734
-4.87 0.0222227
-4.86 0.022679
-4.85 0.0231423
-4.84 0.0236127
-4.83 0.0240901
-4.82 0.0245747
-4.81 0.0250665
-4.8 0.0255654
-4.79 0.0260717
-4.78 0.0265852
-4.77 0.0271061
-4.76 0.0276343
-4.75 0.02817
-4.74 0.0287131
-4.73 0.0292636
-4.72 0.0298217
-4.71 0.0303873
-4.7 0.0309604
-4.69 0.0315411
-4.68 0.0321294
-4.67 0.0327254
-4.66 0.033329
-4.65 0.0339402
-4.64 0.0345591
-4.63 0.0351856
-4.62 0.0358199
-4.61 0.0364619
-4.6 0.0371115
-4.59 0.0377689
-4.58 0.038434
-4.57 0.0391067
-4.56 0.0397872
-4.55 0.0404754
-4.54 0.0411712
-4.53 0.0418747
-4.52 0.0425859
-4.51 0.0433047
-4.5 0.0440311
-4.49 0.0447652
-4.48 0.0455068
-4.47 0.0462559
-4.46 0.0470126
-4.45 0.0477767
-4.44 0.0485483
-4.43 0.0493273
-4.42 0.0501136
-4.41 0.0509073
-4.4 0.0517083
-4.39 0.0525164
-4.38 0.0533318
-4.37 0.0541542
-4.36 0.0549837
-4.35 0.0558202
-4.34 0.0566636
-4.33 0.0575138
-4.32 0.0583708
-4.31 0.0592345
-4.3 0.0601049
-4.29 0.0609818
-4.28 0.0618651
-4.27 0.0627548
-4.26 0.0636508
-4.25 0.0645529
-4.24 0.0654612
-4.23 0.0663754
-4.22 0.0672955
-4.21 0.0682213
-4.2 0.0691528
-4.19 0.0700899
-4.18 0.0710323
-4.17 0.0719801
-4.16 0.072933
-4.15 0.073891
-4.14 0.0748539
-4.13 0.0758216
-4.12 0.0767939
-4.11 0.0777707
-4.1 0.0787519
-4.09 0.0797373
-4.08 0.0807268
-4.07 0.0817201
-4.06 0.0827173
-4.05 0.083718
-4.04 0.0847221
-4.03 0.0857295
-4.02 0.08674
-4.01 0.0877535
-4 0.0887697
-3.99 0.0897884
-3.98 0.0908096
-3.97 0.0918329
-3.96 0.0928583
-3.95 0.0938856
-3.94 0.0949145
-3.93 0.0959448
-3.92 0.0969764
-3.91 0.098009
-3.9 0.0990426
-3.89 0.100077
-3.88 0.101111
-3.87 0.102146
-3.86 0.103181
-3.85 0.104216
-3.84 0.10525
-3.83 0.106284
-3.82 0.107317
-3.81 0.108349
-3.8 0.109379
-3.79 0.110408
-3.78 0.111436
-3.77 0.112461
-3.76 0.113485
-3.75 0.114506
-3.74 0.115524
-3.73 0.116539
-3.72 0.117552
-3.71 0.118561
-3.7 0.119566
-3.69 0.120568
-3.68 0.121565
-3.67 0.122559
-3.66 0.123548
-3.65 0.124532
-3.64 0.125511
-3.63 0.126485
-3.62 0.127453
-3.61 0.128416
-3.6 0.129373
-3.59 0.130324
-3.58 0.131268
-3.57 0.132205
-3.56 0.133136
-3.55 0.13406
-3.54 0.134976
-3.53 0.135885
-3.52 0.136786
-3.51 0.137679
-3.5 0.138563
-3.49 0.139439
-3.48 0.140306
-3.47 0.141165
-3.46 0.142014
-3.45 0.142853
-3.44 0.143683
-3.43 0.144503
-3.42 0.145313
-3.41 0.146113
-3.4 0.146902
-3.39 0.14768
-3.38 0.148448
-3.37 0.149204
-3.36 0.149949
-3.35 0.150682
-3.34 0.151404
-3.33 0.152113
-3.32 0.152811
-3.31 0.153496
-3.3 0.154168
-3.29 0.154828
-3.28 0.155475
-3.27 0.156108
-3.26 0.156729
-3.25 0.157336
-3.24 0.157929
-3.23 0.158509
-3.22 0.159074
-3.21 0.159626
-3.2 0.160163
-3.19 0.160686
-3.18 0.161194
-3.17 0.161688
-3.16 0.162167
-3.15 0.162631
-3.14 0.163079
-3.13 0.163513
-3.12 0.163931
-3.11 0.164334
-3.1 0.164721
-3.09 0.165093
-3.08 0.165449
-3.07 0.165789
-3.06 0.166113
-3.05 0.166421
-3.04 0.166713
-3.03 0.166989
-3.02 0.167249
-3.01 0.167492
-3 0.167719
-2.99 0.16793
-2.98 0.168124
-2.97 0.168302
-2.96 0.168463
-2.95 0.168608
-2.94 0.168736
-2.93 0.168847
-2.92 0.168942
-2.91 0.16902
-2.9 0.169082
-2.89 0.169127
-2.88 0.169155
-2.87 0.169167
-2.86 0.169162
-2.85 0.169141
-2.84 0.169103
-2.83 0.169049
-2.82 0.168978
-2.81 0.168891
-2.8 0.168787
-2.79 0.168668
-2.78 0.168532
-2.77 0.16838
-2.76 0.168211
-2.75 0.168027
-2.74 0.167827
-2.73 0.167611
-2.72 0.167379
-2.71 0.167132
-2.7 0.166869
-2.69 0.166591
-2.68 0.166298
-2.67 0.165989
-2.66 0.165665
-2.65 0.165327
-2.64 0.164973
-2.63 0.164606
-2.62 0.164223
-2.61 0.163826
-2.6 0.163416
-2.59 0.162991
-2.58 0.162552
-2.57 0.162099
-2.56 0.161634
-2.55 0.161154
-2.54 0.160662
-2.53 0.160157
-2.52 0.159639
-2.51 0.159108
-2.5 0.158565
-2.49 0.15801
-2.48 0.157443
-2.47 0.156864
-2.46 0.156274
-2.45 0.155672
-2.44 0.155059
-2.43 0.154436
-2.42 0.153802
-2.41 0.153157
-2.4 0.152502
-2.39 0.151837
-2.38 0.151163
-2.37 0.150479
-2.36 0.149786
-2.35 0.149084
-2.34 0.148373
-2.33 0.147654
-2.32 0.146926
-2.31 0.146191
-2.3 0.145447
-2.29 0.144697
-2.28 0.143939
-2.27 0.143174
-2.26 0.142403
-2.25 0.141625
-2.24 0.140841
-2.23 0.140051
-2.22 0.139256
-2.21 0.138455
-2.2 0.137649
-2.19 0.136838
-2.18 0.136023
-2.17 0.135204
-2.16 0.13438
-2.15 0.133553
-2.14 0.132722
-2.13 0.131889
-2.12 0.131052
-2.11 0.130212
-2.1 0.129371
-2.09 0.128527
-2.08 0.127681
-2.07 0.126834
-2.06 0.125985
-2.05 0.125136
-2.04 0.124285
-2.03 0.123434
-2.02 0.122583
-2.01 0.121732
-2 0.120881
-1.99 0.120031
-1.98 0.119181
-1.97 0.118333
-1.96 0.117485
-1.95 0.11664
-1.94 0.115796
-1.93 0.114954
-1.92 0.114114
-1.91 0.113277
-1.9 0.112442
-1.89 0.111611
-1.88 0.110782
-1.87 0.109957
-1.86 0.109136
-1.85 0.108319
-1.84 0.107506
-1.83 0.106697
-1.82 0.105892
-1.81 0.105093
-1.8 0.104298
-1.79 0.103508
-1.78 0.102724
-1.77 0.101946
-1.76 0.101173
-1.75 0.100406
-1.74 0.099645
-1.73 0.0988905
-1.72 0.0981425
-1.71 0.0974011
-1.7 0.0966666
-1.69 0.095939
-1.68 0.0952186
-1.67 0.0945055
-1.66 0.0937999
-1.65 0.0931019
-1.64 0.0924117
-1.63 0.0917293
-1.62 0.091055
-1.61 0.0903889
-1.6 0.0897311
-1.59 0.0890817
-1.58 0.0884409
-1.57 0.0878087
-1.56 0.0871853
-1.55 0.0865708
-1.54 0.0859652
-1.53 0.0853687
-1.52 0.0847814
-1.51 0.0842034
-1.5 0.0836347
-1.49 0.0830754
-1.48 0.0825256
-1.47 0.0819853
-1.46 0.0814547
-1.45 0.0809338
-1.44 0.0804226
-1.43 0.0799212
-1.42 0.0794296
-1.41 0.0789479
-1.4 0.0784761
-1.39 0.0780143
-1.38 0.0775625
-1.37 0.0771206
-1.36 0.0766888
-1.35 0.076267
-1.34 0.0758553
-1.33 0.0754536
-1.32 0.0750619
-1.31 0.0746803
-1.3 0.0743088
-1.29 0.0739473
-1.28 0.0735957
-1.27 0.0732542
-1.26 0.0729226
-1.25 0.072601
-1.24 0.0722893
-1.23 0.0719874
-1.22 0.0716954
-1.21 0.0714131
-1.2 0.0711406
-1.19 0.0708777
-1.18 0.0706245
-1.17 0.0703808
-1.16 0.0701466
-1.15 0.0699219
-1.14 0.0697065
-1.13 0.0695003
-1.12 0.0693034
-1.11 0.0691156
-1.1 0.0689368
-1.09 0.0687669
-1.08 0.0686059
-1.07 0.0684536
-1.06 0.06831
-1.05 0.0681749
-1.04 0.0680483
-1.03 0.06793
-1.02 0.0678199
-1.01 0.067718
-1 0.067624
-0.99 0.0675379
-0.98 0.0674595
-0.97 0.0673888
-0.96 0.0673255
-0.95 0.0672696
-0.94 0.067221
-0.93 0.0671794
-0.92 0.0671449
-0.91 0.0671171
-0.9 0.067096
-0.89 0.0670815
-0.88 0.0670734
-0.87 0.0670715
-0.86 0.0670757
-0.85 0.0670859
-0.84 0.0671019
-0.83 0.0671236
-0.82 0.0671507
-0.81 0.0671832
-0.8 0.0672209
-0.79 0.0672637
-0.78 0.0673113
-0.77 0.0673636
-0.76 0.0674205
-0.75 0.0674819
-0.74 0.0675474
-0.73 0.067617
-0.72 0.0676906
-0.71 0.0677679
-0.7 0.0678488
-0.69 0.0679332
-0.68 0.0680208
-0.67 0.0681115
-0.66 0.0682052
-0.65 0.0683017
-0.64 0.0684008
-0.63 0.0685023
-0.62 0.0686062
-0.61 0.0687122
-0.6 0.0688202
-0.59 0.06893
-0.58 0.0690415
-0.57 0.0691545
-0.56 0.0692689
-0.55 0.0693844
-0.54 0.069501
-0.53 0.0696185
-0.52 0.0697368
-0.51 0.0698556
-0.5 0.0699749
-0.49 0.0700944
-0.48 0.0702141
-0.47 0.0703339
-0.46 0.0704534
-0.45 0.0705727
-0.44 0.0706916
-0.43 0.0708099
-0.42 0.0709275
-0.41 0.0710443
-0.4 0.0711602
-0.39 0.071275
-0.38 0.0713885
-0.37 0.0715007
-0.36 0.0716115
-0.35 0.0717207
-0.34 0.0718282
-0.33 0.0719339
-0.32 0.0720377
-0.31 0.0721394
-0.3 0.072239
-0.29 0.0723364
-0.28 0.0724315
-0.27 0.0725241
-0.26 0.0726142
-0.25 0.0727016
-0.24 0.0727864
-0.23 0.0728684
-0.22 0.0729475
-0.21 0.0730236
-0.2 0.0730968
-0.19 0.0731668
-0.18 0.0732336
-0.17 0.0732973
-0.16 0.0733576
-0.15 0.0734145
-0.14 0.0734681
-0.13 0.0735182
-0.12 0.0735648
-0.11 0.0736078
-0.1 0.0736472
-0.09 0.073683
-0.08 0.0737151
-0.07 0.0737435
-0.06 0.0737681
-0.05 0.073789
-0.04 0.0738062
-0.03 0.0738195
-0.02 0.0738291
-0.01 0.0738348
0 0.0738367
0.01 0.0738348
0.02 0.0738291
0.03 0.0738195
0.04 0.0738062
0.05 0.073789
0.06 0.0737681
0.07 0.0737435
0.08 0.0737151
0.09 0.073683
0.1 0.0736472
0.11 0.0736078
0.12 0.0735648
0.13 0.0735182
0.14 0.0734681
0.15 0.0734145
0.16 0.0733576
0.17 0.0732973
0.18 0.0732336
0.19 0.0731668
0.2 0.0730968
0.21 0.0730236
0.22 0.0729475
0.23 0.0728684
0.24 0.0727864
0.25 0.0727016
0.26 0.0726142
0.27 0.0725241
0.28 0.0724315
0.29 0.0723364
0.3 0.072239
0.31 0.0721394
0.32 0.0720377
0.33 0.0719339
0.34 0.0718282
0.35 0.0717207
0.36 0.0716115
0.37 0.0715007
0.38 0.0713885
0.39 0.071275
0.4 0.0711602
0.41 0.0710443
0.42 0.0709275
0.43 0.0708099
0.44 0.0706916
0.45 0.0705727
0.46 0.0704534
0.47 0.0703339
0.48 0.0702141
0.49 0.0700944
0.5 0.0699749
0.51 0.0698556
0.52 0.0697368
0.53 0.0696185
0.54 0.069501
0.55 0.0693844
0.56 0.0692689
0.57 0.0691545
0.58 0.0690415
0.59 0.06893
0.6 0.0688202
0.61 0.0687122
0.62 0.0686062
0.63 0.0685023
0.64 0.0684008
0.65 0.0683017
0.66 0.0682052
0.67 0.0681115
0.68 0.0680208
0.69 0.0679332
0.7 0.0678488
0.71 0.0677679
0.72 0.0676906
0.73 0.067617
0.74 0.0675474
0.75 0.0674819
0.76 0.0674205
0.77 0.0673636
0.78 0.0673113
0.79 0.0672637
0.8 0.0672209
0.81 0.0671832
0.82 0.0671507
0.83 0.0671236
0.84 0.0671019
0.85 0.0670859
0.86 0.0670757
0.87 0.0670715
0.88 0.0670734
0.89 0.0670815
0.9 0.067096
0.91 0.0671171
0.92 0.0671449
0.93 0.0671794
0.94 0.067221
0.95 0.0672696
0.96 0.0673255
0.97 0.0673888
0.98 0.0674595
0.99 0.0675379
1 0.067624
1.01 0.067718
1.02 0.0678199
1.03 0.06793
1.04 0.0680483
1.05 0.0681749
1.06 0.06831
1.07 0.0684536
1.08 0.0686059
1.09 0.0687669
1.1 0.0689368
1.11 0.0691156
1.12 0.0693034
1.13 0.0695003
1.14 0.0697065
1.15 0.0699219
1.16 0.0701466
1.17 0.0703808
1.18 0.0706245
1.19 0.0708777
1.2 0.0711406
1.21 0.0714131
1.22 0.0716954
1.23 0.0719874
1.24 0.0722893
1.25 0.072601
1.26 0.0729226
1.27 0.0732542
1.28 0.0735957
1.29 0.0739473
1.3 0.0743088
1.31 0.0746803
1.32 0.0750619
1.33 0.0754536
1.34 0.0758553
1.35 0.076267
1.36 0.0766888
1.37 0.0771206
1.38 0.0775625
1.39 0.0780143
1.4 0.0784761
1.41 0.0789479
1.42 0.0794296
1.43 0.0799212
1.44 0.0804226
1.45 0.0809338
1.46 0.0814547
1.47 0.0819853
1.48 0.0825256
1.49 0.0830754
1.5 0.0836347
1.51 0.0842034
1.52 0.0847814
1.53 0.0853687
1.54 0.0859652
1.55 0.0865708
1.56 0.0871853
1.57 0.0878087
1.58 0.0884409
1.59 0.0890817
1.6 0.0897311
1.61 0.0903889
1.62 0.091055
1.63 0.0917293
1.64 0.0924117
1.65 0.0931019
1.66 0.0937999
1.67 0.0945055
1.68 0.0952186
1.69 0.095939
1.7 0.0966666
1.71 0.0974011
1.72 0.0981425
1.73 0.0988905
1.74 0.099645
1.75 0.100406
1.76 0.101173
1.77 0.101946
1.78 0.102724
1.79 0.103508
1.8 0.104298
1.81 0.105093
1.82 0.105892
1.83 0.106697
1.84 0.107506
1.85 0.108319
1.86 0.109136
1.87 0.109957
1.88 0.110782
1.89 0.111611
1.9 0.112442
1.91 0.113277
1.92 0.114114
1.93 0.114954
1.94 0.115796
1.95 0.11664
1.96 0.117485
1.97 0.118333
1.98 0.119181
1.99 0.120031
2 0.120881
2.01 0.121732
2.02 0.122583
2.03 0.123434
2.04 0.124285
2.05 0.125136
2.06 0.125985
2.07 0.126834
2.08 0.127681
2.09 0.128527
2.1 0.129371
2.11 0.130212
2.12 0.131052
2.13 0.131889
2.14 0.132722
2.15 0.133553
2.16 0.13438
2.17 0.135204
2.18 0.136023
2.19 0.136838
2.2 0.137649
2.21 0.138455
2.22 0.139256
2.23 0.140051
2.24 0.140841
2.25 0.141625
2.26 0.142403
2.27 0.143174
2.28 0.143939
2.29 0.144697
2.3 0.145447
2.31 0.146191
2.32 0.146926
2.33 0.147654
2.34 0.148373
2.35 0.149084
2.36 0.149786
2.37 0.150479
2.38 0.151163
2.39 0.151837
2.4 0.152502
2.41 0.153157
2.42 0.153802
2.43 0.154436
2.44 0.155059
2.45 0.155672
2.46 0.156274
2.47 0.156864
2.48 0.157443
2.49 0.15801
2.5 0.158565
2.51 0.159108
2.52 0.159639
2.53 0.160157
2.54 0.160662
2.55 0.161154
2.56 0.161634
2.57 0.162099
2.58 0.162552
2.59 0.162991
2.6 0.163416
2.61 0.163826
2.62 0.164223
2.63 0.164606
2.64 0.164973
2.65 0.165327
2.66 0.165665
2.67 0.165989
2.68 0.166298
2.69 0.166591
2.7 0.166869
2.71 0.167132
2.72 0.167379
2.73 0.167611
2.74 0.167827
2.75 0.168027
2.76 0.168211
2.77 0.16838
2.78 0.168532
2.79 0.168668
2.8 0.168787
2.81 0.168891
2.82 0.168978
2.83 0.169049
2.84 0.169103
2.85 0.169141
2.86 0.169162
2.87 0.169167
2.88 0.169155
2.89 0.169127
2.9 0.169082
2.91 0.16902
2.92 0.168942
2.93 0.168847
2.94 0.168736
2.95 0.168608
2.96 0.168463
2.97 0.168302
2.98 0.168124
2.99 0.16793
3 0.167719
3.01 0.167492
3.02 0.167249
3.03 0.166989
3.04 0.166713
3.05 0.166421
3.06 0.166113
3.07 0.165789
3.08 0.165449
3.09 0.165093
3.1 0.164721
3.11 0.164334
3.12 0.163931
3.13 0.163513
3.14 0.163079
3.15 0.162631
3.16 0.162167
3.17 0.161688
3.18 0.161194
3.19 0.160686
3.2 0.160163
3.21 0.159626
3.22 0.159074
3.23 0.158509
3.24 0.157929
3.25 0.157336
3.26 0.156729
3.27 0.156108
3.28 0.155475
3.29 0.154828
3.3 0.154168
3.31 0.153496
3.32 0.152811
3.33 0.152113
3.34 0.151404
3.35 0.150682
3.36 0.149949
3.37 0.149204
3.38 0.148448
3.39 0.14768
3.4 0.146902
3.41 0.146113
3.42 0.145313
3.43 0.144503
3.44 0.143683
3.45 0.142853
3.46 0.142014
3.47 0.141165
3.48 0.140306
3.49 0.139439
3.5 0.138563
3.51 0.137679
3.52 0.136786
3.53 0.135885
3.54 0.134976
3.55 0.13406
3.56 0.133136
3.57 0.132205
3.58 0.131268
3.59 0.130324
3.6 0.129373
3.61 0.128416
3.62 0.127453
3.63 0.126485
3.64 0.125511
3.65 0.124532
3.66 0.123548
3.67 0.122559
3.68 0.121565
3.69 0.120568
3.7 0.119566
3.71 0.118561
3.72 0.117552
3.73 0.116539
3.74 0.115524
3.75 0.114506
3.76 0.113485
3.77 0.112461
3.78 0.111436
3.79 0.110408
3.8 0.109379
3.81 0.108349
3.82 0.107317
3.83 0.106284
3.84 0.10525
3.85 0.104216
3.86 0.103181
3.87 0.102146
3.88 0.101111
3.89 0.100077
3.9 0.0990426
3.91 0.098009
3.92 0.0969764
3.93 0.0959448
3.94 0.0949145
3.95 0.0938856
3.96 0.0928583
3.97 0.0918329
3.98 0.0908096
3.99 0.0897884
4 0.0887697
4.01 0.0877535
4.02 0.08674
4.03 0.0857295
4.04 0.0847221
4.05 0.083718
4.06 0.0827173
4.07 0.0817201
4.08 0.0807268
4.09 0.0797373
4.1 0.0787519
4.11 0.0777707
4.12 0.0767939
4.13 0.0758216
4.14 0.0748539
4.15 0.073891
4.16 0.072933
4.17 0.0719801
4.18 0.0710323
4.19 0.0700899
4.2 0.0691528
4.21 0.0682213
4.22 0.0672955
4.23 0.0663754
4.24 0.0654612
4.25 0.0645529
4.26 0.0636508
4.27 0.0627548
4.28 0.0618651
4.29 0.0609818
4.3 0.0601049
4.31 0.0592345
4.32 0.0583708
4.33 0.0575138
4.34 0.0566636
4.35 0.0558202
4.36 0.0549837
4.37 0.0541542
4.38 0.0533318
4.39 0.0525164
4.4 0.0517083
4.41 0.0509073
4.42 0.0501136
4.43 0.0493273
4.44 0.0485483
4.45 0.0477767
4.46 0.0470126
4.47 0.0462559
4.48 0.0455068
4.49 0.0447652
4.5 0.0440311
4.51 0.0433047
4.52 0.0425859
4.53 0.0418747
4.54 0.0411712
4.55 0.0404754
4.56 0.0397872
4.57 0.0391067
4.58 0.038434
4.59 0.0377689
4.6 0.0371115
4.61 0.0364619
4.62 0.0358199
4.63 0.0351856
4.64 0.0345591
4.65 0.0339402
4.66 0.033329
4.67 0.0327254
4.68 0.0321294
4.69 0.0315411
4.7 0.0309604
4.71 0.0303873
4.72 0.0298217
4.73 0.0292636
4.74 0.0287131
4.75 0.02817
4.76 0.0276343
4.77 0.0271061
4.78 0.0265852
4.79 0.0260717
4.8 0.0255654
4.81 0.0250665
4.82 0.0245747
4.83 0.0240901
4.84 0.0236127
4.85 0.0231423
4.86 0.022679
4.87 0.0222227
4.88 0.0217734
4.89 0.0213309
4.9 0.0208953
4.91 0.0204665
4.92 0.0200444
4.93 0.019629
4.94 0.0192203
4.95 0.0188181
4.96 0.0184225
4.97 0.0180333
4.98 0.0176506
4.99 0.0172742
5 0.0169041
5.01 0.0165402
5.02 0.0161825
5.03 0.0158309
5.04 0.0154854
5.05 0.0151459
5.06 0.0148122
5.07 0.0144845
5.08 0.0141625
5.09 0.0138463
5.1 0.0135358
5.11 0.0132308
5.12 0.0129314
5.13 0.0126375
5.14 0.012349
5.15 0.0120659
5.16 0.011788
5.17 0.0115154
5.18 0.0112479
5.19 0.0109855
5.2 0.0107281
5.21 0.0104757
5.22 0.0102281
5.23 0.00998543
5.24 0.00974748
5.25 0.00951422
5.26 0.0092856
5.27 0.00906153
5.28 0.00884197
5.29 0.00862685
5.3 0.0084161
5.31 0.00820965
5.32 0.00800745
5.33 0.00780942
5.34 0.00761551
5.35 0.00742566
5.36 0.0072398
5.37 0.00705786
5.38 0.0068798
5.39 0.00670553
5.4 0.00653501
5.41 0.00636818
5.42 0.00620497
5.43 0.00604532
5.44 0.00588917
5.45 0.00573647
5.46 0.00558716
5.47 0.00544118
5.48 0.00529846
5.49 0.00515896
5.5 0.00502262
5.51 0.00488938
5.52 0.00475919
5.53 0.00463199
5.54 0.00450773
5.55 0.00438635
5.56 0.0042678
5.57 0.00415203
5.58 0.00403899
5.59 0.00392862
5.6 0.00382087
5.61 0.0037157
5.62 0.00361306
5.63 0.00351289
5.64 0.00341514
5.65 0.00331978
5.66 0.00322675
5.67 0.003136
5.68 0.00304749
5.69 0.00296118
5.7 0.00287702
5.71 0.00279496
5.72 0.00271497
5.73 0.00263699
5.74 0.00256099
5.75 0.00248693
5.76 0.00241476
5.77 0.00234444
5.78 0.00227594
5.79 0.00220922
5.8 0.00214423
5.81 0.00208094
5.82 0.00201931
5.83 0.0019593
5.84 0.00190088
5.85 0.00184402
5.86 0.00178867
5.87 0.00173481
5.88 0.00168239
5.89 0.0016314
5.9 0.00158178
5.91 0.00153352
5.92 0.00148658
5.93 0.00144093
5.94 0.00139653
5.95 0.00135337
5.96 0.0013114
5.97 0.00127061
5.98 0.00123096
5.99 0.00119242
