-6 6.18205e-05
-5.99 6.4548e-05
-5.98 6.73879e-05
-5.97 7.03446e-05
-5.96 7.34224e-05
-5.95 7.66258e-05
-5.94 7.99597e-05
-5.93 8.34288e-05
-5.92 8.70382e-05
-5.91 9.07932e-05
-5.9 9.4699e-05
-5.89 9.87612e-05
-5.88 0.000102986
-5.87 0.000107378
-5.86 0.000111945
-5.85 0.000116692
-5.84 0.000121627
-5.83 0.000126755
-5.82 0.000132084
-5.81 0.000137621
-5.8 0.000143373
-5.79 0.000149348
-5.78 0.000155554
-5.77 0.000161998
-5.76 0.00016869
-5.75 0.000175638
-5.74 0.00018285
-5.73 0.000190336
-5.72 0.000198106
-5.71 0.000206169
-5.7 0.000214534
-5.69 0.000223213
-5.68 0.000232216
-5.67 0.000241553
-5.66 0.000251236
-5.65 0.000261277
-5.64 0.000271688
-5.63 0.00028248
-5.62 0.000293666
-5.61 0.00030526
-5.6 0.000317274
-5.59 0.000329722
-5.58 0.000342619
-5.57 0.000355978
-5.56 0.000369814
-5.55 0.000384144
-5.54 0.000398982
-5.53 0.000414344
-5.52 0.000430248
-5.51 0.000446709
-5.5 0.000463747
-5.49 0.000481377
-5.48 0.000499619
-5.47 0.000518492
-5.46 0.000538014
-5.45 0.000558206
-5.44 0.000579088
-5.43 0.000600681
-5.42 0.000623005
-5.41 0.000646084
-5.4 0.000669939
-5.39 0.000694594
-5.38 0.000720071
-5.37 0.000746395
-5.36 0.000773591
-5.35 0.000801684
-5.34 0.0008307
-5.33 0.000860665
-5.32 0.000891606
-5.31 0.000923552
-5.3 0.00095653
-5.29 0.000990569
-5.28 0.0010257
-5.27 0.00106195
-5.26 0.00109936
-5.25 0.00113794
-5.24 0.00117775
-5.23 0.0012188
-5.22 0.00126114
-5.21 0.00130479
-5.2 0.0013498
-5.19 0.0013962
-5.18 0.00144402
-5.17 0.0014933
-5.16 0.00154409
-5.15 0.00159642
-5.14 0.00165032
-5.13 0.00170585
-5.12 0.00176303
-5.11 0.00182193
-5.1 0.00188256
-5.09 0.00194499
-5.08 0.00200925
-5.07 0.00207539
-5.06 0.00214346
-5.05 0.0022135
-5.04 0.00228556
-5.03 0.00235969
-5.02 0.00243594
-5.01 0.00251436
-5 0.002595
-4.99 0.00267791
-4.98 0.00276315
-4.97 0.00285076
-4.96 0.00294081
-4.95 0.00303335
-4.94 0.00312843
-4.93 0.00322611
-4.92 0.00332646
-4.91 0.00342952
-4.9 0.00353536
-4.89 0.00364404
-4.88 0.00375563
-4.87 0.00387017
-4.86 0.00398774
-4.85 0.0041084
-4.84 0.00423222
-4.83 0.00435925
-4.82 0.00448957
-4.81 0.00462325
-4.8 0.00476035
-4.79 0.00490094
-4.78 0.00504509
-4.77 0.00519287
-4.76 0.00534435
-4.75 0.00549961
-4.74 0.00565871
-4.73 0.00582174
-4.72 0.00598875
-4.71 0.00615984
-4.7 0.00633507
-4.69 0.00651453
-4.68 0.00669828
-4.67 0.00688641
-4.66 0.00707899
-4.65 0.0072761
-4.64 0.00747783
-4.63 0.00768425
-4.62 0.00789544
-4.61 0.00811148
-4.6 0.00833246
-4.59 0.00855845
-4.58 0.00878955
-4.57 0.00902582
-4.56 0.00926736
-4.55 0.00951425
-4.54 0.00976657
-4.53 0.0100244
-4.52 0.0102878
-4.51 0.010557
-4.5 0.0108319
-4.49 0.0111126
-4.48 0.0113993
-4.47 0.011692
-4.46 0.0119908
-4.45 0.0122958
-4.44 0.0126071
-4.43 0.0129248
-4.42 0.0132489
-4.41 0.0135796
-4.4 0.0139169
-4.39 0.0142608
-4.38 0.0146116
-4.37 0.0149692
-4.36 0.0153338
-4.35 0.0157055
-4.34 0.0160842
-4.33 0.0164702
-4.32 0.0168634
-4.31 0.017264
-4.3 0.0176721
-4.29 0.0180876
-4.28 0.0185108
-4.27 0.0189417
-4.26 0.0193803
-4.25 0.0198267
-4.24 0.0202811
-4.23 0.0207434
-4.22 0.0212138
-4.21 0.0216923
-4.2 0.022179
-4.19 0.022674
-4.18 0.0231773
-4.17 0.0236889
-4.16 0.0242091
-4.15 0.0247378
-4.14 0.025275
-4.13 0.0258209
-4.12 0.0263755
-4.11 0.0269388
-4.1 0.0275109
-4.09 0.0280919
-4.08 0.0286818
-4.07 0.0292807
-4.06 0.0298886
-4.05 0.0305055
-4.04 0.0311314
-4.03 0.0317665
-4.02 0.0324108
-4.01 0.0330643
-4 0.0337269
-3.99 0.0343988
-3.98 0.03508
-3.97 0.0357705
-3.96 0.0364703
-3.95 0.0371795
-3.94 0.0378979
-3.93 0.0386258
-3.92 0.039363
-3.91 0.0401095
-3.9 0.0408655
-3.89 0.0416308
-3.88 0.0424054
-3.87 0.0431894
-3.86 0.0439828
-3.85 0.0447855
-3.84 0.0455974
-3.83 0.0464187
-3.82 0.0472492
-3.81 0.0480889
-3.8 0.0489378
-3.79 0.0497959
-3.78 0.050663
-3.77 0.0515393
-3.76 0.0524245
-3.75 0.0533187
-3.74 0.0542218
-3.73 0.0551337
-3.72 0.0560543
-3.71 0.0569837
-3.7 0.0579217
-3.69 0.0588682
-3.68 0.0598232
-3.67 0.0607865
-3.66 0.0617581
-3.65 0.0627379
-3.64 0.0637258
-3.63 0.0647216
-3.62 0.0657253
-3.61 0.0667367
-3.6 0.0677557
-3.59 0.0687823
-3.58 0.0698162
-3.57 0.0708573
-3.56 0.0719055
-3.55 0.0729607
-3.54 0.0740227
-3.53 0.0750913
-3.52 0.0761665
-3.51 0.0772479
-3.5 0.0783356
-3.49 0.0794292
-3.48 0.0805287
-3.47 0.0816338
-3.46 0.0827444
-3.45 0.0838603
-3.44 0.0849812
-3.43 0.0861071
-3.42 0.0872376
-3.41 0.0883726
-3.4 0.0895119
-3.39 0.0906552
-3.38 0.0918024
-3.37 0.0929532
-3.36 0.0941073
-3.35 0.0952647
-3.34 0.096425
-3.33 0.0975879
-3.32 0.0987533
-3.31 0.099921
-3.3 0.101091
-3.29 0.102262
-3.28 0.103434
-3.27 0.104608
-3.26 0.105783
-3.25 0.106959
-3.24 0.108135
-3.23 0.10931
-3.22 0.110486
-3.21 0.111662
-3.2 0.112836
-3.19 0.11401
-3.18 0.115182
-3.17 0.116353
-3.16 0.117522
-3.15 0.118688
-3.14 0.119853
-3.13 0.121014
-3.12 0.122172
-3.11 0.123327
-3.1 0.124479
-3.09 0.125626
-3.08 0.126769
-3.07 0.127908
-3.06 0.129041
-3.05 0.130169
-3.04 0.131292
-3.03 0.132409
-3.02 0.13352
-3.01 0.134624
-3 0.135722
-2.99 0.136812
-2.98 0.137895
-2.97 0.138971
-2.96 0.140038
-2.95 0.141097
-2.94 0.142147
-2.93 0.143189
-2.92 0.144221
-2.91 0.145243
-2.9 0.146256
-2.89 0.147258
-2.88 0.14825
-2.87 0.149231
-2.86 0.150201
-2.85 0.151159
-2.84 0.152106
-2.83 0.153041
-2.82 0.153963
-2.81 0.154873
-2.8 0.15577
-2.79 0.156654
-2.78 0.157524
-2.77 0.158381
-2.76 0.159224
-2.75 0.160052
-2.74 0.160866
-2.73 0.161665
-2.72 0.162449
-2.71 0.163217
-2.7 0.16397
-2.69 0.164707
-2.68 0.165428
-2.67 0.166133
-2.66 0.166821
-2.65 0.167492
-2.64 0.168147
-2.63 0.168784
-2.62 0.169404
-2.61 0.170006
-2.6 0.17059
-2.59 0.171156
-2.58 0.171704
-2.57 0.172233
-2.56 0.172744
-2.55 0.173236
-2.54 0.173709
-2.53 0.174163
-2.52 0.174597
-2.51 0.175013
-2.5 0.175408
-2.49 0.175784
-2.48 0.17614
-2.47 0.176476
-2.46 0.176792
-2.45 0.177088
-2.44 0.177363
-2.43 0.177618
-2.42 0.177853
-2.41 0.178067
-2.4 0.17826
-2.39 0.178433
-2.38 0.178585
-2.37 0.178716
-2.36 0.178826
-2.35 0.178916
-2.34 0.178984
-2.33 0.179031
-2.32 0.179058
-2.31 0.179063
-2.3 0.179048
-2.29 0.179011
-2.28 0.178954
-2.27 0.178875
-2.26 0.178776
-2.25 0.178656
-2.24 0.178515
-2.23 0.178353
-2.22 0.17817
-2.21 0.177967
-2.2 0.177743
-2.19 0.177498
-2.18 0.177233
-2.17 0.176948
-2.16 0.176643
-2.15 0.176317
-2.14 0.175971
-2.13 0.175606
-2.12 0.17522
-2.11 0.174815
-2.1 0.174391
-2.09 0.173947
-2.08 0.173484
-2.07 0.173002
-2.06 0.172501
-2.05 0.171981
-2.04 0.171443
-2.03 0.170886
-2.02 0.170312
-2.01 0.169719
-2 0.169109
-1.99 0.168481
-1.98 0.167835
-1.97 0.167173
-1.96 0.166493
-1.95 0.165797
-1.94 0.165085
-1.93 0.164356
-1.92 0.163612
-1.91 0.162852
-1.9 0.162076
-1.89 0.161285
-1.88 0.160479
-1.87 0.159658
-1.86 0.158823
-1.85 0.157974
-1.84 0.157111
-1.83 0.156235
-1.82 0.155345
-1.81 0.154442
-1.8 0.153527
-1.79 0.152599
-1.78 0.151658
-1.77 0.150706
-1.76 0.149743
-1.75 0.148768
-1.74 0.147782
-1.73 0.146786
-1.72 0.145779
-1.71 0.144762
-1.7 0.143736
-1.69 0.1427
-1.68 0.141655
-1.67 0.140601
-1.66 0.139539
-1.65 0.138468
-1.64 0.13739
-1.63 0.136304
-1.62 0.135211
-1.61 0.134111
-1.6 0.133005
-1.59 0.131892
-1.58 0.130773
-1.57 0.129649
-1.56 0.128519
-1.55 0.127385
-1.54 0.126245
-1.53 0.125101
-1.52 0.123954
-1.51 0.122802
-1.5 0.121647
-1.49 0.120489
-1.48 0.119327
-1.47 0.118164
-1.46 0.116998
-1.45 0.11583
-1.44 0.114661
-1.43 0.11349
-1.42 0.112318
-1.41 0.111145
-1.4 0.109972
-1.39 0.108798
-1.38 0.107625
-1.37 0.106452
-1.36 0.105279
-1.35 0.104108
-1.34 0.102938
-1.33 0.101769
-1.32 0.100602
-1.31 0.0994364
-1.3 0.0982734
-1.29 0.0971128
-1.28 0.095955
-1.27 0.0948001
-1.26 0.0936485
-1.25 0.0925003
-1.24 0.0913558
-1.23 0.0902153
-1.22 0.0890789
-1.21 0.0879468
-1.2 0.0868194
-1.19 0.0856968
-1.18 0.0845793
-1.17 0.083467
-1.16 0.0823602
-1.15 0.0812591
-1.14 0.080164
-1.13 0.0790749
-1.12 0.0779922
-1.11 0.076916
-1.1 0.0758466
-1.09 0.0747842
-1.08 0.073729
-1.07 0.0726812
-1.06 0.0716411
-1.05 0.0706088
-1.04 0.0695847
-1.03 0.068569
-1.02 0.0675619
-1.01 0.0665638
-1 0.065575
-0.99 0.0645958
-0.98 0.0636265
-0.97 0.0626675
-0.96 0.0617193
-0.95 0.0607823
-0.94 0.059857
-0.93 0.0589439
-0.92 0.0580436
-0.91 0.0571569
-0.9 0.0562843
-0.89 0.0554269
-0.88 0.0545853
-0.87 0.0537607
-0.86 0.0529541
-0.85 0.0521667
-0.84 0.0513998
-0.83 0.0506549
-0.82 0.0499337
-0.81 0.0492378
-0.8 0.0485691
-0.79 0.04793
-0.78 0.0473225
-0.77 0.0467492
-0.76 0.046213
-0.75 0.0457167
-0.74 0.0452636
-0.73 0.044857
-0.72 0.0445009
-0.71 0.0441991
-0.7 0.0439559
-0.69 0.043776
-0.68 0.0436642
-0.67 0.0436256
-0.66 0.0436657
-0.65 0.0437902
-0.64 0.0440053
-0.63 0.0443171
-0.62 0.0447322
-0.61 0.0452574
-0.6 0.0458999
-0.59 0.0466667
-0.58 0.0475653
-0.57 0.0486032
-0.56 0.049788
-0.55 0.0511274
-0.54 0.052629
-0.53 0.0543004
-0.52 0.0561491
-0.51 0.0581823
-0.5 0.060407
-0.49 0.0628299
-0.48 0.0654573
-0.47 0.0682949
-0.46 0.0713478
-0.45 0.0746207
-0.44 0.0781172
-0.43 0.0818403
-0.42 0.0857919
-0.41 0.0899729
-0.4 0.0943832
-0.39 0.0990215
-0.38 0.103885
-0.37 0.10897
-0.36 0.114271
-0.35 0.119781
-0.34 0.125492
-0.33 0.131394
-0.32 0.137475
-0.31 0.143723
-0.3 0.150123
-0.29 0.156659
-0.28 0.163314
-0.27 0.170067
-0.26 0.176898
-0.25 0.183787
-0.24 0.190709
-0.23 0.197639
-0.22 0.204554
-0.21 0.211426
-0.2 0.218229
-0.19 0.224934
-0.18 0.231515
-0.17 0.237942
-0.16 0.244189
-0.15 0.250225
-0.14 0.256025
-0.13 0.26156
-0.12 0.266805
-0.11 0.271734
-0.1 0.276323
-0.09 0.280549
-0.08 0.284391
-0.07 0.287829
-0.06 0.290846
-0.05 0.293426
-0.04 0.295556
-0.03 0.297224
-0.02 0.298422
-0.01 0.299143
0 0.299384
0.01 0.299143
0.02 0.298422
0.03 0.297224
0.04 0.295556
0.05 0.293426
0.06 0.290846
0.07 0.287829
0.08 0.284391
0.09 0.280549
0.1 0.276323
0.11 0.271734
0.12 0.266805
0.13 0.26156
0.14 0.256025
0.15 0.250225
0.16 0.244189
0.17 0.237942
0.18 0.231515
0.19 0.224934
0.2 0.218229
0.21 0.211426
0.22 0.204554
0.23 0.197639
0.24 0.190709
0.25 0.183787
0.26 0.176898
0.27 0.170067
0.28 0.163314
0.29 0.156659
0.3 0.150123
0.31 0.143723
0.32 0.137475
0.33 0.131394
0.34 0.125492
0.35 0.119781
0.36 0.114271
0.37 0.10897
0.38 0.103885
0.39 0.0990215
0.4 0.0943832
0.41 0.0899729
0.42 0.0857919
0.43 0.0818403
0.44 0.0781172
0.45 0.0746207
0.46 0.0713478
0.47 0.0682949
0.48 0.0654573
0.49 0.0628299
0.5 0.060407
0.51 0.0581823
0.52 0.0561491
0.53 0.0543004
0.54 0.052629
0.55 0.0511274
0.56 0.049788
0.57 0.0486032
0.58 0.0475653
0.59 0.0466667
0.6 0.0458999
0.61 0.0452574
0.62 0.0447322
0.63 0.0443171
0.64 0.0440053
0.65 0.0437902
0.66 0.0436657
0.67 0.0436256
0.68 0.0436642
0.69 0.043776
0.7 0.0439559
0.71 0.0441991
0.72 0.0445009
0.73 0.044857
0.74 0.0452636
0.75 0.0457167
0.76 0.046213
0.77 0.0467492
0.78 0.0473225
0.79 0.04793
0.8 0.0485691
0.81 0.0492378
0.82 0.0499337
0.83 0.0506549
0.84 0.0513998
0.85 0.0521667
0.86 0.0529541
0.87 0.0537607
0.88 0.0545853
0.89 0.0554269
0.9 0.0562843
0.91 0.0571569
0.92 0.0580436
0.93 0.0589439
0.94 0.059857
0.95 0.0607823
0.96 0.0617193
0.97 0.0626675
0.98 0.0636265
0.99 0.0645958
1 0.065575
1.01 0.0665638
1.02 0.0675619
1.03 0.068569
1.04 0.0695847
1.05 0.0706088
1.06 0.0716411
1.07 0.0726812
1.08 0.073729
1.09 0.0747842
1.1 0.0758466
1.11 0.076916
1.12 0.0779922
1.13 0.0790749
1.14 0.080164
1.15 0.0812591
1.16 0.0823602
1.17 0.083467
1.18 0.0845793
1.19 0.0856968
1.2 0.0868194
1.21 0.0879468
1.22 0.0890789
1.23 0.0902153
1.24 0.0913558
1.25 0.0925003
1.26 0.0936485
1.27 0.0948001
1.28 0.095955
1.29 0.0971128
1.3 0.0982734
1.31 0.0994364
1.32 0.100602
1.33 0.101769
1.34 0.102938
1.35 0.104108
1.36 0.105279
1.37 0.106452
1.38 0.107625
1.39 0.108798
1.4 0.109972
1.41 0.111145
1.42 0.112318
1.43 0.11349
1.44 0.114661
1.45 0.11583
1.46 0.116998
1.47 0.118164
1.48 0.119327
1.49 0.120489
1.5 0.121647
1.51 0.122802
1.52 0.123954
1.53 0.125101
1.54 0.126245
1.55 0.127385
1.56 0.128519
1.57 0.129649
1.58 0.130773
1.59 0.131892
1.6 0.133005
1.61 0.134111
1.62 0.135211
1.63 0.136304
1.64 0.13739
1.65 0.138468
1.66 0.139539
1.67 0.140601
1.68 0.141655
1.69 0.1427
1.7 0.143736
1.71 0.144762
1.72 0.145779
1.73 0.146786
1.74 0.147782
1.75 0.148768
1.76 0.149743
1.77 0.150706
1.78 0.151658
1.79 0.152599
1.8 0.153527
1.81 0.154442
1.82 0.155345
1.83 0.156235
1.84 0.157111
1.85 0.157974
1.86 0.158823
1.87 0.159658
1.88 0.160479
1.89 0.161285
1.9 0.162076
1.91 0.162852
1.92 0.163612
1.93 0.164356
1.94 0.165085
1.95 0.165797
1.96 0.166493
1.97 0.167173
1.98 0.167835
1.99 0.168481
2 0.169109
2.01 0.169719
2.02 0.170312
2.03 0.170886
2.04 0.171443
2.05 0.171981
2.06 0.172501
2.07 0.173002
2.08 0.173484
2.09 0.173947
2.1 0.174391
2.11 0.174815
2.12 0.17522
2.13 0.175606
2.14 0.175971
2.15 0.176317
2.16 0.176643
2.17 0.176948
2.18 0.177233
2.19 0.177498
2.2 0.177743
2.21 0.177967
2.22 0.17817
2.23 0.178353
2.24 0.178515
2.25 0.178656
2.26 0.178776
2.27 0.178875
2.28 0.178954
2.29 0.179011
2.3 0.179048
2.31 0.179063
2.32 0.179058
2.33 0.179031
2.34 0.178984
2.35 0.178916
2.36 0.178826
2.37 0.178716
2.38 0.178585
2.39 0.178433
2.4 0.17826
2.41 0.178067
2.42 0.177853
2.43 0.177618
2.44 0.177363
2.45 0.177088
2.46 0.176792
2.47 0.176476
2.48 0.17614
2.49 0.175784
2.5 0.175408
2.51 0.175013
2.52 0.174597
2.53 0.174163
2.54 0.173709
2.55 0.173236
2.56 0.172744
2.57 0.172233
2.58 0.171704
2.59 0.171156
2.6 0.17059
2.61 0.170006
2.62 0.169404
2.63 0.168784
2.64 0.168147
2.65 0.167492
2.66 0.166821
2.67 0.166133
2.68 0.165428
2.69 0.164707
2.7 0.16397
2.71 0.163217
2.72 0.162449
2.73 0.161665
2.74 0.160866
2.75 0.160052
2.76 0.159224
2.77 0.158381
2.78 0.157524
2.79 0.156654
2.8 0.15577
2.81 0.154873
2.82 0.153963
2.83 0.153041
2.84 0.152106
2.85 0.151159
2.86 0.150201
2.87 0.149231
2.88 0.14825
2.89 0.147258
2.9 0.146256
2.91 0.145243
2.92 0.144221
2.93 0.143189
2.94 0.142147
2.95 0.141097
2.96 0.140038
2.97 0.138971
2.98 0.137895
2.99 0.136812
3 0.135722
3.01 0.134624
3.02 0.13352
3.03 0.132409
3.04 0.131292
3.05 0.130169
3.06 0.129041
3.07 0.127908
3.08 0.126769
3.09 0.125626
3.1 0.124479
3.11 0.123327
3.12 0.122172
3.13 0.121014
3.14 0.119853
3.15 0.118688
3.16 0.117522
3.17 0.116353
3.18 0.115182
3.19 0.11401
3.2 0.112836
3.21 0.111662
3.22 0.110486
3.23 0.10931
3.24 0.108135
3.25 0.106959
3.26 0.105783
3.27 0.104608
3.28 0.103434
3.29 0.102262
3.3 0.101091
3.31 0.099921
3.32 0.0987533
3.33 0.0975879
3.34 0.096425
3.35 0.0952647
3.36 0.0941073
3.37 0.0929532
3.38 0.0918024
3.39 0.0906552
3.4 0.0895119
3.41 0.0883726
3.42 0.0872376
3.43 0.0861071
3.44 0.0849812
3.45 0.0838603
3.46 0.0827444
3.47 0.0816338
3.48 0.0805287
3.49 0.0794292
3.5 0.0783356
3.51 0.0772479
3.52 0.0761665
3.53 0.0750913
3.54 0.0740227
3.55 0.0729607
3.56 0.0719055
3.57 0.0708573
3.58 0.0698162
3.59 0.0687823
3.6 0.0677557
3.61 0.0667367
3.62 0.0657253
3.63 0.0647216
3.64 0.0637258
3.65 0.0627379
3.66 0.0617581
3.67 0.0607865
3.68 0.0598232
3.69 0.0588682
3.7 0.0579217
3.71 0.0569837
3.72 0.0560543
3.73 0.0551337
3.74 0.0542218
3.75 0.0533187
3.76 0.0524245
3.77 0.0515393
3.78 0.050663
3.79 0.0497959
3.8 0.0489378
3.81 0.0480889
3.82 0.0472492
3.83 0.0464187
3.84 0.0455974
3.85 0.0447855
3.86 0.0439828
3.87 0.0431894
3.88 0.0424054
3.89 0.0416308
3.9 0.0408655
3.91 0.0401095
3.92 0.039363
3.93 0.0386258
3.94 0.0378979
3.95 0.0371795
3.96 0.0364703
3.97 0.0357705
3.98 0.03508
3.99 0.0343988
4 0.0337269
4.01 0.0330643
4.02 0.0324108
4.03 0.0317665
4.04 0.0311314
4.05 0.0305055
4.06 0.0298886
4.07 0.0292807
4.08 0.0286818
4.09 0.0280919
4.1 0.0275109
4.11 0.0269388
4.12 0.0263755
4.13 0.0258209
4.14 0.025275
4.15 0.0247378
4.16 0.0242091
4.17 0.0236889
4.18 0.0231773
4.19 0.022674
4.2 0.022179
4.21 0.0216923
4.22 0.0212138
4.23 0.0207434
4.24 0.0202811
4.25 0.0198267
4.26 0.0193803
4.27 0.0189417
4.28 0.0185108
4.29 0.0180876
4.3 0.0176721
4.31 0.017264
4.32 0.0168634
4.33 0.0164702
4.34 0.0160842
4.35 0.0157055
4.36 0.0153338
4.37 0.0149692
4.38 0.0146116
4.39 0.0142608
4.4 0.0139169
4.41 0.0135796
4.42 0.0132489
4.43 0.0129248
4.44 0.0126071
4.45 0.0122958
4.46 0.0119908
4.47 0.011692
4.48 0.0113993
4.49 0.0111126
4.5 0.0108319
4.51 0.010557
4.52 0.0102878
4.53 0.0100244
4.54 0.00976657
4.55 0.00951425
4.56 0.00926736
4.57 0.00902582
4.58 0.00878955
4.59 0.00855845
4.6 0.00833246
4.61 0.00811148
4.62 0.00789544
4.63 0.00768425
4.64 0.00747783
4.65 0.0072761
4.66 0.00707899
4.67 0.00688641
4.68 0.00669828
4.69 0.00651453
4.7 0.00633507
4.71 0.00615984
4.72 0.00598875
4.73 0.00582174
4.74 0.00565871
4.75 0.00549961
4.76 0.00534435
4.77 0.00519287
4.78 0.00504509
4.79 0.00490094
4.8 0.00476035
4.81 0.00462325
4.82 0.00448957
4.83 0.00435925
4.84 0.00423222
4.85 0.0041084
4.86 0.00398774
4.87 0.00387017
4.88 0.00375563
4.89 0.00364404
4.9 0.00353536
4.91 0.00342952
4.92 0.00332646
4.93 0.00322611
4.94 0.00312843
4.95 0.00303335
4.96 0.00294081
4.97 0.00285076
4.98 0.00276315
4.99 0.00267791
5 0.002595
5.01 0.00251436
5.02 0.00243594
5.03 0.00235969
5.04 0.00228556
5.05 0.0022135
5.06 0.00214346
5.07 0.00207539
5.08 0.00200925
5.09 0.00194499
5.1 0.00188256
5.11 0.00182193
5.12 0.00176303
5.13 0.00170585
5.14 0.00165032
5.15 0.00159642
5.16 0.00154409
5.17 0.0014933
5.18 0.00144402
5.19 0.0013962
5.2 0.0013498
5.21 0.00130479
5.22 0.00126114
5.23 0.0012188
5.24 0.00117775
5.25 0.00113794
5.26 0.00109936
5.27 0.00106195
5.28 0.0010257
5.29 0.000990569
5.3 0.00095653
5.31 0.000923552
5.32 0.000891606
5.33 0.000860665
5.34 0.0008307
5.35 0.000801684
5.36 0.000773591
5.37 0.000746395
5.38 0.000720071
5.39 0.000694594
5.4 0.000669939
5.41 0.000646084
5.42 0.000623005
5.43 0.000600681
5.44 0.000579088
5.45 0.000558206
5.46 0.000538014
5.47 0.000518492
5.48 0.000499619
5.49 0.000481377
5.5 0.000463747
5.51 0.000446709
5.52 0.000430248
5.53 0.000414344
5.54 0.000398982
5.55 0.000384144
5.56 0.000369814
5.57 0.000355978
5.58 0.000342619
5.59 0.000329722
5.6 0.000317274
5.61 0.00030526
5.62 0.000293666
5.63 0.00028248
5.64 0.000271688
5.65 0.000261277
5.66 0.000251236
5.67 0.000241553
5.68 0.000232216
5.69 0.000223213
5.7 0.000214534
5.71 0.000206169
5.72 0.000198106
5.73 0.000190336
5.74 0.00018285
5.75 0.000175638
5.76 0.00016869
5.77 0.000161998
5.78 0.000155554
5.79 0.000149348
5.8 0.000143373
5.81 0.000137621
5.82 0.000132084
5.83 0.000126755
5.84 0.000121627
5.85 0.000116692
5.86 0.000111945
5.87 0.000107378
5.88 0.000102986
5.89 9.87612e-05
5.9 9.4699e-05
5.91 9.07932e-05
5.92 8.70382e-05
5.93 8.34288e-05
5.94 7.99597e-05
5.95 7.66258e-05
5.96 7.34224e-05
5.97 7.03446e-05
5.98 6.73879e-05
5.99 6.4548e-05
