-6 0.00430044
-5.99 0.00435659
-5.98 0.00441336
-5.97 0.00447077
-5.96 0.00452881
-5.95 0.0045875
-5.94 0.00464683
-5.93 0.00470682
-5.92 0.00476747
-5.91 0.00482878
-5.9 0.00489076
-5.89 0.00495342
-5.88 0.00501676
-5.87 0.00508078
-5.86 0.0051455
-5.85 0.00521092
-5.84 0.00527704
-5.83 0.00534387
-5.82 0.00541142
-5.81 0.00547969
-5.8 0.00554868
-5.79 0.00561841
-5.78 0.00568888
-5.77 0.00576009
-5.76 0.00583206
-5.75 0.00590478
-5.74 0.00597826
-5.73 0.00605251
-5.72 0.00612754
-5.71 0.00620335
-5.7 0.00627994
-5.69 0.00635733
-5.68 0.00643551
-5.67 0.0065145
-5.66 0.0065943
-5.65 0.00667492
-5.64 0.00675636
-5.63 0.00683863
-5.62 0.00692174
-5.61 0.00700569
-5.6 0.00709048
-5.59 0.00717613
-5.58 0.00726264
-5.57 0.00735002
-5.56 0.00743827
-5.55 0.0075274
-5.54 0.00761741
-5.53 0.00770831
-5.52 0.00780012
-5.51 0.00789282
-5.5 0.00798644
-5.49 0.00808098
-5.48 0.00817643
-5.47 0.00827282
-5.46 0.00837015
-5.45 0.00846841
-5.44 0.00856762
-5.43 0.00866779
-5.42 0.00876893
-5.41 0.00887102
-5.4 0.0089741
-5.39 0.00907815
-5.38 0.00918319
-5.37 0.00928923
-5.36 0.00939626
-5.35 0.0095043
-5.34 0.00961336
-5.33 0.00972343
-5.32 0.00983453
-5.31 0.00994666
-5.3 0.0100598
-5.29 0.010174
-5.28 0.0102893
-5.27 0.0104056
-5.26 0.010523
-5.25 0.0106415
-5.24 0.010761
-5.23 0.0108817
-5.22 0.0110034
-5.21 0.0111262
-5.2 0.0112501
-5.19 0.0113751
-5.18 0.0115013
-5.17 0.0116285
-5.16 0.0117569
-5.15 0.0118864
-5.14 0.0120171
-5.13 0.0121489
-5.12 0.0122819
-5.11 0.012416
-5.1 0.0125513
-5.09 0.0126878
-5.08 0.0128255
-5.07 0.0129643
-5.06 0.0131043
-5.05 0.0132456
-5.04 0.013388
-5.03 0.0135317
-5.02 0.0136765
-5.01 0.0138226
-5 0.01397
-4.99 0.0141185
-4.98 0.0142683
-4.97 0.0144194
-4.96 0.0145717
-4.95 0.0147252
-4.94 0.0148801
-4.93 0.0150362
-4.92 0.0151936
-4.91 0.0153523
-4.9 0.0155122
-4.89 0.0156735
-4.88 0.0158361
-4.87 0.016
-4.86 0.0161652
-4.85 0.0163317
-4.84 0.0164995
-4.83 0.0166687
-4.82 0.0168392
-4.81 0.0170111
-4.8 0.0171843
-4.79 0.0173589
-4.78 0.0175348
-4.77 0.0177121
-4.76 0.0178908
-4.75 0.0180708
-4.74 0.0182523
-4.73 0.0184351
-4.72 0.0186193
-4.71 0.0188049
-4.7 0.018992
-4.69 0.0191804
-4.68 0.0193703
-4.67 0.0195616
-4.66 0.0197543
-4.65 0.0199484
-4.64 0.020144
-4.63 0.020341
-4.62 0.0205395
-4.61 0.0207394
-4.6 0.0209408
-4.59 0.0211436
-4.58 0.0213479
-4.57 0.0215537
-4.56 0.021761
-4.55 0.0219697
-4.54 0.02218
-4.53 0.0223917
-4.52 0.0226049
-4.51 0.0228196
-4.5 0.0230358
-4.49 0.0232536
-4.48 0.0234728
-4.47 0.0236936
-4.46 0.0239159
-4.45 0.0241397
-4.44 0.024365
-4.43 0.0245919
-4.42 0.0248203
-4.41 0.0250502
-4.4 0.0252817
-4.39 0.0255148
-4.38 0.0257494
-4.37 0.0259855
-4.36 0.0262233
-4.35 0.0264625
-4.34 0.0267034
-4.33 0.0269458
-4.32 0.0271898
-4.31 0.0274354
-4.3 0.0276825
-4.29 0.0279312
-4.28 0.0281815
-4.27 0.0284334
-4.26 0.0286869
-4.25 0.028942
-4.24 0.0291987
-4.23 0.029457
-4.22 0.0297169
-4.21 0.0299784
-4.2 0.0302415
-4.19 0.0305062
-4.18 0.0307725
-4.17 0.0310405
-4.16 0.03131
-4.15 0.0315812
-4.14 0.031854
-4.13 0.0321284
-4.12 0.0324044
-4.11 0.032682
-4.1 0.0329613
-4.09 0.0332422
-4.08 0.0335248
-4.07 0.0338089
-4.06 0.0340947
-4.05 0.0343821
-4.04 0.0346712
-4.03 0.0349619
-4.02 0.0352542
-4.01 0.0355482
-4 0.0358438
-3.99 0.036141
-3.98 0.0364399
-3.97 0.0367404
-3.96 0.0370425
-3.95 0.0373463
-3.94 0.0376517
-3.93 0.0379587
-3.92 0.0382674
-3.91 0.0385777
-3.9 0.0388897
-3.89 0.0392033
-3.88 0.0395185
-3.87 0.0398353
-3.86 0.0401538
-3.85 0.0404739
-3.84 0.0407957
-3.83 0.0411191
-3.82 0.0414441
-3.81 0.0417707
-3.8 0.0420989
-3.79 0.0424288
-3.78 0.0427603
-3.77 0.0430934
-3.76 0.0434282
-3.75 0.0437645
-3.74 0.0441025
-3.73 0.044442
-3.72 0.0447832
-3.71 0.045126
-3.7 0.0454704
-3.69 0.0458164
-3.68 0.046164
-3.67 0.0465131
-3.66 0.0468639
-3.65 0.0472163
-3.64 0.0475702
-3.63 0.0479257
-3.62 0.0482828
-3.61 0.0486415
-3.6 0.0490017
-3.59 0.0493635
-3.58 0.0497269
-3.57 0.0500918
-3.56 0.0504583
-3.55 0.0508263
-3.54 0.0511958
-3.53 0.0515669
-3.52 0.0519396
-3.51 0.0523137
-3.5 0.0526894
-3.49 0.0530666
-3.48 0.0534453
-3.47 0.0538256
-3.46 0.0542073
-3.45 0.0545905
-3.44 0.0549752
-3.43 0.0553614
-3.42 0.0557491
-3.41 0.0561382
-3.4 0.0565288
-3.39 0.0569209
-3.38 0.0573144
-3.37 0.0577094
-3.36 0.0581058
-3.35 0.0585036
-3.34 0.0589028
-3.33 0.0593035
-3.32 0.0597056
-3.31 0.0601091
-3.3 0.060514
-3.29 0.0609202
-3.28 0.0613279
-3.27 0.0617369
-3.26 0.0621472
-3.25 0.062559
-3.24 0.062972
-3.23 0.0633864
-3.22 0.0638022
-3.21 0.0642192
-3.2 0.0646376
-3.19 0.0650573
-3.18 0.0654782
-3.17 0.0659004
-3.16 0.066324
-3.15 0.0667487
-3.14 0.0671748
-3.13 0.067602
-3.12 0.0680305
-3.11 0.0684603
-3.1 0.0688912
-3.09 0.0693233
-3.08 0.0697567
-3.07 0.0701912
-3.06 0.0706269
-3.05 0.0710637
-3.04 0.0715017
-3.03 0.0719408
-3.02 0.0723811
-3.01 0.0728225
-3 0.0732649
-2.99 0.0737085
-2.98 0.0741531
-2.97 0.0745989
-2.96 0.0750456
-2.95 0.0754934
-2.94 0.0759423
-2.93 0.0763921
-2.92 0.076843
-2.91 0.0772949
-2.9 0.0777477
-2.89 0.0782015
-2.88 0.0786563
-2.87 0.079112
-2.86 0.0795686
-2.85 0.0800262
-2.84 0.0804846
-2.83 0.0809439
-2.82 0.0814042
-2.81 0.0818652
-2.8 0.0823271
-2.79 0.0827899
-2.78 0.0832535
-2.77 0.0837178
-2.76 0.084183
-2.75 0.0846489
-2.74 0.0851156
-2.73 0.0855831
-2.72 0.0860512
-2.71 0.0865201
-2.7 0.0869897
-2.69 0.08746
-2.68 0.0879309
-2.67 0.0884025
-2.66 0.0888747
-2.65 0.0893476
-2.64 0.089821
-2.63 0.0902951
-2.62 0.0907697
-2.61 0.0912449
-2.6 0.0917206
-2.59 0.0921969
-2.58 0.0926736
-2.57 0.0931509
-2.56 0.0936286
-2.55 0.0941068
-2.54 0.0945855
-2.53 0.0950645
-2.52 0.095544
-2.51 0.0960239
-2.5 0.0965041
-2.49 0.0969847
-2.48 0.0974656
-2.47 0.0979469
-2.46 0.0984285
-2.45 0.0989103
-2.44 0.0993925
-2.43 0.0998748
-2.42 0.100357
-2.41 0.10084
-2.4 0.101323
-2.39 0.101807
-2.38 0.10229
-2.37 0.102773
-2.36 0.103257
-2.35 0.103741
-2.34 0.104225
-2.33 0.104709
-2.32 0.105193
-2.31 0.105677
-2.3 0.106161
-2.29 0.106645
-2.28 0.107129
-2.27 0.107612
-2.26 0.108096
-2.25 0.10858
-2.24 0.109064
-2.23 0.109547
-2.22 0.110031
-2.21 0.110514
-2.2 0.110997
-2.19 0.11148
-2.18 0.111963
-2.17 0.112445
-2.16 0.112927
-2.15 0.113409
-2.14 0.113891
-2.13 0.114372
-2.12 0.114853
-2.11 0.115334
-2.1 0.115814
-2.09 0.116294
-2.08 0.116773
-2.07 0.117252
-2.06 0.117731
-2.05 0.118209
-2.04 0.118687
-2.03 0.119164
-2.02 0.11964
-2.01 0.120116
-2 0.120591
-1.99 0.121066
-1.98 0.12154
-1.97 0.122014
-1.96 0.122487
-1.95 0.122959
-1.94 0.12343
-1.93 0.123901
-1.92 0.124371
-1.91 0.12484
-1.9 0.125309
-1.89 0.125777
-1.88 0.126243
-1.87 0.126709
-1.86 0.127175
-1.85 0.127639
-1.84 0.128102
-1.83 0.128565
-1.82 0.129026
-1.81 0.129487
-1.8 0.129946
-1.79 0.130405
-1.78 0.130862
-1.77 0.131318
-1.76 0.131774
-1.75 0.132228
-1.74 0.132681
-1.73 0.133133
-1.72 0.133584
-1.71 0.134034
-1.7 0.134482
-1.69 0.134929
-1.68 0.135375
-1.67 0.13582
-1.66 0.136263
-1.65 0.136706
-1.64 0.137146
-1.63 0.137586
-1.62 0.138024
-1.61 0.138461
-1.6 0.138896
-1.59 0.13933
-1.58 0.139762
-1.57 0.140193
-1.56 0.140623
-1.55 0.141051
-1.54 0.141477
-1.53 0.141902
-1.52 0.142326
-1.51 0.142747
-1.5 0.143168
-1.49 0.143586
-1.48 0.144003
-1.47 0.144418
-1.46 0.144832
-1.45 0.145244
-1.44 0.145654
-1.43 0.146062
-1.42 0.146469
-1.41 0.146873
-1.4 0.147276
-1.39 0.147677
-1.38 0.148077
-1.37 0.148474
-1.36 0.14887
-1.35 0.149263
-1.34 0.149655
-1.33 0.150045
-1.32 0.150432
-1.31 0.150818
-1.3 0.151202
-1.29 0.151584
-1.28 0.151964
-1.27 0.152341
-1.26 0.152717
-1.25 0.15309
-1.24 0.153462
-1.23 0.153831
-1.22 0.154198
-1.21 0.154563
-1.2 0.154926
-1.19 0.155286
-1.18 0.155645
-1.17 0.156001
-1.16 0.156354
-1.15 0.156706
-1.14 0.157055
-1.13 0.157402
-1.12 0.157746
-1.11 0.158089
-1.1 0.158428
-1.09 0.158766
-1.08 0.159101
-1.07 0.159433
-1.06 0.159764
-1.05 0.160091
-1.04 0.160417
-1.03 0.160739
-1.02 0.16106
-1.01 0.161377
-1 0.161692
-0.99 0.162005
-0.98 0.162315
-0.97 0.162622
-0.96 0.162927
-0.95 0.16323
-0.94 0.163529
-0.93 0.163826
-0.92 0.16412
-0.91 0.164412
-0.9 0.164701
-0.89 0.164987
-0.88 0.16527
-0.87 0.165551
-0.86 0.165829
-0.85 0.166104
-0.84 0.166376
-0.83 0.166646
-0.82 0.166913
-0.81 0.167177
-0.8 0.167438
-0.79 0.167696
-0.78 0.167951
-0.77 0.168204
-0.76 0.168453
-0.75 0.1687
-0.74 0.168944
-0.73 0.169184
-0.72 0.169422
-0.71 0.169657
-0.7 0.169889
-0.69 0.170118
-0.68 0.170344
-0.67 0.170566
-0.66 0.170786
-0.65 0.171003
-0.64 0.171217
-0.63 0.171427
-0.62 0.171635
-0.61 0.17184
-0.6 0.172041
-0.59 0.172239
-0.58 0.172434
-0.57 0.172626
-0.56 0.172815
-0.55 0.173001
-0.54 0.173184
-0.53 0.173363
-0.52 0.173539
-0.51 0.173712
-0.5 0.173882
-0.49 0.174049
-0.48 0.174212
-0.47 0.174373
-0.46 0.17453
-0.45 0.174683
-0.44 0.174834
-0.43 0.174981
-0.42 0.175125
-0.41 0.175266
-0.4 0.175403
-0.39 0.175537
-0.38 0.175668
-0.37 0.175795
-0.36 0.17592
-0.35 0.17604
-0.34 0.176158
-0.33 0.176272
-0.32 0.176383
-0.31 0.176491
-0.3 0.176595
-0.29 0.176695
-0.28 0.176793
-0.27 0.176887
-0.26 0.176978
-0.25 0.177065
-0.24 0.177149
-0.23 0.177229
-0.22 0.177307
-0.21 0.17738
-0.2 0.177451
-0.19 0.177518
-0.18 0.177581
-0.17 0.177641
-0.16 0.177698
-0.15 0.177751
-0.14 0.177801
-0.13 0.177847
-0.12 0.17789
-0.11 0.17793
-0.1 0.177966
-0.09 0.177999
-0.08 0.178028
-0.07 0.178054
-0.06 0.178076
-0.05 0.178095
-0.04 0.178111
-0.03 0.178123
-0.02 0.178131
-0.01 0.178137
0 0.178138
0.01 0.178137
0.02 0.178131
0.03 0.178123
0.04 0.178111
0.05 0.178095
0.06 0.178076
0.07 0.178054
0.08 0.178028
0.09 0.177999
0.1 0.177966
0.11 0.17793
0.12 0.17789
0.13 0.177847
0.14 0.177801
0.15 0.177751
0.16 0.177698
0.17 0.177641
0.18 0.177581
0.19 0.177518
0.2 0.177451
0.21 0.17738
0.22 0.177307
0.23 0.177229
0.24 0.177149
0.25 0.177065
0.26 0.176978
0.27 0.176887
0.28 0.176793
0.29 0.176695
0.3 0.176595
0.31 0.176491
0.32 0.176383
0.33 0.176272
0.34 0.176158
0.35 0.17604
0.36 0.17592
0.37 0.175795
0.38 0.175668
0.39 0.175537
0.4 0.175403
0.41 0.175266
0.42 0.175125
0.43 0.174981
0.44 0.174834
0.45 0.174683
0.46 0.17453
0.47 0.174373
0.48 0.174212
0.49 0.174049
0.5 0.173882
0.51 0.173712
0.52 0.173539
0.53 0.173363
0.54 0.173184
0.55 0.173001
0.56 0.172815
0.57 0.172626
0.58 0.172434
0.59 0.172239
0.6 0.172041
0.61 0.17184
0.62 0.171635
0.63 0.171427
0.64 0.171217
0.65 0.171003
0.66 0.170786
0.67 0.170566
0.68 0.170344
0.69 0.170118
0.7 0.169889
0.71 0.169657
0.72 0.169422
0.73 0.169184
0.74 0.168944
0.75 0.1687
0.76 0.168453
0.77 0.168204
0.78 0.167951
0.79 0.167696
0.8 0.167438
0.81 0.167177
0.82 0.166913
0.83 0.166646
0.84 0.166376
0.85 0.166104
0.86 0.165829
0.87 0.165551
0.88 0.16527
0.89 0.164987
0.9 0.164701
0.91 0.164412
0.92 0.16412
0.93 0.163826
0.94 0.163529
0.95 0.16323
0.96 0.162927
0.97 0.162622
0.98 0.162315
0.99 0.162005
1 0.161692
1.01 0.161377
1.02 0.16106
1.03 0.160739
1.04 0.160417
1.05 0.160091
1.06 0.159764
1.07 0.159433
1.08 0.159101
1.09 0.158766
1.1 0.158428
1.11 0.158089
1.12 0.157746
1.13 0.157402
1.14 0.157055
1.15 0.156706
1.16 0.156354
1.17 0.156001
1.18 0.155645
1.19 0.155286
1.2 0.154926
1.21 0.154563
1.22 0.154198
1.23 0.153831
1.24 0.153462
1.25 0.15309
1.26 0.152717
1.27 0.152341
1.28 0.151964
1.29 0.151584
1.3 0.151202
1.31 0.150818
1.32 0.150432
1.33 0.150045
1.34 0.149655
1.35 0.149263
1.36 0.14887
1.37 0.148474
1.38 0.148077
1.39 0.147677
1.4 0.147276
1.41 0.146873
1.42 0.146469
1.43 0.146062
1.44 0.145654
1.45 0.145244
1.46 0.144832
1.47 0.144418
1.48 0.144003
1.49 0.143586
1.5 0.143168
1.51 0.142747
1.52 0.142326
1.53 0.141902
1.54 0.141477
1.55 0.141051
1.56 0.140623
1.57 0.140193
1.58 0.139762
1.59 0.13933
1.6 0.138896
1.61 0.138461
1.62 0.138024
1.63 0.137586
1.64 0.137146
1.65 0.136706
1.66 0.136263
1.67 0.13582
1.68 0.135375
1.69 0.134929
1.7 0.134482
1.71 0.134034
1.72 0.133584
1.73 0.133133
1.74 0.132681
1.75 0.132228
1.76 0.131774
1.77 0.131318
1.78 0.130862
1.79 0.130405
1.8 0.129946
1.81 0.129487
1.82 0.129026
1.83 0.128565
1.84 0.128102
1.85 0.127639
1.86 0.127175
1.87 0.126709
1.88 0.126243
1.89 0.125777
1.9 0.125309
1.91 0.12484
1.92 0.124371
1.93 0.123901
1.94 0.12343
1.95 0.122959
1.96 0.122487
1.97 0.122014
1.98 0.12154
1.99 0.121066
2 0.120591
2.01 0.120116
2.02 0.11964
2.03 0.119164
2.04 0.118687
2.05 0.118209
2.06 0.117731
2.07 0.117252
2.08 0.116773
2.09 0.116294
2.1 0.115814
2.11 0.115334
2.12 0.114853
2.13 0.114372
2.14 0.113891
2.15 0.113409
2.16 0.112927
2.17 0.112445
2.18 0.111963
2.19 0.11148
2.2 0.110997
2.21 0.110514
2.22 0.110031
2.23 0.109547
2.24 0.109064
2.25 0.10858
2.26 0.108096
2.27 0.107612
2.28 0.107129
2.29 0.106645
2.3 0.106161
2.31 0.105677
2.32 0.105193
2.33 0.104709
2.34 0.104225
2.35 0.103741
2.36 0.103257
2.37 0.102773
2.38 0.10229
2.39 0.101807
2.4 0.101323
2.41 0.10084
2.42 0.100357
2.43 0.0998748
2.44 0.0993925
2.45 0.0989103
2.46 0.0984285
2.47 0.0979469
2.48 0.0974656
2.49 0.0969847
2.5 0.0965041
2.51 0.0960239
2.52 0.095544
2.53 0.0950645
2.54 0.0945855
2.55 0.0941068
2.56 0.0936286
2.57 0.0931509
2.58 0.0926736
2.59 0.0921969
2.6 0.0917206
2.61 0.0912449
2.62 0.0907697
2.63 0.0902951
2.64 0.089821
2.65 0.0893476
2.66 0.0888747
2.67 0.0884025
2.68 0.0879309
2.69 0.08746
2.7 0.0869897
2.71 0.0865201
2.72 0.0860512
2.73 0.0855831
2.74 0.0851156
2.75 0.0846489
2.76 0.084183
2.77 0.0837178
2.78 0.0832535
2.79 0.0827899
2.8 0.0823271
2.81 0.0818652
2.82 0.0814042
2.83 0.0809439
2.84 0.0804846
2.85 0.0800262
2.86 0.0795686
2.87 0.079112
2.88 0.0786563
2.89 0.0782015
2.9 0.0777477
2.91 0.0772949
2.92 0.076843
2.93 0.0763921
2.94 0.0759423
2.95 0.0754934
2.96 0.0750456
2.97 0.0745989
2.98 0.0741531
2.99 0.0737085
3 0.0732649
3.01 0.0728225
3.02 0.0723811
3.03 0.0719408
3.04 0.0715017
3.05 0.0710637
3.06 0.0706269
3.07 0.0701912
3.08 0.0697567
3.09 0.0693233
3.1 0.0688912
3.11 0.0684603
3.12 0.0680305
3.13 0.067602
3.14 0.0671748
3.15 0.0667487
3.16 0.066324
3.17 0.0659004
3.18 0.0654782
3.19 0.0650573
3.2 0.0646376
3.21 0.0642192
3.22 0.0638022
3.23 0.0633864
3.24 0.062972
3.25 0.062559
3.26 0.0621472
3.27 0.0617369
3.28 0.0613279
3.29 0.0609202
3.3 0.060514
3.31 0.0601091
3.32 0.0597056
3.33 0.0593035
3.34 0.0589028
3.35 0.0585036
3.36 0.0581058
3.37 0.0577094
3.38 0.0573144
3.39 0.0569209
3.4 0.0565288
3.41 0.0561382
3.42 0.0557491
3.43 0.0553614
3.44 0.0549752
3.45 0.0545905
3.46 0.0542073
3.47 0.0538256
3.48 0.0534453
3.49 0.0530666
3.5 0.0526894
3.51 0.0523137
3.52 0.0519396
3.53 0.0515669
3.54 0.0511958
3.55 0.0508263
3.56 0.0504583
3.57 0.0500918
3.58 0.0497269
3.59 0.0493635
3.6 0.0490017
3.61 0.0486415
3.62 0.0482828
3.63 0.0479257
3.64 0.0475702
3.65 0.0472163
3.66 0.0468639
3.67 0.0465131
3.68 0.046164
3.69 0.0458164
3.7 0.0454704
3.71 0.045126
3.72 0.0447832
3.73 0.044442
3.74 0.0441025
3.75 0.0437645
3.76 0.0434282
3.77 0.0430934
3.78 0.0427603
3.79 0.0424288
3.8 0.0420989
3.81 0.0417707
3.82 0.0414441
3.83 0.0411191
3.84 0.0407957
3.85 0.0404739
3.86 0.0401538
3.87 0.0398353
3.88 0.0395185
3.89 0.0392033
3.9 0.0388897
3.91 0.0385777
3.92 0.0382674
3.93 0.0379587
3.94 0.0376517
3.95 0.0373463
3.96 0.0370425
3.97 0.0367404
3.98 0.0364399
3.99 0.036141
4 0.0358438
4.01 0.0355482
4.02 0.0352542
4.03 0.0349619
4.04 0.0346712
4.05 0.0343821
4.06 0.0340947
4.07 0.0338089
4.08 0.0335248
4.09 0.0332422
4.1 0.0329613
4.11 0.032682
4.12 0.0324044
4.13 0.0321284
4.14 0.031854
4.15 0.0315812
4.16 0.03131
4.17 0.0310405
4.18 0.0307725
4.19 0.0305062
4.2 0.0302415
4.21 0.0299784
4.22 0.0297169
4.23 0.029457
4.24 0.0291987
4.25 0.028942
4.26 0.0286869
4.27 0.0284334
4.28 0.0281815
4.29 0.0279312
4.3 0.0276825
4.31 0.0274354
4.32 0.0271898
4.33 0.0269458
4.34 0.0267034
4.35 0.0264625
4.36 0.0262233
4.37 0.0259855
4.38 0.0257494
4.39 0.0255148
4.4 0.0252817
4.41 0.0250502
4.42 0.0248203
4.43 0.0245919
4.44 0.024365
4.45 0.0241397
4.46 0.0239159
4.47 0.0236936
4.48 0.0234728
4.49 0.0232536
4.5 0.0230358
4.51 0.0228196
4.52 0.0226049
4.53 0.0223917
4.54 0.02218
4.55 0.0219697
4.56 0.021761
4.57 0.0215537
4.58 0.0213479
4.59 0.0211436
4.6 0.0209408
4.61 0.0207394
4.62 0.0205395
4.63 0.020341
4.64 0.020144
4.65 0.0199484
4.66 0.0197543
4.67 0.0195616
4.68 0.0193703
4.69 0.0191804
4.7 0.018992
4.71 0.0188049
4.72 0.0186193
4.73 0.0184351
4.74 0.0182523
4.75 0.0180708
4.76 0.0178908
4.77 0.0177121
4.78 0.0175348
4.79 0.0173589
4.8 0.0171843
4.81 0.0170111
4.82 0.0168392
4.83 0.0166687
4.84 0.0164995
4.85 0.0163317
4.86 0.0161652
4.87 0.016
4.88 0.0158361
4.89 0.0156735
4.9 0.0155122
4.91 0.0153523
4.92 0.0151936
4.93 0.0150362
4.94 0.0148801
4.95 0.0147252
4.96 0.0145717
4.97 0.0144194
4.98 0.0142683
4.99 0.0141185
5 0.01397
5.01 0.0138226
5.02 0.0136765
5.03 0.0135317
5.04 0.013388
5.05 0.0132456
5.06 0.0131043
5.07 0.0129643
5.08 0.0128255
5.09 0.0126878
5.1 0.0125513
5.11 0.012416
5.12 0.0122819
5.13 0.0121489
5.14 0.0120171
5.15 0.0118864
5.16 0.0117569
5.17 0.0116285
5.18 0.0115013
5.19 0.0113751
5.2 0.0112501
5.21 0.0111262
5.22 0.0110034
5.23 0.0108817
5.24 0.010761
5.25 0.0106415
5.26 0.010523
5.27 0.0104056
5.28 0.0102893
5.29 0.010174
5.3 0.0100598
5.31 0.00994666
5.32 0.00983453
5.33 0.00972343
5.34 0.00961336
5.35 0.0095043
5.36 0.00939626
5.37 0.00928923
5.38 0.00918319
5.39 0.00907815
5.4 0.0089741
5.41 0.00887102
5.42 0.00876893
5.43 0.00866779
5.44 0.00856762
5.45 0.00846841
5.46 0.00837015
5.47 0.00827282
5.48 0.00817643
5.49 0.00808098
5.5 0.00798644
5.51 0.00789282
5.52 0.00780012
5.53 0.00770831
5.54 0.00761741
5.55 0.0075274
5.56 0.00743827
5.57 0.00735002
5.58 0.00726264
5.59 0.00717613
5.6 0.00709048
5.61 0.00700569
5.62 0.00692174
5.63 0.00683863
5.64 0.00675636
5.65 0.00667492
5.66 0.0065943
5.67 0.0065145
5.68 0.00643551
5.69 0.00635733
5.7 0.00627994
5.71 0.00620335
5.72 0.00612754
5.73 0.00605251
5.74 0.00597826
5.75 0.00590478
5.76 0.00583206
5.77 0.00576009
5.78 0.00568888
5.79 0.00561841
5.8 0.00554868
5.81 0.00547969
5.82 0.00541142
5.83 0.00534387
5.84 0.00527704
5.85 0.00521092
5.86 0.0051455
5.87 0.00508078
5.88 0.00501676
5.89 0.00495342
5.9 0.00489076
5.91 0.00482878
5.92 0.00476747
5.93 0.00470682
5.94 0.00464683
5.95 0.0045875
5.96 0.00452881
5.97 0.00447077
5.98 0.00441336
5.99 0.00435659
