-6 6.25498e-05
-5.99 6.5192e-05
-5.98 6.79386e-05
-5.97 7.07934e-05
-5.96 7.37603e-05
-5.95 7.68434e-05
-5.94 8.00469e-05
-5.93 8.33751e-05
-5.92 8.68325e-05
-5.91 9.04237e-05
-5.9 9.41534e-05
-5.89 9.80266e-05
-5.88 0.000102048
-5.87 0.000106224
-5.86 0.000110558
-5.85 0.000115057
-5.84 0.000119727
-5.83 0.000124573
-5.82 0.000129601
-5.81 0.000134818
-5.8 0.00014023
-5.79 0.000145844
-5.78 0.000151666
-5.77 0.000157705
-5.76 0.000163966
-5.75 0.000170458
-5.74 0.000177188
-5.73 0.000184164
-5.72 0.000191394
-5.71 0.000198888
-5.7 0.000206653
-5.69 0.000214698
-5.68 0.000223033
-5.67 0.000231666
-5.66 0.000240609
-5.65 0.00024987
-5.64 0.00025946
-5.63 0.00026939
-5.62 0.00027967
-5.61 0.000290311
-5.6 0.000301326
-5.59 0.000312725
-5.58 0.000324521
-5.57 0.000336726
-5.56 0.000349353
-5.55 0.000362415
-5.54 0.000375926
-5.53 0.000389899
-5.52 0.000404349
-5.51 0.000419289
-5.5 0.000434736
-5.49 0.000450704
-5.48 0.000467209
-5.47 0.000484266
-5.46 0.000501894
-5.45 0.000520108
-5.44 0.000538926
-5.43 0.000558365
-5.42 0.000578444
-5.41 0.000599182
-5.4 0.000620597
-5.39 0.00064271
-5.38 0.00066554
-5.37 0.000689108
-5.36 0.000713434
-5.35 0.000738542
-5.34 0.000764451
-5.33 0.000791186
-5.32 0.000818769
-5.31 0.000847224
-5.3 0.000876574
-5.29 0.000906846
-5.28 0.000938063
-5.27 0.000970252
-5.26 0.00100344
-5.25 0.00103765
-5.24 0.00107292
-5.23 0.00110926
-5.22 0.00114672
-5.21 0.00118531
-5.2 0.00122507
-5.19 0.00126604
-5.18 0.00130823
-5.17 0.00135169
-5.16 0.00139644
-5.15 0.00144252
-5.14 0.00148996
-5.13 0.0015388
-5.12 0.00158908
-5.11 0.00164082
-5.1 0.00169407
-5.09 0.00174885
-5.08 0.00180522
-5.07 0.00186321
-5.06 0.00192286
-5.05 0.00198421
-5.04 0.0020473
-5.03 0.00211216
-5.02 0.00217886
-5.01 0.00224742
-5 0.00231789
-4.99 0.00239032
-4.98 0.00246475
-4.97 0.00254123
-4.96 0.0026198
-4.95 0.00270052
-4.94 0.00278343
-4.93 0.00286858
-4.92 0.00295602
-4.91 0.0030458
-4.9 0.00313798
-4.89 0.0032326
-4.88 0.00332973
-4.87 0.00342941
-4.86 0.00353169
-4.85 0.00363665
-4.84 0.00374432
-4.83 0.00385478
-4.82 0.00396807
-4.81 0.00408426
-4.8 0.00420341
-4.79 0.00432557
-4.78 0.00445081
-4.77 0.00457919
-4.76 0.00471078
-4.75 0.00484563
-4.74 0.00498381
-4.73 0.00512539
-4.72 0.00527044
-4.71 0.00541901
-4.7 0.00557118
-4.69 0.00572702
-4.68 0.00588659
-4.67 0.00604997
-4.66 0.00621722
-4.65 0.00638842
-4.64 0.00656363
-4.63 0.00674294
-4.62 0.00692641
-4.61 0.00711412
-4.6 0.00730614
-4.59 0.00750254
-4.58 0.00770341
-4.57 0.00790882
-4.56 0.00811885
-4.55 0.00833357
-4.54 0.00855306
-4.53 0.0087774
-4.52 0.00900667
-4.51 0.00924095
-4.5 0.00948032
-4.49 0.00972485
-4.48 0.00997464
-4.47 0.0102298
-4.46 0.0104903
-4.45 0.0107563
-4.44 0.0110279
-4.43 0.0113052
-4.42 0.0115882
-4.41 0.011877
-4.4 0.0121717
-4.39 0.0124725
-4.38 0.0127793
-4.37 0.0130922
-4.36 0.0134114
-4.35 0.0137369
-4.34 0.0140689
-4.33 0.0144073
-4.32 0.0147523
-4.31 0.015104
-4.3 0.0154624
-4.29 0.0158276
-4.28 0.0161998
-4.27 0.0165789
-4.26 0.0169651
-4.25 0.0173585
-4.24 0.0177591
-4.23 0.018167
-4.22 0.0185823
-4.21 0.0190051
-4.2 0.0194355
-4.19 0.0198735
-4.18 0.0203192
-4.17 0.0207727
-4.16 0.0212341
-4.15 0.0217034
-4.14 0.0221808
-4.13 0.0226662
-4.12 0.0231598
-4.11 0.0236617
-4.1 0.0241718
-4.09 0.0246904
-4.08 0.0252173
-4.07 0.0257529
-4.06 0.0262969
-4.05 0.0268497
-4.04 0.0274111
-4.03 0.0279814
-4.02 0.0285604
-4.01 0.0291484
-4 0.0297453
-3.99 0.0303512
-3.98 0.0309661
-3.97 0.0315902
-3.96 0.0322234
-3.95 0.0328659
-3.94 0.0335176
-3.93 0.0341786
-3.92 0.0348489
-3.91 0.0355286
-3.9 0.0362177
-3.89 0.0369163
-3.88 0.0376244
-3.87 0.038342
-3.86 0.0390691
-3.85 0.0398058
-3.84 0.0405521
-3.83 0.041308
-3.82 0.0420735
-3.81 0.0428487
-3.8 0.0436335
-3.79 0.044428
-3.78 0.0452322
-3.77 0.046046
-3.76 0.0468695
-3.75 0.0477027
-3.74 0.0485455
-3.73 0.049398
-3.72 0.0502602
-3.71 0.0511319
-3.7 0.0520133
-3.69 0.0529043
-3.68 0.0538048
-3.67 0.0547148
-3.66 0.0556343
-3.65 0.0565633
-3.64 0.0575017
-3.63 0.0584495
-3.62 0.0594066
-3.61 0.060373
-3.6 0.0613485
-3.59 0.0623333
-3.58 0.0633271
-3.57 0.06433
-3.56 0.0653418
-3.55 0.0663625
-3.54 0.067392
-3.53 0.0684302
-3.52 0.069477
-3.51 0.0705324
-3.5 0.0715962
-3.49 0.0726683
-3.48 0.0737487
-3.47 0.0748372
-3.46 0.0759338
-3.45 0.0770382
-3.44 0.0781504
-3.43 0.0792703
-3.42 0.0803977
-3.41 0.0815325
-3.4 0.0826745
-3.39 0.0838236
-3.38 0.0849798
-3.37 0.0861427
-3.36 0.0873123
-3.35 0.0884884
-3.34 0.0896708
-3.33 0.0908594
-3.32 0.092054
-3.31 0.0932544
-3.3 0.0944604
-3.29 0.0956719
-3.28 0.0968887
-3.27 0.0981105
-3.26 0.0993373
-3.25 0.100569
-3.24 0.101805
-3.23 0.103045
-3.22 0.104289
-3.21 0.105537
-3.2 0.106789
-3.19 0.108044
-3.18 0.109302
-3.17 0.110563
-3.16 0.111827
-3.15 0.113093
-3.14 0.114362
-3.13 0.115632
-3.12 0.116905
-3.11 0.118178
-3.1 0.119453
-3.09 0.120729
-3.08 0.122006
-3.07 0.123283
-3.06 0.12456
-3.05 0.125837
-3.04 0.127114
-3.03 0.12839
-3.02 0.129665
-3.01 0.130939
-3 0.132211
-2.99 0.133482
-2.98 0.134751
-2.97 0.136017
-2.96 0.13728
-2.95 0.138541
-2.94 0.139798
-2.93 0.141052
-2.92 0.142302
-2.91 0.143548
-2.9 0.14479
-2.89 0.146027
-2.88 0.147258
-2.87 0.148485
-2.86 0.149705
-2.85 0.15092
-2.84 0.152129
-2.83 0.153331
-2.82 0.154526
-2.81 0.155714
-2.8 0.156894
-2.79 0.158067
-2.78 0.159232
-2.77 0.160388
-2.76 0.161535
-2.75 0.162674
-2.74 0.163803
-2.73 0.164922
-2.72 0.166032
-2.71 0.167131
-2.7 0.16822
-2.69 0.169298
-2.68 0.170365
-2.67 0.17142
-2.66 0.172464
-2.65 0.173496
-2.64 0.174515
-2.63 0.175522
-2.62 0.176516
-2.61 0.177496
-2.6 0.178464
-2.59 0.179417
-2.58 0.180357
-2.57 0.181282
-2.56 0.182193
-2.55 0.183089
-2.54 0.18397
-2.53 0.184836
-2.52 0.185686
-2.51 0.18652
-2.5 0.187338
-2.49 0.18814
-2.48 0.188925
-2.47 0.189694
-2.46 0.190445
-2.45 0.19118
-2.44 0.191897
-2.43 0.192596
-2.42 0.193277
-2.41 0.19394
-2.4 0.194585
-2.39 0.195211
-2.38 0.195819
-2.37 0.196408
-2.36 0.196977
-2.35 0.197528
-2.34 0.198059
-2.33 0.198571
-2.32 0.199063
-2.31 0.199535
-2.3 0.199987
-2.29 0.200418
-2.28 0.20083
-2.27 0.201221
-2.26 0.201592
-2.25 0.201942
-2.24 0.202271
-2.23 0.202579
-2.22 0.202867
-2.21 0.203133
-2.2 0.203379
-2.19 0.203603
-2.18 0.203806
-2.17 0.203987
-2.16 0.204147
-2.15 0.204286
-2.14 0.204403
-2.13 0.204499
-2.12 0.204573
-2.11 0.204626
-2.1 0.204657
-2.09 0.204667
-2.08 0.204655
-2.07 0.204621
-2.06 0.204566
-2.05 0.20449
-2.04 0.204392
-2.03 0.204272
-2.02 0.204131
-2.01 0.203969
-2 0.203785
-1.99 0.203581
-1.98 0.203355
-1.97 0.203107
-1.96 0.202839
-1.95 0.20255
-1.94 0.20224
-1.93 0.20191
-1.92 0.201558
-1.91 0.201187
-1.9 0.200795
-1.89 0.200382
-1.88 0.19995
-1.87 0.199497
-1.86 0.199025
-1.85 0.198533
-1.84 0.198021
-1.83 0.197491
-1.82 0.196941
-1.81 0.196371
-1.8 0.195784
-1.79 0.195177
-1.78 0.194552
-1.77 0.193909
-1.76 0.193248
-1.75 0.192569
-1.74 0.191872
-1.73 0.191158
-1.72 0.190427
-1.71 0.189678
-1.7 0.188914
-1.69 0.188132
-1.68 0.187335
-1.67 0.186521
-1.66 0.185692
-1.65 0.184847
-1.64 0.183987
-1.63 0.183112
-1.62 0.182222
-1.61 0.181318
-1.6 0.1804
-1.59 0.179468
-1.58 0.178523
-1.57 0.177564
-1.56 0.176592
-1.55 0.175607
-1.54 0.17461
-1.53 0.173601
-1.52 0.17258
-1.51 0.171548
-1.5 0.170504
-1.49 0.169449
-1.48 0.168384
-1.47 0.167309
-1.46 0.166223
-1.45 0.165128
-1.44 0.164023
-1.43 0.162909
-1.42 0.161787
-1.41 0.160656
-1.4 0.159517
-1.39 0.15837
-1.38 0.157216
-1.37 0.156055
-1.36 0.154886
-1.35 0.153712
-1.34 0.152531
-1.33 0.151344
-1.32 0.150152
-1.31 0.148954
-1.3 0.147752
-1.29 0.146545
-1.28 0.145333
-1.27 0.144118
-1.26 0.142899
-1.25 0.141677
-1.24 0.140451
-1.23 0.139223
-1.22 0.137993
-1.21 0.136761
-1.2 0.135526
-1.19 0.134291
-1.18 0.133054
-1.17 0.131816
-1.16 0.130578
-1.15 0.12934
-1.14 0.128102
-1.13 0.126864
-1.12 0.125627
-1.11 0.12439
-1.1 0.123155
-1.09 0.121922
-1.08 0.12069
-1.07 0.119461
-1.06 0.118233
-1.05 0.117009
-1.04 0.115787
-1.03 0.114569
-1.02 0.113354
-1.01 0.112143
-1 0.110936
-0.99 0.109734
-0.98 0.108536
-0.97 0.107342
-0.96 0.106154
-0.95 0.104971
-0.94 0.103794
-0.93 0.102622
-0.92 0.101457
-0.91 0.100297
-0.9 0.0991445
-0.89 0.0979985
-0.88 0.0968595
-0.87 0.0957276
-0.86 0.0946032
-0.85 0.0934864
-0.84 0.0923775
-0.83 0.0912766
-0.82 0.090184
-0.81 0.0890998
-0.8 0.0880244
-0.79 0.0869577
-0.78 0.0859002
-0.77 0.0848519
-0.76 0.083813
-0.75 0.0827837
-0.74 0.0817642
-0.73 0.0807547
-0.72 0.0797553
-0.71 0.0787662
-0.7 0.0777876
-0.69 0.0768196
-0.68 0.0758625
-0.67 0.0749162
-0.66 0.0739811
-0.65 0.0730572
-0.64 0.0721447
-0.63 0.0712438
-0.62 0.0703545
-0.61 0.069477
-0.6 0.0686115
-0.59 0.067758
-0.58 0.0669167
-0.57 0.0660878
-0.56 0.0652713
-0.55 0.0644673
-0.54 0.063676
-0.53 0.0628974
-0.52 0.0621318
-0.51 0.0613791
-0.5 0.0606396
-0.49 0.0599132
-0.48 0.0592001
-0.47 0.0585004
-0.46 0.0578142
-0.45 0.0571415
-0.44 0.0564824
-0.43 0.0558371
-0.42 0.0552056
-0.41 0.054588
-0.4 0.0539843
-0.39 0.0533947
-0.38 0.0528191
-0.37 0.0522578
-0.36 0.0517106
-0.35 0.0511778
-0.34 0.0506594
-0.33 0.0501553
-0.32 0.0496657
-0.31 0.0491907
-0.3 0.0487302
-0.29 0.0482844
-0.28 0.0478533
-0.27 0.0474368
-0.26 0.0470352
-0.25 0.0466484
-0.24 0.0462764
-0.23 0.0459193
-0.22 0.0455772
-0.21 0.04525
-0.2 0.0449378
-0.19 0.0446407
-0.18 0.0443586
-0.17 0.0440916
-0.16 0.0438398
-0.15 0.043603
-0.14 0.0433815
-0.13 0.0431751
-0.12 0.0429839
-0.11 0.042808
-0.1 0.0426473
-0.09 0.0425018
-0.08 0.0423717
-0.07 0.0422568
-0.06 0.0421572
-0.05 0.0420729
-0.04 0.0420039
-0.03 0.0419503
-0.02 0.041912
-0.01 0.041889
0 0.0418813
0.01 0.041889
0.02 0.041912
0.03 0.0419503
0.04 0.0420039
0.05 0.0420729
0.06 0.0421572
0.07 0.0422568
0.08 0.0423717
0.09 0.0425018
0.1 0.0426473
0.11 0.042808
0.12 0.0429839
0.13 0.0431751
0.14 0.0433815
0.15 0.043603
0.16 0.0438398
0.17 0.0440916
0.18 0.0443586
0.19 0.0446407
0.2 0.0449378
0.21 0.04525
0.22 0.0455772
0.23 0.0459193
0.24 0.0462764
0.25 0.0466484
0.26 0.0470352
0.27 0.0474368
0.28 0.0478533
0.29 0.0482844
0.3 0.0487302
0.31 0.0491907
0.32 0.0496657
0.33 0.0501553
0.34 0.0506594
0.35 0.0511778
0.36 0.0517106
0.37 0.0522578
0.38 0.0528191
0.39 0.0533947
0.4 0.0539843
0.41 0.054588
0.42 0.0552056
0.43 0.0558371
0.44 0.0564824
0.45 0.0571415
0.46 0.0578142
0.47 0.0585004
0.48 0.0592001
0.49 0.0599132
0.5 0.0606396
0.51 0.0613791
0.52 0.0621318
0.53 0.0628974
0.54 0.063676
0.55 0.0644673
0.56 0.0652713
0.57 0.0660878
0.58 0.0669167
0.59 0.067758
0.6 0.0686115
0.61 0.069477
0.62 0.0703545
0.63 0.0712438
0.64 0.0721447
0.65 0.0730572
0.66 0.0739811
0.67 0.0749162
0.68 0.0758625
0.69 0.0768196
0.7 0.0777876
0.71 0.0787662
0.72 0.0797553
0.73 0.0807547
0.74 0.0817642
0.75 0.0827837
0.76 0.083813
0.77 0.0848519
0.78 0.0859002
0.79 0.0869577
0.8 0.0880244
0.81 0.0890998
0.82 0.090184
0.83 0.0912766
0.84 0.0923775
0.85 0.0934864
0.86 0.0946032
0.87 0.0957276
0.88 0.0968595
0.89 0.0979985
0.9 0.0991445
0.91 0.100297
0.92 0.101457
0.93 0.102622
0.94 0.103794
0.95 0.104971
0.96 0.106154
0.97 0.107342
0.98 0.108536
0.99 0.109734
1 0.110936
1.01 0.112143
1.02 0.113354
1.03 0.114569
1.04 0.115787
1.05 0.117009
1.06 0.118233
1.07 0.119461
1.08 0.12069
1.09 0.121922
1.1 0.123155
1.11 0.12439
1.12 0.125627
1.13 0.126864
1.14 0.128102
1.15 0.12934
1.16 0.130578
1.17 0.131816
1.18 0.133054
1.19 0.134291
1.2 0.135526
1.21 0.136761
1.22 0.137993
1.23 0.139223
1.24 0.140451
1.25 0.141677
1.26 0.142899
1.27 0.144118
1.28 0.145333
1.29 0.146545
1.3 0.147752
1.31 0.148954
1.32 0.150152
1.33 0.151344
1.34 0.152531
1.35 0.153712
1.36 0.154886
1.37 0.156055
1.38 0.157216
1.39 0.15837
1.4 0.159517
1.41 0.160656
1.42 0.161787
1.43 0.162909
1.44 0.164023
1.45 0.165128
1.46 0.166223
1.47 0.167309
1.48 0.168384
1.49 0.169449
1.5 0.170504
1.51 0.171548
1.52 0.17258
1.53 0.173601
1.54 0.17461
1.55 0.175607
1.56 0.176592
1.57 0.177564
1.58 0.178523
1.59 0.179468
1.6 0.1804
1.61 0.181318
1.62 0.182222
1.63 0.183112
1.64 0.183987
1.65 0.184847
1.66 0.185692
1.67 0.186521
1.68 0.187335
1.69 0.188132
1.7 0.188914
1.71 0.189678
1.72 0.190427
1.73 0.191158
1.74 0.191872
1.75 0.192569
1.76 0.193248
1.77 0.193909
1.78 0.194552
1.79 0.195177
1.8 0.195784
1.81 0.196371
1.82 0.196941
1.83 0.197491
1.84 0.198021
1.85 0.198533
1.86 0.199025
1.87 0.199497
1.88 0.19995
1.89 0.200382
1.9 0.200795
1.91 0.201187
1.92 0.201558
1.93 0.20191
1.94 0.20224
1.95 0.20255
1.96 0.202839
1.97 0.203107
1.98 0.203355
1.99 0.203581
2 0.203785
2.01 0.203969
2.02 0.204131
2.03 0.204272
2.04 0.204392
2.05 0.20449
2.06 0.204566
2.07 0.204621
2.08 0.204655
2.09 0.204667
2.1 0.204657
2.11 0.204626
2.12 0.204573
2.13 0.204499
2.14 0.204403
2.15 0.204286
2.16 0.204147
2.17 0.203987
2.18 0.203806
2.19 0.203603
2.2 0.203379
2.21 0.203133
2.22 0.202867
2.23 0.202579
2.24 0.202271
2.25 0.201942
2.26 0.201592
2.27 0.201221
2.28 0.20083
2.29 0.200418
2.3 0.199987
2.31 0.199535
2.32 0.199063
2.33 0.198571
2.34 0.198059
2.35 0.197528
2.36 0.196977
2.37 0.196408
2.38 0.195819
2.39 0.195211
2.4 0.194585
2.41 0.19394
2.42 0.193277
2.43 0.192596
2.44 0.191897
2.45 0.19118
2.46 0.190445
2.47 0.189694
2.48 0.188925
2.49 0.18814
2.5 0.187338
2.51 0.18652
2.52 0.185686
2.53 0.184836
2.54 0.18397
2.55 0.183089
2.56 0.182193
2.57 0.181282
2.58 0.180357
2.59 0.179417
2.6 0.178464
2.61 0.177496
2.62 0.176516
2.63 0.175522
2.64 0.174515
2.65 0.173496
2.66 0.172464
2.67 0.17142
2.68 0.170365
2.69 0.169298
2.7 0.16822
2.71 0.167131
2.72 0.166032
2.73 0.164922
2.74 0.163803
2.75 0.162674
2.76 0.161535
2.77 0.160388
2.78 0.159232
2.79 0.158067
2.8 0.156894
2.81 0.155714
2.82 0.154526
2.83 0.153331
2.84 0.152129
2.85 0.15092
2.86 0.149705
2.87 0.148485
2.88 0.147258
2.89 0.146027
2.9 0.14479
2.91 0.143548
2.92 0.142302
2.93 0.141052
2.94 0.139798
2.95 0.138541
2.96 0.13728
2.97 0.136017
2.98 0.134751
2.99 0.133482
3 0.132211
3.01 0.130939
3.02 0.129665
3.03 0.12839
3.04 0.127114
3.05 0.125837
3.06 0.12456
3.07 0.123283
3.08 0.122006
3.09 0.120729
3.1 0.119453
3.11 0.118178
3.12 0.116905
3.13 0.115632
3.14 0.114362
3.15 0.113093
3.16 0.111827
3.17 0.110563
3.18 0.109302
3.19 0.108044
3.2 0.106789
3.21 0.105537
3.22 0.104289
3.23 0.103045
3.24 0.101805
3.25 0.100569
3.26 0.0993373
3.27 0.0981105
3.28 0.0968887
3.29 0.0956719
3.3 0.0944604
3.31 0.0932544
3.32 0.092054
3.33 0.0908594
3.34 0.0896708
3.35 0.0884884
3.36 0.0873123
3.37 0.0861427
3.38 0.0849798
3.39 0.0838236
3.4 0.0826745
3.41 0.0815325
3.42 0.0803977
3.43 0.0792703
3.44 0.0781504
3.45 0.0770382
3.46 0.0759338
3.47 0.0748372
3.48 0.0737487
3.49 0.0726683
3.5 0.0715962
3.51 0.0705324
3.52 0.069477
3.53 0.0684302
3.54 0.067392
3.55 0.0663625
3.56 0.0653418
3.57 0.06433
3.58 0.0633271
3.59 0.0623333
3.6 0.0613485
3.61 0.060373
3.62 0.0594066
3.63 0.0584495
3.64 0.0575017
3.65 0.0565633
3.66 0.0556343
3.67 0.0547148
3.68 0.0538048
3.69 0.0529043
3.7 0.0520133
3.71 0.0511319
3.72 0.0502602
3.73 0.049398
3.74 0.0485455
3.75 0.0477027
3.76 0.0468695
3.77 0.046046
3.78 0.0452322
3.79 0.044428
3.8 0.0436335
3.81 0.0428487
3.82 0.0420735
3.83 0.041308
3.84 0.0405521
3.85 0.0398058
3.86 0.0390691
3.87 0.038342
3.88 0.0376244
3.89 0.0369163
3.9 0.0362177
3.91 0.0355286
3.92 0.0348489
3.93 0.0341786
3.94 0.0335176
3.95 0.0328659
3.96 0.0322234
3.97 0.0315902
3.98 0.0309661
3.99 0.0303512
4 0.0297453
4.01 0.0291484
4.02 0.0285604
4.03 0.0279814
4.04 0.0274111
4.05 0.0268497
4.06 0.0262969
4.07 0.0257529
4.08 0.0252173
4.09 0.0246904
4.1 0.0241718
4.11 0.0236617
4.12 0.0231598
4.13 0.0226662
4.14 0.0221808
4.15 0.0217034
4.16 0.0212341
4.17 0.0207727
4.18 0.0203192
4.19 0.0198735
4.2 0.0194355
4.21 0.0190051
4.22 0.0185823
4.23 0.018167
4.24 0.0177591
4.25 0.0173585
4.26 0.0169651
4.27 0.0165789
4.28 0.0161998
4.29 0.0158276
4.3 0.0154624
4.31 0.015104
4.32 0.0147523
4.33 0.0144073
4.34 0.0140689
4.35 0.0137369
4.36 0.0134114
4.37 0.0130922
4.38 0.0127793
4.39 0.0124725
4.4 0.0121717
4.41 0.011877
4.42 0.0115882
4.43 0.0113052
4.44 0.0110279
4.45 0.0107563
4.46 0.0104903
4.47 0.0102298
4.48 0.00997464
4.49 0.00972485
4.5 0.00948032
4.51 0.00924095
4.52 0.00900667
4.53 0.0087774
4.54 0.00855306
4.55 0.00833357
4.56 0.00811885
4.57 0.00790882
4.58 0.00770341
4.59 0.00750254
4.6 0.00730614
4.61 0.00711412
4.62 0.00692641
4.63 0.00674294
4.64 0.00656363
4.65 0.00638842
4.66 0.00621722
4.67 0.00604997
4.68 0.00588659
4.69 0.00572702
4.7 0.00557118
4.71 0.00541901
4.72 0.00527044
4.73 0.00512539
4.74 0.00498381
4.75 0.00484563
4.76 0.00471078
4.77 0.00457919
4.78 0.00445081
4.79 0.00432557
4.8 0.00420341
4.81 0.00408426
4.82 0.00396807
4.83 0.00385478
4.84 0.00374432
4.85 0.00363665
4.86 0.00353169
4.87 0.00342941
4.88 0.00332973
4.89 0.0032326
4.9 0.00313798
4.91 0.0030458
4.92 0.00295602
4.93 0.00286858
4.94 0.00278343
4.95 0.00270052
4.96 0.0026198
4.97 0.00254123
4.98 0.00246475
4.99 0.00239032
5 0.00231789
5.01 0.00224742
5.02 0.00217886
5.03 0.00211216
5.04 0.0020473
5.05 0.00198421
5.06 0.00192286
5.07 0.00186321
5.08 0.00180522
5.09 0.00174885
5.1 0.00169407
5.11 0.00164082
5.12 0.00158908
5.13 0.0015388
5.14 0.00148996
5.15 0.00144252
5.16 0.00139644
5.17 0.00135169
5.18 0.00130823
5.19 0.00126604
5.2 0.00122507
5.21 0.00118531
5.22 0.00114672
5.23 0.00110926
5.24 0.00107292
5.25 0.00103765
5.26 0.00100344
5.27 0.000970252
5.28 0.000938063
5.29 0.000906846
5.3 0.000876574
5.31 0.000847224
5.32 0.000818769
5.33 0.000791186
5.34 0.000764451
5.35 0.000738542
5.36 0.000713434
5.37 0.000689108
5.38 0.00066554
5.39 0.00064271
5.4 0.000620597
5.41 0.000599182
5.42 0.000578444
5.43 0.000558365
5.44 0.000538926
5.45 0.000520108
5.46 0.000501894
5.47 0.000484266
5.48 0.000467209
5.49 0.000450704
5.5 0.000434736
5.51 0.000419289
5.52 0.000404349
5.53 0.000389899
5.54 0.000375926
5.55 0.000362415
5.56 0.000349353
5.57 0.000336726
5.58 0.000324521
5.59 0.000312725
5.6 0.000301326
5.61 0.000290311
5.62 0.00027967
5.63 0.00026939
5.64 0.00025946
5.65 0.00024987
5.66 0.000240609
5.67 0.000231666
5.68 0.000223033
5.69 0.000214698
5.7 0.000206653
5.71 0.000198888
5.72 0.000191394
5.73 0.000184164
5.74 0.000177188
5.75 0.000170458
5.76 0.000163966
5.77 0.000157705
5.78 0.000151666
5.79 0.000145844
5.8 0.00014023
5.81 0.000134818
5.82 0.000129601
5.83 0.000124573
5.84 0.000119727
5.85 0.000115057
5.86 0.000110558
5.87 0.000106224
5.88 0.000102048
5.89 9.80266e-05
5.9 9.41534e-05
5.91 9.04237e-05
5.92 8.68325e-05
5.93 8.33751e-05
5.94 8.00469e-05
5.95 7.68434e-05
5.96 7.37603e-05
5.97 7.07934e-05
5.98 6.79386e-05
5.99 6.5192e-05
