-6 1.88885e-05
-5.99 1.97082e-05
-5.98 2.05613e-05
-5.97 2.14492e-05
-5.96 2.23732e-05
-5.95 2.33347e-05
-5.94 2.4335e-05
-5.93 2.53756e-05
-5.92 2.64581e-05
-5.91 2.75839e-05
-5.9 2.87548e-05
-5.89 2.99723e-05
-5.88 3.12382e-05
-5.87 3.25543e-05
-5.86 3.39224e-05
-5.85 3.53445e-05
-5.84 3.68224e-05
-5.83 3.83583e-05
-5.82 3.99542e-05
-5.81 4.16123e-05
-5.8 4.33348e-05
-5.79 4.51241e-05
-5.78 4.69825e-05
-5.77 4.89125e-05
-5.76 5.09167e-05
-5.75 5.29976e-05
-5.74 5.5158e-05
-5.73 5.74007e-05
-5.72 5.97285e-05
-5.71 6.21444e-05
-5.7 6.46515e-05
-5.69 6.7253e-05
-5.68 6.99521e-05
-5.67 7.27522e-05
-5.66 7.56567e-05
-5.65 7.86693e-05
-5.64 8.17935e-05
-5.63 8.50332e-05
-5.62 8.83924e-05
-5.61 9.18749e-05
-5.6 9.5485e-05
-5.59 9.92269e-05
-5.58 0.000103105
-5.57 0.000107124
-5.56 0.000111288
-5.55 0.000115603
-5.54 0.000120073
-5.53 0.000124702
-5.52 0.000129498
-5.51 0.000134464
-5.5 0.000139607
-5.49 0.000144931
-5.48 0.000150444
-5.47 0.00015615
-5.46 0.000162056
-5.45 0.000168169
-5.44 0.000174495
-5.43 0.000181041
-5.42 0.000187813
-5.41 0.000194818
-5.4 0.000202065
-5.39 0.00020956
-5.38 0.000217311
-5.37 0.000225326
-5.36 0.000233613
-5.35 0.000242181
-5.34 0.000251037
-5.33 0.000260191
-5.32 0.000269651
-5.31 0.000279427
-5.3 0.000289528
-5.29 0.000299965
-5.28 0.000310746
-5.27 0.000321881
-5.26 0.000333383
-5.25 0.00034526
-5.24 0.000357525
-5.23 0.000370188
-5.22 0.00038326
-5.21 0.000396754
-5.2 0.000410682
-5.19 0.000425056
-5.18 0.000439888
-5.17 0.000455192
-5.16 0.000470981
-5.15 0.000487269
-5.14 0.000504068
-5.13 0.000521395
-5.12 0.000539262
-5.11 0.000557685
-5.1 0.00057668
-5.09 0.000596261
-5.08 0.000616445
-5.07 0.000637248
-5.06 0.000658686
-5.05 0.000680777
-5.04 0.000703537
-5.03 0.000726985
-5.02 0.000751139
-5.01 0.000776017
-5 0.000801638
-4.99 0.000828021
-4.98 0.000855186
-4.97 0.000883154
-4.96 0.000911943
-4.95 0.000941576
-4.94 0.000972074
-4.93 0.00100346
-4.92 0.00103575
-4.91 0.00106898
-4.9 0.00110315
-4.89 0.00113831
-4.88 0.00117447
-4.87 0.00121165
-4.86 0.00124989
-4.85 0.0012892
-4.84 0.00132962
-4.83 0.00137116
-4.82 0.00141386
-4.81 0.00145774
-4.8 0.00150283
-4.79 0.00154916
-4.78 0.00159675
-4.77 0.00164564
-4.76 0.00169586
-4.75 0.00174743
-4.74 0.00180039
-4.73 0.00185477
-4.72 0.0019106
-4.71 0.00196791
-4.7 0.00202673
-4.69 0.0020871
-4.68 0.00214906
-4.67 0.00221262
-4.66 0.00227784
-4.65 0.00234474
-4.64 0.00241337
-4.63 0.00248375
-4.62 0.00255593
-4.61 0.00262994
-4.6 0.00270582
-4.59 0.0027836
-4.58 0.00286334
-4.57 0.00294506
-4.56 0.0030288
-4.55 0.00311462
-4.54 0.00320254
-4.53 0.00329261
-4.52 0.00338487
-4.51 0.00347937
-4.5 0.00357614
-4.49 0.00367524
-4.48 0.00377669
-4.47 0.00388056
-4.46 0.00398688
-4.45 0.0040957
-4.44 0.00420707
-4.43 0.00432103
-4.42 0.00443762
-4.41 0.0045569
-4.4 0.00467892
-4.39 0.00480372
-4.38 0.00493135
-4.37 0.00506186
-4.36 0.00519529
-4.35 0.00533171
-4.34 0.00547116
-4.33 0.00561368
-4.32 0.00575934
-4.31 0.00590818
-4.3 0.00606026
-4.29 0.00621562
-4.28 0.00637432
-4.27 0.00653642
-4.26 0.00670195
-4.25 0.00687099
-4.24 0.00704358
-4.23 0.00721978
-4.22 0.00739963
-4.21 0.0075832
-4.2 0.00777054
-4.19 0.00796171
-4.18 0.00815675
-4.17 0.00835573
-4.16 0.00855869
-4.15 0.0087657
-4.14 0.00897682
-4.13 0.00919209
-4.12 0.00941157
-4.11 0.00963531
-4.1 0.00986339
-4.09 0.0100958
-4.08 0.0103327
-4.07 0.0105741
-4.06 0.01082
-4.05 0.0110705
-4.04 0.0113257
-4.03 0.0115856
-4.02 0.0118503
-4.01 0.0121198
-4 0.0123941
-3.99 0.0126734
-3.98 0.0129577
-3.97 0.013247
-3.96 0.0135414
-3.95 0.0138409
-3.94 0.0141457
-3.93 0.0144557
-3.92 0.014771
-3.91 0.0150916
-3.9 0.0154177
-3.89 0.0157492
-3.88 0.0160862
-3.87 0.0164288
-3.86 0.0167769
-3.85 0.0171308
-3.84 0.0174903
-3.83 0.0178555
-3.82 0.0182266
-3.81 0.0186034
-3.8 0.0189862
-3.79 0.0193748
-3.78 0.0197695
-3.77 0.0201701
-3.76 0.0205768
-3.75 0.0209895
-3.74 0.0214084
-3.73 0.0218334
-3.72 0.0222646
-3.71 0.022702
-3.7 0.0231457
-3.69 0.0235957
-3.68 0.024052
-3.67 0.0245146
-3.66 0.0249837
-3.65 0.0254591
-3.64 0.0259409
-3.63 0.0264292
-3.62 0.026924
-3.61 0.0274253
-3.6 0.027933
-3.59 0.0284474
-3.58 0.0289682
-3.57 0.0294956
-3.56 0.0300296
-3.55 0.0305702
-3.54 0.0311173
-3.53 0.0316711
-3.52 0.0322314
-3.51 0.0327983
-3.5 0.0333719
-3.49 0.033952
-3.48 0.0345388
-3.47 0.0351321
-3.46 0.035732
-3.45 0.0363385
-3.44 0.0369516
-3.43 0.0375712
-3.42 0.0381974
-3.41 0.03883
-3.4 0.0394692
-3.39 0.0401148
-3.38 0.0407668
-3.37 0.0414253
-3.36 0.0420902
-3.35 0.0427614
-3.34 0.043439
-3.33 0.0441228
-3.32 0.0448128
-3.31 0.0455091
-3.3 0.0462115
-3.29 0.04692
-3.28 0.0476346
-3.27 0.0483551
-3.26 0.0490816
-3.25 0.049814
-3.24 0.0505522
-3.23 0.0512962
-3.22 0.0520459
-3.21 0.0528012
-3.2 0.053562
-3.19 0.0543283
-3.18 0.0551001
-3.17 0.0558771
-3.16 0.0566594
-3.15 0.0574468
-3.14 0.0582393
-3.13 0.0590368
-3.12 0.0598391
-3.11 0.0606463
-3.1 0.0614581
-3.09 0.0622745
-3.08 0.0630953
-3.07 0.0639205
-3.06 0.06475
-3.05 0.0655837
-3.04 0.0664213
-3.03 0.0672629
-3.02 0.0681082
-3.01 0.0689572
-3 0.0698098
-2.99 0.0706657
-2.98 0.071525
-2.97 0.0723873
-2.96 0.0732527
-2.95 0.0741209
-2.94 0.0749919
-2.93 0.0758654
-2.92 0.0767414
-2.91 0.0776196
-2.9 0.0784999
-2.89 0.0793823
-2.88 0.0802664
-2.87 0.0811522
-2.86 0.0820395
-2.85 0.0829281
-2.84 0.0838179
-2.83 0.0847087
-2.82 0.0856003
-2.81 0.0864926
-2.8 0.0873853
-2.79 0.0882784
-2.78 0.0891716
-2.77 0.0900647
-2.76 0.0909576
-2.75 0.0918501
-2.74 0.0927419
-2.73 0.093633
-2.72 0.0945231
-2.71 0.0954121
-2.7 0.0962996
-2.69 0.0971857
-2.68 0.09807
-2.67 0.0989523
-2.66 0.0998325
-2.65 0.10071
-2.64 0.101586
-2.63 0.102458
-2.62 0.103328
-2.61 0.104195
-2.6 0.105058
-2.59 0.105918
-2.58 0.106774
-2.57 0.107626
-2.56 0.108474
-2.55 0.109317
-2.54 0.110156
-2.53 0.11099
-2.52 0.11182
-2.51 0.112644
-2.5 0.113462
-2.49 0.114276
-2.48 0.115083
-2.47 0.115884
-2.46 0.11668
-2.45 0.117469
-2.44 0.118251
-2.43 0.119026
-2.42 0.119795
-2.41 0.120556
-2.4 0.12131
-2.39 0.122056
-2.38 0.122795
-2.37 0.123526
-2.36 0.124248
-2.35 0.124962
-2.34 0.125668
-2.33 0.126364
-2.32 0.127052
-2.31 0.127731
-2.3 0.1284
-2.29 0.12906
-2.28 0.129711
-2.27 0.130351
-2.26 0.130981
-2.25 0.131602
-2.24 0.132211
-2.23 0.132811
-2.22 0.133399
-2.21 0.133977
-2.2 0.134544
-2.19 0.135099
-2.18 0.135644
-2.17 0.136176
-2.16 0.136697
-2.15 0.137207
-2.14 0.137704
-2.13 0.138189
-2.12 0.138663
-2.11 0.139123
-2.1 0.139572
-2.09 0.140007
-2.08 0.14043
-2.07 0.14084
-2.06 0.141237
-2.05 0.141621
-2.04 0.141992
-2.03 0.14235
-2.02 0.142694
-2.01 0.143025
-2 0.143342
-1.99 0.143645
-1.98 0.143935
-1.97 0.144211
-1.96 0.144473
-1.95 0.144721
-1.94 0.144955
-1.93 0.145175
-1.92 0.145381
-1.91 0.145572
-1.9 0.14575
-1.89 0.145912
-1.88 0.146061
-1.87 0.146195
-1.86 0.146315
-1.85 0.14642
-1.84 0.146511
-1.83 0.146588
-1.82 0.14665
-1.81 0.146697
-1.8 0.14673
-1.79 0.146748
-1.78 0.146752
-1.77 0.146742
-1.76 0.146717
-1.75 0.146677
-1.74 0.146623
-1.73 0.146555
-1.72 0.146473
-1.71 0.146376
-1.7 0.146265
-1.69 0.14614
-1.68 0.146001
-1.67 0.145847
-1.66 0.14568
-1.65 0.145499
-1.64 0.145304
-1.63 0.145096
-1.62 0.144874
-1.61 0.144638
-1.6 0.144389
-1.59 0.144127
-1.58 0.143852
-1.57 0.143563
-1.56 0.143262
-1.55 0.142949
-1.54 0.142622
-1.53 0.142284
-1.52 0.141933
-1.51 0.14157
-1.5 0.141196
-1.49 0.14081
-1.48 0.140413
-1.47 0.140005
-1.46 0.139585
-1.45 0.139156
-1.44 0.138716
-1.43 0.138265
-1.42 0.137806
-1.41 0.137337
-1.4 0.136858
-1.39 0.136371
-1.38 0.135876
-1.37 0.135373
-1.36 0.134862
-1.35 0.134344
-1.34 0.133819
-1.33 0.133288
-1.32 0.132751
-1.31 0.13221
-1.3 0.131663
-1.29 0.131112
-1.28 0.130558
-1.27 0.130001
-1.26 0.129442
-1.25 0.128881
-1.24 0.12832
-1.23 0.127758
-1.22 0.127198
-1.21 0.126639
-1.2 0.126082
-1.19 0.125529
-1.18 0.12498
-1.17 0.124437
-1.16 0.1239
-1.15 0.123371
-1.14 0.12285
-1.13 0.122339
-1.12 0.121839
-1.11 0.121352
-1.1 0.120879
-1.09 0.12042
-1.08 0.119979
-1.07 0.119555
-1.06 0.119151
-1.05 0.118769
-1.04 0.11841
-1.03 0.118075
-1.02 0.117767
-1.01 0.117487
-1 0.117238
-0.99 0.11702
-0.98 0.116838
-0.97 0.116691
-0.96 0.116583
-0.95 0.116515
-0.94 0.11649
-0.93 0.116511
-0.92 0.116578
-0.91 0.116695
-0.9 0.116864
-0.89 0.117088
-0.88 0.117368
-0.87 0.117707
-0.86 0.118108
-0.85 0.118573
-0.84 0.119104
-0.83 0.119704
-0.82 0.120375
-0.81 0.12112
-0.8 0.121941
-0.79 0.12284
-0.78 0.12382
-0.77 0.124883
-0.76 0.12603
-0.75 0.127265
-0.74 0.128588
-0.73 0.130003
-0.72 0.13151
-0.71 0.133111
-0.7 0.134808
-0.69 0.136603
-0.68 0.138496
-0.67 0.140489
-0.66 0.142583
-0.65 0.144778
-0.64 0.147074
-0.63 0.149473
-0.62 0.151975
-0.61 0.154579
-0.6 0.157285
-0.59 0.160092
-0.58 0.163
-0.57 0.166008
-0.56 0.169114
-0.55 0.172317
-0.54 0.175614
-0.53 0.179004
-0.52 0.182485
-0.51 0.186053
-0.5 0.189705
-0.49 0.193439
-0.48 0.19725
-0.47 0.201134
-0.46 0.205088
-0.45 0.209107
-0.44 0.213186
-0.43 0.21732
-0.42 0.221503
-0.41 0.22573
-0.4 0.229996
-0.39 0.234293
-0.38 0.238616
-0.37 0.242958
-0.36 0.247312
-0.35 0.251671
-0.34 0.256027
-0.33 0.260375
-0.32 0.264705
-0.31 0.26901
-0.3 0.273283
-0.29 0.277516
-0.28 0.281701
-0.27 0.285829
-0.26 0.289893
-0.25 0.293886
-0.24 0.297798
-0.23 0.301622
-0.22 0.305351
-0.21 0.308976
-0.2 0.31249
-0.19 0.315886
-0.18 0.319156
-0.17 0.322293
-0.16 0.325291
-0.15 0.328142
-0.14 0.330841
-0.13 0.333382
-0.12 0.335759
-0.11 0.337966
-0.1 0.339998
-0.09 0.341852
-0.08 0.343522
-0.07 0.345005
-0.06 0.346297
-0.05 0.347395
-0.04 0.348297
-0.03 0.349001
-0.02 0.349505
-0.01 0.349808
0 0.349909
0.01 0.349808
0.02 0.349505
0.03 0.349001
0.04 0.348297
0.05 0.347395
0.06 0.346297
0.07 0.345005
0.08 0.343522
0.09 0.341852
0.1 0.339998
0.11 0.337966
0.12 0.335759
0.13 0.333382
0.14 0.330841
0.15 0.328142
0.16 0.325291
0.17 0.322293
0.18 0.319156
0.19 0.315886
0.2 0.31249
0.21 0.308976
0.22 0.305351
0.23 0.301622
0.24 0.297798
0.25 0.293886
0.26 0.289893
0.27 0.285829
0.28 0.281701
0.29 0.277516
0.3 0.273283
0.31 0.26901
0.32 0.264705
0.33 0.260375
0.34 0.256027
0.35 0.251671
0.36 0.247312
0.37 0.242958
0.38 0.238616
0.39 0.234293
0.4 0.229996
0.41 0.22573
0.42 0.221503
0.43 0.21732
0.44 0.213186
0.45 0.209107
0.46 0.205088
0.47 0.201134
0.48 0.19725
0.49 0.193439
0.5 0.189705
0.51 0.186053
0.52 0.182485
0.53 0.179004
0.54 0.175614
0.55 0.172317
0.56 0.169114
0.57 0.166008
0.58 0.163
0.59 0.160092
0.6 0.157285
0.61 0.154579
0.62 0.151975
0.63 0.149473
0.64 0.147074
0.65 0.144778
0.66 0.142583
0.67 0.140489
0.68 0.138496
0.69 0.136603
0.7 0.134808
0.71 0.133111
0.72 0.13151
0.73 0.130003
0.74 0.128588
0.75 0.127265
0.76 0.12603
0.77 0.124883
0.78 0.12382
0.79 0.12284
0.8 0.121941
0.81 0.12112
0.82 0.120375
0.83 0.119704
0.84 0.119104
0.85 0.118573
0.86 0.118108
0.87 0.117707
0.88 0.117368
0.89 0.117088
0.9 0.116864
0.91 0.116695
0.92 0.116578
0.93 0.116511
0.94 0.11649
0.95 0.116515
0.96 0.116583
0.97 0.116691
0.98 0.116838
0.99 0.11702
1 0.117238
1.01 0.117487
1.02 0.117767
1.03 0.118075
1.04 0.11841
1.05 0.118769
1.06 0.119151
1.07 0.119555
1.08 0.119979
1.09 0.12042
1.1 0.120879
1.11 0.121352
1.12 0.121839
1.13 0.122339
1.14 0.12285
1.15 0.123371
1.16 0.1239
1.17 0.124437
1.18 0.12498
1.19 0.125529
1.2 0.126082
1.21 0.126639
1.22 0.127198
1.23 0.127758
1.24 0.12832
1.25 0.128881
1.26 0.129442
1.27 0.130001
1.28 0.130558
1.29 0.131112
1.3 0.131663
1.31 0.13221
1.32 0.132751
1.33 0.133288
1.34 0.133819
1.35 0.134344
1.36 0.134862
1.37 0.135373
1.38 0.135876
1.39 0.136371
1.4 0.136858
1.41 0.137337
1.42 0.137806
1.43 0.138265
1.44 0.138716
1.45 0.139156
1.46 0.139585
1.47 0.140005
1.48 0.140413
1.49 0.14081
1.5 0.141196
1.51 0.14157
1.52 0.141933
1.53 0.142284
1.54 0.142622
1.55 0.142949
1.56 0.143262
1.57 0.143563
1.58 0.143852
1.59 0.144127
1.6 0.144389
1.61 0.144638
1.62 0.144874
1.63 0.145096
1.64 0.145304
1.65 0.145499
1.66 0.14568
1.67 0.145847
1.68 0.146001
1.69 0.14614
1.7 0.146265
1.71 0.146376
1.72 0.146473
1.73 0.146555
1.74 0.146623
1.75 0.146677
1.76 0.146717
1.77 0.146742
1.78 0.146752
1.79 0.146748
1.8 0.14673
1.81 0.146697
1.82 0.14665
1.83 0.146588
1.84 0.146511
1.85 0.14642
1.86 0.146315
1.87 0.146195
1.88 0.146061
1.89 0.145912
1.9 0.14575
1.91 0.145572
1.92 0.145381
1.93 0.145175
1.94 0.144955
1.95 0.144721
1.96 0.144473
1.97 0.144211
1.98 0.143935
1.99 0.143645
2 0.143342
2.01 0.143025
2.02 0.142694
2.03 0.14235
2.04 0.141992
2.05 0.141621
2.06 0.141237
2.07 0.14084
2.08 0.14043
2.09 0.140007
2.1 0.139572
2.11 0.139123
2.12 0.138663
2.13 0.138189
2.14 0.137704
2.15 0.137207
2.16 0.136697
2.17 0.136176
2.18 0.135644
2.19 0.135099
2.2 0.134544
2.21 0.133977
2.22 0.133399
2.23 0.132811
2.24 0.132211
2.25 0.131602
2.26 0.130981
2.27 0.130351
2.28 0.129711
2.29 0.12906
2.3 0.1284
2.31 0.127731
2.32 0.127052
2.33 0.126364
2.34 0.125668
2.35 0.124962
2.36 0.124248
2.37 0.123526
2.38 0.122795
2.39 0.122056
2.4 0.12131
2.41 0.120556
2.42 0.119795
2.43 0.119026
2.44 0.118251
2.45 0.117469
2.46 0.11668
2.47 0.115884
2.48 0.115083
2.49 0.114276
2.5 0.113462
2.51 0.112644
2.52 0.11182
2.53 0.11099
2.54 0.110156
2.55 0.109317
2.56 0.108474
2.57 0.107626
2.58 0.106774
2.59 0.105918
2.6 0.105058
2.61 0.104195
2.62 0.103328
2.63 0.102458
2.64 0.101586
2.65 0.10071
2.66 0.0998325
2.67 0.0989523
2.68 0.09807
2.69 0.0971857
2.7 0.0962996
2.71 0.0954121
2.72 0.0945231
2.73 0.093633
2.74 0.0927419
2.75 0.0918501
2.76 0.0909576
2.77 0.0900647
2.78 0.0891716
2.79 0.0882784
2.8 0.0873853
2.81 0.0864926
2.82 0.0856003
2.83 0.0847087
2.84 0.0838179
2.85 0.0829281
2.86 0.0820395
2.87 0.0811522
2.88 0.0802664
2.89 0.0793823
2.9 0.0784999
2.91 0.0776196
2.92 0.0767414
2.93 0.0758654
2.94 0.0749919
2.95 0.0741209
2.96 0.0732527
2.97 0.0723873
2.98 0.071525
2.99 0.0706657
3 0.0698098
3.01 0.0689572
3.02 0.0681082
3.03 0.0672629
3.04 0.0664213
3.05 0.0655837
3.06 0.06475
3.07 0.0639205
3.08 0.0630953
3.09 0.0622745
3.1 0.0614581
3.11 0.0606463
3.12 0.0598391
3.13 0.0590368
3.14 0.0582393
3.15 0.0574468
3.16 0.0566594
3.17 0.0558771
3.18 0.0551001
3.19 0.0543283
3.2 0.053562
3.21 0.0528012
3.22 0.0520459
3.23 0.0512962
3.24 0.0505522
3.25 0.049814
3.26 0.0490816
3.27 0.0483551
3.28 0.0476346
3.29 0.04692
3.3 0.0462115
3.31 0.0455091
3.32 0.0448128
3.33 0.0441228
3.34 0.043439
3.35 0.0427614
3.36 0.0420902
3.37 0.0414253
3.38 0.0407668
3.39 0.0401148
3.4 0.0394692
3.41 0.03883
3.42 0.0381974
3.43 0.0375712
3.44 0.0369516
3.45 0.0363385
3.46 0.035732
3.47 0.0351321
3.48 0.0345388
3.49 0.033952
3.5 0.0333719
3.51 0.0327983
3.52 0.0322314
3.53 0.0316711
3.54 0.0311173
3.55 0.0305702
3.56 0.0300296
3.57 0.0294956
3.58 0.0289682
3.59 0.0284474
3.6 0.027933
3.61 0.0274253
3.62 0.026924
3.63 0.0264292
3.64 0.0259409
3.65 0.0254591
3.66 0.0249837
3.67 0.0245146
3.68 0.024052
3.69 0.0235957
3.7 0.0231457
3.71 0.022702
3.72 0.0222646
3.73 0.0218334
3.74 0.0214084
3.75 0.0209895
3.76 0.0205768
3.77 0.0201701
3.78 0.0197695
3.79 0.0193748
3.8 0.0189862
3.81 0.0186034
3.82 0.0182266
3.83 0.0178555
3.84 0.0174903
3.85 0.0171308
3.86 0.0167769
3.87 0.0164288
3.88 0.0160862
3.89 0.0157492
3.9 0.0154177
3.91 0.0150916
3.92 0.014771
3.93 0.0144557
3.94 0.0141457
3.95 0.0138409
3.96 0.0135414
3.97 0.013247
3.98 0.0129577
3.99 0.0126734
4 0.0123941
4.01 0.0121198
4.02 0.0118503
4.03 0.0115856
4.04 0.0113257
4.05 0.0110705
4.06 0.01082
4.07 0.0105741
4.08 0.0103327
4.09 0.0100958
4.1 0.00986339
4.11 0.00963531
4.12 0.00941157
4.13 0.00919209
4.14 0.00897682
4.15 0.0087657
4.16 0.00855869
4.17 0.00835573
4.18 0.00815675
4.19 0.00796171
4.2 0.00777054
4.21 0.0075832
4.22 0.00739963
4.23 0.00721978
4.24 0.00704358
4.25 0.00687099
4.26 0.00670195
4.27 0.00653642
4.28 0.00637432
4.29 0.00621562
4.3 0.00606026
4.31 0.00590818
4.32 0.00575934
4.33 0.00561368
4.34 0.00547116
4.35 0.00533171
4.36 0.00519529
4.37 0.00506186
4.38 0.00493135
4.39 0.00480372
4.4 0.00467892
4.41 0.0045569
4.42 0.00443762
4.43 0.00432103
4.44 0.00420707
4.45 0.0040957
4.46 0.00398688
4.47 0.00388056
4.48 0.00377669
4.49 0.00367524
4.5 0.00357614
4.51 0.00347937
4.52 0.00338487
4.53 0.00329261
4.54 0.00320254
4.55 0.00311462
4.56 0.0030288
4.57 0.00294506
4.58 0.00286334
4.59 0.0027836
4.6 0.00270582
4.61 0.00262994
4.62 0.00255593
4.63 0.00248375
4.64 0.00241337
4.65 0.00234474
4.66 0.00227784
4.67 0.00221262
4.68 0.00214906
4.69 0.0020871
4.7 0.00202673
4.71 0.00196791
4.72 0.0019106
4.73 0.00185477
4.74 0.00180039
4.75 0.00174743
4.76 0.00169586
4.77 0.00164564
4.78 0.00159675
4.79 0.00154916
4.8 0.00150283
4.81 0.00145774
4.82 0.00141386
4.83 0.00137116
4.84 0.00132962
4.85 0.0012892
4.86 0.00124989
4.87 0.00121165
4.88 0.00117447
4.89 0.00113831
4.9 0.00110315
4.91 0.00106898
4.92 0.00103575
4.93 0.00100346
4.94 0.000972074
4.95 0.000941576
4.96 0.000911943
4.97 0.000883154
4.98 0.000855186
4.99 0.000828021
5 0.000801638
5.01 0.000776017
5.02 0.000751139
5.03 0.000726985
5.04 0.000703537
5.05 0.000680777
5.06 0.000658686
5.07 0.000637248
5.08 0.000616445
5.09 0.000596261
5.1 0.00057668
5.11 0.000557685
5.12 0.000539262
5.13 0.000521395
5.14 0.000504068
5.15 0.000487269
5.16 0.000470981
5.17 0.000455192
5.18 0.000439888
5.19 0.000425056
5.2 0.000410682
5.21 0.000396754
5.22 0.00038326
5.23 0.000370188
5.24 0.000357525
5.25 0.00034526
5.26 0.000333383
5.27 0.000321881
5.28 0.000310746
5.29 0.000299965
5.3 0.000289528
5.31 0.000279427
5.32 0.000269651
5.33 0.000260191
5.34 0.000251037
5.35 0.000242181
5.36 0.000233613
5.37 0.000225326
5.38 0.000217311
5.39 0.00020956
5.4 0.000202065
5.41 0.000194818
5.42 0.000187813
5.43 0.000181041
5.44 0.000174495
5.45 0.000168169
5.46 0.000162056
5.47 0.00015615
5.48 0.000150444
5.49 0.000144931
5.5 0.000139607
5.51 0.000134464
5.52 0.000129498
5.53 0.000124702
5.54 0.000120073
5.55 0.000115603
5.56 0.000111288
5.57 0.000107124
5.58 0.000103105
5.59 9.92269e-05
5.6 9.5485e-05
5.61 9.18749e-05
5.62 8.83924e-05
5.63 8.50332e-05
5.64 8.17935e-05
5.65 7.86693e-05
5.66 7.56567e-05
5.67 7.27522e-05
5.68 6.99521e-05
5.69 6.7253e-05
5.7 6.46515e-05
5.71 6.21444e-05
5.72 5.97285e-05
5.73 5.74007e-05
5.74 5.5158e-05
5.75 5.29976e-05
5.76 5.09167e-05
5.77 4.89125e-05
5.78 4.69825e-05
5.79 4.51241e-05
5.8 4.33348e-05
5.81 4.16123e-05
5.82 3.99542e-05
5.83 3.83583e-05
5.84 3.68224e-05
5.85 3.53445e-05
5.86 3.39224e-05
5.87 3.25543e-05
5.88 3.12382e-05
5.89 2.99723e-05
5.9 2.87548e-05
5.91 2.75839e-05
5.92 2.64581e-05
5.93 2.53756e-05
5.94 2.4335e-05
5.95 2.33347e-05
5.96 2.23732e-05
5.97 2.14492e-05
5.98 2.05613e-05
5.99 1.97082e-05
