-6 0.000548027
-5.99 0.000566957
-5.98 0.000586482
-5.97 0.000606617
-5.96 0.000627381
-5.95 0.000648789
-5.94 0.00067086
-5.93 0.000693612
-5.92 0.000717063
-5.91 0.000741231
-5.9 0.000766137
-5.89 0.0007918
-5.88 0.000818239
-5.87 0.000845476
-5.86 0.000873531
-5.85 0.000902426
-5.84 0.000932182
-5.83 0.000962822
-5.82 0.000994369
-5.81 0.00102685
-5.8 0.00106028
-5.79 0.00109468
-5.78 0.00113009
-5.77 0.00116653
-5.76 0.00120402
-5.75 0.00124259
-5.74 0.00128226
-5.73 0.00132307
-5.72 0.00136504
-5.71 0.0014082
-5.7 0.00145257
-5.69 0.0014982
-5.68 0.0015451
-5.67 0.0015933
-5.66 0.00164284
-5.65 0.00169376
-5.64 0.00174607
-5.63 0.00179982
-5.62 0.00185503
-5.61 0.00191175
-5.6 0.00197
-5.59 0.00202982
-5.58 0.00209125
-5.57 0.00215431
-5.56 0.00221905
-5.55 0.00228551
-5.54 0.00235372
-5.53 0.00242372
-5.52 0.00249555
-5.51 0.00256925
-5.5 0.00264486
-5.49 0.00272242
-5.48 0.00280197
-5.47 0.00288355
-5.46 0.00296721
-5.45 0.00305299
-5.44 0.00314092
-5.43 0.00323107
-5.42 0.00332346
-5.41 0.00341816
-5.4 0.00351519
-5.39 0.00361461
-5.38 0.00371647
-5.37 0.00382082
-5.36 0.0039277
-5.35 0.00403715
-5.34 0.00414924
-5.33 0.00426402
-5.32 0.00438152
-5.31 0.0045018
-5.3 0.00462492
-5.29 0.00475093
-5.28 0.00487988
-5.27 0.00501182
-5.26 0.0051468
-5.25 0.00528489
-5.24 0.00542614
-5.23 0.0055706
-5.22 0.00571832
-5.21 0.00586937
-5.2 0.0060238
-5.19 0.00618167
-5.18 0.00634304
-5.17 0.00650796
-5.16 0.00667649
-5.15 0.00684869
-5.14 0.00702463
-5.13 0.00720436
-5.12 0.00738794
-5.11 0.00757544
-5.1 0.0077669
-5.09 0.00796241
-5.08 0.00816201
-5.07 0.00836576
-5.06 0.00857374
-5.05 0.008786
-5.04 0.0090026
-5.03 0.00922362
-5.02 0.0094491
-5.01 0.00967912
-5 0.00991374
-4.99 0.010153
-4.98 0.010397
-4.97 0.0106458
-4.96 0.0108995
-4.95 0.011158
-4.94 0.0114216
-4.93 0.0116902
-4.92 0.0119638
-4.91 0.0122427
-4.9 0.0125268
-4.89 0.0128162
-4.88 0.013111
-4.87 0.0134112
-4.86 0.0137168
-4.85 0.0140281
-4.84 0.0143449
-4.83 0.0146674
-4.82 0.0149957
-4.81 0.0153297
-4.8 0.0156696
-4.79 0.0160154
-4.78 0.0163672
-4.77 0.0167251
-4.76 0.017089
-4.75 0.0174591
-4.74 0.0178355
-4.73 0.0182181
-4.72 0.018607
-4.71 0.0190023
-4.7 0.019404
-4.69 0.0198123
-4.68 0.0202271
-4.67 0.0206485
-4.66 0.0210765
-4.65 0.0215112
-4.64 0.0219527
-4.63 0.022401
-4.62 0.0228562
-4.61 0.0233182
-4.6 0.0237872
-4.59 0.0242632
-4.58 0.0247462
-4.57 0.0252363
-4.56 0.0257335
-4.55 0.0262378
-4.54 0.0267493
-4.53 0.027268
-4.52 0.027794
-4.51 0.0283273
-4.5 0.0288679
-4.49 0.0294159
-4.48 0.0299713
-4.47 0.030534
-4.46 0.0311042
-4.45 0.0316818
-4.44 0.0322669
-4.43 0.0328595
-4.42 0.0334597
-4.41 0.0340673
-4.4 0.0346825
-4.39 0.0353053
-4.38 0.0359356
-4.37 0.0365734
-4.36 0.0372189
-4.35 0.0378719
-4.34 0.0385325
-4.33 0.0392007
-4.32 0.0398765
-4.31 0.0405598
-4.3 0.0412507
-4.29 0.0419491
-4.28 0.042655
-4.27 0.0433685
-4.26 0.0440895
-4.25 0.0448179
-4.24 0.0455538
-4.23 0.0462971
-4.22 0.0470479
-4.21 0.047806
-4.2 0.0485714
-4.19 0.0493441
-4.18 0.050124
-4.17 0.0509112
-4.16 0.0517056
-4.15 0.052507
-4.14 0.0533155
-4.13 0.0541311
-4.12 0.0549536
-4.11 0.0557829
-4.1 0.0566192
-4.09 0.0574621
-4.08 0.0583118
-4.07 0.0591681
-4.06 0.0600309
-4.05 0.0609002
-4.04 0.0617759
-4.03 0.0626579
-4.02 0.0635461
-4.01 0.0644405
-4 0.0653409
-3.99 0.0662472
-3.98 0.0671593
-3.97 0.0680772
-3.96 0.0690007
-3.95 0.0699297
-3.94 0.0708642
-3.93 0.0718039
-3.92 0.0727488
-3.91 0.0736988
-3.9 0.0746536
-3.89 0.0756133
-3.88 0.0765777
-3.87 0.0775466
-3.86 0.0785198
-3.85 0.0794974
-3.84 0.0804791
-3.83 0.0814647
-3.82 0.0824542
-3.81 0.0834473
-3.8 0.084444
-3.79 0.085444
-3.78 0.0864473
-3.77 0.0874536
-3.76 0.0884627
-3.75 0.0894746
-3.74 0.090489
-3.73 0.0915058
-3.72 0.0925248
-3.71 0.0935458
-3.7 0.0945687
-3.69 0.0955932
-3.68 0.0966191
-3.67 0.0976464
-3.66 0.0986747
-3.65 0.099704
-3.64 0.100734
-3.63 0.101764
-3.62 0.102795
-3.61 0.103826
-3.6 0.104857
-3.59 0.105887
-3.58 0.106917
-3.57 0.107947
-3.56 0.108975
-3.55 0.110002
-3.54 0.111028
-3.53 0.112053
-3.52 0.113075
-3.51 0.114096
-3.5 0.115114
-3.49 0.116131
-3.48 0.117144
-3.47 0.118155
-3.46 0.119162
-3.45 0.120166
-3.44 0.121167
-3.43 0.122164
-3.42 0.123157
-3.41 0.124146
-3.4 0.12513
-3.39 0.12611
-3.38 0.127085
-3.37 0.128055
-3.36 0.129019
-3.35 0.129978
-3.34 0.130932
-3.33 0.131879
-3.32 0.13282
-3.31 0.133755
-3.3 0.134683
-3.29 0.135604
-3.28 0.136518
-3.27 0.137425
-3.26 0.138324
-3.25 0.139216
-3.24 0.140099
-3.23 0.140975
-3.22 0.141842
-3.21 0.1427
-3.2 0.14355
-3.19 0.14439
-3.18 0.145222
-3.17 0.146043
-3.16 0.146856
-3.15 0.147658
-3.14 0.148451
-3.13 0.149233
-3.12 0.150005
-3.11 0.150766
-3.1 0.151516
-3.09 0.152256
-3.08 0.152984
-3.07 0.153701
-3.06 0.154406
-3.05 0.1551
-3.04 0.155782
-3.03 0.156451
-3.02 0.157109
-3.01 0.157754
-3 0.158387
-2.99 0.159006
-2.98 0.159613
-2.97 0.160208
-2.96 0.160788
-2.95 0.161356
-2.94 0.16191
-2.93 0.162451
-2.92 0.162978
-2.91 0.163491
-2.9 0.163991
-2.89 0.164476
-2.88 0.164947
-2.87 0.165404
-2.86 0.165846
-2.85 0.166274
-2.84 0.166688
-2.83 0.167087
-2.82 0.167471
-2.81 0.16784
-2.8 0.168195
-2.79 0.168534
-2.78 0.168858
-2.77 0.169168
-2.76 0.169462
-2.75 0.169741
-2.74 0.170005
-2.73 0.170253
-2.72 0.170486
-2.71 0.170704
-2.7 0.170906
-2.69 0.171093
-2.68 0.171265
-2.67 0.171421
-2.66 0.171561
-2.65 0.171686
-2.64 0.171796
-2.63 0.17189
-2.62 0.171969
-2.61 0.172032
-2.6 0.17208
-2.59 0.172113
-2.58 0.17213
-2.57 0.172132
-2.56 0.172119
-2.55 0.17209
-2.54 0.172046
-2.53 0.171988
-2.52 0.171914
-2.51 0.171825
-2.5 0.171721
-2.49 0.171602
-2.48 0.171469
-2.47 0.171321
-2.46 0.171158
-2.45 0.170981
-2.44 0.17079
-2.43 0.170584
-2.42 0.170364
-2.41 0.17013
-2.4 0.169882
-2.39 0.16962
-2.38 0.169344
-2.37 0.169055
-2.36 0.168752
-2.35 0.168436
-2.34 0.168107
-2.33 0.167765
-2.32 0.16741
-2.31 0.167042
-2.3 0.166662
-2.29 0.166269
-2.28 0.165864
-2.27 0.165447
-2.26 0.165018
-2.25 0.164577
-2.24 0.164124
-2.23 0.163661
-2.22 0.163186
-2.21 0.162699
-2.2 0.162203
-2.19 0.161695
-2.18 0.161177
-2.17 0.160649
-2.16 0.16011
-2.15 0.159562
-2.14 0.159004
-2.13 0.158436
-2.12 0.15786
-2.11 0.157274
-2.1 0.156679
-2.09 0.156076
-2.08 0.155464
-2.07 0.154844
-2.06 0.154216
-2.05 0.153581
-2.04 0.152937
-2.03 0.152287
-2.02 0.151629
-2.01 0.150964
-2 0.150293
-1.99 0.149615
-1.98 0.148931
-1.97 0.148241
-1.96 0.147545
-1.95 0.146844
-1.94 0.146137
-1.93 0.145425
-1.92 0.144708
-1.91 0.143987
-1.9 0.143261
-1.89 0.142531
-1.88 0.141797
-1.87 0.141059
-1.86 0.140317
-1.85 0.139573
-1.84 0.138825
-1.83 0.138074
-1.82 0.13732
-1.81 0.136564
-1.8 0.135806
-1.79 0.135046
-1.78 0.134284
-1.77 0.13352
-1.76 0.132755
-1.75 0.131989
-1.74 0.131222
-1.73 0.130454
-1.72 0.129685
-1.71 0.128917
-1.7 0.128148
-1.69 0.127379
-1.68 0.12661
-1.67 0.125842
-1.66 0.125074
-1.65 0.124307
-1.64 0.123541
-1.63 0.122777
-1.62 0.122014
-1.61 0.121252
-1.6 0.120492
-1.59 0.119734
-1.58 0.118978
-1.57 0.118224
-1.56 0.117473
-1.55 0.116724
-1.54 0.115978
-1.53 0.115235
-1.52 0.114495
-1.51 0.113758
-1.5 0.113025
-1.49 0.112295
-1.48 0.111569
-1.47 0.110846
-1.46 0.110128
-1.45 0.109413
-1.44 0.108703
-1.43 0.107997
-1.42 0.107296
-1.41 0.106599
-1.4 0.105906
-1.39 0.105219
-1.38 0.104536
-1.37 0.103859
-1.36 0.103186
-1.35 0.102519
-1.34 0.101857
-1.33 0.101201
-1.32 0.10055
-1.31 0.0999043
-1.3 0.0992646
-1.29 0.0986306
-1.28 0.0980024
-1.27 0.0973802
-1.26 0.096764
-1.25 0.0961538
-1.24 0.0955497
-1.23 0.0949518
-1.22 0.0943601
-1.21 0.0937746
-1.2 0.0931956
-1.19 0.0926229
-1.18 0.0920566
-1.17 0.0914968
-1.16 0.0909435
-1.15 0.0903968
-1.14 0.0898566
-1.13 0.089323
-1.12 0.0887961
-1.11 0.0882758
-1.1 0.0877622
-1.09 0.0872553
-1.08 0.0867551
-1.07 0.0862616
-1.06 0.0857749
-1.05 0.0852949
-1.04 0.0848216
-1.03 0.084355
-1.02 0.0838952
-1.01 0.0834422
-1 0.0829958
-0.99 0.0825562
-0.98 0.0821233
-0.97 0.0816971
-0.96 0.0812775
-0.95 0.0808646
-0.94 0.0804584
-0.93 0.0800588
-0.92 0.0796657
-0.91 0.0792792
-0.9 0.0788993
-0.89 0.0785258
-0.88 0.0781589
-0.87 0.0777983
-0.86 0.0774442
-0.85 0.0770964
-0.84 0.0767549
-0.83 0.0764197
-0.82 0.0760908
-0.81 0.075768
-0.8 0.0754514
-0.79 0.0751409
-0.78 0.0748364
-0.77 0.0745379
-0.76 0.0742453
-0.75 0.0739587
-0.74 0.0736779
-0.73 0.0734029
-0.72 0.0731336
-0.71 0.07287
-0.7 0.072612
-0.69 0.0723595
-0.68 0.0721126
-0.67 0.071871
-0.66 0.0716349
-0.65 0.0714041
-0.64 0.0711785
-0.63 0.0709582
-0.62 0.0707429
-0.61 0.0705327
-0.6 0.0703276
-0.59 0.0701274
-0.58 0.069932
-0.57 0.0697415
-0.56 0.0695557
-0.55 0.0693747
-0.54 0.0691982
-0.53 0.0690263
-0.52 0.068859
-0.51 0.068696
-0.5 0.0685374
-0.49 0.0683832
-0.48 0.0682332
-0.47 0.0680874
-0.46 0.0679457
-0.45 0.0678081
-0.44 0.0676745
-0.43 0.0675448
-0.42 0.067419
-0.41 0.0672971
-0.4 0.0671789
-0.39 0.0670645
-0.38 0.0669537
-0.37 0.0668465
-0.36 0.0667429
-0.35 0.0666428
-0.34 0.0665461
-0.33 0.0664529
-0.32 0.0663629
-0.31 0.0662763
-0.3 0.0661929
-0.29 0.0661128
-0.28 0.0660358
-0.27 0.0659619
-0.26 0.0658911
-0.25 0.0658233
-0.24 0.0657585
-0.23 0.0656966
-0.22 0.0656377
-0.21 0.0655817
-0.2 0.0655284
-0.19 0.0654781
-0.18 0.0654304
-0.17 0.0653856
-0.16 0.0653434
-0.15 0.065304
-0.14 0.0652672
-0.13 0.065233
-0.12 0.0652015
-0.11 0.0651726
-0.1 0.0651462
-0.09 0.0651225
-0.08 0.0651012
-0.07 0.0650825
-0.06 0.0650663
-0.05 0.0650527
-0.04 0.0650415
-0.03 0.0650328
-0.02 0.0650266
-0.01 0.0650229
0 0.0650216
0.01 0.0650229
0.02 0.0650266
0.03 0.0650328
0.04 0.0650415
0.05 0.0650527
0.06 0.0650663
0.07 0.0650825
0.08 0.0651012
0.09 0.0651225
0.1 0.0651462
0.11 0.0651726
0.12 0.0652015
0.13 0.065233
0.14 0.0652672
0.15 0.065304
0.16 0.0653434
0.17 0.0653856
0.18 0.0654304
0.19 0.0654781
0.2 0.0655284
0.21 0.0655817
0.22 0.0656377
0.23 0.0656966
0.24 0.0657585
0.25 0.0658233
0.26 0.0658911
0.27 0.0659619
0.28 0.0660358
0.29 0.0661128
0.3 0.0661929
0.31 0.0662763
0.32 0.0663629
0.33 0.0664529
0.34 0.0665461
0.35 0.0666428
0.36 0.0667429
0.37 0.0668465
0.38 0.0669537
0.39 0.0670645
0.4 0.0671789
0.41 0.0672971
0.42 0.067419
0.43 0.0675448
0.44 0.0676745
0.45 0.0678081
0.46 0.0679457
0.47 0.0680874
0.48 0.0682332
0.49 0.0683832
0.5 0.0685374
0.51 0.068696
0.52 0.068859
0.53 0.0690263
0.54 0.0691982
0.55 0.0693747
0.56 0.0695557
0.57 0.0697415
0.58 0.069932
0.59 0.0701274
0.6 0.0703276
0.61 0.0705327
0.62 0.0707429
0.63 0.0709582
0.64 0.0711785
0.65 0.0714041
0.66 0.0716349
0.67 0.071871
0.68 0.0721126
0.69 0.0723595
0.7 0.072612
0.71 0.07287
0.72 0.0731336
0.73 0.0734029
0.74 0.0736779
0.75 0.0739587
0.76 0.0742453
0.77 0.0745379
0.78 0.0748364
0.79 0.0751409
0.8 0.0754514
0.81 0.075768
0.82 0.0760908
0.83 0.0764197
0.84 0.0767549
0.85 0.0770964
0.86 0.0774442
0.87 0.0777983
0.88 0.0781589
0.89 0.0785258
0.9 0.0788993
0.91 0.0792792
0.92 0.0796657
0.93 0.0800588
0.94 0.0804584
0.95 0.0808646
0.96 0.0812775
0.97 0.0816971
0.98 0.0821233
0.99 0.0825562
1 0.0829958
1.01 0.0834422
1.02 0.0838952
1.03 0.084355
1.04 0.0848216
1.05 0.0852949
1.06 0.0857749
1.07 0.0862616
1.08 0.0867551
1.09 0.0872553
1.1 0.0877622
1.11 0.0882758
1.12 0.0887961
1.13 0.089323
1.14 0.0898566
1.15 0.0903968
1.16 0.0909435
1.17 0.0914968
1.18 0.0920566
1.19 0.0926229
1.2 0.0931956
1.21 0.0937746
1.22 0.0943601
1.23 0.0949518
1.24 0.0955497
1.25 0.0961538
1.26 0.096764
1.27 0.0973802
1.28 0.0980024
1.29 0.0986306
1.3 0.0992646
1.31 0.0999043
1.32 0.10055
1.33 0.101201
1.34 0.101857
1.35 0.102519
1.36 0.103186
1.37 0.103859
1.38 0.104536
1.39 0.105219
1.4 0.105906
1.41 0.106599
1.42 0.107296
1.43 0.107997
1.44 0.108703
1.45 0.109413
1.46 0.110128
1.47 0.110846
1.48 0.111569
1.49 0.112295
1.5 0.113025
1.51 0.113758
1.52 0.114495
1.53 0.115235
1.54 0.115978
1.55 0.116724
1.56 0.117473
1.57 0.118224
1.58 0.118978
1.59 0.119734
1.6 0.120492
1.61 0.121252
1.62 0.122014
1.63 0.122777
1.64 0.123541
1.65 0.124307
1.66 0.125074
1.67 0.125842
1.68 0.12661
1.69 0.127379
1.7 0.128148
1.71 0.128917
1.72 0.129685
1.73 0.130454
1.74 0.131222
1.75 0.131989
1.76 0.132755
1.77 0.13352
1.78 0.134284
1.79 0.135046
1.8 0.135806
1.81 0.136564
1.82 0.13732
1.83 0.138074
1.84 0.138825
1.85 0.139573
1.86 0.140317
1.87 0.141059
1.88 0.141797
1.89 0.142531
1.9 0.143261
1.91 0.143987
1.92 0.144708
1.93 0.145425
1.94 0.146137
1.95 0.146844
1.96 0.147545
1.97 0.148241
1.98 0.148931
1.99 0.149615
2 0.150293
2.01 0.150964
2.02 0.151629
2.03 0.152287
2.04 0.152937
2.05 0.153581
2.06 0.154216
2.07 0.154844
2.08 0.155464
2.09 0.156076
2.1 0.156679
2.11 0.157274
2.12 0.15786
2.13 0.158436
2.14 0.159004
2.15 0.159562
2.16 0.16011
2.17 0.160649
2.18 0.161177
2.19 0.161695
2.2 0.162203
2.21 0.162699
2.22 0.163186
2.23 0.163661
2.24 0.164124
2.25 0.164577
2.26 0.165018
2.27 0.165447
2.28 0.165864
2.29 0.166269
2.3 0.166662
2.31 0.167042
2.32 0.16741
2.33 0.167765
2.34 0.168107
2.35 0.168436
2.36 0.168752
2.37 0.169055
2.38 0.169344
2.39 0.16962
2.4 0.169882
2.41 0.17013
2.42 0.170364
2.43 0.170584
2.44 0.17079
2.45 0.170981
2.46 0.171158
2.47 0.171321
2.48 0.171469
2.49 0.171602
2.5 0.171721
2.51 0.171825
2.52 0.171914
2.53 0.171988
2.54 0.172046
2.55 0.17209
2.56 0.172119
2.57 0.172132
2.58 0.17213
2.59 0.172113
2.6 0.17208
2.61 0.172032
2.62 0.171969
2.63 0.17189
2.64 0.171796
2.65 0.171686
2.66 0.171561
2.67 0.171421
2.68 0.171265
2.69 0.171093
2.7 0.170906
2.71 0.170704
2.72 0.170486
2.73 0.170253
2.74 0.170005
2.75 0.169741
2.76 0.169462
2.77 0.169168
2.78 0.168858
2.79 0.168534
2.8 0.168195
2.81 0.16784
2.82 0.167471
2.83 0.167087
2.84 0.166688
2.85 0.166274
2.86 0.165846
2.87 0.165404
2.88 0.164947
2.89 0.164476
2.9 0.163991
2.91 0.163491
2.92 0.162978
2.93 0.162451
2.94 0.16191
2.95 0.161356
2.96 0.160788
2.97 0.160208
2.98 0.159613
2.99 0.159006
3 0.158387
3.01 0.157754
3.02 0.157109
3.03 0.156451
3.04 0.155782
3.05 0.1551
3.06 0.154406
3.07 0.153701
3.08 0.152984
3.09 0.152256
3.1 0.151516
3.11 0.150766
3.12 0.150005
3.13 0.149233
3.14 0.148451
3.15 0.147658
3.16 0.146856
3.17 0.146043
3.18 0.145222
3.19 0.14439
3.2 0.14355
3.21 0.1427
3.22 0.141842
3.23 0.140975
3.24 0.140099
3.25 0.139216
3.26 0.138324
3.27 0.137425
3.28 0.136518
3.29 0.135604
3.3 0.134683
3.31 0.133755
3.32 0.13282
3.33 0.131879
3.34 0.130932
3.35 0.129978
3.36 0.129019
3.37 0.128055
3.38 0.127085
3.39 0.12611
3.4 0.12513
3.41 0.124146
3.42 0.123157
3.43 0.122164
3.44 0.121167
3.45 0.120166
3.46 0.119162
3.47 0.118155
3.48 0.117144
3.49 0.116131
3.5 0.115114
3.51 0.114096
3.52 0.113075
3.53 0.112053
3.54 0.111028
3.55 0.110002
3.56 0.108975
3.57 0.107947
3.58 0.106917
3.59 0.105887
3.6 0.104857
3.61 0.103826
3.62 0.102795
3.63 0.101764
3.64 0.100734
3.65 0.099704
3.66 0.0986747
3.67 0.0976464
3.68 0.0966191
3.69 0.0955932
3.7 0.0945687
3.71 0.0935458
3.72 0.0925248
3.73 0.0915058
3.74 0.090489
3.75 0.0894746
3.76 0.0884627
3.77 0.0874536
3.78 0.0864473
3.79 0.085444
3.8 0.084444
3.81 0.0834473
3.82 0.0824542
3.83 0.0814647
3.84 0.0804791
3.85 0.0794974
3.86 0.0785198
3.87 0.0775466
3.88 0.0765777
3.89 0.0756133
3.9 0.0746536
3.91 0.0736988
3.92 0.0727488
3.93 0.0718039
3.94 0.0708642
3.95 0.0699297
3.96 0.0690007
3.97 0.0680772
3.98 0.0671593
3.99 0.0662472
4 0.0653409
4.01 0.0644405
4.02 0.0635461
4.03 0.0626579
4.04 0.0617759
4.05 0.0609002
4.06 0.0600309
4.07 0.0591681
4.08 0.0583118
4.09 0.0574621
4.1 0.0566192
4.11 0.0557829
4.12 0.0549536
4.13 0.0541311
4.14 0.0533155
4.15 0.052507
4.16 0.0517056
4.17 0.0509112
4.18 0.050124
4.19 0.0493441
4.2 0.0485714
4.21 0.047806
4.22 0.0470479
4.23 0.0462971
4.24 0.0455538
4.25 0.0448179
4.26 0.0440895
4.27 0.0433685
4.28 0.042655
4.29 0.0419491
4.3 0.0412507
4.31 0.0405598
4.32 0.0398765
4.33 0.0392007
4.34 0.0385325
4.35 0.0378719
4.36 0.0372189
4.37 0.0365734
4.38 0.0359356
4.39 0.0353053
4.4 0.0346825
4.41 0.0340673
4.42 0.0334597
4.43 0.0328595
4.44 0.0322669
4.45 0.0316818
4.46 0.0311042
4.47 0.030534
4.48 0.0299713
4.49 0.0294159
4.5 0.0288679
4.51 0.0283273
4.52 0.027794
4.53 0.027268
4.54 0.0267493
4.55 0.0262378
4.56 0.0257335
4.57 0.0252363
4.58 0.0247462
4.59 0.0242632
4.6 0.0237872
4.61 0.0233182
4.62 0.0228562
4.63 0.022401
4.64 0.0219527
4.65 0.0215112
4.66 0.0210765
4.67 0.0206485
4.68 0.0202271
4.69 0.0198123
4.7 0.019404
4.71 0.0190023
4.72 0.018607
4.73 0.0182181
4.74 0.0178355
4.75 0.0174591
4.76 0.017089
4.77 0.0167251
4.78 0.0163672
4.79 0.0160154
4.8 0.0156696
4.81 0.0153297
4.82 0.0149957
4.83 0.0146674
4.84 0.0143449
4.85 0.0140281
4.86 0.0137168
4.87 0.0134112
4.88 0.013111
4.89 0.0128162
4.9 0.0125268
4.91 0.0122427
4.92 0.0119638
4.93 0.0116902
4.94 0.0114216
4.95 0.011158
4.96 0.0108995
4.97 0.0106458
4.98 0.010397
4.99 0.010153
5 0.00991374
5.01 0.00967912
5.02 0.0094491
5.03 0.00922362
5.04 0.0090026
5.05 0.008786
5.06 0.00857374
5.07 0.00836576
5.08 0.00816201
5.09 0.00796241
5.1 0.0077669
5.11 0.00757544
5.12 0.00738794
5.13 0.00720436
5.14 0.00702463
5.15 0.00684869
5.16 0.00667649
5.17 0.00650796
5.18 0.00634304
5.19 0.00618167
5.2 0.0060238
5.21 0.00586937
5.22 0.00571832
5.23 0.0055706
5.24 0.00542614
5.25 0.00528489
5.26 0.0051468
5.27 0.00501182
5.28 0.00487988
5.29 0.00475093
5.3 0.00462492
5.31 0.0045018
5.32 0.00438152
5.33 0.00426402
5.34 0.00414924
5.35 0.00403715
5.36 0.0039277
5.37 0.00382082
5.38 0.00371647
5.39 0.00361461
5.4 0.00351519
5.41 0.00341816
5.42 0.00332346
5.43 0.00323107
5.44 0.00314092
5.45 0.00305299
5.46 0.00296721
5.47 0.00288355
5.48 0.00280197
5.49 0.00272242
5.5 0.00264486
5.51 0.00256925
5.52 0.00249555
5.53 0.00242372
5.54 0.00235372
5.55 0.00228551
5.56 0.00221905
5.57 0.00215431
5.58 0.00209125
5.59 0.00202982
5.6 0.00197
5.61 0.00191175
5.62 0.00185503
5.63 0.00179982
5.64 0.00174607
5.65 0.00169376
5.66 0.00164284
5.67 0.0015933
5.68 0.0015451
5.69 0.0014982
5.7 0.00145257
5.71 0.0014082
5.72 0.00136504
5.73 0.00132307
5.74 0.00128226
5.75 0.00124259
5.76 0.00120402
5.77 0.00116653
5.78 0.00113009
5.79 0.00109468
5.8 0.00106028
5.81 0.00102685
5.82 0.000994369
5.83 0.000962822
5.84 0.000932182
5.85 0.000902426
5.86 0.000873531
5.87 0.000845476
5.88 0.000818239
5.89 0.0007918
5.9 0.000766137
5.91 0.000741231
5.92 0.000717063
5.93 0.000693612
5.94 0.00067086
5.95 0.000648789
5.96 0.000627381
5.97 0.000606617
5.98 0.000586482
5.99 0.000566957
