-6 2.14029e-06
-5.99 2.24272e-06
-5.98 2.34982e-06
-5.97 2.46179e-06
-5.96 2.57884e-06
-5.95 2.70118e-06
-5.94 2.82904e-06
-5.93 2.96265e-06
-5.92 3.10227e-06
-5.91 3.24814e-06
-5.9 3.40053e-06
-5.89 3.55971e-06
-5.88 3.72597e-06
-5.87 3.8996e-06
-5.86 4.08092e-06
-5.85 4.27024e-06
-5.84 4.4679e-06
-5.83 4.67423e-06
-5.82 4.88961e-06
-5.81 5.1144e-06
-5.8 5.34899e-06
-5.79 5.59377e-06
-5.78 5.84917e-06
-5.77 6.11563e-06
-5.76 6.39358e-06
-5.75 6.68349e-06
-5.74 6.98585e-06
-5.73 7.30115e-06
-5.72 7.62993e-06
-5.71 7.97271e-06
-5.7 8.33005e-06
-5.69 8.70255e-06
-5.68 9.09078e-06
-5.67 9.49539e-06
-5.66 9.91701e-06
-5.65 1.03563e-05
-5.64 1.0814e-05
-5.63 1.12908e-05
-5.62 1.17874e-05
-5.61 1.23046e-05
-5.6 1.28433e-05
-5.59 1.34041e-05
-5.58 1.39881e-05
-5.57 1.45961e-05
-5.56 1.52289e-05
-5.55 1.58876e-05
-5.54 1.65731e-05
-5.53 1.72865e-05
-5.52 1.80288e-05
-5.51 1.88011e-05
-5.5 1.96044e-05
-5.49 2.04401e-05
-5.48 2.13093e-05
-5.47 2.22131e-05
-5.46 2.31531e-05
-5.45 2.41303e-05
-5.44 2.51463e-05
-5.43 2.62025e-05
-5.42 2.73002e-05
-5.41 2.84412e-05
-5.4 2.96268e-05
-5.39 3.08588e-05
-5.38 3.21387e-05
-5.37 3.34685e-05
-5.36 3.48497e-05
-5.35 3.62843e-05
-5.34 3.77742e-05
-5.33 3.93213e-05
-5.32 4.09277e-05
-5.31 4.25955e-05
-5.3 4.43268e-05
-5.29 4.61238e-05
-5.28 4.79889e-05
-5.27 4.99244e-05
-5.26 5.19327e-05
-5.25 5.40164e-05
-5.24 5.61782e-05
-5.23 5.84205e-05
-5.22 6.07463e-05
-5.21 6.31584e-05
-5.2 6.56597e-05
-5.19 6.82532e-05
-5.18 7.0942e-05
-5.17 7.37294e-05
-5.16 7.66186e-05
-5.15 7.96131e-05
-5.14 8.27163e-05
-5.13 8.59319e-05
-5.12 8.92635e-05
-5.11 9.27151e-05
-5.1 9.62904e-05
-5.09 9.99936e-05
-5.08 0.000103829
-5.07 0.0001078
-5.06 0.000111913
-5.05 0.00011617
-5.04 0.000120577
-5.03 0.00012514
-5.02 0.000129861
-5.01 0.000134748
-5 0.000139804
-4.99 0.000145035
-4.98 0.000150447
-4.97 0.000156046
-4.96 0.000161836
-4.95 0.000167825
-4.94 0.000174018
-4.93 0.000180421
-4.92 0.000187041
-4.91 0.000193884
-4.9 0.000200958
-4.89 0.00020827
-4.88 0.000215825
-4.87 0.000223632
-4.86 0.000231699
-4.85 0.000240032
-4.84 0.00024864
-4.83 0.000257531
-4.82 0.000266714
-4.81 0.000276196
-4.8 0.000285986
-4.79 0.000296094
-4.78 0.000306529
-4.77 0.000317299
-4.76 0.000328415
-4.75 0.000339887
-4.74 0.000351724
-4.73 0.000363937
-4.72 0.000376536
-4.71 0.000389532
-4.7 0.000402937
-4.69 0.000416761
-4.68 0.000431016
-4.67 0.000445714
-4.66 0.000460867
-4.65 0.000476488
-4.64 0.000492589
-4.63 0.000509183
-4.62 0.000526283
-4.61 0.000543903
-4.6 0.000562057
-4.59 0.000580759
-4.58 0.000600023
-4.57 0.000619863
-4.56 0.000640296
-4.55 0.000661336
-4.54 0.000682999
-4.53 0.000705302
-4.52 0.000728259
-4.51 0.000751888
-4.5 0.000776207
-4.49 0.000801232
-4.48 0.000826981
-4.47 0.000853472
-4.46 0.000880723
-4.45 0.000908754
-4.44 0.000937582
-4.43 0.000967229
-4.42 0.000997713
-4.41 0.00102906
-4.4 0.00106128
-4.39 0.0010944
-4.38 0.00112844
-4.37 0.00116342
-4.36 0.00119937
-4.35 0.0012363
-4.34 0.00127425
-4.33 0.00131322
-4.32 0.00135326
-4.31 0.00139437
-4.3 0.00143659
-4.29 0.00147995
-4.28 0.00152445
-4.27 0.00157014
-4.26 0.00161704
-4.25 0.00166517
-4.24 0.00171456
-4.23 0.00176524
-4.22 0.00181724
-4.21 0.00187058
-4.2 0.00192529
-4.19 0.00198141
-4.18 0.00203896
-4.17 0.00209797
-4.16 0.00215847
-4.15 0.00222049
-4.14 0.00228407
-4.13 0.00234924
-4.12 0.00241602
-4.11 0.00248445
-4.1 0.00255457
-4.09 0.0026264
-4.08 0.00269998
-4.07 0.00277534
-4.06 0.00285253
-4.05 0.00293157
-4.04 0.0030125
-4.03 0.00309535
-4.02 0.00318016
-4.01 0.00326697
-4 0.00335582
-3.99 0.00344674
-3.98 0.00353977
-3.97 0.00363495
-3.96 0.00373231
-3.95 0.0038319
-3.94 0.00393375
-3.93 0.00403791
-3.92 0.00414441
-3.91 0.0042533
-3.9 0.00436461
-3.89 0.00447839
-3.88 0.00459468
-3.87 0.00471352
-3.86 0.00483495
-3.85 0.00495901
-3.84 0.00508575
-3.83 0.00521521
-3.82 0.00534743
-3.81 0.00548246
-3.8 0.00562034
-3.79 0.00576111
-3.78 0.00590482
-3.77 0.00605151
-3.76 0.00620124
-3.75 0.00635403
-3.74 0.00650994
-3.73 0.00666901
-3.72 0.00683129
-3.71 0.00699682
-3.7 0.00716566
-3.69 0.00733783
-3.68 0.0075134
-3.67 0.00769241
-3.66 0.00787489
-3.65 0.00806091
-3.64 0.0082505
-3.63 0.00844372
-3.62 0.0086406
-3.61 0.0088412
-3.6 0.00904555
-3.59 0.00925371
-3.58 0.00946573
-3.57 0.00968164
-3.56 0.0099015
-3.55 0.0101254
-3.54 0.0103532
-3.53 0.0105852
-3.52 0.0108213
-3.51 0.0110616
-3.5 0.0113061
-3.49 0.0115548
-3.48 0.0118079
-3.47 0.0120653
-3.46 0.0123271
-3.45 0.0125933
-3.44 0.0128641
-3.43 0.0131393
-3.42 0.0134191
-3.41 0.0137036
-3.4 0.0139927
-3.39 0.0142865
-3.38 0.014585
-3.37 0.0148883
-3.36 0.0151964
-3.35 0.0155094
-3.34 0.0158272
-3.33 0.01615
-3.32 0.0164778
-3.31 0.0168105
-3.3 0.0171484
-3.29 0.0174913
-3.28 0.0178393
-3.27 0.0181924
-3.26 0.0185508
-3.25 0.0189143
-3.24 0.0192832
-3.23 0.0196573
-3.22 0.0200367
-3.21 0.0204214
-3.2 0.0208115
-3.19 0.021207
-3.18 0.0216079
-3.17 0.0220143
-3.16 0.0224262
-3.15 0.0228435
-3.14 0.0232664
-3.13 0.0236948
-3.12 0.0241288
-3.11 0.0245684
-3.1 0.0250136
-3.09 0.0254644
-3.08 0.0259209
-3.07 0.026383
-3.06 0.0268507
-3.05 0.0273242
-3.04 0.0278033
-3.03 0.0282882
-3.02 0.0287788
-3.01 0.0292751
-3 0.0297772
-2.99 0.0302849
-2.98 0.0307985
-2.97 0.0313177
-2.96 0.0318428
-2.95 0.0323736
-2.94 0.0329101
-2.93 0.0334524
-2.92 0.0340005
-2.91 0.0345543
-2.9 0.0351138
-2.89 0.0356791
-2.88 0.0362501
-2.87 0.0368268
-2.86 0.0374092
-2.85 0.0379973
-2.84 0.0385911
-2.83 0.0391906
-2.82 0.0397958
-2.81 0.0404065
-2.8 0.0410229
-2.79 0.0416449
-2.78 0.0422725
-2.77 0.0429056
-2.76 0.0435443
-2.75 0.0441885
-2.74 0.0448382
-2.73 0.0454933
-2.72 0.0461539
-2.71 0.0468198
-2.7 0.0474912
-2.69 0.0481678
-2.68 0.0488498
-2.67 0.0495371
-2.66 0.0502296
-2.65 0.0509273
-2.64 0.0516302
-2.63 0.0523382
-2.62 0.0530513
-2.61 0.0537694
-2.6 0.0544926
-2.59 0.0552207
-2.58 0.0559538
-2.57 0.0566917
-2.56 0.0574345
-2.55 0.0581821
-2.54 0.0589344
-2.53 0.0596915
-2.52 0.0604531
-2.51 0.0612195
-2.5 0.0619903
-2.49 0.0627657
-2.48 0.0635455
-2.47 0.0643298
-2.46 0.0651184
-2.45 0.0659113
-2.44 0.0667085
-2.43 0.06751
-2.42 0.0683155
-2.41 0.0691252
-2.4 0.0699389
-2.39 0.0707567
-2.38 0.0715784
-2.37 0.072404
-2.36 0.0732335
-2.35 0.0740667
-2.34 0.0749038
-2.33 0.0757445
-2.32 0.0765888
-2.31 0.0774368
-2.3 0.0782883
-2.29 0.0791433
-2.28 0.0800017
-2.27 0.0808636
-2.26 0.0817288
-2.25 0.0825973
-2.24 0.0834691
-2.23 0.084344
-2.22 0.0852222
-2.21 0.0861034
-2.2 0.0869878
-2.19 0.0878751
-2.18 0.0887655
-2.17 0.0896588
-2.16 0.090555
-2.15 0.0914541
-2.14 0.092356
-2.13 0.0932608
-2.12 0.0941682
-2.11 0.0950785
-2.1 0.0959914
-2.09 0.0969069
-2.08 0.0978251
-2.07 0.0987459
-2.06 0.0996693
-2.05 0.100595
-2.04 0.101524
-2.03 0.102455
-2.02 0.103388
-2.01 0.104324
-2 0.105262
-1.99 0.106203
-1.98 0.107146
-1.97 0.108092
-1.96 0.10904
-1.95 0.10999
-1.94 0.110943
-1.93 0.111898
-1.92 0.112855
-1.91 0.113815
-1.9 0.114777
-1.89 0.115742
-1.88 0.116708
-1.87 0.117678
-1.86 0.118649
-1.85 0.119623
-1.84 0.120599
-1.83 0.121578
-1.82 0.122559
-1.81 0.123542
-1.8 0.124528
-1.79 0.125517
-1.78 0.126507
-1.77 0.127501
-1.76 0.128496
-1.75 0.129494
-1.74 0.130495
-1.73 0.131499
-1.72 0.132504
-1.71 0.133513
-1.7 0.134524
-1.69 0.135538
-1.68 0.136554
-1.67 0.137574
-1.66 0.138596
-1.65 0.13962
-1.64 0.140648
-1.63 0.141678
-1.62 0.142712
-1.61 0.143748
-1.6 0.144787
-1.59 0.145829
-1.58 0.146874
-1.57 0.147922
-1.56 0.148974
-1.55 0.150028
-1.54 0.151085
-1.53 0.152146
-1.52 0.15321
-1.51 0.154277
-1.5 0.155347
-1.49 0.156421
-1.48 0.157498
-1.47 0.158578
-1.46 0.159662
-1.45 0.160749
-1.44 0.16184
-1.43 0.162934
-1.42 0.164031
-1.41 0.165132
-1.4 0.166237
-1.39 0.167345
-1.38 0.168456
-1.37 0.169571
-1.36 0.17069
-1.35 0.171812
-1.34 0.172937
-1.33 0.174066
-1.32 0.175199
-1.31 0.176335
-1.3 0.177475
-1.29 0.178618
-1.28 0.179765
-1.27 0.180915
-1.26 0.182069
-1.25 0.183226
-1.24 0.184386
-1.23 0.18555
-1.22 0.186717
-1.21 0.187888
-1.2 0.189061
-1.19 0.190238
-1.18 0.191418
-1.17 0.1926
-1.16 0.193786
-1.15 0.194975
-1.14 0.196166
-1.13 0.19736
-1.12 0.198557
-1.11 0.199756
-1.1 0.200958
-1.09 0.202162
-1.08 0.203369
-1.07 0.204577
-1.06 0.205787
-1.05 0.207
-1.04 0.208214
-1.03 0.209429
-1.02 0.210646
-1.01 0.211865
-1 0.213084
-0.99 0.214305
-0.98 0.215526
-0.97 0.216748
-0.96 0.217971
-0.95 0.219193
-0.94 0.220416
-0.93 0.221639
-0.92 0.222862
-0.91 0.224084
-0.9 0.225305
-0.89 0.226525
-0.88 0.227744
-0.87 0.228962
-0.86 0.230178
-0.85 0.231393
-0.84 0.232605
-0.83 0.233815
-0.82 0.235022
-0.81 0.236227
-0.8 0.237428
-0.79 0.238626
-0.78 0.239821
-0.77 0.241011
-0.76 0.242197
-0.75 0.243379
-0.74 0.244556
-0.73 0.245728
-0.72 0.246894
-0.71 0.248055
-0.7 0.24921
-0.69 0.250358
-0.68 0.2515
-0.67 0.252635
-0.66 0.253763
-0.65 0.254883
-0.64 0.255995
-0.63 0.2571
-0.62 0.258195
-0.61 0.259282
-0.6 0.26036
-0.59 0.261428
-0.58 0.262486
-0.57 0.263534
-0.56 0.264572
-0.55 0.265599
-0.54 0.266614
-0.53 0.267619
-0.52 0.268611
-0.51 0.269591
-0.5 0.270559
-0.49 0.271514
-0.48 0.272456
-0.47 0.273384
-0.46 0.274299
-0.45 0.275199
-0.44 0.276085
-0.43 0.276957
-0.42 0.277813
-0.41 0.278654
-0.4 0.279479
-0.39 0.280288
-0.38 0.281081
-0.37 0.281858
-0.36 0.282617
-0.35 0.283359
-0.34 0.284084
-0.33 0.284792
-0.32 0.285481
-0.31 0.286152
-0.3 0.286804
-0.29 0.287438
-0.28 0.288053
-0.27 0.288648
-0.26 0.289224
-0.25 0.28978
-0.24 0.290316
-0.23 0.290832
-0.22 0.291328
-0.21 0.291803
-0.2 0.292257
-0.19 0.292691
-0.18 0.293103
-0.17 0.293494
-0.16 0.293864
-0.15 0.294211
-0.14 0.294538
-0.13 0.294842
-0.12 0.295124
-0.11 0.295384
-0.1 0.295622
-0.09 0.295837
-0.08 0.29603
-0.07 0.296201
-0.06 0.296349
-0.05 0.296474
-0.04 0.296577
-0.03 0.296656
-0.02 0.296713
-0.01 0.296748
0 0.296759
0.01 0.296748
0.02 0.296713
0.03 0.296656
0.04 0.296577
0.05 0.296474
0.06 0.296349
0.07 0.296201
0.08 0.29603
0.09 0.295837
0.1 0.295622
0.11 0.295384
0.12 0.295124
0.13 0.294842
0.14 0.294538
0.15 0.294211
0.16 0.293864
0.17 0.293494
0.18 0.293103
0.19 0.292691
0.2 0.292257
0.21 0.291803
0.22 0.291328
0.23 0.290832
0.24 0.290316
0.25 0.28978
0.26 0.289224
0.27 0.288648
0.28 0.288053
0.29 0.287438
0.3 0.286804
0.31 0.286152
0.32 0.285481
0.33 0.284792
0.34 0.284084
0.35 0.283359
0.36 0.282617
0.37 0.281858
0.38 0.281081
0.39 0.280288
0.4 0.279479
0.41 0.278654
0.42 0.277813
0.43 0.276957
0.44 0.276085
0.45 0.275199
0.46 0.274299
0.47 0.273384
0.48 0.272456
0.49 0.271514
0.5 0.270559
0.51 0.269591
0.52 0.268611
0.53 0.267619
0.54 0.266614
0.55 0.265599
0.56 0.264572
0.57 0.263534
0.58 0.262486
0.59 0.261428
0.6 0.26036
0.61 0.259282
0.62 0.258195
0.63 0.2571
0.64 0.255995
0.65 0.254883
0.66 0.253763
0.67 0.252635
0.68 0.2515
0.69 0.250358
0.7 0.24921
0.71 0.248055
0.72 0.246894
0.73 0.245728
0.74 0.244556
0.75 0.243379
0.76 0.242197
0.77 0.241011
0.78 0.239821
0.79 0.238626
0.8 0.237428
0.81 0.236227
0.82 0.235022
0.83 0.233815
0.84 0.232605
0.85 0.231393
0.86 0.230178
0.87 0.228962
0.88 0.227744
0.89 0.226525
0.9 0.225305
0.91 0.224084
0.92 0.222862
0.93 0.221639
0.94 0.220416
0.95 0.219193
0.96 0.217971
0.97 0.216748
0.98 0.215526
0.99 0.214305
1 0.213084
1.01 0.211865
1.02 0.210646
1.03 0.209429
1.04 0.208214
1.05 0.207
1.06 0.205787
1.07 0.204577
1.08 0.203369
1.09 0.202162
1.1 0.200958
1.11 0.199756
1.12 0.198557
1.13 0.19736
1.14 0.196166
1.15 0.194975
1.16 0.193786
1.17 0.1926
1.18 0.191418
1.19 0.190238
1.2 0.189061
1.21 0.187888
1.22 0.186717
1.23 0.18555
1.24 0.184386
1.25 0.183226
1.26 0.182069
1.27 0.180915
1.28 0.179765
1.29 0.178618
1.3 0.177475
1.31 0.176335
1.32 0.175199
1.33 0.174066
1.34 0.172937
1.35 0.171812
1.36 0.17069
1.37 0.169571
1.38 0.168456
1.39 0.167345
1.4 0.166237
1.41 0.165132
1.42 0.164031
1.43 0.162934
1.44 0.16184
1.45 0.160749
1.46 0.159662
1.47 0.158578
1.48 0.157498
1.49 0.156421
1.5 0.155347
1.51 0.154277
1.52 0.15321
1.53 0.152146
1.54 0.151085
1.55 0.150028
1.56 0.148974
1.57 0.147922
1.58 0.146874
1.59 0.145829
1.6 0.144787
1.61 0.143748
1.62 0.142712
1.63 0.141678
1.64 0.140648
1.65 0.13962
1.66 0.138596
1.67 0.137574
1.68 0.136554
1.69 0.135538
1.7 0.134524
1.71 0.133513
1.72 0.132504
1.73 0.131499
1.74 0.130495
1.75 0.129494
1.76 0.128496
1.77 0.127501
1.78 0.126507
1.79 0.125517
1.8 0.124528
1.81 0.123542
1.82 0.122559
1.83 0.121578
1.84 0.120599
1.85 0.119623
1.86 0.118649
1.87 0.117678
1.88 0.116708
1.89 0.115742
1.9 0.114777
1.91 0.113815
1.92 0.112855
1.93 0.111898
1.94 0.110943
1.95 0.10999
1.96 0.10904
1.97 0.108092
1.98 0.107146
1.99 0.106203
2 0.105262
2.01 0.104324
2.02 0.103388
2.03 0.102455
2.04 0.101524
2.05 0.100595
2.06 0.0996693
2.07 0.0987459
2.08 0.0978251
2.09 0.0969069
2.1 0.0959914
2.11 0.0950785
2.12 0.0941682
2.13 0.0932608
2.14 0.092356
2.15 0.0914541
2.16 0.090555
2.17 0.0896588
2.18 0.0887655
2.19 0.0878751
2.2 0.0869878
2.21 0.0861034
2.22 0.0852222
2.23 0.084344
2.24 0.0834691
2.25 0.0825973
2.26 0.0817288
2.27 0.0808636
2.28 0.0800017
2.29 0.0791433
2.3 0.0782883
2.31 0.0774368
2.32 0.0765888
2.33 0.0757445
2.34 0.0749038
2.35 0.0740667
2.36 0.0732335
2.37 0.072404
2.38 0.0715784
2.39 0.0707567
2.4 0.0699389
2.41 0.0691252
2.42 0.0683155
2.43 0.06751
2.44 0.0667085
2.45 0.0659113
2.46 0.0651184
2.47 0.0643298
2.48 0.0635455
2.49 0.0627657
2.5 0.0619903
2.51 0.0612195
2.52 0.0604531
2.53 0.0596915
2.54 0.0589344
2.55 0.0581821
2.56 0.0574345
2.57 0.0566917
2.58 0.0559538
2.59 0.0552207
2.6 0.0544926
2.61 0.0537694
2.62 0.0530513
2.63 0.0523382
2.64 0.0516302
2.65 0.0509273
2.66 0.0502296
2.67 0.0495371
2.68 0.0488498
2.69 0.0481678
2.7 0.0474912
2.71 0.0468198
2.72 0.0461539
2.73 0.0454933
2.74 0.0448382
2.75 0.0441885
2.76 0.0435443
2.77 0.0429056
2.78 0.0422725
2.79 0.0416449
2.8 0.0410229
2.81 0.0404065
2.82 0.0397958
2.83 0.0391906
2.84 0.0385911
2.85 0.0379973
2.86 0.0374092
2.87 0.0368268
2.88 0.0362501
2.89 0.0356791
2.9 0.0351138
2.91 0.0345543
2.92 0.0340005
2.93 0.0334524
2.94 0.0329101
2.95 0.0323736
2.96 0.0318428
2.97 0.0313177
2.98 0.0307985
2.99 0.0302849
3 0.0297772
3.01 0.0292751
3.02 0.0287788
3.03 0.0282882
3.04 0.0278033
3.05 0.0273242
3.06 0.0268507
3.07 0.026383
3.08 0.0259209
3.09 0.0254644
3.1 0.0250136
3.11 0.0245684
3.12 0.0241288
3.13 0.0236948
3.14 0.0232664
3.15 0.0228435
3.16 0.0224262
3.17 0.0220143
3.18 0.0216079
3.19 0.021207
3.2 0.0208115
3.21 0.0204214
3.22 0.0200367
3.23 0.0196573
3.24 0.0192832
3.25 0.0189143
3.26 0.0185508
3.27 0.0181924
3.28 0.0178393
3.29 0.0174913
3.3 0.0171484
3.31 0.0168105
3.32 0.0164778
3.33 0.01615
3.34 0.0158272
3.35 0.0155094
3.36 0.0151964
3.37 0.0148883
3.38 0.014585
3.39 0.0142865
3.4 0.0139927
3.41 0.0137036
3.42 0.0134191
3.43 0.0131393
3.44 0.0128641
3.45 0.0125933
3.46 0.0123271
3.47 0.0120653
3.48 0.0118079
3.49 0.0115548
3.5 0.0113061
3.51 0.0110616
3.52 0.0108213
3.53 0.0105852
3.54 0.0103532
3.55 0.0101254
3.56 0.0099015
3.57 0.00968164
3.58 0.00946573
3.59 0.00925371
3.6 0.00904555
3.61 0.0088412
3.62 0.0086406
3.63 0.00844372
3.64 0.0082505
3.65 0.00806091
3.66 0.00787489
3.67 0.00769241
3.68 0.0075134
3.69 0.00733783
3.7 0.00716566
3.71 0.00699682
3.72 0.00683129
3.73 0.00666901
3.74 0.00650994
3.75 0.00635403
3.76 0.00620124
3.77 0.00605151
3.78 0.00590482
3.79 0.00576111
3.8 0.00562034
3.81 0.00548246
3.82 0.00534743
3.83 0.00521521
3.84 0.00508575
3.85 0.00495901
3.86 0.00483495
3.87 0.00471352
3.88 0.00459468
3.89 0.00447839
3.9 0.00436461
3.91 0.0042533
3.92 0.00414441
3.93 0.00403791
3.94 0.00393375
3.95 0.0038319
3.96 0.00373231
3.97 0.00363495
3.98 0.00353977
3.99 0.00344674
4 0.00335582
4.01 0.00326697
4.02 0.00318016
4.03 0.00309535
4.04 0.0030125
4.05 0.00293157
4.06 0.00285253
4.07 0.00277534
4.08 0.00269998
4.09 0.0026264
4.1 0.00255457
4.11 0.00248445
4.12 0.00241602
4.13 0.00234924
4.14 0.00228407
4.15 0.00222049
4.16 0.00215847
4.17 0.00209797
4.18 0.00203896
4.19 0.00198141
4.2 0.00192529
4.21 0.00187058
4.22 0.00181724
4.23 0.00176524
4.24 0.00171456
4.25 0.00166517
4.26 0.00161704
4.27 0.00157014
4.28 0.00152445
4.29 0.00147995
4.3 0.00143659
4.31 0.00139437
4.32 0.00135326
4.33 0.00131322
4.34 0.00127425
4.35 0.0012363
4.36 0.00119937
4.37 0.00116342
4.38 0.00112844
4.39 0.0010944
4.4 0.00106128
4.41 0.00102906
4.42 0.000997713
4.43 0.000967229
4.44 0.000937582
4.45 0.000908754
4.46 0.000880723
4.47 0.000853472
4.48 0.000826981
4.49 0.000801232
4.5 0.000776207
4.51 0.000751888
4.52 0.000728259
4.53 0.000705302
4.54 0.000682999
4.55 0.000661336
4.56 0.000640296
4.57 0.000619863
4.58 0.000600023
4.59 0.000580759
4.6 0.000562057
4.61 0.000543903
4.62 0.000526283
4.63 0.000509183
4.64 0.000492589
4.65 0.000476488
4.66 0.000460867
4.67 0.000445714
4.68 0.000431016
4.69 0.000416761
4.7 0.000402937
4.71 0.000389532
4.72 0.000376536
4.73 0.000363937
4.74 0.000351724
4.75 0.000339887
4.76 0.000328415
4.77 0.000317299
4.78 0.000306529
4.79 0.000296094
4.8 0.000285986
4.81 0.000276196
4.82 0.000266714
4.83 0.000257531
4.84 0.00024864
4.85 0.000240032
4.86 0.000231699
4.87 0.000223632
4.88 0.000215825
4.89 0.00020827
4.9 0.000200958
4.91 0.000193884
4.92 0.000187041
4.93 0.000180421
4.94 0.000174018
4.95 0.000167825
4.96 0.000161836
4.97 0.000156046
4.98 0.000150447
4.99 0.000145035
5 0.000139804
5.01 0.000134748
5.02 0.000129861
5.03 0.00012514
5.04 0.000120577
5.05 0.00011617
5.06 0.000111913
5.07 0.0001078
5.08 0.000103829
5.09 9.99936e-05
5.1 9.62904e-05
5.11 9.27151e-05
5.12 8.92635e-05
5.13 8.59319e-05
5.14 8.27163e-05
5.15 7.96131e-05
5.16 7.66186e-05
5.17 7.37294e-05
5.18 7.0942e-05
5.19 6.82532e-05
5.2 6.56597e-05
5.21 6.31584e-05
5.22 6.07463e-05
5.23 5.84205e-05
5.24 5.61782e-05
5.25 5.40164e-05
5.26 5.19327e-05
5.27 4.99244e-05
5.28 4.79889e-05
5.29 4.61238e-05
5.3 4.43268e-05
5.31 4.25955e-05
5.32 4.09277e-05
5.33 3.93213e-05
5.34 3.77742e-05
5.35 3.62843e-05
5.36 3.48497e-05
5.37 3.34685e-05
5.38 3.21387e-05
5.39 3.08588e-05
5.4 2.96268e-05
5.41 2.84412e-05
5.42 2.73002e-05
5.43 2.62025e-05
5.44 2.51463e-05
5.45 2.41303e-05
5.46 2.31531e-05
5.47 2.22131e-05
5.48 2.13093e-05
5.49 2.04401e-05
5.5 1.96044e-05
5.51 1.88011e-05
5.52 1.80288e-05
5.53 1.72865e-05
5.54 1.65731e-05
5.55 1.58876e-05
5.56 1.52289e-05
5.57 1.45961e-05
5.58 1.39881e-05
5.59 1.34041e-05
5.6 1.28433e-05
5.61 1.23046e-05
5.62 1.17874e-05
5.63 1.12908e-05
5.64 1.0814e-05
5.65 1.03563e-05
5.66 9.91701e-06
5.67 9.49539e-06
5.68 9.09078e-06
5.69 8.70255e-06
5.7 8.33005e-06
5.71 7.97271e-06
5.72 7.62993e-06
5.73 7.30115e-06
5.74 6.98585e-06
5.75 6.68349e-06
5.76 6.39358e-06
5.77 6.11563e-06
5.78 5.84917e-06
5.79 5.59377e-06
5.8 5.34899e-06
5.81 5.1144e-06
5.82 4.88961e-06
5.83 4.67423e-06
5.84 4.4679e-06
5.85 4.27024e-06
5.86 4.08092e-06
5.87 3.8996e-06
5.88 3.72597e-06
5.89 3.55971e-06
5.9 3.40053e-06
5.91 3.24814e-06
5.92 3.10227e-06
5.93 2.96265e-06
5.94 2.82904e-06
5.95 2.70118e-06
5.96 2.57884e-06
5.97 2.46179e-06
5.98 2.34982e-06
5.99 2.24272e-06
