-6 0.0014521
-5.99 0.0014968
-5.98 0.00154272
-5.97 0.00158989
-5.96 0.00163835
-5.95 0.0016881
-5.94 0.0017392
-5.93 0.00179166
-5.92 0.00184552
-5.91 0.00190081
-5.9 0.00195756
-5.89 0.0020158
-5.88 0.00207556
-5.87 0.00213688
-5.86 0.00219979
-5.85 0.00226433
-5.84 0.00233053
-5.83 0.00239842
-5.82 0.00246804
-5.81 0.00253943
-5.8 0.00261262
-5.79 0.00268765
-5.78 0.00276456
-5.77 0.00284339
-5.76 0.00292416
-5.75 0.00300694
-5.74 0.00309174
-5.73 0.00317862
-5.72 0.00326761
-5.71 0.00335875
-5.7 0.00345209
-5.69 0.00354767
-5.68 0.00364553
-5.67 0.00374572
-5.66 0.00384827
-5.65 0.00395323
-5.64 0.00406064
-5.63 0.00417056
-5.62 0.00428303
-5.61 0.00439808
-5.6 0.00451577
-5.59 0.00463615
-5.58 0.00475926
-5.57 0.00488515
-5.56 0.00501386
-5.55 0.00514545
-5.54 0.00527997
-5.53 0.00541745
-5.52 0.00555796
-5.51 0.00570155
-5.5 0.00584825
-5.49 0.00599813
-5.48 0.00615123
-5.47 0.00630761
-5.46 0.00646732
-5.45 0.0066304
-5.44 0.00679692
-5.43 0.00696692
-5.42 0.00714045
-5.41 0.00731757
-5.4 0.00749834
-5.39 0.0076828
-5.38 0.00787101
-5.37 0.00806302
-5.36 0.00825888
-5.35 0.00845866
-5.34 0.0086624
-5.33 0.00887016
-5.32 0.00908199
-5.31 0.00929795
-5.3 0.00951809
-5.29 0.00974246
-5.28 0.00997113
-5.27 0.0102041
-5.26 0.0104415
-5.25 0.0106834
-5.24 0.0109298
-5.23 0.0111807
-5.22 0.0114362
-5.21 0.0116964
-5.2 0.0119614
-5.19 0.0122311
-5.18 0.0125056
-5.17 0.012785
-5.16 0.0130694
-5.15 0.0133587
-5.14 0.0136531
-5.13 0.0139525
-5.12 0.0142571
-5.11 0.0145669
-5.1 0.014882
-5.09 0.0152023
-5.08 0.0155279
-5.07 0.015859
-5.06 0.0161955
-5.05 0.0165374
-5.04 0.0168849
-5.03 0.017238
-5.02 0.0175967
-5.01 0.017961
-5 0.0183311
-4.99 0.0187069
-4.98 0.0190885
-4.97 0.0194759
-4.96 0.0198692
-4.95 0.0202684
-4.94 0.0206736
-4.93 0.0210848
-4.92 0.021502
-4.91 0.0219252
-4.9 0.0223546
-4.89 0.02279
-4.88 0.0232316
-4.87 0.0236795
-4.86 0.0241335
-4.85 0.0245938
-4.84 0.0250603
-4.83 0.0255331
-4.82 0.0260123
-4.81 0.0264978
-4.8 0.0269896
-4.79 0.0274879
-4.78 0.0279925
-4.77 0.0285035
-4.76 0.029021
-4.75 0.0295449
-4.74 0.0300753
-4.73 0.0306121
-4.72 0.0311553
-4.71 0.0317051
-4.7 0.0322613
-4.69 0.032824
-4.68 0.0333932
-4.67 0.0339689
-4.66 0.034551
-4.65 0.0351396
-4.64 0.0357346
-4.63 0.0363361
-4.62 0.036944
-4.61 0.0375583
-4.6 0.038179
-4.59 0.0388061
-4.58 0.0394396
-4.57 0.0400794
-4.56 0.0407255
-4.55 0.0413779
-4.54 0.0420366
-4.53 0.0427015
-4.52 0.0433725
-4.51 0.0440497
-4.5 0.0447331
-4.49 0.0454224
-4.48 0.0461178
-4.47 0.0468192
-4.46 0.0475265
-4.45 0.0482397
-4.44 0.0489587
-4.43 0.0496834
-4.42 0.0504139
-4.41 0.05115
-4.4 0.0518916
-4.39 0.0526388
-4.38 0.0533914
-4.37 0.0541493
-4.36 0.0549126
-4.35 0.055681
-4.34 0.0564546
-4.33 0.0572333
-4.32 0.0580169
-4.31 0.0588053
-4.3 0.0595986
-4.29 0.0603965
-4.28 0.061199
-4.27 0.062006
-4.26 0.0628174
-4.25 0.0636331
-4.24 0.064453
-4.23 0.0652769
-4.22 0.0661048
-4.21 0.0669366
-4.2 0.0677721
-4.19 0.0686112
-4.18 0.0694537
-4.17 0.0702997
-4.16 0.0711488
-4.15 0.0720011
-4.14 0.0728564
-4.13 0.0737145
-4.12 0.0745753
-4.11 0.0754386
-4.1 0.0763044
-4.09 0.0771725
-4.08 0.0780427
-4.07 0.0789149
-4.06 0.079789
-4.05 0.0806647
-4.04 0.081542
-4.03 0.0824206
-4.02 0.0833005
-4.01 0.0841815
-4 0.0850633
-3.99 0.0859459
-3.98 0.086829
-3.97 0.0877126
-3.96 0.0885964
-3.95 0.0894802
-3.94 0.090364
-3.93 0.0912475
-3.92 0.0921305
-3.91 0.0930129
-3.9 0.0938945
-3.89 0.0947751
-3.88 0.0956545
-3.87 0.0965326
-3.86 0.0974091
-3.85 0.098284
-3.84 0.0991569
-3.83 0.100028
-3.82 0.100896
-3.81 0.101763
-3.8 0.102626
-3.79 0.103487
-3.78 0.104344
-3.77 0.105199
-3.76 0.10605
-3.75 0.106897
-3.74 0.107741
-3.73 0.108581
-3.72 0.109416
-3.71 0.110248
-3.7 0.111074
-3.69 0.111896
-3.68 0.112713
-3.67 0.113525
-3.66 0.114332
-3.65 0.115133
-3.64 0.115928
-3.63 0.116718
-3.62 0.117502
-3.61 0.118279
-3.6 0.11905
-3.59 0.119814
-3.58 0.120572
-3.57 0.121323
-3.56 0.122066
-3.55 0.122802
-3.54 0.123531
-3.53 0.124252
-3.52 0.124965
-3.51 0.12567
-3.5 0.126367
-3.49 0.127056
-3.48 0.127736
-3.47 0.128407
-3.46 0.12907
-3.45 0.129723
-3.44 0.130368
-3.43 0.131003
-3.42 0.131628
-3.41 0.132244
-3.4 0.13285
-3.39 0.133447
-3.38 0.134033
-3.37 0.134609
-3.36 0.135174
-3.35 0.13573
-3.34 0.136274
-3.33 0.136808
-3.32 0.137331
-3.31 0.137843
-3.3 0.138344
-3.29 0.138833
-3.28 0.139312
-3.27 0.139778
-3.26 0.140234
-3.25 0.140677
-3.24 0.141109
-3.23 0.141529
-3.22 0.141938
-3.21 0.142334
-3.2 0.142718
-3.19 0.14309
-3.18 0.143449
-3.17 0.143797
-3.16 0.144131
-3.15 0.144454
-3.14 0.144764
-3.13 0.145061
-3.12 0.145346
-3.11 0.145618
-3.1 0.145877
-3.09 0.146124
-3.08 0.146358
-3.07 0.146579
-3.06 0.146787
-3.05 0.146983
-3.04 0.147165
-3.03 0.147335
-3.02 0.147491
-3.01 0.147635
-3 0.147766
-2.99 0.147884
-2.98 0.14799
-2.97 0.148082
-2.96 0.148161
-2.95 0.148228
-2.94 0.148282
-2.93 0.148323
-2.92 0.148352
-2.91 0.148367
-2.9 0.14837
-2.89 0.148361
-2.88 0.148339
-2.87 0.148305
-2.86 0.148258
-2.85 0.148198
-2.84 0.148127
-2.83 0.148043
-2.82 0.147947
-2.81 0.14784
-2.8 0.14772
-2.79 0.147588
-2.78 0.147445
-2.77 0.14729
-2.76 0.147123
-2.75 0.146945
-2.74 0.146756
-2.73 0.146555
-2.72 0.146343
-2.71 0.14612
-2.7 0.145887
-2.69 0.145643
-2.68 0.145388
-2.67 0.145122
-2.66 0.144847
-2.65 0.144561
-2.64 0.144265
-2.63 0.143959
-2.62 0.143644
-2.61 0.143318
-2.6 0.142984
-2.59 0.14264
-2.58 0.142287
-2.57 0.141926
-2.56 0.141555
-2.55 0.141176
-2.54 0.140788
-2.53 0.140393
-2.52 0.139989
-2.51 0.139577
-2.5 0.139158
-2.49 0.138731
-2.48 0.138297
-2.47 0.137856
-2.46 0.137407
-2.45 0.136952
-2.44 0.136491
-2.43 0.136023
-2.42 0.135549
-2.41 0.135069
-2.4 0.134583
-2.39 0.134092
-2.38 0.133595
-2.37 0.133093
-2.36 0.132587
-2.35 0.132075
-2.34 0.131559
-2.33 0.131039
-2.32 0.130514
-2.31 0.129986
-2.3 0.129454
-2.29 0.128918
-2.28 0.128379
-2.27 0.127837
-2.26 0.127292
-2.25 0.126745
-2.24 0.126195
-2.23 0.125643
-2.22 0.125088
-2.21 0.124532
-2.2 0.123974
-2.19 0.123415
-2.18 0.122855
-2.17 0.122293
-2.16 0.121731
-2.15 0.121168
-2.14 0.120605
-2.13 0.120041
-2.12 0.119477
-2.11 0.118914
-2.1 0.118351
-2.09 0.117788
-2.08 0.117227
-2.07 0.116666
-2.06 0.116106
-2.05 0.115548
-2.04 0.114991
-2.03 0.114436
-2.02 0.113882
-2.01 0.113331
-2 0.112782
-1.99 0.112235
-1.98 0.111691
-1.97 0.11115
-1.96 0.110611
-1.95 0.110076
-1.94 0.109544
-1.93 0.109015
-1.92 0.10849
-1.91 0.107968
-1.9 0.107451
-1.89 0.106937
-1.88 0.106428
-1.87 0.105922
-1.86 0.105422
-1.85 0.104925
-1.84 0.104434
-1.83 0.103947
-1.82 0.103466
-1.81 0.102989
-1.8 0.102518
-1.79 0.102052
-1.78 0.101591
-1.77 0.101136
-1.76 0.100687
-1.75 0.100243
-1.74 0.0998053
-1.73 0.0993735
-1.72 0.0989478
-1.71 0.0985283
-1.7 0.0981151
-1.69 0.0977081
-1.68 0.0973076
-1.67 0.0969136
-1.66 0.0965262
-1.65 0.0961454
-1.64 0.0957714
-1.63 0.0954041
-1.62 0.0950436
-1.61 0.0946901
-1.6 0.0943435
-1.59 0.0940039
-1.58 0.0936714
-1.57 0.0933459
-1.56 0.0930276
-1.55 0.0927165
-1.54 0.0924125
-1.53 0.0921159
-1.52 0.0918264
-1.51 0.0915443
-1.5 0.0912694
-1.49 0.0910019
-1.48 0.0907417
-1.47 0.0904889
-1.46 0.0902434
-1.45 0.0900053
-1.44 0.0897745
-1.43 0.0895511
-1.42 0.089335
-1.41 0.0891263
-1.4 0.0889248
-1.39 0.0887307
-1.38 0.0885439
-1.37 0.0883644
-1.36 0.0881921
-1.35 0.088027
-1.34 0.087869
-1.33 0.0877183
-1.32 0.0875746
-1.31 0.087438
-1.3 0.0873085
-1.29 0.0871859
-1.28 0.0870703
-1.27 0.0869615
-1.26 0.0868596
-1.25 0.0867645
-1.24 0.0866761
-1.23 0.0865943
-1.22 0.0865191
-1.21 0.0864505
-1.2 0.0863883
-1.19 0.0863325
-1.18 0.0862831
-1.17 0.0862398
-1.16 0.0862028
-1.15 0.0861718
-1.14 0.0861469
-1.13 0.0861278
-1.12 0.0861146
-1.11 0.0861072
-1.1 0.0861054
-1.09 0.0861092
-1.08 0.0861185
-1.07 0.0861331
-1.06 0.0861531
-1.05 0.0861782
-1.04 0.0862085
-1.03 0.0862437
-1.02 0.0862838
-1.01 0.0863288
-1 0.0863784
-0.99 0.0864326
-0.98 0.0864912
-0.97 0.0865543
-0.96 0.0866216
-0.95 0.086693
-0.94 0.0867685
-0.93 0.086848
-0.92 0.0869312
-0.91 0.0870181
-0.9 0.0871087
-0.89 0.0872027
-0.88 0.0873001
-0.87 0.0874007
-0.86 0.0875044
-0.85 0.0876112
-0.84 0.0877208
-0.83 0.0878333
-0.82 0.0879483
-0.81 0.088066
-0.8 0.088186
-0.79 0.0883084
-0.78 0.088433
-0.77 0.0885596
-0.76 0.0886882
-0.75 0.0888186
-0.74 0.0889507
-0.73 0.0890845
-0.72 0.0892197
-0.71 0.0893563
-0.7 0.0894941
-0.69 0.0896331
-0.68 0.0897731
-0.67 0.089914
-0.66 0.0900556
-0.65 0.090198
-0.64 0.0903409
-0.63 0.0904842
-0.62 0.0906279
-0.61 0.0907718
-0.6 0.0909158
-0.59 0.0910599
-0.58 0.0912038
-0.57 0.0913475
-0.56 0.0914909
-0.55 0.0916338
-0.54 0.0917763
-0.53 0.091918
-0.52 0.0920591
-0.51 0.0921993
-0.5 0.0923386
-0.49 0.0924769
-0.48 0.092614
-0.47 0.0927498
-0.46 0.0928844
-0.45 0.0930175
-0.44 0.0931492
-0.43 0.0932792
-0.42 0.0934076
-0.41 0.0935341
-0.4 0.0936588
-0.39 0.0937816
-0.38 0.0939024
-0.37 0.094021
-0.36 0.0941374
-0.35 0.0942516
-0.34 0.0943635
-0.33 0.0944729
-0.32 0.0945799
-0.31 0.0946843
-0.3 0.0947861
-0.29 0.0948852
-0.28 0.0949816
-0.27 0.0950751
-0.26 0.0951658
-0.25 0.0952535
-0.24 0.0953383
-0.23 0.09542
-0.22 0.0954986
-0.21 0.0955741
-0.2 0.0956464
-0.19 0.0957155
-0.18 0.0957813
-0.17 0.0958438
-0.16 0.0959029
-0.15 0.0959586
-0.14 0.0960109
-0.13 0.0960597
-0.12 0.096105
-0.11 0.0961468
-0.1 0.0961851
-0.09 0.0962198
-0.08 0.0962509
-0.07 0.0962783
-0.06 0.0963022
-0.05 0.0963224
-0.04 0.0963389
-0.03 0.0963518
-0.02 0.096361
-0.01 0.0963666
0 0.0963684
0.01 0.0963666
0.02 0.096361
0.03 0.0963518
0.04 0.0963389
0.05 0.0963224
0.06 0.0963022
0.07 0.0962783
0.08 0.0962509
0.09 0.0962198
0.1 0.0961851
0.11 0.0961468
0.12 0.096105
0.13 0.0960597
0.14 0.0960109
0.15 0.0959586
0.16 0.0959029
0.17 0.0958438
0.18 0.0957813
0.19 0.0957155
0.2 0.0956464
0.21 0.0955741
0.22 0.0954986
0.23 0.09542
0.24 0.0953383
0.25 0.0952535
0.26 0.0951658
0.27 0.0950751
0.28 0.0949816
0.29 0.0948852
0.3 0.0947861
0.31 0.0946843
0.32 0.0945799
0.33 0.0944729
0.34 0.0943635
0.35 0.0942516
0.36 0.0941374
0.37 0.094021
0.38 0.0939024
0.39 0.0937816
0.4 0.0936588
0.41 0.0935341
0.42 0.0934076
0.43 0.0932792
0.44 0.0931492
0.45 0.0930175
0.46 0.0928844
0.47 0.0927498
0.48 0.092614
0.49 0.0924769
0.5 0.0923386
0.51 0.0921993
0.52 0.0920591
0.53 0.091918
0.54 0.0917763
0.55 0.0916338
0.56 0.0914909
0.57 0.0913475
0.58 0.0912038
0.59 0.0910599
0.6 0.0909158
0.61 0.0907718
0.62 0.0906279
0.63 0.0904842
0.64 0.0903409
0.65 0.090198
0.66 0.0900556
0.67 0.089914
0.68 0.0897731
0.69 0.0896331
0.7 0.0894941
0.71 0.0893563
0.72 0.0892197
0.73 0.0890845
0.74 0.0889507
0.75 0.0888186
0.76 0.0886882
0.77 0.0885596
0.78 0.088433
0.79 0.0883084
0.8 0.088186
0.81 0.088066
0.82 0.0879483
0.83 0.0878333
0.84 0.0877208
0.85 0.0876112
0.86 0.0875044
0.87 0.0874007
0.88 0.0873001
0.89 0.0872027
0.9 0.0871087
0.91 0.0870181
0.92 0.0869312
0.93 0.086848
0.94 0.0867685
0.95 0.086693
0.96 0.0866216
0.97 0.0865543
0.98 0.0864912
0.99 0.0864326
1 0.0863784
1.01 0.0863288
1.02 0.0862838
1.03 0.0862437
1.04 0.0862085
1.05 0.0861782
1.06 0.0861531
1.07 0.0861331
1.08 0.0861185
1.09 0.0861092
1.1 0.0861054
1.11 0.0861072
1.12 0.0861146
1.13 0.0861278
1.14 0.0861469
1.15 0.0861718
1.16 0.0862028
1.17 0.0862398
1.18 0.0862831
1.19 0.0863325
1.2 0.0863883
1.21 0.0864505
1.22 0.0865191
1.23 0.0865943
1.24 0.0866761
1.25 0.0867645
1.26 0.0868596
1.27 0.0869615
1.28 0.0870703
1.29 0.0871859
1.3 0.0873085
1.31 0.087438
1.32 0.0875746
1.33 0.0877183
1.34 0.087869
1.35 0.088027
1.36 0.0881921
1.37 0.0883644
1.38 0.0885439
1.39 0.0887307
1.4 0.0889248
1.41 0.0891263
1.42 0.089335
1.43 0.0895511
1.44 0.0897745
1.45 0.0900053
1.46 0.0902434
1.47 0.0904889
1.48 0.0907417
1.49 0.0910019
1.5 0.0912694
1.51 0.0915443
1.52 0.0918264
1.53 0.0921159
1.54 0.0924125
1.55 0.0927165
1.56 0.0930276
1.57 0.0933459
1.58 0.0936714
1.59 0.0940039
1.6 0.0943435
1.61 0.0946901
1.62 0.0950436
1.63 0.0954041
1.64 0.0957714
1.65 0.0961454
1.66 0.0965262
1.67 0.0969136
1.68 0.0973076
1.69 0.0977081
1.7 0.0981151
1.71 0.0985283
1.72 0.0989478
1.73 0.0993735
1.74 0.0998053
1.75 0.100243
1.76 0.100687
1.77 0.101136
1.78 0.101591
1.79 0.102052
1.8 0.102518
1.81 0.102989
1.82 0.103466
1.83 0.103947
1.84 0.104434
1.85 0.104925
1.86 0.105422
1.87 0.105922
1.88 0.106428
1.89 0.106937
1.9 0.107451
1.91 0.107968
1.92 0.10849
1.93 0.109015
1.94 0.109544
1.95 0.110076
1.96 0.110611
1.97 0.11115
1.98 0.111691
1.99 0.112235
2 0.112782
2.01 0.113331
2.02 0.113882
2.03 0.114436
2.04 0.114991
2.05 0.115548
2.06 0.116106
2.07 0.116666
2.08 0.117227
2.09 0.117788
2.1 0.118351
2.11 0.118914
2.12 0.119477
2.13 0.120041
2.14 0.120605
2.15 0.121168
2.16 0.121731
2.17 0.122293
2.18 0.122855
2.19 0.123415
2.2 0.123974
2.21 0.124532
2.22 0.125088
2.23 0.125643
2.24 0.126195
2.25 0.126745
2.26 0.127292
2.27 0.127837
2.28 0.128379
2.29 0.128918
2.3 0.129454
2.31 0.129986
2.32 0.130514
2.33 0.131039
2.34 0.131559
2.35 0.132075
2.36 0.132587
2.37 0.133093
2.38 0.133595
2.39 0.134092
2.4 0.134583
2.41 0.135069
2.42 0.135549
2.43 0.136023
2.44 0.136491
2.45 0.136952
2.46 0.137407
2.47 0.137856
2.48 0.138297
2.49 0.138731
2.5 0.139158
2.51 0.139577
2.52 0.139989
2.53 0.140393
2.54 0.140788
2.55 0.141176
2.56 0.141555
2.57 0.141926
2.58 0.142287
2.59 0.14264
2.6 0.142984
2.61 0.143318
2.62 0.143644
2.63 0.143959
2.64 0.144265
2.65 0.144561
2.66 0.144847
2.67 0.145122
2.68 0.145388
2.69 0.145643
2.7 0.145887
2.71 0.14612
2.72 0.146343
2.73 0.146555
2.74 0.146756
2.75 0.146945
2.76 0.147123
2.77 0.14729
2.78 0.147445
2.79 0.147588
2.8 0.14772
2.81 0.14784
2.82 0.147947
2.83 0.148043
2.84 0.148127
2.85 0.148198
2.86 0.148258
2.87 0.148305
2.88 0.148339
2.89 0.148361
2.9 0.14837
2.91 0.148367
2.92 0.148352
2.93 0.148323
2.94 0.148282
2.95 0.148228
2.96 0.148161
2.97 0.148082
2.98 0.14799
2.99 0.147884
3 0.147766
3.01 0.147635
3.02 0.147491
3.03 0.147335
3.04 0.147165
3.05 0.146983
3.06 0.146787
3.07 0.146579
3.08 0.146358
3.09 0.146124
3.1 0.145877
3.11 0.145618
3.12 0.145346
3.13 0.145061
3.14 0.144764
3.15 0.144454
3.16 0.144131
3.17 0.143797
3.18 0.143449
3.19 0.14309
3.2 0.142718
3.21 0.142334
3.22 0.141938
3.23 0.141529
3.24 0.141109
3.25 0.140677
3.26 0.140234
3.27 0.139778
3.28 0.139312
3.29 0.138833
3.3 0.138344
3.31 0.137843
3.32 0.137331
3.33 0.136808
3.34 0.136274
3.35 0.13573
3.36 0.135174
3.37 0.134609
3.38 0.134033
3.39 0.133447
3.4 0.13285
3.41 0.132244
3.42 0.131628
3.43 0.131003
3.44 0.130368
3.45 0.129723
3.46 0.12907
3.47 0.128407
3.48 0.127736
3.49 0.127056
3.5 0.126367
3.51 0.12567
3.52 0.124965
3.53 0.124252
3.54 0.123531
3.55 0.122802
3.56 0.122066
3.57 0.121323
3.58 0.120572
3.59 0.119814
3.6 0.11905
3.61 0.118279
3.62 0.117502
3.63 0.116718
3.64 0.115928
3.65 0.115133
3.66 0.114332
3.67 0.113525
3.68 0.112713
3.69 0.111896
3.7 0.111074
3.71 0.110248
3.72 0.109416
3.73 0.108581
3.74 0.107741
3.75 0.106897
3.76 0.10605
3.77 0.105199
3.78 0.104344
3.79 0.103487
3.8 0.102626
3.81 0.101763
3.82 0.100896
3.83 0.100028
3.84 0.0991569
3.85 0.098284
3.86 0.0974091
3.87 0.0965326
3.88 0.0956545
3.89 0.0947751
3.9 0.0938945
3.91 0.0930129
3.92 0.0921305
3.93 0.0912475
3.94 0.090364
3.95 0.0894802
3.96 0.0885964
3.97 0.0877126
3.98 0.086829
3.99 0.0859459
4 0.0850633
4.01 0.0841815
4.02 0.0833005
4.03 0.0824206
4.04 0.081542
4.05 0.0806647
4.06 0.079789
4.07 0.0789149
4.08 0.0780427
4.09 0.0771725
4.1 0.0763044
4.11 0.0754386
4.12 0.0745753
4.13 0.0737145
4.14 0.0728564
4.15 0.0720011
4.16 0.0711488
4.17 0.0702997
4.18 0.0694537
4.19 0.0686112
4.2 0.0677721
4.21 0.0669366
4.22 0.0661048
4.23 0.0652769
4.24 0.064453
4.25 0.0636331
4.26 0.0628174
4.27 0.062006
4.28 0.061199
4.29 0.0603965
4.3 0.0595986
4.31 0.0588053
4.32 0.0580169
4.33 0.0572333
4.34 0.0564546
4.35 0.055681
4.36 0.0549126
4.37 0.0541493
4.38 0.0533914
4.39 0.0526388
4.4 0.0518916
4.41 0.05115
4.42 0.0504139
4.43 0.0496834
4.44 0.0489587
4.45 0.0482397
4.46 0.0475265
4.47 0.0468192
4.48 0.0461178
4.49 0.0454224
4.5 0.0447331
4.51 0.0440497
4.52 0.0433725
4.53 0.0427015
4.54 0.0420366
4.55 0.0413779
4.56 0.0407255
4.57 0.0400794
4.58 0.0394396
4.59 0.0388061
4.6 0.038179
4.61 0.0375583
4.62 0.036944
4.63 0.0363361
4.64 0.0357346
4.65 0.0351396
4.66 0.034551
4.67 0.0339689
4.68 0.0333932
4.69 0.032824
4.7 0.0322613
4.71 0.0317051
4.72 0.0311553
4.73 0.0306121
4.74 0.0300753
4.75 0.0295449
4.76 0.029021
4.77 0.0285035
4.78 0.0279925
4.79 0.0274879
4.8 0.0269896
4.81 0.0264978
4.82 0.0260123
4.83 0.0255331
4.84 0.0250603
4.85 0.0245938
4.86 0.0241335
4.87 0.0236795
4.88 0.0232316
4.89 0.02279
4.9 0.0223546
4.91 0.0219252
4.92 0.021502
4.93 0.0210848
4.94 0.0206736
4.95 0.0202684
4.96 0.0198692
4.97 0.0194759
4.98 0.0190885
4.99 0.0187069
5 0.0183311
5.01 0.017961
5.02 0.0175967
5.03 0.017238
5.04 0.0168849
5.05 0.0165374
5.06 0.0161955
5.07 0.015859
5.08 0.0155279
5.09 0.0152023
5.1 0.014882
5.11 0.0145669
5.12 0.0142571
5.13 0.0139525
5.14 0.0136531
5.15 0.0133587
5.16 0.0130694
5.17 0.012785
5.18 0.0125056
5.19 0.0122311
5.2 0.0119614
5.21 0.0116964
5.22 0.0114362
5.23 0.0111807
5.24 0.0109298
5.25 0.0106834
5.26 0.0104415
5.27 0.0102041
5.28 0.00997113
5.29 0.00974246
5.3 0.00951809
5.31 0.00929795
5.32 0.00908199
5.33 0.00887016
5.34 0.0086624
5.35 0.00845866
5.36 0.00825888
5.37 0.00806302
5.38 0.00787101
5.39 0.0076828
5.4 0.00749834
5.41 0.00731757
5.42 0.00714045
5.43 0.00696692
5.44 0.00679692
5.45 0.0066304
5.46 0.00646732
5.47 0.00630761
5.48 0.00615123
5.49 0.00599813
5.5 0.00584825
5.51 0.00570155
5.52 0.00555796
5.53 0.00541745
5.54 0.00527997
5.55 0.00514545
5.56 0.00501386
5.57 0.00488515
5.58 0.00475926
5.59 0.00463615
5.6 0.00451577
5.61 0.00439808
5.62 0.00428303
5.63 0.00417056
5.64 0.00406064
5.65 0.00395323
5.66 0.00384827
5.67 0.00374572
5.68 0.00364553
5.69 0.00354767
5.7 0.00345209
5.71 0.00335875
5.72 0.00326761
5.73 0.00317862
5.74 0.00309174
5.75 0.00300694
5.76 0.00292416
5.77 0.00284339
5.78 0.00276456
5.79 0.00268765
5.8 0.00261262
5.81 0.00253943
5.82 0.00246804
5.83 0.00239842
5.84 0.00233053
5.85 0.00226433
5.86 0.00219979
5.87 0.00213688
5.88 0.00207556
5.89 0.0020158
5.9 0.00195756
5.91 0.00190081
5.92 0.00184552
5.93 0.00179166
5.94 0.0017392
5.95 0.0016881
5.96 0.00163835
5.97 0.00158989
5.98 0.00154272
5.99 0.0014968
