-6 0.012417
-5.99 0.0125489
-5.98 0.0126818
-5.97 0.0128159
-5.96 0.012951
-5.95 0.0130872
-5.94 0.0132245
-5.93 0.0133628
-5.92 0.0135023
-5.91 0.0136429
-5.9 0.0137845
-5.89 0.0139273
-5.88 0.0140712
-5.87 0.0142162
-5.86 0.0143623
-5.85 0.0145096
-5.84 0.0146579
-5.83 0.0148074
-5.82 0.014958
-5.81 0.0151098
-5.8 0.0152627
-5.79 0.0154168
-5.78 0.015572
-5.77 0.0157283
-5.76 0.0158858
-5.75 0.0160445
-5.74 0.0162043
-5.73 0.0163653
-5.72 0.0165274
-5.71 0.0166908
-5.7 0.0168553
-5.69 0.0170209
-5.68 0.0171878
-5.67 0.0173558
-5.66 0.0175251
-5.65 0.0176955
-5.64 0.0178671
-5.63 0.0180399
-5.62 0.0182138
-5.61 0.018389
-5.6 0.0185654
-5.59 0.018743
-5.58 0.0189218
-5.57 0.0191018
-5.56 0.019283
-5.55 0.0194654
-5.54 0.0196491
-5.53 0.0198339
-5.52 0.02002
-5.51 0.0202073
-5.5 0.0203958
-5.49 0.0205855
-5.48 0.0207764
-5.47 0.0209686
-5.46 0.021162
-5.45 0.0213566
-5.44 0.0215525
-5.43 0.0217496
-5.42 0.0219479
-5.41 0.0221474
-5.4 0.0223482
-5.39 0.0225502
-5.38 0.0227535
-5.37 0.022958
-5.36 0.0231637
-5.35 0.0233706
-5.34 0.0235788
-5.33 0.0237883
-5.32 0.0239989
-5.31 0.0242108
-5.3 0.0244239
-5.29 0.0246383
-5.28 0.0248539
-5.27 0.0250708
-5.26 0.0252888
-5.25 0.0255081
-5.24 0.0257287
-5.23 0.0259504
-5.22 0.0261735
-5.21 0.0263977
-5.2 0.0266232
-5.19 0.0268499
-5.18 0.0270778
-5.17 0.0273069
-5.16 0.0275373
-5.15 0.0277689
-5.14 0.0280017
-5.13 0.0282358
-5.12 0.028471
-5.11 0.0287075
-5.1 0.0289452
-5.09 0.0291841
-5.08 0.0294242
-5.07 0.0296655
-5.06 0.0299081
-5.05 0.0301518
-5.04 0.0303967
-5.03 0.0306429
-5.02 0.0308902
-5.01 0.0311387
-5 0.0313884
-4.99 0.0316393
-4.98 0.0318913
-4.97 0.0321446
-4.96 0.032399
-4.95 0.0326546
-4.94 0.0329114
-4.93 0.0331693
-4.92 0.0334284
-4.91 0.0336886
-4.9 0.03395
-4.89 0.0342125
-4.88 0.0344762
-4.87 0.034741
-4.86 0.0350069
-4.85 0.035274
-4.84 0.0355422
-4.83 0.0358115
-4.82 0.0360819
-4.81 0.0363534
-4.8 0.0366261
-4.79 0.0368998
-4.78 0.0371746
-4.77 0.0374505
-4.76 0.0377275
-4.75 0.0380055
-4.74 0.0382846
-4.73 0.0385648
-4.72 0.038846
-4.71 0.0391283
-4.7 0.0394116
-4.69 0.039696
-4.68 0.0399814
-4.67 0.0402678
-4.66 0.0405552
-4.65 0.0408436
-4.64 0.041133
-4.63 0.0414234
-4.62 0.0417148
-4.61 0.0420072
-4.6 0.0423005
-4.59 0.0425948
-4.58 0.04289
-4.57 0.0431862
-4.56 0.0434834
-4.55 0.0437814
-4.54 0.0440804
-4.53 0.0443803
-4.52 0.044681
-4.51 0.0449827
-4.5 0.0452853
-4.49 0.0455887
-4.48 0.045893
-4.47 0.0461982
-4.46 0.0465042
-4.45 0.046811
-4.44 0.0471187
-4.43 0.0474272
-4.42 0.0477365
-4.41 0.0480465
-4.4 0.0483574
-4.39 0.0486691
-4.38 0.0489815
-4.37 0.0492947
-4.36 0.0496086
-4.35 0.0499233
-4.34 0.0502387
-4.33 0.0505548
-4.32 0.0508716
-4.31 0.0511891
-4.3 0.0515072
-4.29 0.0518261
-4.28 0.0521456
-4.27 0.0524657
-4.26 0.0527865
-4.25 0.0531079
-4.24 0.05343
-4.23 0.0537526
-4.22 0.0540758
-4.21 0.0543996
-4.2 0.0547239
-4.19 0.0550488
-4.18 0.0553743
-4.17 0.0557002
-4.16 0.0560267
-4.15 0.0563537
-4.14 0.0566812
-4.13 0.0570091
-4.12 0.0573375
-4.11 0.0576664
-4.1 0.0579957
-4.09 0.0583254
-4.08 0.0586556
-4.07 0.0589861
-4.06 0.059317
-4.05 0.0596483
-4.04 0.0599799
-4.03 0.0603119
-4.02 0.0606442
-4.01 0.0609769
-4 0.0613098
-3.99 0.061643
-3.98 0.0619765
-3.97 0.0623103
-3.96 0.0626443
-3.95 0.0629785
-3.94 0.063313
-3.93 0.0636476
-3.92 0.0639825
-3.91 0.0643175
-3.9 0.0646527
-3.89 0.064988
-3.88 0.0653234
-3.87 0.065659
-3.86 0.0659947
-3.85 0.0663304
-3.84 0.0666663
-3.83 0.0670021
-3.82 0.0673381
-3.81 0.067674
-3.8 0.06801
-3.79 0.0683459
-3.78 0.0686819
-3.77 0.0690178
-3.76 0.0693536
-3.75 0.0696894
-3.74 0.0700251
-3.73 0.0703608
-3.72 0.0706963
-3.71 0.0710317
-3.7 0.0713669
-3.69 0.071702
-3.68 0.0720369
-3.67 0.0723716
-3.66 0.0727061
-3.65 0.0730404
-3.64 0.0733745
-3.63 0.0737083
-3.62 0.0740419
-3.61 0.0743752
-3.6 0.0747081
-3.59 0.0750408
-3.58 0.0753731
-3.57 0.0757051
-3.56 0.0760368
-3.55 0.076368
-3.54 0.0766989
-3.53 0.0770294
-3.52 0.0773594
-3.51 0.077689
-3.5 0.0780182
-3.49 0.0783469
-3.48 0.0786751
-3.47 0.0790028
-3.46 0.07933
-3.45 0.0796567
-3.44 0.0799828
-3.43 0.0803084
-3.42 0.0806334
-3.41 0.0809578
-3.4 0.0812815
-3.39 0.0816047
-3.38 0.0819272
-3.37 0.0822491
-3.36 0.0825703
-3.35 0.0828909
-3.34 0.0832107
-3.33 0.0835298
-3.32 0.0838482
-3.31 0.0841658
-3.3 0.0844827
-3.29 0.0847988
-3.28 0.0851142
-3.27 0.0854287
-3.26 0.0857424
-3.25 0.0860553
-3.24 0.0863673
-3.23 0.0866785
-3.22 0.0869888
-3.21 0.0872982
-3.2 0.0876067
-3.19 0.0879143
-3.18 0.0882209
-3.17 0.0885266
-3.16 0.0888314
-3.15 0.0891351
-3.14 0.0894379
-3.13 0.0897397
-3.12 0.0900404
-3.11 0.0903402
-3.1 0.0906388
-3.09 0.0909365
-3.08 0.091233
-3.07 0.0915285
-3.06 0.0918229
-3.05 0.0921161
-3.04 0.0924083
-3.03 0.0926993
-3.02 0.0929892
-3.01 0.0932779
-3 0.0935654
-2.99 0.0938517
-2.98 0.0941369
-2.97 0.0944208
-2.96 0.0947035
-2.95 0.094985
-2.94 0.0952652
-2.93 0.0955442
-2.92 0.0958219
-2.91 0.0960983
-2.9 0.0963734
-2.89 0.0966472
-2.88 0.0969197
-2.87 0.0971909
-2.86 0.0974608
-2.85 0.0977293
-2.84 0.0979964
-2.83 0.0982622
-2.82 0.0985266
-2.81 0.0987896
-2.8 0.0990512
-2.79 0.0993114
-2.78 0.0995701
-2.77 0.0998275
-2.76 0.100083
-2.75 0.100338
-2.74 0.100591
-2.73 0.100842
-2.72 0.101092
-2.71 0.101341
-2.7 0.101588
-2.69 0.101834
-2.68 0.102078
-2.67 0.10232
-2.66 0.102561
-2.65 0.102801
-2.64 0.103039
-2.63 0.103275
-2.62 0.10351
-2.61 0.103743
-2.6 0.103975
-2.59 0.104205
-2.58 0.104434
-2.57 0.104661
-2.56 0.104886
-2.55 0.10511
-2.54 0.105332
-2.53 0.105553
-2.52 0.105772
-2.51 0.105989
-2.5 0.106205
-2.49 0.106419
-2.48 0.106632
-2.47 0.106842
-2.46 0.107051
-2.45 0.107259
-2.44 0.107465
-2.43 0.107669
-2.42 0.107872
-2.41 0.108072
-2.4 0.108272
-2.39 0.108469
-2.38 0.108665
-2.37 0.108859
-2.36 0.109052
-2.35 0.109242
-2.34 0.109432
-2.33 0.109619
-2.32 0.109805
-2.31 0.109989
-2.3 0.110171
-2.29 0.110352
-2.28 0.110531
-2.27 0.110708
-2.26 0.110884
-2.25 0.111057
-2.24 0.11123
-2.23 0.1114
-2.22 0.111569
-2.21 0.111736
-2.2 0.111901
-2.19 0.112065
-2.18 0.112227
-2.17 0.112387
-2.16 0.112546
-2.15 0.112703
-2.14 0.112858
-2.13 0.113011
-2.12 0.113163
-2.11 0.113313
-2.1 0.113462
-2.09 0.113608
-2.08 0.113753
-2.07 0.113897
-2.06 0.114039
-2.05 0.114179
-2.04 0.114317
-2.03 0.114454
-2.02 0.114589
-2.01 0.114722
-2 0.114854
-1.99 0.114984
-1.98 0.115112
-1.97 0.115239
-1.96 0.115364
-1.95 0.115488
-1.94 0.11561
-1.93 0.11573
-1.92 0.115849
-1.91 0.115966
-1.9 0.116081
-1.89 0.116195
-1.88 0.116307
-1.87 0.116418
-1.86 0.116527
-1.85 0.116635
-1.84 0.116741
-1.83 0.116845
-1.82 0.116948
-1.81 0.117049
-1.8 0.117149
-1.79 0.117247
-1.78 0.117344
-1.77 0.117439
-1.76 0.117533
-1.75 0.117625
-1.74 0.117716
-1.73 0.117805
-1.72 0.117892
-1.71 0.117979
-1.7 0.118064
-1.69 0.118147
-1.68 0.118229
-1.67 0.118309
-1.66 0.118388
-1.65 0.118466
-1.64 0.118542
-1.63 0.118617
-1.62 0.118691
-1.61 0.118763
-1.6 0.118833
-1.59 0.118903
-1.58 0.118971
-1.57 0.119037
-1.56 0.119103
-1.55 0.119167
-1.54 0.11923
-1.53 0.119291
-1.52 0.119351
-1.51 0.11941
-1.5 0.119468
-1.49 0.119524
-1.48 0.11958
-1.47 0.119634
-1.46 0.119686
-1.45 0.119738
-1.44 0.119788
-1.43 0.119837
-1.42 0.119886
-1.41 0.119932
-1.4 0.119978
-1.39 0.120023
-1.38 0.120066
-1.37 0.120109
-1.36 0.12015
-1.35 0.12019
-1.34 0.120229
-1.33 0.120268
-1.32 0.120305
-1.31 0.120341
-1.3 0.120376
-1.29 0.12041
-1.28 0.120443
-1.27 0.120475
-1.26 0.120506
-1.25 0.120536
-1.24 0.120565
-1.23 0.120594
-1.22 0.120621
-1.21 0.120647
-1.2 0.120673
-1.19 0.120698
-1.18 0.120721
-1.17 0.120744
-1.16 0.120767
-1.15 0.120788
-1.14 0.120809
-1.13 0.120828
-1.12 0.120847
-1.11 0.120865
-1.1 0.120883
-1.09 0.1209
-1.08 0.120916
-1.07 0.120931
-1.06 0.120945
-1.05 0.120959
-1.04 0.120972
-1.03 0.120985
-1.02 0.120997
-1.01 0.121008
-1 0.121019
-0.99 0.121029
-0.98 0.121038
-0.97 0.121047
-0.96 0.121055
-0.95 0.121063
-0.94 0.12107
-0.93 0.121077
-0.92 0.121083
-0.91 0.121088
-0.9 0.121093
-0.89 0.121098
-0.88 0.121102
-0.87 0.121106
-0.86 0.121109
-0.85 0.121112
-0.84 0.121114
-0.83 0.121116
-0.82 0.121118
-0.81 0.121119
-0.8 0.12112
-0.79 0.12112
-0.78 0.121121
-0.77 0.12112
-0.76 0.12112
-0.75 0.121119
-0.74 0.121118
-0.73 0.121116
-0.72 0.121115
-0.71 0.121113
-0.7 0.121111
-0.69 0.121108
-0.68 0.121105
-0.67 0.121103
-0.66 0.121099
-0.65 0.121096
-0.64 0.121093
-0.63 0.121089
-0.62 0.121085
-0.61 0.121081
-0.6 0.121077
-0.59 0.121073
-0.58 0.121069
-0.57 0.121064
-0.56 0.12106
-0.55 0.121055
-0.54 0.121051
-0.53 0.121046
-0.52 0.121042
-0.51 0.121037
-0.5 0.121033
-0.49 0.121029
-0.48 0.121024
-0.47 0.121021
-0.46 0.121017
-0.45 0.121014
-0.44 0.121011
-0.43 0.121008
-0.42 0.121006
-0.41 0.121004
-0.4 0.121003
-0.39 0.121003
-0.38 0.121004
-0.37 0.121006
-0.36 0.121008
-0.35 0.121012
-0.34 0.121017
-0.33 0.121024
-0.32 0.121032
-0.31 0.121041
-0.3 0.121052
-0.29 0.121065
-0.28 0.12108
-0.27 0.121097
-0.26 0.121115
-0.25 0.121135
-0.24 0.121158
-0.23 0.121182
-0.22 0.121208
-0.21 0.121235
-0.2 0.121264
-0.19 0.121295
-0.18 0.121327
-0.17 0.12136
-0.16 0.121393
-0.15 0.121427
-0.14 0.121462
-0.13 0.121496
-0.12 0.121529
-0.11 0.121561
-0.1 0.121593
-0.09 0.121622
-0.08 0.12165
-0.07 0.121675
-0.06 0.121698
-0.05 0.121718
-0.04 0.121734
-0.03 0.121747
-0.02 0.121757
-0.01 0.121763
0 0.121764
0.01 0.121763
0.02 0.121757
0.03 0.121747
0.04 0.121734
0.05 0.121718
0.06 0.121698
0.07 0.121675
0.08 0.12165
0.09 0.121622
0.1 0.121593
0.11 0.121561
0.12 0.121529
0.13 0.121496
0.14 0.121462
0.15 0.121427
0.16 0.121393
0.17 0.12136
0.18 0.121327
0.19 0.121295
0.2 0.121264
0.21 0.121235
0.22 0.121208
0.23 0.121182
0.24 0.121158
0.25 0.121135
0.26 0.121115
0.27 0.121097
0.28 0.12108
0.29 0.121065
0.3 0.121052
0.31 0.121041
0.32 0.121032
0.33 0.121024
0.34 0.121017
0.35 0.121012
0.36 0.121008
0.37 0.121006
0.38 0.121004
0.39 0.121003
0.4 0.121003
0.41 0.121004
0.42 0.121006
0.43 0.121008
0.44 0.121011
0.45 0.121014
0.46 0.121017
0.47 0.121021
0.48 0.121024
0.49 0.121029
0.5 0.121033
0.51 0.121037
0.52 0.121042
0.53 0.121046
0.54 0.121051
0.55 0.121055
0.56 0.12106
0.57 0.121064
0.58 0.121069
0.59 0.121073
0.6 0.121077
0.61 0.121081
0.62 0.121085
0.63 0.121089
0.64 0.121093
0.65 0.121096
0.66 0.121099
0.67 0.121103
0.68 0.121105
0.69 0.121108
0.7 0.121111
0.71 0.121113
0.72 0.121115
0.73 0.121116
0.74 0.121118
0.75 0.121119
0.76 0.12112
0.77 0.12112
0.78 0.121121
0.79 0.12112
0.8 0.12112
0.81 0.121119
0.82 0.121118
0.83 0.121116
0.84 0.121114
0.85 0.121112
0.86 0.121109
0.87 0.121106
0.88 0.121102
0.89 0.121098
0.9 0.121093
0.91 0.121088
0.92 0.121083
0.93 0.121077
0.94 0.12107
0.95 0.121063
0.96 0.121055
0.97 0.121047
0.98 0.121038
0.99 0.121029
1 0.121019
1.01 0.121008
1.02 0.120997
1.03 0.120985
1.04 0.120972
1.05 0.120959
1.06 0.120945
1.07 0.120931
1.08 0.120916
1.09 0.1209
1.1 0.120883
1.11 0.120865
1.12 0.120847
1.13 0.120828
1.14 0.120809
1.15 0.120788
1.16 0.120767
1.17 0.120744
1.18 0.120721
1.19 0.120698
1.2 0.120673
1.21 0.120647
1.22 0.120621
1.23 0.120594
1.24 0.120565
1.25 0.120536
1.26 0.120506
1.27 0.120475
1.28 0.120443
1.29 0.12041
1.3 0.120376
1.31 0.120341
1.32 0.120305
1.33 0.120268
1.34 0.120229
1.35 0.12019
1.36 0.12015
1.37 0.120109
1.38 0.120066
1.39 0.120023
1.4 0.119978
1.41 0.119932
1.42 0.119886
1.43 0.119837
1.44 0.119788
1.45 0.119738
1.46 0.119686
1.47 0.119634
1.48 0.11958
1.49 0.119524
1.5 0.119468
1.51 0.11941
1.52 0.119351
1.53 0.119291
1.54 0.11923
1.55 0.119167
1.56 0.119103
1.57 0.119037
1.58 0.118971
1.59 0.118903
1.6 0.118833
1.61 0.118763
1.62 0.118691
1.63 0.118617
1.64 0.118542
1.65 0.118466
1.66 0.118388
1.67 0.118309
1.68 0.118229
1.69 0.118147
1.7 0.118064
1.71 0.117979
1.72 0.117892
1.73 0.117805
1.74 0.117716
1.75 0.117625
1.76 0.117533
1.77 0.117439
1.78 0.117344
1.79 0.117247
1.8 0.117149
1.81 0.117049
1.82 0.116948
1.83 0.116845
1.84 0.116741
1.85 0.116635
1.86 0.116527
1.87 0.116418
1.88 0.116307
1.89 0.116195
1.9 0.116081
1.91 0.115966
1.92 0.115849
1.93 0.11573
1.94 0.11561
1.95 0.115488
1.96 0.115364
1.97 0.115239
1.98 0.115112
1.99 0.114984
2 0.114854
2.01 0.114722
2.02 0.114589
2.03 0.114454
2.04 0.114317
2.05 0.114179
2.06 0.114039
2.07 0.113897
2.08 0.113753
2.09 0.113608
2.1 0.113462
2.11 0.113313
2.12 0.113163
2.13 0.113011
2.14 0.112858
2.15 0.112703
2.16 0.112546
2.17 0.112387
2.18 0.112227
2.19 0.112065
2.2 0.111901
2.21 0.111736
2.22 0.111569
2.23 0.1114
2.24 0.11123
2.25 0.111057
2.26 0.110884
2.27 0.110708
2.28 0.110531
2.29 0.110352
2.3 0.110171
2.31 0.109989
2.32 0.109805
2.33 0.109619
2.34 0.109432
2.35 0.109242
2.36 0.109052
2.37 0.108859
2.38 0.108665
2.39 0.108469
2.4 0.108272
2.41 0.108072
2.42 0.107872
2.43 0.107669
2.44 0.107465
2.45 0.107259
2.46 0.107051
2.47 0.106842
2.48 0.106632
2.49 0.106419
2.5 0.106205
2.51 0.105989
2.52 0.105772
2.53 0.105553
2.54 0.105332
2.55 0.10511
2.56 0.104886
2.57 0.104661
2.58 0.104434
2.59 0.104205
2.6 0.103975
2.61 0.103743
2.62 0.10351
2.63 0.103275
2.64 0.103039
2.65 0.102801
2.66 0.102561
2.67 0.10232
2.68 0.102078
2.69 0.101834
2.7 0.101588
2.71 0.101341
2.72 0.101092
2.73 0.100842
2.74 0.100591
2.75 0.100338
2.76 0.100083
2.77 0.0998275
2.78 0.0995701
2.79 0.0993114
2.8 0.0990512
2.81 0.0987896
2.82 0.0985266
2.83 0.0982622
2.84 0.0979964
2.85 0.0977293
2.86 0.0974608
2.87 0.0971909
2.88 0.0969197
2.89 0.0966472
2.9 0.0963734
2.91 0.0960983
2.92 0.0958219
2.93 0.0955442
2.94 0.0952652
2.95 0.094985
2.96 0.0947035
2.97 0.0944208
2.98 0.0941369
2.99 0.0938517
3 0.0935654
3.01 0.0932779
3.02 0.0929892
3.03 0.0926993
3.04 0.0924083
3.05 0.0921161
3.06 0.0918229
3.07 0.0915285
3.08 0.091233
3.09 0.0909365
3.1 0.0906388
3.11 0.0903402
3.12 0.0900404
3.13 0.0897397
3.14 0.0894379
3.15 0.0891351
3.16 0.0888314
3.17 0.0885266
3.18 0.0882209
3.19 0.0879143
3.2 0.0876067
3.21 0.0872982
3.22 0.0869888
3.23 0.0866785
3.24 0.0863673
3.25 0.0860553
3.26 0.0857424
3.27 0.0854287
3.28 0.0851142
3.29 0.0847988
3.3 0.0844827
3.31 0.0841658
3.32 0.0838482
3.33 0.0835298
3.34 0.0832107
3.35 0.0828909
3.36 0.0825703
3.37 0.0822491
3.38 0.0819272
3.39 0.0816047
3.4 0.0812815
3.41 0.0809578
3.42 0.0806334
3.43 0.0803084
3.44 0.0799828
3.45 0.0796567
3.46 0.07933
3.47 0.0790028
3.48 0.0786751
3.49 0.0783469
3.5 0.0780182
3.51 0.077689
3.52 0.0773594
3.53 0.0770294
3.54 0.0766989
3.55 0.076368
3.56 0.0760368
3.57 0.0757051
3.58 0.0753731
3.59 0.0750408
3.6 0.0747081
3.61 0.0743752
3.62 0.0740419
3.63 0.0737083
3.64 0.0733745
3.65 0.0730404
3.66 0.0727061
3.67 0.0723716
3.68 0.0720369
3.69 0.071702
3.7 0.0713669
3.71 0.0710317
3.72 0.0706963
3.73 0.0703608
3.74 0.0700251
3.75 0.0696894
3.76 0.0693536
3.77 0.0690178
3.78 0.0686819
3.79 0.0683459
3.8 0.06801
3.81 0.067674
3.82 0.0673381
3.83 0.0670021
3.84 0.0666663
3.85 0.0663304
3.86 0.0659947
3.87 0.065659
3.88 0.0653234
3.89 0.064988
3.9 0.0646527
3.91 0.0643175
3.92 0.0639825
3.93 0.0636476
3.94 0.063313
3.95 0.0629785
3.96 0.0626443
3.97 0.0623103
3.98 0.0619765
3.99 0.061643
4 0.0613098
4.01 0.0609769
4.02 0.0606442
4.03 0.0603119
4.04 0.0599799
4.05 0.0596483
4.06 0.059317
4.07 0.0589861
4.08 0.0586556
4.09 0.0583254
4.1 0.0579957
4.11 0.0576664
4.12 0.0573375
4.13 0.0570091
4.14 0.0566812
4.15 0.0563537
4.16 0.0560267
4.17 0.0557002
4.18 0.0553743
4.19 0.0550488
4.2 0.0547239
4.21 0.0543996
4.22 0.0540758
4.23 0.0537526
4.24 0.05343
4.25 0.0531079
4.26 0.0527865
4.27 0.0524657
4.28 0.0521456
4.29 0.0518261
4.3 0.0515072
4.31 0.0511891
4.32 0.0508716
4.33 0.0505548
4.34 0.0502387
4.35 0.0499233
4.36 0.0496086
4.37 0.0492947
4.38 0.0489815
4.39 0.0486691
4.4 0.0483574
4.41 0.0480465
4.42 0.0477365
4.43 0.0474272
4.44 0.0471187
4.45 0.046811
4.46 0.0465042
4.47 0.0461982
4.48 0.045893
4.49 0.0455887
4.5 0.0452853
4.51 0.0449827
4.52 0.044681
4.53 0.0443803
4.54 0.0440804
4.55 0.0437814
4.56 0.0434834
4.57 0.0431862
4.58 0.04289
4.59 0.0425948
4.6 0.0423005
4.61 0.0420072
4.62 0.0417148
4.63 0.0414234
4.64 0.041133
4.65 0.0408436
4.66 0.0405552
4.67 0.0402678
4.68 0.0399814
4.69 0.039696
4.7 0.0394116
4.71 0.0391283
4.72 0.038846
4.73 0.0385648
4.74 0.0382846
4.75 0.0380055
4.76 0.0377275
4.77 0.0374505
4.78 0.0371746
4.79 0.0368998
4.8 0.0366261
4.81 0.0363534
4.82 0.0360819
4.83 0.0358115
4.84 0.0355422
4.85 0.035274
4.86 0.0350069
4.87 0.034741
4.88 0.0344762
4.89 0.0342125
4.9 0.03395
4.91 0.0336886
4.92 0.0334284
4.93 0.0331693
4.94 0.0329114
4.95 0.0326546
4.96 0.032399
4.97 0.0321446
4.98 0.0318913
4.99 0.0316393
5 0.0313884
5.01 0.0311387
5.02 0.0308902
5.03 0.0306429
5.04 0.0303967
5.05 0.0301518
5.06 0.0299081
5.07 0.0296655
5.08 0.0294242
5.09 0.0291841
5.1 0.0289452
5.11 0.0287075
5.12 0.028471
5.13 0.0282358
5.14 0.0280017
5.15 0.0277689
5.16 0.0275373
5.17 0.0273069
5.18 0.0270778
5.19 0.0268499
5.2 0.0266232
5.21 0.0263977
5.22 0.0261735
5.23 0.0259504
5.24 0.0257287
5.25 0.0255081
5.26 0.0252888
5.27 0.0250708
5.28 0.0248539
5.29 0.0246383
5.3 0.0244239
5.31 0.0242108
5.32 0.0239989
5.33 0.0237883
5.34 0.0235788
5.35 0.0233706
5.36 0.0231637
5.37 0.022958
5.38 0.0227535
5.39 0.0225502
5.4 0.0223482
5.41 0.0221474
5.42 0.0219479
5.43 0.0217496
5.44 0.0215525
5.45 0.0213566
5.46 0.021162
5.47 0.0209686
5.48 0.0207764
5.49 0.0205855
5.5 0.0203958
5.51 0.0202073
5.52 0.02002
5.53 0.0198339
5.54 0.0196491
5.55 0.0194654
5.56 0.019283
5.57 0.0191018
5.58 0.0189218
5.59 0.018743
5.6 0.0185654
5.61 0.018389
5.62 0.0182138
5.63 0.0180399
5.64 0.0178671
5.65 0.0176955
5.66 0.0175251
5.67 0.0173558
5.68 0.0171878
5.69 0.0170209
5.7 0.0168553
5.71 0.0166908
5.72 0.0165274
5.73 0.0163653
5.74 0.0162043
5.75 0.0160445
5.76 0.0158858
5.77 0.0157283
5.78 0.015572
5.79 0.0154168
5.8 0.0152627
5.81 0.0151098
5.82 0.014958
5.83 0.0148074
5.84 0.0146579
5.85 0.0145096
5.86 0.0143623
5.87 0.0142162
5.88 0.0140712
5.89 0.0139273
5.9 0.0137845
5.91 0.0136429
5.92 0.0135023
5.93 0.0133628
5.94 0.0132245
5.95 0.0130872
5.96 0.012951
5.97 0.0128159
5.98 0.0126818
5.99 0.0125489
