-6 0
-5.99 0
-5.98 0
-5.97 0
-5.96 0
-5.95 0
-5.94 0
-5.93 0
-5.92 0
-5.91 0
-5.9 0
-5.89 0
-5.88 0
-5.87 0
-5.86 0
-5.85 0
-5.84 0
-5.83 0
-5.82 0
-5.81 0
-5.8 0
-5.79 0
-5.78 0
-5.77 0
-5.76 0
-5.75 0
-5.74 0
-5.73 0
-5.72 0
-5.71 0
-5.7 0
-5.69 0
-5.68 0
-5.67 0
-5.66 0
-5.65 0
-5.64 0
-5.63 0
-5.62 0
-5.61 0
-5.6 0
-5.59 0
-5.58 0
-5.57 0
-5.56 0
-5.55 0
-5.54 0
-5.53 0
-5.52 0
-5.51 0
-5.5 0
-5.49 0
-5.48 0
-5.47 0
-5.46 0
-5.45 0
-5.44 0
-5.43 0
-5.42 0
-5.41 0
-5.4 0
-5.39 0
-5.38 0
-5.37 0
-5.36 0
-5.35 0
-5.34 0
-5.33 0
-5.32 0
-5.31 0
-5.3 0
-5.29 0
-5.28 0
-5.27 0
-5.26 0
-5.25 0
-5.24 0
-5.23 0
-5.22 0
-5.21 0
-5.2 0
-5.19 0
-5.18 0
-5.17 0
-5.16 0
-5.15 0
-5.14 0
-5.13 0
-5.12 0
-5.11 0
-5.1 0
-5.09 0
-5.08 0
-5.07 0
-5.06 0
-5.05 0
-5.04 0
-5.03 0
-5.02 0
-5.01 0
-5 0
-4.99 0
-4.98 0
-4.97 0
-4.96 0
-4.95 0
-4.94 0
-4.93 0
-4.92 0
-4.91 0
-4.9 0
-4.89 0
-4.88 0
-4.87 0
-4.86 0
-4.85 0
-4.84 0
-4.83 0
-4.82 0
-4.81 0
-4.8 0
-4.79 0
-4.78 0
-4.77 0
-4.76 0
-4.75 0
-4.74 0
-4.73 0
-4.72 0
-4.71 0
-4.7 0
-4.69 0
-4.68 0
-4.67 0
-4.66 0
-4.65 0
-4.64 0
-4.63 0
-4.62 0
-4.61 0
-4.6 0
-4.59 0
-4.58 0
-4.57 0
-4.56 0
-4.55 0
-4.54 0
-4.53 0
-4.52 0
-4.51 0
-4.5 0
-4.49 0
-4.48 0
-4.47 0
-4.46 0
-4.45 0
-4.44 0
-4.43 0
-4.42 0
-4.41 0
-4.4 0
-4.39 0
-4.38 0
-4.37 0
-4.36 0
-4.35 0
-4.34 0
-4.33 0
-4.32 0
-4.31 0
-4.3 0
-4.29 0
-4.28 0
-4.27 0
-4.26 0
-4.25 0
-4.24 0
-4.23 0
-4.22 0
-4.21 0
-4.2 0
-4.19 0
-4.18 0
-4.17 0
-4.16 0
-4.15 0
-4.14 0
-4.13 0
-4.12 0
-4.11 0
-4.1 0
-4.09 0
-4.08 0
-4.07 0
-4.06 0
-4.05 0
-4.04 0
-4.03 0
-4.02 0
-4.01 0
-4 0
-3.99 0
-3.98 0
-3.97 0
-3.96 0
-3.95 0
-3.94 0
-3.93 0
-3.92 0
-3.91 0
-3.9 0
-3.89 0
-3.88 0
-3.87 0
-3.86 0
-3.85 0
-3.84 0
-3.83 0
-3.82 0
-3.81 0
-3.8 0
-3.79 0
-3.78 0
-3.77 0
-3.76 0
-3.75 0
-3.74 0
-3.73 0
-3.72 0
-3.71 0
-3.7 0
-3.69 0
-3.68 0
-3.67 0
-3.66 0
-3.65 0
-3.64 0
-3.63 0
-3.62 0
-3.61 0
-3.6 0
-3.59 0
-3.58 0
-3.57 0
-3.56 0
-3.55 0
-3.54 0
-3.53 0
-3.52 0
-3.51 0
-3.5 0
-3.49 0
-3.48 0
-3.47 0
-3.46 0
-3.45 0
-3.44 0
-3.43 0
-3.42 0
-3.41 0
-3.4 0
-3.39 0
-3.38 0
-3.37 0
-3.36 0
-3.35 0
-3.34 0
-3.33 0
-3.32 0
-3.31 0
-3.3 0
-3.29 0
-3.28 0
-3.27 0
-3.26 0
-3.25 0
-3.24 0
-3.23 0
-3.22 0
-3.21 0
-3.2 0
-3.19 0
-3.18 0
-3.17 0
-3.16 0
-3.15 0
-3.14 0
-3.13 0
-3.12 0
-3.11 0
-3.1 0
-3.09 0
-3.08 0
-3.07 0
-3.06 0
-3.05 0
-3.04 0
-3.03 0
-3.02 0
-3.01 0
-3 0
-2.99 0
-2.98 0
-2.97 0
-2.96 0
-2.95 0
-2.94 0
-2.93 0
-2.92 0
-2.91 0
-2.9 0
-2.89 0
-2.88 0
-2.87 0
-2.86 0
-2.85 0
-2.84 0
-2.83 0
-2.82 0
-2.81 0
-2.8 0
-2.79 0
-2.78 0
-2.77 0
-2.76 0
-2.75 0
-2.74 0
-2.73 0
-2.72 0
-2.71 0
-2.7 0
-2.69 0
-2.68 0
-2.67 0
-2.66 0
-2.65 0
-2.64 0
-2.63 0
-2.62 0
-2.61 0
-2.6 0
-2.59 0
-2.58 0
-2.57 0
-2.56 0
-2.55 0
-2.54 0
-2.53 0
-2.52 0
-2.51 0
-2.5 0
-2.49 0
-2.48 0
-2.47 0
-2.46 0
-2.45 0
-2.44 0
-2.43 0
-2.42 0
-2.41 0
-2.4 0
-2.39 0
-2.38 0
-2.37 0
-2.36 0
-2.35 0
-2.34 0
-2.33 0
-2.32 0
-2.31 0
-2.3 0
-2.29 0
-2.28 0
-2.27 0
-2.26 0
-2.25 0
-2.24 0
-2.23 0
-2.22 0
-2.21 0
-2.2 0
-2.19 0
-2.18 8.05661e-308
-2.17 1.61809e-282
-2.16 2.68946e-258
-2.15 3.69944e-235
-2.14 4.2113e-213
-2.13 3.96741e-192
-2.12 3.09319e-172
-2.11 1.9958e-153
-2.1 1.0657e-135
-2.09 4.7094e-119
-2.08 1.72228e-103
-2.07 5.21258e-89
-2.06 1.3056e-75
-2.05 2.70632e-63
-2.04 4.64255e-52
-2.03 6.59089e-42
-2.02 7.74357e-33
-2.01 7.52919e-25
-2 6.05849e-18
-1.99 4.03451e-12
-1.98 2.22345e-07
-1.97 0.00101408
-1.96 0.382761
-1.95 11.9562
-1.94 30.9078
-1.93 6.61229
-1.92 0.11707
-1.91 0.000171534
-1.9 2.08e-08
-1.89 2.08731e-13
-1.88 1.73348e-19
-1.87 1.19141e-26
-1.86 6.77665e-35
-1.85 3.1899e-44
-1.84 1.24265e-54
-1.83 4.00618e-66
-1.82 1.06886e-78
-1.81 2.36006e-92
-1.8 4.31254e-107
-1.79 6.5216e-123
-1.78 8.16176e-140
-1.77 8.45325e-158
-1.76 7.24558e-177
-1.75 5.13964e-197
-1.74 3.01718e-218
-1.73 1.46582e-240
-1.72 5.89343e-264
-1.71 1.96095e-288
-1.7 5.39976e-314
-1.69 0
-1.68 0
-1.67 0
-1.66 0
-1.65 0
-1.64 0
-1.63 0
-1.62 0
-1.61 0
-1.6 0
-1.59 0
-1.58 0
-1.57 0
-1.56 0
-1.55 0
-1.54 0
-1.53 0
-1.52 0
-1.51 0
-1.5 0
-1.49 0
-1.48 0
-1.47 0
-1.46 0
-1.45 0
-1.44 0
-1.43 0
-1.42 0
-1.41 0
-1.4 0
-1.39 0
-1.38 0
-1.37 0
-1.36 0
-1.35 0
-1.34 0
-1.33 0
-1.32 0
-1.31 0
-1.3 0
-1.29 0
-1.28 0
-1.27 0
-1.26 0
-1.25 0
-1.24 0
-1.23 0
-1.22 0
-1.21 0
-1.2 0
-1.19 0
-1.18 0
-1.17 0
-1.16 0
-1.15 0
-1.14 0
-1.13 0
-1.12 0
-1.11 0
-1.1 0
-1.09 0
-1.08 0
-1.07 0
-1.06 0
-1.05 0
-1.04 0
-1.03 0
-1.02 0
-1.01 0
-1 0
-0.99 0
-0.98 0
-0.97 0
-0.96 0
-0.95 0
-0.94 0
-0.93 0
-0.92 0
-0.91 0
-0.9 0
-0.89 0
-0.88 0
-0.87 0
-0.86 0
-0.85 0
-0.84 0
-0.83 0
-0.82 0
-0.81 0
-0.8 0
-0.79 0
-0.78 0
-0.77 0
-0.76 0
-0.75 0
-0.74 0
-0.73 0
-0.72 0
-0.71 0
-0.7 0
-0.69 0
-0.68 0
-0.67 0
-0.66 0
-0.65 0
-0.64 0
-0.63 0
-0.62 0
-0.61 0
-0.6 0
-0.59 0
-0.58 0
-0.57 0
-0.56 0
-0.55 0
-0.54 0
-0.53 0
-0.52 0
-0.51 0
-0.5 0
-0.49 0
-0.48 0
-0.47 0
-0.46 0
-0.45 0
-0.44 0
-0.43 0
-0.42 0
-0.41 0
-0.4 0
-0.39 0
-0.38 0
-0.37 0
-0.36 0
-0.35 0
-0.34 0
-0.33 0
-0.32 0
-0.31 0
-0.3 0
-0.29 0
-0.28 0
-0.27 0
-0.26 0
-0.25 0
-0.24 0
-0.23 0
-0.22 0
-0.21 0
-0.2 0
-0.19 0
-0.18 0
-0.17 0
-0.16 0
-0.15 0
-0.14 0
-0.13 0
-0.12 0
-0.11 0
-0.1 0
-0.09 0
-0.08 0
-0.07 0
-0.06 0
-0.05 0
-0.04 0
-0.03 0
-0.02 0
-0.01 1.4822e-323
0 1.5186
0.01 1.4822e-323
0.02 0
0.03 0
0.04 0
0.05 0
0.06 0
0.07 0
0.08 0
0.09 0
0.1 0
0.11 0
0.12 0
0.13 0
0.14 0
0.15 0
0.16 0
0.17 0
0.18 0
0.19 0
0.2 0
0.21 0
0.22 0
0.23 0
0.24 0
0.25 0
0.26 0
0.27 0
0.28 0
0.29 0
0.3 0
0.31 0
0.32 0
0.33 0
0.34 0
0.35 0
0.36 0
0.37 0
0.38 0
0.39 0
0.4 0
0.41 0
0.42 0
0.43 0
0.44 0
0.45 0
0.46 0
0.47 0
0.48 0
0.49 0
0.5 0
0.51 0
0.52 0
0.53 0
0.54 0
0.55 0
0.56 0
0.57 0
0.58 0
0.59 0
0.6 0
0.61 0
0.62 0
0.63 0
0.64 0
0.65 0
0.66 0
0.67 0
0.68 0
0.69 0
0.7 0
0.71 0
0.72 0
0.73 0
0.74 0
0.75 0
0.76 0
0.77 0
0.78 0
0.79 0
0.8 0
0.81 0
0.82 0
0.83 0
0.84 0
0.85 0
0.86 0
0.87 0
0.88 0
0.89 0
0.9 0
0.91 0
0.92 0
0.93 0
0.94 0
0.95 0
0.96 0
0.97 0
0.98 0
0.99 0
1 0
1.01 0
1.02 0
1.03 0
1.04 0
1.05 0
1.06 0
1.07 0
1.08 0
1.09 0
1.1 0
1.11 0
1.12 0
1.13 0
1.14 0
1.15 0
1.16 0
1.17 0
1.18 0
1.19 0
1.2 0
1.21 0
1.22 0
1.23 0
1.24 0
1.25 0
1.26 0
1.27 0
1.28 0
1.29 0
1.3 0
1.31 0
1.32 0
1.33 0
1.34 0
1.35 0
1.36 0
1.37 0
1.38 0
1.39 0
1.4 0
1.41 0
1.42 0
1.43 0
1.44 0
1.45 0
1.46 0
1.47 0
1.48 0
1.49 0
1.5 0
1.51 0
1.52 0
1.53 0
1.54 0
1.55 0
1.56 0
1.57 0
1.58 0
1.59 0
1.6 0
1.61 0
1.62 0
1.63 0
1.64 0
1.65 0
1.66 0
1.67 0
1.68 0
1.69 0
1.7 5.39976e-314
1.71 1.96095e-288
1.72 5.89343e-264
1.73 1.46582e-240
1.74 3.01718e-218
1.75 5.13964e-197
1.76 7.24558e-177
1.77 8.45325e-158
1.78 8.16176e-140
1.79 6.5216e-123
1.8 4.31254e-107
1.81 2.36006e-92
1.82 1.06886e-78
1.83 4.00618e-66
1.84 1.24265e-54
1.85 3.1899e-44
1.86 6.77665e-35
1.87 1.19141e-26
1.88 1.73348e-19
1.89 2.08731e-13
1.9 2.08e-08
1.91 0.000171534
1.92 0.11707
1.93 6.61229
1.94 30.9078
1.95 11.9562
1.96 0.382761
1.97 0.00101408
1.98 2.22345e-07
1.99 4.03451e-12
2 6.05849e-18
2.01 7.52919e-25
2.02 7.74357e-33
2.03 6.59089e-42
2.04 4.64255e-52
2.05 2.70632e-63
2.06 1.3056e-75
2.07 5.21258e-89
2.08 1.72228e-103
2.09 4.7094e-119
2.1 1.0657e-135
2.11 1.9958e-153
2.12 3.09319e-172
2.13 3.96741e-192
2.14 4.2113e-213
2.15 3.69944e-235
2.16 2.68946e-258
2.17 1.61809e-282
2.18 8.05661e-308
2.19 0
2.2 0
2.21 0
2.22 0
2.23 0
2.24 0
2.25 0
2.26 0
2.27 0
2.28 0
2.29 0
2.3 0
2.31 0
2.32 0
2.33 0
2.34 0
2.35 0
2.36 0
2.37 0
2.38 0
2.39 0
2.4 0
2.41 0
2.42 0
2.43 0
2.44 0
2.45 0
2.46 0
2.47 0
2.48 0
2.49 0
2.5 0
2.51 0
2.52 0
2.53 0
2.54 0
2.55 0
2.56 0
2.57 0
2.58 0
2.59 0
2.6 0
2.61 0
2.62 0
2.63 0
2.64 0
2.65 0
2.66 0
2.67 0
2.68 0
2.69 0
2.7 0
2.71 0
2.72 0
2.73 0
2.74 0
2.75 0
2.76 0
2.77 0
2.78 0
2.79 0
2.8 0
2.81 0
2.82 0
2.83 0
2.84 0
2.85 0
2.86 0
2.87 0
2.88 0
2.89 0
2.9 0
2.91 0
2.92 0
2.93 0
2.94 0
2.95 0
2.96 0
2.97 0
2.98 0
2.99 0
3 0
3.01 0
3.02 0
3.03 0
3.04 0
3.05 0
3.06 0
3.07 0
3.08 0
3.09 0
3.1 0
3.11 0
3.12 0
3.13 0
3.14 0
3.15 0
3.16 0
3.17 0
3.18 0
3.19 0
3.2 0
3.21 0
3.22 0
3.23 0
3.24 0
3.25 0
3.26 0
3.27 0
3.28 0
3.29 0
3.3 0
3.31 0
3.32 0
3.33 0
3.34 0
3.35 0
3.36 0
3.37 0
3.38 0
3.39 0
3.4 0
3.41 0
3.42 0
3.43 0
3.44 0
3.45 0
3.46 0
3.47 0
3.48 0
3.49 0
3.5 0
3.51 0
3.52 0
3.53 0
3.54 0
3.55 0
3.56 0
3.57 0
3.58 0
3.59 0
3.6 0
3.61 0
3.62 0
3.63 0
3.64 0
3.65 0
3.66 0
3.67 0
3.68 0
3.69 0
3.7 0
3.71 0
3.72 0
3.73 0
3.74 0
3.75 0
3.76 0
3.77 0
3.78 0
3.79 0
3.8 0
3.81 0
3.82 0
3.83 0
3.84 0
3.85 0
3.86 0
3.87 0
3.88 0
3.89 0
3.9 0
3.91 0
3.92 0
3.93 0
3.94 0
3.95 0
3.96 0
3.97 0
3.98 0
3.99 0
4 0
4.01 0
4.02 0
4.03 0
4.04 0
4.05 0
4.06 0
4.07 0
4.08 0
4.09 0
4.1 0
4.11 0
4.12 0
4.13 0
4.14 0
4.15 0
4.16 0
4.17 0
4.18 0
4.19 0
4.2 0
4.21 0
4.22 0
4.23 0
4.24 0
4.25 0
4.26 0
4.27 0
4.28 0
4.29 0
4.3 0
4.31 0
4.32 0
4.33 0
4.34 0
4.35 0
4.36 0
4.37 0
4.38 0
4.39 0
4.4 0
4.41 0
4.42 0
4.43 0
4.44 0
4.45 0
4.46 0
4.47 0
4.48 0
4.49 0
4.5 0
4.51 0
4.52 0
4.53 0
4.54 0
4.55 0
4.56 0
4.57 0
4.58 0
4.59 0
4.6 0
4.61 0
4.62 0
4.63 0
4.64 0
4.65 0
4.66 0
4.67 0
4.68 0
4.69 0
4.7 0
4.71 0
4.72 0
4.73 0
4.74 0
4.75 0
4.76 0
4.77 0
4.78 0
4.79 0
4.8 0
4.81 0
4.82 0
4.83 0
4.84 0
4.85 0
4.86 0
4.87 0
4.88 0
4.89 0
4.9 0
4.91 0
4.92 0
4.93 0
4.94 0
4.95 0
4.96 0
4.97 0
4.98 0
4.99 0
5 0
5.01 0
5.02 0
5.03 0
5.04 0
5.05 0
5.06 0
5.07 0
5.08 0
5.09 0
5.1 0
5.11 0
5.12 0
5.13 0
5.14 0
5.15 0
5.16 0
5.17 0
5.18 0
5.19 0
5.2 0
5.21 0
5.22 0
5.23 0
5.24 0
5.25 0
5.26 0
5.27 0
5.28 0
5.29 0
5.3 0
5.31 0
5.32 0
5.33 0
5.34 0
5.35 0
5.36 0
5.37 0
5.38 0
5.39 0
5.4 0
5.41 0
5.42 0
5.43 0
5.44 0
5.45 0
5.46 0
5.47 0
5.48 0
5.49 0
5.5 0
5.51 0
5.52 0
5.53 0
5.54 0
5.55 0
5.56 0
5.57 0
5.58 0
5.59 0
5.6 0
5.61 0
5.62 0
5.63 0
5.64 0
5.65 0
5.66 0
5.67 0
5.68 0
5.69 0
5.7 0
5.71 0
5.72 0
5.73 0
5.74 0
5.75 0
5.76 0
5.77 0
5.78 0
5.79 0
5.8 0
5.81 0
5.82 0
5.83 0
5.84 0
5.85 0
5.86 0
5.87 0
5.88 0
5.89 0
5.9 0
5.91 0
5.92 0
5.93 0
5.94 0
5.95 0
5.96 0
5.97 0
5.98 0
5.99 0
