-6 0.002536
-5.99 0.00257308
-5.98 0.00261064
-5.97 0.00264868
-5.96 0.00268721
-5.95 0.00272624
-5.94 0.00276576
-5.93 0.00280579
-5.92 0.00284633
-5.91 0.00288739
-5.9 0.00292896
-5.89 0.00297106
-5.88 0.0030137
-5.87 0.00305687
-5.86 0.00310058
-5.85 0.00314484
-5.84 0.00318965
-5.83 0.00323503
-5.82 0.00328097
-5.81 0.00332748
-5.8 0.00337456
-5.79 0.00342223
-5.78 0.00347049
-5.77 0.00351935
-5.76 0.0035688
-5.75 0.00361886
-5.74 0.00366953
-5.73 0.00372082
-5.72 0.00377274
-5.71 0.00382529
-5.7 0.00387847
-5.69 0.0039323
-5.68 0.00398678
-5.67 0.00404191
-5.66 0.0040977
-5.65 0.00415417
-5.64 0.00421131
-5.63 0.00426913
-5.62 0.00432764
-5.61 0.00438684
-5.6 0.00444675
-5.59 0.00450736
-5.58 0.00456869
-5.57 0.00463074
-5.56 0.00469352
-5.55 0.00475703
-5.54 0.00482129
-5.53 0.00488629
-5.52 0.00495205
-5.51 0.00501857
-5.5 0.00508587
-5.49 0.00515393
-5.48 0.00522278
-5.47 0.00529243
-5.46 0.00536287
-5.45 0.00543411
-5.44 0.00550617
-5.43 0.00557904
-5.42 0.00565275
-5.41 0.00572728
-5.4 0.00580266
-5.39 0.00587889
-5.38 0.00595597
-5.37 0.00603392
-5.36 0.00611273
-5.35 0.00619243
-5.34 0.00627301
-5.33 0.00635449
-5.32 0.00643686
-5.31 0.00652015
-5.3 0.00660435
-5.29 0.00668948
-5.28 0.00677554
-5.27 0.00686253
-5.26 0.00695048
-5.25 0.00703938
-5.24 0.00712925
-5.23 0.00722008
-5.22 0.0073119
-5.21 0.0074047
-5.2 0.0074985
-5.19 0.0075933
-5.18 0.00768911
-5.17 0.00778594
-5.16 0.0078838
-5.15 0.00798269
-5.14 0.00808263
-5.13 0.00818361
-5.12 0.00828566
-5.11 0.00838878
-5.1 0.00849297
-5.09 0.00859825
-5.08 0.00870462
-5.07 0.00881209
-5.06 0.00892067
-5.05 0.00903037
-5.04 0.0091412
-5.03 0.00925316
-5.02 0.00936626
-5.01 0.00948051
-5 0.00959593
-4.99 0.00971251
-4.98 0.00983027
-4.97 0.00994922
-4.96 0.0100694
-4.95 0.0101907
-4.94 0.0103133
-4.93 0.010437
-4.92 0.010562
-4.91 0.0106883
-4.9 0.0108158
-4.89 0.0109445
-4.88 0.0110745
-4.87 0.0112058
-4.86 0.0113383
-4.85 0.0114722
-4.84 0.0116073
-4.83 0.0117437
-4.82 0.0118815
-4.81 0.0120206
-4.8 0.012161
-4.79 0.0123027
-4.78 0.0124459
-4.77 0.0125903
-4.76 0.0127361
-4.75 0.0128833
-4.74 0.0130319
-4.73 0.0131819
-4.72 0.0133333
-4.71 0.0134861
-4.7 0.0136403
-4.69 0.013796
-4.68 0.013953
-4.67 0.0141116
-4.66 0.0142715
-4.65 0.014433
-4.64 0.0145959
-4.63 0.0147603
-4.62 0.0149262
-4.61 0.0150935
-4.6 0.0152624
-4.59 0.0154328
-4.58 0.0156047
-4.57 0.0157782
-4.56 0.0159532
-4.55 0.0161297
-4.54 0.0163078
-4.53 0.0164875
-4.52 0.0166687
-4.51 0.0168515
-4.5 0.0170359
-4.49 0.0172219
-4.48 0.0174096
-4.47 0.0175988
-4.46 0.0177896
-4.45 0.0179821
-4.44 0.0181763
-4.43 0.018372
-4.42 0.0185695
-4.41 0.0187686
-4.4 0.0189694
-4.39 0.0191718
-4.38 0.019376
-4.37 0.0195818
-4.36 0.0197894
-4.35 0.0199986
-4.34 0.0202096
-4.33 0.0204224
-4.32 0.0206368
-4.31 0.020853
-4.3 0.021071
-4.29 0.0212907
-4.28 0.0215122
-4.27 0.0217354
-4.26 0.0219605
-4.25 0.0221873
-4.24 0.0224159
-4.23 0.0226464
-4.22 0.0228786
-4.21 0.0231127
-4.2 0.0233486
-4.19 0.0235863
-4.18 0.0238259
-4.17 0.0240674
-4.16 0.0243106
-4.15 0.0245558
-4.14 0.0248028
-4.13 0.0250517
-4.12 0.0253025
-4.11 0.0255551
-4.1 0.0258097
-4.09 0.0260662
-4.08 0.0263245
-4.07 0.0265848
-4.06 0.026847
-4.05 0.0271112
-4.04 0.0273773
-4.03 0.0276453
-4.02 0.0279152
-4.01 0.0281872
-4 0.028461
-3.99 0.0287369
-3.98 0.0290147
-3.97 0.0292945
-3.96 0.0295762
-3.95 0.02986
-3.94 0.0301457
-3.93 0.0304334
-3.92 0.0307232
-3.91 0.0310149
-3.9 0.0313087
-3.89 0.0316044
-3.88 0.0319022
-3.87 0.032202
-3.86 0.0325039
-3.85 0.0328077
-3.84 0.0331137
-3.83 0.0334216
-3.82 0.0337316
-3.81 0.0340437
-3.8 0.0343578
-3.79 0.0346739
-3.78 0.0349921
-3.77 0.0353124
-3.76 0.0356348
-3.75 0.0359592
-3.74 0.0362857
-3.73 0.0366143
-3.72 0.0369449
-3.71 0.0372777
-3.7 0.0376125
-3.69 0.0379494
-3.68 0.0382884
-3.67 0.0386295
-3.66 0.0389727
-3.65 0.0393179
-3.64 0.0396653
-3.63 0.0400148
-3.62 0.0403664
-3.61 0.0407201
-3.6 0.0410758
-3.59 0.0414337
-3.58 0.0417937
-3.57 0.0421558
-3.56 0.04252
-3.55 0.0428863
-3.54 0.0432548
-3.53 0.0436253
-3.52 0.0439979
-3.51 0.0443727
-3.5 0.0447495
-3.49 0.0451285
-3.48 0.0455095
-3.47 0.0458927
-3.46 0.046278
-3.45 0.0466654
-3.44 0.0470549
-3.43 0.0474464
-3.42 0.0478401
-3.41 0.0482359
-3.4 0.0486338
-3.39 0.0490338
-3.38 0.0494358
-3.37 0.04984
-3.36 0.0502462
-3.35 0.0506546
-3.34 0.051065
-3.33 0.0514775
-3.32 0.051892
-3.31 0.0523087
-3.3 0.0527274
-3.29 0.0531482
-3.28 0.053571
-3.27 0.0539959
-3.26 0.0544228
-3.25 0.0548518
-3.24 0.0552828
-3.23 0.0557159
-3.22 0.056151
-3.21 0.0565881
-3.2 0.0570273
-3.19 0.0574685
-3.18 0.0579116
-3.17 0.0583568
-3.16 0.058804
-3.15 0.0592532
-3.14 0.0597044
-3.13 0.0601575
-3.12 0.0606126
-3.11 0.0610697
-3.1 0.0615288
-3.09 0.0619898
-3.08 0.0624527
-3.07 0.0629176
-3.06 0.0633844
-3.05 0.0638531
-3.04 0.0643237
-3.03 0.0647962
-3.02 0.0652706
-3.01 0.065747
-3 0.0662251
-2.99 0.0667052
-2.98 0.0671871
-2.97 0.0676708
-2.96 0.0681564
-2.95 0.0686438
-2.94 0.069133
-2.93 0.069624
-2.92 0.0701168
-2.91 0.0706114
-2.9 0.0711077
-2.89 0.0716059
-2.88 0.0721057
-2.87 0.0726073
-2.86 0.0731106
-2.85 0.0736156
-2.84 0.0741224
-2.83 0.0746308
-2.82 0.0751408
-2.81 0.0756526
-2.8 0.0761659
-2.79 0.0766809
-2.78 0.0771976
-2.77 0.0777158
-2.76 0.0782356
-2.75 0.078757
-2.74 0.0792799
-2.73 0.0798044
-2.72 0.0803304
-2.71 0.0808579
-2.7 0.0813869
-2.69 0.0819174
-2.68 0.0824494
-2.67 0.0829828
-2.66 0.0835177
-2.65 0.0840539
-2.64 0.0845916
-2.63 0.0851307
-2.62 0.0856711
-2.61 0.0862128
-2.6 0.0867559
-2.59 0.0873003
-2.58 0.087846
-2.57 0.088393
-2.56 0.0889412
-2.55 0.0894907
-2.54 0.0900413
-2.53 0.0905932
-2.52 0.0911463
-2.51 0.0917005
-2.5 0.0922559
-2.49 0.0928124
-2.48 0.0933699
-2.47 0.0939286
-2.46 0.0944883
-2.45 0.0950491
-2.44 0.0956109
-2.43 0.0961737
-2.42 0.0967374
-2.41 0.0973022
-2.4 0.0978678
-2.39 0.0984344
-2.38 0.0990018
-2.37 0.0995701
-2.36 0.100139
-2.35 0.100709
-2.34 0.10128
-2.33 0.101852
-2.32 0.102424
-2.31 0.102997
-2.3 0.103571
-2.29 0.104145
-2.28 0.10472
-2.27 0.105296
-2.26 0.105872
-2.25 0.106449
-2.24 0.107027
-2.23 0.107605
-2.22 0.108183
-2.21 0.108762
-2.2 0.109342
-2.19 0.109921
-2.18 0.110502
-2.17 0.111082
-2.16 0.111663
-2.15 0.112245
-2.14 0.112827
-2.13 0.113408
-2.12 0.113991
-2.11 0.114573
-2.1 0.115156
-2.09 0.115738
-2.08 0.116321
-2.07 0.116904
-2.06 0.117488
-2.05 0.118071
-2.04 0.118654
-2.03 0.119237
-2.02 0.11982
-2.01 0.120404
-2 0.120987
-1.99 0.12157
-1.98 0.122152
-1.97 0.122735
-1.96 0.123318
-1.95 0.1239
-1.94 0.124482
-1.93 0.125063
-1.92 0.125645
-1.91 0.126226
-1.9 0.126807
-1.89 0.127387
-1.88 0.127967
-1.87 0.128546
-1.86 0.129125
-1.85 0.129703
-1.84 0.130281
-1.83 0.130858
-1.82 0.131435
-1.81 0.132011
-1.8 0.132586
-1.79 0.133161
-1.78 0.133735
-1.77 0.134308
-1.76 0.13488
-1.75 0.135451
-1.74 0.136022
-1.73 0.136592
-1.72 0.13716
-1.71 0.137728
-1.7 0.138295
-1.69 0.138861
-1.68 0.139426
-1.67 0.139989
-1.66 0.140552
-1.65 0.141114
-1.64 0.141674
-1.63 0.142233
-1.62 0.142791
-1.61 0.143347
-1.6 0.143903
-1.59 0.144457
-1.58 0.145009
-1.57 0.14556
-1.56 0.14611
-1.55 0.146658
-1.54 0.147205
-1.53 0.14775
-1.52 0.148294
-1.51 0.148836
-1.5 0.149377
-1.49 0.149916
-1.48 0.150453
-1.47 0.150988
-1.46 0.151522
-1.45 0.152054
-1.44 0.152584
-1.43 0.153112
-1.42 0.153639
-1.41 0.154163
-1.4 0.154686
-1.39 0.155207
-1.38 0.155725
-1.37 0.156242
-1.36 0.156756
-1.35 0.157269
-1.34 0.157779
-1.33 0.158287
-1.32 0.158793
-1.31 0.159297
-1.3 0.159798
-1.29 0.160297
-1.28 0.160794
-1.27 0.161289
-1.26 0.161781
-1.25 0.162271
-1.24 0.162758
-1.23 0.163243
-1.22 0.163725
-1.21 0.164205
-1.2 0.164682
-1.19 0.165157
-1.18 0.165629
-1.17 0.166098
-1.16 0.166565
-1.15 0.167029
-1.14 0.16749
-1.13 0.167948
-1.12 0.168404
-1.11 0.168857
-1.1 0.169307
-1.09 0.169754
-1.08 0.170198
-1.07 0.170639
-1.06 0.171077
-1.05 0.171512
-1.04 0.171944
-1.03 0.172374
-1.02 0.1728
-1.01 0.173222
-1 0.173642
-0.99 0.174059
-0.98 0.174472
-0.97 0.174882
-0.96 0.175289
-0.95 0.175693
-0.94 0.176093
-0.93 0.17649
-0.92 0.176883
-0.91 0.177274
-0.9 0.17766
-0.89 0.178044
-0.88 0.178423
-0.87 0.1788
-0.86 0.179173
-0.85 0.179542
-0.84 0.179908
-0.83 0.18027
-0.82 0.180628
-0.81 0.180983
-0.8 0.181334
-0.79 0.181682
-0.78 0.182025
-0.77 0.182365
-0.76 0.182702
-0.75 0.183034
-0.74 0.183363
-0.73 0.183688
-0.72 0.184008
-0.71 0.184326
-0.7 0.184639
-0.69 0.184948
-0.68 0.185253
-0.67 0.185555
-0.66 0.185852
-0.65 0.186145
-0.64 0.186435
-0.63 0.18672
-0.62 0.187001
-0.61 0.187278
-0.6 0.187551
-0.59 0.18782
-0.58 0.188085
-0.57 0.188345
-0.56 0.188602
-0.55 0.188854
-0.54 0.189102
-0.53 0.189346
-0.52 0.189585
-0.51 0.189821
-0.5 0.190052
-0.49 0.190278
-0.48 0.190501
-0.47 0.190719
-0.46 0.190932
-0.45 0.191141
-0.44 0.191346
-0.43 0.191547
-0.42 0.191743
-0.41 0.191935
-0.4 0.192122
-0.39 0.192305
-0.38 0.192483
-0.37 0.192657
-0.36 0.192826
-0.35 0.192991
-0.34 0.193152
-0.33 0.193307
-0.32 0.193459
-0.31 0.193606
-0.3 0.193748
-0.29 0.193885
-0.28 0.194019
-0.27 0.194147
-0.26 0.194271
-0.25 0.19439
-0.24 0.194505
-0.23 0.194615
-0.22 0.194721
-0.21 0.194821
-0.2 0.194918
-0.19 0.195009
-0.18 0.195096
-0.17 0.195178
-0.16 0.195256
-0.15 0.195329
-0.14 0.195397
-0.13 0.19546
-0.12 0.195519
-0.11 0.195573
-0.1 0.195623
-0.09 0.195668
-0.08 0.195708
-0.07 0.195743
-0.06 0.195774
-0.05 0.195799
-0.04 0.195821
-0.03 0.195837
-0.02 0.195849
-0.01 0.195856
0 0.20134
0.01 0.195856
0.02 0.195849
0.03 0.195837
0.04 0.195821
0.05 0.195799
0.06 0.195774
0.07 0.195743
0.08 0.195708
0.09 0.195668
0.1 0.195623
0.11 0.195573
0.12 0.195519
0.13 0.19546
0.14 0.195397
0.15 0.195329
0.16 0.195256
0.17 0.195178
0.18 0.195096
0.19 0.195009
0.2 0.194918
0.21 0.194821
0.22 0.194721
0.23 0.194615
0.24 0.194505
0.25 0.19439
0.26 0.194271
0.27 0.194147
0.28 0.194019
0.29 0.193885
0.3 0.193748
0.31 0.193606
0.32 0.193459
0.33 0.193307
0.34 0.193152
0.35 0.192991
0.36 0.192826
0.37 0.192657
0.38 0.192483
0.39 0.192305
0.4 0.192122
0.41 0.191935
0.42 0.191743
0.43 0.191547
0.44 0.191346
0.45 0.191141
0.46 0.190932
0.47 0.190719
0.48 0.190501
0.49 0.190278
0.5 0.190052
0.51 0.189821
0.52 0.189585
0.53 0.189346
0.54 0.189102
0.55 0.188854
0.56 0.188602
0.57 0.188345
0.58 0.188085
0.59 0.18782
0.6 0.187551
0.61 0.187278
0.62 0.187001
0.63 0.18672
0.64 0.186435
0.65 0.186145
0.66 0.185852
0.67 0.185555
0.68 0.185253
0.69 0.184948
0.7 0.184639
0.71 0.184326
0.72 0.184008
0.73 0.183688
0.74 0.183363
0.75 0.183034
0.76 0.182702
0.77 0.182365
0.78 0.182025
0.79 0.181682
0.8 0.181334
0.81 0.180983
0.82 0.180628
0.83 0.18027
0.84 0.179908
0.85 0.179542
0.86 0.179173
0.87 0.1788
0.88 0.178423
0.89 0.178044
0.9 0.17766
0.91 0.177274
0.92 0.176883
0.93 0.17649
0.94 0.176093
0.95 0.175693
0.96 0.175289
0.97 0.174882
0.98 0.174472
0.99 0.174059
1 0.173642
1.01 0.173222
1.02 0.1728
1.03 0.172374
1.04 0.171944
1.05 0.171512
1.06 0.171077
1.07 0.170639
1.08 0.170198
1.09 0.169754
1.1 0.169307
1.11 0.168857
1.12 0.168404
1.13 0.167948
1.14 0.16749
1.15 0.167029
1.16 0.166565
1.17 0.166098
1.18 0.165629
1.19 0.165157
1.2 0.164682
1.21 0.164205
1.22 0.163725
1.23 0.163243
1.24 0.162758
1.25 0.162271
1.26 0.161781
1.27 0.161289
1.28 0.160794
1.29 0.160297
1.3 0.159798
1.31 0.159297
1.32 0.158793
1.33 0.158287
1.34 0.157779
1.35 0.157269
1.36 0.156756
1.37 0.156242
1.38 0.155725
1.39 0.155207
1.4 0.154686
1.41 0.154163
1.42 0.153639
1.43 0.153112
1.44 0.152584
1.45 0.152054
1.46 0.151522
1.47 0.150988
1.48 0.150453
1.49 0.149916
1.5 0.149377
1.51 0.148836
1.52 0.148294
1.53 0.14775
1.54 0.147205
1.55 0.146658
1.56 0.14611
1.57 0.14556
1.58 0.145009
1.59 0.144457
1.6 0.143903
1.61 0.143347
1.62 0.142791
1.63 0.142233
1.64 0.141674
1.65 0.141114
1.66 0.140552
1.67 0.139989
1.68 0.139426
1.69 0.138861
1.7 0.138295
1.71 0.137728
1.72 0.13716
1.73 0.136592
1.74 0.136022
1.75 0.135451
1.76 0.13488
1.77 0.134308
1.78 0.133735
1.79 0.133161
1.8 0.132586
1.81 0.132011
1.82 0.131435
1.83 0.130858
1.84 0.130281
1.85 0.129703
1.86 0.129125
1.87 0.128546
1.88 0.127967
1.89 0.127387
1.9 0.126807
1.91 0.126226
1.92 0.125645
1.93 0.125063
1.94 0.124482
1.95 0.1239
1.96 0.123318
1.97 0.122735
1.98 0.122152
1.99 0.12157
2 0.120987
2.01 0.120404
2.02 0.11982
2.03 0.119237
2.04 0.118654
2.05 0.118071
2.06 0.117488
2.07 0.116904
2.08 0.116321
2.09 0.115738
2.1 0.115156
2.11 0.114573
2.12 0.113991
2.13 0.113408
2.14 0.112827
2.15 0.112245
2.16 0.111663
2.17 0.111082
2.18 0.110502
2.19 0.109921
2.2 0.109342
2.21 0.108762
2.22 0.108183
2.23 0.107605
2.24 0.107027
2.25 0.106449
2.26 0.105872
2.27 0.105296
2.28 0.10472
2.29 0.104145
2.3 0.103571
2.31 0.102997
2.32 0.102424
2.33 0.101852
2.34 0.10128
2.35 0.100709
2.36 0.100139
2.37 0.0995701
2.38 0.0990018
2.39 0.0984344
2.4 0.0978678
2.41 0.0973022
2.42 0.0967374
2.43 0.0961737
2.44 0.0956109
2.45 0.0950491
2.46 0.0944883
2.47 0.0939286
2.48 0.0933699
2.49 0.0928124
2.5 0.0922559
2.51 0.0917005
2.52 0.0911463
2.53 0.0905932
2.54 0.0900413
2.55 0.0894907
2.56 0.0889412
2.57 0.088393
2.58 0.087846
2.59 0.0873003
2.6 0.0867559
2.61 0.0862128
2.62 0.0856711
2.63 0.0851307
2.64 0.0845916
2.65 0.0840539
2.66 0.0835177
2.67 0.0829828
2.68 0.0824494
2.69 0.0819174
2.7 0.0813869
2.71 0.0808579
2.72 0.0803304
2.73 0.0798044
2.74 0.0792799
2.75 0.078757
2.76 0.0782356
2.77 0.0777158
2.78 0.0771976
2.79 0.0766809
2.8 0.0761659
2.81 0.0756526
2.82 0.0751408
2.83 0.0746308
2.84 0.0741224
2.85 0.0736156
2.86 0.0731106
2.87 0.0726073
2.88 0.0721057
2.89 0.0716059
2.9 0.0711077
2.91 0.0706114
2.92 0.0701168
2.93 0.069624
2.94 0.069133
2.95 0.0686438
2.96 0.0681564
2.97 0.0676708
2.98 0.0671871
2.99 0.0667052
3 0.0662251
3.01 0.065747
3.02 0.0652706
3.03 0.0647962
3.04 0.0643237
3.05 0.0638531
3.06 0.0633844
3.07 0.0629176
3.08 0.0624527
3.09 0.0619898
3.1 0.0615288
3.11 0.0610697
3.12 0.0606126
3.13 0.0601575
3.14 0.0597044
3.15 0.0592532
3.16 0.058804
3.17 0.0583568
3.18 0.0579116
3.19 0.0574685
3.2 0.0570273
3.21 0.0565881
3.22 0.056151
3.23 0.0557159
3.24 0.0552828
3.25 0.0548518
3.26 0.0544228
3.27 0.0539959
3.28 0.053571
3.29 0.0531482
3.3 0.0527274
3.31 0.0523087
3.32 0.051892
3.33 0.0514775
3.34 0.051065
3.35 0.0506546
3.36 0.0502462
3.37 0.04984
3.38 0.0494358
3.39 0.0490338
3.4 0.0486338
3.41 0.0482359
3.42 0.0478401
3.43 0.0474464
3.44 0.0470549
3.45 0.0466654
3.46 0.046278
3.47 0.0458927
3.48 0.0455095
3.49 0.0451285
3.5 0.0447495
3.51 0.0443727
3.52 0.0439979
3.53 0.0436253
3.54 0.0432548
3.55 0.0428863
3.56 0.04252
3.57 0.0421558
3.58 0.0417937
3.59 0.0414337
3.6 0.0410758
3.61 0.0407201
3.62 0.0403664
3.63 0.0400148
3.64 0.0396653
3.65 0.0393179
3.66 0.0389727
3.67 0.0386295
3.68 0.0382884
3.69 0.0379494
3.7 0.0376125
3.71 0.0372777
3.72 0.0369449
3.73 0.0366143
3.74 0.0362857
3.75 0.0359592
3.76 0.0356348
3.77 0.0353124
3.78 0.0349921
3.79 0.0346739
3.8 0.0343578
3.81 0.0340437
3.82 0.0337316
3.83 0.0334216
3.84 0.0331137
3.85 0.0328077
3.86 0.0325039
3.87 0.032202
3.88 0.0319022
3.89 0.0316044
3.9 0.0313087
3.91 0.0310149
3.92 0.0307232
3.93 0.0304334
3.94 0.0301457
3.95 0.02986
3.96 0.0295762
3.97 0.0292945
3.98 0.0290147
3.99 0.0287369
4 0.028461
4.01 0.0281872
4.02 0.0279152
4.03 0.0276453
4.04 0.0273773
4.05 0.0271112
4.06 0.026847
4.07 0.0265848
4.08 0.0263245
4.09 0.0260662
4.1 0.0258097
4.11 0.0255551
4.12 0.0253025
4.13 0.0250517
4.14 0.0248028
4.15 0.0245558
4.16 0.0243106
4.17 0.0240674
4.18 0.0238259
4.19 0.0235863
4.2 0.0233486
4.21 0.0231127
4.22 0.0228786
4.23 0.0226464
4.24 0.0224159
4.25 0.0221873
4.26 0.0219605
4.27 0.0217354
4.28 0.0215122
4.29 0.0212907
4.3 0.021071
4.31 0.020853
4.32 0.0206368
4.33 0.0204224
4.34 0.0202096
4.35 0.0199986
4.36 0.0197894
4.37 0.0195818
4.38 0.019376
4.39 0.0191718
4.4 0.0189694
4.41 0.0187686
4.42 0.0185695
4.43 0.018372
4.44 0.0181763
4.45 0.0179821
4.46 0.0177896
4.47 0.0175988
4.48 0.0174096
4.49 0.0172219
4.5 0.0170359
4.51 0.0168515
4.52 0.0166687
4.53 0.0164875
4.54 0.0163078
4.55 0.0161297
4.56 0.0159532
4.57 0.0157782
4.58 0.0156047
4.59 0.0154328
4.6 0.0152624
4.61 0.0150935
4.62 0.0149262
4.63 0.0147603
4.64 0.0145959
4.65 0.014433
4.66 0.0142715
4.67 0.0141116
4.68 0.013953
4.69 0.013796
4.7 0.0136403
4.71 0.0134861
4.72 0.0133333
4.73 0.0131819
4.74 0.0130319
4.75 0.0128833
4.76 0.0127361
4.77 0.0125903
4.78 0.0124459
4.79 0.0123027
4.8 0.012161
4.81 0.0120206
4.82 0.0118815
4.83 0.0117437
4.84 0.0116073
4.85 0.0114722
4.86 0.0113383
4.87 0.0112058
4.88 0.0110745
4.89 0.0109445
4.9 0.0108158
4.91 0.0106883
4.92 0.010562
4.93 0.010437
4.94 0.0103133
4.95 0.0101907
4.96 0.0100694
4.97 0.00994922
4.98 0.00983027
4.99 0.00971251
5 0.00959593
5.01 0.00948051
5.02 0.00936626
5.03 0.00925316
5.04 0.0091412
5.05 0.00903037
5.06 0.00892067
5.07 0.00881209
5.08 0.00870462
5.09 0.00859825
5.1 0.00849297
5.11 0.00838878
5.12 0.00828566
5.13 0.00818361
5.14 0.00808263
5.15 0.00798269
5.16 0.0078838
5.17 0.00778594
5.18 0.00768911
5.19 0.0075933
5.2 0.0074985
5.21 0.0074047
5.22 0.0073119
5.23 0.00722008
5.24 0.00712925
5.25 0.00703938
5.26 0.00695048
5.27 0.00686253
5.28 0.00677554
5.29 0.00668948
5.3 0.00660435
5.31 0.00652015
5.32 0.00643686
5.33 0.00635449
5.34 0.00627301
5.35 0.00619243
5.36 0.00611273
5.37 0.00603392
5.38 0.00595597
5.39 0.00587889
5.4 0.00580266
5.41 0.00572728
5.42 0.00565275
5.43 0.00557904
5.44 0.00550617
5.45 0.00543411
5.46 0.00536287
5.47 0.00529243
5.48 0.00522278
5.49 0.00515393
5.5 0.00508587
5.51 0.00501857
5.52 0.00495205
5.53 0.00488629
5.54 0.00482129
5.55 0.00475703
5.56 0.00469352
5.57 0.00463074
5.58 0.00456869
5.59 0.00450736
5.6 0.00444675
5.61 0.00438684
5.62 0.00432764
5.63 0.00426913
5.64 0.00421131
5.65 0.00415417
5.66 0.0040977
5.67 0.00404191
5.68 0.00398678
5.69 0.0039323
5.7 0.00387847
5.71 0.00382529
5.72 0.00377274
5.73 0.00372082
5.74 0.00366953
5.75 0.00361886
5.76 0.0035688
5.77 0.00351935
5.78 0.00347049
5.79 0.00342223
5.8 0.00337456
5.81 0.00332748
5.82 0.00328097
5.83 0.00323503
5.84 0.00318965
5.85 0.00314484
5.86 0.00310058
5.87 0.00305687
5.88 0.0030137
5.89 0.00297106
5.9 0.00292896
5.91 0.00288739
5.92 0.00284633
5.93 0.00280579
5.94 0.00276576
5.95 0.00272624
5.96 0.00268721
5.97 0.00264868
5.98 0.00261064
5.99 0.00257308
