-6 1.52543e-08
-5.99 1.63765e-08
-5.98 1.75784e-08
-5.97 1.88658e-08
-5.96 2.02443e-08
-5.95 2.17203e-08
-5.94 2.33003e-08
-5.93 2.49914e-08
-5.92 2.68013e-08
-5.91 2.87378e-08
-5.9 3.08095e-08
-5.89 3.30256e-08
-5.88 3.53957e-08
-5.87 3.79301e-08
-5.86 4.06398e-08
-5.85 4.35365e-08
-5.84 4.66325e-08
-5.83 4.99411e-08
-5.82 5.34763e-08
-5.81 5.7253e-08
-5.8 6.12872e-08
-5.79 6.55956e-08
-5.78 7.01962e-08
-5.77 7.5108e-08
-5.76 8.03514e-08
-5.75 8.59476e-08
-5.74 9.19197e-08
-5.73 9.82918e-08
-5.72 1.0509e-07
-5.71 1.1234e-07
-5.7 1.20073e-07
-5.69 1.28319e-07
-5.68 1.3711e-07
-5.67 1.46481e-07
-5.66 1.56469e-07
-5.65 1.67112e-07
-5.64 1.78452e-07
-5.63 1.90532e-07
-5.62 2.034e-07
-5.61 2.17103e-07
-5.6 2.31695e-07
-5.59 2.47229e-07
-5.58 2.63765e-07
-5.57 2.81364e-07
-5.56 3.00091e-07
-5.55 3.20017e-07
-5.54 3.41213e-07
-5.53 3.63758e-07
-5.52 3.87734e-07
-5.51 4.13227e-07
-5.5 4.40329e-07
-5.49 4.69138e-07
-5.48 4.99755e-07
-5.47 5.32289e-07
-5.46 5.66856e-07
-5.45 6.03575e-07
-5.44 6.42574e-07
-5.43 6.8399e-07
-5.42 7.27964e-07
-5.41 7.74647e-07
-5.4 8.24199e-07
-5.39 8.76787e-07
-5.38 9.32589e-07
-5.37 9.91791e-07
-5.36 1.05459e-06
-5.35 1.1212e-06
-5.34 1.19183e-06
-5.33 1.26671e-06
-5.32 1.3461e-06
-5.31 1.43025e-06
-5.3 1.51942e-06
-5.29 1.61391e-06
-5.28 1.71402e-06
-5.27 1.82006e-06
-5.26 1.93236e-06
-5.25 2.05128e-06
-5.24 2.17719e-06
-5.23 2.31047e-06
-5.22 2.45154e-06
-5.21 2.60083e-06
-5.2 2.75879e-06
-5.19 2.9259e-06
-5.18 3.10266e-06
-5.17 3.28959e-06
-5.16 3.48726e-06
-5.15 3.69624e-06
-5.14 3.91715e-06
-5.13 4.15064e-06
-5.12 4.39737e-06
-5.11 4.65806e-06
-5.1 4.93345e-06
-5.09 5.22433e-06
-5.08 5.53151e-06
-5.07 5.85587e-06
-5.06 6.19831e-06
-5.05 6.55977e-06
-5.04 6.94126e-06
-5.03 7.34381e-06
-5.02 7.76853e-06
-5.01 8.21656e-06
-5 8.6891e-06
-4.99 9.18743e-06
-4.98 9.71286e-06
-4.97 1.02668e-05
-4.96 1.08506e-05
-4.95 1.14659e-05
-4.94 1.21143e-05
-4.93 1.27974e-05
-4.92 1.35169e-05
-4.91 1.42747e-05
-4.9 1.50727e-05
-4.89 1.59129e-05
-4.88 1.67974e-05
-4.87 1.77284e-05
-4.86 1.87081e-05
-4.85 1.97389e-05
-4.84 2.08233e-05
-4.83 2.1964e-05
-4.82 2.31637e-05
-4.81 2.44252e-05
-4.8 2.57514e-05
-4.79 2.71456e-05
-4.78 2.86108e-05
-4.77 3.01506e-05
-4.76 3.17684e-05
-4.75 3.34679e-05
-4.74 3.5253e-05
-4.73 3.71276e-05
-4.72 3.90959e-05
-4.71 4.11624e-05
-4.7 4.33315e-05
-4.69 4.56079e-05
-4.68 4.79966e-05
-4.67 5.05028e-05
-4.66 5.31317e-05
-4.65 5.5889e-05
-4.64 5.87805e-05
-4.63 6.18121e-05
-4.62 6.49902e-05
-4.61 6.83212e-05
-4.6 7.18121e-05
-4.59 7.54699e-05
-4.58 7.9302e-05
-4.57 8.33159e-05
-4.56 8.75197e-05
-4.55 9.19215e-05
-4.54 9.65302e-05
-4.53 0.000101354
-4.52 0.000106404
-4.51 0.000111687
-4.5 0.000117215
-4.49 0.000122999
-4.48 0.000129047
-4.47 0.000135373
-4.46 0.000141987
-4.45 0.000148902
-4.44 0.00015613
-4.43 0.000163683
-4.42 0.000171576
-4.41 0.000179822
-4.4 0.000188436
-4.39 0.000197433
-4.38 0.000206827
-4.37 0.000216636
-4.36 0.000226875
-4.35 0.000237562
-4.34 0.000248714
-4.33 0.000260351
-4.32 0.00027249
-4.31 0.000285152
-4.3 0.000298357
-4.29 0.000312126
-4.28 0.000326481
-4.27 0.000341444
-4.26 0.000357039
-4.25 0.000373289
-4.24 0.000390219
-4.23 0.000407855
-4.22 0.000426223
-4.21 0.00044535
-4.2 0.000465266
-4.19 0.000485997
-4.18 0.000507576
-4.17 0.000530032
-4.16 0.000553397
-4.15 0.000577704
-4.14 0.000602987
-4.13 0.000629281
-4.12 0.000656622
-4.11 0.000685046
-4.1 0.000714592
-4.09 0.000745299
-4.08 0.000777207
-4.07 0.000810358
-4.06 0.000844794
-4.05 0.00088056
-4.04 0.0009177
-4.03 0.000956261
-4.02 0.000996291
-4.01 0.00103784
-4 0.00108096
-3.99 0.00112569
-3.98 0.0011721
-3.97 0.00122024
-3.96 0.00127016
-3.95 0.00132192
-3.94 0.00137558
-3.93 0.0014312
-3.92 0.00148885
-3.91 0.00154858
-3.9 0.00161046
-3.89 0.00167456
-3.88 0.00174095
-3.87 0.00180969
-3.86 0.00188086
-3.85 0.00195453
-3.84 0.00203078
-3.83 0.00210969
-3.82 0.00219132
-3.81 0.00227577
-3.8 0.00236311
-3.79 0.00245343
-3.78 0.00254682
-3.77 0.00264336
-3.76 0.00274314
-3.75 0.00284626
-3.74 0.0029528
-3.73 0.00306286
-3.72 0.00317654
-3.71 0.00329394
-3.7 0.00341516
-3.69 0.00354031
-3.68 0.00366948
-3.67 0.00380278
-3.66 0.00394033
-3.65 0.00408223
-3.64 0.0042286
-3.63 0.00437955
-3.62 0.00453519
-3.61 0.00469566
-3.6 0.00486106
-3.59 0.00503153
-3.58 0.00520718
-3.57 0.00538814
-3.56 0.00557454
-3.55 0.00576651
-3.54 0.00596419
-3.53 0.00616771
-3.52 0.00637719
-3.51 0.0065928
-3.5 0.00681465
-3.49 0.0070429
-3.48 0.00727768
-3.47 0.00751915
-3.46 0.00776745
-3.45 0.00802273
-3.44 0.00828513
-3.43 0.00855482
-3.42 0.00883194
-3.41 0.00911665
-3.4 0.00940911
-3.39 0.00970947
-3.38 0.0100179
-3.37 0.0103345
-3.36 0.0106596
-3.35 0.0109932
-3.34 0.0113355
-3.33 0.0116867
-3.32 0.0120469
-3.31 0.0124163
-3.3 0.0127952
-3.29 0.0131836
-3.28 0.0135817
-3.27 0.0139897
-3.26 0.0144077
-3.25 0.014836
-3.24 0.0152747
-3.23 0.015724
-3.22 0.016184
-3.21 0.016655
-3.2 0.0171371
-3.19 0.0176304
-3.18 0.0181352
-3.17 0.0186516
-3.16 0.0191797
-3.15 0.0197199
-3.14 0.0202721
-3.13 0.0208367
-3.12 0.0214137
-3.11 0.0220033
-3.1 0.0226058
-3.09 0.0232212
-3.08 0.0238497
-3.07 0.0244915
-3.06 0.0251468
-3.05 0.0258157
-3.04 0.0264983
-3.03 0.0271948
-3.02 0.0279054
-3.01 0.0286303
-3 0.0293694
-2.99 0.0301231
-2.98 0.0308914
-2.97 0.0316745
-2.96 0.0324725
-2.95 0.0332856
-2.94 0.0341138
-2.93 0.0349573
-2.92 0.0358162
-2.91 0.0366906
-2.9 0.0375807
-2.89 0.0384865
-2.88 0.0394081
-2.87 0.0403457
-2.86 0.0412993
-2.85 0.042269
-2.84 0.0432549
-2.83 0.044257
-2.82 0.0452755
-2.81 0.0463104
-2.8 0.0473617
-2.79 0.0484296
-2.78 0.0495139
-2.77 0.0506149
-2.76 0.0517324
-2.75 0.0528666
-2.74 0.0540175
-2.73 0.055185
-2.72 0.0563691
-2.71 0.0575699
-2.7 0.0587874
-2.69 0.0600215
-2.68 0.0612721
-2.67 0.0625393
-2.66 0.063823
-2.65 0.0651232
-2.64 0.0664397
-2.63 0.0677725
-2.62 0.0691216
-2.61 0.0704868
-2.6 0.071868
-2.59 0.0732651
-2.58 0.0746781
-2.57 0.0761067
-2.56 0.0775509
-2.55 0.0790104
-2.54 0.0804852
-2.53 0.081975
-2.52 0.0834798
-2.51 0.0849992
-2.5 0.0865331
-2.49 0.0880813
-2.48 0.0896436
-2.47 0.0912197
-2.46 0.0928094
-2.45 0.0944125
-2.44 0.0960286
-2.43 0.0976576
-2.42 0.0992991
-2.41 0.100953
-2.4 0.102619
-2.39 0.104296
-2.38 0.105985
-2.37 0.107684
-2.36 0.109394
-2.35 0.111115
-2.34 0.112845
-2.33 0.114585
-2.32 0.116334
-2.31 0.118092
-2.3 0.119858
-2.29 0.121633
-2.28 0.123414
-2.27 0.125203
-2.26 0.126998
-2.25 0.1288
-2.24 0.130607
-2.23 0.132419
-2.22 0.134237
-2.21 0.136058
-2.2 0.137884
-2.19 0.139712
-2.18 0.141544
-2.17 0.143377
-2.16 0.145212
-2.15 0.147049
-2.14 0.148886
-2.13 0.150723
-2.12 0.15256
-2.11 0.154395
-2.1 0.156229
-2.09 0.158061
-2.08 0.15989
-2.07 0.161716
-2.06 0.163538
-2.05 0.165355
-2.04 0.167167
-2.03 0.168973
-2.02 0.170773
-2.01 0.172566
-2 0.174351
-1.99 0.176128
-1.98 0.177896
-1.97 0.179655
-1.96 0.181404
-1.95 0.183142
-1.94 0.184869
-1.93 0.186583
-1.92 0.188285
-1.91 0.189974
-1.9 0.191649
-1.89 0.19331
-1.88 0.194955
-1.87 0.196585
-1.86 0.198199
-1.85 0.199795
-1.84 0.201374
-1.83 0.202935
-1.82 0.204477
-1.81 0.206
-1.8 0.207503
-1.79 0.208985
-1.78 0.210446
-1.77 0.211885
-1.76 0.213302
-1.75 0.214697
-1.74 0.216068
-1.73 0.217414
-1.72 0.218737
-1.71 0.220034
-1.7 0.221306
-1.69 0.222552
-1.68 0.223771
-1.67 0.224963
-1.66 0.226127
-1.65 0.227264
-1.64 0.228372
-1.63 0.229451
-1.62 0.230501
-1.61 0.231521
-1.6 0.23251
-1.59 0.23347
-1.58 0.234398
-1.57 0.235294
-1.56 0.23616
-1.55 0.236992
-1.54 0.237793
-1.53 0.238561
-1.52 0.239296
-1.51 0.239997
-1.5 0.240665
-1.49 0.241299
-1.48 0.241899
-1.47 0.242465
-1.46 0.242997
-1.45 0.243493
-1.44 0.243955
-1.43 0.244382
-1.42 0.244774
-1.41 0.24513
-1.4 0.245451
-1.39 0.245737
-1.38 0.245987
-1.37 0.246202
-1.36 0.246381
-1.35 0.246525
-1.34 0.246633
-1.33 0.246705
-1.32 0.246742
-1.31 0.246744
-1.3 0.24671
-1.29 0.246641
-1.28 0.246537
-1.27 0.246397
-1.26 0.246223
-1.25 0.246015
-1.24 0.245772
-1.23 0.245494
-1.22 0.245183
-1.21 0.244838
-1.2 0.244459
-1.19 0.244047
-1.18 0.243602
-1.17 0.243125
-1.16 0.242615
-1.15 0.242073
-1.14 0.2415
-1.13 0.240896
-1.12 0.24026
-1.11 0.239595
-1.1 0.238899
-1.09 0.238174
-1.08 0.23742
-1.07 0.236638
-1.06 0.235827
-1.05 0.234989
-1.04 0.234124
-1.03 0.233232
-1.02 0.232315
-1.01 0.231372
-1 0.230404
-0.99 0.229412
-0.98 0.228397
-0.97 0.227359
-0.96 0.226298
-0.95 0.225216
-0.94 0.224112
-0.93 0.222988
-0.92 0.221845
-0.91 0.220682
-0.9 0.219502
-0.89 0.218303
-0.88 0.217088
-0.87 0.215856
-0.86 0.214609
-0.85 0.213347
-0.84 0.212071
-0.83 0.210782
-0.82 0.20948
-0.81 0.208167
-0.8 0.206842
-0.79 0.205508
-0.78 0.204163
-0.77 0.202811
-0.76 0.20145
-0.75 0.200082
-0.74 0.198708
-0.73 0.197328
-0.72 0.195944
-0.71 0.194555
-0.7 0.193163
-0.69 0.191769
-0.68 0.190374
-0.67 0.188977
-0.66 0.187581
-0.65 0.186185
-0.64 0.184791
-0.63 0.183399
-0.62 0.182011
-0.61 0.180626
-0.6 0.179246
-0.59 0.177871
-0.58 0.176503
-0.57 0.175141
-0.56 0.173788
-0.55 0.172443
-0.54 0.171107
-0.53 0.169781
-0.52 0.168466
-0.51 0.167162
-0.5 0.16587
-0.49 0.164592
-0.48 0.163326
-0.47 0.162076
-0.46 0.16084
-0.45 0.159619
-0.44 0.158415
-0.43 0.157228
-0.42 0.156059
-0.41 0.154908
-0.4 0.153776
-0.39 0.152663
-0.38 0.15157
-0.37 0.150499
-0.36 0.149448
-0.35 0.148419
-0.34 0.147413
-0.33 0.146429
-0.32 0.145469
-0.31 0.144533
-0.3 0.143622
-0.29 0.142735
-0.28 0.141874
-0.27 0.141039
-0.26 0.140231
-0.25 0.139449
-0.24 0.138694
-0.23 0.137967
-0.22 0.137268
-0.21 0.136598
-0.2 0.135956
-0.19 0.135343
-0.18 0.13476
-0.17 0.134207
-0.16 0.133683
-0.15 0.13319
-0.14 0.132727
-0.13 0.132296
-0.12 0.131895
-0.11 0.131525
-0.1 0.131187
-0.09 0.130881
-0.08 0.130607
-0.07 0.130364
-0.06 0.130154
-0.05 0.129975
-0.04 0.129829
-0.03 0.129716
-0.02 0.129634
-0.01 0.129586
0 0.129569
0.01 0.129586
0.02 0.129634
0.03 0.129716
0.04 0.129829
0.05 0.129975
0.06 0.130154
0.07 0.130364
0.08 0.130607
0.09 0.130881
0.1 0.131187
0.11 0.131525
0.12 0.131895
0.13 0.132296
0.14 0.132727
0.15 0.13319
0.16 0.133683
0.17 0.134207
0.18 0.13476
0.19 0.135343
0.2 0.135956
0.21 0.136598
0.22 0.137268
0.23 0.137967
0.24 0.138694
0.25 0.139449
0.26 0.140231
0.27 0.141039
0.28 0.141874
0.29 0.142735
0.3 0.143622
0.31 0.144533
0.32 0.145469
0.33 0.146429
0.34 0.147413
0.35 0.148419
0.36 0.149448
0.37 0.150499
0.38 0.15157
0.39 0.152663
0.4 0.153776
0.41 0.154908
0.42 0.156059
0.43 0.157228
0.44 0.158415
0.45 0.159619
0.46 0.16084
0.47 0.162076
0.48 0.163326
0.49 0.164592
0.5 0.16587
0.51 0.167162
0.52 0.168466
0.53 0.169781
0.54 0.171107
0.55 0.172443
0.56 0.173788
0.57 0.175141
0.58 0.176503
0.59 0.177871
0.6 0.179246
0.61 0.180626
0.62 0.182011
0.63 0.183399
0.64 0.184791
0.65 0.186185
0.66 0.187581
0.67 0.188977
0.68 0.190374
0.69 0.191769
0.7 0.193163
0.71 0.194555
0.72 0.195944
0.73 0.197328
0.74 0.198708
0.75 0.200082
0.76 0.20145
0.77 0.202811
0.78 0.204163
0.79 0.205508
0.8 0.206842
0.81 0.208167
0.82 0.20948
0.83 0.210782
0.84 0.212071
0.85 0.213347
0.86 0.214609
0.87 0.215856
0.88 0.217088
0.89 0.218303
0.9 0.219502
0.91 0.220682
0.92 0.221845
0.93 0.222988
0.94 0.224112
0.95 0.225216
0.96 0.226298
0.97 0.227359
0.98 0.228397
0.99 0.229412
1 0.230404
1.01 0.231372
1.02 0.232315
1.03 0.233232
1.04 0.234124
1.05 0.234989
1.06 0.235827
1.07 0.236638
1.08 0.23742
1.09 0.238174
1.1 0.238899
1.11 0.239595
1.12 0.24026
1.13 0.240896
1.14 0.2415
1.15 0.242073
1.16 0.242615
1.17 0.243125
1.18 0.243602
1.19 0.244047
1.2 0.244459
1.21 0.244838
1.22 0.245183
1.23 0.245494
1.24 0.245772
1.25 0.246015
1.26 0.246223
1.27 0.246397
1.28 0.246537
1.29 0.246641
1.3 0.24671
1.31 0.246744
1.32 0.246742
1.33 0.246705
1.34 0.246633
1.35 0.246525
1.36 0.246381
1.37 0.246202
1.38 0.245987
1.39 0.245737
1.4 0.245451
1.41 0.24513
1.42 0.244774
1.43 0.244382
1.44 0.243955
1.45 0.243493
1.46 0.242997
1.47 0.242465
1.48 0.241899
1.49 0.241299
1.5 0.240665
1.51 0.239997
1.52 0.239296
1.53 0.238561
1.54 0.237793
1.55 0.236992
1.56 0.23616
1.57 0.235294
1.58 0.234398
1.59 0.23347
1.6 0.23251
1.61 0.231521
1.62 0.230501
1.63 0.229451
1.64 0.228372
1.65 0.227264
1.66 0.226127
1.67 0.224963
1.68 0.223771
1.69 0.222552
1.7 0.221306
1.71 0.220034
1.72 0.218737
1.73 0.217414
1.74 0.216068
1.75 0.214697
1.76 0.213302
1.77 0.211885
1.78 0.210446
1.79 0.208985
1.8 0.207503
1.81 0.206
1.82 0.204477
1.83 0.202935
1.84 0.201374
1.85 0.199795
1.86 0.198199
1.87 0.196585
1.88 0.194955
1.89 0.19331
1.9 0.191649
1.91 0.189974
1.92 0.188285
1.93 0.186583
1.94 0.184869
1.95 0.183142
1.96 0.181404
1.97 0.179655
1.98 0.177896
1.99 0.176128
2 0.174351
2.01 0.172566
2.02 0.170773
2.03 0.168973
2.04 0.167167
2.05 0.165355
2.06 0.163538
2.07 0.161716
2.08 0.15989
2.09 0.158061
2.1 0.156229
2.11 0.154395
2.12 0.15256
2.13 0.150723
2.14 0.148886
2.15 0.147049
2.16 0.145212
2.17 0.143377
2.18 0.141544
2.19 0.139712
2.2 0.137884
2.21 0.136058
2.22 0.134237
2.23 0.132419
2.24 0.130607
2.25 0.1288
2.26 0.126998
2.27 0.125203
2.28 0.123414
2.29 0.121633
2.3 0.119858
2.31 0.118092
2.32 0.116334
2.33 0.114585
2.34 0.112845
2.35 0.111115
2.36 0.109394
2.37 0.107684
2.38 0.105985
2.39 0.104296
2.4 0.102619
2.41 0.100953
2.42 0.0992991
2.43 0.0976576
2.44 0.0960286
2.45 0.0944125
2.46 0.0928094
2.47 0.0912197
2.48 0.0896436
2.49 0.0880813
2.5 0.0865331
2.51 0.0849992
2.52 0.0834798
2.53 0.081975
2.54 0.0804852
2.55 0.0790104
2.56 0.0775509
2.57 0.0761067
2.58 0.0746781
2.59 0.0732651
2.6 0.071868
2.61 0.0704868
2.62 0.0691216
2.63 0.0677725
2.64 0.0664397
2.65 0.0651232
2.66 0.063823
2.67 0.0625393
2.68 0.0612721
2.69 0.0600215
2.7 0.0587874
2.71 0.0575699
2.72 0.0563691
2.73 0.055185
2.74 0.0540175
2.75 0.0528666
2.76 0.0517324
2.77 0.0506149
2.78 0.0495139
2.79 0.0484296
2.8 0.0473617
2.81 0.0463104
2.82 0.0452755
2.83 0.044257
2.84 0.0432549
2.85 0.042269
2.86 0.0412993
2.87 0.0403457
2.88 0.0394081
2.89 0.0384865
2.9 0.0375807
2.91 0.0366906
2.92 0.0358162
2.93 0.0349573
2.94 0.0341138
2.95 0.0332856
2.96 0.0324725
2.97 0.0316745
2.98 0.0308914
2.99 0.0301231
3 0.0293694
3.01 0.0286303
3.02 0.0279054
3.03 0.0271948
3.04 0.0264983
3.05 0.0258157
3.06 0.0251468
3.07 0.0244915
3.08 0.0238497
3.09 0.0232212
3.1 0.0226058
3.11 0.0220033
3.12 0.0214137
3.13 0.0208367
3.14 0.0202721
3.15 0.0197199
3.16 0.0191797
3.17 0.0186516
3.18 0.0181352
3.19 0.0176304
3.2 0.0171371
3.21 0.016655
3.22 0.016184
3.23 0.015724
3.24 0.0152747
3.25 0.014836
3.26 0.0144077
3.27 0.0139897
3.28 0.0135817
3.29 0.0131836
3.3 0.0127952
3.31 0.0124163
3.32 0.0120469
3.33 0.0116867
3.34 0.0113355
3.35 0.0109932
3.36 0.0106596
3.37 0.0103345
3.38 0.0100179
3.39 0.00970947
3.4 0.00940911
3.41 0.00911665
3.42 0.00883194
3.43 0.00855482
3.44 0.00828513
3.45 0.00802273
3.46 0.00776745
3.47 0.00751915
3.48 0.00727768
3.49 0.0070429
3.5 0.00681465
3.51 0.0065928
3.52 0.00637719
3.53 0.00616771
3.54 0.00596419
3.55 0.00576651
3.56 0.00557454
3.57 0.00538814
3.58 0.00520718
3.59 0.00503153
3.6 0.00486106
3.61 0.00469566
3.62 0.00453519
3.63 0.00437955
3.64 0.0042286
3.65 0.00408223
3.66 0.00394033
3.67 0.00380278
3.68 0.00366948
3.69 0.00354031
3.7 0.00341516
3.71 0.00329394
3.72 0.00317654
3.73 0.00306286
3.74 0.0029528
3.75 0.00284626
3.76 0.00274314
3.77 0.00264336
3.78 0.00254682
3.79 0.00245343
3.8 0.00236311
3.81 0.00227577
3.82 0.00219132
3.83 0.00210969
3.84 0.00203078
3.85 0.00195453
3.86 0.00188086
3.87 0.00180969
3.88 0.00174095
3.89 0.00167456
3.9 0.00161046
3.91 0.00154858
3.92 0.00148885
3.93 0.0014312
3.94 0.00137558
3.95 0.00132192
3.96 0.00127016
3.97 0.00122024
3.98 0.0011721
3.99 0.00112569
4 0.00108096
4.01 0.00103784
4.02 0.000996291
4.03 0.000956261
4.04 0.0009177
4.05 0.00088056
4.06 0.000844794
4.07 0.000810358
4.08 0.000777207
4.09 0.000745299
4.1 0.000714592
4.11 0.000685046
4.12 0.000656622
4.13 0.000629281
4.14 0.000602987
4.15 0.000577704
4.16 0.000553397
4.17 0.000530032
4.18 0.000507576
4.19 0.000485997
4.2 0.000465266
4.21 0.00044535
4.22 0.000426223
4.23 0.000407855
4.24 0.000390219
4.25 0.000373289
4.26 0.000357039
4.27 0.000341444
4.28 0.000326481
4.29 0.000312126
4.3 0.000298357
4.31 0.000285152
4.32 0.00027249
4.33 0.000260351
4.34 0.000248714
4.35 0.000237562
4.36 0.000226875
4.37 0.000216636
4.38 0.000206827
4.39 0.000197433
4.4 0.000188436
4.41 0.000179822
4.42 0.000171576
4.43 0.000163683
4.44 0.00015613
4.45 0.000148902
4.46 0.000141987
4.47 0.000135373
4.48 0.000129047
4.49 0.000122999
4.5 0.000117215
4.51 0.000111687
4.52 0.000106404
4.53 0.000101354
4.54 9.65302e-05
4.55 9.19215e-05
4.56 8.75197e-05
4.57 8.33159e-05
4.58 7.9302e-05
4.59 7.54699e-05
4.6 7.18121e-05
4.61 6.83212e-05
4.62 6.49902e-05
4.63 6.18121e-05
4.64 5.87805e-05
4.65 5.5889e-05
4.66 5.31317e-05
4.67 5.05028e-05
4.68 4.79966e-05
4.69 4.56079e-05
4.7 4.33315e-05
4.71 4.11624e-05
4.72 3.90959e-05
4.73 3.71276e-05
4.74 3.5253e-05
4.75 3.34679e-05
4.76 3.17684e-05
4.77 3.01506e-05
4.78 2.86108e-05
4.79 2.71456e-05
4.8 2.57514e-05
4.81 2.44252e-05
4.82 2.31637e-05
4.83 2.1964e-05
4.84 2.08233e-05
4.85 1.97389e-05
4.86 1.87081e-05
4.87 1.77284e-05
4.88 1.67974e-05
4.89 1.59129e-05
4.9 1.50727e-05
4.91 1.42747e-05
4.92 1.35169e-05
4.93 1.27974e-05
4.94 1.21143e-05
4.95 1.14659e-05
4.96 1.08506e-05
4.97 1.02668e-05
4.98 9.71286e-06
4.99 9.18743e-06
5 8.6891e-06
5.01 8.21656e-06
5.02 7.76853e-06
5.03 7.34381e-06
5.04 6.94126e-06
5.05 6.55977e-06
5.06 6.19831e-06
5.07 5.85587e-06
5.08 5.53151e-06
5.09 5.22433e-06
5.1 4.93345e-06
5.11 4.65806e-06
5.12 4.39737e-06
5.13 4.15064e-06
5.14 3.91715e-06
5.15 3.69624e-06
5.16 3.48726e-06
5.17 3.28959e-06
5.18 3.10266e-06
5.19 2.9259e-06
5.2 2.75879e-06
5.21 2.60083e-06
5.22 2.45154e-06
5.23 2.31047e-06
5.24 2.17719e-06
5.25 2.05128e-06
5.26 1.93236e-06
5.27 1.82006e-06
5.28 1.71402e-06
5.29 1.61391e-06
5.3 1.51942e-06
5.31 1.43025e-06
5.32 1.3461e-06
5.33 1.26671e-06
5.34 1.19183e-06
5.35 1.1212e-06
5.36 1.05459e-06
5.37 9.91791e-07
5.38 9.32589e-07
5.39 8.76787e-07
5.4 8.24199e-07
5.41 7.74647e-07
5.42 7.27964e-07
5.43 6.8399e-07
5.44 6.42574e-07
5.45 6.03575e-07
5.46 5.66856e-07
5.47 5.32289e-07
5.48 4.99755e-07
5.49 4.69138e-07
5.5 4.40329e-07
5.51 4.13227e-07
5.52 3.87734e-07
5.53 3.63758e-07
5.54 3.41213e-07
5.55 3.20017e-07
5.56 3.00091e-07
5.57 2.81364e-07
5.58 2.63765e-07
5.59 2.47229e-07
5.6 2.31695e-07
5.61 2.17103e-07
5.62 2.034e-07
5.63 1.90532e-07
5.64 1.78452e-07
5.65 1.67112e-07
5.66 1.56469e-07
5.67 1.46481e-07
5.68 1.3711e-07
5.69 1.28319e-07
5.7 1.20073e-07
5.71 1.1234e-07
5.72 1.0509e-07
5.73 9.82918e-08
5.74 9.19197e-08
5.75 8.59476e-08
5.76 8.03514e-08
5.77 7.5108e-08
5.78 7.01962e-08
5.79 6.55956e-08
5.8 6.12872e-08
5.81 5.7253e-08
5.82 5.34763e-08
5.83 4.99411e-08
5.84 4.66325e-08
5.85 4.35365e-08
5.86 4.06398e-08
5.87 3.79301e-08
5.88 3.53957e-08
5.89 3.30256e-08
5.9 3.08095e-08
5.91 2.87378e-08
5.92 2.68013e-08
5.93 2.49914e-08
5.94 2.33003e-08
5.95 2.17203e-08
5.96 2.02443e-08
5.97 1.88658e-08
5.98 1.75784e-08
5.99 1.63765e-08
