-6 0.000148125
-5.99 0.000155317
-5.98 0.000162834
-5.97 0.000170689
-5.96 0.000178896
-5.95 0.000187468
-5.94 0.000196422
-5.93 0.000205771
-5.92 0.000215533
-5.91 0.000225724
-5.9 0.000236361
-5.89 0.000247461
-5.88 0.000259043
-5.87 0.000271126
-5.86 0.00028373
-5.85 0.000296874
-5.84 0.00031058
-5.83 0.000324869
-5.82 0.000339764
-5.81 0.000355288
-5.8 0.000371464
-5.79 0.000388318
-5.78 0.000405875
-5.77 0.000424161
-5.76 0.000443204
-5.75 0.000463031
-5.74 0.000483671
-5.73 0.000505154
-5.72 0.000527512
-5.71 0.000550775
-5.7 0.000574977
-5.69 0.000600151
-5.68 0.000626332
-5.67 0.000653555
-5.66 0.000681858
-5.65 0.000711278
-5.64 0.000741855
-5.63 0.000773629
-5.62 0.00080664
-5.61 0.000840933
-5.6 0.00087655
-5.59 0.000913536
-5.58 0.000951939
-5.57 0.000991804
-5.56 0.00103318
-5.55 0.00107612
-5.54 0.00112068
-5.53 0.0011669
-5.52 0.00121484
-5.51 0.00126456
-5.5 0.00131612
-5.49 0.00136957
-5.48 0.00142497
-5.47 0.00148239
-5.46 0.00154189
-5.45 0.00160353
-5.44 0.00166738
-5.43 0.00173351
-5.42 0.00180199
-5.41 0.00187289
-5.4 0.00194629
-5.39 0.00202225
-5.38 0.00210085
-5.37 0.00218218
-5.36 0.00226632
-5.35 0.00235334
-5.34 0.00244333
-5.33 0.00253637
-5.32 0.00263256
-5.31 0.00273198
-5.3 0.00283472
-5.29 0.00294088
-5.28 0.00305055
-5.27 0.00316383
-5.26 0.00328081
-5.25 0.00340161
-5.24 0.00352631
-5.23 0.00365503
-5.22 0.00378788
-5.21 0.00392495
-5.2 0.00406636
-5.19 0.00421223
-5.18 0.00436267
-5.17 0.0045178
-5.16 0.00467772
-5.15 0.00484258
-5.14 0.00501248
-5.13 0.00518755
-5.12 0.00536792
-5.11 0.00555371
-5.1 0.00574507
-5.09 0.00594211
-5.08 0.00614497
-5.07 0.00635379
-5.06 0.00656871
-5.05 0.00678987
-5.04 0.00701741
-5.03 0.00725146
-5.02 0.00749219
-5.01 0.00773972
-5 0.00799422
-4.99 0.00825583
-4.98 0.00852471
-4.97 0.008801
-4.96 0.00908487
-4.95 0.00937646
-4.94 0.00967594
-4.93 0.00998347
-4.92 0.0102992
-4.91 0.0106233
-4.9 0.0109559
-4.89 0.0112973
-4.88 0.0116475
-4.87 0.0120067
-4.86 0.0123751
-4.85 0.0127529
-4.84 0.0131402
-4.83 0.0135372
-4.82 0.0139441
-4.81 0.0143611
-4.8 0.0147882
-4.79 0.0152258
-4.78 0.0156739
-4.77 0.0161327
-4.76 0.0166025
-4.75 0.0170833
-4.74 0.0175754
-4.73 0.0180789
-4.72 0.018594
-4.71 0.0191208
-4.7 0.0196596
-4.69 0.0202105
-4.68 0.0207737
-4.67 0.0213493
-4.66 0.0219376
-4.65 0.0225386
-4.64 0.0231525
-4.63 0.0237796
-4.62 0.0244199
-4.61 0.0250737
-4.6 0.025741
-4.59 0.0264221
-4.58 0.0271171
-4.57 0.0278261
-4.56 0.0285494
-4.55 0.0292869
-4.54 0.030039
-4.53 0.0308057
-4.52 0.0315871
-4.51 0.0323834
-4.5 0.0331948
-4.49 0.0340213
-4.48 0.0348631
-4.47 0.0357203
-4.46 0.0365929
-4.45 0.0374812
-4.44 0.0383853
-4.43 0.0393051
-4.42 0.0402409
-4.41 0.0411927
-4.4 0.0421605
-4.39 0.0431446
-4.38 0.0441449
-4.37 0.0451615
-4.36 0.0461945
-4.35 0.047244
-4.34 0.0483099
-4.33 0.0493924
-4.32 0.0504914
-4.31 0.0516071
-4.3 0.0527394
-4.29 0.0538883
-4.28 0.0550539
-4.27 0.0562361
-4.26 0.057435
-4.25 0.0586505
-4.24 0.0598826
-4.23 0.0611313
-4.22 0.0623965
-4.21 0.0636783
-4.2 0.0649765
-4.19 0.066291
-4.18 0.0676219
-4.17 0.068969
-4.16 0.0703323
-4.15 0.0717115
-4.14 0.0731067
-4.13 0.0745177
-4.12 0.0759444
-4.11 0.0773866
-4.1 0.0788442
-4.09 0.0803171
-4.08 0.081805
-4.07 0.0833078
-4.06 0.0848253
-4.05 0.0863573
-4.04 0.0879036
-4.03 0.089464
-4.02 0.0910382
-4.01 0.092626
-4 0.0942272
-3.99 0.0958415
-3.98 0.0974686
-3.97 0.0991082
-3.96 0.10076
-3.95 0.102424
-3.94 0.104099
-3.93 0.105786
-3.92 0.107484
-3.91 0.109192
-3.9 0.110911
-3.89 0.11264
-3.88 0.114378
-3.87 0.116125
-3.86 0.117881
-3.85 0.119646
-3.84 0.121418
-3.83 0.123198
-3.82 0.124985
-3.81 0.126778
-3.8 0.128578
-3.79 0.130383
-3.78 0.132194
-3.77 0.134009
-3.76 0.135829
-3.75 0.137653
-3.74 0.139479
-3.73 0.141309
-3.72 0.14314
-3.71 0.144974
-3.7 0.146808
-3.69 0.148643
-3.68 0.150478
-3.67 0.152313
-3.66 0.154146
-3.65 0.155978
-3.64 0.157808
-3.63 0.159635
-3.62 0.161458
-3.61 0.163277
-3.6 0.165092
-3.59 0.166902
-3.58 0.168705
-3.57 0.170503
-3.56 0.172293
-3.55 0.174075
-3.54 0.175849
-3.53 0.177615
-3.52 0.17937
-3.51 0.181116
-3.5 0.18285
-3.49 0.184573
-3.48 0.186284
-3.47 0.187983
-3.46 0.189667
-3.45 0.191338
-3.44 0.192995
-3.43 0.194636
-3.42 0.196261
-3.41 0.197869
-3.4 0.19946
-3.39 0.201034
-3.38 0.202589
-3.37 0.204125
-3.36 0.205642
-3.35 0.207138
-3.34 0.208613
-3.33 0.210067
-3.32 0.211499
-3.31 0.212908
-3.3 0.214294
-3.29 0.215657
-3.28 0.216994
-3.27 0.218307
-3.26 0.219595
-3.25 0.220856
-3.24 0.222091
-3.23 0.223299
-3.22 0.224479
-3.21 0.225631
-3.2 0.226755
-3.19 0.22785
-3.18 0.228915
-3.17 0.22995
-3.16 0.230954
-3.15 0.231928
-3.14 0.23287
-3.13 0.23378
-3.12 0.234659
-3.11 0.235505
-3.1 0.236318
-3.09 0.237097
-3.08 0.237843
-3.07 0.238555
-3.06 0.239233
-3.05 0.239876
-3.04 0.240485
-3.03 0.241058
-3.02 0.241596
-3.01 0.242098
-3 0.242565
-2.99 0.242995
-2.98 0.243389
-2.97 0.243747
-2.96 0.244068
-2.95 0.244352
-2.94 0.244599
-2.93 0.244809
-2.92 0.244983
-2.91 0.245119
-2.9 0.245218
-2.89 0.245279
-2.88 0.245303
-2.87 0.24529
-2.86 0.24524
-2.85 0.245152
-2.84 0.245027
-2.83 0.244865
-2.82 0.244666
-2.81 0.24443
-2.8 0.244157
-2.79 0.243847
-2.78 0.2435
-2.77 0.243117
-2.76 0.242697
-2.75 0.242242
-2.74 0.24175
-2.73 0.241223
-2.72 0.24066
-2.71 0.240063
-2.7 0.23943
-2.69 0.238762
-2.68 0.23806
-2.67 0.237325
-2.66 0.236555
-2.65 0.235752
-2.64 0.234916
-2.63 0.234047
-2.62 0.233147
-2.61 0.232214
-2.6 0.23125
-2.59 0.230254
-2.58 0.229229
-2.57 0.228173
-2.56 0.227087
-2.55 0.225972
-2.54 0.224829
-2.53 0.223657
-2.52 0.222457
-2.51 0.22123
-2.5 0.219977
-2.49 0.218697
-2.48 0.217392
-2.47 0.216062
-2.46 0.214707
-2.45 0.213328
-2.44 0.211926
-2.43 0.210501
-2.42 0.209054
-2.41 0.207585
-2.4 0.206095
-2.39 0.204585
-2.38 0.203055
-2.37 0.201506
-2.36 0.199938
-2.35 0.198352
-2.34 0.196749
-2.33 0.195129
-2.32 0.193493
-2.31 0.191842
-2.3 0.190175
-2.29 0.188495
-2.28 0.186801
-2.27 0.185094
-2.26 0.183375
-2.25 0.181644
-2.24 0.179902
-2.23 0.17815
-2.22 0.176388
-2.21 0.174617
-2.2 0.172838
-2.19 0.17105
-2.18 0.169256
-2.17 0.167455
-2.16 0.165647
-2.15 0.163835
-2.14 0.162017
-2.13 0.160196
-2.12 0.158371
-2.11 0.156543
-2.1 0.154712
-2.09 0.15288
-2.08 0.151046
-2.07 0.149212
-2.06 0.147378
-2.05 0.145544
-2.04 0.143711
-2.03 0.14188
-2.02 0.140051
-2.01 0.138225
-2 0.136401
-1.99 0.134582
-1.98 0.132766
-1.97 0.130955
-1.96 0.12915
-1.95 0.127349
-1.94 0.125555
-1.93 0.123768
-1.92 0.121987
-1.91 0.120214
-1.9 0.118449
-1.89 0.116692
-1.88 0.114944
-1.87 0.113205
-1.86 0.111475
-1.85 0.109756
-1.84 0.108046
-1.83 0.106347
-1.82 0.104659
-1.81 0.102982
-1.8 0.101317
-1.79 0.099664
-1.78 0.098023
-1.77 0.0963946
-1.76 0.094779
-1.75 0.0931765
-1.74 0.0915873
-1.73 0.0900118
-1.72 0.0884501
-1.71 0.0869025
-1.7 0.0853693
-1.69 0.0838506
-1.68 0.0823466
-1.67 0.0808575
-1.66 0.0793835
-1.65 0.0779248
-1.64 0.0764816
-1.63 0.075054
-1.62 0.0736421
-1.61 0.072246
-1.6 0.070866
-1.59 0.0695021
-1.58 0.0681544
-1.57 0.066823
-1.56 0.065508
-1.55 0.0642095
-1.54 0.0629275
-1.53 0.0616621
-1.52 0.0604134
-1.51 0.0591814
-1.5 0.0579661
-1.49 0.0567675
-1.48 0.0555858
-1.47 0.0544208
-1.46 0.0532726
-1.45 0.0521412
-1.44 0.0510265
-1.43 0.0499286
-1.42 0.0488474
-1.41 0.0477829
-1.4 0.0467351
-1.39 0.0457039
-1.38 0.0446891
-1.37 0.0436909
-1.36 0.0427091
-1.35 0.0417437
-1.34 0.0407945
-1.33 0.0398615
-1.32 0.0389446
-1.31 0.0380437
-1.3 0.0371588
-1.29 0.0362896
-1.28 0.0354361
-1.27 0.0345982
-1.26 0.0337758
-1.25 0.0329687
-1.24 0.0321769
-1.23 0.0314001
-1.22 0.0306383
-1.21 0.0298913
-1.2 0.029159
-1.19 0.0284413
-1.18 0.0277379
-1.17 0.0270488
-1.16 0.0263738
-1.15 0.0257128
-1.14 0.0250655
-1.13 0.0244319
-1.12 0.0238118
-1.11 0.0232049
-1.1 0.0226112
-1.09 0.0220305
-1.08 0.0214626
-1.07 0.0209074
-1.06 0.0203646
-1.05 0.0198342
-1.04 0.0193159
-1.03 0.0188095
-1.02 0.018315
-1.01 0.017832
-1 0.0173605
-0.99 0.0169003
-0.98 0.0164512
-0.97 0.016013
-0.96 0.0155856
-0.95 0.0151687
-0.94 0.0147622
-0.93 0.014366
-0.92 0.0139798
-0.91 0.0136034
-0.9 0.0132368
-0.89 0.0128797
-0.88 0.012532
-0.87 0.0121934
-0.86 0.0118639
-0.85 0.0115432
-0.84 0.0112312
-0.83 0.0109278
-0.82 0.0106326
-0.81 0.0103457
-0.8 0.0100667
-0.79 0.00979567
-0.78 0.0095323
-0.77 0.00927647
-0.76 0.00902801
-0.75 0.00878678
-0.74 0.00855262
-0.73 0.00832538
-0.72 0.0081049
-0.71 0.00789103
-0.7 0.00768364
-0.69 0.00748256
-0.68 0.00728766
-0.67 0.00709879
-0.66 0.00691582
-0.65 0.0067386
-0.64 0.00656699
-0.63 0.00640087
-0.62 0.0062401
-0.61 0.00608455
-0.6 0.00593409
-0.59 0.00578859
-0.58 0.00564793
-0.57 0.00551199
-0.56 0.00538064
-0.55 0.00525376
-0.54 0.00513125
-0.53 0.00501298
-0.52 0.00489884
-0.51 0.00478873
-0.5 0.00468254
-0.49 0.00458015
-0.48 0.00448147
-0.47 0.0043864
-0.46 0.00429483
-0.45 0.00420666
-0.44 0.00412182
-0.43 0.00404019
-0.42 0.00396169
-0.41 0.00388624
-0.4 0.00381374
-0.39 0.00374411
-0.38 0.00367727
-0.37 0.00361314
-0.36 0.00355164
-0.35 0.0034927
-0.34 0.00343624
-0.33 0.00338219
-0.32 0.00333049
-0.31 0.00328106
-0.3 0.00323385
-0.29 0.00318878
-0.28 0.0031458
-0.27 0.00310486
-0.26 0.00306588
-0.25 0.00302883
-0.24 0.00299364
-0.23 0.00296027
-0.22 0.00292867
-0.21 0.00289879
-0.2 0.0028706
-0.19 0.00284404
-0.18 0.00281908
-0.17 0.00279568
-0.16 0.00277381
-0.15 0.00275343
-0.14 0.00273451
-0.13 0.00271702
-0.12 0.00270094
-0.11 0.00268624
-0.1 0.00267289
-0.09 0.00266088
-0.08 0.00265018
-0.07 0.00264078
-0.06 0.00263267
-0.05 0.00262582
-0.04 0.00262024
-0.03 0.00261591
-0.02 0.00261281
-0.01 0.00261096
0 0.00261035
0.01 0.00261096
0.02 0.00261281
0.03 0.00261591
0.04 0.00262024
0.05 0.00262582
0.06 0.00263267
0.07 0.00264078
0.08 0.00265018
0.09 0.00266088
0.1 0.00267289
0.11 0.00268624
0.12 0.00270094
0.13 0.00271702
0.14 0.00273451
0.15 0.00275343
0.16 0.00277381
0.17 0.00279568
0.18 0.00281908
0.19 0.00284404
0.2 0.0028706
0.21 0.00289879
0.22 0.00292867
0.23 0.00296027
0.24 0.00299364
0.25 0.00302883
0.26 0.00306588
0.27 0.00310486
0.28 0.0031458
0.29 0.00318878
0.3 0.00323385
0.31 0.00328106
0.32 0.00333049
0.33 0.00338219
0.34 0.00343624
0.35 0.0034927
0.36 0.00355164
0.37 0.00361314
0.38 0.00367727
0.39 0.00374411
0.4 0.00381374
0.41 0.00388624
0.42 0.00396169
0.43 0.00404019
0.44 0.00412182
0.45 0.00420666
0.46 0.00429483
0.47 0.0043864
0.48 0.00448147
0.49 0.00458015
0.5 0.00468254
0.51 0.00478873
0.52 0.00489884
0.53 0.00501298
0.54 0.00513125
0.55 0.00525376
0.56 0.00538064
0.57 0.00551199
0.58 0.00564793
0.59 0.00578859
0.6 0.00593409
0.61 0.00608455
0.62 0.0062401
0.63 0.00640087
0.64 0.00656699
0.65 0.0067386
0.66 0.00691582
0.67 0.00709879
0.68 0.00728766
0.69 0.00748256
0.7 0.00768364
0.71 0.00789103
0.72 0.0081049
0.73 0.00832538
0.74 0.00855262
0.75 0.00878678
0.76 0.00902801
0.77 0.00927647
0.78 0.0095323
0.79 0.00979567
0.8 0.0100667
0.81 0.0103457
0.82 0.0106326
0.83 0.0109278
0.84 0.0112312
0.85 0.0115432
0.86 0.0118639
0.87 0.0121934
0.88 0.012532
0.89 0.0128797
0.9 0.0132368
0.91 0.0136034
0.92 0.0139798
0.93 0.014366
0.94 0.0147622
0.95 0.0151687
0.96 0.0155856
0.97 0.016013
0.98 0.0164512
0.99 0.0169003
1 0.0173605
1.01 0.017832
1.02 0.018315
1.03 0.0188095
1.04 0.0193159
1.05 0.0198342
1.06 0.0203646
1.07 0.0209074
1.08 0.0214626
1.09 0.0220305
1.1 0.0226112
1.11 0.0232049
1.12 0.0238118
1.13 0.0244319
1.14 0.0250655
1.15 0.0257128
1.16 0.0263738
1.17 0.0270488
1.18 0.0277379
1.19 0.0284413
1.2 0.029159
1.21 0.0298913
1.22 0.0306383
1.23 0.0314001
1.24 0.0321769
1.25 0.0329687
1.26 0.0337758
1.27 0.0345982
1.28 0.0354361
1.29 0.0362896
1.3 0.0371588
1.31 0.0380437
1.32 0.0389446
1.33 0.0398615
1.34 0.0407945
1.35 0.0417437
1.36 0.0427091
1.37 0.0436909
1.38 0.0446891
1.39 0.0457039
1.4 0.0467351
1.41 0.0477829
1.42 0.0488474
1.43 0.0499286
1.44 0.0510265
1.45 0.0521412
1.46 0.0532726
1.47 0.0544208
1.48 0.0555858
1.49 0.0567675
1.5 0.0579661
1.51 0.0591814
1.52 0.0604134
1.53 0.0616621
1.54 0.0629275
1.55 0.0642095
1.56 0.065508
1.57 0.066823
1.58 0.0681544
1.59 0.0695021
1.6 0.070866
1.61 0.072246
1.62 0.0736421
1.63 0.075054
1.64 0.0764816
1.65 0.0779248
1.66 0.0793835
1.67 0.0808575
1.68 0.0823466
1.69 0.0838506
1.7 0.0853693
1.71 0.0869025
1.72 0.0884501
1.73 0.0900118
1.74 0.0915873
1.75 0.0931765
1.76 0.094779
1.77 0.0963946
1.78 0.098023
1.79 0.099664
1.8 0.101317
1.81 0.102982
1.82 0.104659
1.83 0.106347
1.84 0.108046
1.85 0.109756
1.86 0.111475
1.87 0.113205
1.88 0.114944
1.89 0.116692
1.9 0.118449
1.91 0.120214
1.92 0.121987
1.93 0.123768
1.94 0.125555
1.95 0.127349
1.96 0.12915
1.97 0.130955
1.98 0.132766
1.99 0.134582
2 0.136401
2.01 0.138225
2.02 0.140051
2.03 0.14188
2.04 0.143711
2.05 0.145544
2.06 0.147378
2.07 0.149212
2.08 0.151046
2.09 0.15288
2.1 0.154712
2.11 0.156543
2.12 0.158371
2.13 0.160196
2.14 0.162017
2.15 0.163835
2.16 0.165647
2.17 0.167455
2.18 0.169256
2.19 0.17105
2.2 0.172838
2.21 0.174617
2.22 0.176388
2.23 0.17815
2.24 0.179902
2.25 0.181644
2.26 0.183375
2.27 0.185094
2.28 0.186801
2.29 0.188495
2.3 0.190175
2.31 0.191842
2.32 0.193493
2.33 0.195129
2.34 0.196749
2.35 0.198352
2.36 0.199938
2.37 0.201506
2.38 0.203055
2.39 0.204585
2.4 0.206095
2.41 0.207585
2.42 0.209054
2.43 0.210501
2.44 0.211926
2.45 0.213328
2.46 0.214707
2.47 0.216062
2.48 0.217392
2.49 0.218697
2.5 0.219977
2.51 0.22123
2.52 0.222457
2.53 0.223657
2.54 0.224829
2.55 0.225972
2.56 0.227087
2.57 0.228173
2.58 0.229229
2.59 0.230254
2.6 0.23125
2.61 0.232214
2.62 0.233147
2.63 0.234047
2.64 0.234916
2.65 0.235752
2.66 0.236555
2.67 0.237325
2.68 0.23806
2.69 0.238762
2.7 0.23943
2.71 0.240063
2.72 0.24066
2.73 0.241223
2.74 0.24175
2.75 0.242242
2.76 0.242697
2.77 0.243117
2.78 0.2435
2.79 0.243847
2.8 0.244157
2.81 0.24443
2.82 0.244666
2.83 0.244865
2.84 0.245027
2.85 0.245152
2.86 0.24524
2.87 0.24529
2.88 0.245303
2.89 0.245279
2.9 0.245218
2.91 0.245119
2.92 0.244983
2.93 0.244809
2.94 0.244599
2.95 0.244352
2.96 0.244068
2.97 0.243747
2.98 0.243389
2.99 0.242995
3 0.242565
3.01 0.242098
3.02 0.241596
3.03 0.241058
3.04 0.240485
3.05 0.239876
3.06 0.239233
3.07 0.238555
3.08 0.237843
3.09 0.237097
3.1 0.236318
3.11 0.235505
3.12 0.234659
3.13 0.23378
3.14 0.23287
3.15 0.231928
3.16 0.230954
3.17 0.22995
3.18 0.228915
3.19 0.22785
3.2 0.226755
3.21 0.225631
3.22 0.224479
3.23 0.223299
3.24 0.222091
3.25 0.220856
3.26 0.219595
3.27 0.218307
3.28 0.216994
3.29 0.215657
3.3 0.214294
3.31 0.212908
3.32 0.211499
3.33 0.210067
3.34 0.208613
3.35 0.207138
3.36 0.205642
3.37 0.204125
3.38 0.202589
3.39 0.201034
3.4 0.19946
3.41 0.197869
3.42 0.196261
3.43 0.194636
3.44 0.192995
3.45 0.191338
3.46 0.189667
3.47 0.187983
3.48 0.186284
3.49 0.184573
3.5 0.18285
3.51 0.181116
3.52 0.17937
3.53 0.177615
3.54 0.175849
3.55 0.174075
3.56 0.172293
3.57 0.170503
3.58 0.168705
3.59 0.166902
3.6 0.165092
3.61 0.163277
3.62 0.161458
3.63 0.159635
3.64 0.157808
3.65 0.155978
3.66 0.154146
3.67 0.152313
3.68 0.150478
3.69 0.148643
3.7 0.146808
3.71 0.144974
3.72 0.14314
3.73 0.141309
3.74 0.139479
3.75 0.137653
3.76 0.135829
3.77 0.134009
3.78 0.132194
3.79 0.130383
3.8 0.128578
3.81 0.126778
3.82 0.124985
3.83 0.123198
3.84 0.121418
3.85 0.119646
3.86 0.117881
3.87 0.116125
3.88 0.114378
3.89 0.11264
3.9 0.110911
3.91 0.109192
3.92 0.107484
3.93 0.105786
3.94 0.104099
3.95 0.102424
3.96 0.10076
3.97 0.0991082
3.98 0.0974686
3.99 0.0958415
4 0.0942272
4.01 0.092626
4.02 0.0910382
4.03 0.089464
4.04 0.0879036
4.05 0.0863573
4.06 0.0848253
4.07 0.0833078
4.08 0.081805
4.09 0.0803171
4.1 0.0788442
4.11 0.0773866
4.12 0.0759444
4.13 0.0745177
4.14 0.0731067
4.15 0.0717115
4.16 0.0703323
4.17 0.068969
4.18 0.0676219
4.19 0.066291
4.2 0.0649765
4.21 0.0636783
4.22 0.0623965
4.23 0.0611313
4.24 0.0598826
4.25 0.0586505
4.26 0.057435
4.27 0.0562361
4.28 0.0550539
4.29 0.0538883
4.3 0.0527394
4.31 0.0516071
4.32 0.0504914
4.33 0.0493924
4.34 0.0483099
4.35 0.047244
4.36 0.0461945
4.37 0.0451615
4.38 0.0441449
4.39 0.0431446
4.4 0.0421605
4.41 0.0411927
4.42 0.0402409
4.43 0.0393051
4.44 0.0383853
4.45 0.0374812
4.46 0.0365929
4.47 0.0357203
4.48 0.0348631
4.49 0.0340213
4.5 0.0331948
4.51 0.0323834
4.52 0.0315871
4.53 0.0308057
4.54 0.030039
4.55 0.0292869
4.56 0.0285494
4.57 0.0278261
4.58 0.0271171
4.59 0.0264221
4.6 0.025741
4.61 0.0250737
4.62 0.0244199
4.63 0.0237796
4.64 0.0231525
4.65 0.0225386
4.66 0.0219376
4.67 0.0213493
4.68 0.0207737
4.69 0.0202105
4.7 0.0196596
4.71 0.0191208
4.72 0.018594
4.73 0.0180789
4.74 0.0175754
4.75 0.0170833
4.76 0.0166025
4.77 0.0161327
4.78 0.0156739
4.79 0.0152258
4.8 0.0147882
4.81 0.0143611
4.82 0.0139441
4.83 0.0135372
4.84 0.0131402
4.85 0.0127529
4.86 0.0123751
4.87 0.0120067
4.88 0.0116475
4.89 0.0112973
4.9 0.0109559
4.91 0.0106233
4.92 0.0102992
4.93 0.00998347
4.94 0.00967594
4.95 0.00937646
4.96 0.00908487
4.97 0.008801
4.98 0.00852471
4.99 0.00825583
5 0.00799422
5.01 0.00773972
5.02 0.00749219
5.03 0.00725146
5.04 0.00701741
5.05 0.00678987
5.06 0.00656871
5.07 0.00635379
5.08 0.00614497
5.09 0.00594211
5.1 0.00574507
5.11 0.00555371
5.12 0.00536792
5.13 0.00518755
5.14 0.00501248
5.15 0.00484258
5.16 0.00467772
5.17 0.0045178
5.18 0.00436267
5.19 0.00421223
5.2 0.00406636
5.21 0.00392495
5.22 0.00378788
5.23 0.00365503
5.24 0.00352631
5.25 0.00340161
5.26 0.00328081
5.27 0.00316383
5.28 0.00305055
5.29 0.00294088
5.3 0.00283472
5.31 0.00273198
5.32 0.00263256
5.33 0.00253637
5.34 0.00244333
5.35 0.00235334
5.36 0.00226632
5.37 0.00218218
5.38 0.00210085
5.39 0.00202225
5.4 0.00194629
5.41 0.00187289
5.42 0.00180199
5.43 0.00173351
5.44 0.00166738
5.45 0.00160353
5.46 0.00154189
5.47 0.00148239
5.48 0.00142497
5.49 0.00136957
5.5 0.00131612
5.51 0.00126456
5.52 0.00121484
5.53 0.0011669
5.54 0.00112068
5.55 0.00107612
5.56 0.00103318
5.57 0.000991804
5.58 0.000951939
5.59 0.000913536
5.6 0.00087655
5.61 0.000840933
5.62 0.00080664
5.63 0.000773629
5.64 0.000741855
5.65 0.000711278
5.66 0.000681858
5.67 0.000653555
5.68 0.000626332
5.69 0.000600151
5.7 0.000574977
5.71 0.000550775
5.72 0.000527512
5.73 0.000505154
5.74 0.000483671
5.75 0.000463031
5.76 0.000443204
5.77 0.000424161
5.78 0.000405875
5.79 0.000388318
5.8 0.000371464
5.81 0.000355288
5.82 0.000339764
5.83 0.000324869
5.84 0.00031058
5.85 0.000296874
5.86 0.00028373
5.87 0.000271126
5.88 0.000259043
5.89 0.000247461
5.9 0.000236361
5.91 0.000225724
5.92 0.000215533
5.93 0.000205771
5.94 0.000196422
5.95 0.000187468
5.96 0.000178896
5.97 0.000170689
5.98 0.000162834
5.99 0.000155317
