-6 1.64244e-09
-5.99 1.77357e-09
-5.98 1.91485e-09
-5.97 2.06704e-09
-5.96 2.23095e-09
-5.95 2.40745e-09
-5.94 2.59749e-09
-5.93 2.80205e-09
-5.92 3.02221e-09
-5.91 3.25913e-09
-5.9 3.51402e-09
-5.89 3.78822e-09
-5.88 4.08313e-09
-5.87 4.40025e-09
-5.86 4.74121e-09
-5.85 5.10773e-09
-5.84 5.50167e-09
-5.83 5.92499e-09
-5.82 6.37981e-09
-5.81 6.86839e-09
-5.8 7.39314e-09
-5.79 7.95665e-09
-5.78 8.56168e-09
-5.77 9.21116e-09
-5.76 9.90825e-09
-5.75 1.06563e-08
-5.74 1.14589e-08
-5.73 1.23199e-08
-5.72 1.32434e-08
-5.71 1.42337e-08
-5.7 1.52954e-08
-5.69 1.64336e-08
-5.68 1.76536e-08
-5.67 1.89609e-08
-5.66 2.03616e-08
-5.65 2.18622e-08
-5.64 2.34694e-08
-5.63 2.51904e-08
-5.62 2.70332e-08
-5.61 2.90059e-08
-5.6 3.11173e-08
-5.59 3.33769e-08
-5.58 3.57944e-08
-5.57 3.83807e-08
-5.56 4.11469e-08
-5.55 4.41051e-08
-5.54 4.7268e-08
-5.53 5.06492e-08
-5.52 5.42631e-08
-5.51 5.81252e-08
-5.5 6.22517e-08
-5.49 6.666e-08
-5.48 7.13684e-08
-5.47 7.63966e-08
-5.46 8.17654e-08
-5.45 8.74967e-08
-5.44 9.3614e-08
-5.43 1.00142e-07
-5.42 1.07108e-07
-5.41 1.14538e-07
-5.4 1.22464e-07
-5.39 1.30916e-07
-5.38 1.39928e-07
-5.37 1.49535e-07
-5.36 1.59775e-07
-5.35 1.70688e-07
-5.34 1.82315e-07
-5.33 1.94702e-07
-5.32 2.07895e-07
-5.31 2.21945e-07
-5.3 2.36905e-07
-5.29 2.52831e-07
-5.28 2.69782e-07
-5.27 2.87821e-07
-5.26 3.07014e-07
-5.25 3.27433e-07
-5.24 3.49151e-07
-5.23 3.72247e-07
-5.22 3.96805e-07
-5.21 4.22911e-07
-5.2 4.50659e-07
-5.19 4.80147e-07
-5.18 5.11479e-07
-5.17 5.44764e-07
-5.16 5.80118e-07
-5.15 6.17662e-07
-5.14 6.57525e-07
-5.13 6.99844e-07
-5.12 7.44761e-07
-5.11 7.92429e-07
-5.1 8.43005e-07
-5.09 8.96659e-07
-5.08 9.53568e-07
-5.07 1.01392e-06
-5.06 1.07791e-06
-5.05 1.14574e-06
-5.04 1.21764e-06
-5.03 1.29384e-06
-5.02 1.37457e-06
-5.01 1.46009e-06
-5 1.55067e-06
-4.99 1.6466e-06
-4.98 1.74817e-06
-4.97 1.85569e-06
-4.96 1.9695e-06
-4.95 2.08993e-06
-4.94 2.21735e-06
-4.93 2.35215e-06
-4.92 2.49473e-06
-4.91 2.6455e-06
-4.9 2.80491e-06
-4.89 2.97343e-06
-4.88 3.15155e-06
-4.87 3.33977e-06
-4.86 3.53864e-06
-4.85 3.74873e-06
-4.84 3.97062e-06
-4.83 4.20494e-06
-4.82 4.45234e-06
-4.81 4.7135e-06
-4.8 4.98914e-06
-4.79 5.28002e-06
-4.78 5.58692e-06
-4.77 5.91066e-06
-4.76 6.25212e-06
-4.75 6.61219e-06
-4.74 6.99182e-06
-4.73 7.392e-06
-4.72 7.81378e-06
-4.71 8.25824e-06
-4.7 8.72652e-06
-4.69 9.2198e-06
-4.68 9.73933e-06
-4.67 1.02864e-05
-4.66 1.08624e-05
-4.65 1.14687e-05
-4.64 1.21068e-05
-4.63 1.27783e-05
-4.62 1.34848e-05
-4.61 1.42279e-05
-4.6 1.50094e-05
-4.59 1.58313e-05
-4.58 1.66953e-05
-4.57 1.76035e-05
-4.56 1.8558e-05
-4.55 1.9561e-05
-4.54 2.06148e-05
-4.53 2.17216e-05
-4.52 2.28841e-05
-4.51 2.41047e-05
-4.5 2.53861e-05
-4.49 2.67312e-05
-4.48 2.81428e-05
-4.47 2.9624e-05
-4.46 3.11779e-05
-4.45 3.28078e-05
-4.44 3.45172e-05
-4.43 3.63094e-05
-4.42 3.81884e-05
-4.41 4.01578e-05
-4.4 4.22217e-05
-4.39 4.43842e-05
-4.38 4.66497e-05
-4.37 4.90226e-05
-4.36 5.15075e-05
-4.35 5.41092e-05
-4.34 5.68329e-05
-4.33 5.96836e-05
-4.32 6.26668e-05
-4.31 6.57881e-05
-4.3 6.90532e-05
-4.29 7.24683e-05
-4.28 7.60394e-05
-4.27 7.97731e-05
-4.26 8.36761e-05
-4.25 8.77554e-05
-4.24 9.2018e-05
-4.23 9.64715e-05
-4.22 0.000101124
-4.21 0.000105982
-4.2 0.000111056
-4.19 0.000116352
-4.18 0.000121881
-4.17 0.000127651
-4.16 0.000133672
-4.15 0.000139954
-4.14 0.000146506
-4.13 0.000153339
-4.12 0.000160463
-4.11 0.000167891
-4.1 0.000175633
-4.09 0.000183701
-4.08 0.000192107
-4.07 0.000200864
-4.06 0.000209985
-4.05 0.000219484
-4.04 0.000229374
-4.03 0.000239669
-4.02 0.000250384
-4.01 0.000261534
-4 0.000273135
-3.99 0.000285203
-3.98 0.000297754
-3.97 0.000310805
-3.96 0.000324373
-3.95 0.000338478
-3.94 0.000353136
-3.93 0.000368367
-3.92 0.00038419
-3.91 0.000400626
-3.9 0.000417695
-3.89 0.000435418
-3.88 0.000453816
-3.87 0.000472913
-3.86 0.000492731
-3.85 0.000513293
-3.84 0.000534623
-3.83 0.000556746
-3.82 0.000579687
-3.81 0.000603473
-3.8 0.000628128
-3.79 0.000653682
-3.78 0.00068016
-3.77 0.000707593
-3.76 0.000736008
-3.75 0.000765436
-3.74 0.000795906
-3.73 0.000827451
-3.72 0.000860102
-3.71 0.000893891
-3.7 0.000928851
-3.69 0.000965016
-3.68 0.00100242
-3.67 0.0010411
-3.66 0.00108109
-3.65 0.00112243
-3.64 0.00116516
-3.63 0.0012093
-3.62 0.00125491
-3.61 0.00130203
-3.6 0.00135068
-3.59 0.00140091
-3.58 0.00145277
-3.57 0.0015063
-3.56 0.00156154
-3.55 0.00161853
-3.54 0.00167732
-3.53 0.00173795
-3.52 0.00180047
-3.51 0.00186493
-3.5 0.00193137
-3.49 0.00199985
-3.48 0.0020704
-3.47 0.00214308
-3.46 0.00221794
-3.45 0.00229503
-3.44 0.0023744
-3.43 0.00245611
-3.42 0.0025402
-3.41 0.00262672
-3.4 0.00271574
-3.39 0.00280731
-3.38 0.00290147
-3.37 0.00299829
-3.36 0.00309782
-3.35 0.00320011
-3.34 0.00330523
-3.33 0.00341323
-3.32 0.00352417
-3.31 0.0036381
-3.3 0.00375508
-3.29 0.00387517
-3.28 0.00399844
-3.27 0.00412493
-3.26 0.00425471
-3.25 0.00438783
-3.24 0.00452436
-3.23 0.00466436
-3.22 0.00480788
-3.21 0.00495498
-3.2 0.00510573
-3.19 0.00526018
-3.18 0.0054184
-3.17 0.00558043
-3.16 0.00574635
-3.15 0.0059162
-3.14 0.00609006
-3.13 0.00626797
-3.12 0.00644999
-3.11 0.00663619
-3.1 0.00682661
-3.09 0.00702132
-3.08 0.00722037
-3.07 0.00742382
-3.06 0.00763172
-3.05 0.00784413
-3.04 0.00806109
-3.03 0.00828266
-3.02 0.00850889
-3.01 0.00873984
-3 0.00897554
-2.99 0.00921606
-2.98 0.00946143
-2.97 0.00971171
-2.96 0.00996693
-2.95 0.0102271
-2.94 0.0104924
-2.93 0.0107627
-2.92 0.0110381
-2.91 0.0113187
-2.9 0.0116045
-2.89 0.0118954
-2.88 0.0121917
-2.87 0.0124932
-2.86 0.0128
-2.85 0.0131121
-2.84 0.0134296
-2.83 0.0137525
-2.82 0.0140808
-2.81 0.0144144
-2.8 0.0147536
-2.79 0.0150981
-2.78 0.0154482
-2.77 0.0158036
-2.76 0.0161646
-2.75 0.016531
-2.74 0.0169029
-2.73 0.0172802
-2.72 0.017663
-2.71 0.0180513
-2.7 0.018445
-2.69 0.0188441
-2.68 0.0192486
-2.67 0.0196585
-2.66 0.0200738
-2.65 0.0204944
-2.64 0.0209203
-2.63 0.0213514
-2.62 0.0217878
-2.61 0.0222294
-2.6 0.0226761
-2.59 0.0231279
-2.58 0.0235848
-2.57 0.0240467
-2.56 0.0245134
-2.55 0.0249851
-2.54 0.0254615
-2.53 0.0259427
-2.52 0.0264286
-2.51 0.026919
-2.5 0.0274139
-2.49 0.0279132
-2.48 0.0284169
-2.47 0.0289248
-2.46 0.0294369
-2.45 0.0299529
-2.44 0.030473
-2.43 0.0309968
-2.42 0.0315244
-2.41 0.0320556
-2.4 0.0325903
-2.39 0.0331283
-2.38 0.0336696
-2.37 0.034214
-2.36 0.0347613
-2.35 0.0353116
-2.34 0.0358645
-2.33 0.03642
-2.32 0.0369779
-2.31 0.037538
-2.3 0.0381003
-2.29 0.0386646
-2.28 0.0392306
-2.27 0.0397983
-2.26 0.0403675
-2.25 0.040938
-2.24 0.0415096
-2.23 0.0420822
-2.22 0.0426556
-2.21 0.0432296
-2.2 0.043804
-2.19 0.0443787
-2.18 0.0449535
-2.17 0.0455282
-2.16 0.0461026
-2.15 0.0466765
-2.14 0.0472497
-2.13 0.0478221
-2.12 0.0483934
-2.11 0.0489635
-2.1 0.0495322
-2.09 0.0500993
-2.08 0.0506645
-2.07 0.0512278
-2.06 0.0517888
-2.05 0.0523475
-2.04 0.0529036
-2.03 0.053457
-2.02 0.0540075
-2.01 0.0545548
-2 0.0550988
-1.99 0.0556394
-1.98 0.0561763
-1.97 0.0567094
-1.96 0.0572385
-1.95 0.0577635
-1.94 0.0582842
-1.93 0.0588004
-1.92 0.0593121
-1.91 0.0598189
-1.9 0.060321
-1.89 0.060818
-1.88 0.0613099
-1.87 0.0617965
-1.86 0.0622778
-1.85 0.0627537
-1.84 0.0632241
-1.83 0.0636889
-1.82 0.064148
-1.81 0.0646014
-1.8 0.0650491
-1.79 0.065491
-1.78 0.0659271
-1.77 0.0663574
-1.76 0.0667819
-1.75 0.0672008
-1.74 0.0676139
-1.73 0.0680213
-1.72 0.0684233
-1.71 0.0688198
-1.7 0.0692109
-1.69 0.0695969
-1.68 0.0699779
-1.67 0.0703541
-1.66 0.0707256
-1.65 0.0710927
-1.64 0.0714558
-1.63 0.0718149
-1.62 0.0721706
-1.61 0.072523
-1.6 0.0728727
-1.59 0.0732199
-1.58 0.0735651
-1.57 0.0739089
-1.56 0.0742515
-1.55 0.0745937
-1.54 0.074936
-1.53 0.0752789
-1.52 0.0756232
-1.51 0.0759695
-1.5 0.0763184
-1.49 0.0766708
-1.48 0.0770275
-1.47 0.0773894
-1.46 0.0777572
-1.45 0.0781319
-1.44 0.0785145
-1.43 0.0789061
-1.42 0.0793076
-1.41 0.0797202
-1.4 0.0801451
-1.39 0.0805834
-1.38 0.0810365
-1.37 0.0815056
-1.36 0.0819921
-1.35 0.0824973
-1.34 0.0830229
-1.33 0.0835701
-1.32 0.0841407
-1.31 0.0847362
-1.3 0.0853582
-1.29 0.0860086
-1.28 0.086689
-1.27 0.0874012
-1.26 0.0881471
-1.25 0.0889286
-1.24 0.0897477
-1.23 0.0906062
-1.22 0.0915064
-1.21 0.0924502
-1.2 0.0934397
-1.19 0.0944772
-1.18 0.0955647
-1.17 0.0967046
-1.16 0.0978991
-1.15 0.0991505
-1.14 0.100461
-1.13 0.101833
-1.12 0.103269
-1.11 0.104772
-1.1 0.106342
-1.09 0.107985
-1.08 0.1097
-1.07 0.111492
-1.06 0.113361
-1.05 0.115312
-1.04 0.117345
-1.03 0.119464
-1.02 0.121671
-1.01 0.123968
-1 0.126358
-0.99 0.128842
-0.98 0.131423
-0.97 0.134103
-0.96 0.136884
-0.95 0.139769
-0.94 0.142759
-0.93 0.145855
-0.92 0.149061
-0.91 0.152378
-0.9 0.155806
-0.89 0.159349
-0.88 0.163006
-0.87 0.16678
-0.86 0.170672
-0.85 0.174683
-0.84 0.178813
-0.83 0.183064
-0.82 0.187436
-0.81 0.191929
-0.8 0.196544
-0.79 0.201281
-0.78 0.20614
-0.77 0.211121
-0.76 0.216223
-0.75 0.221445
-0.74 0.226788
-0.73 0.232249
-0.72 0.237828
-0.71 0.243522
-0.7 0.249332
-0.69 0.255254
-0.68 0.261286
-0.67 0.267427
-0.66 0.273673
-0.65 0.280022
-0.64 0.286471
-0.63 0.293017
-0.62 0.299655
-0.61 0.306383
-0.6 0.313196
-0.59 0.32009
-0.58 0.327061
-0.57 0.334104
-0.56 0.341214
-0.55 0.348386
-0.54 0.355614
-0.53 0.362894
-0.52 0.370219
-0.51 0.377584
-0.5 0.384981
-0.49 0.392406
-0.48 0.399851
-0.47 0.407309
-0.46 0.414774
-0.45 0.422239
-0.44 0.429696
-0.43 0.437138
-0.42 0.444558
-0.41 0.451948
-0.4 0.459301
-0.39 0.466608
-0.38 0.473862
-0.37 0.481055
-0.36 0.488179
-0.35 0.495226
-0.34 0.502188
-0.33 0.509057
-0.32 0.515825
-0.31 0.522484
-0.3 0.529026
-0.29 0.535443
-0.28 0.541727
-0.27 0.547872
-0.26 0.553868
-0.25 0.559708
-0.24 0.565386
-0.23 0.570893
-0.22 0.576224
-0.21 0.58137
-0.2 0.586325
-0.19 0.591083
-0.18 0.595637
-0.17 0.599981
-0.16 0.60411
-0.15 0.608018
-0.14 0.611699
-0.13 0.615149
-0.12 0.618363
-0.11 0.621337
-0.1 0.624066
-0.09 0.626546
-0.08 0.628775
-0.07 0.630749
-0.06 0.632465
-0.05 0.633922
-0.04 0.635116
-0.03 0.636047
-0.02 0.636713
-0.01 0.637113
0 0.637246
0.01 0.637113
0.02 0.636713
0.03 0.636047
0.04 0.635116
0.05 0.633922
0.06 0.632465
0.07 0.630749
0.08 0.628775
0.09 0.626546
0.1 0.624066
0.11 0.621337
0.12 0.618363
0.13 0.615149
0.14 0.611699
0.15 0.608018
0.16 0.60411
0.17 0.599981
0.18 0.595637
0.19 0.591083
0.2 0.586325
0.21 0.58137
0.22 0.576224
0.23 0.570893
0.24 0.565386
0.25 0.559708
0.26 0.553868
0.27 0.547872
0.28 0.541727
0.29 0.535443
0.3 0.529026
0.31 0.522484
0.32 0.515825
0.33 0.509057
0.34 0.502188
0.35 0.495226
0.36 0.488179
0.37 0.481055
0.38 0.473862
0.39 0.466608
0.4 0.459301
0.41 0.451948
0.42 0.444558
0.43 0.437138
0.44 0.429696
0.45 0.422239
0.46 0.414774
0.47 0.407309
0.48 0.399851
0.49 0.392406
0.5 0.384981
0.51 0.377584
0.52 0.370219
0.53 0.362894
0.54 0.355614
0.55 0.348386
0.56 0.341214
0.57 0.334104
0.58 0.327061
0.59 0.32009
0.6 0.313196
0.61 0.306383
0.62 0.299655
0.63 0.293017
0.64 0.286471
0.65 0.280022
0.66 0.273673
0.67 0.267427
0.68 0.261286
0.69 0.255254
0.7 0.249332
0.71 0.243522
0.72 0.237828
0.73 0.232249
0.74 0.226788
0.75 0.221445
0.76 0.216223
0.77 0.211121
0.78 0.20614
0.79 0.201281
0.8 0.196544
0.81 0.191929
0.82 0.187436
0.83 0.183064
0.84 0.178813
0.85 0.174683
0.86 0.170672
0.87 0.16678
0.88 0.163006
0.89 0.159349
0.9 0.155806
0.91 0.152378
0.92 0.149061
0.93 0.145855
0.94 0.142759
0.95 0.139769
0.96 0.136884
0.97 0.134103
0.98 0.131423
0.99 0.128842
1 0.126358
1.01 0.123968
1.02 0.121671
1.03 0.119464
1.04 0.117345
1.05 0.115312
1.06 0.113361
1.07 0.111492
1.08 0.1097
1.09 0.107985
1.1 0.106342
1.11 0.104772
1.12 0.103269
1.13 0.101833
1.14 0.100461
1.15 0.0991505
1.16 0.0978991
1.17 0.0967046
1.18 0.0955647
1.19 0.0944772
1.2 0.0934397
1.21 0.0924502
1.22 0.0915064
1.23 0.0906062
1.24 0.0897477
1.25 0.0889286
1.26 0.0881471
1.27 0.0874012
1.28 0.086689
1.29 0.0860086
1.3 0.0853582
1.31 0.0847362
1.32 0.0841407
1.33 0.0835701
1.34 0.0830229
1.35 0.0824973
1.36 0.0819921
1.37 0.0815056
1.38 0.0810365
1.39 0.0805834
1.4 0.0801451
1.41 0.0797202
1.42 0.0793076
1.43 0.0789061
1.44 0.0785145
1.45 0.0781319
1.46 0.0777572
1.47 0.0773894
1.48 0.0770275
1.49 0.0766708
1.5 0.0763184
1.51 0.0759695
1.52 0.0756232
1.53 0.0752789
1.54 0.074936
1.55 0.0745937
1.56 0.0742515
1.57 0.0739089
1.58 0.0735651
1.59 0.0732199
1.6 0.0728727
1.61 0.072523
1.62 0.0721706
1.63 0.0718149
1.64 0.0714558
1.65 0.0710927
1.66 0.0707256
1.67 0.0703541
1.68 0.0699779
1.69 0.0695969
1.7 0.0692109
1.71 0.0688198
1.72 0.0684233
1.73 0.0680213
1.74 0.0676139
1.75 0.0672008
1.76 0.0667819
1.77 0.0663574
1.78 0.0659271
1.79 0.065491
1.8 0.0650491
1.81 0.0646014
1.82 0.064148
1.83 0.0636889
1.84 0.0632241
1.85 0.0627537
1.86 0.0622778
1.87 0.0617965
1.88 0.0613099
1.89 0.060818
1.9 0.060321
1.91 0.0598189
1.92 0.0593121
1.93 0.0588004
1.94 0.0582842
1.95 0.0577635
1.96 0.0572385
1.97 0.0567094
1.98 0.0561763
1.99 0.0556394
2 0.0550988
2.01 0.0545548
2.02 0.0540075
2.03 0.053457
2.04 0.0529036
2.05 0.0523475
2.06 0.0517888
2.07 0.0512278
2.08 0.0506645
2.09 0.0500993
2.1 0.0495322
2.11 0.0489635
2.12 0.0483934
2.13 0.0478221
2.14 0.0472497
2.15 0.0466765
2.16 0.0461026
2.17 0.0455282
2.18 0.0449535
2.19 0.0443787
2.2 0.043804
2.21 0.0432296
2.22 0.0426556
2.23 0.0420822
2.24 0.0415096
2.25 0.040938
2.26 0.0403675
2.27 0.0397983
2.28 0.0392306
2.29 0.0386646
2.3 0.0381003
2.31 0.037538
2.32 0.0369779
2.33 0.03642
2.34 0.0358645
2.35 0.0353116
2.36 0.0347613
2.37 0.034214
2.38 0.0336696
2.39 0.0331283
2.4 0.0325903
2.41 0.0320556
2.42 0.0315244
2.43 0.0309968
2.44 0.030473
2.45 0.0299529
2.46 0.0294369
2.47 0.0289248
2.48 0.0284169
2.49 0.0279132
2.5 0.0274139
2.51 0.026919
2.52 0.0264286
2.53 0.0259427
2.54 0.0254615
2.55 0.0249851
2.56 0.0245134
2.57 0.0240467
2.58 0.0235848
2.59 0.0231279
2.6 0.0226761
2.61 0.0222294
2.62 0.0217878
2.63 0.0213514
2.64 0.0209203
2.65 0.0204944
2.66 0.0200738
2.67 0.0196585
2.68 0.0192486
2.69 0.0188441
2.7 0.018445
2.71 0.0180513
2.72 0.017663
2.73 0.0172802
2.74 0.0169029
2.75 0.016531
2.76 0.0161646
2.77 0.0158036
2.78 0.0154482
2.79 0.0150981
2.8 0.0147536
2.81 0.0144144
2.82 0.0140808
2.83 0.0137525
2.84 0.0134296
2.85 0.0131121
2.86 0.0128
2.87 0.0124932
2.88 0.0121917
2.89 0.0118954
2.9 0.0116045
2.91 0.0113187
2.92 0.0110381
2.93 0.0107627
2.94 0.0104924
2.95 0.0102271
2.96 0.00996693
2.97 0.00971171
2.98 0.00946143
2.99 0.00921606
3 0.00897554
3.01 0.00873984
3.02 0.00850889
3.03 0.00828266
3.04 0.00806109
3.05 0.00784413
3.06 0.00763172
3.07 0.00742382
3.08 0.00722037
3.09 0.00702132
3.1 0.00682661
3.11 0.00663619
3.12 0.00644999
3.13 0.00626797
3.14 0.00609006
3.15 0.0059162
3.16 0.00574635
3.17 0.00558043
3.18 0.0054184
3.19 0.00526018
3.2 0.00510573
3.21 0.00495498
3.22 0.00480788
3.23 0.00466436
3.24 0.00452436
3.25 0.00438783
3.26 0.00425471
3.27 0.00412493
3.28 0.00399844
3.29 0.00387517
3.3 0.00375508
3.31 0.0036381
3.32 0.00352417
3.33 0.00341323
3.34 0.00330523
3.35 0.00320011
3.36 0.00309782
3.37 0.00299829
3.38 0.00290147
3.39 0.00280731
3.4 0.00271574
3.41 0.00262672
3.42 0.0025402
3.43 0.00245611
3.44 0.0023744
3.45 0.00229503
3.46 0.00221794
3.47 0.00214308
3.48 0.0020704
3.49 0.00199985
3.5 0.00193137
3.51 0.00186493
3.52 0.00180047
3.53 0.00173795
3.54 0.00167732
3.55 0.00161853
3.56 0.00156154
3.57 0.0015063
3.58 0.00145277
3.59 0.00140091
3.6 0.00135068
3.61 0.00130203
3.62 0.00125491
3.63 0.0012093
3.64 0.00116516
3.65 0.00112243
3.66 0.00108109
3.67 0.0010411
3.68 0.00100242
3.69 0.000965016
3.7 0.000928851
3.71 0.000893891
3.72 0.000860102
3.73 0.000827451
3.74 0.000795906
3.75 0.000765436
3.76 0.000736008
3.77 0.000707593
3.78 0.00068016
3.79 0.000653682
3.8 0.000628128
3.81 0.000603473
3.82 0.000579687
3.83 0.000556746
3.84 0.000534623
3.85 0.000513293
3.86 0.000492731
3.87 0.000472913
3.88 0.000453816
3.89 0.000435418
3.9 0.000417695
3.91 0.000400626
3.92 0.00038419
3.93 0.000368367
3.94 0.000353136
3.95 0.000338478
3.96 0.000324373
3.97 0.000310805
3.98 0.000297754
3.99 0.000285203
4 0.000273135
4.01 0.000261534
4.02 0.000250384
4.03 0.000239669
4.04 0.000229374
4.05 0.000219484
4.06 0.000209985
4.07 0.000200864
4.08 0.000192107
4.09 0.000183701
4.1 0.000175633
4.11 0.000167891
4.12 0.000160463
4.13 0.000153339
4.14 0.000146506
4.15 0.000139954
4.16 0.000133672
4.17 0.000127651
4.18 0.000121881
4.19 0.000116352
4.2 0.000111056
4.21 0.000105982
4.22 0.000101124
4.23 9.64715e-05
4.24 9.2018e-05
4.25 8.77554e-05
4.26 8.36761e-05
4.27 7.97731e-05
4.28 7.60394e-05
4.29 7.24683e-05
4.3 6.90532e-05
4.31 6.57881e-05
4.32 6.26668e-05
4.33 5.96836e-05
4.34 5.68329e-05
4.35 5.41092e-05
4.36 5.15075e-05
4.37 4.90226e-05
4.38 4.66497e-05
4.39 4.43842e-05
4.4 4.22217e-05
4.41 4.01578e-05
4.42 3.81884e-05
4.43 3.63094e-05
4.44 3.45172e-05
4.45 3.28078e-05
4.46 3.11779e-05
4.47 2.9624e-05
4.48 2.81428e-05
4.49 2.67312e-05
4.5 2.53861e-05
4.51 2.41047e-05
4.52 2.28841e-05
4.53 2.17216e-05
4.54 2.06148e-05
4.55 1.9561e-05
4.56 1.8558e-05
4.57 1.76035e-05
4.58 1.66953e-05
4.59 1.58313e-05
4.6 1.50094e-05
4.61 1.42279e-05
4.62 1.34848e-05
4.63 1.27783e-05
4.64 1.21068e-05
4.65 1.14687e-05
4.66 1.08624e-05
4.67 1.02864e-05
4.68 9.73933e-06
4.69 9.2198e-06
4.7 8.72652e-06
4.71 8.25824e-06
4.72 7.81378e-06
4.73 7.392e-06
4.74 6.99182e-06
4.75 6.61219e-06
4.76 6.25212e-06
4.77 5.91066e-06
4.78 5.58692e-06
4.79 5.28002e-06
4.8 4.98914e-06
4.81 4.7135e-06
4.82 4.45234e-06
4.83 4.20494e-06
4.84 3.97062e-06
4.85 3.74873e-06
4.86 3.53864e-06
4.87 3.33977e-06
4.88 3.15155e-06
4.89 2.97343e-06
4.9 2.80491e-06
4.91 2.6455e-06
4.92 2.49473e-06
4.93 2.35215e-06
4.94 2.21735e-06
4.95 2.08993e-06
4.96 1.9695e-06
4.97 1.85569e-06
4.98 1.74817e-06
4.99 1.6466e-06
5 1.55067e-06
5.01 1.46009e-06
5.02 1.37457e-06
5.03 1.29384e-06
5.04 1.21764e-06
5.05 1.14574e-06
5.06 1.07791e-06
5.07 1.01392e-06
5.08 9.53568e-07
5.09 8.96659e-07
5.1 8.43005e-07
5.11 7.92429e-07
5.12 7.44761e-07
5.13 6.99844e-07
5.14 6.57525e-07
5.15 6.17662e-07
5.16 5.80118e-07
5.17 5.44764e-07
5.18 5.11479e-07
5.19 4.80147e-07
5.2 4.50659e-07
5.21 4.22911e-07
5.22 3.96805e-07
5.23 3.72247e-07
5.24 3.49151e-07
5.25 3.27433e-07
5.26 3.07014e-07
5.27 2.87821e-07
5.28 2.69782e-07
5.29 2.52831e-07
5.3 2.36905e-07
5.31 2.21945e-07
5.32 2.07895e-07
5.33 1.94702e-07
5.34 1.82315e-07
5.35 1.70688e-07
5.36 1.59775e-07
5.37 1.49535e-07
5.38 1.39928e-07
5.39 1.30916e-07
5.4 1.22464e-07
5.41 1.14538e-07
5.42 1.07108e-07
5.43 1.00142e-07
5.44 9.3614e-08
5.45 8.74967e-08
5.46 8.17654e-08
5.47 7.63966e-08
5.48 7.13684e-08
5.49 6.666e-08
5.5 6.22517e-08
5.51 5.81252e-08
5.52 5.42631e-08
5.53 5.06492e-08
5.54 4.7268e-08
5.55 4.41051e-08
5.56 4.11469e-08
5.57 3.83807e-08
5.58 3.57944e-08
5.59 3.33769e-08
5.6 3.11173e-08
5.61 2.90059e-08
5.62 2.70332e-08
5.63 2.51904e-08
5.64 2.34694e-08
5.65 2.18622e-08
5.66 2.03616e-08
5.67 1.89609e-08
5.68 1.76536e-08
5.69 1.64336e-08
5.7 1.52954e-08
5.71 1.42337e-08
5.72 1.32434e-08
5.73 1.23199e-08
5.74 1.14589e-08
5.75 1.06563e-08
5.76 9.90825e-09
5.77 9.21116e-09
5.78 8.56168e-09
5.79 7.95665e-09
5.8 7.39314e-09
5.81 6.86839e-09
5.82 6.37981e-09
5.83 5.92499e-09
5.84 5.50167e-09
5.85 5.10773e-09
5.86 4.74121e-09
5.87 4.40025e-09
5.88 4.08313e-09
5.89 3.78822e-09
5.9 3.51402e-09
5.91 3.25913e-09
5.92 3.02221e-09
5.93 2.80205e-09
5.94 2.59749e-09
5.95 2.40745e-09
5.96 2.23095e-09
5.97 2.06704e-09
5.98 1.91485e-09
5.99 1.77357e-09
