-6 0.0101196
-5.99 0.0102398
-5.98 0.0103611
-5.97 0.0104835
-5.96 0.0106071
-5.95 0.0107318
-5.94 0.0108577
-5.93 0.0109847
-5.92 0.0111129
-5.91 0.0112423
-5.9 0.0113728
-5.89 0.0115045
-5.88 0.0116374
-5.87 0.0117714
-5.86 0.0119067
-5.85 0.0120432
-5.84 0.0121809
-5.83 0.0123198
-5.82 0.0124599
-5.81 0.0126012
-5.8 0.0127438
-5.79 0.0128876
-5.78 0.0130327
-5.77 0.0131789
-5.76 0.0133265
-5.75 0.0134753
-5.74 0.0136254
-5.73 0.0137767
-5.72 0.0139293
-5.71 0.0140832
-5.7 0.0142384
-5.69 0.0143948
-5.68 0.0145526
-5.67 0.0147116
-5.66 0.014872
-5.65 0.0150336
-5.64 0.0151966
-5.63 0.0153609
-5.62 0.0155265
-5.61 0.0156935
-5.6 0.0158617
-5.59 0.0160314
-5.58 0.0162023
-5.57 0.0163746
-5.56 0.0165482
-5.55 0.0167232
-5.54 0.0168996
-5.53 0.0170773
-5.52 0.0172564
-5.51 0.0174368
-5.5 0.0176186
-5.49 0.0178018
-5.48 0.0179864
-5.47 0.0181724
-5.46 0.0183597
-5.45 0.0185484
-5.44 0.0187386
-5.43 0.0189301
-5.42 0.019123
-5.41 0.0193173
-5.4 0.0195131
-5.39 0.0197102
-5.38 0.0199087
-5.37 0.0201087
-5.36 0.0203101
-5.35 0.0205129
-5.34 0.0207171
-5.33 0.0209227
-5.32 0.0211298
-5.31 0.0213383
-5.3 0.0215482
-5.29 0.0217596
-5.28 0.0219723
-5.27 0.0221866
-5.26 0.0224022
-5.25 0.0226193
-5.24 0.0228378
-5.23 0.0230578
-5.22 0.0232792
-5.21 0.0235021
-5.2 0.0237264
-5.19 0.0239521
-5.18 0.0241793
-5.17 0.0244079
-5.16 0.024638
-5.15 0.0248695
-5.14 0.0251024
-5.13 0.0253368
-5.12 0.0255727
-5.11 0.02581
-5.1 0.0260487
-5.09 0.0262889
-5.08 0.0265305
-5.07 0.0267736
-5.06 0.0270181
-5.05 0.0272641
-5.04 0.0275115
-5.03 0.0277603
-5.02 0.0280106
-5.01 0.0282623
-5 0.0285154
-4.99 0.02877
-4.98 0.029026
-4.97 0.0292834
-4.96 0.0295422
-4.95 0.0298025
-4.94 0.0300642
-4.93 0.0303273
-4.92 0.0305919
-4.91 0.0308578
-4.9 0.0311251
-4.89 0.0313939
-4.88 0.0316641
-4.87 0.0319356
-4.86 0.0322086
-4.85 0.0324829
-4.84 0.0327587
-4.83 0.0330358
-4.82 0.0333143
-4.81 0.0335942
-4.8 0.0338754
-4.79 0.034158
-4.78 0.034442
-4.77 0.0347273
-4.76 0.035014
-4.75 0.0353021
-4.74 0.0355914
-4.73 0.0358821
-4.72 0.0361742
-4.71 0.0364675
-4.7 0.0367622
-4.69 0.0370582
-4.68 0.0373555
-4.67 0.0376541
-4.66 0.037954
-4.65 0.0382551
-4.64 0.0385576
-4.63 0.0388613
-4.62 0.0391663
-4.61 0.0394725
-4.6 0.03978
-4.59 0.0400887
-4.58 0.0403987
-4.57 0.0407099
-4.56 0.0410223
-4.55 0.0413359
-4.54 0.0416507
-4.53 0.0419667
-4.52 0.0422839
-4.51 0.0426022
-4.5 0.0429217
-4.49 0.0432424
-4.48 0.0435642
-4.47 0.0438872
-4.46 0.0442112
-4.45 0.0445364
-4.44 0.0448627
-4.43 0.0451901
-4.42 0.0455186
-4.41 0.0458482
-4.4 0.0461788
-4.39 0.0465104
-4.38 0.0468431
-4.37 0.0471769
-4.36 0.0475116
-4.35 0.0478474
-4.34 0.0481841
-4.33 0.0485219
-4.32 0.0488606
-4.31 0.0492003
-4.3 0.0495409
-4.29 0.0498824
-4.28 0.0502249
-4.27 0.0505683
-4.26 0.0509126
-4.25 0.0512577
-4.24 0.0516038
-4.23 0.0519507
-4.22 0.0522984
-4.21 0.052647
-4.2 0.0529963
-4.19 0.0533465
-4.18 0.0536975
-4.17 0.0540492
-4.16 0.0544017
-4.15 0.054755
-4.14 0.0551089
-4.13 0.0554636
-4.12 0.055819
-4.11 0.0561751
-4.1 0.0565318
-4.09 0.0568892
-4.08 0.0572473
-4.07 0.0576059
-4.06 0.0579652
-4.05 0.0583251
-4.04 0.0586855
-4.03 0.0590465
-4.02 0.059408
-4.01 0.0597701
-4 0.0601327
-3.99 0.0604958
-3.98 0.0608593
-3.97 0.0612234
-3.96 0.0615878
-3.95 0.0619527
-3.94 0.062318
-3.93 0.0626837
-3.92 0.0630498
-3.91 0.0634162
-3.9 0.063783
-3.89 0.0641501
-3.88 0.0645175
-3.87 0.0648852
-3.86 0.0652531
-3.85 0.0656214
-3.84 0.0659898
-3.83 0.0663585
-3.82 0.0667273
-3.81 0.0670964
-3.8 0.0674656
-3.79 0.0678349
-3.78 0.0682044
-3.77 0.0685739
-3.76 0.0689436
-3.75 0.0693133
-3.74 0.0696831
-3.73 0.0700529
-3.72 0.0704227
-3.71 0.0707925
-3.7 0.0711622
-3.69 0.071532
-3.68 0.0719016
-3.67 0.0722712
-3.66 0.0726407
-3.65 0.07301
-3.64 0.0733792
-3.63 0.0737482
-3.62 0.0741171
-3.61 0.0744857
-3.6 0.0748541
-3.59 0.0752223
-3.58 0.0755902
-3.57 0.0759579
-3.56 0.0763252
-3.55 0.0766922
-3.54 0.0770589
-3.53 0.0774252
-3.52 0.0777911
-3.51 0.0781566
-3.5 0.0785217
-3.49 0.0788864
-3.48 0.0792506
-3.47 0.0796143
-3.46 0.0799775
-3.45 0.0803402
-3.44 0.0807024
-3.43 0.081064
-3.42 0.081425
-3.41 0.0817854
-3.4 0.0821452
-3.39 0.0825043
-3.38 0.0828628
-3.37 0.0832206
-3.36 0.0835777
-3.35 0.0839341
-3.34 0.0842898
-3.33 0.0846447
-3.32 0.0849988
-3.31 0.0853521
-3.3 0.0857046
-3.29 0.0860562
-3.28 0.086407
-3.27 0.0867569
-3.26 0.0871059
-3.25 0.087454
-3.24 0.0878012
-3.23 0.0881474
-3.22 0.0884927
-3.21 0.0888369
-3.2 0.0891801
-3.19 0.0895224
-3.18 0.0898635
-3.17 0.0902036
-3.16 0.0905426
-3.15 0.0908805
-3.14 0.0912172
-3.13 0.0915529
-3.12 0.0918873
-3.11 0.0922206
-3.1 0.0925527
-3.09 0.0928836
-3.08 0.0932132
-3.07 0.0935416
-3.06 0.0938687
-3.05 0.0941945
-3.04 0.094519
-3.03 0.0948422
-3.02 0.0951641
-3.01 0.0954846
-3 0.0958037
-2.99 0.0961215
-2.98 0.0964378
-2.97 0.0967527
-2.96 0.0970662
-2.95 0.0973782
-2.94 0.0976887
-2.93 0.0979977
-2.92 0.0983053
-2.91 0.0986113
-2.9 0.0989158
-2.89 0.0992187
-2.88 0.0995201
-2.87 0.0998199
-2.86 0.100118
-2.85 0.100415
-2.84 0.10071
-2.83 0.101003
-2.82 0.101295
-2.81 0.101585
-2.8 0.101873
-2.79 0.102159
-2.78 0.102444
-2.77 0.102728
-2.76 0.103009
-2.75 0.103289
-2.74 0.103567
-2.73 0.103843
-2.72 0.104117
-2.71 0.10439
-2.7 0.10466
-2.69 0.104929
-2.68 0.105196
-2.67 0.105462
-2.66 0.105725
-2.65 0.105987
-2.64 0.106246
-2.63 0.106504
-2.62 0.10676
-2.61 0.107014
-2.6 0.107266
-2.59 0.107516
-2.58 0.107764
-2.57 0.10801
-2.56 0.108254
-2.55 0.108497
-2.54 0.108737
-2.53 0.108975
-2.52 0.109212
-2.51 0.109446
-2.5 0.109678
-2.49 0.109909
-2.48 0.110137
-2.47 0.110363
-2.46 0.110587
-2.45 0.110809
-2.44 0.11103
-2.43 0.111248
-2.42 0.111464
-2.41 0.111678
-2.4 0.11189
-2.39 0.112099
-2.38 0.112307
-2.37 0.112513
-2.36 0.112716
-2.35 0.112918
-2.34 0.113117
-2.33 0.113315
-2.32 0.11351
-2.31 0.113703
-2.3 0.113894
-2.29 0.114083
-2.28 0.11427
-2.27 0.114454
-2.26 0.114637
-2.25 0.114817
-2.24 0.114996
-2.23 0.115172
-2.22 0.115346
-2.21 0.115518
-2.2 0.115688
-2.19 0.115856
-2.18 0.116021
-2.17 0.116185
-2.16 0.116346
-2.15 0.116505
-2.14 0.116663
-2.13 0.116818
-2.12 0.116971
-2.11 0.117122
-2.1 0.11727
-2.09 0.117417
-2.08 0.117562
-2.07 0.117704
-2.06 0.117844
-2.05 0.117983
-2.04 0.118119
-2.03 0.118253
-2.02 0.118385
-2.01 0.118515
-2 0.118643
-1.99 0.118769
-1.98 0.118893
-1.97 0.119015
-1.96 0.119135
-1.95 0.119252
-1.94 0.119368
-1.93 0.119482
-1.92 0.119594
-1.91 0.119703
-1.9 0.119811
-1.89 0.119917
-1.88 0.120021
-1.87 0.120122
-1.86 0.120222
-1.85 0.12032
-1.84 0.120416
-1.83 0.12051
-1.82 0.120602
-1.81 0.120692
-1.8 0.120781
-1.79 0.120867
-1.78 0.120952
-1.77 0.121034
-1.76 0.121115
-1.75 0.121194
-1.74 0.121271
-1.73 0.121346
-1.72 0.12142
-1.71 0.121491
-1.7 0.121561
-1.69 0.121629
-1.68 0.121696
-1.67 0.12176
-1.66 0.121823
-1.65 0.121884
-1.64 0.121943
-1.63 0.122001
-1.62 0.122057
-1.61 0.122111
-1.6 0.122164
-1.59 0.122215
-1.58 0.122265
-1.57 0.122312
-1.56 0.122359
-1.55 0.122403
-1.54 0.122446
-1.53 0.122488
-1.52 0.122528
-1.51 0.122566
-1.5 0.122603
-1.49 0.122639
-1.48 0.122673
-1.47 0.122705
-1.46 0.122736
-1.45 0.122766
-1.44 0.122794
-1.43 0.122821
-1.42 0.122846
-1.41 0.12287
-1.4 0.122893
-1.39 0.122915
-1.38 0.122935
-1.37 0.122954
-1.36 0.122971
-1.35 0.122988
-1.34 0.123003
-1.33 0.123017
-1.32 0.123029
-1.31 0.123041
-1.3 0.123051
-1.29 0.123061
-1.28 0.123069
-1.27 0.123076
-1.26 0.123082
-1.25 0.123086
-1.24 0.12309
-1.23 0.123093
-1.22 0.123095
-1.21 0.123095
-1.2 0.123095
-1.19 0.123094
-1.18 0.123092
-1.17 0.123089
-1.16 0.123085
-1.15 0.12308
-1.14 0.123074
-1.13 0.123068
-1.12 0.12306
-1.11 0.123052
-1.1 0.123043
-1.09 0.123033
-1.08 0.123023
-1.07 0.123012
-1.06 0.123
-1.05 0.122987
-1.04 0.122974
-1.03 0.12296
-1.02 0.122945
-1.01 0.12293
-1 0.122914
-0.99 0.122898
-0.98 0.122881
-0.97 0.122864
-0.96 0.122846
-0.95 0.122827
-0.94 0.122808
-0.93 0.122789
-0.92 0.122769
-0.91 0.122748
-0.9 0.122728
-0.89 0.122707
-0.88 0.122685
-0.87 0.122663
-0.86 0.122641
-0.85 0.122619
-0.84 0.122596
-0.83 0.122573
-0.82 0.122549
-0.81 0.122526
-0.8 0.122502
-0.79 0.122478
-0.78 0.122454
-0.77 0.122429
-0.76 0.122405
-0.75 0.12238
-0.74 0.122355
-0.73 0.12233
-0.72 0.122305
-0.71 0.12228
-0.7 0.122255
-0.69 0.12223
-0.68 0.122205
-0.67 0.122179
-0.66 0.122154
-0.65 0.122129
-0.64 0.122104
-0.63 0.122079
-0.62 0.122053
-0.61 0.122028
-0.6 0.122004
-0.59 0.121979
-0.58 0.121954
-0.57 0.12193
-0.56 0.121905
-0.55 0.121881
-0.54 0.121857
-0.53 0.121833
-0.52 0.121809
-0.51 0.121786
-0.5 0.121763
-0.49 0.12174
-0.48 0.121717
-0.47 0.121695
-0.46 0.121673
-0.45 0.121651
-0.44 0.121629
-0.43 0.121608
-0.42 0.121587
-0.41 0.121567
-0.4 0.121546
-0.39 0.121527
-0.38 0.121507
-0.37 0.121488
-0.36 0.12147
-0.35 0.121451
-0.34 0.121434
-0.33 0.121417
-0.32 0.1214
-0.31 0.121384
-0.3 0.121368
-0.29 0.121353
-0.28 0.121339
-0.27 0.121325
-0.26 0.121312
-0.25 0.1213
-0.24 0.121289
-0.23 0.121279
-0.22 0.121269
-0.21 0.12126
-0.2 0.121253
-0.19 0.121246
-0.18 0.12124
-0.17 0.121236
-0.16 0.121232
-0.15 0.121229
-0.14 0.121228
-0.13 0.121227
-0.12 0.121227
-0.11 0.121227
-0.1 0.121228
-0.09 0.12123
-0.08 0.121232
-0.07 0.121234
-0.06 0.121236
-0.05 0.121238
-0.04 0.12124
-0.03 0.121241
-0.02 0.121243
-0.01 0.121243
0 0.121244
0.01 0.121243
0.02 0.121243
0.03 0.121241
0.04 0.12124
0.05 0.121238
0.06 0.121236
0.07 0.121234
0.08 0.121232
0.09 0.12123
0.1 0.121228
0.11 0.121227
0.12 0.121227
0.13 0.121227
0.14 0.121228
0.15 0.121229
0.16 0.121232
0.17 0.121236
0.18 0.12124
0.19 0.121246
0.2 0.121253
0.21 0.12126
0.22 0.121269
0.23 0.121279
0.24 0.121289
0.25 0.1213
0.26 0.121312
0.27 0.121325
0.28 0.121339
0.29 0.121353
0.3 0.121368
0.31 0.121384
0.32 0.1214
0.33 0.121417
0.34 0.121434
0.35 0.121451
0.36 0.12147
0.37 0.121488
0.38 0.121507
0.39 0.121527
0.4 0.121546
0.41 0.121567
0.42 0.121587
0.43 0.121608
0.44 0.121629
0.45 0.121651
0.46 0.121673
0.47 0.121695
0.48 0.121717
0.49 0.12174
0.5 0.121763
0.51 0.121786
0.52 0.121809
0.53 0.121833
0.54 0.121857
0.55 0.121881
0.56 0.121905
0.57 0.12193
0.58 0.121954
0.59 0.121979
0.6 0.122004
0.61 0.122028
0.62 0.122053
0.63 0.122079
0.64 0.122104
0.65 0.122129
0.66 0.122154
0.67 0.122179
0.68 0.122205
0.69 0.12223
0.7 0.122255
0.71 0.12228
0.72 0.122305
0.73 0.12233
0.74 0.122355
0.75 0.12238
0.76 0.122405
0.77 0.122429
0.78 0.122454
0.79 0.122478
0.8 0.122502
0.81 0.122526
0.82 0.122549
0.83 0.122573
0.84 0.122596
0.85 0.122619
0.86 0.122641
0.87 0.122663
0.88 0.122685
0.89 0.122707
0.9 0.122728
0.91 0.122748
0.92 0.122769
0.93 0.122789
0.94 0.122808
0.95 0.122827
0.96 0.122846
0.97 0.122864
0.98 0.122881
0.99 0.122898
1 0.122914
1.01 0.12293
1.02 0.122945
1.03 0.12296
1.04 0.122974
1.05 0.122987
1.06 0.123
1.07 0.123012
1.08 0.123023
1.09 0.123033
1.1 0.123043
1.11 0.123052
1.12 0.12306
1.13 0.123068
1.14 0.123074
1.15 0.12308
1.16 0.123085
1.17 0.123089
1.18 0.123092
1.19 0.123094
1.2 0.123095
1.21 0.123095
1.22 0.123095
1.23 0.123093
1.24 0.12309
1.25 0.123086
1.26 0.123082
1.27 0.123076
1.28 0.123069
1.29 0.123061
1.3 0.123051
1.31 0.123041
1.32 0.123029
1.33 0.123017
1.34 0.123003
1.35 0.122988
1.36 0.122971
1.37 0.122954
1.38 0.122935
1.39 0.122915
1.4 0.122893
1.41 0.12287
1.42 0.122846
1.43 0.122821
1.44 0.122794
1.45 0.122766
1.46 0.122736
1.47 0.122705
1.48 0.122673
1.49 0.122639
1.5 0.122603
1.51 0.122566
1.52 0.122528
1.53 0.122488
1.54 0.122446
1.55 0.122403
1.56 0.122359
1.57 0.122312
1.58 0.122265
1.59 0.122215
1.6 0.122164
1.61 0.122111
1.62 0.122057
1.63 0.122001
1.64 0.121943
1.65 0.121884
1.66 0.121823
1.67 0.12176
1.68 0.121696
1.69 0.121629
1.7 0.121561
1.71 0.121491
1.72 0.12142
1.73 0.121346
1.74 0.121271
1.75 0.121194
1.76 0.121115
1.77 0.121034
1.78 0.120952
1.79 0.120867
1.8 0.120781
1.81 0.120692
1.82 0.120602
1.83 0.12051
1.84 0.120416
1.85 0.12032
1.86 0.120222
1.87 0.120122
1.88 0.120021
1.89 0.119917
1.9 0.119811
1.91 0.119703
1.92 0.119594
1.93 0.119482
1.94 0.119368
1.95 0.119252
1.96 0.119135
1.97 0.119015
1.98 0.118893
1.99 0.118769
2 0.118643
2.01 0.118515
2.02 0.118385
2.03 0.118253
2.04 0.118119
2.05 0.117983
2.06 0.117844
2.07 0.117704
2.08 0.117562
2.09 0.117417
2.1 0.11727
2.11 0.117122
2.12 0.116971
2.13 0.116818
2.14 0.116663
2.15 0.116505
2.16 0.116346
2.17 0.116185
2.18 0.116021
2.19 0.115856
2.2 0.115688
2.21 0.115518
2.22 0.115346
2.23 0.115172
2.24 0.114996
2.25 0.114817
2.26 0.114637
2.27 0.114454
2.28 0.11427
2.29 0.114083
2.3 0.113894
2.31 0.113703
2.32 0.11351
2.33 0.113315
2.34 0.113117
2.35 0.112918
2.36 0.112716
2.37 0.112513
2.38 0.112307
2.39 0.112099
2.4 0.11189
2.41 0.111678
2.42 0.111464
2.43 0.111248
2.44 0.11103
2.45 0.110809
2.46 0.110587
2.47 0.110363
2.48 0.110137
2.49 0.109909
2.5 0.109678
2.51 0.109446
2.52 0.109212
2.53 0.108975
2.54 0.108737
2.55 0.108497
2.56 0.108254
2.57 0.10801
2.58 0.107764
2.59 0.107516
2.6 0.107266
2.61 0.107014
2.62 0.10676
2.63 0.106504
2.64 0.106246
2.65 0.105987
2.66 0.105725
2.67 0.105462
2.68 0.105196
2.69 0.104929
2.7 0.10466
2.71 0.10439
2.72 0.104117
2.73 0.103843
2.74 0.103567
2.75 0.103289
2.76 0.103009
2.77 0.102728
2.78 0.102444
2.79 0.102159
2.8 0.101873
2.81 0.101585
2.82 0.101295
2.83 0.101003
2.84 0.10071
2.85 0.100415
2.86 0.100118
2.87 0.0998199
2.88 0.0995201
2.89 0.0992187
2.9 0.0989158
2.91 0.0986113
2.92 0.0983053
2.93 0.0979977
2.94 0.0976887
2.95 0.0973782
2.96 0.0970662
2.97 0.0967527
2.98 0.0964378
2.99 0.0961215
3 0.0958037
3.01 0.0954846
3.02 0.0951641
3.03 0.0948422
3.04 0.094519
3.05 0.0941945
3.06 0.0938687
3.07 0.0935416
3.08 0.0932132
3.09 0.0928836
3.1 0.0925527
3.11 0.0922206
3.12 0.0918873
3.13 0.0915529
3.14 0.0912172
3.15 0.0908805
3.16 0.0905426
3.17 0.0902036
3.18 0.0898635
3.19 0.0895224
3.2 0.0891801
3.21 0.0888369
3.22 0.0884927
3.23 0.0881474
3.24 0.0878012
3.25 0.087454
3.26 0.0871059
3.27 0.0867569
3.28 0.086407
3.29 0.0860562
3.3 0.0857046
3.31 0.0853521
3.32 0.0849988
3.33 0.0846447
3.34 0.0842898
3.35 0.0839341
3.36 0.0835777
3.37 0.0832206
3.38 0.0828628
3.39 0.0825043
3.4 0.0821452
3.41 0.0817854
3.42 0.081425
3.43 0.081064
3.44 0.0807024
3.45 0.0803402
3.46 0.0799775
3.47 0.0796143
3.48 0.0792506
3.49 0.0788864
3.5 0.0785217
3.51 0.0781566
3.52 0.0777911
3.53 0.0774252
3.54 0.0770589
3.55 0.0766922
3.56 0.0763252
3.57 0.0759579
3.58 0.0755902
3.59 0.0752223
3.6 0.0748541
3.61 0.0744857
3.62 0.0741171
3.63 0.0737482
3.64 0.0733792
3.65 0.07301
3.66 0.0726407
3.67 0.0722712
3.68 0.0719016
3.69 0.071532
3.7 0.0711622
3.71 0.0707925
3.72 0.0704227
3.73 0.0700529
3.74 0.0696831
3.75 0.0693133
3.76 0.0689436
3.77 0.0685739
3.78 0.0682044
3.79 0.0678349
3.8 0.0674656
3.81 0.0670964
3.82 0.0667273
3.83 0.0663585
3.84 0.0659898
3.85 0.0656214
3.86 0.0652531
3.87 0.0648852
3.88 0.0645175
3.89 0.0641501
3.9 0.063783
3.91 0.0634162
3.92 0.0630498
3.93 0.0626837
3.94 0.062318
3.95 0.0619527
3.96 0.0615878
3.97 0.0612234
3.98 0.0608593
3.99 0.0604958
4 0.0601327
4.01 0.0597701
4.02 0.059408
4.03 0.0590465
4.04 0.0586855
4.05 0.0583251
4.06 0.0579652
4.07 0.0576059
4.08 0.0572473
4.09 0.0568892
4.1 0.0565318
4.11 0.0561751
4.12 0.055819
4.13 0.0554636
4.14 0.0551089
4.15 0.054755
4.16 0.0544017
4.17 0.0540492
4.18 0.0536975
4.19 0.0533465
4.2 0.0529963
4.21 0.052647
4.22 0.0522984
4.23 0.0519507
4.24 0.0516038
4.25 0.0512577
4.26 0.0509126
4.27 0.0505683
4.28 0.0502249
4.29 0.0498824
4.3 0.0495409
4.31 0.0492003
4.32 0.0488606
4.33 0.0485219
4.34 0.0481841
4.35 0.0478474
4.36 0.0475116
4.37 0.0471769
4.38 0.0468431
4.39 0.0465104
4.4 0.0461788
4.41 0.0458482
4.42 0.0455186
4.43 0.0451901
4.44 0.0448627
4.45 0.0445364
4.46 0.0442112
4.47 0.0438872
4.48 0.0435642
4.49 0.0432424
4.5 0.0429217
4.51 0.0426022
4.52 0.0422839
4.53 0.0419667
4.54 0.0416507
4.55 0.0413359
4.56 0.0410223
4.57 0.0407099
4.58 0.0403987
4.59 0.0400887
4.6 0.03978
4.61 0.0394725
4.62 0.0391663
4.63 0.0388613
4.64 0.0385576
4.65 0.0382551
4.66 0.037954
4.67 0.0376541
4.68 0.0373555
4.69 0.0370582
4.7 0.0367622
4.71 0.0364675
4.72 0.0361742
4.73 0.0358821
4.74 0.0355914
4.75 0.0353021
4.76 0.035014
4.77 0.0347273
4.78 0.034442
4.79 0.034158
4.8 0.0338754
4.81 0.0335942
4.82 0.0333143
4.83 0.0330358
4.84 0.0327587
4.85 0.0324829
4.86 0.0322086
4.87 0.0319356
4.88 0.0316641
4.89 0.0313939
4.9 0.0311251
4.91 0.0308578
4.92 0.0305919
4.93 0.0303273
4.94 0.0300642
4.95 0.0298025
4.96 0.0295422
4.97 0.0292834
4.98 0.029026
4.99 0.02877
5 0.0285154
5.01 0.0282623
5.02 0.0280106
5.03 0.0277603
5.04 0.0275115
5.05 0.0272641
5.06 0.0270181
5.07 0.0267736
5.08 0.0265305
5.09 0.0262889
5.1 0.0260487
5.11 0.02581
5.12 0.0255727
5.13 0.0253368
5.14 0.0251024
5.15 0.0248695
5.16 0.024638
5.17 0.0244079
5.18 0.0241793
5.19 0.0239521
5.2 0.0237264
5.21 0.0235021
5.22 0.0232792
5.23 0.0230578
5.24 0.0228378
5.25 0.0226193
5.26 0.0224022
5.27 0.0221866
5.28 0.0219723
5.29 0.0217596
5.3 0.0215482
5.31 0.0213383
5.32 0.0211298
5.33 0.0209227
5.34 0.0207171
5.35 0.0205129
5.36 0.0203101
5.37 0.0201087
5.38 0.0199087
5.39 0.0197102
5.4 0.0195131
5.41 0.0193173
5.42 0.019123
5.43 0.0189301
5.44 0.0187386
5.45 0.0185484
5.46 0.0183597
5.47 0.0181724
5.48 0.0179864
5.49 0.0178018
5.5 0.0176186
5.51 0.0174368
5.52 0.0172564
5.53 0.0170773
5.54 0.0168996
5.55 0.0167232
5.56 0.0165482
5.57 0.0163746
5.58 0.0162023
5.59 0.0160314
5.6 0.0158617
5.61 0.0156935
5.62 0.0155265
5.63 0.0153609
5.64 0.0151966
5.65 0.0150336
5.66 0.014872
5.67 0.0147116
5.68 0.0145526
5.69 0.0143948
5.7 0.0142384
5.71 0.0140832
5.72 0.0139293
5.73 0.0137767
5.74 0.0136254
5.75 0.0134753
5.76 0.0133265
5.77 0.0131789
5.78 0.0130327
5.79 0.0128876
5.8 0.0127438
5.81 0.0126012
5.82 0.0124599
5.83 0.0123198
5.84 0.0121809
5.85 0.0120432
5.86 0.0119067
5.87 0.0117714
5.88 0.0116374
5.89 0.0115045
5.9 0.0113728
5.91 0.0112423
5.92 0.0111129
5.93 0.0109847
5.94 0.0108577
5.95 0.0107318
5.96 0.0106071
5.97 0.0104835
5.98 0.0103611
5.99 0.0102398
