-6 0.0127284
-5.99 0.0128593
-5.98 0.0129913
-5.97 0.0131242
-5.96 0.0132582
-5.95 0.0133933
-5.94 0.0135294
-5.93 0.0136665
-5.92 0.0138046
-5.91 0.0139438
-5.9 0.0140841
-5.89 0.0142254
-5.88 0.0143678
-5.87 0.0145112
-5.86 0.0146557
-5.85 0.0148013
-5.84 0.0149479
-5.83 0.0150956
-5.82 0.0152444
-5.81 0.0153943
-5.8 0.0155453
-5.79 0.0156973
-5.78 0.0158505
-5.77 0.0160047
-5.76 0.0161601
-5.75 0.0163165
-5.74 0.0164741
-5.73 0.0166327
-5.72 0.0167925
-5.71 0.0169533
-5.7 0.0171153
-5.69 0.0172784
-5.68 0.0174426
-5.67 0.017608
-5.66 0.0177744
-5.65 0.017942
-5.64 0.0181108
-5.63 0.0182806
-5.62 0.0184516
-5.61 0.0186237
-5.6 0.018797
-5.59 0.0189714
-5.58 0.0191469
-5.57 0.0193236
-5.56 0.0195015
-5.55 0.0196804
-5.54 0.0198606
-5.53 0.0200419
-5.52 0.0202243
-5.51 0.0204079
-5.5 0.0205926
-5.49 0.0207785
-5.48 0.0209655
-5.47 0.0211538
-5.46 0.0213431
-5.45 0.0215337
-5.44 0.0217253
-5.43 0.0219182
-5.42 0.0221122
-5.41 0.0223074
-5.4 0.0225037
-5.39 0.0227013
-5.38 0.0228999
-5.37 0.0230998
-5.36 0.0233008
-5.35 0.0235029
-5.34 0.0237063
-5.33 0.0239108
-5.32 0.0241165
-5.31 0.0243233
-5.3 0.0245313
-5.29 0.0247405
-5.28 0.0249508
-5.27 0.0251623
-5.26 0.025375
-5.25 0.0255888
-5.24 0.0258038
-5.23 0.02602
-5.22 0.0262373
-5.21 0.0264558
-5.2 0.0266755
-5.19 0.0268963
-5.18 0.0271182
-5.17 0.0273413
-5.16 0.0275656
-5.15 0.027791
-5.14 0.0280176
-5.13 0.0282453
-5.12 0.0284742
-5.11 0.0287042
-5.1 0.0289354
-5.09 0.0291677
-5.08 0.0294012
-5.07 0.0296358
-5.06 0.0298715
-5.05 0.0301084
-5.04 0.0303464
-5.03 0.0305855
-5.02 0.0308257
-5.01 0.0310671
-5 0.0313096
-4.99 0.0315532
-4.98 0.0317979
-4.97 0.0320437
-4.96 0.0322907
-4.95 0.0325387
-4.94 0.0327879
-4.93 0.0330381
-4.92 0.0332894
-4.91 0.0335418
-4.9 0.0337954
-4.89 0.0340499
-4.88 0.0343056
-4.87 0.0345623
-4.86 0.0348202
-4.85 0.035079
-4.84 0.035339
-4.83 0.0355999
-4.82 0.035862
-4.81 0.0361251
-4.8 0.0363892
-4.79 0.0366543
-4.78 0.0369205
-4.77 0.0371877
-4.76 0.037456
-4.75 0.0377252
-4.74 0.0379955
-4.73 0.0382667
-4.72 0.038539
-4.71 0.0388122
-4.7 0.0390864
-4.69 0.0393617
-4.68 0.0396378
-4.67 0.039915
-4.66 0.0401931
-4.65 0.0404721
-4.64 0.0407522
-4.63 0.0410331
-4.62 0.041315
-4.61 0.0415978
-4.6 0.0418815
-4.59 0.0421662
-4.58 0.0424517
-4.57 0.0427382
-4.56 0.0430255
-4.55 0.0433137
-4.54 0.0436028
-4.53 0.0438928
-4.52 0.0441836
-4.51 0.0444753
-4.5 0.0447678
-4.49 0.0450611
-4.48 0.0453553
-4.47 0.0456503
-4.46 0.0459461
-4.45 0.0462427
-4.44 0.0465401
-4.43 0.0468383
-4.42 0.0471372
-4.41 0.047437
-4.4 0.0477375
-4.39 0.0480387
-4.38 0.0483407
-4.37 0.0486434
-4.36 0.0489468
-4.35 0.0492509
-4.34 0.0495558
-4.33 0.0498613
-4.32 0.0501675
-4.31 0.0504744
-4.3 0.0507819
-4.29 0.0510901
-4.28 0.0513989
-4.27 0.0517084
-4.26 0.0520185
-4.25 0.0523292
-4.24 0.0526405
-4.23 0.0529524
-4.22 0.0532649
-4.21 0.0535779
-4.2 0.0538915
-4.19 0.0542056
-4.18 0.0545203
-4.17 0.0548355
-4.16 0.0551512
-4.15 0.0554674
-4.14 0.0557841
-4.13 0.0561013
-4.12 0.056419
-4.11 0.0567371
-4.1 0.0570556
-4.09 0.0573746
-4.08 0.057694
-4.07 0.0580138
-4.06 0.058334
-4.05 0.0586546
-4.04 0.0589756
-4.03 0.0592969
-4.02 0.0596186
-4.01 0.0599406
-4 0.060263
-3.99 0.0605856
-3.98 0.0609086
-3.97 0.0612318
-3.96 0.0615553
-3.95 0.0618791
-3.94 0.0622031
-3.93 0.0625273
-3.92 0.0628518
-3.91 0.0631765
-3.9 0.0635014
-3.89 0.0638265
-3.88 0.0641517
-3.87 0.0644771
-3.86 0.0648026
-3.85 0.0651283
-3.84 0.0654541
-3.83 0.06578
-3.82 0.066106
-3.81 0.0664321
-3.8 0.0667582
-3.79 0.0670844
-3.78 0.0674106
-3.77 0.0677369
-3.76 0.0680632
-3.75 0.0683894
-3.74 0.0687157
-3.73 0.0690419
-3.72 0.0693681
-3.71 0.0696942
-3.7 0.0700202
-3.69 0.0703462
-3.68 0.070672
-3.67 0.0709978
-3.66 0.0713234
-3.65 0.0716489
-3.64 0.0719743
-3.63 0.0722994
-3.62 0.0726244
-3.61 0.0729492
-3.6 0.0732738
-3.59 0.0735982
-3.58 0.0739223
-3.57 0.0742462
-3.56 0.0745698
-3.55 0.0748931
-3.54 0.0752162
-3.53 0.0755389
-3.52 0.0758613
-3.51 0.0761834
-3.5 0.0765052
-3.49 0.0768265
-3.48 0.0771475
-3.47 0.0774682
-3.46 0.0777884
-3.45 0.0781082
-3.44 0.0784275
-3.43 0.0787465
-3.42 0.0790649
-3.41 0.0793829
-3.4 0.0797004
-3.39 0.0800174
-3.38 0.0803339
-3.37 0.0806499
-3.36 0.0809653
-3.35 0.0812802
-3.34 0.0815945
-3.33 0.0819083
-3.32 0.0822214
-3.31 0.0825339
-3.3 0.0828458
-3.29 0.0831571
-3.28 0.0834677
-3.27 0.0837777
-3.26 0.084087
-3.25 0.0843956
-3.24 0.0847035
-3.23 0.0850107
-3.22 0.0853172
-3.21 0.0856229
-3.2 0.0859279
-3.19 0.0862321
-3.18 0.0865355
-3.17 0.0868382
-3.16 0.08714
-3.15 0.087441
-3.14 0.0877412
-3.13 0.0880406
-3.12 0.0883391
-3.11 0.0886367
-3.1 0.0889334
-3.09 0.0892293
-3.08 0.0895243
-3.07 0.0898183
-3.06 0.0901115
-3.05 0.0904036
-3.04 0.0906949
-3.03 0.0909852
-3.02 0.0912745
-3.01 0.0915628
-3 0.0918501
-2.99 0.0921364
-2.98 0.0924217
-2.97 0.092706
-2.96 0.0929892
-2.95 0.0932714
-2.94 0.0935525
-2.93 0.0938325
-2.92 0.0941115
-2.91 0.0943893
-2.9 0.0946661
-2.89 0.0949417
-2.88 0.0952162
-2.87 0.0954896
-2.86 0.0957618
-2.85 0.0960329
-2.84 0.0963028
-2.83 0.0965716
-2.82 0.0968391
-2.81 0.0971055
-2.8 0.0973706
-2.79 0.0976346
-2.78 0.0978973
-2.77 0.0981588
-2.76 0.098419
-2.75 0.098678
-2.74 0.0989357
-2.73 0.0991922
-2.72 0.0994474
-2.71 0.0997013
-2.7 0.0999539
-2.69 0.100205
-2.68 0.100455
-2.67 0.100704
-2.66 0.100951
-2.65 0.101197
-2.64 0.101442
-2.63 0.101686
-2.62 0.101928
-2.61 0.102168
-2.6 0.102408
-2.59 0.102645
-2.58 0.102882
-2.57 0.103117
-2.56 0.103351
-2.55 0.103583
-2.54 0.103814
-2.53 0.104044
-2.52 0.104272
-2.51 0.104499
-2.5 0.104724
-2.49 0.104948
-2.48 0.10517
-2.47 0.105391
-2.46 0.105611
-2.45 0.105829
-2.44 0.106046
-2.43 0.106261
-2.42 0.106475
-2.41 0.106687
-2.4 0.106898
-2.39 0.107107
-2.38 0.107315
-2.37 0.107521
-2.36 0.107726
-2.35 0.10793
-2.34 0.108132
-2.33 0.108332
-2.32 0.108531
-2.31 0.108728
-2.3 0.108924
-2.29 0.109119
-2.28 0.109312
-2.27 0.109503
-2.26 0.109693
-2.25 0.109881
-2.24 0.110068
-2.23 0.110254
-2.22 0.110437
-2.21 0.11062
-2.2 0.110801
-2.19 0.11098
-2.18 0.111158
-2.17 0.111334
-2.16 0.111509
-2.15 0.111682
-2.14 0.111854
-2.13 0.112024
-2.12 0.112193
-2.11 0.11236
-2.1 0.112525
-2.09 0.11269
-2.08 0.112852
-2.07 0.113013
-2.06 0.113173
-2.05 0.113331
-2.04 0.113488
-2.03 0.113643
-2.02 0.113797
-2.01 0.113949
-2 0.114099
-1.99 0.114248
-1.98 0.114396
-1.97 0.114542
-1.96 0.114687
-1.95 0.11483
-1.94 0.114972
-1.93 0.115112
-1.92 0.115251
-1.91 0.115388
-1.9 0.115524
-1.89 0.115658
-1.88 0.115791
-1.87 0.115922
-1.86 0.116052
-1.85 0.116181
-1.84 0.116308
-1.83 0.116433
-1.82 0.116558
-1.81 0.11668
-1.8 0.116802
-1.79 0.116922
-1.78 0.11704
-1.77 0.117157
-1.76 0.117273
-1.75 0.117387
-1.74 0.1175
-1.73 0.117612
-1.72 0.117722
-1.71 0.117831
-1.7 0.117938
-1.69 0.118044
-1.68 0.118149
-1.67 0.118253
-1.66 0.118355
-1.65 0.118455
-1.64 0.118555
-1.63 0.118653
-1.62 0.11875
-1.61 0.118845
-1.6 0.118939
-1.59 0.119032
-1.58 0.119124
-1.57 0.119214
-1.56 0.119303
-1.55 0.119391
-1.54 0.119477
-1.53 0.119563
-1.52 0.119647
-1.51 0.11973
-1.5 0.119811
-1.49 0.119892
-1.48 0.119971
-1.47 0.120049
-1.46 0.120126
-1.45 0.120202
-1.44 0.120276
-1.43 0.120349
-1.42 0.120422
-1.41 0.120493
-1.4 0.120563
-1.39 0.120632
-1.38 0.120699
-1.37 0.120766
-1.36 0.120832
-1.35 0.120896
-1.34 0.120959
-1.33 0.121022
-1.32 0.121083
-1.31 0.121143
-1.3 0.121202
-1.29 0.121261
-1.28 0.121318
-1.27 0.121374
-1.26 0.121429
-1.25 0.121483
-1.24 0.121536
-1.23 0.121589
-1.22 0.12164
-1.21 0.12169
-1.2 0.12174
-1.19 0.121788
-1.18 0.121836
-1.17 0.121882
-1.16 0.121928
-1.15 0.121973
-1.14 0.122017
-1.13 0.12206
-1.12 0.122102
-1.11 0.122144
-1.1 0.122184
-1.09 0.122224
-1.08 0.122263
-1.07 0.122301
-1.06 0.122339
-1.05 0.122375
-1.04 0.122411
-1.03 0.122446
-1.02 0.12248
-1.01 0.122514
-1 0.122547
-0.99 0.122579
-0.98 0.12261
-0.97 0.122641
-0.96 0.122671
-0.95 0.1227
-0.94 0.122729
-0.93 0.122757
-0.92 0.122784
-0.91 0.122811
-0.9 0.122837
-0.89 0.122863
-0.88 0.122888
-0.87 0.122912
-0.86 0.122935
-0.85 0.122959
-0.84 0.122981
-0.83 0.123003
-0.82 0.123024
-0.81 0.123045
-0.8 0.123066
-0.79 0.123085
-0.78 0.123105
-0.77 0.123123
-0.76 0.123142
-0.75 0.123159
-0.74 0.123177
-0.73 0.123194
-0.72 0.12321
-0.71 0.123226
-0.7 0.123241
-0.69 0.123256
-0.68 0.123271
-0.67 0.123285
-0.66 0.123299
-0.65 0.123313
-0.64 0.123326
-0.63 0.123338
-0.62 0.123351
-0.61 0.123363
-0.6 0.123374
-0.59 0.123386
-0.58 0.123397
-0.57 0.123408
-0.56 0.123418
-0.55 0.123429
-0.54 0.123439
-0.53 0.123449
-0.52 0.123459
-0.51 0.123468
-0.5 0.123478
-0.49 0.123487
-0.48 0.123497
-0.47 0.123506
-0.46 0.123516
-0.45 0.123525
-0.44 0.123535
-0.43 0.123545
-0.42 0.123555
-0.41 0.123566
-0.4 0.123577
-0.39 0.123588
-0.38 0.1236
-0.37 0.123613
-0.36 0.123626
-0.35 0.123639
-0.34 0.123654
-0.33 0.123669
-0.32 0.123685
-0.31 0.123702
-0.3 0.123719
-0.29 0.123738
-0.28 0.123757
-0.27 0.123778
-0.26 0.123799
-0.25 0.123821
-0.24 0.123844
-0.23 0.123868
-0.22 0.123892
-0.21 0.123917
-0.2 0.123943
-0.19 0.123969
-0.18 0.123995
-0.17 0.124021
-0.16 0.124047
-0.15 0.124073
-0.14 0.124098
-0.13 0.124123
-0.12 0.124147
-0.11 0.12417
-0.1 0.124192
-0.09 0.124213
-0.08 0.124231
-0.07 0.124249
-0.06 0.124264
-0.05 0.124277
-0.04 0.124288
-0.03 0.124296
-0.02 0.124302
-0.01 0.124306
0 0.124307
0.01 0.124306
0.02 0.124302
0.03 0.124296
0.04 0.124288
0.05 0.124277
0.06 0.124264
0.07 0.124249
0.08 0.124231
0.09 0.124213
0.1 0.124192
0.11 0.12417
0.12 0.124147
0.13 0.124123
0.14 0.124098
0.15 0.124073
0.16 0.124047
0.17 0.124021
0.18 0.123995
0.19 0.123969
0.2 0.123943
0.21 0.123917
0.22 0.123892
0.23 0.123868
0.24 0.123844
0.25 0.123821
0.26 0.123799
0.27 0.123778
0.28 0.123757
0.29 0.123738
0.3 0.123719
0.31 0.123702
0.32 0.123685
0.33 0.123669
0.34 0.123654
0.35 0.123639
0.36 0.123626
0.37 0.123613
0.38 0.1236
0.39 0.123588
0.4 0.123577
0.41 0.123566
0.42 0.123555
0.43 0.123545
0.44 0.123535
0.45 0.123525
0.46 0.123516
0.47 0.123506
0.48 0.123497
0.49 0.123487
0.5 0.123478
0.51 0.123468
0.52 0.123459
0.53 0.123449
0.54 0.123439
0.55 0.123429
0.56 0.123418
0.57 0.123408
0.58 0.123397
0.59 0.123386
0.6 0.123374
0.61 0.123363
0.62 0.123351
0.63 0.123338
0.64 0.123326
0.65 0.123313
0.66 0.123299
0.67 0.123285
0.68 0.123271
0.69 0.123256
0.7 0.123241
0.71 0.123226
0.72 0.12321
0.73 0.123194
0.74 0.123177
0.75 0.123159
0.76 0.123142
0.77 0.123123
0.78 0.123105
0.79 0.123085
0.8 0.123066
0.81 0.123045
0.82 0.123024
0.83 0.123003
0.84 0.122981
0.85 0.122959
0.86 0.122935
0.87 0.122912
0.88 0.122888
0.89 0.122863
0.9 0.122837
0.91 0.122811
0.92 0.122784
0.93 0.122757
0.94 0.122729
0.95 0.1227
0.96 0.122671
0.97 0.122641
0.98 0.12261
0.99 0.122579
1 0.122547
1.01 0.122514
1.02 0.12248
1.03 0.122446
1.04 0.122411
1.05 0.122375
1.06 0.122339
1.07 0.122301
1.08 0.122263
1.09 0.122224
1.1 0.122184
1.11 0.122144
1.12 0.122102
1.13 0.12206
1.14 0.122017
1.15 0.121973
1.16 0.121928
1.17 0.121882
1.18 0.121836
1.19 0.121788
1.2 0.12174
1.21 0.12169
1.22 0.12164
1.23 0.121589
1.24 0.121536
1.25 0.121483
1.26 0.121429
1.27 0.121374
1.28 0.121318
1.29 0.121261
1.3 0.121202
1.31 0.121143
1.32 0.121083
1.33 0.121022
1.34 0.120959
1.35 0.120896
1.36 0.120832
1.37 0.120766
1.38 0.120699
1.39 0.120632
1.4 0.120563
1.41 0.120493
1.42 0.120422
1.43 0.120349
1.44 0.120276
1.45 0.120202
1.46 0.120126
1.47 0.120049
1.48 0.119971
1.49 0.119892
1.5 0.119811
1.51 0.11973
1.52 0.119647
1.53 0.119563
1.54 0.119477
1.55 0.119391
1.56 0.119303
1.57 0.119214
1.58 0.119124
1.59 0.119032
1.6 0.118939
1.61 0.118845
1.62 0.11875
1.63 0.118653
1.64 0.118555
1.65 0.118455
1.66 0.118355
1.67 0.118253
1.68 0.118149
1.69 0.118044
1.7 0.117938
1.71 0.117831
1.72 0.117722
1.73 0.117612
1.74 0.1175
1.75 0.117387
1.76 0.117273
1.77 0.117157
1.78 0.11704
1.79 0.116922
1.8 0.116802
1.81 0.11668
1.82 0.116558
1.83 0.116433
1.84 0.116308
1.85 0.116181
1.86 0.116052
1.87 0.115922
1.88 0.115791
1.89 0.115658
1.9 0.115524
1.91 0.115388
1.92 0.115251
1.93 0.115112
1.94 0.114972
1.95 0.11483
1.96 0.114687
1.97 0.114542
1.98 0.114396
1.99 0.114248
2 0.114099
2.01 0.113949
2.02 0.113797
2.03 0.113643
2.04 0.113488
2.05 0.113331
2.06 0.113173
2.07 0.113013
2.08 0.112852
2.09 0.11269
2.1 0.112525
2.11 0.11236
2.12 0.112193
2.13 0.112024
2.14 0.111854
2.15 0.111682
2.16 0.111509
2.17 0.111334
2.18 0.111158
2.19 0.11098
2.2 0.110801
2.21 0.11062
2.22 0.110437
2.23 0.110254
2.24 0.110068
2.25 0.109881
2.26 0.109693
2.27 0.109503
2.28 0.109312
2.29 0.109119
2.3 0.108924
2.31 0.108728
2.32 0.108531
2.33 0.108332
2.34 0.108132
2.35 0.10793
2.36 0.107726
2.37 0.107521
2.38 0.107315
2.39 0.107107
2.4 0.106898
2.41 0.106687
2.42 0.106475
2.43 0.106261
2.44 0.106046
2.45 0.105829
2.46 0.105611
2.47 0.105391
2.48 0.10517
2.49 0.104948
2.5 0.104724
2.51 0.104499
2.52 0.104272
2.53 0.104044
2.54 0.103814
2.55 0.103583
2.56 0.103351
2.57 0.103117
2.58 0.102882
2.59 0.102645
2.6 0.102408
2.61 0.102168
2.62 0.101928
2.63 0.101686
2.64 0.101442
2.65 0.101197
2.66 0.100951
2.67 0.100704
2.68 0.100455
2.69 0.100205
2.7 0.0999539
2.71 0.0997013
2.72 0.0994474
2.73 0.0991922
2.74 0.0989357
2.75 0.098678
2.76 0.098419
2.77 0.0981588
2.78 0.0978973
2.79 0.0976346
2.8 0.0973706
2.81 0.0971055
2.82 0.0968391
2.83 0.0965716
2.84 0.0963028
2.85 0.0960329
2.86 0.0957618
2.87 0.0954896
2.88 0.0952162
2.89 0.0949417
2.9 0.0946661
2.91 0.0943893
2.92 0.0941115
2.93 0.0938325
2.94 0.0935525
2.95 0.0932714
2.96 0.0929892
2.97 0.092706
2.98 0.0924217
2.99 0.0921364
3 0.0918501
3.01 0.0915628
3.02 0.0912745
3.03 0.0909852
3.04 0.0906949
3.05 0.0904036
3.06 0.0901115
3.07 0.0898183
3.08 0.0895243
3.09 0.0892293
3.1 0.0889334
3.11 0.0886367
3.12 0.0883391
3.13 0.0880406
3.14 0.0877412
3.15 0.087441
3.16 0.08714
3.17 0.0868382
3.18 0.0865355
3.19 0.0862321
3.2 0.0859279
3.21 0.0856229
3.22 0.0853172
3.23 0.0850107
3.24 0.0847035
3.25 0.0843956
3.26 0.084087
3.27 0.0837777
3.28 0.0834677
3.29 0.0831571
3.3 0.0828458
3.31 0.0825339
3.32 0.0822214
3.33 0.0819083
3.34 0.0815945
3.35 0.0812802
3.36 0.0809653
3.37 0.0806499
3.38 0.0803339
3.39 0.0800174
3.4 0.0797004
3.41 0.0793829
3.42 0.0790649
3.43 0.0787465
3.44 0.0784275
3.45 0.0781082
3.46 0.0777884
3.47 0.0774682
3.48 0.0771475
3.49 0.0768265
3.5 0.0765052
3.51 0.0761834
3.52 0.0758613
3.53 0.0755389
3.54 0.0752162
3.55 0.0748931
3.56 0.0745698
3.57 0.0742462
3.58 0.0739223
3.59 0.0735982
3.6 0.0732738
3.61 0.0729492
3.62 0.0726244
3.63 0.0722994
3.64 0.0719743
3.65 0.0716489
3.66 0.0713234
3.67 0.0709978
3.68 0.070672
3.69 0.0703462
3.7 0.0700202
3.71 0.0696942
3.72 0.0693681
3.73 0.0690419
3.74 0.0687157
3.75 0.0683894
3.76 0.0680632
3.77 0.0677369
3.78 0.0674106
3.79 0.0670844
3.8 0.0667582
3.81 0.0664321
3.82 0.066106
3.83 0.06578
3.84 0.0654541
3.85 0.0651283
3.86 0.0648026
3.87 0.0644771
3.88 0.0641517
3.89 0.0638265
3.9 0.0635014
3.91 0.0631765
3.92 0.0628518
3.93 0.0625273
3.94 0.0622031
3.95 0.0618791
3.96 0.0615553
3.97 0.0612318
3.98 0.0609086
3.99 0.0605856
4 0.060263
4.01 0.0599406
4.02 0.0596186
4.03 0.0592969
4.04 0.0589756
4.05 0.0586546
4.06 0.058334
4.07 0.0580138
4.08 0.057694
4.09 0.0573746
4.1 0.0570556
4.11 0.0567371
4.12 0.056419
4.13 0.0561013
4.14 0.0557841
4.15 0.0554674
4.16 0.0551512
4.17 0.0548355
4.18 0.0545203
4.19 0.0542056
4.2 0.0538915
4.21 0.0535779
4.22 0.0532649
4.23 0.0529524
4.24 0.0526405
4.25 0.0523292
4.26 0.0520185
4.27 0.0517084
4.28 0.0513989
4.29 0.0510901
4.3 0.0507819
4.31 0.0504744
4.32 0.0501675
4.33 0.0498613
4.34 0.0495558
4.35 0.0492509
4.36 0.0489468
4.37 0.0486434
4.38 0.0483407
4.39 0.0480387
4.4 0.0477375
4.41 0.047437
4.42 0.0471372
4.43 0.0468383
4.44 0.0465401
4.45 0.0462427
4.46 0.0459461
4.47 0.0456503
4.48 0.0453553
4.49 0.0450611
4.5 0.0447678
4.51 0.0444753
4.52 0.0441836
4.53 0.0438928
4.54 0.0436028
4.55 0.0433137
4.56 0.0430255
4.57 0.0427382
4.58 0.0424517
4.59 0.0421662
4.6 0.0418815
4.61 0.0415978
4.62 0.041315
4.63 0.0410331
4.64 0.0407522
4.65 0.0404721
4.66 0.0401931
4.67 0.039915
4.68 0.0396378
4.69 0.0393617
4.7 0.0390864
4.71 0.0388122
4.72 0.038539
4.73 0.0382667
4.74 0.0379955
4.75 0.0377252
4.76 0.037456
4.77 0.0371877
4.78 0.0369205
4.79 0.0366543
4.8 0.0363892
4.81 0.0361251
4.82 0.035862
4.83 0.0355999
4.84 0.035339
4.85 0.035079
4.86 0.0348202
4.87 0.0345623
4.88 0.0343056
4.89 0.0340499
4.9 0.0337954
4.91 0.0335418
4.92 0.0332894
4.93 0.0330381
4.94 0.0327879
4.95 0.0325387
4.96 0.0322907
4.97 0.0320437
4.98 0.0317979
4.99 0.0315532
5 0.0313096
5.01 0.0310671
5.02 0.0308257
5.03 0.0305855
5.04 0.0303464
5.05 0.0301084
5.06 0.0298715
5.07 0.0296358
5.08 0.0294012
5.09 0.0291677
5.1 0.0289354
5.11 0.0287042
5.12 0.0284742
5.13 0.0282453
5.14 0.0280176
5.15 0.027791
5.16 0.0275656
5.17 0.0273413
5.18 0.0271182
5.19 0.0268963
5.2 0.0266755
5.21 0.0264558
5.22 0.0262373
5.23 0.02602
5.24 0.0258038
5.25 0.0255888
5.26 0.025375
5.27 0.0251623
5.28 0.0249508
5.29 0.0247405
5.3 0.0245313
5.31 0.0243233
5.32 0.0241165
5.33 0.0239108
5.34 0.0237063
5.35 0.0235029
5.36 0.0233008
5.37 0.0230998
5.38 0.0228999
5.39 0.0227013
5.4 0.0225037
5.41 0.0223074
5.42 0.0221122
5.43 0.0219182
5.44 0.0217253
5.45 0.0215337
5.46 0.0213431
5.47 0.0211538
5.48 0.0209655
5.49 0.0207785
5.5 0.0205926
5.51 0.0204079
5.52 0.0202243
5.53 0.0200419
5.54 0.0198606
5.55 0.0196804
5.56 0.0195015
5.57 0.0193236
5.58 0.0191469
5.59 0.0189714
5.6 0.018797
5.61 0.0186237
5.62 0.0184516
5.63 0.0182806
5.64 0.0181108
5.65 0.017942
5.66 0.0177744
5.67 0.017608
5.68 0.0174426
5.69 0.0172784
5.7 0.0171153
5.71 0.0169533
5.72 0.0167925
5.73 0.0166327
5.74 0.0164741
5.75 0.0163165
5.76 0.0161601
5.77 0.0160047
5.78 0.0158505
5.79 0.0156973
5.8 0.0155453
5.81 0.0153943
5.82 0.0152444
5.83 0.0150956
5.84 0.0149479
5.85 0.0148013
5.86 0.0146557
5.87 0.0145112
5.88 0.0143678
5.89 0.0142254
5.9 0.0140841
5.91 0.0139438
5.92 0.0138046
5.93 0.0136665
5.94 0.0135294
5.95 0.0133933
5.96 0.0132582
5.97 0.0131242
5.98 0.0129913
5.99 0.0128593
