-6 0.00217521
-5.99 0.00224147
-5.98 0.00230952
-5.97 0.0023794
-5.96 0.00245115
-5.95 0.00252481
-5.94 0.00260042
-5.93 0.00267803
-5.92 0.00275768
-5.91 0.00283942
-5.9 0.00292328
-5.89 0.00300932
-5.88 0.00309758
-5.87 0.00318811
-5.86 0.00328095
-5.85 0.00337617
-5.84 0.0034738
-5.83 0.00357389
-5.82 0.0036765
-5.81 0.00378167
-5.8 0.00388947
-5.79 0.00399994
-5.78 0.00411313
-5.77 0.0042291
-5.76 0.00434791
-5.75 0.00446961
-5.74 0.00459425
-5.73 0.0047219
-5.72 0.0048526
-5.71 0.00498643
-5.7 0.00512343
-5.69 0.00526367
-5.68 0.00540721
-5.67 0.0055541
-5.66 0.00570441
-5.65 0.00585821
-5.64 0.00601555
-5.63 0.0061765
-5.62 0.00634111
-5.61 0.00650946
-5.6 0.00668162
-5.59 0.00685764
-5.58 0.00703759
-5.57 0.00722154
-5.56 0.00740955
-5.55 0.0076017
-5.54 0.00779806
-5.53 0.00799868
-5.52 0.00820364
-5.51 0.00841301
-5.5 0.00862686
-5.49 0.00884526
-5.48 0.00906829
-5.47 0.009296
-5.46 0.00952848
-5.45 0.00976579
-5.44 0.010008
-5.43 0.0102552
-5.42 0.0105075
-5.41 0.0107649
-5.4 0.0110274
-5.39 0.0112953
-5.38 0.0115685
-5.37 0.0118471
-5.36 0.0121312
-5.35 0.0124209
-5.34 0.0127163
-5.33 0.0130173
-5.32 0.0133242
-5.31 0.0136369
-5.3 0.0139555
-5.29 0.0142802
-5.28 0.014611
-5.27 0.0149479
-5.26 0.0152911
-5.25 0.0156405
-5.24 0.0159964
-5.23 0.0163587
-5.22 0.0167276
-5.21 0.017103
-5.2 0.0174852
-5.19 0.017874
-5.18 0.0182697
-5.17 0.0186723
-5.16 0.0190819
-5.15 0.0194984
-5.14 0.0199221
-5.13 0.0203529
-5.12 0.020791
-5.11 0.0212364
-5.1 0.0216892
-5.09 0.0221493
-5.08 0.022617
-5.07 0.0230923
-5.06 0.0235751
-5.05 0.0240657
-5.04 0.024564
-5.03 0.0250701
-5.02 0.0255841
-5.01 0.026106
-5 0.0266358
-4.99 0.0271737
-4.98 0.0277197
-4.97 0.0282739
-4.96 0.0288362
-4.95 0.0294068
-4.94 0.0299856
-4.93 0.0305728
-4.92 0.0311683
-4.91 0.0317723
-4.9 0.0323848
-4.89 0.0330057
-4.88 0.0336352
-4.87 0.0342732
-4.86 0.0349199
-4.85 0.0355752
-4.84 0.0362391
-4.83 0.0369118
-4.82 0.0375932
-4.81 0.0382833
-4.8 0.0389822
-4.79 0.0396898
-4.78 0.0404063
-4.77 0.0411316
-4.76 0.0418657
-4.75 0.0426086
-4.74 0.0433604
-4.73 0.044121
-4.72 0.0448905
-4.71 0.0456688
-4.7 0.046456
-4.69 0.047252
-4.68 0.0480568
-4.67 0.0488705
-4.66 0.0496929
-4.65 0.0505241
-4.64 0.0513641
-4.63 0.0522128
-4.62 0.0530703
-4.61 0.0539364
-4.6 0.0548111
-4.59 0.0556945
-4.58 0.0565864
-4.57 0.0574869
-4.56 0.0583958
-4.55 0.0593132
-4.54 0.0602389
-4.53 0.061173
-4.52 0.0621154
-4.51 0.0630659
-4.5 0.0640246
-4.49 0.0649913
-4.48 0.065966
-4.47 0.0669487
-4.46 0.0679392
-4.45 0.0689374
-4.44 0.0699433
-4.43 0.0709567
-4.42 0.0719777
-4.41 0.073006
-4.4 0.0740416
-4.39 0.0750844
-4.38 0.0761342
-4.37 0.077191
-4.36 0.0782546
-4.35 0.0793249
-4.34 0.0804018
-4.33 0.0814852
-4.32 0.0825749
-4.31 0.0836708
-4.3 0.0847728
-4.29 0.0858806
-4.28 0.0869943
-4.27 0.0881135
-4.26 0.0892382
-4.25 0.0903683
-4.24 0.0915034
-4.23 0.0926436
-4.22 0.0937886
-4.21 0.0949382
-4.2 0.0960923
-4.19 0.0972507
-4.18 0.0984132
-4.17 0.0995796
-4.16 0.10075
-4.15 0.101923
-4.14 0.1031
-4.13 0.104281
-4.12 0.105464
-4.11 0.10665
-4.1 0.107838
-4.09 0.109029
-4.08 0.110222
-4.07 0.111417
-4.06 0.112613
-4.05 0.113811
-4.04 0.11501
-4.03 0.11621
-4.02 0.117411
-4.01 0.118613
-4 0.119814
-3.99 0.121016
-3.98 0.122218
-3.97 0.123419
-3.96 0.12462
-3.95 0.125819
-3.94 0.127018
-3.93 0.128215
-3.92 0.12941
-3.91 0.130603
-3.9 0.131795
-3.89 0.132983
-3.88 0.134169
-3.87 0.135353
-3.86 0.136532
-3.85 0.137709
-3.84 0.138882
-3.83 0.14005
-3.82 0.141214
-3.81 0.142374
-3.8 0.143529
-3.79 0.144679
-3.78 0.145823
-3.77 0.146962
-3.76 0.148095
-3.75 0.149221
-3.74 0.150341
-3.73 0.151455
-3.72 0.152561
-3.71 0.15366
-3.7 0.154752
-3.69 0.155835
-3.68 0.156911
-3.67 0.157978
-3.66 0.159036
-3.65 0.160086
-3.64 0.161126
-3.63 0.162157
-3.62 0.163178
-3.61 0.16419
-3.6 0.16519
-3.59 0.166181
-3.58 0.16716
-3.57 0.168129
-3.56 0.169086
-3.55 0.170032
-3.54 0.170966
-3.53 0.171888
-3.52 0.172797
-3.51 0.173694
-3.5 0.174578
-3.49 0.175449
-3.48 0.176307
-3.47 0.177151
-3.46 0.177982
-3.45 0.178798
-3.44 0.179601
-3.43 0.180388
-3.42 0.181162
-3.41 0.18192
-3.4 0.182663
-3.39 0.183391
-3.38 0.184103
-3.37 0.1848
-3.36 0.185481
-3.35 0.186146
-3.34 0.186794
-3.33 0.187426
-3.32 0.188041
-3.31 0.18864
-3.3 0.189221
-3.29 0.189785
-3.28 0.190332
-3.27 0.190862
-3.26 0.191373
-3.25 0.191867
-3.24 0.192343
-3.23 0.192801
-3.22 0.193241
-3.21 0.193662
-3.2 0.194065
-3.19 0.194449
-3.18 0.194815
-3.17 0.195161
-3.16 0.195489
-3.15 0.195798
-3.14 0.196088
-3.13 0.196358
-3.12 0.19661
-3.11 0.196841
-3.1 0.197054
-3.09 0.197247
-3.08 0.197421
-3.07 0.197575
-3.06 0.197709
-3.05 0.197824
-3.04 0.197919
-3.03 0.197994
-3.02 0.198049
-3.01 0.198085
-3 0.198101
-2.99 0.198097
-2.98 0.198074
-2.97 0.19803
-2.96 0.197967
-2.95 0.197885
-2.94 0.197782
-2.93 0.19766
-2.92 0.197518
-2.91 0.197357
-2.9 0.197176
-2.89 0.196976
-2.88 0.196756
-2.87 0.196517
-2.86 0.196259
-2.85 0.195981
-2.84 0.195685
-2.83 0.195369
-2.82 0.195034
-2.81 0.194681
-2.8 0.194309
-2.79 0.193918
-2.78 0.193509
-2.77 0.193081
-2.76 0.192635
-2.75 0.192172
-2.74 0.19169
-2.73 0.19119
-2.72 0.190673
-2.71 0.190138
-2.7 0.189585
-2.69 0.189016
-2.68 0.188429
-2.67 0.187826
-2.66 0.187206
-2.65 0.18657
-2.64 0.185917
-2.63 0.185248
-2.62 0.184563
-2.61 0.183862
-2.6 0.183146
-2.59 0.182415
-2.58 0.181668
-2.57 0.180907
-2.56 0.18013
-2.55 0.17934
-2.54 0.178535
-2.53 0.177716
-2.52 0.176883
-2.51 0.176037
-2.5 0.175178
-2.49 0.174305
-2.48 0.17342
-2.47 0.172521
-2.46 0.171611
-2.45 0.170689
-2.44 0.169754
-2.43 0.168808
-2.42 0.167851
-2.41 0.166883
-2.4 0.165904
-2.39 0.164914
-2.38 0.163914
-2.37 0.162904
-2.36 0.161885
-2.35 0.160855
-2.34 0.159817
-2.33 0.15877
-2.32 0.157713
-2.31 0.156649
-2.3 0.155576
-2.29 0.154496
-2.28 0.153408
-2.27 0.152312
-2.26 0.15121
-2.25 0.150101
-2.24 0.148985
-2.23 0.147863
-2.22 0.146735
-2.21 0.145602
-2.2 0.144463
-2.19 0.143318
-2.18 0.142169
-2.17 0.141016
-2.16 0.139858
-2.15 0.138696
-2.14 0.13753
-2.13 0.136361
-2.12 0.135188
-2.11 0.134013
-2.1 0.132835
-2.09 0.131654
-2.08 0.130471
-2.07 0.129286
-2.06 0.128099
-2.05 0.126911
-2.04 0.125722
-2.03 0.124532
-2.02 0.123341
-2.01 0.12215
-2 0.120958
-1.99 0.119767
-1.98 0.118576
-1.97 0.117385
-1.96 0.116195
-1.95 0.115006
-1.94 0.113819
-1.93 0.112632
-1.92 0.111448
-1.91 0.110265
-1.9 0.109084
-1.89 0.107906
-1.88 0.10673
-1.87 0.105557
-1.86 0.104387
-1.85 0.10322
-1.84 0.102057
-1.83 0.100897
-1.82 0.0997401
-1.81 0.0985877
-1.8 0.0974393
-1.79 0.0962952
-1.78 0.0951556
-1.77 0.0940206
-1.76 0.0928904
-1.75 0.0917652
-1.74 0.0906452
-1.73 0.0895304
-1.72 0.0884211
-1.71 0.0873174
-1.7 0.0862194
-1.69 0.0851274
-1.68 0.0840414
-1.67 0.0829616
-1.66 0.0818881
-1.65 0.0808211
-1.64 0.0797607
-1.63 0.078707
-1.62 0.0776601
-1.61 0.0766201
-1.6 0.0755872
-1.59 0.0745615
-1.58 0.073543
-1.57 0.072532
-1.56 0.0715284
-1.55 0.0705323
-1.54 0.069544
-1.53 0.0685634
-1.52 0.0675906
-1.51 0.0666257
-1.5 0.0656689
-1.49 0.06472
-1.48 0.0637794
-1.47 0.0628469
-1.46 0.0619227
-1.45 0.0610068
-1.44 0.0600994
-1.43 0.0592003
-1.42 0.0583097
-1.41 0.0574277
-1.4 0.0565542
-1.39 0.0556894
-1.38 0.0548332
-1.37 0.0539857
-1.36 0.0531469
-1.35 0.0523169
-1.34 0.0514956
-1.33 0.0506831
-1.32 0.0498795
-1.31 0.0490846
-1.3 0.0482986
-1.29 0.0475215
-1.28 0.0467532
-1.27 0.0459938
-1.26 0.0452432
-1.25 0.0445015
-1.24 0.0437686
-1.23 0.0430446
-1.22 0.0423295
-1.21 0.0416232
-1.2 0.0409257
-1.19 0.040237
-1.18 0.0395571
-1.17 0.038886
-1.16 0.0382236
-1.15 0.0375699
-1.14 0.036925
-1.13 0.0362887
-1.12 0.035661
-1.11 0.035042
-1.1 0.0344315
-1.09 0.0338296
-1.08 0.0332361
-1.07 0.0326511
-1.06 0.0320746
-1.05 0.0315064
-1.04 0.0309466
-1.03 0.030395
-1.02 0.0298517
-1.01 0.0293165
-1 0.0287895
-0.99 0.0282707
-0.98 0.0277598
-0.97 0.0272569
-0.96 0.026762
-0.95 0.0262749
-0.94 0.0257957
-0.93 0.0253242
-0.92 0.0248604
-0.91 0.0244043
-0.9 0.0239557
-0.89 0.0235147
-0.88 0.0230811
-0.87 0.022655
-0.86 0.0222362
-0.85 0.0218246
-0.84 0.0214202
-0.83 0.021023
-0.82 0.0206329
-0.81 0.0202498
-0.8 0.0198736
-0.79 0.0195043
-0.78 0.0191419
-0.77 0.0187861
-0.76 0.0184371
-0.75 0.0180947
-0.74 0.0177588
-0.73 0.0174294
-0.72 0.0171064
-0.71 0.0167897
-0.7 0.0164794
-0.69 0.0161752
-0.68 0.0158772
-0.67 0.0155853
-0.66 0.0152994
-0.65 0.0150194
-0.64 0.0147453
-0.63 0.014477
-0.62 0.0142145
-0.61 0.0139576
-0.6 0.0137064
-0.59 0.0134607
-0.58 0.0132205
-0.57 0.0129858
-0.56 0.0127564
-0.55 0.0125323
-0.54 0.0123134
-0.53 0.0120998
-0.52 0.0118912
-0.51 0.0116877
-0.5 0.0114892
-0.49 0.0112957
-0.48 0.011107
-0.47 0.0109232
-0.46 0.0107442
-0.45 0.0105699
-0.44 0.0104002
-0.43 0.0102352
-0.42 0.0100747
-0.41 0.0099187
-0.4 0.00976719
-0.39 0.00962008
-0.38 0.00947734
-0.37 0.00933892
-0.36 0.00920476
-0.35 0.00907482
-0.34 0.00894907
-0.33 0.00882744
-0.32 0.00870991
-0.31 0.00859644
-0.3 0.00848697
-0.29 0.00838148
-0.28 0.00827992
-0.27 0.00818226
-0.26 0.00808847
-0.25 0.0079985
-0.24 0.00791233
-0.23 0.00782993
-0.22 0.00775126
-0.21 0.00767629
-0.2 0.007605
-0.19 0.00753736
-0.18 0.00747335
-0.17 0.00741293
-0.16 0.00735609
-0.15 0.00730281
-0.14 0.00725306
-0.13 0.00720682
-0.12 0.00716408
-0.11 0.00712482
-0.1 0.00708903
-0.09 0.00705669
-0.08 0.00702779
-0.07 0.00700231
-0.06 0.00698025
-0.05 0.0069616
-0.04 0.00694635
-0.03 0.0069345
-0.02 0.00692603
-0.01 0.00692096
0 0.00691926
0.01 0.00692096
0.02 0.00692603
0.03 0.0069345
0.04 0.00694635
0.05 0.0069616
0.06 0.00698025
0.07 0.00700231
0.08 0.00702779
0.09 0.00705669
0.1 0.00708903
0.11 0.00712482
0.12 0.00716408
0.13 0.00720682
0.14 0.00725306
0.15 0.00730281
0.16 0.00735609
0.17 0.00741293
0.18 0.00747335
0.19 0.00753736
0.2 0.007605
0.21 0.00767629
0.22 0.00775126
0.23 0.00782993
0.24 0.00791233
0.25 0.0079985
0.26 0.00808847
0.27 0.00818226
0.28 0.00827992
0.29 0.00838148
0.3 0.00848697
0.31 0.00859644
0.32 0.00870991
0.33 0.00882744
0.34 0.00894907
0.35 0.00907482
0.36 0.00920476
0.37 0.00933892
0.38 0.00947734
0.39 0.00962008
0.4 0.00976719
0.41 0.0099187
0.42 0.0100747
0.43 0.0102352
0.44 0.0104002
0.45 0.0105699
0.46 0.0107442
0.47 0.0109232
0.48 0.011107
0.49 0.0112957
0.5 0.0114892
0.51 0.0116877
0.52 0.0118912
0.53 0.0120998
0.54 0.0123134
0.55 0.0125323
0.56 0.0127564
0.57 0.0129858
0.58 0.0132205
0.59 0.0134607
0.6 0.0137064
0.61 0.0139576
0.62 0.0142145
0.63 0.014477
0.64 0.0147453
0.65 0.0150194
0.66 0.0152994
0.67 0.0155853
0.68 0.0158772
0.69 0.0161752
0.7 0.0164794
0.71 0.0167897
0.72 0.0171064
0.73 0.0174294
0.74 0.0177588
0.75 0.0180947
0.76 0.0184371
0.77 0.0187861
0.78 0.0191419
0.79 0.0195043
0.8 0.0198736
0.81 0.0202498
0.82 0.0206329
0.83 0.021023
0.84 0.0214202
0.85 0.0218246
0.86 0.0222362
0.87 0.022655
0.88 0.0230811
0.89 0.0235147
0.9 0.0239557
0.91 0.0244043
0.92 0.0248604
0.93 0.0253242
0.94 0.0257957
0.95 0.0262749
0.96 0.026762
0.97 0.0272569
0.98 0.0277598
0.99 0.0282707
1 0.0287895
1.01 0.0293165
1.02 0.0298517
1.03 0.030395
1.04 0.0309466
1.05 0.0315064
1.06 0.0320746
1.07 0.0326511
1.08 0.0332361
1.09 0.0338296
1.1 0.0344315
1.11 0.035042
1.12 0.035661
1.13 0.0362887
1.14 0.036925
1.15 0.0375699
1.16 0.0382236
1.17 0.038886
1.18 0.0395571
1.19 0.040237
1.2 0.0409257
1.21 0.0416232
1.22 0.0423295
1.23 0.0430446
1.24 0.0437686
1.25 0.0445015
1.26 0.0452432
1.27 0.0459938
1.28 0.0467532
1.29 0.0475215
1.3 0.0482986
1.31 0.0490846
1.32 0.0498795
1.33 0.0506831
1.34 0.0514956
1.35 0.0523169
1.36 0.0531469
1.37 0.0539857
1.38 0.0548332
1.39 0.0556894
1.4 0.0565542
1.41 0.0574277
1.42 0.0583097
1.43 0.0592003
1.44 0.0600994
1.45 0.0610068
1.46 0.0619227
1.47 0.0628469
1.48 0.0637794
1.49 0.06472
1.5 0.0656689
1.51 0.0666257
1.52 0.0675906
1.53 0.0685634
1.54 0.069544
1.55 0.0705323
1.56 0.0715284
1.57 0.072532
1.58 0.073543
1.59 0.0745615
1.6 0.0755872
1.61 0.0766201
1.62 0.0776601
1.63 0.078707
1.64 0.0797607
1.65 0.0808211
1.66 0.0818881
1.67 0.0829616
1.68 0.0840414
1.69 0.0851274
1.7 0.0862194
1.71 0.0873174
1.72 0.0884211
1.73 0.0895304
1.74 0.0906452
1.75 0.0917652
1.76 0.0928904
1.77 0.0940206
1.78 0.0951556
1.79 0.0962952
1.8 0.0974393
1.81 0.0985877
1.82 0.0997401
1.83 0.100897
1.84 0.102057
1.85 0.10322
1.86 0.104387
1.87 0.105557
1.88 0.10673
1.89 0.107906
1.9 0.109084
1.91 0.110265
1.92 0.111448
1.93 0.112632
1.94 0.113819
1.95 0.115006
1.96 0.116195
1.97 0.117385
1.98 0.118576
1.99 0.119767
2 0.120958
2.01 0.12215
2.02 0.123341
2.03 0.124532
2.04 0.125722
2.05 0.126911
2.06 0.128099
2.07 0.129286
2.08 0.130471
2.09 0.131654
2.1 0.132835
2.11 0.134013
2.12 0.135188
2.13 0.136361
2.14 0.13753
2.15 0.138696
2.16 0.139858
2.17 0.141016
2.18 0.142169
2.19 0.143318
2.2 0.144463
2.21 0.145602
2.22 0.146735
2.23 0.147863
2.24 0.148985
2.25 0.150101
2.26 0.15121
2.27 0.152312
2.28 0.153408
2.29 0.154496
2.3 0.155576
2.31 0.156649
2.32 0.157713
2.33 0.15877
2.34 0.159817
2.35 0.160855
2.36 0.161885
2.37 0.162904
2.38 0.163914
2.39 0.164914
2.4 0.165904
2.41 0.166883
2.42 0.167851
2.43 0.168808
2.44 0.169754
2.45 0.170689
2.46 0.171611
2.47 0.172521
2.48 0.17342
2.49 0.174305
2.5 0.175178
2.51 0.176037
2.52 0.176883
2.53 0.177716
2.54 0.178535
2.55 0.17934
2.56 0.18013
2.57 0.180907
2.58 0.181668
2.59 0.182415
2.6 0.183146
2.61 0.183862
2.62 0.184563
2.63 0.185248
2.64 0.185917
2.65 0.18657
2.66 0.187206
2.67 0.187826
2.68 0.188429
2.69 0.189016
2.7 0.189585
2.71 0.190138
2.72 0.190673
2.73 0.19119
2.74 0.19169
2.75 0.192172
2.76 0.192635
2.77 0.193081
2.78 0.193509
2.79 0.193918
2.8 0.194309
2.81 0.194681
2.82 0.195034
2.83 0.195369
2.84 0.195685
2.85 0.195981
2.86 0.196259
2.87 0.196517
2.88 0.196756
2.89 0.196976
2.9 0.197176
2.91 0.197357
2.92 0.197518
2.93 0.19766
2.94 0.197782
2.95 0.197885
2.96 0.197967
2.97 0.19803
2.98 0.198074
2.99 0.198097
3 0.198101
3.01 0.198085
3.02 0.198049
3.03 0.197994
3.04 0.197919
3.05 0.197824
3.06 0.197709
3.07 0.197575
3.08 0.197421
3.09 0.197247
3.1 0.197054
3.11 0.196841
3.12 0.19661
3.13 0.196358
3.14 0.196088
3.15 0.195798
3.16 0.195489
3.17 0.195161
3.18 0.194815
3.19 0.194449
3.2 0.194065
3.21 0.193662
3.22 0.193241
3.23 0.192801
3.24 0.192343
3.25 0.191867
3.26 0.191373
3.27 0.190862
3.28 0.190332
3.29 0.189785
3.3 0.189221
3.31 0.18864
3.32 0.188041
3.33 0.187426
3.34 0.186794
3.35 0.186146
3.36 0.185481
3.37 0.1848
3.38 0.184103
3.39 0.183391
3.4 0.182663
3.41 0.18192
3.42 0.181162
3.43 0.180388
3.44 0.179601
3.45 0.178798
3.46 0.177982
3.47 0.177151
3.48 0.176307
3.49 0.175449
3.5 0.174578
3.51 0.173694
3.52 0.172797
3.53 0.171888
3.54 0.170966
3.55 0.170032
3.56 0.169086
3.57 0.168129
3.58 0.16716
3.59 0.166181
3.6 0.16519
3.61 0.16419
3.62 0.163178
3.63 0.162157
3.64 0.161126
3.65 0.160086
3.66 0.159036
3.67 0.157978
3.68 0.156911
3.69 0.155835
3.7 0.154752
3.71 0.15366
3.72 0.152561
3.73 0.151455
3.74 0.150341
3.75 0.149221
3.76 0.148095
3.77 0.146962
3.78 0.145823
3.79 0.144679
3.8 0.143529
3.81 0.142374
3.82 0.141214
3.83 0.14005
3.84 0.138882
3.85 0.137709
3.86 0.136532
3.87 0.135353
3.88 0.134169
3.89 0.132983
3.9 0.131795
3.91 0.130603
3.92 0.12941
3.93 0.128215
3.94 0.127018
3.95 0.125819
3.96 0.12462
3.97 0.123419
3.98 0.122218
3.99 0.121016
4 0.119814
4.01 0.118613
4.02 0.117411
4.03 0.11621
4.04 0.11501
4.05 0.113811
4.06 0.112613
4.07 0.111417
4.08 0.110222
4.09 0.109029
4.1 0.107838
4.11 0.10665
4.12 0.105464
4.13 0.104281
4.14 0.1031
4.15 0.101923
4.16 0.10075
4.17 0.0995796
4.18 0.0984132
4.19 0.0972507
4.2 0.0960923
4.21 0.0949382
4.22 0.0937886
4.23 0.0926436
4.24 0.0915034
4.25 0.0903683
4.26 0.0892382
4.27 0.0881135
4.28 0.0869943
4.29 0.0858806
4.3 0.0847728
4.31 0.0836708
4.32 0.0825749
4.33 0.0814852
4.34 0.0804018
4.35 0.0793249
4.36 0.0782546
4.37 0.077191
4.38 0.0761342
4.39 0.0750844
4.4 0.0740416
4.41 0.073006
4.42 0.0719777
4.43 0.0709567
4.44 0.0699433
4.45 0.0689374
4.46 0.0679392
4.47 0.0669487
4.48 0.065966
4.49 0.0649913
4.5 0.0640246
4.51 0.0630659
4.52 0.0621154
4.53 0.061173
4.54 0.0602389
4.55 0.0593132
4.56 0.0583958
4.57 0.0574869
4.58 0.0565864
4.59 0.0556945
4.6 0.0548111
4.61 0.0539364
4.62 0.0530703
4.63 0.0522128
4.64 0.0513641
4.65 0.0505241
4.66 0.0496929
4.67 0.0488705
4.68 0.0480568
4.69 0.047252
4.7 0.046456
4.71 0.0456688
4.72 0.0448905
4.73 0.044121
4.74 0.0433604
4.75 0.0426086
4.76 0.0418657
4.77 0.0411316
4.78 0.0404063
4.79 0.0396898
4.8 0.0389822
4.81 0.0382833
4.82 0.0375932
4.83 0.0369118
4.84 0.0362391
4.85 0.0355752
4.86 0.0349199
4.87 0.0342732
4.88 0.0336352
4.89 0.0330057
4.9 0.0323848
4.91 0.0317723
4.92 0.0311683
4.93 0.0305728
4.94 0.0299856
4.95 0.0294068
4.96 0.0288362
4.97 0.0282739
4.98 0.0277197
4.99 0.0271737
5 0.0266358
5.01 0.026106
5.02 0.0255841
5.03 0.0250701
5.04 0.024564
5.05 0.0240657
5.06 0.0235751
5.07 0.0230923
5.08 0.022617
5.09 0.0221493
5.1 0.0216892
5.11 0.0212364
5.12 0.020791
5.13 0.0203529
5.14 0.0199221
5.15 0.0194984
5.16 0.0190819
5.17 0.0186723
5.18 0.0182697
5.19 0.017874
5.2 0.0174852
5.21 0.017103
5.22 0.0167276
5.23 0.0163587
5.24 0.0159964
5.25 0.0156405
5.26 0.0152911
5.27 0.0149479
5.28 0.014611
5.29 0.0142802
5.3 0.0139555
5.31 0.0136369
5.32 0.0133242
5.33 0.0130173
5.34 0.0127163
5.35 0.0124209
5.36 0.0121312
5.37 0.0118471
5.38 0.0115685
5.39 0.0112953
5.4 0.0110274
5.41 0.0107649
5.42 0.0105075
5.43 0.0102552
5.44 0.010008
5.45 0.00976579
5.46 0.00952848
5.47 0.009296
5.48 0.00906829
5.49 0.00884526
5.5 0.00862686
5.51 0.00841301
5.52 0.00820364
5.53 0.00799868
5.54 0.00779806
5.55 0.0076017
5.56 0.00740955
5.57 0.00722154
5.58 0.00703759
5.59 0.00685764
5.6 0.00668162
5.61 0.00650946
5.62 0.00634111
5.63 0.0061765
5.64 0.00601555
5.65 0.00585821
5.66 0.00570441
5.67 0.0055541
5.68 0.00540721
5.69 0.00526367
5.7 0.00512343
5.71 0.00498643
5.72 0.0048526
5.73 0.0047219
5.74 0.00459425
5.75 0.00446961
5.76 0.00434791
5.77 0.0042291
5.78 0.00411313
5.79 0.00399994
5.8 0.00388947
5.81 0.00378167
5.82 0.0036765
5.83 0.00357389
5.84 0.0034738
5.85 0.00337617
5.86 0.00328095
5.87 0.00318811
5.88 0.00309758
5.89 0.00300932
5.9 0.00292328
5.91 0.00283942
5.92 0.00275768
5.93 0.00267803
5.94 0.00260042
5.95 0.00252481
5.96 0.00245115
5.97 0.0023794
5.98 0.00230952
5.99 0.00224147
