-6 0.00126898
-5.99 0.00131087
-5.98 0.001354
-5.97 0.0013984
-5.96 0.0014441
-5.95 0.00149114
-5.94 0.00153954
-5.93 0.00158935
-5.92 0.00164059
-5.91 0.00169331
-5.9 0.00174754
-5.89 0.00180331
-5.88 0.00186066
-5.87 0.00191964
-5.86 0.00198027
-5.85 0.0020426
-5.84 0.00210667
-5.83 0.00217252
-5.82 0.00224019
-5.81 0.00230972
-5.8 0.00238116
-5.79 0.00245455
-5.78 0.00252993
-5.77 0.00260735
-5.76 0.00268685
-5.75 0.00276849
-5.74 0.0028523
-5.73 0.00293833
-5.72 0.00302664
-5.71 0.00311728
-5.7 0.00321029
-5.69 0.00330572
-5.68 0.00340362
-5.67 0.00350406
-5.66 0.00360708
-5.65 0.00371273
-5.64 0.00382107
-5.63 0.00393215
-5.62 0.00404604
-5.61 0.00416278
-5.6 0.00428243
-5.59 0.00440506
-5.58 0.00453071
-5.57 0.00465946
-5.56 0.00479136
-5.55 0.00492647
-5.54 0.00506485
-5.53 0.00520657
-5.52 0.00535168
-5.51 0.00550025
-5.5 0.00565235
-5.49 0.00580804
-5.48 0.00596738
-5.47 0.00613045
-5.46 0.0062973
-5.45 0.00646801
-5.44 0.00664264
-5.43 0.00682126
-5.42 0.00700394
-5.41 0.00719075
-5.4 0.00738176
-5.39 0.00757704
-5.38 0.00777666
-5.37 0.00798069
-5.36 0.00818921
-5.35 0.00840228
-5.34 0.00861999
-5.33 0.00884239
-5.32 0.00906957
-5.31 0.00930161
-5.3 0.00953856
-5.29 0.00978052
-5.28 0.0100275
-5.27 0.0102797
-5.26 0.0105371
-5.25 0.0107998
-5.24 0.0110679
-5.23 0.0113414
-5.22 0.0116205
-5.21 0.0119051
-5.2 0.0121955
-5.19 0.0124915
-5.18 0.0127935
-5.17 0.0131013
-5.16 0.0134151
-5.15 0.013735
-5.14 0.014061
-5.13 0.0143932
-5.12 0.0147317
-5.11 0.0150765
-5.1 0.0154278
-5.09 0.0157856
-5.08 0.01615
-5.07 0.0165211
-5.06 0.0168989
-5.05 0.0172835
-5.04 0.0176749
-5.03 0.0180733
-5.02 0.0184788
-5.01 0.0188913
-5 0.019311
-4.99 0.0197379
-4.98 0.0201721
-4.97 0.0206137
-4.96 0.0210627
-4.95 0.0215192
-4.94 0.0219833
-4.93 0.0224549
-4.92 0.0229343
-4.91 0.0234215
-4.9 0.0239164
-4.89 0.0244192
-4.88 0.0249299
-4.87 0.0254486
-4.86 0.0259754
-4.85 0.0265102
-4.84 0.0270532
-4.83 0.0276044
-4.82 0.0281638
-4.81 0.0287315
-4.8 0.0293075
-4.79 0.0298919
-4.78 0.0304848
-4.77 0.031086
-4.76 0.0316958
-4.75 0.0323142
-4.74 0.032941
-4.73 0.0335765
-4.72 0.0342206
-4.71 0.0348734
-4.7 0.0355349
-4.69 0.036205
-4.68 0.0368839
-4.67 0.0375715
-4.66 0.0382679
-4.65 0.038973
-4.64 0.039687
-4.63 0.0404097
-4.62 0.0411412
-4.61 0.0418816
-4.6 0.0426307
-4.59 0.0433886
-4.58 0.0441553
-4.57 0.0449308
-4.56 0.045715
-4.55 0.046508
-4.54 0.0473098
-4.53 0.0481202
-4.52 0.0489394
-4.51 0.0497672
-4.5 0.0506037
-4.49 0.0514487
-4.48 0.0523023
-4.47 0.0531644
-4.46 0.054035
-4.45 0.0549141
-4.44 0.0558015
-4.43 0.0566972
-4.42 0.0576013
-4.41 0.0585135
-4.4 0.0594338
-4.39 0.0603623
-4.38 0.0612987
-4.37 0.062243
-4.36 0.0631952
-4.35 0.0641552
-4.34 0.0651228
-4.33 0.066098
-4.32 0.0670807
-4.31 0.0680708
-4.3 0.0690681
-4.29 0.0700727
-4.28 0.0710843
-4.27 0.0721028
-4.26 0.0731282
-4.25 0.0741603
-4.24 0.075199
-4.23 0.0762442
-4.22 0.0772956
-4.21 0.0783533
-4.2 0.079417
-4.19 0.0804866
-4.18 0.081562
-4.17 0.082643
-4.16 0.0837294
-4.15 0.084821
-4.14 0.0859178
-4.13 0.0870196
-4.12 0.0881261
-4.11 0.0892373
-4.1 0.0903528
-4.09 0.0914726
-4.08 0.0925965
-4.07 0.0937242
-4.06 0.0948555
-4.05 0.0959904
-4.04 0.0971285
-4.03 0.0982697
-4.02 0.0994138
-4.01 0.10056
-4 0.10171
-3.99 0.102861
-3.98 0.104014
-3.97 0.105169
-3.96 0.106326
-3.95 0.107484
-3.94 0.108643
-3.93 0.109803
-3.92 0.110964
-3.91 0.112124
-3.9 0.113285
-3.89 0.114446
-3.88 0.115607
-3.87 0.116767
-3.86 0.117926
-3.85 0.119084
-3.84 0.12024
-3.83 0.121395
-3.82 0.122548
-3.81 0.123699
-3.8 0.124847
-3.79 0.125993
-3.78 0.127135
-3.77 0.128275
-3.76 0.129411
-3.75 0.130543
-3.74 0.131671
-3.73 0.132794
-3.72 0.133913
-3.71 0.135028
-3.7 0.136137
-3.69 0.13724
-3.68 0.138338
-3.67 0.13943
-3.66 0.140515
-3.65 0.141594
-3.64 0.142666
-3.63 0.143731
-3.62 0.144789
-3.61 0.145838
-3.6 0.14688
-3.59 0.147914
-3.58 0.148939
-3.57 0.149955
-3.56 0.150962
-3.55 0.15196
-3.54 0.152948
-3.53 0.153927
-3.52 0.154895
-3.51 0.155852
-3.5 0.156799
-3.49 0.157735
-3.48 0.15866
-3.47 0.159573
-3.46 0.160475
-3.45 0.161364
-3.44 0.162241
-3.43 0.163106
-3.42 0.163957
-3.41 0.164796
-3.4 0.165622
-3.39 0.166434
-3.38 0.167232
-3.37 0.168016
-3.36 0.168786
-3.35 0.169541
-3.34 0.170282
-3.33 0.171008
-3.32 0.171719
-3.31 0.172414
-3.3 0.173094
-3.29 0.173758
-3.28 0.174406
-3.27 0.175038
-3.26 0.175654
-3.25 0.176253
-3.24 0.176835
-3.23 0.177401
-3.22 0.177949
-3.21 0.17848
-3.2 0.178994
-3.19 0.17949
-3.18 0.179969
-3.17 0.180429
-3.16 0.180872
-3.15 0.181296
-3.14 0.181703
-3.13 0.18209
-3.12 0.18246
-3.11 0.18281
-3.1 0.183142
-3.09 0.183455
-3.08 0.183749
-3.07 0.184024
-3.06 0.18428
-3.05 0.184516
-3.04 0.184733
-3.03 0.184931
-3.02 0.18511
-3.01 0.185269
-3 0.185408
-2.99 0.185528
-2.98 0.185628
-2.97 0.185709
-2.96 0.18577
-2.95 0.185811
-2.94 0.185833
-2.93 0.185834
-2.92 0.185817
-2.91 0.185779
-2.9 0.185722
-2.89 0.185645
-2.88 0.185548
-2.87 0.185432
-2.86 0.185296
-2.85 0.18514
-2.84 0.184965
-2.83 0.184771
-2.82 0.184557
-2.81 0.184324
-2.8 0.184072
-2.79 0.183801
-2.78 0.18351
-2.77 0.183201
-2.76 0.182872
-2.75 0.182525
-2.74 0.182159
-2.73 0.181775
-2.72 0.181372
-2.71 0.180951
-2.7 0.180512
-2.69 0.180054
-2.68 0.179579
-2.67 0.179086
-2.66 0.178575
-2.65 0.178047
-2.64 0.177502
-2.63 0.17694
-2.62 0.176361
-2.61 0.175764
-2.6 0.175152
-2.59 0.174523
-2.58 0.173878
-2.57 0.173216
-2.56 0.172539
-2.55 0.171847
-2.54 0.171139
-2.53 0.170416
-2.52 0.169678
-2.51 0.168925
-2.5 0.168158
-2.49 0.167376
-2.48 0.16658
-2.47 0.165771
-2.46 0.164948
-2.45 0.164112
-2.44 0.163262
-2.43 0.1624
-2.42 0.161525
-2.41 0.160638
-2.4 0.159739
-2.39 0.158828
-2.38 0.157905
-2.37 0.156971
-2.36 0.156026
-2.35 0.15507
-2.34 0.154104
-2.33 0.153128
-2.32 0.152141
-2.31 0.151145
-2.3 0.15014
-2.29 0.149125
-2.28 0.148102
-2.27 0.14707
-2.26 0.146029
-2.25 0.144981
-2.24 0.143925
-2.23 0.142861
-2.22 0.141791
-2.21 0.140713
-2.2 0.139629
-2.19 0.138538
-2.18 0.137441
-2.17 0.136339
-2.16 0.135231
-2.15 0.134117
-2.14 0.132999
-2.13 0.131876
-2.12 0.130749
-2.11 0.129618
-2.1 0.128483
-2.09 0.127344
-2.08 0.126202
-2.07 0.125057
-2.06 0.123909
-2.05 0.122759
-2.04 0.121606
-2.03 0.120452
-2.02 0.119295
-2.01 0.118138
-2 0.116979
-1.99 0.115819
-1.98 0.114659
-1.97 0.113498
-1.96 0.112337
-1.95 0.111176
-1.94 0.110015
-1.93 0.108855
-1.92 0.107696
-1.91 0.106538
-1.9 0.105381
-1.89 0.104226
-1.88 0.103072
-1.87 0.101921
-1.86 0.100771
-1.85 0.0996239
-1.84 0.0984794
-1.83 0.0973377
-1.82 0.0961991
-1.81 0.0950637
-1.8 0.0939317
-1.79 0.0928034
-1.78 0.0916789
-1.77 0.0905584
-1.76 0.0894421
-1.75 0.0883303
-1.74 0.087223
-1.73 0.0861204
-1.72 0.0850228
-1.71 0.0839303
-1.7 0.082843
-1.69 0.0817611
-1.68 0.0806848
-1.67 0.0796143
-1.66 0.0785496
-1.65 0.077491
-1.64 0.0764385
-1.63 0.0753923
-1.62 0.0743525
-1.61 0.0733194
-1.6 0.0722929
-1.59 0.0712733
-1.58 0.0702606
-1.57 0.0692549
-1.56 0.0682564
-1.55 0.0672652
-1.54 0.0662814
-1.53 0.065305
-1.52 0.0643362
-1.51 0.0633751
-1.5 0.0624218
-1.49 0.0614762
-1.48 0.0605386
-1.47 0.059609
-1.46 0.0586875
-1.45 0.0577741
-1.44 0.0568689
-1.43 0.055972
-1.42 0.0550834
-1.41 0.0542032
-1.4 0.0533315
-1.39 0.0524682
-1.38 0.0516135
-1.37 0.0507673
-1.36 0.0499298
-1.35 0.0491009
-1.34 0.0482806
-1.33 0.0474691
-1.32 0.0466663
-1.31 0.0458723
-1.3 0.0450871
-1.29 0.0443106
-1.28 0.043543
-1.27 0.0427841
-1.26 0.0420341
-1.25 0.0412929
-1.24 0.0405606
-1.23 0.0398371
-1.22 0.0391224
-1.21 0.0384165
-1.2 0.0377194
-1.19 0.0370312
-1.18 0.0363517
-1.17 0.035681
-1.16 0.0350191
-1.15 0.0343658
-1.14 0.0337213
-1.13 0.0330855
-1.12 0.0324583
-1.11 0.0318398
-1.1 0.0312298
-1.09 0.0306284
-1.08 0.0300356
-1.07 0.0294512
-1.06 0.0288753
-1.05 0.0283077
-1.04 0.0277486
-1.03 0.0271977
-1.02 0.0266552
-1.01 0.0261208
-1 0.0255947
-0.99 0.0250767
-0.98 0.0245667
-0.97 0.0240648
-0.96 0.0235709
-0.95 0.0230848
-0.94 0.0226066
-0.93 0.0221363
-0.92 0.0216736
-0.91 0.0212187
-0.9 0.0207713
-0.89 0.0203316
-0.88 0.0198993
-0.87 0.0194745
-0.86 0.019057
-0.85 0.0186469
-0.84 0.018244
-0.83 0.0178483
-0.82 0.0174596
-0.81 0.0170781
-0.8 0.0167035
-0.79 0.0163358
-0.78 0.015975
-0.77 0.0156209
-0.76 0.0152736
-0.75 0.0149329
-0.74 0.0145987
-0.73 0.0142711
-0.72 0.0139499
-0.71 0.0136351
-0.7 0.0133265
-0.69 0.0130242
-0.68 0.0127281
-0.67 0.0124381
-0.66 0.012154
-0.65 0.011876
-0.64 0.0116038
-0.63 0.0113374
-0.62 0.0110769
-0.61 0.0108219
-0.6 0.0105727
-0.59 0.0103289
-0.58 0.0100907
-0.57 0.0098579
-0.56 0.00963046
-0.55 0.00940832
-0.54 0.00919142
-0.53 0.00897969
-0.52 0.00877308
-0.51 0.00857152
-0.5 0.00837496
-0.49 0.00818334
-0.48 0.0079966
-0.47 0.0078147
-0.46 0.00763759
-0.45 0.00746526
-0.44 0.0072977
-0.43 0.00713496
-0.42 0.00697716
-0.41 0.00682451
-0.4 0.00667745
-0.39 0.0065367
-0.38 0.00640343
-0.37 0.00627955
-0.36 0.00616805
-0.35 0.00607352
-0.34 0.00600289
-0.33 0.00596639
-0.32 0.00597889
-0.31 0.0060616
-0.3 0.00624417
-0.29 0.0065673
-0.28 0.00708578
-0.27 0.00787185
-0.26 0.0090188
-0.25 0.0106445
-0.24 0.0128945
-0.23 0.0159441
-0.22 0.0199987
-0.21 0.0252925
-0.2 0.0320832
-0.19 0.0406441
-0.18 0.0512517
-0.17 0.0641688
-0.16 0.0796242
-0.15 0.0977886
-0.14 0.11875
-0.13 0.142487
-0.12 0.168846
-0.11 0.197525
-0.1 0.228061
-0.09 0.259832
-0.08 0.292067
-0.07 0.323872
-0.06 0.354268
-0.05 0.382235
-0.04 0.406773
-0.03 0.426954
-0.02 0.441986
-0.01 0.45126
0 0.454395
0.01 0.45126
0.02 0.441986
0.03 0.426954
0.04 0.406773
0.05 0.382235
0.06 0.354268
0.07 0.323872
0.08 0.292067
0.09 0.259832
0.1 0.228061
0.11 0.197525
0.12 0.168846
0.13 0.142487
0.14 0.11875
0.15 0.0977886
0.16 0.0796242
0.17 0.0641688
0.18 0.0512517
0.19 0.0406441
0.2 0.0320832
0.21 0.0252925
0.22 0.0199987
0.23 0.0159441
0.24 0.0128945
0.25 0.0106445
0.26 0.0090188
0.27 0.00787185
0.28 0.00708578
0.29 0.0065673
0.3 0.00624417
0.31 0.0060616
0.32 0.00597889
0.33 0.00596639
0.34 0.00600289
0.35 0.00607352
0.36 0.00616805
0.37 0.00627955
0.38 0.00640343
0.39 0.0065367
0.4 0.00667745
0.41 0.00682451
0.42 0.00697716
0.43 0.00713496
0.44 0.0072977
0.45 0.00746526
0.46 0.00763759
0.47 0.0078147
0.48 0.0079966
0.49 0.00818334
0.5 0.00837496
0.51 0.00857152
0.52 0.00877308
0.53 0.00897969
0.54 0.00919142
0.55 0.00940832
0.56 0.00963046
0.57 0.0098579
0.58 0.0100907
0.59 0.0103289
0.6 0.0105727
0.61 0.0108219
0.62 0.0110769
0.63 0.0113374
0.64 0.0116038
0.65 0.011876
0.66 0.012154
0.67 0.0124381
0.68 0.0127281
0.69 0.0130242
0.7 0.0133265
0.71 0.0136351
0.72 0.0139499
0.73 0.0142711
0.74 0.0145987
0.75 0.0149329
0.76 0.0152736
0.77 0.0156209
0.78 0.015975
0.79 0.0163358
0.8 0.0167035
0.81 0.0170781
0.82 0.0174596
0.83 0.0178483
0.84 0.018244
0.85 0.0186469
0.86 0.019057
0.87 0.0194745
0.88 0.0198993
0.89 0.0203316
0.9 0.0207713
0.91 0.0212187
0.92 0.0216736
0.93 0.0221363
0.94 0.0226066
0.95 0.0230848
0.96 0.0235709
0.97 0.0240648
0.98 0.0245667
0.99 0.0250767
1 0.0255947
1.01 0.0261208
1.02 0.0266552
1.03 0.0271977
1.04 0.0277486
1.05 0.0283077
1.06 0.0288753
1.07 0.0294512
1.08 0.0300356
1.09 0.0306284
1.1 0.0312298
1.11 0.0318398
1.12 0.0324583
1.13 0.0330855
1.14 0.0337213
1.15 0.0343658
1.16 0.0350191
1.17 0.035681
1.18 0.0363517
1.19 0.0370312
1.2 0.0377194
1.21 0.0384165
1.22 0.0391224
1.23 0.0398371
1.24 0.0405606
1.25 0.0412929
1.26 0.0420341
1.27 0.0427841
1.28 0.043543
1.29 0.0443106
1.3 0.0450871
1.31 0.0458723
1.32 0.0466663
1.33 0.0474691
1.34 0.0482806
1.35 0.0491009
1.36 0.0499298
1.37 0.0507673
1.38 0.0516135
1.39 0.0524682
1.4 0.0533315
1.41 0.0542032
1.42 0.0550834
1.43 0.055972
1.44 0.0568689
1.45 0.0577741
1.46 0.0586875
1.47 0.059609
1.48 0.0605386
1.49 0.0614762
1.5 0.0624218
1.51 0.0633751
1.52 0.0643362
1.53 0.065305
1.54 0.0662814
1.55 0.0672652
1.56 0.0682564
1.57 0.0692549
1.58 0.0702606
1.59 0.0712733
1.6 0.0722929
1.61 0.0733194
1.62 0.0743525
1.63 0.0753923
1.64 0.0764385
1.65 0.077491
1.66 0.0785496
1.67 0.0796143
1.68 0.0806848
1.69 0.0817611
1.7 0.082843
1.71 0.0839303
1.72 0.0850228
1.73 0.0861204
1.74 0.087223
1.75 0.0883303
1.76 0.0894421
1.77 0.0905584
1.78 0.0916789
1.79 0.0928034
1.8 0.0939317
1.81 0.0950637
1.82 0.0961991
1.83 0.0973377
1.84 0.0984794
1.85 0.0996239
1.86 0.100771
1.87 0.101921
1.88 0.103072
1.89 0.104226
1.9 0.105381
1.91 0.106538
1.92 0.107696
1.93 0.108855
1.94 0.110015
1.95 0.111176
1.96 0.112337
1.97 0.113498
1.98 0.114659
1.99 0.115819
2 0.116979
2.01 0.118138
2.02 0.119295
2.03 0.120452
2.04 0.121606
2.05 0.122759
2.06 0.123909
2.07 0.125057
2.08 0.126202
2.09 0.127344
2.1 0.128483
2.11 0.129618
2.12 0.130749
2.13 0.131876
2.14 0.132999
2.15 0.134117
2.16 0.135231
2.17 0.136339
2.18 0.137441
2.19 0.138538
2.2 0.139629
2.21 0.140713
2.22 0.141791
2.23 0.142861
2.24 0.143925
2.25 0.144981
2.26 0.146029
2.27 0.14707
2.28 0.148102
2.29 0.149125
2.3 0.15014
2.31 0.151145
2.32 0.152141
2.33 0.153128
2.34 0.154104
2.35 0.15507
2.36 0.156026
2.37 0.156971
2.38 0.157905
2.39 0.158828
2.4 0.159739
2.41 0.160638
2.42 0.161525
2.43 0.1624
2.44 0.163262
2.45 0.164112
2.46 0.164948
2.47 0.165771
2.48 0.16658
2.49 0.167376
2.5 0.168158
2.51 0.168925
2.52 0.169678
2.53 0.170416
2.54 0.171139
2.55 0.171847
2.56 0.172539
2.57 0.173216
2.58 0.173878
2.59 0.174523
2.6 0.175152
2.61 0.175764
2.62 0.176361
2.63 0.17694
2.64 0.177502
2.65 0.178047
2.66 0.178575
2.67 0.179086
2.68 0.179579
2.69 0.180054
2.7 0.180512
2.71 0.180951
2.72 0.181372
2.73 0.181775
2.74 0.182159
2.75 0.182525
2.76 0.182872
2.77 0.183201
2.78 0.18351
2.79 0.183801
2.8 0.184072
2.81 0.184324
2.82 0.184557
2.83 0.184771
2.84 0.184965
2.85 0.18514
2.86 0.185296
2.87 0.185432
2.88 0.185548
2.89 0.185645
2.9 0.185722
2.91 0.185779
2.92 0.185817
2.93 0.185834
2.94 0.185833
2.95 0.185811
2.96 0.18577
2.97 0.185709
2.98 0.185628
2.99 0.185528
3 0.185408
3.01 0.185269
3.02 0.18511
3.03 0.184931
3.04 0.184733
3.05 0.184516
3.06 0.18428
3.07 0.184024
3.08 0.183749
3.09 0.183455
3.1 0.183142
3.11 0.18281
3.12 0.18246
3.13 0.18209
3.14 0.181703
3.15 0.181296
3.16 0.180872
3.17 0.180429
3.18 0.179969
3.19 0.17949
3.2 0.178994
3.21 0.17848
3.22 0.177949
3.23 0.177401
3.24 0.176835
3.25 0.176253
3.26 0.175654
3.27 0.175038
3.28 0.174406
3.29 0.173758
3.3 0.173094
3.31 0.172414
3.32 0.171719
3.33 0.171008
3.34 0.170282
3.35 0.169541
3.36 0.168786
3.37 0.168016
3.38 0.167232
3.39 0.166434
3.4 0.165622
3.41 0.164796
3.42 0.163957
3.43 0.163106
3.44 0.162241
3.45 0.161364
3.46 0.160475
3.47 0.159573
3.48 0.15866
3.49 0.157735
3.5 0.156799
3.51 0.155852
3.52 0.154895
3.53 0.153927
3.54 0.152948
3.55 0.15196
3.56 0.150962
3.57 0.149955
3.58 0.148939
3.59 0.147914
3.6 0.14688
3.61 0.145838
3.62 0.144789
3.63 0.143731
3.64 0.142666
3.65 0.141594
3.66 0.140515
3.67 0.13943
3.68 0.138338
3.69 0.13724
3.7 0.136137
3.71 0.135028
3.72 0.133913
3.73 0.132794
3.74 0.131671
3.75 0.130543
3.76 0.129411
3.77 0.128275
3.78 0.127135
3.79 0.125993
3.8 0.124847
3.81 0.123699
3.82 0.122548
3.83 0.121395
3.84 0.12024
3.85 0.119084
3.86 0.117926
3.87 0.116767
3.88 0.115607
3.89 0.114446
3.9 0.113285
3.91 0.112124
3.92 0.110964
3.93 0.109803
3.94 0.108643
3.95 0.107484
3.96 0.106326
3.97 0.105169
3.98 0.104014
3.99 0.102861
4 0.10171
4.01 0.10056
4.02 0.0994138
4.03 0.0982697
4.04 0.0971285
4.05 0.0959904
4.06 0.0948555
4.07 0.0937242
4.08 0.0925965
4.09 0.0914726
4.1 0.0903528
4.11 0.0892373
4.12 0.0881261
4.13 0.0870196
4.14 0.0859178
4.15 0.084821
4.16 0.0837294
4.17 0.082643
4.18 0.081562
4.19 0.0804866
4.2 0.079417
4.21 0.0783533
4.22 0.0772956
4.23 0.0762442
4.24 0.075199
4.25 0.0741603
4.26 0.0731282
4.27 0.0721028
4.28 0.0710843
4.29 0.0700727
4.3 0.0690681
4.31 0.0680708
4.32 0.0670807
4.33 0.066098
4.34 0.0651228
4.35 0.0641552
4.36 0.0631952
4.37 0.062243
4.38 0.0612987
4.39 0.0603623
4.4 0.0594338
4.41 0.0585135
4.42 0.0576013
4.43 0.0566972
4.44 0.0558015
4.45 0.0549141
4.46 0.054035
4.47 0.0531644
4.48 0.0523023
4.49 0.0514487
4.5 0.0506037
4.51 0.0497672
4.52 0.0489394
4.53 0.0481202
4.54 0.0473098
4.55 0.046508
4.56 0.045715
4.57 0.0449308
4.58 0.0441553
4.59 0.0433886
4.6 0.0426307
4.61 0.0418816
4.62 0.0411412
4.63 0.0404097
4.64 0.039687
4.65 0.038973
4.66 0.0382679
4.67 0.0375715
4.68 0.0368839
4.69 0.036205
4.7 0.0355349
4.71 0.0348734
4.72 0.0342206
4.73 0.0335765
4.74 0.032941
4.75 0.0323142
4.76 0.0316958
4.77 0.031086
4.78 0.0304848
4.79 0.0298919
4.8 0.0293075
4.81 0.0287315
4.82 0.0281638
4.83 0.0276044
4.84 0.0270532
4.85 0.0265102
4.86 0.0259754
4.87 0.0254486
4.88 0.0249299
4.89 0.0244192
4.9 0.0239164
4.91 0.0234215
4.92 0.0229343
4.93 0.0224549
4.94 0.0219833
4.95 0.0215192
4.96 0.0210627
4.97 0.0206137
4.98 0.0201721
4.99 0.0197379
5 0.019311
5.01 0.0188913
5.02 0.0184788
5.03 0.0180733
5.04 0.0176749
5.05 0.0172835
5.06 0.0168989
5.07 0.0165211
5.08 0.01615
5.09 0.0157856
5.1 0.0154278
5.11 0.0150765
5.12 0.0147317
5.13 0.0143932
5.14 0.014061
5.15 0.013735
5.16 0.0134151
5.17 0.0131013
5.18 0.0127935
5.19 0.0124915
5.2 0.0121955
5.21 0.0119051
5.22 0.0116205
5.23 0.0113414
5.24 0.0110679
5.25 0.0107998
5.26 0.0105371
5.27 0.0102797
5.28 0.0100275
5.29 0.00978052
5.3 0.00953856
5.31 0.00930161
5.32 0.00906957
5.33 0.00884239
5.34 0.00861999
5.35 0.00840228
5.36 0.00818921
5.37 0.00798069
5.38 0.00777666
5.39 0.00757704
5.4 0.00738176
5.41 0.00719075
5.42 0.00700394
5.43 0.00682126
5.44 0.00664264
5.45 0.00646801
5.46 0.0062973
5.47 0.00613045
5.48 0.00596738
5.49 0.00580804
5.5 0.00565235
5.51 0.00550025
5.52 0.00535168
5.53 0.00520657
5.54 0.00506485
5.55 0.00492647
5.56 0.00479136
5.57 0.00465946
5.58 0.00453071
5.59 0.00440506
5.6 0.00428243
5.61 0.00416278
5.62 0.00404604
5.63 0.00393215
5.64 0.00382107
5.65 0.00371273
5.66 0.00360708
5.67 0.00350406
5.68 0.00340362
5.69 0.00330572
5.7 0.00321029
5.71 0.00311728
5.72 0.00302664
5.73 0.00293833
5.74 0.0028523
5.75 0.00276849
5.76 0.00268685
5.77 0.00260735
5.78 0.00252993
5.79 0.00245455
5.8 0.00238116
5.81 0.00230972
5.82 0.00224019
5.83 0.00217252
5.84 0.00210667
5.85 0.0020426
5.86 0.00198027
5.87 0.00191964
5.88 0.00186066
5.89 0.00180331
5.9 0.00174754
5.91 0.00169331
5.92 0.00164059
5.93 0.00158935
5.94 0.00153954
5.95 0.00149114
5.96 0.0014441
5.97 0.0013984
5.98 0.001354
5.99 0.00131087
