-6 0.000808175
-5.99 0.00083647
-5.98 0.00086566
-5.97 0.000895767
-5.96 0.000926817
-5.95 0.000958835
-5.94 0.000991848
-5.93 0.00102588
-5.92 0.00106097
-5.91 0.00109713
-5.9 0.00113439
-5.89 0.00117279
-5.88 0.00121235
-5.87 0.0012531
-5.86 0.00129508
-5.85 0.00133832
-5.84 0.00138284
-5.83 0.00142869
-5.82 0.00147588
-5.81 0.00152447
-5.8 0.00157448
-5.79 0.00162594
-5.78 0.0016789
-5.77 0.00173339
-5.76 0.00178945
-5.75 0.00184711
-5.74 0.00190641
-5.73 0.0019674
-5.72 0.00203011
-5.71 0.00209459
-5.7 0.00216087
-5.69 0.00222899
-5.68 0.00229901
-5.67 0.00237095
-5.66 0.00244488
-5.65 0.00252082
-5.64 0.00259884
-5.63 0.00267896
-5.62 0.00276125
-5.61 0.00284574
-5.6 0.00293249
-5.59 0.00302154
-5.58 0.00311295
-5.57 0.00320676
-5.56 0.00330303
-5.55 0.00340181
-5.54 0.00350314
-5.53 0.00360709
-5.52 0.00371371
-5.51 0.00382305
-5.5 0.00393516
-5.49 0.00405011
-5.48 0.00416794
-5.47 0.00428872
-5.46 0.00441251
-5.45 0.00453936
-5.44 0.00466933
-5.43 0.00480248
-5.42 0.00493887
-5.41 0.00507856
-5.4 0.00522162
-5.39 0.00536811
-5.38 0.00551808
-5.37 0.00567161
-5.36 0.00582875
-5.35 0.00598957
-5.34 0.00615414
-5.33 0.00632252
-5.32 0.00649478
-5.31 0.00667098
-5.3 0.00685119
-5.29 0.00703547
-5.28 0.0072239
-5.27 0.00741655
-5.26 0.00761347
-5.25 0.00781475
-5.24 0.00802044
-5.23 0.00823062
-5.22 0.00844536
-5.21 0.00866473
-5.2 0.0088888
-5.19 0.00911764
-5.18 0.00935132
-5.17 0.00958991
-5.16 0.00983348
-5.15 0.0100821
-5.14 0.0103358
-5.13 0.0105948
-5.12 0.010859
-5.11 0.0111285
-5.1 0.0114035
-5.09 0.0116839
-5.08 0.0119699
-5.07 0.0122615
-5.06 0.0125588
-5.05 0.0128619
-5.04 0.0131708
-5.03 0.0134856
-5.02 0.0138063
-5.01 0.0141331
-5 0.014466
-4.99 0.0148051
-4.98 0.0151505
-4.97 0.0155021
-4.96 0.0158602
-4.95 0.0162246
-4.94 0.0165956
-4.93 0.0169732
-4.92 0.0173574
-4.91 0.0177483
-4.9 0.0181459
-4.89 0.0185504
-4.88 0.0189618
-4.87 0.0193801
-4.86 0.0198054
-4.85 0.0202378
-4.84 0.0206772
-4.83 0.0211239
-4.82 0.0215778
-4.81 0.0220389
-4.8 0.0225074
-4.79 0.0229832
-4.78 0.0234665
-4.77 0.0239573
-4.76 0.0244555
-4.75 0.0249613
-4.74 0.0254747
-4.73 0.0259958
-4.72 0.0265245
-4.71 0.0270609
-4.7 0.0276051
-4.69 0.028157
-4.68 0.0287168
-4.67 0.0292844
-4.66 0.0298598
-4.65 0.0304432
-4.64 0.0310344
-4.63 0.0316336
-4.62 0.0322407
-4.61 0.0328557
-4.6 0.0334788
-4.59 0.0341098
-4.58 0.0347488
-4.57 0.0353958
-4.56 0.0360508
-4.55 0.0367138
-4.54 0.0373847
-4.53 0.0380637
-4.52 0.0387506
-4.51 0.0394455
-4.5 0.0401484
-4.49 0.0408591
-4.48 0.0415778
-4.47 0.0423043
-4.46 0.0430388
-4.45 0.043781
-4.44 0.044531
-4.43 0.0452888
-4.42 0.0460543
-4.41 0.0468275
-4.4 0.0476083
-4.39 0.0483967
-4.38 0.0491926
-4.37 0.049996
-4.36 0.0508068
-4.35 0.051625
-4.34 0.0524504
-4.33 0.053283
-4.32 0.0541227
-4.31 0.0549695
-4.3 0.0558233
-4.29 0.056684
-4.28 0.0575515
-4.27 0.0584256
-4.26 0.0593064
-4.25 0.0601937
-4.24 0.0610874
-4.23 0.0619874
-4.22 0.0628936
-4.21 0.0638058
-4.2 0.064724
-4.19 0.0656481
-4.18 0.0665778
-4.17 0.0675132
-4.16 0.068454
-4.15 0.0694
-4.14 0.0703513
-4.13 0.0713076
-4.12 0.0722687
-4.11 0.0732346
-4.1 0.074205
-4.09 0.0751798
-4.08 0.0761589
-4.07 0.0771421
-4.06 0.0781291
-4.05 0.0791199
-4.04 0.0801143
-4.03 0.081112
-4.02 0.082113
-4.01 0.0831169
-4 0.0841237
-3.99 0.0851331
-3.98 0.0861449
-3.97 0.0871589
-3.96 0.088175
-3.95 0.0891928
-3.94 0.0902123
-3.93 0.0912332
-3.92 0.0922553
-3.91 0.0932783
-3.9 0.0943021
-3.89 0.0953264
-3.88 0.096351
-3.87 0.0973756
-3.86 0.0984001
-3.85 0.0994242
-3.84 0.100448
-3.83 0.10147
-3.82 0.102492
-3.81 0.103512
-3.8 0.10453
-3.79 0.105547
-3.78 0.106562
-3.77 0.107574
-3.76 0.108584
-3.75 0.109591
-3.74 0.110594
-3.73 0.111595
-3.72 0.112591
-3.71 0.113584
-3.7 0.114573
-3.69 0.115558
-3.68 0.116537
-3.67 0.117512
-3.66 0.118482
-3.65 0.119446
-3.64 0.120405
-3.63 0.121358
-3.62 0.122304
-3.61 0.123244
-3.6 0.124178
-3.59 0.125104
-3.58 0.126023
-3.57 0.126935
-3.56 0.127839
-3.55 0.128734
-3.54 0.129622
-3.53 0.130501
-3.52 0.131371
-3.51 0.132232
-3.5 0.133084
-3.49 0.133926
-3.48 0.134759
-3.47 0.135581
-3.46 0.136393
-3.45 0.137195
-3.44 0.137986
-3.43 0.138766
-3.42 0.139534
-3.41 0.140291
-3.4 0.141037
-3.39 0.14177
-3.38 0.142492
-3.37 0.143201
-3.36 0.143897
-3.35 0.14458
-3.34 0.145251
-3.33 0.145908
-3.32 0.146552
-3.31 0.147182
-3.3 0.147798
-3.29 0.1484
-3.28 0.148988
-3.27 0.149562
-3.26 0.15012
-3.25 0.150665
-3.24 0.151194
-3.23 0.151708
-3.22 0.152207
-3.21 0.15269
-3.2 0.153158
-3.19 0.15361
-3.18 0.154046
-3.17 0.154466
-3.16 0.15487
-3.15 0.155258
-3.14 0.155629
-3.13 0.155984
-3.12 0.156322
-3.11 0.156643
-3.1 0.156948
-3.09 0.157235
-3.08 0.157506
-3.07 0.157759
-3.06 0.157996
-3.05 0.158215
-3.04 0.158416
-3.03 0.158601
-3.02 0.158768
-3.01 0.158917
-3 0.159049
-2.99 0.159164
-2.98 0.159261
-2.97 0.15934
-2.96 0.159401
-2.95 0.159446
-2.94 0.159472
-2.93 0.159481
-2.92 0.159472
-2.91 0.159446
-2.9 0.159402
-2.89 0.15934
-2.88 0.159261
-2.87 0.159165
-2.86 0.159051
-2.85 0.15892
-2.84 0.158772
-2.83 0.158606
-2.82 0.158423
-2.81 0.158224
-2.8 0.158007
-2.79 0.157773
-2.78 0.157523
-2.77 0.157256
-2.76 0.156972
-2.75 0.156672
-2.74 0.156356
-2.73 0.156023
-2.72 0.155675
-2.71 0.15531
-2.7 0.15493
-2.69 0.154534
-2.68 0.154123
-2.67 0.153696
-2.66 0.153255
-2.65 0.152798
-2.64 0.152327
-2.63 0.151841
-2.62 0.151341
-2.61 0.150827
-2.6 0.150299
-2.59 0.149757
-2.58 0.149201
-2.57 0.148632
-2.56 0.148051
-2.55 0.147456
-2.54 0.146849
-2.53 0.146229
-2.52 0.145597
-2.51 0.144953
-2.5 0.144298
-2.49 0.143631
-2.48 0.142954
-2.47 0.142265
-2.46 0.141566
-2.45 0.140856
-2.44 0.140137
-2.43 0.139407
-2.42 0.138668
-2.41 0.13792
-2.4 0.137164
-2.39 0.136398
-2.38 0.135624
-2.37 0.134842
-2.36 0.134053
-2.35 0.133256
-2.34 0.132452
-2.33 0.131641
-2.32 0.130824
-2.31 0.130001
-2.3 0.129171
-2.29 0.128336
-2.28 0.127496
-2.27 0.126652
-2.26 0.125802
-2.25 0.124948
-2.24 0.124091
-2.23 0.123229
-2.22 0.122365
-2.21 0.121497
-2.2 0.120627
-2.19 0.119755
-2.18 0.11888
-2.17 0.118005
-2.16 0.117127
-2.15 0.116249
-2.14 0.11537
-2.13 0.114491
-2.12 0.113612
-2.11 0.112733
-2.1 0.111855
-2.09 0.110978
-2.08 0.110102
-2.07 0.109228
-2.06 0.108356
-2.05 0.107487
-2.04 0.10662
-2.03 0.105755
-2.02 0.104895
-2.01 0.104038
-2 0.103184
-1.99 0.102335
-1.98 0.101491
-1.97 0.100652
-1.96 0.0998172
-1.95 0.0989885
-1.94 0.0981655
-1.93 0.0973487
-1.92 0.0965382
-1.91 0.0957345
-1.9 0.0949379
-1.89 0.0941485
-1.88 0.0933667
-1.87 0.0925928
-1.86 0.0918271
-1.85 0.0910699
-1.84 0.0903214
-1.83 0.0895819
-1.82 0.0888516
-1.81 0.088131
-1.8 0.0874201
-1.79 0.0867193
-1.78 0.0860288
-1.77 0.0853489
-1.76 0.0846799
-1.75 0.0840219
-1.74 0.0833752
-1.73 0.08274
-1.72 0.0821166
-1.71 0.0815052
-1.7 0.080906
-1.69 0.0803193
-1.68 0.0797452
-1.67 0.0791839
-1.66 0.0786357
-1.65 0.0781007
-1.64 0.0775792
-1.63 0.0770712
-1.62 0.0765771
-1.61 0.0760969
-1.6 0.0756308
-1.59 0.0751791
-1.58 0.0747418
-1.57 0.0743191
-1.56 0.0739112
-1.55 0.0735181
-1.54 0.0731401
-1.53 0.0727772
-1.52 0.0724295
-1.51 0.0720973
-1.5 0.0717805
-1.49 0.0714793
-1.48 0.0711938
-1.47 0.0709241
-1.46 0.0706703
-1.45 0.0704323
-1.44 0.0702104
-1.43 0.0700045
-1.42 0.0698147
-1.41 0.0696411
-1.4 0.0694837
-1.39 0.0693425
-1.38 0.0692176
-1.37 0.0691089
-1.36 0.0690166
-1.35 0.0689406
-1.34 0.0688808
-1.33 0.0688374
-1.32 0.0688103
-1.31 0.0687993
-1.3 0.0688047
-1.29 0.0688262
-1.28 0.0688638
-1.27 0.0689176
-1.26 0.0689874
-1.25 0.0690731
-1.24 0.0691748
-1.23 0.0692922
-1.22 0.0694254
-1.21 0.0695742
-1.2 0.0697385
-1.19 0.0699183
-1.18 0.0701134
-1.17 0.0703236
-1.16 0.0705489
-1.15 0.070789
-1.14 0.071044
-1.13 0.0713135
-1.12 0.0715975
-1.11 0.0718958
-1.1 0.0722082
-1.09 0.0725345
-1.08 0.0728745
-1.07 0.073228
-1.06 0.073595
-1.05 0.073975
-1.04 0.0743679
-1.03 0.0747735
-1.02 0.0751916
-1.01 0.075622
-1 0.0760643
-0.99 0.0765183
-0.98 0.0769838
-0.97 0.0774605
-0.96 0.0779482
-0.95 0.0784466
-0.94 0.0789554
-0.93 0.0794743
-0.92 0.080003
-0.91 0.0805413
-0.9 0.0810888
-0.89 0.0816452
-0.88 0.0822103
-0.87 0.0827836
-0.86 0.083365
-0.85 0.083954
-0.84 0.0845503
-0.83 0.0851537
-0.82 0.0857637
-0.81 0.08638
-0.8 0.0870023
-0.79 0.0876302
-0.78 0.0882634
-0.77 0.0889015
-0.76 0.0895441
-0.75 0.0901909
-0.74 0.0908416
-0.73 0.0914957
-0.72 0.092153
-0.71 0.0928129
-0.7 0.0934752
-0.69 0.0941394
-0.68 0.0948053
-0.67 0.0954723
-0.66 0.0961402
-0.65 0.0968085
-0.64 0.0974768
-0.63 0.0981449
-0.62 0.0988123
-0.61 0.0994785
-0.6 0.100143
-0.59 0.100806
-0.58 0.101467
-0.57 0.102125
-0.56 0.10278
-0.55 0.103432
-0.54 0.10408
-0.53 0.104724
-0.52 0.105363
-0.51 0.105997
-0.5 0.106627
-0.49 0.10725
-0.48 0.107868
-0.47 0.108479
-0.46 0.109084
-0.45 0.109681
-0.44 0.110271
-0.43 0.110854
-0.42 0.111428
-0.41 0.111994
-0.4 0.112551
-0.39 0.113099
-0.38 0.113637
-0.37 0.114166
-0.36 0.114685
-0.35 0.115193
-0.34 0.115691
-0.33 0.116177
-0.32 0.116653
-0.31 0.117117
-0.3 0.117569
-0.29 0.118009
-0.28 0.118437
-0.27 0.118852
-0.26 0.119254
-0.25 0.119643
-0.24 0.120019
-0.23 0.120381
-0.22 0.120729
-0.21 0.121064
-0.2 0.121384
-0.19 0.12169
-0.18 0.121982
-0.17 0.122258
-0.16 0.12252
-0.15 0.122767
-0.14 0.122998
-0.13 0.123214
-0.12 0.123415
-0.11 0.1236
-0.1 0.123769
-0.09 0.123923
-0.08 0.12406
-0.07 0.124182
-0.06 0.124287
-0.05 0.124377
-0.04 0.12445
-0.03 0.124507
-0.02 0.124548
-0.01 0.124572
0 0.12458
0.01 0.124572
0.02 0.124548
0.03 0.124507
0.04 0.12445
0.05 0.124377
0.06 0.124287
0.07 0.124182
0.08 0.12406
0.09 0.123923
0.1 0.123769
0.11 0.1236
0.12 0.123415
0.13 0.123214
0.14 0.122998
0.15 0.122767
0.16 0.12252
0.17 0.122258
0.18 0.121982
0.19 0.12169
0.2 0.121384
0.21 0.121064
0.22 0.120729
0.23 0.120381
0.24 0.120019
0.25 0.119643
0.26 0.119254
0.27 0.118852
0.28 0.118437
0.29 0.118009
0.3 0.117569
0.31 0.117117
0.32 0.116653
0.33 0.116177
0.34 0.115691
0.35 0.115193
0.36 0.114685
0.37 0.114166
0.38 0.113637
0.39 0.113099
0.4 0.112551
0.41 0.111994
0.42 0.111428
0.43 0.110854
0.44 0.110271
0.45 0.109681
0.46 0.109084
0.47 0.108479
0.48 0.107868
0.49 0.10725
0.5 0.106627
0.51 0.105997
0.52 0.105363
0.53 0.104724
0.54 0.10408
0.55 0.103432
0.56 0.10278
0.57 0.102125
0.58 0.101467
0.59 0.100806
0.6 0.100143
0.61 0.0994785
0.62 0.0988123
0.63 0.0981449
0.64 0.0974768
0.65 0.0968085
0.66 0.0961402
0.67 0.0954723
0.68 0.0948053
0.69 0.0941394
0.7 0.0934752
0.71 0.0928129
0.72 0.092153
0.73 0.0914957
0.74 0.0908416
0.75 0.0901909
0.76 0.0895441
0.77 0.0889015
0.78 0.0882634
0.79 0.0876302
0.8 0.0870023
0.81 0.08638
0.82 0.0857637
0.83 0.0851537
0.84 0.0845503
0.85 0.083954
0.86 0.083365
0.87 0.0827836
0.88 0.0822103
0.89 0.0816452
0.9 0.0810888
0.91 0.0805413
0.92 0.080003
0.93 0.0794743
0.94 0.0789554
0.95 0.0784466
0.96 0.0779482
0.97 0.0774605
0.98 0.0769838
0.99 0.0765183
1 0.0760643
1.01 0.075622
1.02 0.0751916
1.03 0.0747735
1.04 0.0743679
1.05 0.073975
1.06 0.073595
1.07 0.073228
1.08 0.0728745
1.09 0.0725345
1.1 0.0722082
1.11 0.0718958
1.12 0.0715975
1.13 0.0713135
1.14 0.071044
1.15 0.070789
1.16 0.0705489
1.17 0.0703236
1.18 0.0701134
1.19 0.0699183
1.2 0.0697385
1.21 0.0695742
1.22 0.0694254
1.23 0.0692922
1.24 0.0691748
1.25 0.0690731
1.26 0.0689874
1.27 0.0689176
1.28 0.0688638
1.29 0.0688262
1.3 0.0688047
1.31 0.0687993
1.32 0.0688103
1.33 0.0688374
1.34 0.0688808
1.35 0.0689406
1.36 0.0690166
1.37 0.0691089
1.38 0.0692176
1.39 0.0693425
1.4 0.0694837
1.41 0.0696411
1.42 0.0698147
1.43 0.0700045
1.44 0.0702104
1.45 0.0704323
1.46 0.0706703
1.47 0.0709241
1.48 0.0711938
1.49 0.0714793
1.5 0.0717805
1.51 0.0720973
1.52 0.0724295
1.53 0.0727772
1.54 0.0731401
1.55 0.0735181
1.56 0.0739112
1.57 0.0743191
1.58 0.0747418
1.59 0.0751791
1.6 0.0756308
1.61 0.0760969
1.62 0.0765771
1.63 0.0770712
1.64 0.0775792
1.65 0.0781007
1.66 0.0786357
1.67 0.0791839
1.68 0.0797452
1.69 0.0803193
1.7 0.080906
1.71 0.0815052
1.72 0.0821166
1.73 0.08274
1.74 0.0833752
1.75 0.0840219
1.76 0.0846799
1.77 0.0853489
1.78 0.0860288
1.79 0.0867193
1.8 0.0874201
1.81 0.088131
1.82 0.0888516
1.83 0.0895819
1.84 0.0903214
1.85 0.0910699
1.86 0.0918271
1.87 0.0925928
1.88 0.0933667
1.89 0.0941485
1.9 0.0949379
1.91 0.0957345
1.92 0.0965382
1.93 0.0973487
1.94 0.0981655
1.95 0.0989885
1.96 0.0998172
1.97 0.100652
1.98 0.101491
1.99 0.102335
2 0.103184
2.01 0.104038
2.02 0.104895
2.03 0.105755
2.04 0.10662
2.05 0.107487
2.06 0.108356
2.07 0.109228
2.08 0.110102
2.09 0.110978
2.1 0.111855
2.11 0.112733
2.12 0.113612
2.13 0.114491
2.14 0.11537
2.15 0.116249
2.16 0.117127
2.17 0.118005
2.18 0.11888
2.19 0.119755
2.2 0.120627
2.21 0.121497
2.22 0.122365
2.23 0.123229
2.24 0.124091
2.25 0.124948
2.26 0.125802
2.27 0.126652
2.28 0.127496
2.29 0.128336
2.3 0.129171
2.31 0.130001
2.32 0.130824
2.33 0.131641
2.34 0.132452
2.35 0.133256
2.36 0.134053
2.37 0.134842
2.38 0.135624
2.39 0.136398
2.4 0.137164
2.41 0.13792
2.42 0.138668
2.43 0.139407
2.44 0.140137
2.45 0.140856
2.46 0.141566
2.47 0.142265
2.48 0.142954
2.49 0.143631
2.5 0.144298
2.51 0.144953
2.52 0.145597
2.53 0.146229
2.54 0.146849
2.55 0.147456
2.56 0.148051
2.57 0.148632
2.58 0.149201
2.59 0.149757
2.6 0.150299
2.61 0.150827
2.62 0.151341
2.63 0.151841
2.64 0.152327
2.65 0.152798
2.66 0.153255
2.67 0.153696
2.68 0.154123
2.69 0.154534
2.7 0.15493
2.71 0.15531
2.72 0.155675
2.73 0.156023
2.74 0.156356
2.75 0.156672
2.76 0.156972
2.77 0.157256
2.78 0.157523
2.79 0.157773
2.8 0.158007
2.81 0.158224
2.82 0.158423
2.83 0.158606
2.84 0.158772
2.85 0.15892
2.86 0.159051
2.87 0.159165
2.88 0.159261
2.89 0.15934
2.9 0.159402
2.91 0.159446
2.92 0.159472
2.93 0.159481
2.94 0.159472
2.95 0.159446
2.96 0.159401
2.97 0.15934
2.98 0.159261
2.99 0.159164
3 0.159049
3.01 0.158917
3.02 0.158768
3.03 0.158601
3.04 0.158416
3.05 0.158215
3.06 0.157996
3.07 0.157759
3.08 0.157506
3.09 0.157235
3.1 0.156948
3.11 0.156643
3.12 0.156322
3.13 0.155984
3.14 0.155629
3.15 0.155258
3.16 0.15487
3.17 0.154466
3.18 0.154046
3.19 0.15361
3.2 0.153158
3.21 0.15269
3.22 0.152207
3.23 0.151708
3.24 0.151194
3.25 0.150665
3.26 0.15012
3.27 0.149562
3.28 0.148988
3.29 0.1484
3.3 0.147798
3.31 0.147182
3.32 0.146552
3.33 0.145908
3.34 0.145251
3.35 0.14458
3.36 0.143897
3.37 0.143201
3.38 0.142492
3.39 0.14177
3.4 0.141037
3.41 0.140291
3.42 0.139534
3.43 0.138766
3.44 0.137986
3.45 0.137195
3.46 0.136393
3.47 0.135581
3.48 0.134759
3.49 0.133926
3.5 0.133084
3.51 0.132232
3.52 0.131371
3.53 0.130501
3.54 0.129622
3.55 0.128734
3.56 0.127839
3.57 0.126935
3.58 0.126023
3.59 0.125104
3.6 0.124178
3.61 0.123244
3.62 0.122304
3.63 0.121358
3.64 0.120405
3.65 0.119446
3.66 0.118482
3.67 0.117512
3.68 0.116537
3.69 0.115558
3.7 0.114573
3.71 0.113584
3.72 0.112591
3.73 0.111595
3.74 0.110594
3.75 0.109591
3.76 0.108584
3.77 0.107574
3.78 0.106562
3.79 0.105547
3.8 0.10453
3.81 0.103512
3.82 0.102492
3.83 0.10147
3.84 0.100448
3.85 0.0994242
3.86 0.0984001
3.87 0.0973756
3.88 0.096351
3.89 0.0953264
3.9 0.0943021
3.91 0.0932783
3.92 0.0922553
3.93 0.0912332
3.94 0.0902123
3.95 0.0891928
3.96 0.088175
3.97 0.0871589
3.98 0.0861449
3.99 0.0851331
4 0.0841237
4.01 0.0831169
4.02 0.082113
4.03 0.081112
4.04 0.0801143
4.05 0.0791199
4.06 0.0781291
4.07 0.0771421
4.08 0.0761589
4.09 0.0751798
4.1 0.074205
4.11 0.0732346
4.12 0.0722687
4.13 0.0713076
4.14 0.0703513
4.15 0.0694
4.16 0.068454
4.17 0.0675132
4.18 0.0665778
4.19 0.0656481
4.2 0.064724
4.21 0.0638058
4.22 0.0628936
4.23 0.0619874
4.24 0.0610874
4.25 0.0601937
4.26 0.0593064
4.27 0.0584256
4.28 0.0575515
4.29 0.056684
4.3 0.0558233
4.31 0.0549695
4.32 0.0541227
4.33 0.053283
4.34 0.0524504
4.35 0.051625
4.36 0.0508068
4.37 0.049996
4.38 0.0491926
4.39 0.0483967
4.4 0.0476083
4.41 0.0468275
4.42 0.0460543
4.43 0.0452888
4.44 0.044531
4.45 0.043781
4.46 0.0430388
4.47 0.0423043
4.48 0.0415778
4.49 0.0408591
4.5 0.0401484
4.51 0.0394455
4.52 0.0387506
4.53 0.0380637
4.54 0.0373847
4.55 0.0367138
4.56 0.0360508
4.57 0.0353958
4.58 0.0347488
4.59 0.0341098
4.6 0.0334788
4.61 0.0328557
4.62 0.0322407
4.63 0.0316336
4.64 0.0310344
4.65 0.0304432
4.66 0.0298598
4.67 0.0292844
4.68 0.0287168
4.69 0.028157
4.7 0.0276051
4.71 0.0270609
4.72 0.0265245
4.73 0.0259958
4.74 0.0254747
4.75 0.0249613
4.76 0.0244555
4.77 0.0239573
4.78 0.0234665
4.79 0.0229832
4.8 0.0225074
4.81 0.0220389
4.82 0.0215778
4.83 0.0211239
4.84 0.0206772
4.85 0.0202378
4.86 0.0198054
4.87 0.0193801
4.88 0.0189618
4.89 0.0185504
4.9 0.0181459
4.91 0.0177483
4.92 0.0173574
4.93 0.0169732
4.94 0.0165956
4.95 0.0162246
4.96 0.0158602
4.97 0.0155021
4.98 0.0151505
4.99 0.0148051
5 0.014466
5.01 0.0141331
5.02 0.0138063
5.03 0.0134856
5.04 0.0131708
5.05 0.0128619
5.06 0.0125588
5.07 0.0122615
5.08 0.0119699
5.09 0.0116839
5.1 0.0114035
5.11 0.0111285
5.12 0.010859
5.13 0.0105948
5.14 0.0103358
5.15 0.0100821
5.16 0.00983348
5.17 0.00958991
5.18 0.00935132
5.19 0.00911764
5.2 0.0088888
5.21 0.00866473
5.22 0.00844536
5.23 0.00823062
5.24 0.00802044
5.25 0.00781475
5.26 0.00761347
5.27 0.00741655
5.28 0.0072239
5.29 0.00703547
5.3 0.00685119
5.31 0.00667098
5.32 0.00649478
5.33 0.00632252
5.34 0.00615414
5.35 0.00598957
5.36 0.00582875
5.37 0.00567161
5.38 0.00551808
5.39 0.00536811
5.4 0.00522162
5.41 0.00507856
5.42 0.00493887
5.43 0.00480248
5.44 0.00466933
5.45 0.00453936
5.46 0.00441251
5.47 0.00428872
5.48 0.00416794
5.49 0.00405011
5.5 0.00393516
5.51 0.00382305
5.52 0.00371371
5.53 0.00360709
5.54 0.00350314
5.55 0.00340181
5.56 0.00330303
5.57 0.00320676
5.58 0.00311295
5.59 0.00302154
5.6 0.00293249
5.61 0.00284574
5.62 0.00276125
5.63 0.00267896
5.64 0.00259884
5.65 0.00252082
5.66 0.00244488
5.67 0.00237095
5.68 0.00229901
5.69 0.00222899
5.7 0.00216087
5.71 0.00209459
5.72 0.00203011
5.73 0.0019674
5.74 0.00190641
5.75 0.00184711
5.76 0.00178945
5.77 0.00173339
5.78 0.0016789
5.79 0.00162594
5.8 0.00157448
5.81 0.00152447
5.82 0.00147588
5.83 0.00142869
5.84 0.00138284
5.85 0.00133832
5.86 0.00129508
5.87 0.0012531
5.88 0.00121235
5.89 0.00117279
5.9 0.00113439
5.91 0.00109713
5.92 0.00106097
5.93 0.00102588
5.94 0.000991848
5.95 0.000958835
5.96 0.000926817
5.97 0.000895767
5.98 0.00086566
5.99 0.00083647
