-6 0.00150608
-5.99 0.00155295
-5.98 0.00160111
-5.97 0.0016506
-5.96 0.00170145
-5.95 0.00175369
-5.94 0.00180735
-5.93 0.00186246
-5.92 0.00191906
-5.91 0.00197718
-5.9 0.00203685
-5.89 0.00209811
-5.88 0.002161
-5.87 0.00222555
-5.86 0.00229179
-5.85 0.00235977
-5.84 0.00242951
-5.83 0.00250107
-5.82 0.00257448
-5.81 0.00264977
-5.8 0.00272698
-5.79 0.00280617
-5.78 0.00288736
-5.77 0.0029706
-5.76 0.00305593
-5.75 0.00314339
-5.74 0.00323303
-5.73 0.0033249
-5.72 0.00341902
-5.71 0.00351546
-5.7 0.00361425
-5.69 0.00371544
-5.68 0.00381908
-5.67 0.00392522
-5.66 0.00403389
-5.65 0.00414516
-5.64 0.00425907
-5.63 0.00437566
-5.62 0.00449499
-5.61 0.00461711
-5.6 0.00474207
-5.59 0.00486991
-5.58 0.0050007
-5.57 0.00513449
-5.56 0.00527132
-5.55 0.00541125
-5.54 0.00555433
-5.53 0.00570062
-5.52 0.00585017
-5.51 0.00600304
-5.5 0.00615928
-5.49 0.00631896
-5.48 0.00648211
-5.47 0.00664881
-5.46 0.0068191
-5.45 0.00699305
-5.44 0.00717071
-5.43 0.00735215
-5.42 0.00753741
-5.41 0.00772656
-5.4 0.00791966
-5.39 0.00811677
-5.38 0.00831794
-5.37 0.00852323
-5.36 0.00873271
-5.35 0.00894644
-5.34 0.00916447
-5.33 0.00938686
-5.32 0.00961368
-5.31 0.00984499
-5.3 0.0100808
-5.29 0.0103213
-5.28 0.0105664
-5.27 0.0108163
-5.26 0.011071
-5.25 0.0113305
-5.24 0.0115949
-5.23 0.0118643
-5.22 0.0121387
-5.21 0.0124182
-5.2 0.0127029
-5.19 0.0129928
-5.18 0.0132879
-5.17 0.0135884
-5.16 0.0138943
-5.15 0.0142056
-5.14 0.0145225
-5.13 0.0148449
-5.12 0.0151729
-5.11 0.0155066
-5.1 0.0158461
-5.09 0.0161914
-5.08 0.0165425
-5.07 0.0168995
-5.06 0.0172625
-5.05 0.0176315
-5.04 0.0180065
-5.03 0.0183877
-5.02 0.0187751
-5.01 0.0191687
-5 0.0195685
-4.99 0.0199747
-4.98 0.0203873
-4.97 0.0208063
-4.96 0.0212317
-4.95 0.0216637
-4.94 0.0221022
-4.93 0.0225473
-4.92 0.0229991
-4.91 0.0234575
-4.9 0.0239227
-4.89 0.0243947
-4.88 0.0248734
-4.87 0.025359
-4.86 0.0258514
-4.85 0.0263508
-4.84 0.0268571
-4.83 0.0273703
-4.82 0.0278905
-4.81 0.0284178
-4.8 0.0289521
-4.79 0.0294935
-4.78 0.030042
-4.77 0.0305976
-4.76 0.0311603
-4.75 0.0317302
-4.74 0.0323072
-4.73 0.0328914
-4.72 0.0334828
-4.71 0.0340814
-4.7 0.0346872
-4.69 0.0353002
-4.68 0.0359204
-4.67 0.0365479
-4.66 0.0371825
-4.65 0.0378243
-4.64 0.0384734
-4.63 0.0391296
-4.62 0.039793
-4.61 0.0404636
-4.6 0.0411413
-4.59 0.0418262
-4.58 0.0425182
-4.57 0.0432173
-4.56 0.0439234
-4.55 0.0446366
-4.54 0.0453568
-4.53 0.046084
-4.52 0.0468181
-4.51 0.0475591
-4.5 0.048307
-4.49 0.0490616
-4.48 0.0498231
-4.47 0.0505913
-4.46 0.0513661
-4.45 0.0521476
-4.44 0.0529356
-4.43 0.0537301
-4.42 0.0545311
-4.41 0.0553384
-4.4 0.056152
-4.39 0.0569719
-4.38 0.0577979
-4.37 0.0586299
-4.36 0.059468
-4.35 0.060312
-4.34 0.0611617
-4.33 0.0620173
-4.32 0.0628784
-4.31 0.0637451
-4.3 0.0646173
-4.29 0.0654948
-4.28 0.0663775
-4.27 0.0672653
-4.26 0.0681582
-4.25 0.069056
-4.24 0.0699586
-4.23 0.0708658
-4.22 0.0717776
-4.21 0.0726938
-4.2 0.0736144
-4.19 0.074539
-4.18 0.0754677
-4.17 0.0764004
-4.16 0.0773367
-4.15 0.0782767
-4.14 0.0792201
-4.13 0.0801669
-4.12 0.0811168
-4.11 0.0820698
-4.1 0.0830256
-4.09 0.0839841
-4.08 0.0849451
-4.07 0.0859085
-4.06 0.0868742
-4.05 0.0878418
-4.04 0.0888114
-4.03 0.0897826
-4.02 0.0907554
-4.01 0.0917295
-4 0.0927047
-3.99 0.093681
-3.98 0.094658
-3.97 0.0956357
-3.96 0.0966137
-3.95 0.097592
-3.94 0.0985704
-3.93 0.0995485
-3.92 0.100526
-3.91 0.101504
-3.9 0.10248
-3.89 0.103456
-3.88 0.10443
-3.87 0.105403
-3.86 0.106375
-3.85 0.107344
-3.84 0.108312
-3.83 0.109278
-3.82 0.110241
-3.81 0.111201
-3.8 0.112159
-3.79 0.113114
-3.78 0.114065
-3.77 0.115013
-3.76 0.115957
-3.75 0.116898
-3.74 0.117834
-3.73 0.118766
-3.72 0.119693
-3.71 0.120616
-3.7 0.121533
-3.69 0.122446
-3.68 0.123353
-3.67 0.124254
-3.66 0.12515
-3.65 0.126039
-3.64 0.126922
-3.63 0.127799
-3.62 0.128669
-3.61 0.129532
-3.6 0.130388
-3.59 0.131236
-3.58 0.132077
-3.57 0.132911
-3.56 0.133736
-3.55 0.134553
-3.54 0.135362
-3.53 0.136162
-3.52 0.136953
-3.51 0.137736
-3.5 0.138509
-3.49 0.139273
-3.48 0.140027
-3.47 0.140771
-3.46 0.141506
-3.45 0.14223
-3.44 0.142944
-3.43 0.143647
-3.42 0.14434
-3.41 0.145022
-3.4 0.145692
-3.39 0.146352
-3.38 0.147
-3.37 0.147637
-3.36 0.148262
-3.35 0.148874
-3.34 0.149475
-3.33 0.150064
-3.32 0.15064
-3.31 0.151204
-3.3 0.151755
-3.29 0.152294
-3.28 0.152819
-3.27 0.153332
-3.26 0.153831
-3.25 0.154317
-3.24 0.154789
-3.23 0.155248
-3.22 0.155693
-3.21 0.156125
-3.2 0.156543
-3.19 0.156946
-3.18 0.157336
-3.17 0.157711
-3.16 0.158073
-3.15 0.158419
-3.14 0.158752
-3.13 0.15907
-3.12 0.159373
-3.11 0.159662
-3.1 0.159936
-3.09 0.160196
-3.08 0.16044
-3.07 0.16067
-3.06 0.160885
-3.05 0.161085
-3.04 0.16127
-3.03 0.161441
-3.02 0.161596
-3.01 0.161736
-3 0.161861
-2.99 0.161971
-2.98 0.162067
-2.97 0.162147
-2.96 0.162212
-2.95 0.162262
-2.94 0.162298
-2.93 0.162318
-2.92 0.162323
-2.91 0.162314
-2.9 0.16229
-2.89 0.162251
-2.88 0.162197
-2.87 0.162128
-2.86 0.162045
-2.85 0.161947
-2.84 0.161835
-2.83 0.161709
-2.82 0.161568
-2.81 0.161412
-2.8 0.161243
-2.79 0.161059
-2.78 0.160862
-2.77 0.16065
-2.76 0.160425
-2.75 0.160186
-2.74 0.159934
-2.73 0.159668
-2.72 0.159389
-2.71 0.159096
-2.7 0.158791
-2.69 0.158472
-2.68 0.158141
-2.67 0.157797
-2.66 0.157441
-2.65 0.157072
-2.64 0.156691
-2.63 0.156299
-2.62 0.155894
-2.61 0.155477
-2.6 0.155049
-2.59 0.15461
-2.58 0.154159
-2.57 0.153698
-2.56 0.153225
-2.55 0.152742
-2.54 0.152248
-2.53 0.151745
-2.52 0.151231
-2.51 0.150707
-2.5 0.150174
-2.49 0.149631
-2.48 0.149078
-2.47 0.148517
-2.46 0.147947
-2.45 0.147368
-2.44 0.146781
-2.43 0.146186
-2.42 0.145582
-2.41 0.144971
-2.4 0.144353
-2.39 0.143726
-2.38 0.143093
-2.37 0.142453
-2.36 0.141806
-2.35 0.141153
-2.34 0.140494
-2.33 0.139829
-2.32 0.139157
-2.31 0.138481
-2.3 0.137799
-2.29 0.137112
-2.28 0.13642
-2.27 0.135724
-2.26 0.135023
-2.25 0.134318
-2.24 0.133609
-2.23 0.132897
-2.22 0.132181
-2.21 0.131461
-2.2 0.130739
-2.19 0.130015
-2.18 0.129287
-2.17 0.128558
-2.16 0.127826
-2.15 0.127092
-2.14 0.126357
-2.13 0.125621
-2.12 0.124883
-2.11 0.124145
-2.1 0.123405
-2.09 0.122666
-2.08 0.121926
-2.07 0.121186
-2.06 0.120446
-2.05 0.119707
-2.04 0.118968
-2.03 0.11823
-2.02 0.117493
-2.01 0.116757
-2 0.116023
-1.99 0.11529
-1.98 0.114559
-1.97 0.11383
-1.96 0.113104
-1.95 0.11238
-1.94 0.111658
-1.93 0.110939
-1.92 0.110224
-1.91 0.109511
-1.9 0.108802
-1.89 0.108096
-1.88 0.107394
-1.87 0.106696
-1.86 0.106002
-1.85 0.105312
-1.84 0.104626
-1.83 0.103945
-1.82 0.103269
-1.81 0.102598
-1.8 0.101931
-1.79 0.10127
-1.78 0.100613
-1.77 0.0999627
-1.76 0.0993175
-1.75 0.098678
-1.74 0.0980442
-1.73 0.0974164
-1.72 0.0967946
-1.71 0.096179
-1.7 0.0955697
-1.69 0.0949667
-1.68 0.0943702
-1.67 0.0937803
-1.66 0.0931972
-1.65 0.0926207
-1.64 0.0920512
-1.63 0.0914887
-1.62 0.0909331
-1.61 0.0903848
-1.6 0.0898436
-1.59 0.0893097
-1.58 0.0887832
-1.57 0.0882641
-1.56 0.0877524
-1.55 0.0872483
-1.54 0.0867518
-1.53 0.086263
-1.52 0.0857818
-1.51 0.0853084
-1.5 0.0848427
-1.49 0.0843849
-1.48 0.0839349
-1.47 0.0834928
-1.46 0.0830586
-1.45 0.0826323
-1.44 0.082214
-1.43 0.0818036
-1.42 0.0814012
-1.41 0.0810067
-1.4 0.0806203
-1.39 0.0802418
-1.38 0.0798714
-1.37 0.0795089
-1.36 0.0791544
-1.35 0.0788078
-1.34 0.0784692
-1.33 0.0781385
-1.32 0.0778157
-1.31 0.0775009
-1.3 0.0771938
-1.29 0.0768946
-1.28 0.0766032
-1.27 0.0763196
-1.26 0.0760437
-1.25 0.0757754
-1.24 0.0755148
-1.23 0.0752618
-1.22 0.0750163
-1.21 0.0747784
-1.2 0.0745478
-1.19 0.0743246
-1.18 0.0741088
-1.17 0.0739002
-1.16 0.0736987
-1.15 0.0735045
-1.14 0.0733172
-1.13 0.073137
-1.12 0.0729636
-1.11 0.0727971
-1.1 0.0726374
-1.09 0.0724843
-1.08 0.0723378
-1.07 0.0721978
-1.06 0.0720643
-1.05 0.0719371
-1.04 0.0718162
-1.03 0.0717014
-1.02 0.0715927
-1.01 0.0714899
-1 0.0713931
-0.99 0.071302
-0.98 0.0712167
-0.97 0.0711369
-0.96 0.0710626
-0.95 0.0709937
-0.94 0.0709301
-0.93 0.0708717
-0.92 0.0708183
-0.91 0.07077
-0.9 0.0707265
-0.89 0.0706877
-0.88 0.0706537
-0.87 0.0706241
-0.86 0.0705991
-0.85 0.0705783
-0.84 0.0705618
-0.83 0.0705493
-0.82 0.0705409
-0.81 0.0705363
-0.8 0.0705356
-0.79 0.0705385
-0.78 0.0705449
-0.77 0.0705548
-0.76 0.070568
-0.75 0.0705844
-0.74 0.070604
-0.73 0.0706265
-0.72 0.0706519
-0.71 0.0706801
-0.7 0.0707109
-0.69 0.0707443
-0.68 0.0707801
-0.67 0.0708182
-0.66 0.0708585
-0.65 0.070901
-0.64 0.0709454
-0.63 0.0709917
-0.62 0.0710399
-0.61 0.0710896
-0.6 0.071141
-0.59 0.0711938
-0.58 0.0712479
-0.57 0.0713033
-0.56 0.0713599
-0.55 0.0714175
-0.54 0.071476
-0.53 0.0715354
-0.52 0.0715956
-0.51 0.0716564
-0.5 0.0717177
-0.49 0.0717795
-0.48 0.0718417
-0.47 0.0719041
-0.46 0.0719667
-0.45 0.0720294
-0.44 0.0720921
-0.43 0.0721547
-0.42 0.0722171
-0.41 0.0722793
-0.4 0.0723412
-0.39 0.0724026
-0.38 0.0724635
-0.37 0.0725238
-0.36 0.0725835
-0.35 0.0726424
-0.34 0.0727006
-0.33 0.0727578
-0.32 0.0728142
-0.31 0.0728695
-0.3 0.0729237
-0.29 0.0729768
-0.28 0.0730286
-0.27 0.0730793
-0.26 0.0731286
-0.25 0.0731765
-0.24 0.0732229
-0.23 0.0732679
-0.22 0.0733114
-0.21 0.0733532
-0.2 0.0733935
-0.19 0.073432
-0.18 0.0734688
-0.17 0.0735039
-0.16 0.0735372
-0.15 0.0735686
-0.14 0.0735982
-0.13 0.0736259
-0.12 0.0736516
-0.11 0.0736754
-0.1 0.0736972
-0.09 0.073717
-0.08 0.0737348
-0.07 0.0737505
-0.06 0.0737641
-0.05 0.0737757
-0.04 0.0737852
-0.03 0.0737926
-0.02 0.0737979
-0.01 0.0738011
0 0.0738021
0.01 0.0738011
0.02 0.0737979
0.03 0.0737926
0.04 0.0737852
0.05 0.0737757
0.06 0.0737641
0.07 0.0737505
0.08 0.0737348
0.09 0.073717
0.1 0.0736972
0.11 0.0736754
0.12 0.0736516
0.13 0.0736259
0.14 0.0735982
0.15 0.0735686
0.16 0.0735372
0.17 0.0735039
0.18 0.0734688
0.19 0.073432
0.2 0.0733935
0.21 0.0733532
0.22 0.0733114
0.23 0.0732679
0.24 0.0732229
0.25 0.0731765
0.26 0.0731286
0.27 0.0730793
0.28 0.0730286
0.29 0.0729768
0.3 0.0729237
0.31 0.0728695
0.32 0.0728142
0.33 0.0727578
0.34 0.0727006
0.35 0.0726424
0.36 0.0725835
0.37 0.0725238
0.38 0.0724635
0.39 0.0724026
0.4 0.0723412
0.41 0.0722793
0.42 0.0722171
0.43 0.0721547
0.44 0.0720921
0.45 0.0720294
0.46 0.0719667
0.47 0.0719041
0.48 0.0718417
0.49 0.0717795
0.5 0.0717177
0.51 0.0716564
0.52 0.0715956
0.53 0.0715354
0.54 0.071476
0.55 0.0714175
0.56 0.0713599
0.57 0.0713033
0.58 0.0712479
0.59 0.0711938
0.6 0.071141
0.61 0.0710896
0.62 0.0710399
0.63 0.0709917
0.64 0.0709454
0.65 0.070901
0.66 0.0708585
0.67 0.0708182
0.68 0.0707801
0.69 0.0707443
0.7 0.0707109
0.71 0.0706801
0.72 0.0706519
0.73 0.0706265
0.74 0.070604
0.75 0.0705844
0.76 0.070568
0.77 0.0705548
0.78 0.0705449
0.79 0.0705385
0.8 0.0705356
0.81 0.0705363
0.82 0.0705409
0.83 0.0705493
0.84 0.0705618
0.85 0.0705783
0.86 0.0705991
0.87 0.0706241
0.88 0.0706537
0.89 0.0706877
0.9 0.0707265
0.91 0.07077
0.92 0.0708183
0.93 0.0708717
0.94 0.0709301
0.95 0.0709937
0.96 0.0710626
0.97 0.0711369
0.98 0.0712167
0.99 0.071302
1 0.0713931
1.01 0.0714899
1.02 0.0715927
1.03 0.0717014
1.04 0.0718162
1.05 0.0719371
1.06 0.0720643
1.07 0.0721978
1.08 0.0723378
1.09 0.0724843
1.1 0.0726374
1.11 0.0727971
1.12 0.0729636
1.13 0.073137
1.14 0.0733172
1.15 0.0735045
1.16 0.0736987
1.17 0.0739002
1.18 0.0741088
1.19 0.0743246
1.2 0.0745478
1.21 0.0747784
1.22 0.0750163
1.23 0.0752618
1.24 0.0755148
1.25 0.0757754
1.26 0.0760437
1.27 0.0763196
1.28 0.0766032
1.29 0.0768946
1.3 0.0771938
1.31 0.0775009
1.32 0.0778157
1.33 0.0781385
1.34 0.0784692
1.35 0.0788078
1.36 0.0791544
1.37 0.0795089
1.38 0.0798714
1.39 0.0802418
1.4 0.0806203
1.41 0.0810067
1.42 0.0814012
1.43 0.0818036
1.44 0.082214
1.45 0.0826323
1.46 0.0830586
1.47 0.0834928
1.48 0.0839349
1.49 0.0843849
1.5 0.0848427
1.51 0.0853084
1.52 0.0857818
1.53 0.086263
1.54 0.0867518
1.55 0.0872483
1.56 0.0877524
1.57 0.0882641
1.58 0.0887832
1.59 0.0893097
1.6 0.0898436
1.61 0.0903848
1.62 0.0909331
1.63 0.0914887
1.64 0.0920512
1.65 0.0926207
1.66 0.0931972
1.67 0.0937803
1.68 0.0943702
1.69 0.0949667
1.7 0.0955697
1.71 0.096179
1.72 0.0967946
1.73 0.0974164
1.74 0.0980442
1.75 0.098678
1.76 0.0993175
1.77 0.0999627
1.78 0.100613
1.79 0.10127
1.8 0.101931
1.81 0.102598
1.82 0.103269
1.83 0.103945
1.84 0.104626
1.85 0.105312
1.86 0.106002
1.87 0.106696
1.88 0.107394
1.89 0.108096
1.9 0.108802
1.91 0.109511
1.92 0.110224
1.93 0.110939
1.94 0.111658
1.95 0.11238
1.96 0.113104
1.97 0.11383
1.98 0.114559
1.99 0.11529
2 0.116023
2.01 0.116757
2.02 0.117493
2.03 0.11823
2.04 0.118968
2.05 0.119707
2.06 0.120446
2.07 0.121186
2.08 0.121926
2.09 0.122666
2.1 0.123405
2.11 0.124145
2.12 0.124883
2.13 0.125621
2.14 0.126357
2.15 0.127092
2.16 0.127826
2.17 0.128558
2.18 0.129287
2.19 0.130015
2.2 0.130739
2.21 0.131461
2.22 0.132181
2.23 0.132897
2.24 0.133609
2.25 0.134318
2.26 0.135023
2.27 0.135724
2.28 0.13642
2.29 0.137112
2.3 0.137799
2.31 0.138481
2.32 0.139157
2.33 0.139829
2.34 0.140494
2.35 0.141153
2.36 0.141806
2.37 0.142453
2.38 0.143093
2.39 0.143726
2.4 0.144353
2.41 0.144971
2.42 0.145582
2.43 0.146186
2.44 0.146781
2.45 0.147368
2.46 0.147947
2.47 0.148517
2.48 0.149078
2.49 0.149631
2.5 0.150174
2.51 0.150707
2.52 0.151231
2.53 0.151745
2.54 0.152248
2.55 0.152742
2.56 0.153225
2.57 0.153698
2.58 0.154159
2.59 0.15461
2.6 0.155049
2.61 0.155477
2.62 0.155894
2.63 0.156299
2.64 0.156691
2.65 0.157072
2.66 0.157441
2.67 0.157797
2.68 0.158141
2.69 0.158472
2.7 0.158791
2.71 0.159096
2.72 0.159389
2.73 0.159668
2.74 0.159934
2.75 0.160186
2.76 0.160425
2.77 0.16065
2.78 0.160862
2.79 0.161059
2.8 0.161243
2.81 0.161412
2.82 0.161568
2.83 0.161709
2.84 0.161835
2.85 0.161947
2.86 0.162045
2.87 0.162128
2.88 0.162197
2.89 0.162251
2.9 0.16229
2.91 0.162314
2.92 0.162323
2.93 0.162318
2.94 0.162298
2.95 0.162262
2.96 0.162212
2.97 0.162147
2.98 0.162067
2.99 0.161971
3 0.161861
3.01 0.161736
3.02 0.161596
3.03 0.161441
3.04 0.16127
3.05 0.161085
3.06 0.160885
3.07 0.16067
3.08 0.16044
3.09 0.160196
3.1 0.159936
3.11 0.159662
3.12 0.159373
3.13 0.15907
3.14 0.158752
3.15 0.158419
3.16 0.158073
3.17 0.157711
3.18 0.157336
3.19 0.156946
3.2 0.156543
3.21 0.156125
3.22 0.155693
3.23 0.155248
3.24 0.154789
3.25 0.154317
3.26 0.153831
3.27 0.153332
3.28 0.152819
3.29 0.152294
3.3 0.151755
3.31 0.151204
3.32 0.15064
3.33 0.150064
3.34 0.149475
3.35 0.148874
3.36 0.148262
3.37 0.147637
3.38 0.147
3.39 0.146352
3.4 0.145692
3.41 0.145022
3.42 0.14434
3.43 0.143647
3.44 0.142944
3.45 0.14223
3.46 0.141506
3.47 0.140771
3.48 0.140027
3.49 0.139273
3.5 0.138509
3.51 0.137736
3.52 0.136953
3.53 0.136162
3.54 0.135362
3.55 0.134553
3.56 0.133736
3.57 0.132911
3.58 0.132077
3.59 0.131236
3.6 0.130388
3.61 0.129532
3.62 0.128669
3.63 0.127799
3.64 0.126922
3.65 0.126039
3.66 0.12515
3.67 0.124254
3.68 0.123353
3.69 0.122446
3.7 0.121533
3.71 0.120616
3.72 0.119693
3.73 0.118766
3.74 0.117834
3.75 0.116898
3.76 0.115957
3.77 0.115013
3.78 0.114065
3.79 0.113114
3.8 0.112159
3.81 0.111201
3.82 0.110241
3.83 0.109278
3.84 0.108312
3.85 0.107344
3.86 0.106375
3.87 0.105403
3.88 0.10443
3.89 0.103456
3.9 0.10248
3.91 0.101504
3.92 0.100526
3.93 0.0995485
3.94 0.0985704
3.95 0.097592
3.96 0.0966137
3.97 0.0956357
3.98 0.094658
3.99 0.093681
4 0.0927047
4.01 0.0917295
4.02 0.0907554
4.03 0.0897826
4.04 0.0888114
4.05 0.0878418
4.06 0.0868742
4.07 0.0859085
4.08 0.0849451
4.09 0.0839841
4.1 0.0830256
4.11 0.0820698
4.12 0.0811168
4.13 0.0801669
4.14 0.0792201
4.15 0.0782767
4.16 0.0773367
4.17 0.0764004
4.18 0.0754677
4.19 0.074539
4.2 0.0736144
4.21 0.0726938
4.22 0.0717776
4.23 0.0708658
4.24 0.0699586
4.25 0.069056
4.26 0.0681582
4.27 0.0672653
4.28 0.0663775
4.29 0.0654948
4.3 0.0646173
4.31 0.0637451
4.32 0.0628784
4.33 0.0620173
4.34 0.0611617
4.35 0.060312
4.36 0.059468
4.37 0.0586299
4.38 0.0577979
4.39 0.0569719
4.4 0.056152
4.41 0.0553384
4.42 0.0545311
4.43 0.0537301
4.44 0.0529356
4.45 0.0521476
4.46 0.0513661
4.47 0.0505913
4.48 0.0498231
4.49 0.0490616
4.5 0.048307
4.51 0.0475591
4.52 0.0468181
4.53 0.046084
4.54 0.0453568
4.55 0.0446366
4.56 0.0439234
4.57 0.0432173
4.58 0.0425182
4.59 0.0418262
4.6 0.0411413
4.61 0.0404636
4.62 0.039793
4.63 0.0391296
4.64 0.0384734
4.65 0.0378243
4.66 0.0371825
4.67 0.0365479
4.68 0.0359204
4.69 0.0353002
4.7 0.0346872
4.71 0.0340814
4.72 0.0334828
4.73 0.0328914
4.74 0.0323072
4.75 0.0317302
4.76 0.0311603
4.77 0.0305976
4.78 0.030042
4.79 0.0294935
4.8 0.0289521
4.81 0.0284178
4.82 0.0278905
4.83 0.0273703
4.84 0.0268571
4.85 0.0263508
4.86 0.0258514
4.87 0.025359
4.88 0.0248734
4.89 0.0243947
4.9 0.0239227
4.91 0.0234575
4.92 0.0229991
4.93 0.0225473
4.94 0.0221022
4.95 0.0216637
4.96 0.0212317
4.97 0.0208063
4.98 0.0203873
4.99 0.0199747
5 0.0195685
5.01 0.0191687
5.02 0.0187751
5.03 0.0183877
5.04 0.0180065
5.05 0.0176315
5.06 0.0172625
5.07 0.0168995
5.08 0.0165425
5.09 0.0161914
5.1 0.0158461
5.11 0.0155066
5.12 0.0151729
5.13 0.0148449
5.14 0.0145225
5.15 0.0142056
5.16 0.0138943
5.17 0.0135884
5.18 0.0132879
5.19 0.0129928
5.2 0.0127029
5.21 0.0124182
5.22 0.0121387
5.23 0.0118643
5.24 0.0115949
5.25 0.0113305
5.26 0.011071
5.27 0.0108163
5.28 0.0105664
5.29 0.0103213
5.3 0.0100808
5.31 0.00984499
5.32 0.00961368
5.33 0.00938686
5.34 0.00916447
5.35 0.00894644
5.36 0.00873271
5.37 0.00852323
5.38 0.00831794
5.39 0.00811677
5.4 0.00791966
5.41 0.00772656
5.42 0.00753741
5.43 0.00735215
5.44 0.00717071
5.45 0.00699305
5.46 0.0068191
5.47 0.00664881
5.48 0.00648211
5.49 0.00631896
5.5 0.00615928
5.51 0.00600304
5.52 0.00585017
5.53 0.00570062
5.54 0.00555433
5.55 0.00541125
5.56 0.00527132
5.57 0.00513449
5.58 0.0050007
5.59 0.00486991
5.6 0.00474207
5.61 0.00461711
5.62 0.00449499
5.63 0.00437566
5.64 0.00425907
5.65 0.00414516
5.66 0.00403389
5.67 0.00392522
5.68 0.00381908
5.69 0.00371544
5.7 0.00361425
5.71 0.00351546
5.72 0.00341902
5.73 0.0033249
5.74 0.00323303
5.75 0.00314339
5.76 0.00305593
5.77 0.0029706
5.78 0.00288736
5.79 0.00280617
5.8 0.00272698
5.81 0.00264977
5.82 0.00257448
5.83 0.00250107
5.84 0.00242951
5.85 0.00235977
5.86 0.00229179
5.87 0.00222555
5.88 0.002161
5.89 0.00209811
5.9 0.00203685
5.91 0.00197718
5.92 0.00191906
5.93 0.00186246
5.94 0.00180735
5.95 0.00175369
5.96 0.00170145
5.97 0.0016506
5.98 0.00160111
5.99 0.00155295
