-6 3.30738e-05
-5.99 3.44815e-05
-5.98 3.59455e-05
-5.97 3.74678e-05
-5.96 3.90507e-05
-5.95 4.06964e-05
-5.94 4.24072e-05
-5.93 4.41854e-05
-5.92 4.60336e-05
-5.91 4.79542e-05
-5.9 4.99499e-05
-5.89 5.20234e-05
-5.88 5.41776e-05
-5.87 5.64153e-05
-5.86 5.87394e-05
-5.85 6.11532e-05
-5.84 6.36597e-05
-5.83 6.62623e-05
-5.82 6.89644e-05
-5.81 7.17694e-05
-5.8 7.4681e-05
-5.79 7.77028e-05
-5.78 8.08388e-05
-5.77 8.40929e-05
-5.76 8.74692e-05
-5.75 9.09718e-05
-5.74 9.46052e-05
-5.73 9.83738e-05
-5.72 0.000102282
-5.71 0.000106335
-5.7 0.000110538
-5.69 0.000114895
-5.68 0.000119411
-5.67 0.000124093
-5.66 0.000128945
-5.65 0.000133974
-5.64 0.000139184
-5.63 0.000144583
-5.62 0.000150176
-5.61 0.000155969
-5.6 0.00016197
-5.59 0.000168185
-5.58 0.00017462
-5.57 0.000181284
-5.56 0.000188183
-5.55 0.000195324
-5.54 0.000202717
-5.53 0.000210368
-5.52 0.000218285
-5.51 0.000226478
-5.5 0.000234955
-5.49 0.000243724
-5.48 0.000252795
-5.47 0.000262178
-5.46 0.000271881
-5.45 0.000281915
-5.44 0.00029229
-5.43 0.000303016
-5.42 0.000314104
-5.41 0.000325565
-5.4 0.000337411
-5.39 0.000349652
-5.38 0.0003623
-5.37 0.000375369
-5.36 0.000388869
-5.35 0.000402815
-5.34 0.000417218
-5.33 0.000432093
-5.32 0.000447454
-5.31 0.000463313
-5.3 0.000479687
-5.29 0.000496589
-5.28 0.000514035
-5.27 0.00053204
-5.26 0.000550621
-5.25 0.000569792
-5.24 0.000589572
-5.23 0.000609978
-5.22 0.000631026
-5.21 0.000652734
-5.2 0.000675121
-5.19 0.000698206
-5.18 0.000722007
-5.17 0.000746544
-5.16 0.000771838
-5.15 0.000797908
-5.14 0.000824776
-5.13 0.000852462
-5.12 0.000880989
-5.11 0.000910379
-5.1 0.000940655
-5.09 0.00097184
-5.08 0.00100396
-5.07 0.00103703
-5.06 0.00107109
-5.05 0.00110615
-5.04 0.00114225
-5.03 0.0011794
-5.02 0.00121764
-5.01 0.00125699
-5 0.00129749
-4.99 0.00133915
-4.98 0.00138202
-4.97 0.00142611
-4.96 0.00147146
-4.95 0.0015181
-4.94 0.00156606
-4.93 0.00161537
-4.92 0.00166607
-4.91 0.00171818
-4.9 0.00177175
-4.89 0.0018268
-4.88 0.00188337
-4.87 0.0019415
-4.86 0.00200123
-4.85 0.00206258
-4.84 0.0021256
-4.83 0.00219032
-4.82 0.00225679
-4.81 0.00232503
-4.8 0.00239511
-4.79 0.00246704
-4.78 0.00254088
-4.77 0.00261667
-4.76 0.00269444
-4.75 0.00277425
-4.74 0.00285613
-4.73 0.00294014
-4.72 0.00302631
-4.71 0.00311469
-4.7 0.00320533
-4.69 0.00329827
-4.68 0.00339357
-4.67 0.00349127
-4.66 0.00359142
-4.65 0.00369407
-4.64 0.00379928
-4.63 0.00390708
-4.62 0.00401754
-4.61 0.00413071
-4.6 0.00424664
-4.59 0.00436538
-4.58 0.00448698
-4.57 0.00461151
-4.56 0.00473902
-4.55 0.00486957
-4.54 0.00500321
-4.53 0.00513999
-4.52 0.00527999
-4.51 0.00542325
-4.5 0.00556983
-4.49 0.00571981
-4.48 0.00587323
-4.47 0.00603015
-4.46 0.00619065
-4.45 0.00635478
-4.44 0.0065226
-4.43 0.00669418
-4.42 0.00686958
-4.41 0.00704886
-4.4 0.0072321
-4.39 0.00741935
-4.38 0.00761069
-4.37 0.00780617
-4.36 0.00800586
-4.35 0.00820984
-4.34 0.00841817
-4.33 0.00863091
-4.32 0.00884814
-4.31 0.00906992
-4.3 0.00929633
-4.29 0.00952742
-4.28 0.00976328
-4.27 0.010004
-4.26 0.0102496
-4.25 0.0105001
-4.24 0.0107557
-4.23 0.0110164
-4.22 0.0112823
-4.21 0.0115535
-4.2 0.01183
-4.19 0.0121118
-4.18 0.0123992
-4.17 0.0126921
-4.16 0.0129905
-4.15 0.0132947
-4.14 0.0136046
-4.13 0.0139204
-4.12 0.014242
-4.11 0.0145696
-4.1 0.0149032
-4.09 0.015243
-4.08 0.0155889
-4.07 0.015941
-4.06 0.0162995
-4.05 0.0166643
-4.04 0.0170356
-4.03 0.0174135
-4.02 0.0177979
-4.01 0.0181889
-4 0.0185867
-3.99 0.0189913
-3.98 0.0194027
-3.97 0.019821
-3.96 0.0202463
-3.95 0.0206787
-3.94 0.0211181
-3.93 0.0215648
-3.92 0.0220186
-3.91 0.0224798
-3.9 0.0229483
-3.89 0.0234241
-3.88 0.0239075
-3.87 0.0243984
-3.86 0.0248968
-3.85 0.0254029
-3.84 0.0259166
-3.83 0.0264381
-3.82 0.0269673
-3.81 0.0275044
-3.8 0.0280493
-3.79 0.0286022
-3.78 0.029163
-3.77 0.0297318
-3.76 0.0303087
-3.75 0.0308936
-3.74 0.0314867
-3.73 0.0320879
-3.72 0.0326973
-3.71 0.0333149
-3.7 0.0339407
-3.69 0.0345749
-3.68 0.0352173
-3.67 0.0358681
-3.66 0.0365272
-3.65 0.0371946
-3.64 0.0378705
-3.63 0.0385547
-3.62 0.0392474
-3.61 0.0399485
-3.6 0.040658
-3.59 0.041376
-3.58 0.0421023
-3.57 0.0428372
-3.56 0.0435804
-3.55 0.0443321
-3.54 0.0450923
-3.53 0.0458608
-3.52 0.0466377
-3.51 0.0474231
-3.5 0.0482168
-3.49 0.0490188
-3.48 0.0498292
-3.47 0.0506479
-3.46 0.0514748
-3.45 0.05231
-3.44 0.0531533
-3.43 0.0540049
-3.42 0.0548645
-3.41 0.0557323
-3.4 0.056608
-3.39 0.0574917
-3.38 0.0583834
-3.37 0.0592829
-3.36 0.0601902
-3.35 0.0611053
-3.34 0.062028
-3.33 0.0629583
-3.32 0.0638962
-3.31 0.0648414
-3.3 0.0657941
-3.29 0.066754
-3.28 0.0677212
-3.27 0.0686954
-3.26 0.0696766
-3.25 0.0706648
-3.24 0.0716597
-3.23 0.0726614
-3.22 0.0736696
-3.21 0.0746843
-3.2 0.0757054
-3.19 0.0767327
-3.18 0.0777662
-3.17 0.0788056
-3.16 0.079851
-3.15 0.080902
-3.14 0.0819586
-3.13 0.0830207
-3.12 0.0840881
-3.11 0.0851607
-3.1 0.0862383
-3.09 0.0873208
-3.08 0.0884079
-3.07 0.0894996
-3.06 0.0905957
-3.05 0.091696
-3.04 0.0928004
-3.03 0.0939086
-3.02 0.0950205
-3.01 0.0961359
-3 0.0972547
-2.99 0.0983765
-2.98 0.0995014
-2.97 0.100629
-2.96 0.101759
-2.95 0.102892
-2.94 0.104026
-2.93 0.105163
-2.92 0.106302
-2.91 0.107442
-2.9 0.108583
-2.89 0.109725
-2.88 0.110869
-2.87 0.112013
-2.86 0.113157
-2.85 0.114302
-2.84 0.115447
-2.83 0.116592
-2.82 0.117736
-2.81 0.118879
-2.8 0.120022
-2.79 0.121163
-2.78 0.122303
-2.77 0.123442
-2.76 0.124578
-2.75 0.125713
-2.74 0.126845
-2.73 0.127975
-2.72 0.129101
-2.71 0.130225
-2.7 0.131345
-2.69 0.132462
-2.68 0.133575
-2.67 0.134684
-2.66 0.135788
-2.65 0.136888
-2.64 0.137983
-2.63 0.139073
-2.62 0.140158
-2.61 0.141237
-2.6 0.14231
-2.59 0.143377
-2.58 0.144438
-2.57 0.145492
-2.56 0.146539
-2.55 0.147579
-2.54 0.148612
-2.53 0.149637
-2.52 0.150654
-2.51 0.151663
-2.5 0.152664
-2.49 0.153656
-2.48 0.15464
-2.47 0.155614
-2.46 0.156579
-2.45 0.157534
-2.44 0.158479
-2.43 0.159415
-2.42 0.16034
-2.41 0.161254
-2.4 0.162158
-2.39 0.163051
-2.38 0.163933
-2.37 0.164803
-2.36 0.165661
-2.35 0.166508
-2.34 0.167343
-2.33 0.168165
-2.32 0.168975
-2.31 0.169772
-2.3 0.170556
-2.29 0.171327
-2.28 0.172084
-2.27 0.172829
-2.26 0.173559
-2.25 0.174276
-2.24 0.174978
-2.23 0.175667
-2.22 0.176341
-2.21 0.177
-2.2 0.177645
-2.19 0.178274
-2.18 0.178889
-2.17 0.179489
-2.16 0.180073
-2.15 0.180641
-2.14 0.181194
-2.13 0.181732
-2.12 0.182253
-2.11 0.182758
-2.1 0.183248
-2.09 0.183721
-2.08 0.184177
-2.07 0.184618
-2.06 0.185041
-2.05 0.185449
-2.04 0.185839
-2.03 0.186213
-2.02 0.186569
-2.01 0.186909
-2 0.187232
-1.99 0.187538
-1.98 0.187827
-1.97 0.188098
-1.96 0.188353
-1.95 0.18859
-1.94 0.18881
-1.93 0.189013
-1.92 0.189198
-1.91 0.189366
-1.9 0.189517
-1.89 0.189651
-1.88 0.189767
-1.87 0.189866
-1.86 0.189948
-1.85 0.190013
-1.84 0.19006
-1.83 0.19009
-1.82 0.190103
-1.81 0.190099
-1.8 0.190079
-1.79 0.190041
-1.78 0.189986
-1.77 0.189914
-1.76 0.189826
-1.75 0.189721
-1.74 0.1896
-1.73 0.189462
-1.72 0.189307
-1.71 0.189137
-1.7 0.18895
-1.69 0.188747
-1.68 0.188529
-1.67 0.188294
-1.66 0.188044
-1.65 0.187778
-1.64 0.187498
-1.63 0.187201
-1.62 0.18689
-1.61 0.186564
-1.6 0.186223
-1.59 0.185868
-1.58 0.185498
-1.57 0.185114
-1.56 0.184715
-1.55 0.184303
-1.54 0.183878
-1.53 0.183438
-1.52 0.182986
-1.51 0.18252
-1.5 0.182042
-1.49 0.181551
-1.48 0.181047
-1.47 0.180531
-1.46 0.180004
-1.45 0.179464
-1.44 0.178913
-1.43 0.17835
-1.42 0.177776
-1.41 0.177192
-1.4 0.176597
-1.39 0.175991
-1.38 0.175375
-1.37 0.17475
-1.36 0.174114
-1.35 0.17347
-1.34 0.172816
-1.33 0.172153
-1.32 0.171482
-1.31 0.170802
-1.3 0.170114
-1.29 0.169418
-1.28 0.168714
-1.27 0.168004
-1.26 0.167286
-1.25 0.166561
-1.24 0.16583
-1.23 0.165092
-1.22 0.164349
-1.21 0.1636
-1.2 0.162845
-1.19 0.162085
-1.18 0.16132
-1.17 0.16055
-1.16 0.159776
-1.15 0.158998
-1.14 0.158216
-1.13 0.157431
-1.12 0.156642
-1.11 0.15585
-1.1 0.155055
-1.09 0.154258
-1.08 0.153458
-1.07 0.152657
-1.06 0.151854
-1.05 0.151049
-1.04 0.150243
-1.03 0.149436
-1.02 0.148628
-1.01 0.14782
-1 0.147012
-0.99 0.146204
-0.98 0.145396
-0.97 0.144589
-0.96 0.143782
-0.95 0.142977
-0.94 0.142173
-0.93 0.14137
-0.92 0.140569
-0.91 0.13977
-0.9 0.138974
-0.89 0.13818
-0.88 0.137388
-0.87 0.1366
-0.86 0.135814
-0.85 0.135032
-0.84 0.134254
-0.83 0.133479
-0.82 0.132708
-0.81 0.131942
-0.8 0.13118
-0.79 0.130423
-0.78 0.12967
-0.77 0.128923
-0.76 0.12818
-0.75 0.127443
-0.74 0.126712
-0.73 0.125986
-0.72 0.125267
-0.71 0.124553
-0.7 0.123846
-0.69 0.123145
-0.68 0.122451
-0.67 0.121764
-0.66 0.121084
-0.65 0.120411
-0.64 0.119745
-0.63 0.119087
-0.62 0.118436
-0.61 0.117793
-0.6 0.117158
-0.59 0.11653
-0.58 0.115911
-0.57 0.115301
-0.56 0.114698
-0.55 0.114105
-0.54 0.11352
-0.53 0.112943
-0.52 0.112376
-0.51 0.111818
-0.5 0.111268
-0.49 0.110729
-0.48 0.110198
-0.47 0.109677
-0.46 0.109165
-0.45 0.108663
-0.44 0.108171
-0.43 0.107689
-0.42 0.107217
-0.41 0.106754
-0.4 0.106302
-0.39 0.10586
-0.38 0.105428
-0.37 0.105007
-0.36 0.104596
-0.35 0.104195
-0.34 0.103805
-0.33 0.103426
-0.32 0.103057
-0.31 0.102699
-0.3 0.102352
-0.29 0.102015
-0.28 0.10169
-0.27 0.101376
-0.26 0.101072
-0.25 0.10078
-0.24 0.100499
-0.23 0.100229
-0.22 0.0999697
-0.21 0.099722
-0.2 0.0994856
-0.19 0.0992606
-0.18 0.0990468
-0.17 0.0988445
-0.16 0.0986536
-0.15 0.0984741
-0.14 0.098306
-0.13 0.0981494
-0.12 0.0980044
-0.11 0.0978709
-0.1 0.0977489
-0.09 0.0976385
-0.08 0.0975396
-0.07 0.0974524
-0.06 0.0973768
-0.05 0.0973127
-0.04 0.0972604
-0.03 0.0972196
-0.02 0.0971905
-0.01 0.097173
0 0.0971672
0.01 0.097173
0.02 0.0971905
0.03 0.0972196
0.04 0.0972604
0.05 0.0973127
0.06 0.0973768
0.07 0.0974524
0.08 0.0975396
0.09 0.0976385
0.1 0.0977489
0.11 0.0978709
0.12 0.0980044
0.13 0.0981494
0.14 0.098306
0.15 0.0984741
0.16 0.0986536
0.17 0.0988445
0.18 0.0990468
0.19 0.0992606
0.2 0.0994856
0.21 0.099722
0.22 0.0999697
0.23 0.100229
0.24 0.100499
0.25 0.10078
0.26 0.101072
0.27 0.101376
0.28 0.10169
0.29 0.102015
0.3 0.102352
0.31 0.102699
0.32 0.103057
0.33 0.103426
0.34 0.103805
0.35 0.104195
0.36 0.104596
0.37 0.105007
0.38 0.105428
0.39 0.10586
0.4 0.106302
0.41 0.106754
0.42 0.107217
0.43 0.107689
0.44 0.108171
0.45 0.108663
0.46 0.109165
0.47 0.109677
0.48 0.110198
0.49 0.110729
0.5 0.111268
0.51 0.111818
0.52 0.112376
0.53 0.112943
0.54 0.11352
0.55 0.114105
0.56 0.114698
0.57 0.115301
0.58 0.115911
0.59 0.11653
0.6 0.117158
0.61 0.117793
0.62 0.118436
0.63 0.119087
0.64 0.119745
0.65 0.120411
0.66 0.121084
0.67 0.121764
0.68 0.122451
0.69 0.123145
0.7 0.123846
0.71 0.124553
0.72 0.125267
0.73 0.125986
0.74 0.126712
0.75 0.127443
0.76 0.12818
0.77 0.128923
0.78 0.12967
0.79 0.130423
0.8 0.13118
0.81 0.131942
0.82 0.132708
0.83 0.133479
0.84 0.134254
0.85 0.135032
0.86 0.135814
0.87 0.1366
0.88 0.137388
0.89 0.13818
0.9 0.138974
0.91 0.13977
0.92 0.140569
0.93 0.14137
0.94 0.142173
0.95 0.142977
0.96 0.143782
0.97 0.144589
0.98 0.145396
0.99 0.146204
1 0.147012
1.01 0.14782
1.02 0.148628
1.03 0.149436
1.04 0.150243
1.05 0.151049
1.06 0.151854
1.07 0.152657
1.08 0.153458
1.09 0.154258
1.1 0.155055
1.11 0.15585
1.12 0.156642
1.13 0.157431
1.14 0.158216
1.15 0.158998
1.16 0.159776
1.17 0.16055
1.18 0.16132
1.19 0.162085
1.2 0.162845
1.21 0.1636
1.22 0.164349
1.23 0.165092
1.24 0.16583
1.25 0.166561
1.26 0.167286
1.27 0.168004
1.28 0.168714
1.29 0.169418
1.3 0.170114
1.31 0.170802
1.32 0.171482
1.33 0.172153
1.34 0.172816
1.35 0.17347
1.36 0.174114
1.37 0.17475
1.38 0.175375
1.39 0.175991
1.4 0.176597
1.41 0.177192
1.42 0.177776
1.43 0.17835
1.44 0.178913
1.45 0.179464
1.46 0.180004
1.47 0.180531
1.48 0.181047
1.49 0.181551
1.5 0.182042
1.51 0.18252
1.52 0.182986
1.53 0.183438
1.54 0.183878
1.55 0.184303
1.56 0.184715
1.57 0.185114
1.58 0.185498
1.59 0.185868
1.6 0.186223
1.61 0.186564
1.62 0.18689
1.63 0.187201
1.64 0.187498
1.65 0.187778
1.66 0.188044
1.67 0.188294
1.68 0.188529
1.69 0.188747
1.7 0.18895
1.71 0.189137
1.72 0.189307
1.73 0.189462
1.74 0.1896
1.75 0.189721
1.76 0.189826
1.77 0.189914
1.78 0.189986
1.79 0.190041
1.8 0.190079
1.81 0.190099
1.82 0.190103
1.83 0.19009
1.84 0.19006
1.85 0.190013
1.86 0.189948
1.87 0.189866
1.88 0.189767
1.89 0.189651
1.9 0.189517
1.91 0.189366
1.92 0.189198
1.93 0.189013
1.94 0.18881
1.95 0.18859
1.96 0.188353
1.97 0.188098
1.98 0.187827
1.99 0.187538
2 0.187232
2.01 0.186909
2.02 0.186569
2.03 0.186213
2.04 0.185839
2.05 0.185449
2.06 0.185041
2.07 0.184618
2.08 0.184177
2.09 0.183721
2.1 0.183248
2.11 0.182758
2.12 0.182253
2.13 0.181732
2.14 0.181194
2.15 0.180641
2.16 0.180073
2.17 0.179489
2.18 0.178889
2.19 0.178274
2.2 0.177645
2.21 0.177
2.22 0.176341
2.23 0.175667
2.24 0.174978
2.25 0.174276
2.26 0.173559
2.27 0.172829
2.28 0.172084
2.29 0.171327
2.3 0.170556
2.31 0.169772
2.32 0.168975
2.33 0.168165
2.34 0.167343
2.35 0.166508
2.36 0.165661
2.37 0.164803
2.38 0.163933
2.39 0.163051
2.4 0.162158
2.41 0.161254
2.42 0.16034
2.43 0.159415
2.44 0.158479
2.45 0.157534
2.46 0.156579
2.47 0.155614
2.48 0.15464
2.49 0.153656
2.5 0.152664
2.51 0.151663
2.52 0.150654
2.53 0.149637
2.54 0.148612
2.55 0.147579
2.56 0.146539
2.57 0.145492
2.58 0.144438
2.59 0.143377
2.6 0.14231
2.61 0.141237
2.62 0.140158
2.63 0.139073
2.64 0.137983
2.65 0.136888
2.66 0.135788
2.67 0.134684
2.68 0.133575
2.69 0.132462
2.7 0.131345
2.71 0.130225
2.72 0.129101
2.73 0.127975
2.74 0.126845
2.75 0.125713
2.76 0.124578
2.77 0.123442
2.78 0.122303
2.79 0.121163
2.8 0.120022
2.81 0.118879
2.82 0.117736
2.83 0.116592
2.84 0.115447
2.85 0.114302
2.86 0.113157
2.87 0.112013
2.88 0.110869
2.89 0.109725
2.9 0.108583
2.91 0.107442
2.92 0.106302
2.93 0.105163
2.94 0.104026
2.95 0.102892
2.96 0.101759
2.97 0.100629
2.98 0.0995014
2.99 0.0983765
3 0.0972547
3.01 0.0961359
3.02 0.0950205
3.03 0.0939086
3.04 0.0928004
3.05 0.091696
3.06 0.0905957
3.07 0.0894996
3.08 0.0884079
3.09 0.0873208
3.1 0.0862383
3.11 0.0851607
3.12 0.0840881
3.13 0.0830207
3.14 0.0819586
3.15 0.080902
3.16 0.079851
3.17 0.0788056
3.18 0.0777662
3.19 0.0767327
3.2 0.0757054
3.21 0.0746843
3.22 0.0736696
3.23 0.0726614
3.24 0.0716597
3.25 0.0706648
3.26 0.0696766
3.27 0.0686954
3.28 0.0677212
3.29 0.066754
3.3 0.0657941
3.31 0.0648414
3.32 0.0638962
3.33 0.0629583
3.34 0.062028
3.35 0.0611053
3.36 0.0601902
3.37 0.0592829
3.38 0.0583834
3.39 0.0574917
3.4 0.056608
3.41 0.0557323
3.42 0.0548645
3.43 0.0540049
3.44 0.0531533
3.45 0.05231
3.46 0.0514748
3.47 0.0506479
3.48 0.0498292
3.49 0.0490188
3.5 0.0482168
3.51 0.0474231
3.52 0.0466377
3.53 0.0458608
3.54 0.0450923
3.55 0.0443321
3.56 0.0435804
3.57 0.0428372
3.58 0.0421023
3.59 0.041376
3.6 0.040658
3.61 0.0399485
3.62 0.0392474
3.63 0.0385547
3.64 0.0378705
3.65 0.0371946
3.66 0.0365272
3.67 0.0358681
3.68 0.0352173
3.69 0.0345749
3.7 0.0339407
3.71 0.0333149
3.72 0.0326973
3.73 0.0320879
3.74 0.0314867
3.75 0.0308936
3.76 0.0303087
3.77 0.0297318
3.78 0.029163
3.79 0.0286022
3.8 0.0280493
3.81 0.0275044
3.82 0.0269673
3.83 0.0264381
3.84 0.0259166
3.85 0.0254029
3.86 0.0248968
3.87 0.0243984
3.88 0.0239075
3.89 0.0234241
3.9 0.0229483
3.91 0.0224798
3.92 0.0220186
3.93 0.0215648
3.94 0.0211181
3.95 0.0206787
3.96 0.0202463
3.97 0.019821
3.98 0.0194027
3.99 0.0189913
4 0.0185867
4.01 0.0181889
4.02 0.0177979
4.03 0.0174135
4.04 0.0170356
4.05 0.0166643
4.06 0.0162995
4.07 0.015941
4.08 0.0155889
4.09 0.015243
4.1 0.0149032
4.11 0.0145696
4.12 0.014242
4.13 0.0139204
4.14 0.0136046
4.15 0.0132947
4.16 0.0129905
4.17 0.0126921
4.18 0.0123992
4.19 0.0121118
4.2 0.01183
4.21 0.0115535
4.22 0.0112823
4.23 0.0110164
4.24 0.0107557
4.25 0.0105001
4.26 0.0102496
4.27 0.010004
4.28 0.00976328
4.29 0.00952742
4.3 0.00929633
4.31 0.00906992
4.32 0.00884814
4.33 0.00863091
4.34 0.00841817
4.35 0.00820984
4.36 0.00800586
4.37 0.00780617
4.38 0.00761069
4.39 0.00741935
4.4 0.0072321
4.41 0.00704886
4.42 0.00686958
4.43 0.00669418
4.44 0.0065226
4.45 0.00635478
4.46 0.00619065
4.47 0.00603015
4.48 0.00587323
4.49 0.00571981
4.5 0.00556983
4.51 0.00542325
4.52 0.00527999
4.53 0.00513999
4.54 0.00500321
4.55 0.00486957
4.56 0.00473902
4.57 0.00461151
4.58 0.00448698
4.59 0.00436538
4.6 0.00424664
4.61 0.00413071
4.62 0.00401754
4.63 0.00390708
4.64 0.00379928
4.65 0.00369407
4.66 0.00359142
4.67 0.00349127
4.68 0.00339357
4.69 0.00329827
4.7 0.00320533
4.71 0.00311469
4.72 0.00302631
4.73 0.00294014
4.74 0.00285613
4.75 0.00277425
4.76 0.00269444
4.77 0.00261667
4.78 0.00254088
4.79 0.00246704
4.8 0.00239511
4.81 0.00232503
4.82 0.00225679
4.83 0.00219032
4.84 0.0021256
4.85 0.00206258
4.86 0.00200123
4.87 0.0019415
4.88 0.00188337
4.89 0.0018268
4.9 0.00177175
4.91 0.00171818
4.92 0.00166607
4.93 0.00161537
4.94 0.00156606
4.95 0.0015181
4.96 0.00147146
4.97 0.00142611
4.98 0.00138202
4.99 0.00133915
5 0.00129749
5.01 0.00125699
5.02 0.00121764
5.03 0.0011794
5.04 0.00114225
5.05 0.00110615
5.06 0.00107109
5.07 0.00103703
5.08 0.00100396
5.09 0.00097184
5.1 0.000940655
5.11 0.000910379
5.12 0.000880989
5.13 0.000852462
5.14 0.000824776
5.15 0.000797908
5.16 0.000771838
5.17 0.000746544
5.18 0.000722007
5.19 0.000698206
5.2 0.000675121
5.21 0.000652734
5.22 0.000631026
5.23 0.000609978
5.24 0.000589572
5.25 0.000569792
5.26 0.000550621
5.27 0.00053204
5.28 0.000514035
5.29 0.000496589
5.3 0.000479687
5.31 0.000463313
5.32 0.000447454
5.33 0.000432093
5.34 0.000417218
5.35 0.000402815
5.36 0.000388869
5.37 0.000375369
5.38 0.0003623
5.39 0.000349652
5.4 0.000337411
5.41 0.000325565
5.42 0.000314104
5.43 0.000303016
5.44 0.00029229
5.45 0.000281915
5.46 0.000271881
5.47 0.000262178
5.48 0.000252795
5.49 0.000243724
5.5 0.000234955
5.51 0.000226478
5.52 0.000218285
5.53 0.000210368
5.54 0.000202717
5.55 0.000195324
5.56 0.000188183
5.57 0.000181284
5.58 0.00017462
5.59 0.000168185
5.6 0.00016197
5.61 0.000155969
5.62 0.000150176
5.63 0.000144583
5.64 0.000139184
5.65 0.000133974
5.66 0.000128945
5.67 0.000124093
5.68 0.000119411
5.69 0.000114895
5.7 0.000110538
5.71 0.000106335
5.72 0.000102282
5.73 9.83738e-05
5.74 9.46052e-05
5.75 9.09718e-05
5.76 8.74692e-05
5.77 8.40929e-05
5.78 8.08388e-05
5.79 7.77028e-05
5.8 7.4681e-05
5.81 7.17694e-05
5.82 6.89644e-05
5.83 6.62623e-05
5.84 6.36597e-05
5.85 6.11532e-05
5.86 5.87394e-05
5.87 5.64153e-05
5.88 5.41776e-05
5.89 5.20234e-05
5.9 4.99499e-05
5.91 4.79542e-05
5.92 4.60336e-05
5.93 4.41854e-05
5.94 4.24072e-05
5.95 4.06964e-05
5.96 3.90507e-05
5.97 3.74678e-05
5.98 3.59455e-05
5.99 3.44815e-05
