-6 1.17402e-05
-5.99 1.2253e-05
-5.98 1.2787e-05
-5.97 1.33428e-05
-5.96 1.39215e-05
-5.95 1.45237e-05
-5.94 1.51504e-05
-5.93 1.58026e-05
-5.92 1.64812e-05
-5.91 1.71872e-05
-5.9 1.79215e-05
-5.89 1.86854e-05
-5.88 1.94799e-05
-5.87 2.0306e-05
-5.86 2.11651e-05
-5.85 2.20582e-05
-5.84 2.29867e-05
-5.83 2.39519e-05
-5.82 2.4955e-05
-5.81 2.59975e-05
-5.8 2.70808e-05
-5.79 2.82064e-05
-5.78 2.93758e-05
-5.77 3.05905e-05
-5.76 3.18523e-05
-5.75 3.31627e-05
-5.74 3.45235e-05
-5.73 3.59365e-05
-5.72 3.74035e-05
-5.71 3.89264e-05
-5.7 4.05073e-05
-5.69 4.21481e-05
-5.68 4.38508e-05
-5.67 4.56177e-05
-5.66 4.7451e-05
-5.65 4.9353e-05
-5.64 5.13259e-05
-5.63 5.33724e-05
-5.62 5.54947e-05
-5.61 5.76956e-05
-5.6 5.99777e-05
-5.59 6.23437e-05
-5.58 6.47965e-05
-5.57 6.73389e-05
-5.56 6.99739e-05
-5.55 7.27047e-05
-5.54 7.55344e-05
-5.53 7.84662e-05
-5.52 8.15035e-05
-5.51 8.46498e-05
-5.5 8.79086e-05
-5.49 9.12836e-05
-5.48 9.47785e-05
-5.47 9.83973e-05
-5.46 0.000102144
-5.45 0.000106022
-5.44 0.000110037
-5.43 0.000114192
-5.42 0.000118491
-5.41 0.00012294
-5.4 0.000127543
-5.39 0.000132306
-5.38 0.000137232
-5.37 0.000142326
-5.36 0.000147595
-5.35 0.000153044
-5.34 0.000158677
-5.33 0.000164502
-5.32 0.000170522
-5.31 0.000176745
-5.3 0.000183177
-5.29 0.000189823
-5.28 0.00019669
-5.27 0.000203785
-5.26 0.000211115
-5.25 0.000218686
-5.24 0.000226505
-5.23 0.000234581
-5.22 0.000242919
-5.21 0.000251528
-5.2 0.000260416
-5.19 0.00026959
-5.18 0.00027906
-5.17 0.000288832
-5.16 0.000298917
-5.15 0.000309322
-5.14 0.000320057
-5.13 0.00033113
-5.12 0.000342552
-5.11 0.000354332
-5.1 0.00036648
-5.09 0.000379005
-5.08 0.000391919
-5.07 0.000405232
-5.06 0.000418955
-5.05 0.000433098
-5.04 0.000447673
-5.03 0.000462691
-5.02 0.000478165
-5.01 0.000494106
-5 0.000510526
-4.99 0.000527438
-4.98 0.000544856
-4.97 0.000562791
-4.96 0.000581258
-4.95 0.000600269
-4.94 0.00061984
-4.93 0.000639983
-4.92 0.000660714
-4.91 0.000682047
-4.9 0.000703997
-4.89 0.00072658
-4.88 0.000749811
-4.87 0.000773706
-4.86 0.000798281
-4.85 0.000823554
-4.84 0.00084954
-4.83 0.000876257
-4.82 0.000903722
-4.81 0.000931953
-4.8 0.000960969
-4.79 0.000990787
-4.78 0.00102143
-4.77 0.00105291
-4.76 0.00108525
-4.75 0.00111847
-4.74 0.00115259
-4.73 0.00118763
-4.72 0.00122361
-4.71 0.00126055
-4.7 0.00129848
-4.69 0.00133741
-4.68 0.00137736
-4.67 0.00141837
-4.66 0.00146045
-4.65 0.00150363
-4.64 0.00154792
-4.63 0.00159336
-4.62 0.00163997
-4.61 0.00168776
-4.6 0.00173678
-4.59 0.00178703
-4.58 0.00183855
-4.57 0.00189137
-4.56 0.0019455
-4.55 0.00200098
-4.54 0.00205784
-4.53 0.00211609
-4.52 0.00217577
-4.51 0.00223691
-4.5 0.00229953
-4.49 0.00236367
-4.48 0.00242935
-4.47 0.0024966
-4.46 0.00256544
-4.45 0.00263592
-4.44 0.00270807
-4.43 0.0027819
-4.42 0.00285745
-4.41 0.00293476
-4.4 0.00301386
-4.39 0.00309477
-4.38 0.00317753
-4.37 0.00326217
-4.36 0.00334873
-4.35 0.00343724
-4.34 0.00352772
-4.33 0.00362022
-4.32 0.00371477
-4.31 0.0038114
-4.3 0.00391015
-4.29 0.00401105
-4.28 0.00411413
-4.27 0.00421943
-4.26 0.00432699
-4.25 0.00443684
-4.24 0.00454902
-4.23 0.00466356
-4.22 0.0047805
-4.21 0.00489987
-4.2 0.00502172
-4.19 0.00514607
-4.18 0.00527296
-4.17 0.00540244
-4.16 0.00553453
-4.15 0.00566928
-4.14 0.00580672
-4.13 0.00594688
-4.12 0.00608981
-4.11 0.00623555
-4.1 0.00638412
-4.09 0.00653557
-4.08 0.00668993
-4.07 0.00684725
-4.06 0.00700755
-4.05 0.00717088
-4.04 0.00733727
-4.03 0.00750676
-4.02 0.00767939
-4.01 0.00785518
-4 0.00803419
-3.99 0.00821645
-3.98 0.00840198
-3.97 0.00859084
-3.96 0.00878304
-3.95 0.00897864
-3.94 0.00917767
-3.93 0.00938015
-3.92 0.00958613
-3.91 0.00979564
-3.9 0.0100087
-3.89 0.0102254
-3.88 0.0104457
-3.87 0.0106697
-3.86 0.0108973
-3.85 0.0111287
-3.84 0.0113639
-3.83 0.0116029
-3.82 0.0118457
-3.81 0.0120923
-3.8 0.0123428
-3.79 0.0125973
-3.78 0.0128557
-3.77 0.013118
-3.76 0.0133844
-3.75 0.0136548
-3.74 0.0139292
-3.73 0.0142077
-3.72 0.0144904
-3.71 0.0147771
-3.7 0.015068
-3.69 0.0153631
-3.68 0.0156624
-3.67 0.0159659
-3.66 0.0162736
-3.65 0.0165856
-3.64 0.0169019
-3.63 0.0172224
-3.62 0.0175473
-3.61 0.0178765
-3.6 0.0182101
-3.59 0.018548
-3.58 0.0188902
-3.57 0.0192369
-3.56 0.0195879
-3.55 0.0199434
-3.54 0.0203032
-3.53 0.0206674
-3.52 0.0210361
-3.51 0.0214092
-3.5 0.0217868
-3.49 0.0221687
-3.48 0.0225551
-3.47 0.022946
-3.46 0.0233412
-3.45 0.0237409
-3.44 0.0241451
-3.43 0.0245536
-3.42 0.0249666
-3.41 0.0253839
-3.4 0.0258057
-3.39 0.0262318
-3.38 0.0266624
-3.37 0.0270973
-3.36 0.0275365
-3.35 0.0279801
-3.34 0.028428
-3.33 0.0288802
-3.32 0.0293366
-3.31 0.0297973
-3.3 0.0302623
-3.29 0.0307314
-3.28 0.0312048
-3.27 0.0316822
-3.26 0.0321638
-3.25 0.0326495
-3.24 0.0331393
-3.23 0.0336331
-3.22 0.0341309
-3.21 0.0346326
-3.2 0.0351383
-3.19 0.0356478
-3.18 0.0361612
-3.17 0.0366784
-3.16 0.0371993
-3.15 0.0377239
-3.14 0.0382522
-3.13 0.0387841
-3.12 0.0393196
-3.11 0.0398586
-3.1 0.040401
-3.09 0.0409468
-3.08 0.0414961
-3.07 0.0420486
-3.06 0.0426043
-3.05 0.0431632
-3.04 0.0437253
-3.03 0.0442904
-3.02 0.0448585
-3.01 0.0454295
-3 0.0460034
-2.99 0.0465801
-2.98 0.0471595
-2.97 0.0477417
-2.96 0.0483264
-2.95 0.0489136
-2.94 0.0495033
-2.93 0.0500954
-2.92 0.0506898
-2.91 0.0512865
-2.9 0.0518853
-2.89 0.0524862
-2.88 0.0530892
-2.87 0.053694
-2.86 0.0543008
-2.85 0.0549093
-2.84 0.0555196
-2.83 0.0561314
-2.82 0.0567449
-2.81 0.0573598
-2.8 0.0579761
-2.79 0.0585937
-2.78 0.0592126
-2.77 0.0598326
-2.76 0.0604537
-2.75 0.0610758
-2.74 0.0616988
-2.73 0.0623227
-2.72 0.0629473
-2.71 0.0635726
-2.7 0.0641985
-2.69 0.064825
-2.68 0.0654518
-2.67 0.0660791
-2.66 0.0667067
-2.65 0.0673345
-2.64 0.0679624
-2.63 0.0685904
-2.62 0.0692184
-2.61 0.0698463
-2.6 0.0704741
-2.59 0.0711017
-2.58 0.071729
-2.57 0.0723559
-2.56 0.0729825
-2.55 0.0736085
-2.54 0.0742341
-2.53 0.074859
-2.52 0.0754833
-2.51 0.0761068
-2.5 0.0767296
-2.49 0.0773515
-2.48 0.0779726
-2.47 0.0785928
-2.46 0.0792119
-2.45 0.0798301
-2.44 0.0804472
-2.43 0.0810632
-2.42 0.081678
-2.41 0.0822917
-2.4 0.0829042
-2.39 0.0835154
-2.38 0.0841254
-2.37 0.0847341
-2.36 0.0853414
-2.35 0.0859475
-2.34 0.0865522
-2.33 0.0871555
-2.32 0.0877575
-2.31 0.0883581
-2.3 0.0889573
-2.29 0.0895552
-2.28 0.0901517
-2.27 0.0907468
-2.26 0.0913406
-2.25 0.091933
-2.24 0.0925241
-2.23 0.093114
-2.22 0.0937025
-2.21 0.0942899
-2.2 0.094876
-2.19 0.0954609
-2.18 0.0960447
-2.17 0.0966275
-2.16 0.0972092
-2.15 0.0977899
-2.14 0.0983697
-2.13 0.0989486
-2.12 0.0995267
-2.11 0.100104
-2.1 0.100681
-2.09 0.101257
-2.08 0.101833
-2.07 0.102408
-2.06 0.102983
-2.05 0.103557
-2.04 0.104132
-2.03 0.104706
-2.02 0.105281
-2.01 0.105856
-2 0.106431
-1.99 0.107006
-1.98 0.107582
-1.97 0.108158
-1.96 0.108736
-1.95 0.109314
-1.94 0.109893
-1.93 0.110473
-1.92 0.111055
-1.91 0.111638
-1.9 0.112223
-1.89 0.11281
-1.88 0.113398
-1.87 0.113988
-1.86 0.114581
-1.85 0.115176
-1.84 0.115774
-1.83 0.116374
-1.82 0.116977
-1.81 0.117584
-1.8 0.118193
-1.79 0.118806
-1.78 0.119423
-1.77 0.120043
-1.76 0.120667
-1.75 0.121296
-1.74 0.121928
-1.73 0.122566
-1.72 0.123207
-1.71 0.123854
-1.7 0.124506
-1.69 0.125163
-1.68 0.125826
-1.67 0.126494
-1.66 0.127168
-1.65 0.127849
-1.64 0.128535
-1.63 0.129228
-1.62 0.129927
-1.61 0.130633
-1.6 0.131347
-1.59 0.132067
-1.58 0.132795
-1.57 0.13353
-1.56 0.134273
-1.55 0.135024
-1.54 0.135783
-1.53 0.13655
-1.52 0.137326
-1.51 0.13811
-1.5 0.138903
-1.49 0.139705
-1.48 0.140516
-1.47 0.141336
-1.46 0.142165
-1.45 0.143004
-1.44 0.143853
-1.43 0.144712
-1.42 0.14558
-1.41 0.146459
-1.4 0.147348
-1.39 0.148247
-1.38 0.149156
-1.37 0.150076
-1.36 0.151007
-1.35 0.151949
-1.34 0.152901
-1.33 0.153864
-1.32 0.154838
-1.31 0.155823
-1.3 0.156819
-1.29 0.157826
-1.28 0.158844
-1.27 0.159874
-1.26 0.160915
-1.25 0.161967
-1.24 0.16303
-1.23 0.164104
-1.22 0.16519
-1.21 0.166287
-1.2 0.167395
-1.19 0.168514
-1.18 0.169644
-1.17 0.170786
-1.16 0.171938
-1.15 0.173101
-1.14 0.174275
-1.13 0.17546
-1.12 0.176655
-1.11 0.177861
-1.1 0.179077
-1.09 0.180303
-1.08 0.18154
-1.07 0.182786
-1.06 0.184042
-1.05 0.185308
-1.04 0.186583
-1.03 0.187867
-1.02 0.18916
-1.01 0.190462
-1 0.191772
-0.99 0.193091
-0.98 0.194418
-0.97 0.195752
-0.96 0.197094
-0.95 0.198443
-0.94 0.199799
-0.93 0.201161
-0.92 0.20253
-0.91 0.203905
-0.9 0.205285
-0.89 0.206671
-0.88 0.208061
-0.87 0.209456
-0.86 0.210855
-0.85 0.212258
-0.84 0.213665
-0.83 0.215074
-0.82 0.216486
-0.81 0.2179
-0.8 0.219315
-0.79 0.220732
-0.78 0.22215
-0.77 0.223568
-0.76 0.224986
-0.75 0.226404
-0.74 0.227821
-0.73 0.229236
-0.72 0.230649
-0.71 0.232059
-0.7 0.233467
-0.69 0.234871
-0.68 0.236271
-0.67 0.237667
-0.66 0.239057
-0.65 0.240443
-0.64 0.241822
-0.63 0.243194
-0.62 0.244559
-0.61 0.245917
-0.6 0.247266
-0.59 0.248607
-0.58 0.249939
-0.57 0.25126
-0.56 0.252572
-0.55 0.253872
-0.54 0.255161
-0.53 0.256438
-0.52 0.257702
-0.51 0.258953
-0.5 0.260191
-0.49 0.261415
-0.48 0.262623
-0.47 0.263817
-0.46 0.264995
-0.45 0.266156
-0.44 0.267301
-0.43 0.268429
-0.42 0.269538
-0.41 0.27063
-0.4 0.271702
-0.39 0.272755
-0.38 0.273789
-0.37 0.274802
-0.36 0.275794
-0.35 0.276765
-0.34 0.277714
-0.33 0.278641
-0.32 0.279546
-0.31 0.280427
-0.3 0.281285
-0.29 0.282119
-0.28 0.282929
-0.27 0.283715
-0.26 0.284475
-0.25 0.285209
-0.24 0.285918
-0.23 0.286601
-0.22 0.287257
-0.21 0.287887
-0.2 0.288489
-0.19 0.289064
-0.18 0.289611
-0.17 0.29013
-0.16 0.290621
-0.15 0.291084
-0.14 0.291517
-0.13 0.291922
-0.12 0.292298
-0.11 0.292644
-0.1 0.292961
-0.09 0.293248
-0.08 0.293505
-0.07 0.293732
-0.06 0.29393
-0.05 0.294097
-0.04 0.294234
-0.03 0.29434
-0.02 0.294416
-0.01 0.294462
0 0.294477
0.01 0.294462
0.02 0.294416
0.03 0.29434
0.04 0.294234
0.05 0.294097
0.06 0.29393
0.07 0.293732
0.08 0.293505
0.09 0.293248
0.1 0.292961
0.11 0.292644
0.12 0.292298
0.13 0.291922
0.14 0.291517
0.15 0.291084
0.16 0.290621
0.17 0.29013
0.18 0.289611
0.19 0.289064
0.2 0.288489
0.21 0.287887
0.22 0.287257
0.23 0.286601
0.24 0.285918
0.25 0.285209
0.26 0.284475
0.27 0.283715
0.28 0.282929
0.29 0.282119
0.3 0.281285
0.31 0.280427
0.32 0.279546
0.33 0.278641
0.34 0.277714
0.35 0.276765
0.36 0.275794
0.37 0.274802
0.38 0.273789
0.39 0.272755
0.4 0.271702
0.41 0.27063
0.42 0.269538
0.43 0.268429
0.44 0.267301
0.45 0.266156
0.46 0.264995
0.47 0.263817
0.48 0.262623
0.49 0.261415
0.5 0.260191
0.51 0.258953
0.52 0.257702
0.53 0.256438
0.54 0.255161
0.55 0.253872
0.56 0.252572
0.57 0.25126
0.58 0.249939
0.59 0.248607
0.6 0.247266
0.61 0.245917
0.62 0.244559
0.63 0.243194
0.64 0.241822
0.65 0.240443
0.66 0.239057
0.67 0.237667
0.68 0.236271
0.69 0.234871
0.7 0.233467
0.71 0.232059
0.72 0.230649
0.73 0.229236
0.74 0.227821
0.75 0.226404
0.76 0.224986
0.77 0.223568
0.78 0.22215
0.79 0.220732
0.8 0.219315
0.81 0.2179
0.82 0.216486
0.83 0.215074
0.84 0.213665
0.85 0.212258
0.86 0.210855
0.87 0.209456
0.88 0.208061
0.89 0.206671
0.9 0.205285
0.91 0.203905
0.92 0.20253
0.93 0.201161
0.94 0.199799
0.95 0.198443
0.96 0.197094
0.97 0.195752
0.98 0.194418
0.99 0.193091
1 0.191772
1.01 0.190462
1.02 0.18916
1.03 0.187867
1.04 0.186583
1.05 0.185308
1.06 0.184042
1.07 0.182786
1.08 0.18154
1.09 0.180303
1.1 0.179077
1.11 0.177861
1.12 0.176655
1.13 0.17546
1.14 0.174275
1.15 0.173101
1.16 0.171938
1.17 0.170786
1.18 0.169644
1.19 0.168514
1.2 0.167395
1.21 0.166287
1.22 0.16519
1.23 0.164104
1.24 0.16303
1.25 0.161967
1.26 0.160915
1.27 0.159874
1.28 0.158844
1.29 0.157826
1.3 0.156819
1.31 0.155823
1.32 0.154838
1.33 0.153864
1.34 0.152901
1.35 0.151949
1.36 0.151007
1.37 0.150076
1.38 0.149156
1.39 0.148247
1.4 0.147348
1.41 0.146459
1.42 0.14558
1.43 0.144712
1.44 0.143853
1.45 0.143004
1.46 0.142165
1.47 0.141336
1.48 0.140516
1.49 0.139705
1.5 0.138903
1.51 0.13811
1.52 0.137326
1.53 0.13655
1.54 0.135783
1.55 0.135024
1.56 0.134273
1.57 0.13353
1.58 0.132795
1.59 0.132067
1.6 0.131347
1.61 0.130633
1.62 0.129927
1.63 0.129228
1.64 0.128535
1.65 0.127849
1.66 0.127168
1.67 0.126494
1.68 0.125826
1.69 0.125163
1.7 0.124506
1.71 0.123854
1.72 0.123207
1.73 0.122566
1.74 0.121928
1.75 0.121296
1.76 0.120667
1.77 0.120043
1.78 0.119423
1.79 0.118806
1.8 0.118193
1.81 0.117584
1.82 0.116977
1.83 0.116374
1.84 0.115774
1.85 0.115176
1.86 0.114581
1.87 0.113988
1.88 0.113398
1.89 0.11281
1.9 0.112223
1.91 0.111638
1.92 0.111055
1.93 0.110473
1.94 0.109893
1.95 0.109314
1.96 0.108736
1.97 0.108158
1.98 0.107582
1.99 0.107006
2 0.106431
2.01 0.105856
2.02 0.105281
2.03 0.104706
2.04 0.104132
2.05 0.103557
2.06 0.102983
2.07 0.102408
2.08 0.101833
2.09 0.101257
2.1 0.100681
2.11 0.100104
2.12 0.0995267
2.13 0.0989486
2.14 0.0983697
2.15 0.0977899
2.16 0.0972092
2.17 0.0966275
2.18 0.0960447
2.19 0.0954609
2.2 0.094876
2.21 0.0942899
2.22 0.0937025
2.23 0.093114
2.24 0.0925241
2.25 0.091933
2.26 0.0913406
2.27 0.0907468
2.28 0.0901517
2.29 0.0895552
2.3 0.0889573
2.31 0.0883581
2.32 0.0877575
2.33 0.0871555
2.34 0.0865522
2.35 0.0859475
2.36 0.0853414
2.37 0.0847341
2.38 0.0841254
2.39 0.0835154
2.4 0.0829042
2.41 0.0822917
2.42 0.081678
2.43 0.0810632
2.44 0.0804472
2.45 0.0798301
2.46 0.0792119
2.47 0.0785928
2.48 0.0779726
2.49 0.0773515
2.5 0.0767296
2.51 0.0761068
2.52 0.0754833
2.53 0.074859
2.54 0.0742341
2.55 0.0736085
2.56 0.0729825
2.57 0.0723559
2.58 0.071729
2.59 0.0711017
2.6 0.0704741
2.61 0.0698463
2.62 0.0692184
2.63 0.0685904
2.64 0.0679624
2.65 0.0673345
2.66 0.0667067
2.67 0.0660791
2.68 0.0654518
2.69 0.064825
2.7 0.0641985
2.71 0.0635726
2.72 0.0629473
2.73 0.0623227
2.74 0.0616988
2.75 0.0610758
2.76 0.0604537
2.77 0.0598326
2.78 0.0592126
2.79 0.0585937
2.8 0.0579761
2.81 0.0573598
2.82 0.0567449
2.83 0.0561314
2.84 0.0555196
2.85 0.0549093
2.86 0.0543008
2.87 0.053694
2.88 0.0530892
2.89 0.0524862
2.9 0.0518853
2.91 0.0512865
2.92 0.0506898
2.93 0.0500954
2.94 0.0495033
2.95 0.0489136
2.96 0.0483264
2.97 0.0477417
2.98 0.0471595
2.99 0.0465801
3 0.0460034
3.01 0.0454295
3.02 0.0448585
3.03 0.0442904
3.04 0.0437253
3.05 0.0431632
3.06 0.0426043
3.07 0.0420486
3.08 0.0414961
3.09 0.0409468
3.1 0.040401
3.11 0.0398586
3.12 0.0393196
3.13 0.0387841
3.14 0.0382522
3.15 0.0377239
3.16 0.0371993
3.17 0.0366784
3.18 0.0361612
3.19 0.0356478
3.2 0.0351383
3.21 0.0346326
3.22 0.0341309
3.23 0.0336331
3.24 0.0331393
3.25 0.0326495
3.26 0.0321638
3.27 0.0316822
3.28 0.0312048
3.29 0.0307314
3.3 0.0302623
3.31 0.0297973
3.32 0.0293366
3.33 0.0288802
3.34 0.028428
3.35 0.0279801
3.36 0.0275365
3.37 0.0270973
3.38 0.0266624
3.39 0.0262318
3.4 0.0258057
3.41 0.0253839
3.42 0.0249666
3.43 0.0245536
3.44 0.0241451
3.45 0.0237409
3.46 0.0233412
3.47 0.022946
3.48 0.0225551
3.49 0.0221687
3.5 0.0217868
3.51 0.0214092
3.52 0.0210361
3.53 0.0206674
3.54 0.0203032
3.55 0.0199434
3.56 0.0195879
3.57 0.0192369
3.58 0.0188902
3.59 0.018548
3.6 0.0182101
3.61 0.0178765
3.62 0.0175473
3.63 0.0172224
3.64 0.0169019
3.65 0.0165856
3.66 0.0162736
3.67 0.0159659
3.68 0.0156624
3.69 0.0153631
3.7 0.015068
3.71 0.0147771
3.72 0.0144904
3.73 0.0142077
3.74 0.0139292
3.75 0.0136548
3.76 0.0133844
3.77 0.013118
3.78 0.0128557
3.79 0.0125973
3.8 0.0123428
3.81 0.0120923
3.82 0.0118457
3.83 0.0116029
3.84 0.0113639
3.85 0.0111287
3.86 0.0108973
3.87 0.0106697
3.88 0.0104457
3.89 0.0102254
3.9 0.0100087
3.91 0.00979564
3.92 0.00958613
3.93 0.00938015
3.94 0.00917767
3.95 0.00897864
3.96 0.00878304
3.97 0.00859084
3.98 0.00840198
3.99 0.00821645
4 0.00803419
4.01 0.00785518
4.02 0.00767939
4.03 0.00750676
4.04 0.00733727
4.05 0.00717088
4.06 0.00700755
4.07 0.00684725
4.08 0.00668993
4.09 0.00653557
4.1 0.00638412
4.11 0.00623555
4.12 0.00608981
4.13 0.00594688
4.14 0.00580672
4.15 0.00566928
4.16 0.00553453
4.17 0.00540244
4.18 0.00527296
4.19 0.00514607
4.2 0.00502172
4.21 0.00489987
4.22 0.0047805
4.23 0.00466356
4.24 0.00454902
4.25 0.00443684
4.26 0.00432699
4.27 0.00421943
4.28 0.00411413
4.29 0.00401105
4.3 0.00391015
4.31 0.0038114
4.32 0.00371477
4.33 0.00362022
4.34 0.00352772
4.35 0.00343724
4.36 0.00334873
4.37 0.00326217
4.38 0.00317753
4.39 0.00309477
4.4 0.00301386
4.41 0.00293476
4.42 0.00285745
4.43 0.0027819
4.44 0.00270807
4.45 0.00263592
4.46 0.00256544
4.47 0.0024966
4.48 0.00242935
4.49 0.00236367
4.5 0.00229953
4.51 0.00223691
4.52 0.00217577
4.53 0.00211609
4.54 0.00205784
4.55 0.00200098
4.56 0.0019455
4.57 0.00189137
4.58 0.00183855
4.59 0.00178703
4.6 0.00173678
4.61 0.00168776
4.62 0.00163997
4.63 0.00159336
4.64 0.00154792
4.65 0.00150363
4.66 0.00146045
4.67 0.00141837
4.68 0.00137736
4.69 0.00133741
4.7 0.00129848
4.71 0.00126055
4.72 0.00122361
4.73 0.00118763
4.74 0.00115259
4.75 0.00111847
4.76 0.00108525
4.77 0.00105291
4.78 0.00102143
4.79 0.000990787
4.8 0.000960969
4.81 0.000931953
4.82 0.000903722
4.83 0.000876257
4.84 0.00084954
4.85 0.000823554
4.86 0.000798281
4.87 0.000773706
4.88 0.000749811
4.89 0.00072658
4.9 0.000703997
4.91 0.000682047
4.92 0.000660714
4.93 0.000639983
4.94 0.00061984
4.95 0.000600269
4.96 0.000581258
4.97 0.000562791
4.98 0.000544856
4.99 0.000527438
5 0.000510526
5.01 0.000494106
5.02 0.000478165
5.03 0.000462691
5.04 0.000447673
5.05 0.000433098
5.06 0.000418955
5.07 0.000405232
5.08 0.000391919
5.09 0.000379005
5.1 0.00036648
5.11 0.000354332
5.12 0.000342552
5.13 0.00033113
5.14 0.000320057
5.15 0.000309322
5.16 0.000298917
5.17 0.000288832
5.18 0.00027906
5.19 0.00026959
5.2 0.000260416
5.21 0.000251528
5.22 0.000242919
5.23 0.000234581
5.24 0.000226505
5.25 0.000218686
5.26 0.000211115
5.27 0.000203785
5.28 0.00019669
5.29 0.000189823
5.3 0.000183177
5.31 0.000176745
5.32 0.000170522
5.33 0.000164502
5.34 0.000158677
5.35 0.000153044
5.36 0.000147595
5.37 0.000142326
5.38 0.000137232
5.39 0.000132306
5.4 0.000127543
5.41 0.00012294
5.42 0.000118491
5.43 0.000114192
5.44 0.000110037
5.45 0.000106022
5.46 0.000102144
5.47 9.83973e-05
5.48 9.47785e-05
5.49 9.12836e-05
5.5 8.79086e-05
5.51 8.46498e-05
5.52 8.15035e-05
5.53 7.84662e-05
5.54 7.55344e-05
5.55 7.27047e-05
5.56 6.99739e-05
5.57 6.73389e-05
5.58 6.47965e-05
5.59 6.23437e-05
5.6 5.99777e-05
5.61 5.76956e-05
5.62 5.54947e-05
5.63 5.33724e-05
5.64 5.13259e-05
5.65 4.9353e-05
5.66 4.7451e-05
5.67 4.56177e-05
5.68 4.38508e-05
5.69 4.21481e-05
5.7 4.05073e-05
5.71 3.89264e-05
5.72 3.74035e-05
5.73 3.59365e-05
5.74 3.45235e-05
5.75 3.31627e-05
5.76 3.18523e-05
5.77 3.05905e-05
5.78 2.93758e-05
5.79 2.82064e-05
5.8 2.70808e-05
5.81 2.59975e-05
5.82 2.4955e-05
5.83 2.39519e-05
5.84 2.29867e-05
5.85 2.20582e-05
5.86 2.11651e-05
5.87 2.0306e-05
5.88 1.94799e-05
5.89 1.86854e-05
5.9 1.79215e-05
5.91 1.71872e-05
5.92 1.64812e-05
5.93 1.58026e-05
5.94 1.51504e-05
5.95 1.45237e-05
5.96 1.39215e-05
5.97 1.33428e-05
5.98 1.2787e-05
5.99 1.2253e-05
