-6 5.90616e-07
-5.99 6.13518e-07
-5.98 6.37268e-07
-5.97 6.61896e-07
-5.96 6.87432e-07
-5.95 7.13907e-07
-5.94 7.41355e-07
-5.93 7.6981e-07
-5.92 7.99306e-07
-5.91 8.29879e-07
-5.9 8.61567e-07
-5.89 8.94409e-07
-5.88 9.28443e-07
-5.87 9.63711e-07
-5.86 1.00026e-06
-5.85 1.03812e-06
-5.84 1.07735e-06
-5.83 1.11799e-06
-5.82 1.16009e-06
-5.81 1.2037e-06
-5.8 1.24887e-06
-5.79 1.29565e-06
-5.78 1.3441e-06
-5.77 1.39427e-06
-5.76 1.44623e-06
-5.75 1.50002e-06
-5.74 1.55572e-06
-5.73 1.61338e-06
-5.72 1.67307e-06
-5.71 1.73487e-06
-5.7 1.79883e-06
-5.69 1.86503e-06
-5.68 1.93354e-06
-5.67 2.00444e-06
-5.66 2.07781e-06
-5.65 2.15373e-06
-5.64 2.23229e-06
-5.63 2.31356e-06
-5.62 2.39763e-06
-5.61 2.48461e-06
-5.6 2.57457e-06
-5.59 2.66763e-06
-5.58 2.76387e-06
-5.57 2.8634e-06
-5.56 2.96633e-06
-5.55 3.07277e-06
-5.54 3.18282e-06
-5.53 3.2966e-06
-5.52 3.41424e-06
-5.51 3.53585e-06
-5.5 3.66155e-06
-5.49 3.79149e-06
-5.48 3.92579e-06
-5.47 4.06458e-06
-5.46 4.20802e-06
-5.45 4.35624e-06
-5.44 4.5094e-06
-5.43 4.66764e-06
-5.42 4.83113e-06
-5.41 5.00003e-06
-5.4 5.17451e-06
-5.39 5.35474e-06
-5.38 5.54089e-06
-5.37 5.73315e-06
-5.36 5.9317e-06
-5.35 6.13674e-06
-5.34 6.34846e-06
-5.33 6.56708e-06
-5.32 6.79279e-06
-5.31 7.02581e-06
-5.3 7.26636e-06
-5.29 7.51468e-06
-5.28 7.77098e-06
-5.27 8.03552e-06
-5.26 8.30854e-06
-5.25 8.59028e-06
-5.24 8.88102e-06
-5.23 9.18102e-06
-5.22 9.49054e-06
-5.21 9.80988e-06
-5.2 1.01393e-05
-5.19 1.04792e-05
-5.18 1.08297e-05
-5.17 1.11913e-05
-5.16 1.15642e-05
-5.15 1.19487e-05
-5.14 1.23453e-05
-5.13 1.27542e-05
-5.12 1.31758e-05
-5.11 1.36105e-05
-5.1 1.40587e-05
-5.09 1.45207e-05
-5.08 1.49969e-05
-5.07 1.54877e-05
-5.06 1.59936e-05
-5.05 1.6515e-05
-5.04 1.70523e-05
-5.03 1.7606e-05
-5.02 1.81765e-05
-5.01 1.87642e-05
-5 1.93698e-05
-4.99 1.99936e-05
-4.98 2.06362e-05
-4.97 2.12981e-05
-4.96 2.19799e-05
-4.95 2.2682e-05
-4.94 2.34051e-05
-4.93 2.41496e-05
-4.92 2.49163e-05
-4.91 2.57057e-05
-4.9 2.65185e-05
-4.89 2.73552e-05
-4.88 2.82165e-05
-4.87 2.9103e-05
-4.86 3.00155e-05
-4.85 3.09547e-05
-4.84 3.19212e-05
-4.83 3.29159e-05
-4.82 3.39393e-05
-4.81 3.49924e-05
-4.8 3.60758e-05
-4.79 3.71904e-05
-4.78 3.83371e-05
-4.77 3.95165e-05
-4.76 4.07297e-05
-4.75 4.19775e-05
-4.74 4.32607e-05
-4.73 4.45804e-05
-4.72 4.59373e-05
-4.71 4.73326e-05
-4.7 4.87672e-05
-4.69 5.02421e-05
-4.68 5.17582e-05
-4.67 5.33168e-05
-4.66 5.49188e-05
-4.65 5.65653e-05
-4.64 5.82575e-05
-4.63 5.99965e-05
-4.62 6.17835e-05
-4.61 6.36197e-05
-4.6 6.55064e-05
-4.59 6.74446e-05
-4.58 6.94359e-05
-4.57 7.14813e-05
-4.56 7.35824e-05
-4.55 7.57404e-05
-4.54 7.79568e-05
-4.53 8.02329e-05
-4.52 8.25703e-05
-4.51 8.49703e-05
-4.5 8.74345e-05
-4.49 8.99646e-05
-4.48 9.25619e-05
-4.47 9.52282e-05
-4.46 9.79651e-05
-4.45 0.000100774
-4.44 0.000103657
-4.43 0.000106616
-4.42 0.000109652
-4.41 0.000112768
-4.4 0.000115965
-4.39 0.000119245
-4.38 0.00012261
-4.37 0.000126061
-4.36 0.000129602
-4.35 0.000133234
-4.34 0.000136959
-4.33 0.000140779
-4.32 0.000144696
-4.31 0.000148713
-4.3 0.000152832
-4.29 0.000157055
-4.28 0.000161384
-4.27 0.000165822
-4.26 0.000170372
-4.25 0.000175035
-4.24 0.000179814
-4.23 0.000184712
-4.22 0.000189732
-4.21 0.000194875
-4.2 0.000200145
-4.19 0.000205545
-4.18 0.000211077
-4.17 0.000216744
-4.16 0.000222549
-4.15 0.000228496
-4.14 0.000234586
-4.13 0.000240823
-4.12 0.00024721
-4.11 0.000253751
-4.1 0.000260448
-4.09 0.000267305
-4.08 0.000274325
-4.07 0.000281512
-4.06 0.000288868
-4.05 0.000296398
-4.04 0.000304105
-4.03 0.000311992
-4.02 0.000320064
-4.01 0.000328324
-4 0.000336776
-3.99 0.000345423
-3.98 0.000354269
-3.97 0.00036332
-3.96 0.000372578
-3.95 0.000382047
-3.94 0.000391732
-3.93 0.000401638
-3.92 0.000411767
-3.91 0.000422126
-3.9 0.000432717
-3.89 0.000443546
-3.88 0.000454617
-3.87 0.000465935
-3.86 0.000477505
-3.85 0.00048933
-3.84 0.000501417
-3.83 0.00051377
-3.82 0.000526393
-3.81 0.000539293
-3.8 0.000552473
-3.79 0.00056594
-3.78 0.000579698
-3.77 0.000593753
-3.76 0.000608111
-3.75 0.000622776
-3.74 0.000637754
-3.73 0.00065305
-3.72 0.000668672
-3.71 0.000684623
-3.7 0.000700911
-3.69 0.00071754
-3.68 0.000734518
-3.67 0.000751849
-3.66 0.000769541
-3.65 0.000787598
-3.64 0.000806029
-3.63 0.000824838
-3.62 0.000844033
-3.61 0.00086362
-3.6 0.000883605
-3.59 0.000903995
-3.58 0.000924797
-3.57 0.000946017
-3.56 0.000967664
-3.55 0.000989742
-3.54 0.00101226
-3.53 0.00103523
-3.52 0.00105864
-3.51 0.00108252
-3.5 0.00110687
-3.49 0.0011317
-3.48 0.001157
-3.47 0.0011828
-3.46 0.0012091
-3.45 0.0012359
-3.44 0.00126322
-3.43 0.00129106
-3.42 0.00131942
-3.41 0.00134833
-3.4 0.00137778
-3.39 0.00140779
-3.38 0.00143836
-3.37 0.00146949
-3.36 0.00150121
-3.35 0.00153352
-3.34 0.00156642
-3.33 0.00159992
-3.32 0.00163404
-3.31 0.00166878
-3.3 0.00170415
-3.29 0.00174016
-3.28 0.00177682
-3.27 0.00181413
-3.26 0.00185211
-3.25 0.00189077
-3.24 0.00193011
-3.23 0.00197014
-3.22 0.00201087
-3.21 0.00205232
-3.2 0.00209449
-3.19 0.00213739
-3.18 0.00218103
-3.17 0.00222542
-3.16 0.00227057
-3.15 0.00231649
-3.14 0.00236319
-3.13 0.00241068
-3.12 0.00245896
-3.11 0.00250805
-3.1 0.00255796
-3.09 0.0026087
-3.08 0.00266027
-3.07 0.0027127
-3.06 0.00276598
-3.05 0.00282012
-3.04 0.00287515
-3.03 0.00293106
-3.02 0.00298787
-3.01 0.00304559
-3 0.00310422
-2.99 0.00316379
-2.98 0.00322429
-2.97 0.00328574
-2.96 0.00334815
-2.95 0.00341153
-2.94 0.00347589
-2.93 0.00354123
-2.92 0.00360758
-2.91 0.00367494
-2.9 0.00374331
-2.89 0.00381272
-2.88 0.00388317
-2.87 0.00395466
-2.86 0.00402722
-2.85 0.00410085
-2.84 0.00417556
-2.83 0.00425136
-2.82 0.00432827
-2.81 0.00440628
-2.8 0.00448542
-2.79 0.00456569
-2.78 0.0046471
-2.77 0.00472966
-2.76 0.00481338
-2.75 0.00489827
-2.74 0.00498435
-2.73 0.00507161
-2.72 0.00516008
-2.71 0.00524975
-2.7 0.00534065
-2.69 0.00543277
-2.68 0.00552614
-2.67 0.00562075
-2.66 0.00571661
-2.65 0.00581375
-2.64 0.00591215
-2.63 0.00601185
-2.62 0.00611283
-2.61 0.00621512
-2.6 0.00631872
-2.59 0.00642364
-2.58 0.00652988
-2.57 0.00663746
-2.56 0.00674639
-2.55 0.00685667
-2.54 0.0069683
-2.53 0.00708131
-2.52 0.00719569
-2.51 0.00731146
-2.5 0.00742862
-2.49 0.00754717
-2.48 0.00766713
-2.47 0.00778851
-2.46 0.0079113
-2.45 0.00803552
-2.44 0.00816117
-2.43 0.00828826
-2.42 0.00841679
-2.41 0.00854678
-2.4 0.00867822
-2.39 0.00881113
-2.38 0.0089455
-2.37 0.00908135
-2.36 0.00921867
-2.35 0.00935748
-2.34 0.00949777
-2.33 0.00963955
-2.32 0.00978283
-2.31 0.00992762
-2.3 0.0100739
-2.29 0.0102217
-2.28 0.010371
-2.27 0.0105218
-2.26 0.0106741
-2.25 0.010828
-2.24 0.0109833
-2.23 0.0111402
-2.22 0.0112987
-2.21 0.0114586
-2.2 0.0116201
-2.19 0.0117831
-2.18 0.0119476
-2.17 0.0121136
-2.16 0.0122812
-2.15 0.0124503
-2.14 0.0126209
-2.13 0.0127931
-2.12 0.0129668
-2.11 0.013142
-2.1 0.0133187
-2.09 0.013497
-2.08 0.0136768
-2.07 0.0138581
-2.06 0.0140408
-2.05 0.0142252
-2.04 0.014411
-2.03 0.0145983
-2.02 0.0147871
-2.01 0.0149774
-2 0.0151692
-1.99 0.0153624
-1.98 0.0155572
-1.97 0.0157534
-1.96 0.0159511
-1.95 0.0161502
-1.94 0.0163508
-1.93 0.0165528
-1.92 0.0167562
-1.91 0.0169611
-1.9 0.0171674
-1.89 0.0173751
-1.88 0.0175842
-1.87 0.0177947
-1.86 0.0180065
-1.85 0.0182198
-1.84 0.0184343
-1.83 0.0186502
-1.82 0.0188675
-1.81 0.0190861
-1.8 0.019306
-1.79 0.0195271
-1.78 0.0197496
-1.77 0.0199733
-1.76 0.0201983
-1.75 0.0204245
-1.74 0.0206519
-1.73 0.0208806
-1.72 0.0211104
-1.71 0.0213414
-1.7 0.0215736
-1.69 0.0218069
-1.68 0.0220413
-1.67 0.0222768
-1.66 0.0225135
-1.65 0.0227512
-1.64 0.0229899
-1.63 0.0232297
-1.62 0.0234705
-1.61 0.0237123
-1.6 0.023955
-1.59 0.0241987
-1.58 0.0244433
-1.57 0.0246889
-1.56 0.0249353
-1.55 0.0251826
-1.54 0.0254307
-1.53 0.0256796
-1.52 0.0259294
-1.51 0.0261799
-1.5 0.0264311
-1.49 0.026683
-1.48 0.0269357
-1.47 0.027189
-1.46 0.0274429
-1.45 0.0276975
-1.44 0.0279527
-1.43 0.0282084
-1.42 0.0284646
-1.41 0.0287214
-1.4 0.0289786
-1.39 0.0292363
-1.38 0.0294944
-1.37 0.0297529
-1.36 0.0300117
-1.35 0.0302709
-1.34 0.0305304
-1.33 0.0307901
-1.32 0.0310501
-1.31 0.0313103
-1.3 0.0315707
-1.29 0.0318312
-1.28 0.0320918
-1.27 0.0323525
-1.26 0.0326133
-1.25 0.0328741
-1.24 0.0331348
-1.23 0.0333956
-1.22 0.0336562
-1.21 0.0339167
-1.2 0.034177
-1.19 0.0344372
-1.18 0.0346972
-1.17 0.0349568
-1.16 0.0352162
-1.15 0.0354753
-1.14 0.035734
-1.13 0.0359923
-1.12 0.0362502
-1.11 0.0365076
-1.1 0.0367645
-1.09 0.0370209
-1.08 0.0372767
-1.07 0.0375318
-1.06 0.0377863
-1.05 0.0380402
-1.04 0.0382933
-1.03 0.0385456
-1.02 0.0387972
-1.01 0.0390479
-1 0.0392977
-0.99 0.0395466
-0.98 0.0397946
-0.97 0.0400416
-0.96 0.0402876
-0.95 0.0405325
-0.94 0.0407763
-0.93 0.0410189
-0.92 0.0412604
-0.91 0.0415007
-0.9 0.0417397
-0.89 0.0419775
-0.88 0.0422139
-0.87 0.0424489
-0.86 0.0426826
-0.85 0.0429148
-0.84 0.0431456
-0.83 0.0433748
-0.82 0.0436025
-0.81 0.0438286
-0.8 0.0440531
-0.79 0.044276
-0.78 0.0444971
-0.77 0.0447166
-0.76 0.0449343
-0.75 0.0451503
-0.74 0.0453645
-0.73 0.045577
-0.72 0.0457878
-0.71 0.0459969
-0.7 0.0462044
-0.69 0.0464104
-0.68 0.0466152
-0.67 0.046819
-0.66 0.0470223
-0.65 0.0472256
-0.64 0.0474298
-0.63 0.0476359
-0.62 0.0478455
-0.61 0.0480606
-0.6 0.0482838
-0.59 0.0485188
-0.58 0.0487703
-0.57 0.0490443
-0.56 0.0493488
-0.55 0.0496939
-0.54 0.0500926
-0.53 0.0505612
-0.52 0.0511206
-0.51 0.0517964
-0.5 0.0526205
-0.49 0.0536324
-0.48 0.0548801
-0.47 0.0564216
-0.46 0.058327
-0.45 0.0606798
-0.44 0.0635787
-0.43 0.0671396
-0.42 0.0714975
-0.41 0.076808
-0.4 0.083249
-0.39 0.0910219
-0.38 0.100353
-0.37 0.111492
-0.36 0.124715
-0.35 0.140321
-0.34 0.15863
-0.33 0.179979
-0.32 0.204722
-0.31 0.233219
-0.3 0.265832
-0.29 0.302918
-0.28 0.344816
-0.27 0.391838
-0.26 0.444258
-0.25 0.502299
-0.24 0.566119
-0.23 0.6358
-0.22 0.711334
-0.21 0.792608
-0.2 0.879401
-0.19 0.971368
-0.18 1.06804
-0.17 1.16881
-0.16 1.27294
-0.15 1.37958
-0.14 1.48775
-0.13 1.59636
-0.12 1.70422
-0.11 1.81009
-0.1 1.91266
-0.09 2.0106
-0.08 2.10258
-0.07 2.18733
-0.06 2.26359
-0.05 2.33025
-0.04 2.38627
-0.03 2.4308
-0.02 2.46312
-0.01 2.48272
0 2.48929
0.01 2.48272
0.02 2.46312
0.03 2.4308
0.04 2.38627
0.05 2.33025
0.06 2.26359
0.07 2.18733
0.08 2.10258
0.09 2.0106
0.1 1.91266
0.11 1.81009
0.12 1.70422
0.13 1.59636
0.14 1.48775
0.15 1.37958
0.16 1.27294
0.17 1.16881
0.18 1.06804
0.19 0.971368
0.2 0.879401
0.21 0.792608
0.22 0.711334
0.23 0.6358
0.24 0.566119
0.25 0.502299
0.26 0.444258
0.27 0.391838
0.28 0.344816
0.29 0.302918
0.3 0.265832
0.31 0.233219
0.32 0.204722
0.33 0.179979
0.34 0.15863
0.35 0.140321
0.36 0.124715
0.37 0.111492
0.38 0.100353
0.39 0.0910219
0.4 0.083249
0.41 0.076808
0.42 0.0714975
0.43 0.0671396
0.44 0.0635787
0.45 0.0606798
0.46 0.058327
0.47 0.0564216
0.48 0.0548801
0.49 0.0536324
0.5 0.0526205
0.51 0.0517964
0.52 0.0511206
0.53 0.0505612
0.54 0.0500926
0.55 0.0496939
0.56 0.0493488
0.57 0.0490443
0.58 0.0487703
0.59 0.0485188
0.6 0.0482838
0.61 0.0480606
0.62 0.0478455
0.63 0.0476359
0.64 0.0474298
0.65 0.0472256
0.66 0.0470223
0.67 0.046819
0.68 0.0466152
0.69 0.0464104
0.7 0.0462044
0.71 0.0459969
0.72 0.0457878
0.73 0.045577
0.74 0.0453645
0.75 0.0451503
0.76 0.0449343
0.77 0.0447166
0.78 0.0444971
0.79 0.044276
0.8 0.0440531
0.81 0.0438286
0.82 0.0436025
0.83 0.0433748
0.84 0.0431456
0.85 0.0429148
0.86 0.0426826
0.87 0.0424489
0.88 0.0422139
0.89 0.0419775
0.9 0.0417397
0.91 0.0415007
0.92 0.0412604
0.93 0.0410189
0.94 0.0407763
0.95 0.0405325
0.96 0.0402876
0.97 0.0400416
0.98 0.0397946
0.99 0.0395466
1 0.0392977
1.01 0.0390479
1.02 0.0387972
1.03 0.0385456
1.04 0.0382933
1.05 0.0380402
1.06 0.0377863
1.07 0.0375318
1.08 0.0372767
1.09 0.0370209
1.1 0.0367645
1.11 0.0365076
1.12 0.0362502
1.13 0.0359923
1.14 0.035734
1.15 0.0354753
1.16 0.0352162
1.17 0.0349568
1.18 0.0346972
1.19 0.0344372
1.2 0.034177
1.21 0.0339167
1.22 0.0336562
1.23 0.0333956
1.24 0.0331348
1.25 0.0328741
1.26 0.0326133
1.27 0.0323525
1.28 0.0320918
1.29 0.0318312
1.3 0.0315707
1.31 0.0313103
1.32 0.0310501
1.33 0.0307901
1.34 0.0305304
1.35 0.0302709
1.36 0.0300117
1.37 0.0297529
1.38 0.0294944
1.39 0.0292363
1.4 0.0289786
1.41 0.0287214
1.42 0.0284646
1.43 0.0282084
1.44 0.0279527
1.45 0.0276975
1.46 0.0274429
1.47 0.027189
1.48 0.0269357
1.49 0.026683
1.5 0.0264311
1.51 0.0261799
1.52 0.0259294
1.53 0.0256796
1.54 0.0254307
1.55 0.0251826
1.56 0.0249353
1.57 0.0246889
1.58 0.0244433
1.59 0.0241987
1.6 0.023955
1.61 0.0237123
1.62 0.0234705
1.63 0.0232297
1.64 0.0229899
1.65 0.0227512
1.66 0.0225135
1.67 0.0222768
1.68 0.0220413
1.69 0.0218069
1.7 0.0215736
1.71 0.0213414
1.72 0.0211104
1.73 0.0208806
1.74 0.0206519
1.75 0.0204245
1.76 0.0201983
1.77 0.0199733
1.78 0.0197496
1.79 0.0195271
1.8 0.019306
1.81 0.0190861
1.82 0.0188675
1.83 0.0186502
1.84 0.0184343
1.85 0.0182198
1.86 0.0180065
1.87 0.0177947
1.88 0.0175842
1.89 0.0173751
1.9 0.0171674
1.91 0.0169611
1.92 0.0167562
1.93 0.0165528
1.94 0.0163508
1.95 0.0161502
1.96 0.0159511
1.97 0.0157534
1.98 0.0155572
1.99 0.0153624
2 0.0151692
2.01 0.0149774
2.02 0.0147871
2.03 0.0145983
2.04 0.014411
2.05 0.0142252
2.06 0.0140408
2.07 0.0138581
2.08 0.0136768
2.09 0.013497
2.1 0.0133187
2.11 0.013142
2.12 0.0129668
2.13 0.0127931
2.14 0.0126209
2.15 0.0124503
2.16 0.0122812
2.17 0.0121136
2.18 0.0119476
2.19 0.0117831
2.2 0.0116201
2.21 0.0114586
2.22 0.0112987
2.23 0.0111402
2.24 0.0109833
2.25 0.010828
2.26 0.0106741
2.27 0.0105218
2.28 0.010371
2.29 0.0102217
2.3 0.0100739
2.31 0.00992762
2.32 0.00978283
2.33 0.00963955
2.34 0.00949777
2.35 0.00935748
2.36 0.00921867
2.37 0.00908135
2.38 0.0089455
2.39 0.00881113
2.4 0.00867822
2.41 0.00854678
2.42 0.00841679
2.43 0.00828826
2.44 0.00816117
2.45 0.00803552
2.46 0.0079113
2.47 0.00778851
2.48 0.00766713
2.49 0.00754717
2.5 0.00742862
2.51 0.00731146
2.52 0.00719569
2.53 0.00708131
2.54 0.0069683
2.55 0.00685667
2.56 0.00674639
2.57 0.00663746
2.58 0.00652988
2.59 0.00642364
2.6 0.00631872
2.61 0.00621512
2.62 0.00611283
2.63 0.00601185
2.64 0.00591215
2.65 0.00581375
2.66 0.00571661
2.67 0.00562075
2.68 0.00552614
2.69 0.00543277
2.7 0.00534065
2.71 0.00524975
2.72 0.00516008
2.73 0.00507161
2.74 0.00498435
2.75 0.00489827
2.76 0.00481338
2.77 0.00472966
2.78 0.0046471
2.79 0.00456569
2.8 0.00448542
2.81 0.00440628
2.82 0.00432827
2.83 0.00425136
2.84 0.00417556
2.85 0.00410085
2.86 0.00402722
2.87 0.00395466
2.88 0.00388317
2.89 0.00381272
2.9 0.00374331
2.91 0.00367494
2.92 0.00360758
2.93 0.00354123
2.94 0.00347589
2.95 0.00341153
2.96 0.00334815
2.97 0.00328574
2.98 0.00322429
2.99 0.00316379
3 0.00310422
3.01 0.00304559
3.02 0.00298787
3.03 0.00293106
3.04 0.00287515
3.05 0.00282012
3.06 0.00276598
3.07 0.0027127
3.08 0.00266027
3.09 0.0026087
3.1 0.00255796
3.11 0.00250805
3.12 0.00245896
3.13 0.00241068
3.14 0.00236319
3.15 0.00231649
3.16 0.00227057
3.17 0.00222542
3.18 0.00218103
3.19 0.00213739
3.2 0.00209449
3.21 0.00205232
3.22 0.00201087
3.23 0.00197014
3.24 0.00193011
3.25 0.00189077
3.26 0.00185211
3.27 0.00181413
3.28 0.00177682
3.29 0.00174016
3.3 0.00170415
3.31 0.00166878
3.32 0.00163404
3.33 0.00159992
3.34 0.00156642
3.35 0.00153352
3.36 0.00150121
3.37 0.00146949
3.38 0.00143836
3.39 0.00140779
3.4 0.00137778
3.41 0.00134833
3.42 0.00131942
3.43 0.00129106
3.44 0.00126322
3.45 0.0012359
3.46 0.0012091
3.47 0.0011828
3.48 0.001157
3.49 0.0011317
3.5 0.00110687
3.51 0.00108252
3.52 0.00105864
3.53 0.00103523
3.54 0.00101226
3.55 0.000989742
3.56 0.000967664
3.57 0.000946017
3.58 0.000924797
3.59 0.000903995
3.6 0.000883605
3.61 0.00086362
3.62 0.000844033
3.63 0.000824838
3.64 0.000806029
3.65 0.000787598
3.66 0.000769541
3.67 0.000751849
3.68 0.000734518
3.69 0.00071754
3.7 0.000700911
3.71 0.000684623
3.72 0.000668672
3.73 0.00065305
3.74 0.000637754
3.75 0.000622776
3.76 0.000608111
3.77 0.000593753
3.78 0.000579698
3.79 0.00056594
3.8 0.000552473
3.81 0.000539293
3.82 0.000526393
3.83 0.00051377
3.84 0.000501417
3.85 0.00048933
3.86 0.000477505
3.87 0.000465935
3.88 0.000454617
3.89 0.000443546
3.9 0.000432717
3.91 0.000422126
3.92 0.000411767
3.93 0.000401638
3.94 0.000391732
3.95 0.000382047
3.96 0.000372578
3.97 0.00036332
3.98 0.000354269
3.99 0.000345423
4 0.000336776
4.01 0.000328324
4.02 0.000320064
4.03 0.000311992
4.04 0.000304105
4.05 0.000296398
4.06 0.000288868
4.07 0.000281512
4.08 0.000274325
4.09 0.000267305
4.1 0.000260448
4.11 0.000253751
4.12 0.00024721
4.13 0.000240823
4.14 0.000234586
4.15 0.000228496
4.16 0.000222549
4.17 0.000216744
4.18 0.000211077
4.19 0.000205545
4.2 0.000200145
4.21 0.000194875
4.22 0.000189732
4.23 0.000184712
4.24 0.000179814
4.25 0.000175035
4.26 0.000170372
4.27 0.000165822
4.28 0.000161384
4.29 0.000157055
4.3 0.000152832
4.31 0.000148713
4.32 0.000144696
4.33 0.000140779
4.34 0.000136959
4.35 0.000133234
4.36 0.000129602
4.37 0.000126061
4.38 0.00012261
4.39 0.000119245
4.4 0.000115965
4.41 0.000112768
4.42 0.000109652
4.43 0.000106616
4.44 0.000103657
4.45 0.000100774
4.46 9.79651e-05
4.47 9.52282e-05
4.48 9.25619e-05
4.49 8.99646e-05
4.5 8.74345e-05
4.51 8.49703e-05
4.52 8.25703e-05
4.53 8.02329e-05
4.54 7.79568e-05
4.55 7.57404e-05
4.56 7.35824e-05
4.57 7.14813e-05
4.58 6.94359e-05
4.59 6.74446e-05
4.6 6.55064e-05
4.61 6.36197e-05
4.62 6.17835e-05
4.63 5.99965e-05
4.64 5.82575e-05
4.65 5.65653e-05
4.66 5.49188e-05
4.67 5.33168e-05
4.68 5.17582e-05
4.69 5.02421e-05
4.7 4.87672e-05
4.71 4.73326e-05
4.72 4.59373e-05
4.73 4.45804e-05
4.74 4.32607e-05
4.75 4.19775e-05
4.76 4.07297e-05
4.77 3.95165e-05
4.78 3.83371e-05
4.79 3.71904e-05
4.8 3.60758e-05
4.81 3.49924e-05
4.82 3.39393e-05
4.83 3.29159e-05
4.84 3.19212e-05
4.85 3.09547e-05
4.86 3.00155e-05
4.87 2.9103e-05
4.88 2.82165e-05
4.89 2.73552e-05
4.9 2.65185e-05
4.91 2.57057e-05
4.92 2.49163e-05
4.93 2.41496e-05
4.94 2.34051e-05
4.95 2.2682e-05
4.96 2.19799e-05
4.97 2.12981e-05
4.98 2.06362e-05
4.99 1.99936e-05
5 1.93698e-05
5.01 1.87642e-05
5.02 1.81765e-05
5.03 1.7606e-05
5.04 1.70523e-05
5.05 1.6515e-05
5.06 1.59936e-05
5.07 1.54877e-05
5.08 1.49969e-05
5.09 1.45207e-05
5.1 1.40587e-05
5.11 1.36105e-05
5.12 1.31758e-05
5.13 1.27542e-05
5.14 1.23453e-05
5.15 1.19487e-05
5.16 1.15642e-05
5.17 1.11913e-05
5.18 1.08297e-05
5.19 1.04792e-05
5.2 1.01393e-05
5.21 9.80988e-06
5.22 9.49054e-06
5.23 9.18102e-06
5.24 8.88102e-06
5.25 8.59028e-06
5.26 8.30854e-06
5.27 8.03552e-06
5.28 7.77098e-06
5.29 7.51468e-06
5.3 7.26636e-06
5.31 7.02581e-06
5.32 6.79279e-06
5.33 6.56708e-06
5.34 6.34846e-06
5.35 6.13674e-06
5.36 5.9317e-06
5.37 5.73315e-06
5.38 5.54089e-06
5.39 5.35474e-06
5.4 5.17451e-06
5.41 5.00003e-06
5.42 4.83113e-06
5.43 4.66764e-06
5.44 4.5094e-06
5.45 4.35624e-06
5.46 4.20802e-06
5.47 4.06458e-06
5.48 3.92579e-06
5.49 3.79149e-06
5.5 3.66155e-06
5.51 3.53585e-06
5.52 3.41424e-06
5.53 3.2966e-06
5.54 3.18282e-06
5.55 3.07277e-06
5.56 2.96633e-06
5.57 2.8634e-06
5.58 2.76387e-06
5.59 2.66763e-06
5.6 2.57457e-06
5.61 2.48461e-06
5.62 2.39763e-06
5.63 2.31356e-06
5.64 2.23229e-06
5.65 2.15373e-06
5.66 2.07781e-06
5.67 2.00444e-06
5.68 1.93354e-06
5.69 1.86503e-06
5.7 1.79883e-06
5.71 1.73487e-06
5.72 1.67307e-06
5.73 1.61338e-06
5.74 1.55572e-06
5.75 1.50002e-06
5.76 1.44623e-06
5.77 1.39427e-06
5.78 1.3441e-06
5.79 1.29565e-06
5.8 1.24887e-06
5.81 1.2037e-06
5.82 1.16009e-06
5.83 1.11799e-06
5.84 1.07735e-06
5.85 1.03812e-06
5.86 1.00026e-06
5.87 9.63711e-07
5.88 9.28443e-07
5.89 8.94409e-07
5.9 8.61567e-07
5.91 8.29879e-07
5.92 7.99306e-07
5.93 7.6981e-07
5.94 7.41355e-07
5.95 7.13907e-07
5.96 6.87432e-07
5.97 6.61896e-07
5.98 6.37268e-07
5.99 6.13518e-07
