-6 0.00117407
-5.99 0.0012103
-5.98 0.00124752
-5.97 0.00128576
-5.96 0.00132504
-5.95 0.00136538
-5.94 0.0014068
-5.93 0.00144934
-5.92 0.00149301
-5.91 0.00153785
-5.9 0.00158387
-5.89 0.0016311
-5.88 0.00167958
-5.87 0.00172932
-5.86 0.00178035
-5.85 0.00183271
-5.84 0.00188641
-5.83 0.0019415
-5.82 0.00199799
-5.81 0.00205592
-5.8 0.00211531
-5.79 0.0021762
-5.78 0.00223862
-5.77 0.0023026
-5.76 0.00236817
-5.75 0.00243536
-5.74 0.0025042
-5.73 0.00257474
-5.72 0.00264699
-5.71 0.00272099
-5.7 0.00279679
-5.69 0.0028744
-5.68 0.00295388
-5.67 0.00303524
-5.66 0.00311853
-5.65 0.00320379
-5.64 0.00329105
-5.63 0.00338034
-5.62 0.0034717
-5.61 0.00356518
-5.6 0.00366081
-5.59 0.00375862
-5.58 0.00385866
-5.57 0.00396096
-5.56 0.00406556
-5.55 0.00417251
-5.54 0.00428185
-5.53 0.0043936
-5.52 0.00450782
-5.51 0.00462454
-5.5 0.00474381
-5.49 0.00486567
-5.48 0.00499015
-5.47 0.00511731
-5.46 0.00524718
-5.45 0.0053798
-5.44 0.00551522
-5.43 0.00565348
-5.42 0.00579463
-5.41 0.0059387
-5.4 0.00608575
-5.39 0.00623581
-5.38 0.00638892
-5.37 0.00654514
-5.36 0.00670451
-5.35 0.00686707
-5.34 0.00703286
-5.33 0.00720193
-5.32 0.00737433
-5.31 0.00755009
-5.3 0.00772927
-5.29 0.00791191
-5.28 0.00809804
-5.27 0.00828773
-5.26 0.00848101
-5.25 0.00867792
-5.24 0.00887852
-5.23 0.00908284
-5.22 0.00929093
-5.21 0.00950284
-5.2 0.0097186
-5.19 0.00993827
-5.18 0.0101619
-5.17 0.0103895
-5.16 0.0106211
-5.15 0.0108568
-5.14 0.0110966
-5.13 0.0113406
-5.12 0.0115888
-5.11 0.0118413
-5.1 0.012098
-5.09 0.012359
-5.08 0.0126245
-5.07 0.0128943
-5.06 0.0131686
-5.05 0.0134473
-5.04 0.0137306
-5.03 0.0140185
-5.02 0.0143109
-5.01 0.014608
-5 0.0149098
-4.99 0.0152162
-4.98 0.0155275
-4.97 0.0158435
-4.96 0.0161643
-4.95 0.0164899
-4.94 0.0168205
-4.93 0.0171559
-4.92 0.0174963
-4.91 0.0178417
-4.9 0.018192
-4.89 0.0185474
-4.88 0.0189078
-4.87 0.0192733
-4.86 0.019644
-4.85 0.0200197
-4.84 0.0204006
-4.83 0.0207866
-4.82 0.0211779
-4.81 0.0215743
-4.8 0.021976
-4.79 0.022383
-4.78 0.0227952
-4.77 0.0232126
-4.76 0.0236354
-4.75 0.0240634
-4.74 0.0244968
-4.73 0.0249355
-4.72 0.0253795
-4.71 0.0258288
-4.7 0.0262835
-4.69 0.0267435
-4.68 0.0272088
-4.67 0.0276795
-4.66 0.0281555
-4.65 0.0286369
-4.64 0.0291236
-4.63 0.0296156
-4.62 0.0301129
-4.61 0.0306155
-4.6 0.0311235
-4.59 0.0316367
-4.58 0.0321552
-4.57 0.0326789
-4.56 0.0332078
-4.55 0.033742
-4.54 0.0342814
-4.53 0.0348259
-4.52 0.0353755
-4.51 0.0359303
-4.5 0.0364901
-4.49 0.037055
-4.48 0.0376249
-4.47 0.0381998
-4.46 0.0387796
-4.45 0.0393643
-4.44 0.0399539
-4.43 0.0405483
-4.42 0.0411475
-4.41 0.0417514
-4.4 0.0423599
-4.39 0.0429731
-4.38 0.0435909
-4.37 0.0442131
-4.36 0.0448398
-4.35 0.0454709
-4.34 0.0461064
-4.33 0.0467461
-4.32 0.04739
-4.31 0.048038
-4.3 0.0486901
-4.29 0.0493462
-4.28 0.0500062
-4.27 0.05067
-4.26 0.0513377
-4.25 0.0520089
-4.24 0.0526838
-4.23 0.0533622
-4.22 0.054044
-4.21 0.0547292
-4.2 0.0554176
-4.19 0.0561092
-4.18 0.0568038
-4.17 0.0575014
-4.16 0.0582018
-4.15 0.0589051
-4.14 0.0596109
-4.13 0.0603194
-4.12 0.0610303
-4.11 0.0617435
-4.1 0.062459
-4.09 0.0631766
-4.08 0.0638962
-4.07 0.0646178
-4.06 0.0653411
-4.05 0.066066
-4.04 0.0667926
-4.03 0.0675205
-4.02 0.0682497
-4.01 0.0689802
-4 0.0697116
-3.99 0.0704441
-3.98 0.0711773
-3.97 0.0719111
-3.96 0.0726456
-3.95 0.0733804
-3.94 0.0741155
-3.93 0.0748507
-3.92 0.0755859
-3.91 0.0763211
-3.9 0.0770559
-3.89 0.0777903
-3.88 0.0785242
-3.87 0.0792574
-3.86 0.0799898
-3.85 0.0807212
-3.84 0.0814515
-3.83 0.0821805
-3.82 0.0829081
-3.81 0.0836342
-3.8 0.0843586
-3.79 0.0850812
-3.78 0.0858018
-3.77 0.0865203
-3.76 0.0872365
-3.75 0.0879503
-3.74 0.0886615
-3.73 0.08937
-3.72 0.0900757
-3.71 0.0907784
-3.7 0.0914779
-3.69 0.0921741
-3.68 0.0928669
-3.67 0.0935562
-3.66 0.0942417
-3.65 0.0949233
-3.64 0.0956009
-3.63 0.0962744
-3.62 0.0969435
-3.61 0.0976083
-3.6 0.0982684
-3.59 0.0989238
-3.58 0.0995744
-3.57 0.10022
-3.56 0.10086
-3.55 0.101496
-3.54 0.102125
-3.53 0.10275
-3.52 0.103368
-3.51 0.103981
-3.5 0.104588
-3.49 0.105189
-3.48 0.105783
-3.47 0.106372
-3.46 0.106953
-3.45 0.107529
-3.44 0.108098
-3.43 0.108659
-3.42 0.109214
-3.41 0.109762
-3.4 0.110303
-3.39 0.110837
-3.38 0.111363
-3.37 0.111882
-3.36 0.112394
-3.35 0.112897
-3.34 0.113393
-3.33 0.113881
-3.32 0.114362
-3.31 0.114834
-3.3 0.115298
-3.29 0.115754
-3.28 0.116202
-3.27 0.116641
-3.26 0.117072
-3.25 0.117495
-3.24 0.117909
-3.23 0.118314
-3.22 0.11871
-3.21 0.119098
-3.2 0.119477
-3.19 0.119848
-3.18 0.120209
-3.17 0.120561
-3.16 0.120905
-3.15 0.121239
-3.14 0.121564
-3.13 0.12188
-3.12 0.122187
-3.11 0.122485
-3.1 0.122773
-3.09 0.123053
-3.08 0.123323
-3.07 0.123584
-3.06 0.123835
-3.05 0.124078
-3.04 0.124311
-3.03 0.124534
-3.02 0.124749
-3.01 0.124954
-3 0.12515
-2.99 0.125337
-2.98 0.125514
-2.97 0.125682
-2.96 0.125841
-2.95 0.125991
-2.94 0.126132
-2.93 0.126263
-2.92 0.126386
-2.91 0.126499
-2.9 0.126604
-2.89 0.126699
-2.88 0.126786
-2.87 0.126864
-2.86 0.126933
-2.85 0.126993
-2.84 0.127045
-2.83 0.127088
-2.82 0.127123
-2.81 0.127149
-2.8 0.127166
-2.79 0.127176
-2.78 0.127177
-2.77 0.12717
-2.76 0.127155
-2.75 0.127132
-2.74 0.127101
-2.73 0.127062
-2.72 0.127016
-2.71 0.126962
-2.7 0.126901
-2.69 0.126832
-2.68 0.126756
-2.67 0.126673
-2.66 0.126583
-2.65 0.126486
-2.64 0.126382
-2.63 0.126272
-2.62 0.126155
-2.61 0.126032
-2.6 0.125902
-2.59 0.125766
-2.58 0.125624
-2.57 0.125476
-2.56 0.125323
-2.55 0.125164
-2.54 0.124999
-2.53 0.124829
-2.52 0.124654
-2.51 0.124474
-2.5 0.124289
-2.49 0.124099
-2.48 0.123904
-2.47 0.123705
-2.46 0.123502
-2.45 0.123294
-2.44 0.123083
-2.43 0.122868
-2.42 0.122648
-2.41 0.122426
-2.4 0.1222
-2.39 0.121971
-2.38 0.121738
-2.37 0.121503
-2.36 0.121265
-2.35 0.121024
-2.34 0.120781
-2.33 0.120536
-2.32 0.120288
-2.31 0.120039
-2.3 0.119788
-2.29 0.119535
-2.28 0.11928
-2.27 0.119024
-2.26 0.118767
-2.25 0.118509
-2.24 0.11825
-2.23 0.117991
-2.22 0.11773
-2.21 0.11747
-2.2 0.117209
-2.19 0.116948
-2.18 0.116687
-2.17 0.116427
-2.16 0.116166
-2.15 0.115906
-2.14 0.115647
-2.13 0.115389
-2.12 0.115131
-2.11 0.114875
-2.1 0.11462
-2.09 0.114366
-2.08 0.114114
-2.07 0.113863
-2.06 0.113615
-2.05 0.113368
-2.04 0.113123
-2.03 0.11288
-2.02 0.11264
-2.01 0.112402
-2 0.112167
-1.99 0.111934
-1.98 0.111704
-1.97 0.111478
-1.96 0.111254
-1.95 0.111033
-1.94 0.110816
-1.93 0.110602
-1.92 0.110391
-1.91 0.110184
-1.9 0.109981
-1.89 0.109782
-1.88 0.109586
-1.87 0.109395
-1.86 0.109208
-1.85 0.109024
-1.84 0.108845
-1.83 0.108671
-1.82 0.108501
-1.81 0.108335
-1.8 0.108174
-1.79 0.108018
-1.78 0.107866
-1.77 0.10772
-1.76 0.107578
-1.75 0.107441
-1.74 0.107309
-1.73 0.107182
-1.72 0.10706
-1.71 0.106944
-1.7 0.106832
-1.69 0.106726
-1.68 0.106626
-1.67 0.10653
-1.66 0.10644
-1.65 0.106356
-1.64 0.106277
-1.63 0.106203
-1.62 0.106135
-1.61 0.106072
-1.6 0.106015
-1.59 0.105964
-1.58 0.105918
-1.57 0.105878
-1.56 0.105843
-1.55 0.105814
-1.54 0.105791
-1.53 0.105773
-1.52 0.105761
-1.51 0.105755
-1.5 0.105754
-1.49 0.105759
-1.48 0.105769
-1.47 0.105785
-1.46 0.105807
-1.45 0.105834
-1.44 0.105867
-1.43 0.105905
-1.42 0.105949
-1.41 0.105998
-1.4 0.106052
-1.39 0.106112
-1.38 0.106177
-1.37 0.106248
-1.36 0.106323
-1.35 0.106404
-1.34 0.106491
-1.33 0.106582
-1.32 0.106678
-1.31 0.10678
-1.3 0.106886
-1.29 0.106997
-1.28 0.107113
-1.27 0.107234
-1.26 0.107359
-1.25 0.10749
-1.24 0.107624
-1.23 0.107764
-1.22 0.107907
-1.21 0.108055
-1.2 0.108208
-1.19 0.108364
-1.18 0.108525
-1.17 0.10869
-1.16 0.108859
-1.15 0.109031
-1.14 0.109208
-1.13 0.109388
-1.12 0.109572
-1.11 0.109759
-1.1 0.10995
-1.09 0.110145
-1.08 0.110342
-1.07 0.110543
-1.06 0.110746
-1.05 0.110953
-1.04 0.111163
-1.03 0.111375
-1.02 0.111591
-1.01 0.111808
-1 0.112029
-0.99 0.112251
-0.98 0.112476
-0.97 0.112703
-0.96 0.112933
-0.95 0.113164
-0.94 0.113397
-0.93 0.113632
-0.92 0.113868
-0.91 0.114106
-0.9 0.114346
-0.89 0.114587
-0.88 0.114829
-0.87 0.115072
-0.86 0.115317
-0.85 0.115562
-0.84 0.115808
-0.83 0.116055
-0.82 0.116302
-0.81 0.11655
-0.8 0.116798
-0.79 0.117047
-0.78 0.117296
-0.77 0.117544
-0.76 0.117793
-0.75 0.118042
-0.74 0.11829
-0.73 0.118538
-0.72 0.118785
-0.71 0.119032
-0.7 0.119279
-0.69 0.119524
-0.68 0.119769
-0.67 0.120012
-0.66 0.120255
-0.65 0.120496
-0.64 0.120736
-0.63 0.120975
-0.62 0.121212
-0.61 0.121447
-0.6 0.121681
-0.59 0.121913
-0.58 0.122143
-0.57 0.122371
-0.56 0.122598
-0.55 0.122822
-0.54 0.123043
-0.53 0.123263
-0.52 0.123479
-0.51 0.123694
-0.5 0.123906
-0.49 0.124115
-0.48 0.124321
-0.47 0.124524
-0.46 0.124725
-0.45 0.124922
-0.44 0.125117
-0.43 0.125308
-0.42 0.125495
-0.41 0.12568
-0.4 0.125861
-0.39 0.126039
-0.38 0.126213
-0.37 0.126383
-0.36 0.12655
-0.35 0.126713
-0.34 0.126872
-0.33 0.127027
-0.32 0.127178
-0.31 0.127326
-0.3 0.127469
-0.29 0.127608
-0.28 0.127743
-0.27 0.127873
-0.26 0.127999
-0.25 0.128121
-0.24 0.128239
-0.23 0.128352
-0.22 0.128461
-0.21 0.128565
-0.2 0.128664
-0.19 0.128759
-0.18 0.12885
-0.17 0.128935
-0.16 0.129016
-0.15 0.129092
-0.14 0.129164
-0.13 0.12923
-0.12 0.129292
-0.11 0.129349
-0.1 0.129401
-0.09 0.129448
-0.08 0.129491
-0.07 0.129528
-0.06 0.12956
-0.05 0.129588
-0.04 0.12961
-0.03 0.129628
-0.02 0.12964
-0.01 0.129648
0 0.12965
0.01 0.129648
0.02 0.12964
0.03 0.129628
0.04 0.12961
0.05 0.129588
0.06 0.12956
0.07 0.129528
0.08 0.129491
0.09 0.129448
0.1 0.129401
0.11 0.129349
0.12 0.129292
0.13 0.12923
0.14 0.129164
0.15 0.129092
0.16 0.129016
0.17 0.128935
0.18 0.12885
0.19 0.128759
0.2 0.128664
0.21 0.128565
0.22 0.128461
0.23 0.128352
0.24 0.128239
0.25 0.128121
0.26 0.127999
0.27 0.127873
0.28 0.127743
0.29 0.127608
0.3 0.127469
0.31 0.127326
0.32 0.127178
0.33 0.127027
0.34 0.126872
0.35 0.126713
0.36 0.12655
0.37 0.126383
0.38 0.126213
0.39 0.126039
0.4 0.125861
0.41 0.12568
0.42 0.125495
0.43 0.125308
0.44 0.125117
0.45 0.124922
0.46 0.124725
0.47 0.124524
0.48 0.124321
0.49 0.124115
0.5 0.123906
0.51 0.123694
0.52 0.123479
0.53 0.123263
0.54 0.123043
0.55 0.122822
0.56 0.122598
0.57 0.122371
0.58 0.122143
0.59 0.121913
0.6 0.121681
0.61 0.121447
0.62 0.121212
0.63 0.120975
0.64 0.120736
0.65 0.120496
0.66 0.120255
0.67 0.120012
0.68 0.119769
0.69 0.119524
0.7 0.119279
0.71 0.119032
0.72 0.118785
0.73 0.118538
0.74 0.11829
0.75 0.118042
0.76 0.117793
0.77 0.117544
0.78 0.117296
0.79 0.117047
0.8 0.116798
0.81 0.11655
0.82 0.116302
0.83 0.116055
0.84 0.115808
0.85 0.115562
0.86 0.115317
0.87 0.115072
0.88 0.114829
0.89 0.114587
0.9 0.114346
0.91 0.114106
0.92 0.113868
0.93 0.113632
0.94 0.113397
0.95 0.113164
0.96 0.112933
0.97 0.112703
0.98 0.112476
0.99 0.112251
1 0.112029
1.01 0.111808
1.02 0.111591
1.03 0.111375
1.04 0.111163
1.05 0.110953
1.06 0.110746
1.07 0.110543
1.08 0.110342
1.09 0.110145
1.1 0.10995
1.11 0.109759
1.12 0.109572
1.13 0.109388
1.14 0.109208
1.15 0.109031
1.16 0.108859
1.17 0.10869
1.18 0.108525
1.19 0.108364
1.2 0.108208
1.21 0.108055
1.22 0.107907
1.23 0.107764
1.24 0.107624
1.25 0.10749
1.26 0.107359
1.27 0.107234
1.28 0.107113
1.29 0.106997
1.3 0.106886
1.31 0.10678
1.32 0.106678
1.33 0.106582
1.34 0.106491
1.35 0.106404
1.36 0.106323
1.37 0.106248
1.38 0.106177
1.39 0.106112
1.4 0.106052
1.41 0.105998
1.42 0.105949
1.43 0.105905
1.44 0.105867
1.45 0.105834
1.46 0.105807
1.47 0.105785
1.48 0.105769
1.49 0.105759
1.5 0.105754
1.51 0.105755
1.52 0.105761
1.53 0.105773
1.54 0.105791
1.55 0.105814
1.56 0.105843
1.57 0.105878
1.58 0.105918
1.59 0.105964
1.6 0.106015
1.61 0.106072
1.62 0.106135
1.63 0.106203
1.64 0.106277
1.65 0.106356
1.66 0.10644
1.67 0.10653
1.68 0.106626
1.69 0.106726
1.7 0.106832
1.71 0.106944
1.72 0.10706
1.73 0.107182
1.74 0.107309
1.75 0.107441
1.76 0.107578
1.77 0.10772
1.78 0.107866
1.79 0.108018
1.8 0.108174
1.81 0.108335
1.82 0.108501
1.83 0.108671
1.84 0.108845
1.85 0.109024
1.86 0.109208
1.87 0.109395
1.88 0.109586
1.89 0.109782
1.9 0.109981
1.91 0.110184
1.92 0.110391
1.93 0.110602
1.94 0.110816
1.95 0.111033
1.96 0.111254
1.97 0.111478
1.98 0.111704
1.99 0.111934
2 0.112167
2.01 0.112402
2.02 0.11264
2.03 0.11288
2.04 0.113123
2.05 0.113368
2.06 0.113615
2.07 0.113863
2.08 0.114114
2.09 0.114366
2.1 0.11462
2.11 0.114875
2.12 0.115131
2.13 0.115389
2.14 0.115647
2.15 0.115906
2.16 0.116166
2.17 0.116427
2.18 0.116687
2.19 0.116948
2.2 0.117209
2.21 0.11747
2.22 0.11773
2.23 0.117991
2.24 0.11825
2.25 0.118509
2.26 0.118767
2.27 0.119024
2.28 0.11928
2.29 0.119535
2.3 0.119788
2.31 0.120039
2.32 0.120288
2.33 0.120536
2.34 0.120781
2.35 0.121024
2.36 0.121265
2.37 0.121503
2.38 0.121738
2.39 0.121971
2.4 0.1222
2.41 0.122426
2.42 0.122648
2.43 0.122868
2.44 0.123083
2.45 0.123294
2.46 0.123502
2.47 0.123705
2.48 0.123904
2.49 0.124099
2.5 0.124289
2.51 0.124474
2.52 0.124654
2.53 0.124829
2.54 0.124999
2.55 0.125164
2.56 0.125323
2.57 0.125476
2.58 0.125624
2.59 0.125766
2.6 0.125902
2.61 0.126032
2.62 0.126155
2.63 0.126272
2.64 0.126382
2.65 0.126486
2.66 0.126583
2.67 0.126673
2.68 0.126756
2.69 0.126832
2.7 0.126901
2.71 0.126962
2.72 0.127016
2.73 0.127062
2.74 0.127101
2.75 0.127132
2.76 0.127155
2.77 0.12717
2.78 0.127177
2.79 0.127176
2.8 0.127166
2.81 0.127149
2.82 0.127123
2.83 0.127088
2.84 0.127045
2.85 0.126993
2.86 0.126933
2.87 0.126864
2.88 0.126786
2.89 0.126699
2.9 0.126604
2.91 0.126499
2.92 0.126386
2.93 0.126263
2.94 0.126132
2.95 0.125991
2.96 0.125841
2.97 0.125682
2.98 0.125514
2.99 0.125337
3 0.12515
3.01 0.124954
3.02 0.124749
3.03 0.124534
3.04 0.124311
3.05 0.124078
3.06 0.123835
3.07 0.123584
3.08 0.123323
3.09 0.123053
3.1 0.122773
3.11 0.122485
3.12 0.122187
3.13 0.12188
3.14 0.121564
3.15 0.121239
3.16 0.120905
3.17 0.120561
3.18 0.120209
3.19 0.119848
3.2 0.119477
3.21 0.119098
3.22 0.11871
3.23 0.118314
3.24 0.117909
3.25 0.117495
3.26 0.117072
3.27 0.116641
3.28 0.116202
3.29 0.115754
3.3 0.115298
3.31 0.114834
3.32 0.114362
3.33 0.113881
3.34 0.113393
3.35 0.112897
3.36 0.112394
3.37 0.111882
3.38 0.111363
3.39 0.110837
3.4 0.110303
3.41 0.109762
3.42 0.109214
3.43 0.108659
3.44 0.108098
3.45 0.107529
3.46 0.106953
3.47 0.106372
3.48 0.105783
3.49 0.105189
3.5 0.104588
3.51 0.103981
3.52 0.103368
3.53 0.10275
3.54 0.102125
3.55 0.101496
3.56 0.10086
3.57 0.10022
3.58 0.0995744
3.59 0.0989238
3.6 0.0982684
3.61 0.0976083
3.62 0.0969435
3.63 0.0962744
3.64 0.0956009
3.65 0.0949233
3.66 0.0942417
3.67 0.0935562
3.68 0.0928669
3.69 0.0921741
3.7 0.0914779
3.71 0.0907784
3.72 0.0900757
3.73 0.08937
3.74 0.0886615
3.75 0.0879503
3.76 0.0872365
3.77 0.0865203
3.78 0.0858018
3.79 0.0850812
3.8 0.0843586
3.81 0.0836342
3.82 0.0829081
3.83 0.0821805
3.84 0.0814515
3.85 0.0807212
3.86 0.0799898
3.87 0.0792574
3.88 0.0785242
3.89 0.0777903
3.9 0.0770559
3.91 0.0763211
3.92 0.0755859
3.93 0.0748507
3.94 0.0741155
3.95 0.0733804
3.96 0.0726456
3.97 0.0719111
3.98 0.0711773
3.99 0.0704441
4 0.0697116
4.01 0.0689802
4.02 0.0682497
4.03 0.0675205
4.04 0.0667926
4.05 0.066066
4.06 0.0653411
4.07 0.0646178
4.08 0.0638962
4.09 0.0631766
4.1 0.062459
4.11 0.0617435
4.12 0.0610303
4.13 0.0603194
4.14 0.0596109
4.15 0.0589051
4.16 0.0582018
4.17 0.0575014
4.18 0.0568038
4.19 0.0561092
4.2 0.0554176
4.21 0.0547292
4.22 0.054044
4.23 0.0533622
4.24 0.0526838
4.25 0.0520089
4.26 0.0513377
4.27 0.05067
4.28 0.0500062
4.29 0.0493462
4.3 0.0486901
4.31 0.048038
4.32 0.04739
4.33 0.0467461
4.34 0.0461064
4.35 0.0454709
4.36 0.0448398
4.37 0.0442131
4.38 0.0435909
4.39 0.0429731
4.4 0.0423599
4.41 0.0417514
4.42 0.0411475
4.43 0.0405483
4.44 0.0399539
4.45 0.0393643
4.46 0.0387796
4.47 0.0381998
4.48 0.0376249
4.49 0.037055
4.5 0.0364901
4.51 0.0359303
4.52 0.0353755
4.53 0.0348259
4.54 0.0342814
4.55 0.033742
4.56 0.0332078
4.57 0.0326789
4.58 0.0321552
4.59 0.0316367
4.6 0.0311235
4.61 0.0306155
4.62 0.0301129
4.63 0.0296156
4.64 0.0291236
4.65 0.0286369
4.66 0.0281555
4.67 0.0276795
4.68 0.0272088
4.69 0.0267435
4.7 0.0262835
4.71 0.0258288
4.72 0.0253795
4.73 0.0249355
4.74 0.0244968
4.75 0.0240634
4.76 0.0236354
4.77 0.0232126
4.78 0.0227952
4.79 0.022383
4.8 0.021976
4.81 0.0215743
4.82 0.0211779
4.83 0.0207866
4.84 0.0204006
4.85 0.0200197
4.86 0.019644
4.87 0.0192733
4.88 0.0189078
4.89 0.0185474
4.9 0.018192
4.91 0.0178417
4.92 0.0174963
4.93 0.0171559
4.94 0.0168205
4.95 0.0164899
4.96 0.0161643
4.97 0.0158435
4.98 0.0155275
4.99 0.0152162
5 0.0149098
5.01 0.014608
5.02 0.0143109
5.03 0.0140185
5.04 0.0137306
5.05 0.0134473
5.06 0.0131686
5.07 0.0128943
5.08 0.0126245
5.09 0.012359
5.1 0.012098
5.11 0.0118413
5.12 0.0115888
5.13 0.0113406
5.14 0.0110966
5.15 0.0108568
5.16 0.0106211
5.17 0.0103895
5.18 0.0101619
5.19 0.00993827
5.2 0.0097186
5.21 0.00950284
5.22 0.00929093
5.23 0.00908284
5.24 0.00887852
5.25 0.00867792
5.26 0.00848101
5.27 0.00828773
5.28 0.00809804
5.29 0.00791191
5.3 0.00772927
5.31 0.00755009
5.32 0.00737433
5.33 0.00720193
5.34 0.00703286
5.35 0.00686707
5.36 0.00670451
5.37 0.00654514
5.38 0.00638892
5.39 0.00623581
5.4 0.00608575
5.41 0.0059387
5.42 0.00579463
5.43 0.00565348
5.44 0.00551522
5.45 0.0053798
5.46 0.00524718
5.47 0.00511731
5.48 0.00499015
5.49 0.00486567
5.5 0.00474381
5.51 0.00462454
5.52 0.00450782
5.53 0.0043936
5.54 0.00428185
5.55 0.00417251
5.56 0.00406556
5.57 0.00396096
5.58 0.00385866
5.59 0.00375862
5.6 0.00366081
5.61 0.00356518
5.62 0.0034717
5.63 0.00338034
5.64 0.00329105
5.65 0.00320379
5.66 0.00311853
5.67 0.00303524
5.68 0.00295388
5.69 0.0028744
5.7 0.00279679
5.71 0.00272099
5.72 0.00264699
5.73 0.00257474
5.74 0.0025042
5.75 0.00243536
5.76 0.00236817
5.77 0.0023026
5.78 0.00223862
5.79 0.0021762
5.8 0.00211531
5.81 0.00205592
5.82 0.00199799
5.83 0.0019415
5.84 0.00188641
5.85 0.00183271
5.86 0.00178035
5.87 0.00172932
5.88 0.00167958
5.89 0.0016311
5.9 0.00158387
5.91 0.00153785
5.92 0.00149301
5.93 0.00144934
5.94 0.0014068
5.95 0.00136538
5.96 0.00132504
5.97 0.00128576
5.98 0.00124752
5.99 0.0012103
