-6 0.00206714
-5.99 0.00213029
-5.98 0.00219514
-5.97 0.00226175
-5.96 0.00233014
-5.95 0.00240036
-5.94 0.00247245
-5.93 0.00254644
-5.92 0.00262239
-5.91 0.00270034
-5.9 0.00278032
-5.89 0.00286238
-5.88 0.00294657
-5.87 0.00303293
-5.86 0.00312152
-5.85 0.00321236
-5.84 0.00330552
-5.83 0.00340104
-5.82 0.00349897
-5.81 0.00359936
-5.8 0.00370226
-5.79 0.00380772
-5.78 0.00391579
-5.77 0.00402652
-5.76 0.00413997
-5.75 0.00425619
-5.74 0.00437523
-5.73 0.00449716
-5.72 0.00462201
-5.71 0.00474986
-5.7 0.00488076
-5.69 0.00501476
-5.68 0.00515192
-5.67 0.0052923
-5.66 0.00543597
-5.65 0.00558297
-5.64 0.00573338
-5.63 0.00588725
-5.62 0.00604464
-5.61 0.00620562
-5.6 0.00637024
-5.59 0.00653858
-5.58 0.00671069
-5.57 0.00688665
-5.56 0.00706651
-5.55 0.00725034
-5.54 0.00743821
-5.53 0.00763018
-5.52 0.00782632
-5.51 0.0080267
-5.5 0.00823138
-5.49 0.00844044
-5.48 0.00865394
-5.47 0.00887195
-5.46 0.00909455
-5.45 0.00932179
-5.44 0.00955375
-5.43 0.00979051
-5.42 0.0100321
-5.41 0.0102787
-5.4 0.0105302
-5.39 0.0107869
-5.38 0.0110486
-5.37 0.0113156
-5.36 0.0115879
-5.35 0.0118656
-5.34 0.0121486
-5.33 0.0124372
-5.32 0.0127314
-5.31 0.0130312
-5.3 0.0133368
-5.29 0.0136481
-5.28 0.0139653
-5.27 0.0142885
-5.26 0.0146177
-5.25 0.0149529
-5.24 0.0152943
-5.23 0.0156419
-5.22 0.0159959
-5.21 0.0163562
-5.2 0.0167229
-5.19 0.0170962
-5.18 0.017476
-5.17 0.0178625
-5.16 0.0182557
-5.15 0.0186557
-5.14 0.0190625
-5.13 0.0194763
-5.12 0.019897
-5.11 0.0203248
-5.1 0.0207597
-5.09 0.0212018
-5.08 0.0216512
-5.07 0.0221078
-5.06 0.0225718
-5.05 0.0230433
-5.04 0.0235222
-5.03 0.0240087
-5.02 0.0245028
-5.01 0.0250046
-5 0.025514
-4.99 0.0260313
-4.98 0.0265564
-4.97 0.0270893
-4.96 0.0276302
-4.95 0.028179
-4.94 0.0287359
-4.93 0.0293009
-4.92 0.0298739
-4.91 0.0304551
-4.9 0.0310445
-4.89 0.0316422
-4.88 0.0322481
-4.87 0.0328623
-4.86 0.0334849
-4.85 0.0341158
-4.84 0.0347552
-4.83 0.035403
-4.82 0.0360592
-4.81 0.036724
-4.8 0.0373972
-4.79 0.038079
-4.78 0.0387693
-4.77 0.0394681
-4.76 0.0401756
-4.75 0.0408916
-4.74 0.0416162
-4.73 0.0423494
-4.72 0.0430912
-4.71 0.0438416
-4.7 0.0446006
-4.69 0.0453682
-4.68 0.0461444
-4.67 0.0469292
-4.66 0.0477225
-4.65 0.0485244
-4.64 0.0493348
-4.63 0.0501537
-4.62 0.0509811
-4.61 0.051817
-4.6 0.0526613
-4.59 0.053514
-4.58 0.054375
-4.57 0.0552443
-4.56 0.056122
-4.55 0.0570078
-4.54 0.0579019
-4.53 0.058804
-4.52 0.0597143
-4.51 0.0606325
-4.5 0.0615588
-4.49 0.0624928
-4.48 0.0634348
-4.47 0.0643844
-4.46 0.0653417
-4.45 0.0663066
-4.44 0.0672791
-4.43 0.0682589
-4.42 0.0692461
-4.41 0.0702405
-4.4 0.071242
-4.39 0.0722506
-4.38 0.0732662
-4.37 0.0742885
-4.36 0.0753176
-4.35 0.0763533
-4.34 0.0773954
-4.33 0.078444
-4.32 0.0794987
-4.31 0.0805596
-4.3 0.0816265
-4.29 0.0826992
-4.28 0.0837776
-4.27 0.0848615
-4.26 0.0859509
-4.25 0.0870455
-4.24 0.0881453
-4.23 0.08925
-4.22 0.0903594
-4.21 0.0914735
-4.2 0.0925921
-4.19 0.093715
-4.18 0.0948419
-4.17 0.0959728
-4.16 0.0971075
-4.15 0.0982457
-4.14 0.0993873
-4.13 0.100532
-4.12 0.10168
-4.11 0.10283
-4.1 0.103984
-4.09 0.105139
-4.08 0.106297
-4.07 0.107457
-4.06 0.108618
-4.05 0.109781
-4.04 0.110946
-4.03 0.112111
-4.02 0.113278
-4.01 0.114445
-4 0.115612
-3.99 0.11678
-3.98 0.117948
-3.97 0.119115
-3.96 0.120282
-3.95 0.121448
-3.94 0.122614
-3.93 0.123778
-3.92 0.12494
-3.91 0.126101
-3.9 0.12726
-3.89 0.128417
-3.88 0.129571
-3.87 0.130722
-3.86 0.131871
-3.85 0.133016
-3.84 0.134158
-3.83 0.135296
-3.82 0.13643
-3.81 0.137559
-3.8 0.138684
-3.79 0.139805
-3.78 0.14092
-3.77 0.14203
-3.76 0.143134
-3.75 0.144233
-3.74 0.145325
-3.73 0.146411
-3.72 0.14749
-3.71 0.148562
-3.7 0.149628
-3.69 0.150685
-3.68 0.151735
-3.67 0.152777
-3.66 0.153811
-3.65 0.154836
-3.64 0.155852
-3.63 0.15686
-3.62 0.157858
-3.61 0.158846
-3.6 0.159825
-3.59 0.160793
-3.58 0.161751
-3.57 0.162699
-3.56 0.163636
-3.55 0.164562
-3.54 0.165476
-3.53 0.166379
-3.52 0.16727
-3.51 0.168148
-3.5 0.169015
-3.49 0.169869
-3.48 0.17071
-3.47 0.171538
-3.46 0.172353
-3.45 0.173154
-3.44 0.173942
-3.43 0.174716
-3.42 0.175476
-3.41 0.176221
-3.4 0.176952
-3.39 0.177668
-3.38 0.178369
-3.37 0.179055
-3.36 0.179725
-3.35 0.18038
-3.34 0.181019
-3.33 0.181642
-3.32 0.182249
-3.31 0.18284
-3.3 0.183415
-3.29 0.183972
-3.28 0.184513
-3.27 0.185037
-3.26 0.185544
-3.25 0.186034
-3.24 0.186506
-3.23 0.186961
-3.22 0.187398
-3.21 0.187818
-3.2 0.188219
-3.19 0.188602
-3.18 0.188968
-3.17 0.189315
-3.16 0.189643
-3.15 0.189953
-3.14 0.190245
-3.13 0.190518
-3.12 0.190772
-3.11 0.191008
-3.1 0.191225
-3.09 0.191422
-3.08 0.191601
-3.07 0.191761
-3.06 0.191902
-3.05 0.192023
-3.04 0.192125
-3.03 0.192209
-3.02 0.192273
-3.01 0.192318
-3 0.192343
-2.99 0.192349
-2.98 0.192337
-2.97 0.192304
-2.96 0.192253
-2.95 0.192183
-2.94 0.192093
-2.93 0.191984
-2.92 0.191856
-2.91 0.191709
-2.9 0.191543
-2.89 0.191357
-2.88 0.191153
-2.87 0.190931
-2.86 0.190689
-2.85 0.190428
-2.84 0.190149
-2.83 0.189852
-2.82 0.189536
-2.81 0.189201
-2.8 0.188849
-2.79 0.188478
-2.78 0.188089
-2.77 0.187682
-2.76 0.187257
-2.75 0.186815
-2.74 0.186355
-2.73 0.185878
-2.72 0.185384
-2.71 0.184872
-2.7 0.184343
-2.69 0.183798
-2.68 0.183236
-2.67 0.182658
-2.66 0.182063
-2.65 0.181452
-2.64 0.180826
-2.63 0.180183
-2.62 0.179525
-2.61 0.178852
-2.6 0.178163
-2.59 0.17746
-2.58 0.176741
-2.57 0.176008
-2.56 0.175261
-2.55 0.1745
-2.54 0.173725
-2.53 0.172936
-2.52 0.172134
-2.51 0.171318
-2.5 0.17049
-2.49 0.169648
-2.48 0.168795
-2.47 0.167929
-2.46 0.167051
-2.45 0.166161
-2.44 0.165259
-2.43 0.164347
-2.42 0.163423
-2.41 0.162489
-2.4 0.161544
-2.39 0.160589
-2.38 0.159624
-2.37 0.158649
-2.36 0.157665
-2.35 0.156671
-2.34 0.155669
-2.33 0.154658
-2.32 0.153638
-2.31 0.152611
-2.3 0.151576
-2.29 0.150533
-2.28 0.149483
-2.27 0.148425
-2.26 0.147361
-2.25 0.146291
-2.24 0.145215
-2.23 0.144132
-2.22 0.143044
-2.21 0.14195
-2.2 0.140852
-2.19 0.139749
-2.18 0.138641
-2.17 0.137529
-2.16 0.136412
-2.15 0.135293
-2.14 0.134169
-2.13 0.133043
-2.12 0.131914
-2.11 0.130782
-2.1 0.129647
-2.09 0.128511
-2.08 0.127373
-2.07 0.126233
-2.06 0.125092
-2.05 0.12395
-2.04 0.122807
-2.03 0.121664
-2.02 0.12052
-2.01 0.119376
-2 0.118233
-1.99 0.11709
-1.98 0.115948
-1.97 0.114807
-1.96 0.113667
-1.95 0.112528
-1.94 0.111391
-1.93 0.110257
-1.92 0.109124
-1.91 0.107994
-1.9 0.106866
-1.89 0.105741
-1.88 0.10462
-1.87 0.103501
-1.86 0.102387
-1.85 0.101275
-1.84 0.100168
-1.83 0.0990652
-1.82 0.0979666
-1.81 0.0968725
-1.8 0.0957831
-1.79 0.0946987
-1.78 0.0936194
-1.77 0.0925454
-1.76 0.0914769
-1.75 0.0904141
-1.74 0.0893572
-1.73 0.0883063
-1.72 0.0872616
-1.71 0.0862233
-1.7 0.0851915
-1.69 0.0841664
-1.68 0.0831481
-1.67 0.0821368
-1.66 0.0811327
-1.65 0.0801358
-1.64 0.0791464
-1.63 0.0781645
-1.62 0.0771904
-1.61 0.076224
-1.6 0.0752656
-1.59 0.0743152
-1.58 0.073373
-1.57 0.0724392
-1.56 0.0715137
-1.55 0.0705967
-1.54 0.0696883
-1.53 0.0687887
-1.52 0.0678978
-1.51 0.0670159
-1.5 0.0661429
-1.49 0.0652789
-1.48 0.0644241
-1.47 0.0635785
-1.46 0.0627422
-1.45 0.0619153
-1.44 0.0610977
-1.43 0.0602896
-1.42 0.059491
-1.41 0.0587021
-1.4 0.0579227
-1.39 0.057153
-1.38 0.056393
-1.37 0.0556427
-1.36 0.0549023
-1.35 0.0541716
-1.34 0.0534508
-1.33 0.0527398
-1.32 0.0520387
-1.31 0.0513475
-1.3 0.0506661
-1.29 0.0499947
-1.28 0.0493332
-1.27 0.0486816
-1.26 0.04804
-1.25 0.0474082
-1.24 0.0467863
-1.23 0.0461744
-1.22 0.0455722
-1.21 0.04498
-1.2 0.0443976
-1.19 0.0438249
-1.18 0.0432621
-1.17 0.042709
-1.16 0.0421656
-1.15 0.0416319
-1.14 0.0411079
-1.13 0.0405934
-1.12 0.0400885
-1.11 0.0395931
-1.1 0.0391072
-1.09 0.0386306
-1.08 0.0381634
-1.07 0.0377055
-1.06 0.0372568
-1.05 0.0368173
-1.04 0.0363869
-1.03 0.0359655
-1.02 0.0355531
-1.01 0.0351495
-1 0.0347548
-0.99 0.0343688
-0.98 0.0339915
-0.97 0.0336227
-0.96 0.0332624
-0.95 0.0329106
-0.94 0.032567
-0.93 0.0322317
-0.92 0.0319046
-0.91 0.0315855
-0.9 0.0312743
-0.89 0.030971
-0.88 0.0306755
-0.87 0.0303877
-0.86 0.0301074
-0.85 0.0298346
-0.84 0.0295692
-0.83 0.029311
-0.82 0.02906
-0.81 0.028816
-0.8 0.028579
-0.79 0.0283489
-0.78 0.0281254
-0.77 0.0279086
-0.76 0.0276984
-0.75 0.0274945
-0.74 0.0272969
-0.73 0.0271055
-0.72 0.0269202
-0.71 0.0267408
-0.7 0.0265673
-0.69 0.0263995
-0.68 0.0262373
-0.67 0.0260807
-0.66 0.0259294
-0.65 0.0257835
-0.64 0.0256426
-0.63 0.0255069
-0.62 0.0253761
-0.61 0.0252501
-0.6 0.0251288
-0.59 0.0250121
-0.58 0.0249
-0.57 0.0247922
-0.56 0.0246886
-0.55 0.0245892
-0.54 0.0244939
-0.53 0.0244025
-0.52 0.024315
-0.51 0.0242311
-0.5 0.0241509
-0.49 0.0240742
-0.48 0.0240009
-0.47 0.0239309
-0.46 0.0238641
-0.45 0.0238004
-0.44 0.0237397
-0.43 0.0236819
-0.42 0.0236269
-0.41 0.0235746
-0.4 0.023525
-0.39 0.0234778
-0.38 0.0234331
-0.37 0.0233907
-0.36 0.0233505
-0.35 0.0233126
-0.34 0.0232767
-0.33 0.0232428
-0.32 0.0232108
-0.31 0.0231807
-0.3 0.0231523
-0.29 0.0231256
-0.28 0.0231005
-0.27 0.023077
-0.26 0.0230549
-0.25 0.0230342
-0.24 0.0230149
-0.23 0.0229968
-0.22 0.02298
-0.21 0.0229643
-0.2 0.0229498
-0.19 0.0229363
-0.18 0.0229238
-0.17 0.0229122
-0.16 0.0229016
-0.15 0.0228918
-0.14 0.0228828
-0.13 0.0228746
-0.12 0.0228672
-0.11 0.0228605
-0.1 0.0228545
-0.09 0.0228491
-0.08 0.0228444
-0.07 0.0228403
-0.06 0.0228368
-0.05 0.0228338
-0.04 0.0228314
-0.03 0.0228295
-0.02 0.0228282
-0.01 0.0228274
0 0.0228272
0.01 0.0228274
0.02 0.0228282
0.03 0.0228295
0.04 0.0228314
0.05 0.0228338
0.06 0.0228368
0.07 0.0228403
0.08 0.0228444
0.09 0.0228491
0.1 0.0228545
0.11 0.0228605
0.12 0.0228672
0.13 0.0228746
0.14 0.0228828
0.15 0.0228918
0.16 0.0229016
0.17 0.0229122
0.18 0.0229238
0.19 0.0229363
0.2 0.0229498
0.21 0.0229643
0.22 0.02298
0.23 0.0229968
0.24 0.0230149
0.25 0.0230342
0.26 0.0230549
0.27 0.023077
0.28 0.0231005
0.29 0.0231256
0.3 0.0231523
0.31 0.0231807
0.32 0.0232108
0.33 0.0232428
0.34 0.0232767
0.35 0.0233126
0.36 0.0233505
0.37 0.0233907
0.38 0.0234331
0.39 0.0234778
0.4 0.023525
0.41 0.0235746
0.42 0.0236269
0.43 0.0236819
0.44 0.0237397
0.45 0.0238004
0.46 0.0238641
0.47 0.0239309
0.48 0.0240009
0.49 0.0240742
0.5 0.0241509
0.51 0.0242311
0.52 0.024315
0.53 0.0244025
0.54 0.0244939
0.55 0.0245892
0.56 0.0246886
0.57 0.0247922
0.58 0.0249
0.59 0.0250121
0.6 0.0251288
0.61 0.0252501
0.62 0.0253761
0.63 0.0255069
0.64 0.0256426
0.65 0.0257835
0.66 0.0259294
0.67 0.0260807
0.68 0.0262373
0.69 0.0263995
0.7 0.0265673
0.71 0.0267408
0.72 0.0269202
0.73 0.0271055
0.74 0.0272969
0.75 0.0274945
0.76 0.0276984
0.77 0.0279086
0.78 0.0281254
0.79 0.0283489
0.8 0.028579
0.81 0.028816
0.82 0.02906
0.83 0.029311
0.84 0.0295692
0.85 0.0298346
0.86 0.0301074
0.87 0.0303877
0.88 0.0306755
0.89 0.030971
0.9 0.0312743
0.91 0.0315855
0.92 0.0319046
0.93 0.0322317
0.94 0.032567
0.95 0.0329106
0.96 0.0332624
0.97 0.0336227
0.98 0.0339915
0.99 0.0343688
1 0.0347548
1.01 0.0351495
1.02 0.0355531
1.03 0.0359655
1.04 0.0363869
1.05 0.0368173
1.06 0.0372568
1.07 0.0377055
1.08 0.0381634
1.09 0.0386306
1.1 0.0391072
1.11 0.0395931
1.12 0.0400885
1.13 0.0405934
1.14 0.0411079
1.15 0.0416319
1.16 0.0421656
1.17 0.042709
1.18 0.0432621
1.19 0.0438249
1.2 0.0443976
1.21 0.04498
1.22 0.0455722
1.23 0.0461744
1.24 0.0467863
1.25 0.0474082
1.26 0.04804
1.27 0.0486816
1.28 0.0493332
1.29 0.0499947
1.3 0.0506661
1.31 0.0513475
1.32 0.0520387
1.33 0.0527398
1.34 0.0534508
1.35 0.0541716
1.36 0.0549023
1.37 0.0556427
1.38 0.056393
1.39 0.057153
1.4 0.0579227
1.41 0.0587021
1.42 0.059491
1.43 0.0602896
1.44 0.0610977
1.45 0.0619153
1.46 0.0627422
1.47 0.0635785
1.48 0.0644241
1.49 0.0652789
1.5 0.0661429
1.51 0.0670159
1.52 0.0678978
1.53 0.0687887
1.54 0.0696883
1.55 0.0705967
1.56 0.0715137
1.57 0.0724392
1.58 0.073373
1.59 0.0743152
1.6 0.0752656
1.61 0.076224
1.62 0.0771904
1.63 0.0781645
1.64 0.0791464
1.65 0.0801358
1.66 0.0811327
1.67 0.0821368
1.68 0.0831481
1.69 0.0841664
1.7 0.0851915
1.71 0.0862233
1.72 0.0872616
1.73 0.0883063
1.74 0.0893572
1.75 0.0904141
1.76 0.0914769
1.77 0.0925454
1.78 0.0936194
1.79 0.0946987
1.8 0.0957831
1.81 0.0968725
1.82 0.0979666
1.83 0.0990652
1.84 0.100168
1.85 0.101275
1.86 0.102387
1.87 0.103501
1.88 0.10462
1.89 0.105741
1.9 0.106866
1.91 0.107994
1.92 0.109124
1.93 0.110257
1.94 0.111391
1.95 0.112528
1.96 0.113667
1.97 0.114807
1.98 0.115948
1.99 0.11709
2 0.118233
2.01 0.119376
2.02 0.12052
2.03 0.121664
2.04 0.122807
2.05 0.12395
2.06 0.125092
2.07 0.126233
2.08 0.127373
2.09 0.128511
2.1 0.129647
2.11 0.130782
2.12 0.131914
2.13 0.133043
2.14 0.134169
2.15 0.135293
2.16 0.136412
2.17 0.137529
2.18 0.138641
2.19 0.139749
2.2 0.140852
2.21 0.14195
2.22 0.143044
2.23 0.144132
2.24 0.145215
2.25 0.146291
2.26 0.147361
2.27 0.148425
2.28 0.149483
2.29 0.150533
2.3 0.151576
2.31 0.152611
2.32 0.153638
2.33 0.154658
2.34 0.155669
2.35 0.156671
2.36 0.157665
2.37 0.158649
2.38 0.159624
2.39 0.160589
2.4 0.161544
2.41 0.162489
2.42 0.163423
2.43 0.164347
2.44 0.165259
2.45 0.166161
2.46 0.167051
2.47 0.167929
2.48 0.168795
2.49 0.169648
2.5 0.17049
2.51 0.171318
2.52 0.172134
2.53 0.172936
2.54 0.173725
2.55 0.1745
2.56 0.175261
2.57 0.176008
2.58 0.176741
2.59 0.17746
2.6 0.178163
2.61 0.178852
2.62 0.179525
2.63 0.180183
2.64 0.180826
2.65 0.181452
2.66 0.182063
2.67 0.182658
2.68 0.183236
2.69 0.183798
2.7 0.184343
2.71 0.184872
2.72 0.185384
2.73 0.185878
2.74 0.186355
2.75 0.186815
2.76 0.187257
2.77 0.187682
2.78 0.188089
2.79 0.188478
2.8 0.188849
2.81 0.189201
2.82 0.189536
2.83 0.189852
2.84 0.190149
2.85 0.190428
2.86 0.190689
2.87 0.190931
2.88 0.191153
2.89 0.191357
2.9 0.191543
2.91 0.191709
2.92 0.191856
2.93 0.191984
2.94 0.192093
2.95 0.192183
2.96 0.192253
2.97 0.192304
2.98 0.192337
2.99 0.192349
3 0.192343
3.01 0.192318
3.02 0.192273
3.03 0.192209
3.04 0.192125
3.05 0.192023
3.06 0.191902
3.07 0.191761
3.08 0.191601
3.09 0.191422
3.1 0.191225
3.11 0.191008
3.12 0.190772
3.13 0.190518
3.14 0.190245
3.15 0.189953
3.16 0.189643
3.17 0.189315
3.18 0.188968
3.19 0.188602
3.2 0.188219
3.21 0.187818
3.22 0.187398
3.23 0.186961
3.24 0.186506
3.25 0.186034
3.26 0.185544
3.27 0.185037
3.28 0.184513
3.29 0.183972
3.3 0.183415
3.31 0.18284
3.32 0.182249
3.33 0.181642
3.34 0.181019
3.35 0.18038
3.36 0.179725
3.37 0.179055
3.38 0.178369
3.39 0.177668
3.4 0.176952
3.41 0.176221
3.42 0.175476
3.43 0.174716
3.44 0.173942
3.45 0.173154
3.46 0.172353
3.47 0.171538
3.48 0.17071
3.49 0.169869
3.5 0.169015
3.51 0.168148
3.52 0.16727
3.53 0.166379
3.54 0.165476
3.55 0.164562
3.56 0.163636
3.57 0.162699
3.58 0.161751
3.59 0.160793
3.6 0.159825
3.61 0.158846
3.62 0.157858
3.63 0.15686
3.64 0.155852
3.65 0.154836
3.66 0.153811
3.67 0.152777
3.68 0.151735
3.69 0.150685
3.7 0.149628
3.71 0.148562
3.72 0.14749
3.73 0.146411
3.74 0.145325
3.75 0.144233
3.76 0.143134
3.77 0.14203
3.78 0.14092
3.79 0.139805
3.8 0.138684
3.81 0.137559
3.82 0.13643
3.83 0.135296
3.84 0.134158
3.85 0.133016
3.86 0.131871
3.87 0.130722
3.88 0.129571
3.89 0.128417
3.9 0.12726
3.91 0.126101
3.92 0.12494
3.93 0.123778
3.94 0.122614
3.95 0.121448
3.96 0.120282
3.97 0.119115
3.98 0.117948
3.99 0.11678
4 0.115612
4.01 0.114445
4.02 0.113278
4.03 0.112111
4.04 0.110946
4.05 0.109781
4.06 0.108618
4.07 0.107457
4.08 0.106297
4.09 0.105139
4.1 0.103984
4.11 0.10283
4.12 0.10168
4.13 0.100532
4.14 0.0993873
4.15 0.0982457
4.16 0.0971075
4.17 0.0959728
4.18 0.0948419
4.19 0.093715
4.2 0.0925921
4.21 0.0914735
4.22 0.0903594
4.23 0.08925
4.24 0.0881453
4.25 0.0870455
4.26 0.0859509
4.27 0.0848615
4.28 0.0837776
4.29 0.0826992
4.3 0.0816265
4.31 0.0805596
4.32 0.0794987
4.33 0.078444
4.34 0.0773954
4.35 0.0763533
4.36 0.0753176
4.37 0.0742885
4.38 0.0732662
4.39 0.0722506
4.4 0.071242
4.41 0.0702405
4.42 0.0692461
4.43 0.0682589
4.44 0.0672791
4.45 0.0663066
4.46 0.0653417
4.47 0.0643844
4.48 0.0634348
4.49 0.0624928
4.5 0.0615588
4.51 0.0606325
4.52 0.0597143
4.53 0.058804
4.54 0.0579019
4.55 0.0570078
4.56 0.056122
4.57 0.0552443
4.58 0.054375
4.59 0.053514
4.6 0.0526613
4.61 0.051817
4.62 0.0509811
4.63 0.0501537
4.64 0.0493348
4.65 0.0485244
4.66 0.0477225
4.67 0.0469292
4.68 0.0461444
4.69 0.0453682
4.7 0.0446006
4.71 0.0438416
4.72 0.0430912
4.73 0.0423494
4.74 0.0416162
4.75 0.0408916
4.76 0.0401756
4.77 0.0394681
4.78 0.0387693
4.79 0.038079
4.8 0.0373972
4.81 0.036724
4.82 0.0360592
4.83 0.035403
4.84 0.0347552
4.85 0.0341158
4.86 0.0334849
4.87 0.0328623
4.88 0.0322481
4.89 0.0316422
4.9 0.0310445
4.91 0.0304551
4.92 0.0298739
4.93 0.0293009
4.94 0.0287359
4.95 0.028179
4.96 0.0276302
4.97 0.0270893
4.98 0.0265564
4.99 0.0260313
5 0.025514
5.01 0.0250046
5.02 0.0245028
5.03 0.0240087
5.04 0.0235222
5.05 0.0230433
5.06 0.0225718
5.07 0.0221078
5.08 0.0216512
5.09 0.0212018
5.1 0.0207597
5.11 0.0203248
5.12 0.019897
5.13 0.0194763
5.14 0.0190625
5.15 0.0186557
5.16 0.0182557
5.17 0.0178625
5.18 0.017476
5.19 0.0170962
5.2 0.0167229
5.21 0.0163562
5.22 0.0159959
5.23 0.0156419
5.24 0.0152943
5.25 0.0149529
5.26 0.0146177
5.27 0.0142885
5.28 0.0139653
5.29 0.0136481
5.3 0.0133368
5.31 0.0130312
5.32 0.0127314
5.33 0.0124372
5.34 0.0121486
5.35 0.0118656
5.36 0.0115879
5.37 0.0113156
5.38 0.0110486
5.39 0.0107869
5.4 0.0105302
5.41 0.0102787
5.42 0.0100321
5.43 0.00979051
5.44 0.00955375
5.45 0.00932179
5.46 0.00909455
5.47 0.00887195
5.48 0.00865394
5.49 0.00844044
5.5 0.00823138
5.51 0.0080267
5.52 0.00782632
5.53 0.00763018
5.54 0.00743821
5.55 0.00725034
5.56 0.00706651
5.57 0.00688665
5.58 0.00671069
5.59 0.00653858
5.6 0.00637024
5.61 0.00620562
5.62 0.00604464
5.63 0.00588725
5.64 0.00573338
5.65 0.00558297
5.66 0.00543597
5.67 0.0052923
5.68 0.00515192
5.69 0.00501476
5.7 0.00488076
5.71 0.00474986
5.72 0.00462201
5.73 0.00449716
5.74 0.00437523
5.75 0.00425619
5.76 0.00413997
5.77 0.00402652
5.78 0.00391579
5.79 0.00380772
5.8 0.00370226
5.81 0.00359936
5.82 0.00349897
5.83 0.00340104
5.84 0.00330552
5.85 0.00321236
5.86 0.00312152
5.87 0.00303293
5.88 0.00294657
5.89 0.00286238
5.9 0.00278032
5.91 0.00270034
5.92 0.00262239
5.93 0.00254644
5.94 0.00247245
5.95 0.00240036
5.96 0.00233014
5.97 0.00226175
5.98 0.00219514
5.99 0.00213029
