-6 0.000216015
-5.99 0.000223976
-5.98 0.000232207
-5.97 0.000240716
-5.96 0.000249512
-5.95 0.000258604
-5.94 0.000267999
-5.93 0.000277709
-5.92 0.000287741
-5.91 0.000298105
-5.9 0.000308812
-5.89 0.000319871
-5.88 0.000331293
-5.87 0.000343088
-5.86 0.000355267
-5.85 0.000367842
-5.84 0.000380824
-5.83 0.000394224
-5.82 0.000408055
-5.81 0.000422328
-5.8 0.000437057
-5.79 0.000452254
-5.78 0.000467932
-5.77 0.000484105
-5.76 0.000500787
-5.75 0.000517992
-5.74 0.000535734
-5.73 0.000554028
-5.72 0.000572888
-5.71 0.000592332
-5.7 0.000612374
-5.69 0.00063303
-5.68 0.000654317
-5.67 0.000676253
-5.66 0.000698853
-5.65 0.000722136
-5.64 0.00074612
-5.63 0.000770822
-5.62 0.000796263
-5.61 0.000822461
-5.6 0.000849435
-5.59 0.000877205
-5.58 0.000905793
-5.57 0.000935218
-5.56 0.000965502
-5.55 0.000996666
-5.54 0.00102873
-5.53 0.00106172
-5.52 0.00109566
-5.51 0.00113058
-5.5 0.00116648
-5.49 0.00120341
-5.48 0.00124138
-5.47 0.00128042
-5.46 0.00132055
-5.45 0.00136181
-5.44 0.00140421
-5.43 0.00144779
-5.42 0.00149257
-5.41 0.00153858
-5.4 0.00158585
-5.39 0.0016344
-5.38 0.00168428
-5.37 0.0017355
-5.36 0.0017881
-5.35 0.00184211
-5.34 0.00189756
-5.33 0.00195448
-5.32 0.00201291
-5.31 0.00207287
-5.3 0.00213441
-5.29 0.00219756
-5.28 0.00226234
-5.27 0.0023288
-5.26 0.00239697
-5.25 0.00246689
-5.24 0.0025386
-5.23 0.00261212
-5.22 0.00268751
-5.21 0.00276479
-5.2 0.00284401
-5.19 0.0029252
-5.18 0.00300841
-5.17 0.00309368
-5.16 0.00318104
-5.15 0.00327054
-5.14 0.00336222
-5.13 0.00345613
-5.12 0.0035523
-5.11 0.00365078
-5.1 0.00375161
-5.09 0.00385484
-5.08 0.00396051
-5.07 0.00406867
-5.06 0.00417936
-5.05 0.00429263
-5.04 0.00440853
-5.03 0.00452711
-5.02 0.0046484
-5.01 0.00477247
-5 0.00489935
-4.99 0.00502911
-4.98 0.00516178
-4.97 0.00529742
-4.96 0.00543607
-4.95 0.0055778
-4.94 0.00572264
-4.93 0.00587066
-4.92 0.00602189
-4.91 0.00617641
-4.9 0.00633425
-4.89 0.00649547
-4.88 0.00666013
-4.87 0.00682827
-4.86 0.00699996
-4.85 0.00717524
-4.84 0.00735417
-4.83 0.0075368
-4.82 0.0077232
-4.81 0.0079134
-4.8 0.00810748
-4.79 0.00830549
-4.78 0.00850747
-4.77 0.00871349
-4.76 0.0089236
-4.75 0.00913786
-4.74 0.00935632
-4.73 0.00957905
-4.72 0.00980609
-4.71 0.0100375
-4.7 0.0102733
-4.69 0.0105137
-4.68 0.0107585
-4.67 0.011008
-4.66 0.0112621
-4.65 0.0115209
-4.64 0.0117845
-4.63 0.0120529
-4.62 0.0123262
-4.61 0.0126044
-4.6 0.0128876
-4.59 0.0131758
-4.58 0.0134691
-4.57 0.0137676
-4.56 0.0140713
-4.55 0.0143802
-4.54 0.0146944
-4.53 0.015014
-4.52 0.015339
-4.51 0.0156695
-4.5 0.0160054
-4.49 0.0163469
-4.48 0.0166941
-4.47 0.0170468
-4.46 0.0174053
-4.45 0.0177696
-4.44 0.0181396
-4.43 0.0185155
-4.42 0.0188973
-4.41 0.019285
-4.4 0.0196787
-4.39 0.0200784
-4.38 0.0204842
-4.37 0.0208961
-4.36 0.0213141
-4.35 0.0217382
-4.34 0.0221686
-4.33 0.0226053
-4.32 0.0230482
-4.31 0.0234975
-4.3 0.0239531
-4.29 0.024415
-4.28 0.0248834
-4.27 0.0253582
-4.26 0.0258395
-4.25 0.0263273
-4.24 0.0268216
-4.23 0.0273224
-4.22 0.0278298
-4.21 0.0283437
-4.2 0.0288642
-4.19 0.0293914
-4.18 0.0299251
-4.17 0.0304655
-4.16 0.0310125
-4.15 0.0315662
-4.14 0.0321265
-4.13 0.0326935
-4.12 0.0332672
-4.11 0.0338475
-4.1 0.0344345
-4.09 0.0350281
-4.08 0.0356284
-4.07 0.0362354
-4.06 0.0368489
-4.05 0.0374691
-4.04 0.0380959
-4.03 0.0387293
-4.02 0.0393693
-4.01 0.0400158
-4 0.0406689
-3.99 0.0413284
-3.98 0.0419945
-3.97 0.042667
-3.96 0.0433458
-3.95 0.0440311
-3.94 0.0447227
-3.93 0.0454206
-3.92 0.0461248
-3.91 0.0468351
-3.9 0.0475517
-3.89 0.0482743
-3.88 0.049003
-3.87 0.0497377
-3.86 0.0504783
-3.85 0.0512248
-3.84 0.0519772
-3.83 0.0527352
-3.82 0.053499
-3.81 0.0542684
-3.8 0.0550432
-3.79 0.0558236
-3.78 0.0566093
-3.77 0.0574003
-3.76 0.0581965
-3.75 0.0589979
-3.74 0.0598042
-3.73 0.0606155
-3.72 0.0614316
-3.71 0.0622525
-3.7 0.0630779
-3.69 0.0639079
-3.68 0.0647423
-3.67 0.065581
-3.66 0.0664239
-3.65 0.0672709
-3.64 0.0681219
-3.63 0.0689766
-3.62 0.0698351
-3.61 0.0706971
-3.6 0.0715626
-3.59 0.0724314
-3.58 0.0733034
-3.57 0.0741785
-3.56 0.0750564
-3.55 0.0759371
-3.54 0.0768204
-3.53 0.0777062
-3.52 0.0785943
-3.51 0.0794846
-3.5 0.0803768
-3.49 0.081271
-3.48 0.0821668
-3.47 0.0830641
-3.46 0.0839628
-3.45 0.0848627
-3.44 0.0857637
-3.43 0.0866655
-3.42 0.0875679
-3.41 0.0884709
-3.4 0.0893742
-3.39 0.0902777
-3.38 0.0911812
-3.37 0.0920844
-3.36 0.0929873
-3.35 0.0938896
-3.34 0.0947911
-3.33 0.0956916
-3.32 0.0965911
-3.31 0.0974891
-3.3 0.0983857
-3.29 0.0992805
-3.28 0.100173
-3.27 0.101064
-3.26 0.101953
-3.25 0.102839
-3.24 0.103722
-3.23 0.104602
-3.22 0.10548
-3.21 0.106354
-3.2 0.107224
-3.19 0.108091
-3.18 0.108953
-3.17 0.109812
-3.16 0.110666
-3.15 0.111516
-3.14 0.112361
-3.13 0.113201
-3.12 0.114036
-3.11 0.114866
-3.1 0.11569
-3.09 0.116508
-3.08 0.117321
-3.07 0.118127
-3.06 0.118927
-3.05 0.11972
-3.04 0.120506
-3.03 0.121286
-3.02 0.122058
-3.01 0.122823
-3 0.12358
-2.99 0.12433
-2.98 0.125072
-2.97 0.125805
-2.96 0.12653
-2.95 0.127247
-2.94 0.127955
-2.93 0.128654
-2.92 0.129344
-2.91 0.130025
-2.9 0.130696
-2.89 0.131358
-2.88 0.13201
-2.87 0.132652
-2.86 0.133283
-2.85 0.133905
-2.84 0.134516
-2.83 0.135116
-2.82 0.135705
-2.81 0.136284
-2.8 0.136852
-2.79 0.137408
-2.78 0.137953
-2.77 0.138486
-2.76 0.139007
-2.75 0.139517
-2.74 0.140015
-2.73 0.140501
-2.72 0.140974
-2.71 0.141435
-2.7 0.141884
-2.69 0.14232
-2.68 0.142743
-2.67 0.143154
-2.66 0.143552
-2.65 0.143936
-2.64 0.144308
-2.63 0.144667
-2.62 0.145012
-2.61 0.145344
-2.6 0.145662
-2.59 0.145967
-2.58 0.146259
-2.57 0.146537
-2.56 0.146801
-2.55 0.147052
-2.54 0.147288
-2.53 0.147511
-2.52 0.14772
-2.51 0.147916
-2.5 0.148097
-2.49 0.148264
-2.48 0.148418
-2.47 0.148558
-2.46 0.148683
-2.45 0.148795
-2.44 0.148893
-2.43 0.148977
-2.42 0.149047
-2.41 0.149103
-2.4 0.149145
-2.39 0.149173
-2.38 0.149188
-2.37 0.149189
-2.36 0.149176
-2.35 0.14915
-2.34 0.14911
-2.33 0.149057
-2.32 0.14899
-2.31 0.14891
-2.3 0.148817
-2.29 0.148711
-2.28 0.148591
-2.27 0.148459
-2.26 0.148314
-2.25 0.148156
-2.24 0.147986
-2.23 0.147803
-2.22 0.147608
-2.21 0.1474
-2.2 0.147181
-2.19 0.14695
-2.18 0.146707
-2.17 0.146452
-2.16 0.146187
-2.15 0.14591
-2.14 0.145622
-2.13 0.145323
-2.12 0.145013
-2.11 0.144693
-2.1 0.144363
-2.09 0.144023
-2.08 0.143673
-2.07 0.143313
-2.06 0.142944
-2.05 0.142566
-2.04 0.142178
-2.03 0.141783
-2.02 0.141378
-2.01 0.140966
-2 0.140546
-1.99 0.140118
-1.98 0.139682
-1.97 0.13924
-1.96 0.13879
-1.95 0.138334
-1.94 0.137872
-1.93 0.137404
-1.92 0.13693
-1.91 0.13645
-1.9 0.135966
-1.89 0.135476
-1.88 0.134982
-1.87 0.134484
-1.86 0.133982
-1.85 0.133476
-1.84 0.132967
-1.83 0.132455
-1.82 0.131941
-1.81 0.131424
-1.8 0.130905
-1.79 0.130385
-1.78 0.129863
-1.77 0.12934
-1.76 0.128817
-1.75 0.128293
-1.74 0.127769
-1.73 0.127246
-1.72 0.126724
-1.71 0.126202
-1.7 0.125682
-1.69 0.125164
-1.68 0.124647
-1.67 0.124134
-1.66 0.123623
-1.65 0.123115
-1.64 0.122611
-1.63 0.12211
-1.62 0.121614
-1.61 0.121122
-1.6 0.120636
-1.59 0.120154
-1.58 0.119678
-1.57 0.119208
-1.56 0.118744
-1.55 0.118287
-1.54 0.117836
-1.53 0.117393
-1.52 0.116958
-1.51 0.11653
-1.5 0.11611
-1.49 0.115699
-1.48 0.115297
-1.47 0.114904
-1.46 0.114521
-1.45 0.114147
-1.44 0.113783
-1.43 0.11343
-1.42 0.113087
-1.41 0.112756
-1.4 0.112435
-1.39 0.112126
-1.38 0.111829
-1.37 0.111543
-1.36 0.11127
-1.35 0.111009
-1.34 0.110761
-1.33 0.110526
-1.32 0.110305
-1.31 0.110096
-1.3 0.109901
-1.29 0.10972
-1.28 0.109553
-1.27 0.109401
-1.26 0.109262
-1.25 0.109138
-1.24 0.109029
-1.23 0.108934
-1.22 0.108855
-1.21 0.108791
-1.2 0.108741
-1.19 0.108708
-1.18 0.108689
-1.17 0.108686
-1.16 0.108699
-1.15 0.108727
-1.14 0.108771
-1.13 0.108831
-1.12 0.108906
-1.11 0.108998
-1.1 0.109105
-1.09 0.109228
-1.08 0.109367
-1.07 0.109522
-1.06 0.109692
-1.05 0.109878
-1.04 0.11008
-1.03 0.110297
-1.02 0.11053
-1.01 0.110779
-1 0.111042
-0.99 0.111321
-0.98 0.111615
-0.97 0.111924
-0.96 0.112248
-0.95 0.112586
-0.94 0.112939
-0.93 0.113306
-0.92 0.113687
-0.91 0.114082
-0.9 0.114491
-0.89 0.114913
-0.88 0.115348
-0.87 0.115796
-0.86 0.116257
-0.85 0.11673
-0.84 0.117215
-0.83 0.117712
-0.82 0.11822
-0.81 0.11874
-0.8 0.11927
-0.79 0.119811
-0.78 0.120361
-0.77 0.120922
-0.76 0.121492
-0.75 0.122071
-0.74 0.122658
-0.73 0.123254
-0.72 0.123858
-0.71 0.124469
-0.7 0.125087
-0.69 0.125711
-0.68 0.126342
-0.67 0.126978
-0.66 0.127619
-0.65 0.128266
-0.64 0.128916
-0.63 0.12957
-0.62 0.130228
-0.61 0.130889
-0.6 0.131552
-0.59 0.132216
-0.58 0.132883
-0.57 0.13355
-0.56 0.134218
-0.55 0.134885
-0.54 0.135552
-0.53 0.136218
-0.52 0.136883
-0.51 0.137545
-0.5 0.138205
-0.49 0.138861
-0.48 0.139514
-0.47 0.140164
-0.46 0.140808
-0.45 0.141447
-0.44 0.142081
-0.43 0.142709
-0.42 0.14333
-0.41 0.143945
-0.4 0.144551
-0.39 0.14515
-0.38 0.14574
-0.37 0.146322
-0.36 0.146894
-0.35 0.147456
-0.34 0.148008
-0.33 0.148549
-0.32 0.149079
-0.31 0.149597
-0.3 0.150103
-0.29 0.150597
-0.28 0.151079
-0.27 0.151547
-0.26 0.152001
-0.25 0.152442
-0.24 0.152868
-0.23 0.15328
-0.22 0.153676
-0.21 0.154058
-0.2 0.154423
-0.19 0.154773
-0.18 0.155107
-0.17 0.155424
-0.16 0.155725
-0.15 0.156008
-0.14 0.156275
-0.13 0.156524
-0.12 0.156755
-0.11 0.156969
-0.1 0.157164
-0.09 0.157342
-0.08 0.157501
-0.07 0.157642
-0.06 0.157764
-0.05 0.157867
-0.04 0.157952
-0.03 0.158018
-0.02 0.158066
-0.01 0.158094
0 0.158103
0.01 0.158094
0.02 0.158066
0.03 0.158018
0.04 0.157952
0.05 0.157867
0.06 0.157764
0.07 0.157642
0.08 0.157501
0.09 0.157342
0.1 0.157164
0.11 0.156969
0.12 0.156755
0.13 0.156524
0.14 0.156275
0.15 0.156008
0.16 0.155725
0.17 0.155424
0.18 0.155107
0.19 0.154773
0.2 0.154423
0.21 0.154058
0.22 0.153676
0.23 0.15328
0.24 0.152868
0.25 0.152442
0.26 0.152001
0.27 0.151547
0.28 0.151079
0.29 0.150597
0.3 0.150103
0.31 0.149597
0.32 0.149079
0.33 0.148549
0.34 0.148008
0.35 0.147456
0.36 0.146894
0.37 0.146322
0.38 0.14574
0.39 0.14515
0.4 0.144551
0.41 0.143945
0.42 0.14333
0.43 0.142709
0.44 0.142081
0.45 0.141447
0.46 0.140808
0.47 0.140164
0.48 0.139514
0.49 0.138861
0.5 0.138205
0.51 0.137545
0.52 0.136883
0.53 0.136218
0.54 0.135552
0.55 0.134885
0.56 0.134218
0.57 0.13355
0.58 0.132883
0.59 0.132216
0.6 0.131552
0.61 0.130889
0.62 0.130228
0.63 0.12957
0.64 0.128916
0.65 0.128266
0.66 0.127619
0.67 0.126978
0.68 0.126342
0.69 0.125711
0.7 0.125087
0.71 0.124469
0.72 0.123858
0.73 0.123254
0.74 0.122658
0.75 0.122071
0.76 0.121492
0.77 0.120922
0.78 0.120361
0.79 0.119811
0.8 0.11927
0.81 0.11874
0.82 0.11822
0.83 0.117712
0.84 0.117215
0.85 0.11673
0.86 0.116257
0.87 0.115796
0.88 0.115348
0.89 0.114913
0.9 0.114491
0.91 0.114082
0.92 0.113687
0.93 0.113306
0.94 0.112939
0.95 0.112586
0.96 0.112248
0.97 0.111924
0.98 0.111615
0.99 0.111321
1 0.111042
1.01 0.110779
1.02 0.11053
1.03 0.110297
1.04 0.11008
1.05 0.109878
1.06 0.109692
1.07 0.109522
1.08 0.109367
1.09 0.109228
1.1 0.109105
1.11 0.108998
1.12 0.108906
1.13 0.108831
1.14 0.108771
1.15 0.108727
1.16 0.108699
1.17 0.108686
1.18 0.108689
1.19 0.108708
1.2 0.108741
1.21 0.108791
1.22 0.108855
1.23 0.108934
1.24 0.109029
1.25 0.109138
1.26 0.109262
1.27 0.109401
1.28 0.109553
1.29 0.10972
1.3 0.109901
1.31 0.110096
1.32 0.110305
1.33 0.110526
1.34 0.110761
1.35 0.111009
1.36 0.11127
1.37 0.111543
1.38 0.111829
1.39 0.112126
1.4 0.112435
1.41 0.112756
1.42 0.113087
1.43 0.11343
1.44 0.113783
1.45 0.114147
1.46 0.114521
1.47 0.114904
1.48 0.115297
1.49 0.115699
1.5 0.11611
1.51 0.11653
1.52 0.116958
1.53 0.117393
1.54 0.117836
1.55 0.118287
1.56 0.118744
1.57 0.119208
1.58 0.119678
1.59 0.120154
1.6 0.120636
1.61 0.121122
1.62 0.121614
1.63 0.12211
1.64 0.122611
1.65 0.123115
1.66 0.123623
1.67 0.124134
1.68 0.124647
1.69 0.125164
1.7 0.125682
1.71 0.126202
1.72 0.126724
1.73 0.127246
1.74 0.127769
1.75 0.128293
1.76 0.128817
1.77 0.12934
1.78 0.129863
1.79 0.130385
1.8 0.130905
1.81 0.131424
1.82 0.131941
1.83 0.132455
1.84 0.132967
1.85 0.133476
1.86 0.133982
1.87 0.134484
1.88 0.134982
1.89 0.135476
1.9 0.135966
1.91 0.13645
1.92 0.13693
1.93 0.137404
1.94 0.137872
1.95 0.138334
1.96 0.13879
1.97 0.13924
1.98 0.139682
1.99 0.140118
2 0.140546
2.01 0.140966
2.02 0.141378
2.03 0.141783
2.04 0.142178
2.05 0.142566
2.06 0.142944
2.07 0.143313
2.08 0.143673
2.09 0.144023
2.1 0.144363
2.11 0.144693
2.12 0.145013
2.13 0.145323
2.14 0.145622
2.15 0.14591
2.16 0.146187
2.17 0.146452
2.18 0.146707
2.19 0.14695
2.2 0.147181
2.21 0.1474
2.22 0.147608
2.23 0.147803
2.24 0.147986
2.25 0.148156
2.26 0.148314
2.27 0.148459
2.28 0.148591
2.29 0.148711
2.3 0.148817
2.31 0.14891
2.32 0.14899
2.33 0.149057
2.34 0.14911
2.35 0.14915
2.36 0.149176
2.37 0.149189
2.38 0.149188
2.39 0.149173
2.4 0.149145
2.41 0.149103
2.42 0.149047
2.43 0.148977
2.44 0.148893
2.45 0.148795
2.46 0.148683
2.47 0.148558
2.48 0.148418
2.49 0.148264
2.5 0.148097
2.51 0.147916
2.52 0.14772
2.53 0.147511
2.54 0.147288
2.55 0.147052
2.56 0.146801
2.57 0.146537
2.58 0.146259
2.59 0.145967
2.6 0.145662
2.61 0.145344
2.62 0.145012
2.63 0.144667
2.64 0.144308
2.65 0.143936
2.66 0.143552
2.67 0.143154
2.68 0.142743
2.69 0.14232
2.7 0.141884
2.71 0.141435
2.72 0.140974
2.73 0.140501
2.74 0.140015
2.75 0.139517
2.76 0.139007
2.77 0.138486
2.78 0.137953
2.79 0.137408
2.8 0.136852
2.81 0.136284
2.82 0.135705
2.83 0.135116
2.84 0.134516
2.85 0.133905
2.86 0.133283
2.87 0.132652
2.88 0.13201
2.89 0.131358
2.9 0.130696
2.91 0.130025
2.92 0.129344
2.93 0.128654
2.94 0.127955
2.95 0.127247
2.96 0.12653
2.97 0.125805
2.98 0.125072
2.99 0.12433
3 0.12358
3.01 0.122823
3.02 0.122058
3.03 0.121286
3.04 0.120506
3.05 0.11972
3.06 0.118927
3.07 0.118127
3.08 0.117321
3.09 0.116508
3.1 0.11569
3.11 0.114866
3.12 0.114036
3.13 0.113201
3.14 0.112361
3.15 0.111516
3.16 0.110666
3.17 0.109812
3.18 0.108953
3.19 0.108091
3.2 0.107224
3.21 0.106354
3.22 0.10548
3.23 0.104602
3.24 0.103722
3.25 0.102839
3.26 0.101953
3.27 0.101064
3.28 0.100173
3.29 0.0992805
3.3 0.0983857
3.31 0.0974891
3.32 0.0965911
3.33 0.0956916
3.34 0.0947911
3.35 0.0938896
3.36 0.0929873
3.37 0.0920844
3.38 0.0911812
3.39 0.0902777
3.4 0.0893742
3.41 0.0884709
3.42 0.0875679
3.43 0.0866655
3.44 0.0857637
3.45 0.0848627
3.46 0.0839628
3.47 0.0830641
3.48 0.0821668
3.49 0.081271
3.5 0.0803768
3.51 0.0794846
3.52 0.0785943
3.53 0.0777062
3.54 0.0768204
3.55 0.0759371
3.56 0.0750564
3.57 0.0741785
3.58 0.0733034
3.59 0.0724314
3.6 0.0715626
3.61 0.0706971
3.62 0.0698351
3.63 0.0689766
3.64 0.0681219
3.65 0.0672709
3.66 0.0664239
3.67 0.065581
3.68 0.0647423
3.69 0.0639079
3.7 0.0630779
3.71 0.0622525
3.72 0.0614316
3.73 0.0606155
3.74 0.0598042
3.75 0.0589979
3.76 0.0581965
3.77 0.0574003
3.78 0.0566093
3.79 0.0558236
3.8 0.0550432
3.81 0.0542684
3.82 0.053499
3.83 0.0527352
3.84 0.0519772
3.85 0.0512248
3.86 0.0504783
3.87 0.0497377
3.88 0.049003
3.89 0.0482743
3.9 0.0475517
3.91 0.0468351
3.92 0.0461248
3.93 0.0454206
3.94 0.0447227
3.95 0.0440311
3.96 0.0433458
3.97 0.042667
3.98 0.0419945
3.99 0.0413284
4 0.0406689
4.01 0.0400158
4.02 0.0393693
4.03 0.0387293
4.04 0.0380959
4.05 0.0374691
4.06 0.0368489
4.07 0.0362354
4.08 0.0356284
4.09 0.0350281
4.1 0.0344345
4.11 0.0338475
4.12 0.0332672
4.13 0.0326935
4.14 0.0321265
4.15 0.0315662
4.16 0.0310125
4.17 0.0304655
4.18 0.0299251
4.19 0.0293914
4.2 0.0288642
4.21 0.0283437
4.22 0.0278298
4.23 0.0273224
4.24 0.0268216
4.25 0.0263273
4.26 0.0258395
4.27 0.0253582
4.28 0.0248834
4.29 0.024415
4.3 0.0239531
4.31 0.0234975
4.32 0.0230482
4.33 0.0226053
4.34 0.0221686
4.35 0.0217382
4.36 0.0213141
4.37 0.0208961
4.38 0.0204842
4.39 0.0200784
4.4 0.0196787
4.41 0.019285
4.42 0.0188973
4.43 0.0185155
4.44 0.0181396
4.45 0.0177696
4.46 0.0174053
4.47 0.0170468
4.48 0.0166941
4.49 0.0163469
4.5 0.0160054
4.51 0.0156695
4.52 0.015339
4.53 0.015014
4.54 0.0146944
4.55 0.0143802
4.56 0.0140713
4.57 0.0137676
4.58 0.0134691
4.59 0.0131758
4.6 0.0128876
4.61 0.0126044
4.62 0.0123262
4.63 0.0120529
4.64 0.0117845
4.65 0.0115209
4.66 0.0112621
4.67 0.011008
4.68 0.0107585
4.69 0.0105137
4.7 0.0102733
4.71 0.0100375
4.72 0.00980609
4.73 0.00957905
4.74 0.00935632
4.75 0.00913786
4.76 0.0089236
4.77 0.00871349
4.78 0.00850747
4.79 0.00830549
4.8 0.00810748
4.81 0.0079134
4.82 0.0077232
4.83 0.0075368
4.84 0.00735417
4.85 0.00717524
4.86 0.00699996
4.87 0.00682827
4.88 0.00666013
4.89 0.00649547
4.9 0.00633425
4.91 0.00617641
4.92 0.00602189
4.93 0.00587066
4.94 0.00572264
4.95 0.0055778
4.96 0.00543607
4.97 0.00529742
4.98 0.00516178
4.99 0.00502911
5 0.00489935
5.01 0.00477247
5.02 0.0046484
5.03 0.00452711
5.04 0.00440853
5.05 0.00429263
5.06 0.00417936
5.07 0.00406867
5.08 0.00396051
5.09 0.00385484
5.1 0.00375161
5.11 0.00365078
5.12 0.0035523
5.13 0.00345613
5.14 0.00336222
5.15 0.00327054
5.16 0.00318104
5.17 0.00309368
5.18 0.00300841
5.19 0.0029252
5.2 0.00284401
5.21 0.00276479
5.22 0.00268751
5.23 0.00261212
5.24 0.0025386
5.25 0.00246689
5.26 0.00239697
5.27 0.0023288
5.28 0.00226234
5.29 0.00219756
5.3 0.00213441
5.31 0.00207287
5.32 0.00201291
5.33 0.00195448
5.34 0.00189756
5.35 0.00184211
5.36 0.0017881
5.37 0.0017355
5.38 0.00168428
5.39 0.0016344
5.4 0.00158585
5.41 0.00153858
5.42 0.00149257
5.43 0.00144779
5.44 0.00140421
5.45 0.00136181
5.46 0.00132055
5.47 0.00128042
5.48 0.00124138
5.49 0.00120341
5.5 0.00116648
5.51 0.00113058
5.52 0.00109566
5.53 0.00106172
5.54 0.00102873
5.55 0.000996666
5.56 0.000965502
5.57 0.000935218
5.58 0.000905793
5.59 0.000877205
5.6 0.000849435
5.61 0.000822461
5.62 0.000796263
5.63 0.000770822
5.64 0.00074612
5.65 0.000722136
5.66 0.000698853
5.67 0.000676253
5.68 0.000654317
5.69 0.00063303
5.7 0.000612374
5.71 0.000592332
5.72 0.000572888
5.73 0.000554028
5.74 0.000535734
5.75 0.000517992
5.76 0.000500787
5.77 0.000484105
5.78 0.000467932
5.79 0.000452254
5.8 0.000437057
5.81 0.000422328
5.82 0.000408055
5.83 0.000394224
5.84 0.000380824
5.85 0.000367842
5.86 0.000355267
5.87 0.000343088
5.88 0.000331293
5.89 0.000319871
5.9 0.000308812
5.91 0.000298105
5.92 0.000287741
5.93 0.000277709
5.94 0.000267999
5.95 0.000258604
5.96 0.000249512
5.97 0.000240716
5.98 0.000232207
5.99 0.000223976
