-6 0.00355016
-5.99 0.00359938
-5.98 0.00364918
-5.97 0.00369958
-5.96 0.00375058
-5.95 0.00380218
-5.94 0.0038544
-5.93 0.00390723
-5.92 0.00396068
-5.91 0.00401476
-5.9 0.00406948
-5.89 0.00412483
-5.88 0.00418083
-5.87 0.00423748
-5.86 0.00429479
-5.85 0.00435276
-5.84 0.0044114
-5.83 0.00447071
-5.82 0.0045307
-5.81 0.00459139
-5.8 0.00465276
-5.79 0.00471484
-5.78 0.00477762
-5.77 0.00484111
-5.76 0.00490532
-5.75 0.00497025
-5.74 0.00503591
-5.73 0.00510231
-5.72 0.00516946
-5.71 0.00523735
-5.7 0.00530599
-5.69 0.0053754
-5.68 0.00544558
-5.67 0.00551653
-5.66 0.00558827
-5.65 0.00566079
-5.64 0.00573411
-5.63 0.00580822
-5.62 0.00588315
-5.61 0.00595888
-5.6 0.00603544
-5.59 0.00611283
-5.58 0.00619105
-5.57 0.00627011
-5.56 0.00635002
-5.55 0.00643078
-5.54 0.0065124
-5.53 0.00659489
-5.52 0.00667826
-5.51 0.0067625
-5.5 0.00684763
-5.49 0.00693366
-5.48 0.00702059
-5.47 0.00710843
-5.46 0.00719718
-5.45 0.00728686
-5.44 0.00737747
-5.43 0.00746901
-5.42 0.00756149
-5.41 0.00765493
-5.4 0.00774932
-5.39 0.00784468
-5.38 0.007941
-5.37 0.00803831
-5.36 0.0081366
-5.35 0.00823589
-5.34 0.00833617
-5.33 0.00843746
-5.32 0.00853976
-5.31 0.00864309
-5.3 0.00874744
-5.29 0.00885283
-5.28 0.00895926
-5.27 0.00906674
-5.26 0.00917528
-5.25 0.00928488
-5.24 0.00939555
-5.23 0.0095073
-5.22 0.00962013
-5.21 0.00973406
-5.2 0.00984909
-5.19 0.00996522
-5.18 0.0100825
-5.17 0.0102008
-5.16 0.0103203
-5.15 0.010441
-5.14 0.0105628
-5.13 0.0106857
-5.12 0.0108098
-5.11 0.010935
-5.1 0.0110614
-5.09 0.011189
-5.08 0.0113178
-5.07 0.0114478
-5.06 0.011579
-5.05 0.0117114
-5.04 0.011845
-5.03 0.0119798
-5.02 0.0121159
-5.01 0.0122532
-5 0.0123917
-4.99 0.0125315
-4.98 0.0126725
-4.97 0.0128148
-4.96 0.0129584
-4.95 0.0131033
-4.94 0.0132494
-4.93 0.0133969
-4.92 0.0135456
-4.91 0.0136957
-4.9 0.013847
-4.89 0.0139997
-4.88 0.0141537
-4.87 0.0143091
-4.86 0.0144658
-4.85 0.0146238
-4.84 0.0147832
-4.83 0.014944
-4.82 0.0151061
-4.81 0.0152696
-4.8 0.0154345
-4.79 0.0156008
-4.78 0.0157685
-4.77 0.0159376
-4.76 0.0161081
-4.75 0.01628
-4.74 0.0164533
-4.73 0.0166281
-4.72 0.0168043
-4.71 0.016982
-4.7 0.0171611
-4.69 0.0173416
-4.68 0.0175237
-4.67 0.0177071
-4.66 0.0178921
-4.65 0.0180786
-4.64 0.0182665
-4.63 0.0184559
-4.62 0.0186469
-4.61 0.0188393
-4.6 0.0190332
-4.59 0.0192287
-4.58 0.0194257
-4.57 0.0196242
-4.56 0.0198243
-4.55 0.0200259
-4.54 0.0202291
-4.53 0.0204338
-4.52 0.0206401
-4.51 0.0208479
-4.5 0.0210573
-4.49 0.0212683
-4.48 0.0214809
-4.47 0.021695
-4.46 0.0219108
-4.45 0.0221281
-4.44 0.0223471
-4.43 0.0225676
-4.42 0.0227898
-4.41 0.0230136
-4.4 0.023239
-4.39 0.0234661
-4.38 0.0236948
-4.37 0.0239251
-4.36 0.0241571
-4.35 0.0243907
-4.34 0.024626
-4.33 0.0248629
-4.32 0.0251015
-4.31 0.0253417
-4.3 0.0255837
-4.29 0.0258273
-4.28 0.0260726
-4.27 0.0263195
-4.26 0.0265682
-4.25 0.0268185
-4.24 0.0270706
-4.23 0.0273243
-4.22 0.0275798
-4.21 0.0278369
-4.2 0.0280958
-4.19 0.0283564
-4.18 0.0286187
-4.17 0.0288827
-4.16 0.0291484
-4.15 0.0294159
-4.14 0.0296851
-4.13 0.029956
-4.12 0.0302287
-4.11 0.0305031
-4.1 0.0307792
-4.09 0.0310571
-4.08 0.0313368
-4.07 0.0316181
-4.06 0.0319013
-4.05 0.0321862
-4.04 0.0324728
-4.03 0.0327612
-4.02 0.0330514
-4.01 0.0333433
-4 0.033637
-3.99 0.0339324
-3.98 0.0342296
-3.97 0.0345286
-3.96 0.0348293
-3.95 0.0351318
-3.94 0.0354361
-3.93 0.0357422
-3.92 0.03605
-3.91 0.0363596
-3.9 0.036671
-3.89 0.0369841
-3.88 0.0372991
-3.87 0.0376158
-3.86 0.0379342
-3.85 0.0382545
-3.84 0.0385765
-3.83 0.0389003
-3.82 0.0392259
-3.81 0.0395532
-3.8 0.0398823
-3.79 0.0402132
-3.78 0.0405459
-3.77 0.0408803
-3.76 0.0412165
-3.75 0.0415545
-3.74 0.0418942
-3.73 0.0422357
-3.72 0.042579
-3.71 0.042924
-3.7 0.0432708
-3.69 0.0436193
-3.68 0.0439696
-3.67 0.0443217
-3.66 0.0446755
-3.65 0.0450311
-3.64 0.0453884
-3.63 0.0457474
-3.62 0.0461082
-3.61 0.0464707
-3.6 0.046835
-3.59 0.047201
-3.58 0.0475687
-3.57 0.0479382
-3.56 0.0483094
-3.55 0.0486823
-3.54 0.0490569
-3.53 0.0494332
-3.52 0.0498112
-3.51 0.0501909
-3.5 0.0505723
-3.49 0.0509555
-3.48 0.0513403
-3.47 0.0517267
-3.46 0.0521149
-3.45 0.0525047
-3.44 0.0528962
-3.43 0.0532894
-3.42 0.0536842
-3.41 0.0540807
-3.4 0.0544788
-3.39 0.0548785
-3.38 0.0552799
-3.37 0.0556829
-3.36 0.0560875
-3.35 0.0564938
-3.34 0.0569016
-3.33 0.057311
-3.32 0.0577221
-3.31 0.0581347
-3.3 0.0585489
-3.29 0.0589646
-3.28 0.059382
-3.27 0.0598008
-3.26 0.0602213
-3.25 0.0606432
-3.24 0.0610667
-3.23 0.0614917
-3.22 0.0619182
-3.21 0.0623463
-3.2 0.0627758
-3.19 0.0632068
-3.18 0.0636393
-3.17 0.0640732
-3.16 0.0645087
-3.15 0.0649455
-3.14 0.0653838
-3.13 0.0658235
-3.12 0.0662647
-3.11 0.0667072
-3.1 0.0671512
-3.09 0.0675965
-3.08 0.0680433
-3.07 0.0684913
-3.06 0.0689408
-3.05 0.0693916
-3.04 0.0698437
-3.03 0.0702971
-3.02 0.0707519
-3.01 0.0712079
-3 0.0716653
-2.99 0.0721239
-2.98 0.0725837
-2.97 0.0730449
-2.96 0.0735072
-2.95 0.0739708
-2.94 0.0744356
-2.93 0.0749016
-2.92 0.0753688
-2.91 0.0758371
-2.9 0.0763067
-2.89 0.0767773
-2.88 0.0772491
-2.87 0.0777221
-2.86 0.0781961
-2.85 0.0786712
-2.84 0.0791474
-2.83 0.0796247
-2.82 0.080103
-2.81 0.0805823
-2.8 0.0810627
-2.79 0.0815441
-2.78 0.0820264
-2.77 0.0825098
-2.76 0.0829941
-2.75 0.0834793
-2.74 0.0839655
-2.73 0.0844526
-2.72 0.0849406
-2.71 0.0854294
-2.7 0.0859192
-2.69 0.0864097
-2.68 0.0869012
-2.67 0.0873934
-2.66 0.0878864
-2.65 0.0883802
-2.64 0.0888748
-2.63 0.0893702
-2.62 0.0898662
-2.61 0.090363
-2.6 0.0908605
-2.59 0.0913587
-2.58 0.0918575
-2.57 0.092357
-2.56 0.0928571
-2.55 0.0933578
-2.54 0.0938591
-2.53 0.094361
-2.52 0.0948634
-2.51 0.0953664
-2.5 0.0958699
-2.49 0.0963738
-2.48 0.0968783
-2.47 0.0973833
-2.46 0.0978886
-2.45 0.0983944
-2.44 0.0989007
-2.43 0.0994073
-2.42 0.0999142
-2.41 0.100422
-2.4 0.100929
-2.39 0.101437
-2.38 0.101945
-2.37 0.102454
-2.36 0.102963
-2.35 0.103472
-2.34 0.103981
-2.33 0.10449
-2.32 0.105
-2.31 0.105509
-2.3 0.106019
-2.29 0.106529
-2.28 0.107039
-2.27 0.107549
-2.26 0.108059
-2.25 0.10857
-2.24 0.10908
-2.23 0.10959
-2.22 0.1101
-2.21 0.11061
-2.2 0.11112
-2.19 0.11163
-2.18 0.11214
-2.17 0.112649
-2.16 0.113159
-2.15 0.113668
-2.14 0.114177
-2.13 0.114686
-2.12 0.115194
-2.11 0.115702
-2.1 0.11621
-2.09 0.116718
-2.08 0.117225
-2.07 0.117732
-2.06 0.118239
-2.05 0.118745
-2.04 0.11925
-2.03 0.119756
-2.02 0.12026
-2.01 0.120765
-2 0.121268
-1.99 0.121772
-1.98 0.122274
-1.97 0.122776
-1.96 0.123278
-1.95 0.123778
-1.94 0.124278
-1.93 0.124778
-1.92 0.125277
-1.91 0.125775
-1.9 0.126272
-1.89 0.126768
-1.88 0.127264
-1.87 0.127759
-1.86 0.128253
-1.85 0.128746
-1.84 0.129238
-1.83 0.12973
-1.82 0.13022
-1.81 0.13071
-1.8 0.131198
-1.79 0.131686
-1.78 0.132172
-1.77 0.132657
-1.76 0.133142
-1.75 0.133625
-1.74 0.134107
-1.73 0.134588
-1.72 0.135068
-1.71 0.135546
-1.7 0.136024
-1.69 0.1365
-1.68 0.136975
-1.67 0.137449
-1.66 0.137921
-1.65 0.138392
-1.64 0.138862
-1.63 0.13933
-1.62 0.139797
-1.61 0.140262
-1.6 0.140726
-1.59 0.141189
-1.58 0.14165
-1.57 0.142109
-1.56 0.142567
-1.55 0.143024
-1.54 0.143479
-1.53 0.143932
-1.52 0.144384
-1.51 0.144834
-1.5 0.145282
-1.49 0.145729
-1.48 0.146174
-1.47 0.146617
-1.46 0.147058
-1.45 0.147498
-1.44 0.147936
-1.43 0.148372
-1.42 0.148806
-1.41 0.149239
-1.4 0.149669
-1.39 0.150098
-1.38 0.150524
-1.37 0.150949
-1.36 0.151371
-1.35 0.151792
-1.34 0.152211
-1.33 0.152627
-1.32 0.153042
-1.31 0.153454
-1.3 0.153864
-1.29 0.154273
-1.28 0.154679
-1.27 0.155083
-1.26 0.155484
-1.25 0.155884
-1.24 0.156281
-1.23 0.156676
-1.22 0.157068
-1.21 0.157459
-1.2 0.157847
-1.19 0.158233
-1.18 0.158616
-1.17 0.158997
-1.16 0.159376
-1.15 0.159752
-1.14 0.160125
-1.13 0.160497
-1.12 0.160865
-1.11 0.161232
-1.1 0.161596
-1.09 0.161957
-1.08 0.162315
-1.07 0.162672
-1.06 0.163025
-1.05 0.163376
-1.04 0.163724
-1.03 0.16407
-1.02 0.164413
-1.01 0.164753
-1 0.165091
-0.99 0.165425
-0.98 0.165757
-0.97 0.166087
-0.96 0.166413
-0.95 0.166737
-0.94 0.167058
-0.93 0.167376
-0.92 0.167691
-0.91 0.168004
-0.9 0.168313
-0.89 0.16862
-0.88 0.168924
-0.87 0.169224
-0.86 0.169522
-0.85 0.169817
-0.84 0.170109
-0.83 0.170398
-0.82 0.170684
-0.81 0.170967
-0.8 0.171246
-0.79 0.171523
-0.78 0.171797
-0.77 0.172067
-0.76 0.172335
-0.75 0.172599
-0.74 0.17286
-0.73 0.173119
-0.72 0.173373
-0.71 0.173625
-0.7 0.173874
-0.69 0.174119
-0.68 0.174361
-0.67 0.1746
-0.66 0.174836
-0.65 0.175068
-0.64 0.175297
-0.63 0.175523
-0.62 0.175746
-0.61 0.175965
-0.6 0.176181
-0.59 0.176394
-0.58 0.176603
-0.57 0.176809
-0.56 0.177012
-0.55 0.177211
-0.54 0.177407
-0.53 0.177599
-0.52 0.177788
-0.51 0.177974
-0.5 0.178156
-0.49 0.178334
-0.48 0.17851
-0.47 0.178681
-0.46 0.17885
-0.45 0.179015
-0.44 0.179176
-0.43 0.179334
-0.42 0.179488
-0.41 0.179639
-0.4 0.179786
-0.39 0.17993
-0.38 0.180071
-0.37 0.180207
-0.36 0.18034
-0.35 0.18047
-0.34 0.180596
-0.33 0.180719
-0.32 0.180837
-0.31 0.180953
-0.3 0.181064
-0.29 0.181172
-0.28 0.181277
-0.27 0.181378
-0.26 0.181475
-0.25 0.181569
-0.24 0.181659
-0.23 0.181745
-0.22 0.181828
-0.21 0.181907
-0.2 0.181982
-0.19 0.182054
-0.18 0.182122
-0.17 0.182187
-0.16 0.182248
-0.15 0.182305
-0.14 0.182358
-0.13 0.182408
-0.12 0.182454
-0.11 0.182496
-0.1 0.182535
-0.09 0.18257
-0.08 0.182602
-0.07 0.182629
-0.06 0.182654
-0.05 0.18268
-0.04 0.182765
-0.03 0.183202
-0.02 0.184655
-0.01 0.187108
0 0.188482
0.01 0.187108
0.02 0.184655
0.03 0.183202
0.04 0.182765
0.05 0.18268
0.06 0.182654
0.07 0.182629
0.08 0.182602
0.09 0.18257
0.1 0.182535
0.11 0.182496
0.12 0.182454
0.13 0.182408
0.14 0.182358
0.15 0.182305
0.16 0.182248
0.17 0.182187
0.18 0.182122
0.19 0.182054
0.2 0.181982
0.21 0.181907
0.22 0.181828
0.23 0.181745
0.24 0.181659
0.25 0.181569
0.26 0.181475
0.27 0.181378
0.28 0.181277
0.29 0.181172
0.3 0.181064
0.31 0.180953
0.32 0.180837
0.33 0.180719
0.34 0.180596
0.35 0.18047
0.36 0.18034
0.37 0.180207
0.38 0.180071
0.39 0.17993
0.4 0.179786
0.41 0.179639
0.42 0.179488
0.43 0.179334
0.44 0.179176
0.45 0.179015
0.46 0.17885
0.47 0.178681
0.48 0.17851
0.49 0.178334
0.5 0.178156
0.51 0.177974
0.52 0.177788
0.53 0.177599
0.54 0.177407
0.55 0.177211
0.56 0.177012
0.57 0.176809
0.58 0.176603
0.59 0.176394
0.6 0.176181
0.61 0.175965
0.62 0.175746
0.63 0.175523
0.64 0.175297
0.65 0.175068
0.66 0.174836
0.67 0.1746
0.68 0.174361
0.69 0.174119
0.7 0.173874
0.71 0.173625
0.72 0.173373
0.73 0.173119
0.74 0.17286
0.75 0.172599
0.76 0.172335
0.77 0.172067
0.78 0.171797
0.79 0.171523
0.8 0.171246
0.81 0.170967
0.82 0.170684
0.83 0.170398
0.84 0.170109
0.85 0.169817
0.86 0.169522
0.87 0.169224
0.88 0.168924
0.89 0.16862
0.9 0.168313
0.91 0.168004
0.92 0.167691
0.93 0.167376
0.94 0.167058
0.95 0.166737
0.96 0.166413
0.97 0.166087
0.98 0.165757
0.99 0.165425
1 0.165091
1.01 0.164753
1.02 0.164413
1.03 0.16407
1.04 0.163724
1.05 0.163376
1.06 0.163025
1.07 0.162672
1.08 0.162315
1.09 0.161957
1.1 0.161596
1.11 0.161232
1.12 0.160865
1.13 0.160497
1.14 0.160125
1.15 0.159752
1.16 0.159376
1.17 0.158997
1.18 0.158616
1.19 0.158233
1.2 0.157847
1.21 0.157459
1.22 0.157068
1.23 0.156676
1.24 0.156281
1.25 0.155884
1.26 0.155484
1.27 0.155083
1.28 0.154679
1.29 0.154273
1.3 0.153864
1.31 0.153454
1.32 0.153042
1.33 0.152627
1.34 0.152211
1.35 0.151792
1.36 0.151371
1.37 0.150949
1.38 0.150524
1.39 0.150098
1.4 0.149669
1.41 0.149239
1.42 0.148806
1.43 0.148372
1.44 0.147936
1.45 0.147498
1.46 0.147058
1.47 0.146617
1.48 0.146174
1.49 0.145729
1.5 0.145282
1.51 0.144834
1.52 0.144384
1.53 0.143932
1.54 0.143479
1.55 0.143024
1.56 0.142567
1.57 0.142109
1.58 0.14165
1.59 0.141189
1.6 0.140726
1.61 0.140262
1.62 0.139797
1.63 0.13933
1.64 0.138862
1.65 0.138392
1.66 0.137921
1.67 0.137449
1.68 0.136975
1.69 0.1365
1.7 0.136024
1.71 0.135546
1.72 0.135068
1.73 0.134588
1.74 0.134107
1.75 0.133625
1.76 0.133142
1.77 0.132657
1.78 0.132172
1.79 0.131686
1.8 0.131198
1.81 0.13071
1.82 0.13022
1.83 0.12973
1.84 0.129238
1.85 0.128746
1.86 0.128253
1.87 0.127759
1.88 0.127264
1.89 0.126768
1.9 0.126272
1.91 0.125775
1.92 0.125277
1.93 0.124778
1.94 0.124278
1.95 0.123778
1.96 0.123278
1.97 0.122776
1.98 0.122274
1.99 0.121772
2 0.121268
2.01 0.120765
2.02 0.12026
2.03 0.119756
2.04 0.11925
2.05 0.118745
2.06 0.118239
2.07 0.117732
2.08 0.117225
2.09 0.116718
2.1 0.11621
2.11 0.115702
2.12 0.115194
2.13 0.114686
2.14 0.114177
2.15 0.113668
2.16 0.113159
2.17 0.112649
2.18 0.11214
2.19 0.11163
2.2 0.11112
2.21 0.11061
2.22 0.1101
2.23 0.10959
2.24 0.10908
2.25 0.10857
2.26 0.108059
2.27 0.107549
2.28 0.107039
2.29 0.106529
2.3 0.106019
2.31 0.105509
2.32 0.105
2.33 0.10449
2.34 0.103981
2.35 0.103472
2.36 0.102963
2.37 0.102454
2.38 0.101945
2.39 0.101437
2.4 0.100929
2.41 0.100422
2.42 0.0999142
2.43 0.0994073
2.44 0.0989007
2.45 0.0983944
2.46 0.0978886
2.47 0.0973833
2.48 0.0968783
2.49 0.0963738
2.5 0.0958699
2.51 0.0953664
2.52 0.0948634
2.53 0.094361
2.54 0.0938591
2.55 0.0933578
2.56 0.0928571
2.57 0.092357
2.58 0.0918575
2.59 0.0913587
2.6 0.0908605
2.61 0.090363
2.62 0.0898662
2.63 0.0893702
2.64 0.0888748
2.65 0.0883802
2.66 0.0878864
2.67 0.0873934
2.68 0.0869012
2.69 0.0864097
2.7 0.0859192
2.71 0.0854294
2.72 0.0849406
2.73 0.0844526
2.74 0.0839655
2.75 0.0834793
2.76 0.0829941
2.77 0.0825098
2.78 0.0820264
2.79 0.0815441
2.8 0.0810627
2.81 0.0805823
2.82 0.080103
2.83 0.0796247
2.84 0.0791474
2.85 0.0786712
2.86 0.0781961
2.87 0.0777221
2.88 0.0772491
2.89 0.0767773
2.9 0.0763067
2.91 0.0758371
2.92 0.0753688
2.93 0.0749016
2.94 0.0744356
2.95 0.0739708
2.96 0.0735072
2.97 0.0730449
2.98 0.0725837
2.99 0.0721239
3 0.0716653
3.01 0.0712079
3.02 0.0707519
3.03 0.0702971
3.04 0.0698437
3.05 0.0693916
3.06 0.0689408
3.07 0.0684913
3.08 0.0680433
3.09 0.0675965
3.1 0.0671512
3.11 0.0667072
3.12 0.0662647
3.13 0.0658235
3.14 0.0653838
3.15 0.0649455
3.16 0.0645087
3.17 0.0640732
3.18 0.0636393
3.19 0.0632068
3.2 0.0627758
3.21 0.0623463
3.22 0.0619182
3.23 0.0614917
3.24 0.0610667
3.25 0.0606432
3.26 0.0602213
3.27 0.0598008
3.28 0.059382
3.29 0.0589646
3.3 0.0585489
3.31 0.0581347
3.32 0.0577221
3.33 0.057311
3.34 0.0569016
3.35 0.0564938
3.36 0.0560875
3.37 0.0556829
3.38 0.0552799
3.39 0.0548785
3.4 0.0544788
3.41 0.0540807
3.42 0.0536842
3.43 0.0532894
3.44 0.0528962
3.45 0.0525047
3.46 0.0521149
3.47 0.0517267
3.48 0.0513403
3.49 0.0509555
3.5 0.0505723
3.51 0.0501909
3.52 0.0498112
3.53 0.0494332
3.54 0.0490569
3.55 0.0486823
3.56 0.0483094
3.57 0.0479382
3.58 0.0475687
3.59 0.047201
3.6 0.046835
3.61 0.0464707
3.62 0.0461082
3.63 0.0457474
3.64 0.0453884
3.65 0.0450311
3.66 0.0446755
3.67 0.0443217
3.68 0.0439696
3.69 0.0436193
3.7 0.0432708
3.71 0.042924
3.72 0.042579
3.73 0.0422357
3.74 0.0418942
3.75 0.0415545
3.76 0.0412165
3.77 0.0408803
3.78 0.0405459
3.79 0.0402132
3.8 0.0398823
3.81 0.0395532
3.82 0.0392259
3.83 0.0389003
3.84 0.0385765
3.85 0.0382545
3.86 0.0379342
3.87 0.0376158
3.88 0.0372991
3.89 0.0369841
3.9 0.036671
3.91 0.0363596
3.92 0.03605
3.93 0.0357422
3.94 0.0354361
3.95 0.0351318
3.96 0.0348293
3.97 0.0345286
3.98 0.0342296
3.99 0.0339324
4 0.033637
4.01 0.0333433
4.02 0.0330514
4.03 0.0327612
4.04 0.0324728
4.05 0.0321862
4.06 0.0319013
4.07 0.0316181
4.08 0.0313368
4.09 0.0310571
4.1 0.0307792
4.11 0.0305031
4.12 0.0302287
4.13 0.029956
4.14 0.0296851
4.15 0.0294159
4.16 0.0291484
4.17 0.0288827
4.18 0.0286187
4.19 0.0283564
4.2 0.0280958
4.21 0.0278369
4.22 0.0275798
4.23 0.0273243
4.24 0.0270706
4.25 0.0268185
4.26 0.0265682
4.27 0.0263195
4.28 0.0260726
4.29 0.0258273
4.3 0.0255837
4.31 0.0253417
4.32 0.0251015
4.33 0.0248629
4.34 0.024626
4.35 0.0243907
4.36 0.0241571
4.37 0.0239251
4.38 0.0236948
4.39 0.0234661
4.4 0.023239
4.41 0.0230136
4.42 0.0227898
4.43 0.0225676
4.44 0.0223471
4.45 0.0221281
4.46 0.0219108
4.47 0.021695
4.48 0.0214809
4.49 0.0212683
4.5 0.0210573
4.51 0.0208479
4.52 0.0206401
4.53 0.0204338
4.54 0.0202291
4.55 0.0200259
4.56 0.0198243
4.57 0.0196242
4.58 0.0194257
4.59 0.0192287
4.6 0.0190332
4.61 0.0188393
4.62 0.0186469
4.63 0.0184559
4.64 0.0182665
4.65 0.0180786
4.66 0.0178921
4.67 0.0177071
4.68 0.0175237
4.69 0.0173416
4.7 0.0171611
4.71 0.016982
4.72 0.0168043
4.73 0.0166281
4.74 0.0164533
4.75 0.01628
4.76 0.0161081
4.77 0.0159376
4.78 0.0157685
4.79 0.0156008
4.8 0.0154345
4.81 0.0152696
4.82 0.0151061
4.83 0.014944
4.84 0.0147832
4.85 0.0146238
4.86 0.0144658
4.87 0.0143091
4.88 0.0141537
4.89 0.0139997
4.9 0.013847
4.91 0.0136957
4.92 0.0135456
4.93 0.0133969
4.94 0.0132494
4.95 0.0131033
4.96 0.0129584
4.97 0.0128148
4.98 0.0126725
4.99 0.0125315
5 0.0123917
5.01 0.0122532
5.02 0.0121159
5.03 0.0119798
5.04 0.011845
5.05 0.0117114
5.06 0.011579
5.07 0.0114478
5.08 0.0113178
5.09 0.011189
5.1 0.0110614
5.11 0.010935
5.12 0.0108098
5.13 0.0106857
5.14 0.0105628
5.15 0.010441
5.16 0.0103203
5.17 0.0102008
5.18 0.0100825
5.19 0.00996522
5.2 0.00984909
5.21 0.00973406
5.22 0.00962013
5.23 0.0095073
5.24 0.00939555
5.25 0.00928488
5.26 0.00917528
5.27 0.00906674
5.28 0.00895926
5.29 0.00885283
5.3 0.00874744
5.31 0.00864309
5.32 0.00853976
5.33 0.00843746
5.34 0.00833617
5.35 0.00823589
5.36 0.0081366
5.37 0.00803831
5.38 0.007941
5.39 0.00784468
5.4 0.00774932
5.41 0.00765493
5.42 0.00756149
5.43 0.00746901
5.44 0.00737747
5.45 0.00728686
5.46 0.00719718
5.47 0.00710843
5.48 0.00702059
5.49 0.00693366
5.5 0.00684763
5.51 0.0067625
5.52 0.00667826
5.53 0.00659489
5.54 0.0065124
5.55 0.00643078
5.56 0.00635002
5.57 0.00627011
5.58 0.00619105
5.59 0.00611283
5.6 0.00603544
5.61 0.00595888
5.62 0.00588315
5.63 0.00580822
5.64 0.00573411
5.65 0.00566079
5.66 0.00558827
5.67 0.00551653
5.68 0.00544558
5.69 0.0053754
5.7 0.00530599
5.71 0.00523735
5.72 0.00516946
5.73 0.00510231
5.74 0.00503591
5.75 0.00497025
5.76 0.00490532
5.77 0.00484111
5.78 0.00477762
5.79 0.00471484
5.8 0.00465276
5.81 0.00459139
5.82 0.0045307
5.83 0.00447071
5.84 0.0044114
5.85 0.00435276
5.86 0.00429479
5.87 0.00423748
5.88 0.00418083
5.89 0.00412483
5.9 0.00406948
5.91 0.00401476
5.92 0.00396068
5.93 0.00390723
5.94 0.0038544
5.95 0.00380218
5.96 0.00375058
5.97 0.00369958
5.98 0.00364918
5.99 0.00359938
