-6 3.01919e-50
-5.99 4.27217e-50
-5.98 6.04165e-50
-5.97 8.53907e-50
-5.96 1.20619e-49
-5.95 1.70281e-49
-5.94 2.40252e-49
-5.93 3.38779e-49
-5.92 4.77435e-49
-5.91 6.72451e-49
-5.9 9.46576e-49
-5.89 1.33168e-48
-5.88 1.87237e-48
-5.87 2.63106e-48
-5.86 3.69505e-48
-5.85 5.1863e-48
-5.84 7.27519e-48
-5.83 1.01995e-47
-5.82 1.4291e-47
-5.81 2.00121e-47
-5.8 2.80074e-47
-5.79 3.91744e-47
-5.78 5.4762e-47
-5.77 7.65077e-47
-5.76 1.06827e-46
-5.75 1.49074e-46
-5.74 2.07909e-46
-5.73 2.89797e-46
-5.72 4.03703e-46
-5.71 5.62055e-46
-5.7 7.82067e-46
-5.69 1.08757e-45
-5.68 1.51154e-45
-5.67 2.09958e-45
-5.66 2.91468e-45
-5.65 4.04389e-45
-5.64 5.60732e-45
-5.63 7.77071e-45
-5.62 1.07625e-44
-5.61 1.48976e-44
-5.6 2.06095e-44
-5.59 2.84949e-44
-5.58 3.93744e-44
-5.57 5.43764e-44
-5.56 7.50508e-44
-5.55 1.03526e-43
-5.54 1.42722e-43
-5.53 1.96644e-43
-5.52 2.70782e-43
-5.51 3.72655e-43
-5.5 5.12558e-43
-5.49 7.04575e-43
-5.48 9.67967e-43
-5.47 1.32905e-42
-5.46 1.82378e-42
-5.45 2.50121e-42
-5.44 3.42829e-42
-5.43 4.69627e-42
-5.42 6.42951e-42
-5.41 8.79732e-42
-5.4 1.20302e-41
-5.39 1.64415e-41
-5.38 2.24574e-41
-5.37 3.06568e-41
-5.36 4.18256e-41
-5.35 5.70303e-41
-5.34 7.77174e-41
-5.33 1.05847e-40
-5.32 1.44075e-40
-5.31 1.95996e-40
-5.3 2.66473e-40
-5.29 3.62083e-40
-5.28 4.91713e-40
-5.27 6.67365e-40
-5.26 9.05241e-40
-5.25 1.22719e-39
-5.24 1.66269e-39
-5.23 2.25142e-39
-5.22 3.04685e-39
-5.21 4.12093e-39
-5.2 5.5704e-39
-5.19 7.52536e-39
-5.18 1.01605e-38
-5.17 1.37105e-38
-5.16 1.84901e-38
-5.15 2.49215e-38
-5.14 3.35704e-38
-5.13 4.51947e-38
-5.12 6.0809e-38
-5.11 8.17704e-38
-5.1 1.09894e-37
-5.09 1.47604e-37
-5.08 1.9814e-37
-5.07 2.65825e-37
-5.06 3.56424e-37
-5.05 4.77624e-37
-5.04 6.39668e-37
-5.03 8.56192e-37
-5.02 1.14535e-36
-5.01 1.53126e-36
-5 2.04603e-36
-4.99 2.73227e-36
-4.98 3.64656e-36
-4.97 4.86397e-36
-4.96 6.48406e-36
-4.95 8.63877e-36
-4.94 1.15029e-35
-4.93 1.53076e-35
-4.92 2.03591e-35
-4.91 2.70618e-35
-4.9 3.59505e-35
-4.89 4.7731e-35
-4.88 6.33352e-35
-4.87 8.39921e-35
-4.86 1.11322e-34
-4.85 1.47459e-34
-4.84 1.95213e-34
-4.83 2.58283e-34
-4.82 3.41533e-34
-4.81 4.51353e-34
-4.8 5.96141e-34
-4.79 7.8692e-34
-4.78 1.03815e-33
-4.77 1.3688e-33
-4.76 1.80371e-33
-4.75 2.37543e-33
-4.74 3.12655e-33
-4.73 4.1128e-33
-4.72 5.40703e-33
-4.71 7.10442e-33
-4.7 9.32925e-33
-4.69 1.22437e-32
-4.68 1.60594e-32
-4.67 2.10519e-32
-4.66 2.75806e-32
-4.65 3.61131e-32
-4.64 4.72579e-32
-4.63 6.18062e-32
-4.62 8.07864e-32
-4.61 1.05534e-31
-4.6 1.37783e-31
-4.59 1.79783e-31
-4.58 2.34449e-31
-4.57 3.05561e-31
-4.56 3.98011e-31
-4.55 5.18133e-31
-4.54 6.74118e-31
-4.53 8.76555e-31
-4.52 1.13912e-30
-4.51 1.47949e-30
-4.5 1.92043e-30
-4.49 2.49136e-30
-4.48 3.23015e-30
-4.47 4.18559e-30
-4.46 5.4205e-30
-4.45 7.01569e-30
-4.44 9.07508e-30
-4.43 1.17322e-29
-4.42 1.51585e-29
-4.41 1.95741e-29
-4.4 2.52613e-29
-4.39 3.2582e-29
-4.38 4.19999e-29
-4.37 5.41088e-29
-4.36 6.96684e-29
-4.35 8.96504e-29
-4.34 1.15297e-28
-4.33 1.48194e-28
-4.32 1.90368e-28
-4.31 2.44401e-28
-4.3 3.13591e-28
-4.29 4.02134e-28
-4.28 5.15379e-28
-4.27 6.60133e-28
-4.26 8.45055e-28
-4.25 1.08115e-27
-4.24 1.38241e-27
-4.23 1.76659e-27
-4.22 2.25623e-27
-4.21 2.87991e-27
-4.2 3.67387e-27
-4.19 4.684e-27
-4.18 5.9684e-27
-4.17 7.60061e-27
-4.16 9.67357e-27
-4.15 1.23048e-26
-4.14 1.56426e-26
-4.13 1.98744e-26
-4.12 2.52363e-26
-4.11 3.20264e-26
-4.1 4.06198e-26
-4.09 5.14891e-26
-4.08 6.52292e-26
-4.07 8.25881e-26
-4.06 1.04506e-25
-4.05 1.32164e-25
-4.04 1.67045e-25
-4.03 2.1101e-25
-4.02 2.66392e-25
-4.01 3.36115e-25
-4 4.23841e-25
-3.99 5.34155e-25
-3.98 6.72789e-25
-3.97 8.46914e-25
-3.96 1.06549e-24
-3.95 1.3397e-24
-3.94 1.6835e-24
-3.93 2.1143e-24
-3.92 2.65381e-24
-3.91 3.32906e-24
-3.9 4.17371e-24
-3.89 5.22963e-24
-3.88 6.5489e-24
-3.87 8.19623e-24
-3.86 1.0252e-23
-3.85 1.2816e-23
-3.84 1.60119e-23
-3.83 1.99932e-23
-3.82 2.495e-23
-3.81 3.11178e-23
-3.8 3.87877e-23
-3.79 4.83201e-23
-3.78 6.01604e-23
-3.77 7.48586e-23
-3.76 9.30939e-23
-3.75 1.15704e-22
-3.74 1.43723e-22
-3.73 1.78423e-22
-3.72 2.21373e-22
-3.71 2.74503e-22
-3.7 3.40187e-22
-3.69 4.21345e-22
-3.68 5.21561e-22
-3.67 6.4524e-22
-3.66 7.97786e-22
-3.65 9.85825e-22
-3.64 1.21748e-21
-3.63 1.5027e-21
-3.62 1.85367e-21
-3.61 2.28528e-21
-3.6 2.81576e-21
-3.59 3.46736e-21
-3.58 4.2673e-21
-3.57 5.24873e-21
-3.56 6.45215e-21
-3.55 7.9269e-21
-3.54 9.73308e-21
-3.53 1.19439e-20
-3.52 1.46484e-20
-3.51 1.79549e-20
-3.5 2.1995e-20
-3.49 2.69286e-20
-3.48 3.29498e-20
-3.47 4.02939e-20
-3.46 4.92465e-20
-3.45 6.01533e-20
-3.44 7.34331e-20
-3.43 8.95927e-20
-3.42 1.09245e-19
-3.41 1.33131e-19
-3.4 1.62146e-19
-3.39 1.9737e-19
-3.38 2.40107e-19
-3.37 2.91929e-19
-3.36 3.5473e-19
-3.35 4.30792e-19
-3.34 5.2286e-19
-3.33 6.34237e-19
-3.32 7.68894e-19
-3.31 9.31601e-19
-3.3 1.12809e-18
-3.29 1.36522e-18
-3.28 1.65124e-18
-3.27 1.99604e-18
-3.26 2.41143e-18
-3.25 2.91158e-18
-3.24 3.51344e-18
-3.23 4.23725e-18
-3.22 5.10721e-18
-3.21 6.15223e-18
-3.2 7.40678e-18
-3.19 8.912e-18
-3.18 1.07169e-17
-3.17 1.28799e-17
-3.16 1.54705e-17
-3.15 1.85713e-17
-3.14 2.22808e-17
-3.13 2.67158e-17
-3.12 3.2015e-17
-3.11 3.83431e-17
-3.1 4.58955e-17
-3.09 5.49036e-17
-3.08 6.56418e-17
-3.07 7.84347e-17
-3.06 9.36666e-17
-3.05 1.11792e-16
-3.04 1.33347e-16
-3.03 1.58966e-16
-3.02 1.89398e-16
-3.01 2.25525e-16
-3 2.68388e-16
-2.99 3.19212e-16
-2.98 3.79441e-16
-2.97 4.50772e-16
-2.96 5.35203e-16
-2.95 6.35081e-16
-2.94 7.53161e-16
-2.93 8.92679e-16
-2.92 1.05743e-15
-2.91 1.25186e-15
-2.9 1.48118e-15
-2.89 1.7515e-15
-2.88 2.06995e-15
-2.87 2.44489e-15
-2.86 2.88606e-15
-2.85 3.40488e-15
-2.84 4.01463e-15
-2.83 4.73084e-15
-2.82 5.57159e-15
-2.81 6.55796e-15
-2.8 7.71449e-15
-2.79 9.06972e-15
-2.78 1.06569e-14
-2.77 1.25145e-14
-2.76 1.46874e-14
-2.75 1.72276e-14
-2.74 2.01955e-14
-2.73 2.3661e-14
-2.72 2.77051e-14
-2.71 3.24216e-14
-2.7 3.79191e-14
-2.69 4.43231e-14
-2.68 5.17786e-14
-2.67 6.04533e-14
-2.66 7.05403e-14
-2.65 8.22628e-14
-2.64 9.58778e-14
-2.63 1.11682e-13
-2.62 1.30015e-13
-2.61 1.5127e-13
-2.6 1.75898e-13
-2.59 2.04418e-13
-2.58 2.37424e-13
-2.57 2.756e-13
-2.56 3.19729e-13
-2.55 3.70709e-13
-2.54 4.2957e-13
-2.53 4.97487e-13
-2.52 5.7581e-13
-2.51 6.66077e-13
-2.5 7.70049e-13
-2.49 8.89736e-13
-2.48 1.02743e-12
-2.47 1.18575e-12
-2.46 1.36767e-12
-2.45 1.57658e-12
-2.44 1.81636e-12
-2.43 2.0914e-12
-2.42 2.40669e-12
-2.41 2.76791e-12
-2.4 3.18151e-12
-2.39 3.65481e-12
-2.38 4.1961e-12
-2.37 4.81481e-12
-2.36 5.52162e-12
-2.35 6.32863e-12
-2.34 7.24959e-12
-2.33 8.30011e-12
-2.32 9.49799e-12
-2.31 1.08635e-11
-2.3 1.24201e-11
-2.29 1.41948e-11
-2.28 1.62193e-11
-2.27 1.85314e-11
-2.26 2.11774e-11
-2.25 2.42149e-11
-2.24 2.7719e-11
-2.23 3.179e-11
-2.22 3.65677e-11
-2.21 4.22532e-11
-2.2 4.91437e-11
-2.19 5.76889e-11
-2.18 6.85802e-11
-2.17 8.28922e-11
-2.16 1.02306e-10
-2.15 1.29461e-10
-2.14 1.68501e-10
-2.13 2.2593e-10
-2.12 3.11924e-10
-2.11 4.4236e-10
-2.1 6.41908e-10
-2.09 9.48735e-10
-2.08 1.42161e-09
-2.07 2.15058e-09
-2.06 3.27292e-09
-2.05 4.99685e-09
-2.04 7.63646e-09
-2.03 1.16631e-08
-2.02 1.77804e-08
-2.01 2.70326e-08
-2 4.09617e-08
-1.99 6.18321e-08
-1.98 9.295e-08
-1.97 1.39117e-07
-1.96 2.07269e-07
-1.95 3.07365e-07
-1.94 4.53631e-07
-1.93 6.66271e-07
-1.92 9.73817e-07
-1.91 1.41634e-06
-1.9 2.04979e-06
-1.89 2.95187e-06
-1.88 4.22982e-06
-1.87 6.03088e-06
-1.86 8.55597e-06
-1.85 1.20778e-05
-1.84 1.6964e-05
-1.83 2.37081e-05
-1.82 3.29676e-05
-1.81 4.56143e-05
-1.8 6.27966e-05
-1.79 8.60188e-05
-1.78 0.000117239
-1.77 0.000158991
-1.76 0.000214532
-1.75 0.000288027
-1.74 0.000384763
-1.73 0.000511418
-1.72 0.00067636
-1.71 0.00089002
-1.7 0.00116531
-1.69 0.00151812
-1.68 0.00196783
-1.67 0.00253799
-1.66 0.00325697
-1.65 0.00415869
-1.64 0.00528347
-1.63 0.00667887
-1.62 0.00840051
-1.61 0.0105131
-1.6 0.013091
-1.59 0.0162194
-1.58 0.0199949
-1.57 0.0245257
-1.56 0.0299326
-1.55 0.0363487
-1.54 0.0439189
-1.53 0.0528001
-1.52 0.0631594
-1.51 0.0751729
-1.5 0.0890235
-1.49 0.104898
-1.48 0.122985
-1.47 0.143468
-1.46 0.166524
-1.45 0.192319
-1.44 0.220996
-1.43 0.252678
-1.42 0.287456
-1.41 0.325383
-1.4 0.366469
-1.39 0.410677
-1.38 0.457914
-1.37 0.508028
-1.36 0.560803
-1.35 0.615962
-1.34 0.673158
-1.33 0.731982
-1.32 0.791961
-1.31 0.852564
-1.3 0.913209
-1.29 0.97327
-1.28 1.03209
-1.27 1.08898
-1.26 1.14326
-1.25 1.19423
-1.24 1.24122
-1.23 1.28361
-1.22 1.3208
-1.21 1.35226
-1.2 1.37754
-1.19 1.39626
-1.18 1.40815
-1.17 1.41303
-1.16 1.41083
-1.15 1.40158
-1.14 1.38542
-1.13 1.36259
-1.12 1.33343
-1.11 1.29835
-1.1 1.25787
-1.09 1.21255
-1.08 1.16301
-1.07 1.1099
-1.06 1.05392
-1.05 0.995753
-1.04 0.936084
-1.03 0.875585
-1.02 0.814895
-1.01 0.754614
-1 0.695294
-0.99 0.637429
-0.98 0.581454
-0.97 0.527739
-0.96 0.476587
-0.95 0.428239
-0.94 0.382869
-0.93 0.340592
-0.92 0.301466
-0.91 0.265499
-0.9 0.232653
-0.89 0.202849
-0.88 0.175978
-0.87 0.151903
-0.86 0.130464
-0.85 0.111491
-0.84 0.0948003
-0.83 0.0802049
-0.82 0.0675171
-0.81 0.0565523
-0.8 0.0471313
-0.79 0.0390835
-0.78 0.0322481
-0.77 0.0264754
-0.76 0.0216278
-0.75 0.0175798
-0.74 0.0142186
-0.73 0.0114431
-0.72 0.00916393
-0.71 0.00730274
-0.7 0.00579123
-0.69 0.00457042
-0.68 0.00358983
-0.67 0.00280648
-0.66 0.00218412
-0.65 0.00169237
-0.64 0.00130594
-0.63 0.00100395
-0.62 0.000769243
-0.61 0.000587847
-0.6 0.000448442
-0.59 0.000341922
-0.58 0.000261007
-0.57 0.000199917
-0.56 0.000154088
-0.55 0.000119943
-0.54 9.469e-05
-0.53 7.61696e-05
-0.52 6.27173e-05
-0.51 5.30594e-05
-0.5 4.62268e-05
-0.49 4.14865e-05
-0.48 3.82873e-05
-0.47 3.62169e-05
-0.46 3.49691e-05
-0.45 3.43173e-05
-0.44 3.40949e-05
-0.43 3.418e-05
-0.42 3.44839e-05
-0.41 3.49422e-05
-0.4 3.55085e-05
-0.39 3.61493e-05
-0.38 3.68407e-05
-0.37 3.75653e-05
-0.36 3.83108e-05
-0.35 3.90682e-05
-0.34 3.98308e-05
-0.33 4.05938e-05
-0.32 4.13537e-05
-0.31 4.21074e-05
-0.3 4.28527e-05
-0.29 4.35878e-05
-0.28 4.4311e-05
-0.27 4.50209e-05
-0.26 4.57161e-05
-0.25 4.63956e-05
-0.24 4.70581e-05
-0.23 4.77026e-05
-0.22 4.8328e-05
-0.21 4.89334e-05
-0.2 4.95176e-05
-0.19 5.00799e-05
-0.18 5.06192e-05
-0.17 5.11347e-05
-0.16 5.16256e-05
-0.15 5.2091e-05
-0.14 5.25302e-05
-0.13 5.29425e-05
-0.12 5.33271e-05
-0.11 5.36833e-05
-0.1 5.40107e-05
-0.09 5.43087e-05
-0.08 5.45766e-05
-0.07 5.48141e-05
-0.06 5.50208e-05
-0.05 5.51963e-05
-0.04 5.53403e-05
-0.03 5.54526e-05
-0.02 5.55329e-05
-0.01 5.55812e-05
0 5.55973e-05
0.01 5.55812e-05
0.02 5.55329e-05
0.03 5.54526e-05
0.04 5.53403e-05
0.05 5.51963e-05
0.06 5.50208e-05
0.07 5.48141e-05
0.08 5.45766e-05
0.09 5.43087e-05
0.1 5.40107e-05
0.11 5.36833e-05
0.12 5.33271e-05
0.13 5.29425e-05
0.14 5.25302e-05
0.15 5.2091e-05
0.16 5.16256e-05
0.17 5.11347e-05
0.18 5.06192e-05
0.19 5.00799e-05
0.2 4.95176e-05
0.21 4.89334e-05
0.22 4.8328e-05
0.23 4.77026e-05
0.24 4.70581e-05
0.25 4.63956e-05
0.26 4.57161e-05
0.27 4.50209e-05
0.28 4.4311e-05
0.29 4.35878e-05
0.3 4.28527e-05
0.31 4.21074e-05
0.32 4.13537e-05
0.33 4.05938e-05
0.34 3.98308e-05
0.35 3.90682e-05
0.36 3.83108e-05
0.37 3.75653e-05
0.38 3.68407e-05
0.39 3.61493e-05
0.4 3.55085e-05
0.41 3.49422e-05
0.42 3.44839e-05
0.43 3.418e-05
0.44 3.40949e-05
0.45 3.43173e-05
0.46 3.49691e-05
0.47 3.62169e-05
0.48 3.82873e-05
0.49 4.14865e-05
0.5 4.62268e-05
0.51 5.30594e-05
0.52 6.27173e-05
0.53 7.61696e-05
0.54 9.469e-05
0.55 0.000119943
0.56 0.000154088
0.57 0.000199917
0.58 0.000261007
0.59 0.000341922
0.6 0.000448442
0.61 0.000587847
0.62 0.000769243
0.63 0.00100395
0.64 0.00130594
0.65 0.00169237
0.66 0.00218412
0.67 0.00280648
0.68 0.00358983
0.69 0.00457042
0.7 0.00579123
0.71 0.00730274
0.72 0.00916393
0.73 0.0114431
0.74 0.0142186
0.75 0.0175798
0.76 0.0216278
0.77 0.0264754
0.78 0.0322481
0.79 0.0390835
0.8 0.0471313
0.81 0.0565523
0.82 0.0675171
0.83 0.0802049
0.84 0.0948003
0.85 0.111491
0.86 0.130464
0.87 0.151903
0.88 0.175978
0.89 0.202849
0.9 0.232653
0.91 0.265499
0.92 0.301466
0.93 0.340592
0.94 0.382869
0.95 0.428239
0.96 0.476587
0.97 0.527739
0.98 0.581454
0.99 0.637429
1 0.695294
1.01 0.754614
1.02 0.814895
1.03 0.875585
1.04 0.936084
1.05 0.995753
1.06 1.05392
1.07 1.1099
1.08 1.16301
1.09 1.21255
1.1 1.25787
1.11 1.29835
1.12 1.33343
1.13 1.36259
1.14 1.38542
1.15 1.40158
1.16 1.41083
1.17 1.41303
1.18 1.40815
1.19 1.39626
1.2 1.37754
1.21 1.35226
1.22 1.3208
1.23 1.28361
1.24 1.24122
1.25 1.19423
1.26 1.14326
1.27 1.08898
1.28 1.03209
1.29 0.97327
1.3 0.913209
1.31 0.852564
1.32 0.791961
1.33 0.731982
1.34 0.673158
1.35 0.615962
1.36 0.560803
1.37 0.508028
1.38 0.457914
1.39 0.410677
1.4 0.366469
1.41 0.325383
1.42 0.287456
1.43 0.252678
1.44 0.220996
1.45 0.192319
1.46 0.166524
1.47 0.143468
1.48 0.122985
1.49 0.104898
1.5 0.0890235
1.51 0.0751729
1.52 0.0631594
1.53 0.0528001
1.54 0.0439189
1.55 0.0363487
1.56 0.0299326
1.57 0.0245257
1.58 0.0199949
1.59 0.0162194
1.6 0.013091
1.61 0.0105131
1.62 0.00840051
1.63 0.00667887
1.64 0.00528347
1.65 0.00415869
1.66 0.00325697
1.67 0.00253799
1.68 0.00196783
1.69 0.00151812
1.7 0.00116531
1.71 0.00089002
1.72 0.00067636
1.73 0.000511418
1.74 0.000384763
1.75 0.000288027
1.76 0.000214532
1.77 0.000158991
1.78 0.000117239
1.79 8.60188e-05
1.8 6.27966e-05
1.81 4.56143e-05
1.82 3.29676e-05
1.83 2.37081e-05
1.84 1.6964e-05
1.85 1.20778e-05
1.86 8.55597e-06
1.87 6.03088e-06
1.88 4.22982e-06
1.89 2.95187e-06
1.9 2.04979e-06
1.91 1.41634e-06
1.92 9.73817e-07
1.93 6.66271e-07
1.94 4.53631e-07
1.95 3.07365e-07
1.96 2.07269e-07
1.97 1.39117e-07
1.98 9.295e-08
1.99 6.18321e-08
2 4.09617e-08
2.01 2.70326e-08
2.02 1.77804e-08
2.03 1.16631e-08
2.04 7.63646e-09
2.05 4.99685e-09
2.06 3.27292e-09
2.07 2.15058e-09
2.08 1.42161e-09
2.09 9.48735e-10
2.1 6.41908e-10
2.11 4.4236e-10
2.12 3.11924e-10
2.13 2.2593e-10
2.14 1.68501e-10
2.15 1.29461e-10
2.16 1.02306e-10
2.17 8.28922e-11
2.18 6.85802e-11
2.19 5.76889e-11
2.2 4.91437e-11
2.21 4.22532e-11
2.22 3.65677e-11
2.23 3.179e-11
2.24 2.7719e-11
2.25 2.42149e-11
2.26 2.11774e-11
2.27 1.85314e-11
2.28 1.62193e-11
2.29 1.41948e-11
2.3 1.24201e-11
2.31 1.08635e-11
2.32 9.49799e-12
2.33 8.30011e-12
2.34 7.24959e-12
2.35 6.32863e-12
2.36 5.52162e-12
2.37 4.81481e-12
2.38 4.1961e-12
2.39 3.65481e-12
2.4 3.18151e-12
2.41 2.76791e-12
2.42 2.40669e-12
2.43 2.0914e-12
2.44 1.81636e-12
2.45 1.57658e-12
2.46 1.36767e-12
2.47 1.18575e-12
2.48 1.02743e-12
2.49 8.89736e-13
2.5 7.70049e-13
2.51 6.66077e-13
2.52 5.7581e-13
2.53 4.97487e-13
2.54 4.2957e-13
2.55 3.70709e-13
2.56 3.19729e-13
2.57 2.756e-13
2.58 2.37424e-13
2.59 2.04418e-13
2.6 1.75898e-13
2.61 1.5127e-13
2.62 1.30015e-13
2.63 1.11682e-13
2.64 9.58778e-14
2.65 8.22628e-14
2.66 7.05403e-14
2.67 6.04533e-14
2.68 5.17786e-14
2.69 4.43231e-14
2.7 3.79191e-14
2.71 3.24216e-14
2.72 2.77051e-14
2.73 2.3661e-14
2.74 2.01955e-14
2.75 1.72276e-14
2.76 1.46874e-14
2.77 1.25145e-14
2.78 1.06569e-14
2.79 9.06972e-15
2.8 7.71449e-15
2.81 6.55796e-15
2.82 5.57159e-15
2.83 4.73084e-15
2.84 4.01463e-15
2.85 3.40488e-15
2.86 2.88606e-15
2.87 2.44489e-15
2.88 2.06995e-15
2.89 1.7515e-15
2.9 1.48118e-15
2.91 1.25186e-15
2.92 1.05743e-15
2.93 8.92679e-16
2.94 7.53161e-16
2.95 6.35081e-16
2.96 5.35203e-16
2.97 4.50772e-16
2.98 3.79441e-16
2.99 3.19212e-16
3 2.68388e-16
3.01 2.25525e-16
3.02 1.89398e-16
3.03 1.58966e-16
3.04 1.33347e-16
3.05 1.11792e-16
3.06 9.36666e-17
3.07 7.84347e-17
3.08 6.56418e-17
3.09 5.49036e-17
3.1 4.58955e-17
3.11 3.83431e-17
3.12 3.2015e-17
3.13 2.67158e-17
3.14 2.22808e-17
3.15 1.85713e-17
3.16 1.54705e-17
3.17 1.28799e-17
3.18 1.07169e-17
3.19 8.912e-18
3.2 7.40678e-18
3.21 6.15223e-18
3.22 5.10721e-18
3.23 4.23725e-18
3.24 3.51344e-18
3.25 2.91158e-18
3.26 2.41143e-18
3.27 1.99604e-18
3.28 1.65124e-18
3.29 1.36522e-18
3.3 1.12809e-18
3.31 9.31601e-19
3.32 7.68894e-19
3.33 6.34237e-19
3.34 5.2286e-19
3.35 4.30792e-19
3.36 3.5473e-19
3.37 2.91929e-19
3.38 2.40107e-19
3.39 1.9737e-19
3.4 1.62146e-19
3.41 1.33131e-19
3.42 1.09245e-19
3.43 8.95927e-20
3.44 7.34331e-20
3.45 6.01533e-20
3.46 4.92465e-20
3.47 4.02939e-20
3.48 3.29498e-20
3.49 2.69286e-20
3.5 2.1995e-20
3.51 1.79549e-20
3.52 1.46484e-20
3.53 1.19439e-20
3.54 9.73308e-21
3.55 7.9269e-21
3.56 6.45215e-21
3.57 5.24873e-21
3.58 4.2673e-21
3.59 3.46736e-21
3.6 2.81576e-21
3.61 2.28528e-21
3.62 1.85367e-21
3.63 1.5027e-21
3.64 1.21748e-21
3.65 9.85825e-22
3.66 7.97786e-22
3.67 6.4524e-22
3.68 5.21561e-22
3.69 4.21345e-22
3.7 3.40187e-22
3.71 2.74503e-22
3.72 2.21373e-22
3.73 1.78423e-22
3.74 1.43723e-22
3.75 1.15704e-22
3.76 9.30939e-23
3.77 7.48586e-23
3.78 6.01604e-23
3.79 4.83201e-23
3.8 3.87877e-23
3.81 3.11178e-23
3.82 2.495e-23
3.83 1.99932e-23
3.84 1.60119e-23
3.85 1.2816e-23
3.86 1.0252e-23
3.87 8.19623e-24
3.88 6.5489e-24
3.89 5.22963e-24
3.9 4.17371e-24
3.91 3.32906e-24
3.92 2.65381e-24
3.93 2.1143e-24
3.94 1.6835e-24
3.95 1.3397e-24
3.96 1.06549e-24
3.97 8.46914e-25
3.98 6.72789e-25
3.99 5.34155e-25
4 4.23841e-25
4.01 3.36115e-25
4.02 2.66392e-25
4.03 2.1101e-25
4.04 1.67045e-25
4.05 1.32164e-25
4.06 1.04506e-25
4.07 8.25881e-26
4.08 6.52292e-26
4.09 5.14891e-26
4.1 4.06198e-26
4.11 3.20264e-26
4.12 2.52363e-26
4.13 1.98744e-26
4.14 1.56426e-26
4.15 1.23048e-26
4.16 9.67357e-27
4.17 7.60061e-27
4.18 5.9684e-27
4.19 4.684e-27
4.2 3.67387e-27
4.21 2.87991e-27
4.22 2.25623e-27
4.23 1.76659e-27
4.24 1.38241e-27
4.25 1.08115e-27
4.26 8.45055e-28
4.27 6.60133e-28
4.28 5.15379e-28
4.29 4.02134e-28
4.3 3.13591e-28
4.31 2.44401e-28
4.32 1.90368e-28
4.33 1.48194e-28
4.34 1.15297e-28
4.35 8.96504e-29
4.36 6.96684e-29
4.37 5.41088e-29
4.38 4.19999e-29
4.39 3.2582e-29
4.4 2.52613e-29
4.41 1.95741e-29
4.42 1.51585e-29
4.43 1.17322e-29
4.44 9.07508e-30
4.45 7.01569e-30
4.46 5.4205e-30
4.47 4.18559e-30
4.48 3.23015e-30
4.49 2.49136e-30
4.5 1.92043e-30
4.51 1.47949e-30
4.52 1.13912e-30
4.53 8.76555e-31
4.54 6.74118e-31
4.55 5.18133e-31
4.56 3.98011e-31
4.57 3.05561e-31
4.58 2.34449e-31
4.59 1.79783e-31
4.6 1.37783e-31
4.61 1.05534e-31
4.62 8.07864e-32
4.63 6.18062e-32
4.64 4.72579e-32
4.65 3.61131e-32
4.66 2.75806e-32
4.67 2.10519e-32
4.68 1.60594e-32
4.69 1.22437e-32
4.7 9.32925e-33
4.71 7.10442e-33
4.72 5.40703e-33
4.73 4.1128e-33
4.74 3.12655e-33
4.75 2.37543e-33
4.76 1.80371e-33
4.77 1.3688e-33
4.78 1.03815e-33
4.79 7.8692e-34
4.8 5.96141e-34
4.81 4.51353e-34
4.82 3.41533e-34
4.83 2.58283e-34
4.84 1.95213e-34
4.85 1.47459e-34
4.86 1.11322e-34
4.87 8.39921e-35
4.88 6.33352e-35
4.89 4.7731e-35
4.9 3.59505e-35
4.91 2.70618e-35
4.92 2.03591e-35
4.93 1.53076e-35
4.94 1.15029e-35
4.95 8.63877e-36
4.96 6.48406e-36
4.97 4.86397e-36
4.98 3.64656e-36
4.99 2.73227e-36
5 2.04603e-36
5.01 1.53126e-36
5.02 1.14535e-36
5.03 8.56192e-37
5.04 6.39668e-37
5.05 4.77624e-37
5.06 3.56424e-37
5.07 2.65825e-37
5.08 1.9814e-37
5.09 1.47604e-37
5.1 1.09894e-37
5.11 8.17704e-38
5.12 6.0809e-38
5.13 4.51947e-38
5.14 3.35704e-38
5.15 2.49215e-38
5.16 1.84901e-38
5.17 1.37105e-38
5.18 1.01605e-38
5.19 7.52536e-39
5.2 5.5704e-39
5.21 4.12093e-39
5.22 3.04685e-39
5.23 2.25142e-39
5.24 1.66269e-39
5.25 1.22719e-39
5.26 9.05241e-40
5.27 6.67365e-40
5.28 4.91713e-40
5.29 3.62083e-40
5.3 2.66473e-40
5.31 1.95996e-40
5.32 1.44075e-40
5.33 1.05847e-40
5.34 7.77174e-41
5.35 5.70303e-41
5.36 4.18256e-41
5.37 3.06568e-41
5.38 2.24574e-41
5.39 1.64415e-41
5.4 1.20302e-41
5.41 8.79732e-42
5.42 6.42951e-42
5.43 4.69627e-42
5.44 3.42829e-42
5.45 2.50121e-42
5.46 1.82378e-42
5.47 1.32905e-42
5.48 9.67967e-43
5.49 7.04575e-43
5.5 5.12558e-43
5.51 3.72655e-43
5.52 2.70782e-43
5.53 1.96644e-43
5.54 1.42722e-43
5.55 1.03526e-43
5.56 7.50508e-44
5.57 5.43764e-44
5.58 3.93744e-44
5.59 2.84949e-44
5.6 2.06095e-44
5.61 1.48976e-44
5.62 1.07625e-44
5.63 7.77071e-45
5.64 5.60732e-45
5.65 4.04389e-45
5.66 2.91468e-45
5.67 2.09958e-45
5.68 1.51154e-45
5.69 1.08757e-45
5.7 7.82067e-46
5.71 5.62055e-46
5.72 4.03703e-46
5.73 2.89797e-46
5.74 2.07909e-46
5.75 1.49074e-46
5.76 1.06827e-46
5.77 7.65077e-47
5.78 5.4762e-47
5.79 3.91744e-47
5.8 2.80074e-47
5.81 2.00121e-47
5.82 1.4291e-47
5.83 1.01995e-47
5.84 7.27519e-48
5.85 5.1863e-48
5.86 3.69505e-48
5.87 2.63106e-48
5.88 1.87237e-48
5.89 1.33168e-48
5.9 9.46576e-49
5.91 6.72451e-49
5.92 4.77435e-49
5.93 3.38779e-49
5.94 2.40252e-49
5.95 1.70281e-49
5.96 1.20619e-49
5.97 8.53907e-50
5.98 6.04165e-50
5.99 4.27217e-50
