-6 0.000752379
-5.99 0.000776281
-5.98 0.000800859
-5.97 0.000826131
-5.96 0.000852112
-5.95 0.000878819
-5.94 0.00090627
-5.93 0.000934482
-5.92 0.000963472
-5.91 0.00099326
-5.9 0.00102386
-5.89 0.0010553
-5.88 0.00108759
-5.87 0.00112075
-5.86 0.0011548
-5.85 0.00118977
-5.84 0.00122567
-5.83 0.00126252
-5.82 0.00130034
-5.81 0.00133916
-5.8 0.001379
-5.79 0.00141988
-5.78 0.00146181
-5.77 0.00150483
-5.76 0.00154896
-5.75 0.00159421
-5.74 0.00164062
-5.73 0.0016882
-5.72 0.00173699
-5.71 0.001787
-5.7 0.00183826
-5.69 0.00189079
-5.68 0.00194463
-5.67 0.0019998
-5.66 0.00205631
-5.65 0.00211421
-5.64 0.00217351
-5.63 0.00223424
-5.62 0.00229644
-5.61 0.00236012
-5.6 0.00242532
-5.59 0.00249206
-5.58 0.00256038
-5.57 0.00263029
-5.56 0.00270184
-5.55 0.00277505
-5.54 0.00284995
-5.53 0.00292656
-5.52 0.00300493
-5.51 0.00308508
-5.5 0.00316703
-5.49 0.00325083
-5.48 0.00333651
-5.47 0.00342409
-5.46 0.0035136
-5.45 0.00360509
-5.44 0.00369857
-5.43 0.00379409
-5.42 0.00389168
-5.41 0.00399136
-5.4 0.00409317
-5.39 0.00419715
-5.38 0.00430333
-5.37 0.00441174
-5.36 0.00452241
-5.35 0.00463538
-5.34 0.00475069
-5.33 0.00486836
-5.32 0.00498843
-5.31 0.00511094
-5.3 0.00523592
-5.29 0.0053634
-5.28 0.00549342
-5.27 0.00562601
-5.26 0.00576121
-5.25 0.00589905
-5.24 0.00603957
-5.23 0.0061828
-5.22 0.00632877
-5.21 0.00647752
-5.2 0.00662909
-5.19 0.0067835
-5.18 0.0069408
-5.17 0.00710102
-5.16 0.00726418
-5.15 0.00743033
-5.14 0.0075995
-5.13 0.00777172
-5.12 0.00794703
-5.11 0.00812545
-5.1 0.00830703
-5.09 0.00849179
-5.08 0.00867977
-5.07 0.008871
-5.06 0.00906551
-5.05 0.00926333
-5.04 0.00946449
-5.03 0.00966903
-5.02 0.00987698
-5.01 0.0100884
-5 0.0103032
-4.99 0.0105216
-4.98 0.0107434
-4.97 0.0109688
-4.96 0.0111978
-4.95 0.0114304
-4.94 0.0116667
-4.93 0.0119066
-4.92 0.0121502
-4.91 0.0123975
-4.9 0.0126485
-4.89 0.0129033
-4.88 0.0131619
-4.87 0.0134242
-4.86 0.0136904
-4.85 0.0139605
-4.84 0.0142344
-4.83 0.0145122
-4.82 0.0147939
-4.81 0.0150796
-4.8 0.0153691
-4.79 0.0156627
-4.78 0.0159602
-4.77 0.0162617
-4.76 0.0165671
-4.75 0.0168766
-4.74 0.0171902
-4.73 0.0175077
-4.72 0.0178293
-4.71 0.018155
-4.7 0.0184847
-4.69 0.0188184
-4.68 0.0191563
-4.67 0.0194982
-4.66 0.0198442
-4.65 0.0201942
-4.64 0.0205484
-4.63 0.0209066
-4.62 0.0212689
-4.61 0.0216352
-4.6 0.0220056
-4.59 0.0223801
-4.58 0.0227586
-4.57 0.0231412
-4.56 0.0235278
-4.55 0.0239184
-4.54 0.0243131
-4.53 0.0247117
-4.52 0.0251143
-4.51 0.0255209
-4.5 0.0259314
-4.49 0.0263458
-4.48 0.0267641
-4.47 0.0271864
-4.46 0.0276124
-4.45 0.0280423
-4.44 0.028476
-4.43 0.0289135
-4.42 0.0293547
-4.41 0.0297996
-4.4 0.0302482
-4.39 0.0307004
-4.38 0.0311563
-4.37 0.0316157
-4.36 0.0320786
-4.35 0.032545
-4.34 0.0330149
-4.33 0.0334881
-4.32 0.0339647
-4.31 0.0344446
-4.3 0.0349278
-4.29 0.0354141
-4.28 0.0359036
-4.27 0.0363962
-4.26 0.0368919
-4.25 0.0373905
-4.24 0.0378921
-4.23 0.0383965
-4.22 0.0389037
-4.21 0.0394136
-4.2 0.0399263
-4.19 0.0404415
-4.18 0.0409592
-4.17 0.0414795
-4.16 0.0420021
-4.15 0.0425271
-4.14 0.0430543
-4.13 0.0435837
-4.12 0.0441152
-4.11 0.0446487
-4.1 0.0451841
-4.09 0.0457214
-4.08 0.0462605
-4.07 0.0468013
-4.06 0.0473437
-4.05 0.0478876
-4.04 0.0484329
-4.03 0.0489796
-4.02 0.0495276
-4.01 0.0500767
-4 0.0506269
-3.99 0.051178
-3.98 0.0517301
-3.97 0.052283
-3.96 0.0528365
-3.95 0.0533907
-3.94 0.0539453
-3.93 0.0545004
-3.92 0.0550557
-3.91 0.0556113
-3.9 0.0561669
-3.89 0.0567226
-3.88 0.0572781
-3.87 0.0578334
-3.86 0.0583885
-3.85 0.0589431
-3.84 0.0594972
-3.83 0.0600506
-3.82 0.0606033
-3.81 0.0611552
-3.8 0.0617062
-3.79 0.062256
-3.78 0.0628047
-3.77 0.0633522
-3.76 0.0638983
-3.75 0.0644429
-3.74 0.0649859
-3.73 0.0655271
-3.72 0.0660666
-3.71 0.0666042
-3.7 0.0671398
-3.69 0.0676732
-3.68 0.0682044
-3.67 0.0687332
-3.66 0.0692596
-3.65 0.0697835
-3.64 0.0703047
-3.63 0.0708231
-3.62 0.0713387
-3.61 0.0718512
-3.6 0.0723608
-3.59 0.0728671
-3.58 0.0733702
-3.57 0.0738699
-3.56 0.0743661
-3.55 0.0748588
-3.54 0.0753478
-3.53 0.075833
-3.52 0.0763143
-3.51 0.0767918
-3.5 0.0772651
-3.49 0.0777344
-3.48 0.0781994
-3.47 0.0786601
-3.46 0.0791164
-3.45 0.0795682
-3.44 0.0800155
-3.43 0.0804581
-3.42 0.080896
-3.41 0.0813291
-3.4 0.0817573
-3.39 0.0821806
-3.38 0.0825988
-3.37 0.0830119
-3.36 0.0834199
-3.35 0.0838227
-3.34 0.0842201
-3.33 0.0846122
-3.32 0.0849989
-3.31 0.0853801
-3.3 0.0857557
-3.29 0.0861258
-3.28 0.0864903
-3.27 0.0868491
-3.26 0.0872021
-3.25 0.0875494
-3.24 0.0878909
-3.23 0.0882265
-3.22 0.0885563
-3.21 0.0888801
-3.2 0.089198
-3.19 0.08951
-3.18 0.0898159
-3.17 0.0901158
-3.16 0.0904097
-3.15 0.0906975
-3.14 0.0909792
-3.13 0.0912549
-3.12 0.0915245
-3.11 0.091788
-3.1 0.0920454
-3.09 0.0922967
-3.08 0.0925419
-3.07 0.092781
-3.06 0.0930141
-3.05 0.0932411
-3.04 0.0934621
-3.03 0.093677
-3.02 0.093886
-3.01 0.0940889
-3 0.0942859
-2.99 0.094477
-2.98 0.0946622
-2.97 0.0948416
-2.96 0.0950151
-2.95 0.0951829
-2.94 0.095345
-2.93 0.0955014
-2.92 0.0956522
-2.91 0.0957974
-2.9 0.0959371
-2.89 0.0960713
-2.88 0.0962002
-2.87 0.0963237
-2.86 0.096442
-2.85 0.0965551
-2.84 0.0966631
-2.83 0.0967661
-2.82 0.0968641
-2.81 0.0969573
-2.8 0.0970457
-2.79 0.0971294
-2.78 0.0972085
-2.77 0.0972831
-2.76 0.0973533
-2.75 0.0974191
-2.74 0.0974808
-2.73 0.0975384
-2.72 0.0975919
-2.71 0.0976416
-2.7 0.0976874
-2.69 0.0977296
-2.68 0.0977682
-2.67 0.0978034
-2.66 0.0978353
-2.65 0.097864
-2.64 0.0978896
-2.63 0.0979122
-2.62 0.097932
-2.61 0.0979491
-2.6 0.0979637
-2.59 0.0979758
-2.58 0.0979856
-2.57 0.0979932
-2.56 0.0979988
-2.55 0.0980025
-2.54 0.0980045
-2.53 0.0980048
-2.52 0.0980037
-2.51 0.0980013
-2.5 0.0979976
-2.49 0.097993
-2.48 0.0979874
-2.47 0.0979811
-2.46 0.0979742
-2.45 0.0979669
-2.44 0.0979592
-2.43 0.0979514
-2.42 0.0979437
-2.41 0.097936
-2.4 0.0979287
-2.39 0.0979218
-2.38 0.0979156
-2.37 0.0979101
-2.36 0.0979056
-2.35 0.0979021
-2.34 0.0978998
-2.33 0.0978989
-2.32 0.0978995
-2.31 0.0979019
-2.3 0.097906
-2.29 0.0979121
-2.28 0.0979204
-2.27 0.0979309
-2.26 0.0979439
-2.25 0.0979595
-2.24 0.0979778
-2.23 0.097999
-2.22 0.0980232
-2.21 0.0980505
-2.2 0.0980812
-2.19 0.0981154
-2.18 0.0981531
-2.17 0.0981946
-2.16 0.09824
-2.15 0.0982894
-2.14 0.0983429
-2.13 0.0984007
-2.12 0.098463
-2.11 0.0985298
-2.1 0.0986013
-2.09 0.0986776
-2.08 0.0987589
-2.07 0.0988452
-2.06 0.0989367
-2.05 0.0990334
-2.04 0.0991357
-2.03 0.0992434
-2.02 0.0993568
-2.01 0.099476
-2 0.0996011
-1.99 0.0997321
-1.98 0.0998692
-1.97 0.100012
-1.96 0.100162
-1.95 0.100318
-1.94 0.10048
-1.93 0.100649
-1.92 0.100825
-1.91 0.101007
-1.9 0.101197
-1.89 0.101393
-1.88 0.101596
-1.87 0.101806
-1.86 0.102023
-1.85 0.102248
-1.84 0.102479
-1.83 0.102718
-1.82 0.102964
-1.81 0.103218
-1.8 0.103479
-1.79 0.103748
-1.78 0.104025
-1.77 0.104308
-1.76 0.1046
-1.75 0.104899
-1.74 0.105206
-1.73 0.105521
-1.72 0.105843
-1.71 0.106174
-1.7 0.106512
-1.69 0.106858
-1.68 0.107211
-1.67 0.107573
-1.66 0.107942
-1.65 0.108319
-1.64 0.108704
-1.63 0.109097
-1.62 0.109498
-1.61 0.109906
-1.6 0.110323
-1.59 0.110747
-1.58 0.111179
-1.57 0.111618
-1.56 0.112065
-1.55 0.11252
-1.54 0.112983
-1.53 0.113453
-1.52 0.11393
-1.51 0.114415
-1.5 0.114907
-1.49 0.115407
-1.48 0.115914
-1.47 0.116429
-1.46 0.11695
-1.45 0.117479
-1.44 0.118014
-1.43 0.118557
-1.42 0.119106
-1.41 0.119662
-1.4 0.120225
-1.39 0.120795
-1.38 0.121371
-1.37 0.121954
-1.36 0.122542
-1.35 0.123137
-1.34 0.123739
-1.33 0.124346
-1.32 0.124959
-1.31 0.125578
-1.3 0.126202
-1.29 0.126833
-1.28 0.127468
-1.27 0.128109
-1.26 0.128755
-1.25 0.129406
-1.24 0.130062
-1.23 0.130723
-1.22 0.131389
-1.21 0.132059
-1.2 0.132733
-1.19 0.133411
-1.18 0.134094
-1.17 0.134781
-1.16 0.135471
-1.15 0.136165
-1.14 0.136862
-1.13 0.137563
-1.12 0.138267
-1.11 0.138974
-1.1 0.139683
-1.09 0.140395
-1.08 0.14111
-1.07 0.141827
-1.06 0.142546
-1.05 0.143268
-1.04 0.143991
-1.03 0.144715
-1.02 0.145441
-1.01 0.146169
-1 0.146897
-0.99 0.147626
-0.98 0.148356
-0.97 0.149087
-0.96 0.149818
-0.95 0.150549
-0.94 0.15128
-0.93 0.152011
-0.92 0.152741
-0.91 0.153471
-0.9 0.1542
-0.89 0.154929
-0.88 0.155656
-0.87 0.156382
-0.86 0.157106
-0.85 0.157828
-0.84 0.158549
-0.83 0.159268
-0.82 0.159984
-0.81 0.160698
-0.8 0.161409
-0.79 0.162117
-0.78 0.162823
-0.77 0.163525
-0.76 0.164223
-0.75 0.164918
-0.74 0.16561
-0.73 0.166297
-0.72 0.16698
-0.71 0.167659
-0.7 0.168333
-0.69 0.169003
-0.68 0.169667
-0.67 0.170327
-0.66 0.170981
-0.65 0.17163
-0.64 0.172273
-0.63 0.172911
-0.62 0.173542
-0.61 0.174168
-0.6 0.174787
-0.59 0.175399
-0.58 0.176005
-0.57 0.176604
-0.56 0.177196
-0.55 0.177781
-0.54 0.178358
-0.53 0.178928
-0.52 0.17949
-0.51 0.180045
-0.5 0.180591
-0.49 0.181129
-0.48 0.18166
-0.47 0.182181
-0.46 0.182694
-0.45 0.183199
-0.44 0.183694
-0.43 0.184181
-0.42 0.184658
-0.41 0.185126
-0.4 0.185584
-0.39 0.186033
-0.38 0.186473
-0.37 0.186902
-0.36 0.187322
-0.35 0.187732
-0.34 0.188131
-0.33 0.18852
-0.32 0.188899
-0.31 0.189267
-0.3 0.189625
-0.29 0.189972
-0.28 0.190308
-0.27 0.190633
-0.26 0.190948
-0.25 0.191251
-0.24 0.191543
-0.23 0.191823
-0.22 0.192093
-0.21 0.192351
-0.2 0.192597
-0.19 0.192832
-0.18 0.193055
-0.17 0.193267
-0.16 0.193467
-0.15 0.193655
-0.14 0.193831
-0.13 0.193995
-0.12 0.194147
-0.11 0.194287
-0.1 0.194416
-0.09 0.194532
-0.08 0.194636
-0.07 0.194727
-0.06 0.194807
-0.05 0.194874
-0.04 0.19493
-0.03 0.194972
-0.02 0.195003
-0.01 0.195022
0 0.195028
0.01 0.195022
0.02 0.195003
0.03 0.194972
0.04 0.19493
0.05 0.194874
0.06 0.194807
0.07 0.194727
0.08 0.194636
0.09 0.194532
0.1 0.194416
0.11 0.194287
0.12 0.194147
0.13 0.193995
0.14 0.193831
0.15 0.193655
0.16 0.193467
0.17 0.193267
0.18 0.193055
0.19 0.192832
0.2 0.192597
0.21 0.192351
0.22 0.192093
0.23 0.191823
0.24 0.191543
0.25 0.191251
0.26 0.190948
0.27 0.190633
0.28 0.190308
0.29 0.189972
0.3 0.189625
0.31 0.189267
0.32 0.188899
0.33 0.18852
0.34 0.188131
0.35 0.187732
0.36 0.187322
0.37 0.186902
0.38 0.186473
0.39 0.186033
0.4 0.185584
0.41 0.185126
0.42 0.184658
0.43 0.184181
0.44 0.183694
0.45 0.183199
0.46 0.182694
0.47 0.182181
0.48 0.18166
0.49 0.181129
0.5 0.180591
0.51 0.180045
0.52 0.17949
0.53 0.178928
0.54 0.178358
0.55 0.177781
0.56 0.177196
0.57 0.176604
0.58 0.176005
0.59 0.175399
0.6 0.174787
0.61 0.174168
0.62 0.173542
0.63 0.172911
0.64 0.172273
0.65 0.17163
0.66 0.170981
0.67 0.170327
0.68 0.169667
0.69 0.169003
0.7 0.168333
0.71 0.167659
0.72 0.16698
0.73 0.166297
0.74 0.16561
0.75 0.164918
0.76 0.164223
0.77 0.163525
0.78 0.162823
0.79 0.162117
0.8 0.161409
0.81 0.160698
0.82 0.159984
0.83 0.159268
0.84 0.158549
0.85 0.157828
0.86 0.157106
0.87 0.156382
0.88 0.155656
0.89 0.154929
0.9 0.1542
0.91 0.153471
0.92 0.152741
0.93 0.152011
0.94 0.15128
0.95 0.150549
0.96 0.149818
0.97 0.149087
0.98 0.148356
0.99 0.147626
1 0.146897
1.01 0.146169
1.02 0.145441
1.03 0.144715
1.04 0.143991
1.05 0.143268
1.06 0.142546
1.07 0.141827
1.08 0.14111
1.09 0.140395
1.1 0.139683
1.11 0.138974
1.12 0.138267
1.13 0.137563
1.14 0.136862
1.15 0.136165
1.16 0.135471
1.17 0.134781
1.18 0.134094
1.19 0.133411
1.2 0.132733
1.21 0.132059
1.22 0.131389
1.23 0.130723
1.24 0.130062
1.25 0.129406
1.26 0.128755
1.27 0.128109
1.28 0.127468
1.29 0.126833
1.3 0.126202
1.31 0.125578
1.32 0.124959
1.33 0.124346
1.34 0.123739
1.35 0.123137
1.36 0.122542
1.37 0.121954
1.38 0.121371
1.39 0.120795
1.4 0.120225
1.41 0.119662
1.42 0.119106
1.43 0.118557
1.44 0.118014
1.45 0.117479
1.46 0.11695
1.47 0.116429
1.48 0.115914
1.49 0.115407
1.5 0.114907
1.51 0.114415
1.52 0.11393
1.53 0.113453
1.54 0.112983
1.55 0.11252
1.56 0.112065
1.57 0.111618
1.58 0.111179
1.59 0.110747
1.6 0.110323
1.61 0.109906
1.62 0.109498
1.63 0.109097
1.64 0.108704
1.65 0.108319
1.66 0.107942
1.67 0.107573
1.68 0.107211
1.69 0.106858
1.7 0.106512
1.71 0.106174
1.72 0.105843
1.73 0.105521
1.74 0.105206
1.75 0.104899
1.76 0.1046
1.77 0.104308
1.78 0.104025
1.79 0.103748
1.8 0.103479
1.81 0.103218
1.82 0.102964
1.83 0.102718
1.84 0.102479
1.85 0.102248
1.86 0.102023
1.87 0.101806
1.88 0.101596
1.89 0.101393
1.9 0.101197
1.91 0.101007
1.92 0.100825
1.93 0.100649
1.94 0.10048
1.95 0.100318
1.96 0.100162
1.97 0.100012
1.98 0.0998692
1.99 0.0997321
2 0.0996011
2.01 0.099476
2.02 0.0993568
2.03 0.0992434
2.04 0.0991357
2.05 0.0990334
2.06 0.0989367
2.07 0.0988452
2.08 0.0987589
2.09 0.0986776
2.1 0.0986013
2.11 0.0985298
2.12 0.098463
2.13 0.0984007
2.14 0.0983429
2.15 0.0982894
2.16 0.09824
2.17 0.0981946
2.18 0.0981531
2.19 0.0981154
2.2 0.0980812
2.21 0.0980505
2.22 0.0980232
2.23 0.097999
2.24 0.0979778
2.25 0.0979595
2.26 0.0979439
2.27 0.0979309
2.28 0.0979204
2.29 0.0979121
2.3 0.097906
2.31 0.0979019
2.32 0.0978995
2.33 0.0978989
2.34 0.0978998
2.35 0.0979021
2.36 0.0979056
2.37 0.0979101
2.38 0.0979156
2.39 0.0979218
2.4 0.0979287
2.41 0.097936
2.42 0.0979437
2.43 0.0979514
2.44 0.0979592
2.45 0.0979669
2.46 0.0979742
2.47 0.0979811
2.48 0.0979874
2.49 0.097993
2.5 0.0979976
2.51 0.0980013
2.52 0.0980037
2.53 0.0980048
2.54 0.0980045
2.55 0.0980025
2.56 0.0979988
2.57 0.0979932
2.58 0.0979856
2.59 0.0979758
2.6 0.0979637
2.61 0.0979491
2.62 0.097932
2.63 0.0979122
2.64 0.0978896
2.65 0.097864
2.66 0.0978353
2.67 0.0978034
2.68 0.0977682
2.69 0.0977296
2.7 0.0976874
2.71 0.0976416
2.72 0.0975919
2.73 0.0975384
2.74 0.0974808
2.75 0.0974191
2.76 0.0973533
2.77 0.0972831
2.78 0.0972085
2.79 0.0971294
2.8 0.0970457
2.81 0.0969573
2.82 0.0968641
2.83 0.0967661
2.84 0.0966631
2.85 0.0965551
2.86 0.096442
2.87 0.0963237
2.88 0.0962002
2.89 0.0960713
2.9 0.0959371
2.91 0.0957974
2.92 0.0956522
2.93 0.0955014
2.94 0.095345
2.95 0.0951829
2.96 0.0950151
2.97 0.0948416
2.98 0.0946622
2.99 0.094477
3 0.0942859
3.01 0.0940889
3.02 0.093886
3.03 0.093677
3.04 0.0934621
3.05 0.0932411
3.06 0.0930141
3.07 0.092781
3.08 0.0925419
3.09 0.0922967
3.1 0.0920454
3.11 0.091788
3.12 0.0915245
3.13 0.0912549
3.14 0.0909792
3.15 0.0906975
3.16 0.0904097
3.17 0.0901158
3.18 0.0898159
3.19 0.08951
3.2 0.089198
3.21 0.0888801
3.22 0.0885563
3.23 0.0882265
3.24 0.0878909
3.25 0.0875494
3.26 0.0872021
3.27 0.0868491
3.28 0.0864903
3.29 0.0861258
3.3 0.0857557
3.31 0.0853801
3.32 0.0849989
3.33 0.0846122
3.34 0.0842201
3.35 0.0838227
3.36 0.0834199
3.37 0.0830119
3.38 0.0825988
3.39 0.0821806
3.4 0.0817573
3.41 0.0813291
3.42 0.080896
3.43 0.0804581
3.44 0.0800155
3.45 0.0795682
3.46 0.0791164
3.47 0.0786601
3.48 0.0781994
3.49 0.0777344
3.5 0.0772651
3.51 0.0767918
3.52 0.0763143
3.53 0.075833
3.54 0.0753478
3.55 0.0748588
3.56 0.0743661
3.57 0.0738699
3.58 0.0733702
3.59 0.0728671
3.6 0.0723608
3.61 0.0718512
3.62 0.0713387
3.63 0.0708231
3.64 0.0703047
3.65 0.0697835
3.66 0.0692596
3.67 0.0687332
3.68 0.0682044
3.69 0.0676732
3.7 0.0671398
3.71 0.0666042
3.72 0.0660666
3.73 0.0655271
3.74 0.0649859
3.75 0.0644429
3.76 0.0638983
3.77 0.0633522
3.78 0.0628047
3.79 0.062256
3.8 0.0617062
3.81 0.0611552
3.82 0.0606033
3.83 0.0600506
3.84 0.0594972
3.85 0.0589431
3.86 0.0583885
3.87 0.0578334
3.88 0.0572781
3.89 0.0567226
3.9 0.0561669
3.91 0.0556113
3.92 0.0550557
3.93 0.0545004
3.94 0.0539453
3.95 0.0533907
3.96 0.0528365
3.97 0.052283
3.98 0.0517301
3.99 0.051178
4 0.0506269
4.01 0.0500767
4.02 0.0495276
4.03 0.0489796
4.04 0.0484329
4.05 0.0478876
4.06 0.0473437
4.07 0.0468013
4.08 0.0462605
4.09 0.0457214
4.1 0.0451841
4.11 0.0446487
4.12 0.0441152
4.13 0.0435837
4.14 0.0430543
4.15 0.0425271
4.16 0.0420021
4.17 0.0414795
4.18 0.0409592
4.19 0.0404415
4.2 0.0399263
4.21 0.0394136
4.22 0.0389037
4.23 0.0383965
4.24 0.0378921
4.25 0.0373905
4.26 0.0368919
4.27 0.0363962
4.28 0.0359036
4.29 0.0354141
4.3 0.0349278
4.31 0.0344446
4.32 0.0339647
4.33 0.0334881
4.34 0.0330149
4.35 0.032545
4.36 0.0320786
4.37 0.0316157
4.38 0.0311563
4.39 0.0307004
4.4 0.0302482
4.41 0.0297996
4.42 0.0293547
4.43 0.0289135
4.44 0.028476
4.45 0.0280423
4.46 0.0276124
4.47 0.0271864
4.48 0.0267641
4.49 0.0263458
4.5 0.0259314
4.51 0.0255209
4.52 0.0251143
4.53 0.0247117
4.54 0.0243131
4.55 0.0239184
4.56 0.0235278
4.57 0.0231412
4.58 0.0227586
4.59 0.0223801
4.6 0.0220056
4.61 0.0216352
4.62 0.0212689
4.63 0.0209066
4.64 0.0205484
4.65 0.0201942
4.66 0.0198442
4.67 0.0194982
4.68 0.0191563
4.69 0.0188184
4.7 0.0184847
4.71 0.018155
4.72 0.0178293
4.73 0.0175077
4.74 0.0171902
4.75 0.0168766
4.76 0.0165671
4.77 0.0162617
4.78 0.0159602
4.79 0.0156627
4.8 0.0153691
4.81 0.0150796
4.82 0.0147939
4.83 0.0145122
4.84 0.0142344
4.85 0.0139605
4.86 0.0136904
4.87 0.0134242
4.88 0.0131619
4.89 0.0129033
4.9 0.0126485
4.91 0.0123975
4.92 0.0121502
4.93 0.0119066
4.94 0.0116667
4.95 0.0114304
4.96 0.0111978
4.97 0.0109688
4.98 0.0107434
4.99 0.0105216
5 0.0103032
5.01 0.0100884
5.02 0.00987698
5.03 0.00966903
5.04 0.00946449
5.05 0.00926333
5.06 0.00906551
5.07 0.008871
5.08 0.00867977
5.09 0.00849179
5.1 0.00830703
5.11 0.00812545
5.12 0.00794703
5.13 0.00777172
5.14 0.0075995
5.15 0.00743033
5.16 0.00726418
5.17 0.00710102
5.18 0.0069408
5.19 0.0067835
5.2 0.00662909
5.21 0.00647752
5.22 0.00632877
5.23 0.0061828
5.24 0.00603957
5.25 0.00589905
5.26 0.00576121
5.27 0.00562601
5.28 0.00549342
5.29 0.0053634
5.3 0.00523592
5.31 0.00511094
5.32 0.00498843
5.33 0.00486836
5.34 0.00475069
5.35 0.00463538
5.36 0.00452241
5.37 0.00441174
5.38 0.00430333
5.39 0.00419715
5.4 0.00409317
5.41 0.00399136
5.42 0.00389168
5.43 0.00379409
5.44 0.00369857
5.45 0.00360509
5.46 0.0035136
5.47 0.00342409
5.48 0.00333651
5.49 0.00325083
5.5 0.00316703
5.51 0.00308508
5.52 0.00300493
5.53 0.00292656
5.54 0.00284995
5.55 0.00277505
5.56 0.00270184
5.57 0.00263029
5.58 0.00256038
5.59 0.00249206
5.6 0.00242532
5.61 0.00236012
5.62 0.00229644
5.63 0.00223424
5.64 0.00217351
5.65 0.00211421
5.66 0.00205631
5.67 0.0019998
5.68 0.00194463
5.69 0.00189079
5.7 0.00183826
5.71 0.001787
5.72 0.00173699
5.73 0.0016882
5.74 0.00164062
5.75 0.00159421
5.76 0.00154896
5.77 0.00150483
5.78 0.00146181
5.79 0.00141988
5.8 0.001379
5.81 0.00133916
5.82 0.00130034
5.83 0.00126252
5.84 0.00122567
5.85 0.00118977
5.86 0.0011548
5.87 0.00112075
5.88 0.00108759
5.89 0.0010553
5.9 0.00102386
5.91 0.00099326
5.92 0.000963472
5.93 0.000934482
5.94 0.00090627
5.95 0.000878819
5.96 0.000852112
5.97 0.000826131
5.98 0.000800859
5.99 0.000776281
