-6 0.00219809
-5.99 0.00226505
-5.98 0.00233382
-5.97 0.00240443
-5.96 0.00247693
-5.95 0.00255136
-5.94 0.00262777
-5.93 0.00270619
-5.92 0.00278667
-5.91 0.00286926
-5.9 0.002954
-5.89 0.00304094
-5.88 0.00313013
-5.87 0.00322161
-5.86 0.00331542
-5.85 0.00341163
-5.84 0.00351028
-5.83 0.00361142
-5.82 0.0037151
-5.81 0.00382138
-5.8 0.0039303
-5.79 0.00404192
-5.78 0.0041563
-5.77 0.00427348
-5.76 0.00439353
-5.75 0.00451649
-5.74 0.00464244
-5.73 0.00477141
-5.72 0.00490348
-5.71 0.0050387
-5.7 0.00517713
-5.69 0.00531883
-5.68 0.00546386
-5.67 0.00561229
-5.66 0.00576416
-5.65 0.00591956
-5.64 0.00607853
-5.63 0.00624115
-5.62 0.00640748
-5.61 0.00657758
-5.6 0.00675152
-5.59 0.00692936
-5.58 0.00711118
-5.57 0.00729704
-5.56 0.007487
-5.55 0.00768114
-5.54 0.00787953
-5.53 0.00808223
-5.52 0.00828931
-5.51 0.00850085
-5.5 0.00871691
-5.49 0.00893756
-5.48 0.00916289
-5.47 0.00939295
-5.46 0.00962783
-5.45 0.00986759
-5.44 0.0101123
-5.43 0.0103621
-5.42 0.0106169
-5.41 0.0108769
-5.4 0.0111422
-5.39 0.0114128
-5.38 0.0116889
-5.37 0.0119703
-5.36 0.0122574
-5.35 0.01255
-5.34 0.0128484
-5.33 0.0131526
-5.32 0.0134625
-5.31 0.0137785
-5.3 0.0141004
-5.29 0.0144284
-5.28 0.0147625
-5.27 0.0151029
-5.26 0.0154496
-5.25 0.0158026
-5.24 0.0161621
-5.23 0.0165281
-5.22 0.0169007
-5.21 0.01728
-5.2 0.017666
-5.19 0.0180588
-5.18 0.0184585
-5.17 0.0188652
-5.16 0.0192789
-5.15 0.0196997
-5.14 0.0201277
-5.13 0.0205629
-5.12 0.0210054
-5.11 0.0214553
-5.1 0.0219126
-5.09 0.0223775
-5.08 0.0228499
-5.07 0.0233299
-5.06 0.0238176
-5.05 0.0243131
-5.04 0.0248164
-5.03 0.0253276
-5.02 0.0258468
-5.01 0.0263739
-5 0.0269091
-4.99 0.0274524
-4.98 0.0280039
-4.97 0.0285636
-4.96 0.0291315
-4.95 0.0297078
-4.94 0.0302924
-4.93 0.0308855
-4.92 0.0314869
-4.91 0.0320969
-4.9 0.0327155
-4.89 0.0333426
-4.88 0.0339783
-4.87 0.0346227
-4.86 0.0352758
-4.85 0.0359375
-4.84 0.0366081
-4.83 0.0372874
-4.82 0.0379755
-4.81 0.0386724
-4.8 0.0393782
-4.79 0.0400928
-4.78 0.0408164
-4.77 0.0415488
-4.76 0.0422901
-4.75 0.0430403
-4.74 0.0437995
-4.73 0.0445675
-4.72 0.0453445
-4.71 0.0461305
-4.7 0.0469253
-4.69 0.0477291
-4.68 0.0485417
-4.67 0.0493633
-4.66 0.0501937
-4.65 0.051033
-4.64 0.0518811
-4.63 0.0527381
-4.62 0.0536038
-4.61 0.0544783
-4.6 0.0553614
-4.59 0.0562533
-4.58 0.0571538
-4.57 0.0580629
-4.56 0.0589806
-4.55 0.0599068
-4.54 0.0608414
-4.53 0.0617844
-4.52 0.0627357
-4.51 0.0636953
-4.5 0.0646631
-4.49 0.065639
-4.48 0.066623
-4.47 0.0676149
-4.46 0.0686148
-4.45 0.0696224
-4.44 0.0706378
-4.43 0.0716608
-4.42 0.0726914
-4.41 0.0737293
-4.4 0.0747746
-4.39 0.0758271
-4.38 0.0768868
-4.37 0.0779534
-4.36 0.0790269
-4.35 0.0801072
-4.34 0.0811941
-4.33 0.0822875
-4.32 0.0833872
-4.31 0.0844932
-4.3 0.0856053
-4.29 0.0867234
-4.28 0.0878472
-4.27 0.0889767
-4.26 0.0901117
-4.25 0.091252
-4.24 0.0923975
-4.23 0.093548
-4.22 0.0947033
-4.21 0.0958633
-4.2 0.0970278
-4.19 0.0981966
-4.18 0.0993695
-4.17 0.100546
-4.16 0.101727
-4.15 0.102911
-4.14 0.104099
-4.13 0.105289
-4.12 0.106483
-4.11 0.107679
-4.1 0.108878
-4.09 0.110079
-4.08 0.111283
-4.07 0.112488
-4.06 0.113695
-4.05 0.114903
-4.04 0.116112
-4.03 0.117323
-4.02 0.118534
-4.01 0.119746
-4 0.120958
-3.99 0.12217
-3.98 0.123381
-3.97 0.124593
-3.96 0.125803
-3.95 0.127013
-3.94 0.128221
-3.93 0.129428
-3.92 0.130634
-3.91 0.131837
-3.9 0.133038
-3.89 0.134236
-3.88 0.135432
-3.87 0.136625
-3.86 0.137814
-3.85 0.139
-3.84 0.140182
-3.83 0.14136
-3.82 0.142533
-3.81 0.143702
-3.8 0.144866
-3.79 0.146024
-3.78 0.147178
-3.77 0.148325
-3.76 0.149466
-3.75 0.150602
-3.74 0.15173
-3.73 0.152852
-3.72 0.153966
-3.71 0.155073
-3.7 0.156173
-3.69 0.157264
-3.68 0.158347
-3.67 0.159422
-3.66 0.160488
-3.65 0.161545
-3.64 0.162592
-3.63 0.16363
-3.62 0.164658
-3.61 0.165676
-3.6 0.166684
-3.59 0.167681
-3.58 0.168667
-3.57 0.169641
-3.56 0.170604
-3.55 0.171556
-3.54 0.172496
-3.53 0.173423
-3.52 0.174338
-3.51 0.17524
-3.5 0.176129
-3.49 0.177005
-3.48 0.177867
-3.47 0.178716
-3.46 0.179551
-3.45 0.180371
-3.44 0.181177
-3.43 0.181969
-3.42 0.182746
-3.41 0.183507
-3.4 0.184254
-3.39 0.184985
-3.38 0.1857
-3.37 0.186399
-3.36 0.187082
-3.35 0.187749
-3.34 0.188399
-3.33 0.189033
-3.32 0.18965
-3.31 0.190249
-3.3 0.190832
-3.29 0.191397
-3.28 0.191945
-3.27 0.192474
-3.26 0.192986
-3.25 0.19348
-3.24 0.193956
-3.23 0.194413
-3.22 0.194852
-3.21 0.195273
-3.2 0.195675
-3.19 0.196057
-3.18 0.196421
-3.17 0.196766
-3.16 0.197092
-3.15 0.197399
-3.14 0.197686
-3.13 0.197954
-3.12 0.198202
-3.11 0.198431
-3.1 0.19864
-3.09 0.198829
-3.08 0.198999
-3.07 0.199149
-3.06 0.199279
-3.05 0.199389
-3.04 0.199479
-3.03 0.199549
-3.02 0.1996
-3.01 0.19963
-3 0.19964
-2.99 0.19963
-2.98 0.199601
-2.97 0.199551
-2.96 0.199481
-2.95 0.199391
-2.94 0.199282
-2.93 0.199152
-2.92 0.199003
-2.91 0.198834
-2.9 0.198645
-2.89 0.198436
-2.88 0.198208
-2.87 0.19796
-2.86 0.197693
-2.85 0.197406
-2.84 0.1971
-2.83 0.196775
-2.82 0.19643
-2.81 0.196067
-2.8 0.195684
-2.79 0.195283
-2.78 0.194863
-2.77 0.194425
-2.76 0.193968
-2.75 0.193492
-2.74 0.192999
-2.73 0.192487
-2.72 0.191958
-2.71 0.191411
-2.7 0.190846
-2.69 0.190264
-2.68 0.189665
-2.67 0.189049
-2.66 0.188415
-2.65 0.187765
-2.64 0.187099
-2.63 0.186416
-2.62 0.185717
-2.61 0.185003
-2.6 0.184272
-2.59 0.183526
-2.58 0.182765
-2.57 0.181989
-2.56 0.181197
-2.55 0.180392
-2.54 0.179571
-2.53 0.178737
-2.52 0.177889
-2.51 0.177027
-2.5 0.176151
-2.49 0.175262
-2.48 0.17436
-2.47 0.173446
-2.46 0.172519
-2.45 0.17158
-2.44 0.170629
-2.43 0.169666
-2.42 0.168691
-2.41 0.167706
-2.4 0.166709
-2.39 0.165702
-2.38 0.164684
-2.37 0.163656
-2.36 0.162619
-2.35 0.161571
-2.34 0.160515
-2.33 0.159449
-2.32 0.158375
-2.31 0.157292
-2.3 0.1562
-2.29 0.155101
-2.28 0.153994
-2.27 0.15288
-2.26 0.151759
-2.25 0.15063
-2.24 0.149495
-2.23 0.148354
-2.22 0.147207
-2.21 0.146054
-2.2 0.144895
-2.19 0.143732
-2.18 0.142563
-2.17 0.14139
-2.16 0.140212
-2.15 0.13903
-2.14 0.137845
-2.13 0.136655
-2.12 0.135463
-2.11 0.134267
-2.1 0.133069
-2.09 0.131868
-2.08 0.130665
-2.07 0.12946
-2.06 0.128253
-2.05 0.127045
-2.04 0.125835
-2.03 0.124624
-2.02 0.123413
-2.01 0.122202
-2 0.12099
-1.99 0.119778
-1.98 0.118566
-1.97 0.117355
-1.96 0.116145
-1.95 0.114935
-1.94 0.113727
-1.93 0.11252
-1.92 0.111315
-1.91 0.110112
-1.9 0.108911
-1.89 0.107712
-1.88 0.106516
-1.87 0.105322
-1.86 0.104131
-1.85 0.102944
-1.84 0.10176
-1.83 0.100579
-1.82 0.0994026
-1.81 0.0982298
-1.8 0.097061
-1.79 0.0958966
-1.78 0.0947367
-1.77 0.0935814
-1.76 0.092431
-1.75 0.0912856
-1.74 0.0901454
-1.73 0.0890105
-1.72 0.0878811
-1.71 0.0867574
-1.7 0.0856394
-1.69 0.0845274
-1.68 0.0834216
-1.67 0.0823219
-1.66 0.0812286
-1.65 0.0801419
-1.64 0.0790618
-1.63 0.0779884
-1.62 0.076922
-1.61 0.0758625
-1.6 0.0748102
-1.59 0.0737651
-1.58 0.0727273
-1.57 0.071697
-1.56 0.0706742
-1.55 0.0696591
-1.54 0.0686517
-1.53 0.0676521
-1.52 0.0666605
-1.51 0.0656768
-1.5 0.0647012
-1.49 0.0637338
-1.48 0.0627745
-1.47 0.0618236
-1.46 0.060881
-1.45 0.0599468
-1.44 0.0590211
-1.43 0.0581039
-1.42 0.0571953
-1.41 0.0562953
-1.4 0.055404
-1.39 0.0545213
-1.38 0.0536475
-1.37 0.0527824
-1.36 0.0519261
-1.35 0.0510786
-1.34 0.0502401
-1.33 0.0494104
-1.32 0.0485896
-1.31 0.0477778
-1.3 0.0469749
-1.29 0.0461809
-1.28 0.0453959
-1.27 0.0446199
-1.26 0.0438528
-1.25 0.0430947
-1.24 0.0423456
-1.23 0.0416055
-1.22 0.0408742
-1.21 0.040152
-1.2 0.0394386
-1.19 0.0387342
-1.18 0.0380387
-1.17 0.0373521
-1.16 0.0366743
-1.15 0.0360054
-1.14 0.0353453
-1.13 0.0346939
-1.12 0.0340513
-1.11 0.0334175
-1.1 0.0327923
-1.09 0.0321758
-1.08 0.0315679
-1.07 0.0309685
-1.06 0.0303778
-1.05 0.0297955
-1.04 0.0292216
-1.03 0.0286562
-1.02 0.0280992
-1.01 0.0275504
-1 0.0270099
-0.99 0.0264777
-0.98 0.0259535
-0.97 0.0254376
-0.96 0.0249296
-0.95 0.0244297
-0.94 0.0239377
-0.93 0.0234536
-0.92 0.0229773
-0.91 0.0225088
-0.9 0.022048
-0.89 0.0215949
-0.88 0.0211493
-0.87 0.0207113
-0.86 0.0202807
-0.85 0.0198576
-0.84 0.0194418
-0.83 0.0190332
-0.82 0.0186319
-0.81 0.0182377
-0.8 0.0178506
-0.79 0.0174705
-0.78 0.0170973
-0.77 0.016731
-0.76 0.0163716
-0.75 0.0160188
-0.74 0.0156728
-0.73 0.0153334
-0.72 0.0150005
-0.71 0.0146741
-0.7 0.0143541
-0.69 0.0140404
-0.68 0.0137331
-0.67 0.0134319
-0.66 0.0131369
-0.65 0.0128479
-0.64 0.012565
-0.63 0.012288
-0.62 0.012017
-0.61 0.0117517
-0.6 0.0114922
-0.59 0.0112383
-0.58 0.0109901
-0.57 0.0107475
-0.56 0.0105103
-0.55 0.0102786
-0.54 0.0100523
-0.53 0.00983131
-0.52 0.00961556
-0.51 0.009405
-0.5 0.00919959
-0.49 0.00899926
-0.48 0.00880395
-0.47 0.00861361
-0.46 0.00842818
-0.45 0.0082476
-0.44 0.00807183
-0.43 0.00790081
-0.42 0.00773449
-0.41 0.00757282
-0.4 0.00741574
-0.39 0.00726321
-0.38 0.00711518
-0.37 0.0069716
-0.36 0.00683242
-0.35 0.00669761
-0.34 0.00656711
-0.33 0.00644088
-0.32 0.00631888
-0.31 0.00620108
-0.3 0.00608742
-0.29 0.00597787
-0.28 0.00587239
-0.27 0.00577095
-0.26 0.00567351
-0.25 0.00558004
-0.24 0.0054905
-0.23 0.00540487
-0.22 0.0053231
-0.21 0.00524518
-0.2 0.00517107
-0.19 0.00510075
-0.18 0.00503419
-0.17 0.00497136
-0.16 0.00491225
-0.15 0.00485684
-0.14 0.00480509
-0.13 0.004757
-0.12 0.00471254
-0.11 0.0046717
-0.1 0.00463446
-0.09 0.00460081
-0.08 0.00457074
-0.07 0.00454423
-0.06 0.00452128
-0.05 0.00450187
-0.04 0.004486
-0.03 0.00447367
-0.02 0.00446486
-0.01 0.00445958
0 0.00445782
0.01 0.00445958
0.02 0.00446486
0.03 0.00447367
0.04 0.004486
0.05 0.00450187
0.06 0.00452128
0.07 0.00454423
0.08 0.00457074
0.09 0.00460081
0.1 0.00463446
0.11 0.0046717
0.12 0.00471254
0.13 0.004757
0.14 0.00480509
0.15 0.00485684
0.16 0.00491225
0.17 0.00497136
0.18 0.00503419
0.19 0.00510075
0.2 0.00517107
0.21 0.00524518
0.22 0.0053231
0.23 0.00540487
0.24 0.0054905
0.25 0.00558004
0.26 0.00567351
0.27 0.00577095
0.28 0.00587239
0.29 0.00597787
0.3 0.00608742
0.31 0.00620108
0.32 0.00631888
0.33 0.00644088
0.34 0.00656711
0.35 0.00669761
0.36 0.00683242
0.37 0.0069716
0.38 0.00711518
0.39 0.00726321
0.4 0.00741574
0.41 0.00757282
0.42 0.00773449
0.43 0.00790081
0.44 0.00807183
0.45 0.0082476
0.46 0.00842818
0.47 0.00861361
0.48 0.00880395
0.49 0.00899926
0.5 0.00919959
0.51 0.009405
0.52 0.00961556
0.53 0.00983131
0.54 0.0100523
0.55 0.0102786
0.56 0.0105103
0.57 0.0107475
0.58 0.0109901
0.59 0.0112383
0.6 0.0114922
0.61 0.0117517
0.62 0.012017
0.63 0.012288
0.64 0.012565
0.65 0.0128479
0.66 0.0131369
0.67 0.0134319
0.68 0.0137331
0.69 0.0140404
0.7 0.0143541
0.71 0.0146741
0.72 0.0150005
0.73 0.0153334
0.74 0.0156728
0.75 0.0160188
0.76 0.0163716
0.77 0.016731
0.78 0.0170973
0.79 0.0174705
0.8 0.0178506
0.81 0.0182377
0.82 0.0186319
0.83 0.0190332
0.84 0.0194418
0.85 0.0198576
0.86 0.0202807
0.87 0.0207113
0.88 0.0211493
0.89 0.0215949
0.9 0.022048
0.91 0.0225088
0.92 0.0229773
0.93 0.0234536
0.94 0.0239377
0.95 0.0244297
0.96 0.0249296
0.97 0.0254376
0.98 0.0259535
0.99 0.0264777
1 0.0270099
1.01 0.0275504
1.02 0.0280992
1.03 0.0286562
1.04 0.0292216
1.05 0.0297955
1.06 0.0303778
1.07 0.0309685
1.08 0.0315679
1.09 0.0321758
1.1 0.0327923
1.11 0.0334175
1.12 0.0340513
1.13 0.0346939
1.14 0.0353453
1.15 0.0360054
1.16 0.0366743
1.17 0.0373521
1.18 0.0380387
1.19 0.0387342
1.2 0.0394386
1.21 0.040152
1.22 0.0408742
1.23 0.0416055
1.24 0.0423456
1.25 0.0430947
1.26 0.0438528
1.27 0.0446199
1.28 0.0453959
1.29 0.0461809
1.3 0.0469749
1.31 0.0477778
1.32 0.0485896
1.33 0.0494104
1.34 0.0502401
1.35 0.0510786
1.36 0.0519261
1.37 0.0527824
1.38 0.0536475
1.39 0.0545213
1.4 0.055404
1.41 0.0562953
1.42 0.0571953
1.43 0.0581039
1.44 0.0590211
1.45 0.0599468
1.46 0.060881
1.47 0.0618236
1.48 0.0627745
1.49 0.0637338
1.5 0.0647012
1.51 0.0656768
1.52 0.0666605
1.53 0.0676521
1.54 0.0686517
1.55 0.0696591
1.56 0.0706742
1.57 0.071697
1.58 0.0727273
1.59 0.0737651
1.6 0.0748102
1.61 0.0758625
1.62 0.076922
1.63 0.0779884
1.64 0.0790618
1.65 0.0801419
1.66 0.0812286
1.67 0.0823219
1.68 0.0834216
1.69 0.0845274
1.7 0.0856394
1.71 0.0867574
1.72 0.0878811
1.73 0.0890105
1.74 0.0901454
1.75 0.0912856
1.76 0.092431
1.77 0.0935814
1.78 0.0947367
1.79 0.0958966
1.8 0.097061
1.81 0.0982298
1.82 0.0994026
1.83 0.100579
1.84 0.10176
1.85 0.102944
1.86 0.104131
1.87 0.105322
1.88 0.106516
1.89 0.107712
1.9 0.108911
1.91 0.110112
1.92 0.111315
1.93 0.11252
1.94 0.113727
1.95 0.114935
1.96 0.116145
1.97 0.117355
1.98 0.118566
1.99 0.119778
2 0.12099
2.01 0.122202
2.02 0.123413
2.03 0.124624
2.04 0.125835
2.05 0.127045
2.06 0.128253
2.07 0.12946
2.08 0.130665
2.09 0.131868
2.1 0.133069
2.11 0.134267
2.12 0.135463
2.13 0.136655
2.14 0.137845
2.15 0.13903
2.16 0.140212
2.17 0.14139
2.18 0.142563
2.19 0.143732
2.2 0.144895
2.21 0.146054
2.22 0.147207
2.23 0.148354
2.24 0.149495
2.25 0.15063
2.26 0.151759
2.27 0.15288
2.28 0.153994
2.29 0.155101
2.3 0.1562
2.31 0.157292
2.32 0.158375
2.33 0.159449
2.34 0.160515
2.35 0.161571
2.36 0.162619
2.37 0.163656
2.38 0.164684
2.39 0.165702
2.4 0.166709
2.41 0.167706
2.42 0.168691
2.43 0.169666
2.44 0.170629
2.45 0.17158
2.46 0.172519
2.47 0.173446
2.48 0.17436
2.49 0.175262
2.5 0.176151
2.51 0.177027
2.52 0.177889
2.53 0.178737
2.54 0.179571
2.55 0.180392
2.56 0.181197
2.57 0.181989
2.58 0.182765
2.59 0.183526
2.6 0.184272
2.61 0.185003
2.62 0.185717
2.63 0.186416
2.64 0.187099
2.65 0.187765
2.66 0.188415
2.67 0.189049
2.68 0.189665
2.69 0.190264
2.7 0.190846
2.71 0.191411
2.72 0.191958
2.73 0.192487
2.74 0.192999
2.75 0.193492
2.76 0.193968
2.77 0.194425
2.78 0.194863
2.79 0.195283
2.8 0.195684
2.81 0.196067
2.82 0.19643
2.83 0.196775
2.84 0.1971
2.85 0.197406
2.86 0.197693
2.87 0.19796
2.88 0.198208
2.89 0.198436
2.9 0.198645
2.91 0.198834
2.92 0.199003
2.93 0.199152
2.94 0.199282
2.95 0.199391
2.96 0.199481
2.97 0.199551
2.98 0.199601
2.99 0.19963
3 0.19964
3.01 0.19963
3.02 0.1996
3.03 0.199549
3.04 0.199479
3.05 0.199389
3.06 0.199279
3.07 0.199149
3.08 0.198999
3.09 0.198829
3.1 0.19864
3.11 0.198431
3.12 0.198202
3.13 0.197954
3.14 0.197686
3.15 0.197399
3.16 0.197092
3.17 0.196766
3.18 0.196421
3.19 0.196057
3.2 0.195675
3.21 0.195273
3.22 0.194852
3.23 0.194413
3.24 0.193956
3.25 0.19348
3.26 0.192986
3.27 0.192474
3.28 0.191945
3.29 0.191397
3.3 0.190832
3.31 0.190249
3.32 0.18965
3.33 0.189033
3.34 0.188399
3.35 0.187749
3.36 0.187082
3.37 0.186399
3.38 0.1857
3.39 0.184985
3.4 0.184254
3.41 0.183507
3.42 0.182746
3.43 0.181969
3.44 0.181177
3.45 0.180371
3.46 0.179551
3.47 0.178716
3.48 0.177867
3.49 0.177005
3.5 0.176129
3.51 0.17524
3.52 0.174338
3.53 0.173423
3.54 0.172496
3.55 0.171556
3.56 0.170604
3.57 0.169641
3.58 0.168667
3.59 0.167681
3.6 0.166684
3.61 0.165676
3.62 0.164658
3.63 0.16363
3.64 0.162592
3.65 0.161545
3.66 0.160488
3.67 0.159422
3.68 0.158347
3.69 0.157264
3.7 0.156173
3.71 0.155073
3.72 0.153966
3.73 0.152852
3.74 0.15173
3.75 0.150602
3.76 0.149466
3.77 0.148325
3.78 0.147178
3.79 0.146024
3.8 0.144866
3.81 0.143702
3.82 0.142533
3.83 0.14136
3.84 0.140182
3.85 0.139
3.86 0.137814
3.87 0.136625
3.88 0.135432
3.89 0.134236
3.9 0.133038
3.91 0.131837
3.92 0.130634
3.93 0.129428
3.94 0.128221
3.95 0.127013
3.96 0.125803
3.97 0.124593
3.98 0.123381
3.99 0.12217
4 0.120958
4.01 0.119746
4.02 0.118534
4.03 0.117323
4.04 0.116112
4.05 0.114903
4.06 0.113695
4.07 0.112488
4.08 0.111283
4.09 0.110079
4.1 0.108878
4.11 0.107679
4.12 0.106483
4.13 0.105289
4.14 0.104099
4.15 0.102911
4.16 0.101727
4.17 0.100546
4.18 0.0993695
4.19 0.0981966
4.2 0.0970278
4.21 0.0958633
4.22 0.0947033
4.23 0.093548
4.24 0.0923975
4.25 0.091252
4.26 0.0901117
4.27 0.0889767
4.28 0.0878472
4.29 0.0867234
4.3 0.0856053
4.31 0.0844932
4.32 0.0833872
4.33 0.0822875
4.34 0.0811941
4.35 0.0801072
4.36 0.0790269
4.37 0.0779534
4.38 0.0768868
4.39 0.0758271
4.4 0.0747746
4.41 0.0737293
4.42 0.0726914
4.43 0.0716608
4.44 0.0706378
4.45 0.0696224
4.46 0.0686148
4.47 0.0676149
4.48 0.066623
4.49 0.065639
4.5 0.0646631
4.51 0.0636953
4.52 0.0627357
4.53 0.0617844
4.54 0.0608414
4.55 0.0599068
4.56 0.0589806
4.57 0.0580629
4.58 0.0571538
4.59 0.0562533
4.6 0.0553614
4.61 0.0544783
4.62 0.0536038
4.63 0.0527381
4.64 0.0518811
4.65 0.051033
4.66 0.0501937
4.67 0.0493633
4.68 0.0485417
4.69 0.0477291
4.7 0.0469253
4.71 0.0461305
4.72 0.0453445
4.73 0.0445675
4.74 0.0437995
4.75 0.0430403
4.76 0.0422901
4.77 0.0415488
4.78 0.0408164
4.79 0.0400928
4.8 0.0393782
4.81 0.0386724
4.82 0.0379755
4.83 0.0372874
4.84 0.0366081
4.85 0.0359375
4.86 0.0352758
4.87 0.0346227
4.88 0.0339783
4.89 0.0333426
4.9 0.0327155
4.91 0.0320969
4.92 0.0314869
4.93 0.0308855
4.94 0.0302924
4.95 0.0297078
4.96 0.0291315
4.97 0.0285636
4.98 0.0280039
4.99 0.0274524
5 0.0269091
5.01 0.0263739
5.02 0.0258468
5.03 0.0253276
5.04 0.0248164
5.05 0.0243131
5.06 0.0238176
5.07 0.0233299
5.08 0.0228499
5.09 0.0223775
5.1 0.0219126
5.11 0.0214553
5.12 0.0210054
5.13 0.0205629
5.14 0.0201277
5.15 0.0196997
5.16 0.0192789
5.17 0.0188652
5.18 0.0184585
5.19 0.0180588
5.2 0.017666
5.21 0.01728
5.22 0.0169007
5.23 0.0165281
5.24 0.0161621
5.25 0.0158026
5.26 0.0154496
5.27 0.0151029
5.28 0.0147625
5.29 0.0144284
5.3 0.0141004
5.31 0.0137785
5.32 0.0134625
5.33 0.0131526
5.34 0.0128484
5.35 0.01255
5.36 0.0122574
5.37 0.0119703
5.38 0.0116889
5.39 0.0114128
5.4 0.0111422
5.41 0.0108769
5.42 0.0106169
5.43 0.0103621
5.44 0.0101123
5.45 0.00986759
5.46 0.00962783
5.47 0.00939295
5.48 0.00916289
5.49 0.00893756
5.5 0.00871691
5.51 0.00850085
5.52 0.00828931
5.53 0.00808223
5.54 0.00787953
5.55 0.00768114
5.56 0.007487
5.57 0.00729704
5.58 0.00711118
5.59 0.00692936
5.6 0.00675152
5.61 0.00657758
5.62 0.00640748
5.63 0.00624115
5.64 0.00607853
5.65 0.00591956
5.66 0.00576416
5.67 0.00561229
5.68 0.00546386
5.69 0.00531883
5.7 0.00517713
5.71 0.0050387
5.72 0.00490348
5.73 0.00477141
5.74 0.00464244
5.75 0.00451649
5.76 0.00439353
5.77 0.00427348
5.78 0.0041563
5.79 0.00404192
5.8 0.0039303
5.81 0.00382138
5.82 0.0037151
5.83 0.00361142
5.84 0.00351028
5.85 0.00341163
5.86 0.00331542
5.87 0.00322161
5.88 0.00313013
5.89 0.00304094
5.9 0.002954
5.91 0.00286926
5.92 0.00278667
5.93 0.00270619
5.94 0.00262777
5.95 0.00255136
5.96 0.00247693
5.97 0.00240443
5.98 0.00233382
5.99 0.00226505
