-6 0.000158491
-5.99 0.000166435
-5.98 0.000174748
-5.97 0.000183447
-5.96 0.000192548
-5.95 0.000202067
-5.94 0.000212022
-5.93 0.000222431
-5.92 0.000233313
-5.91 0.000244687
-5.9 0.000256575
-5.89 0.000268995
-5.88 0.000281972
-5.87 0.000295526
-5.86 0.00030968
-5.85 0.00032446
-5.84 0.00033989
-5.83 0.000355996
-5.82 0.000372804
-5.81 0.000390342
-5.8 0.000408638
-5.79 0.000427722
-5.78 0.000447624
-5.77 0.000468376
-5.76 0.00049001
-5.75 0.000512559
-5.74 0.000536059
-5.73 0.000560545
-5.72 0.000586053
-5.71 0.000612622
-5.7 0.000640292
-5.69 0.000669102
-5.68 0.000699094
-5.67 0.000730312
-5.66 0.000762799
-5.65 0.000796601
-5.64 0.000831765
-5.63 0.00086834
-5.62 0.000906376
-5.61 0.000945923
-5.6 0.000987034
-5.59 0.00102976
-5.58 0.00107417
-5.57 0.00112031
-5.56 0.00116823
-5.55 0.00121801
-5.54 0.00126971
-5.53 0.00132338
-5.52 0.00137909
-5.51 0.00143692
-5.5 0.00149693
-5.49 0.00155919
-5.48 0.00162377
-5.47 0.00169075
-5.46 0.00176021
-5.45 0.00183222
-5.44 0.00190687
-5.43 0.00198424
-5.42 0.0020644
-5.41 0.00214746
-5.4 0.00223349
-5.39 0.00232259
-5.38 0.00241485
-5.37 0.00251037
-5.36 0.00260924
-5.35 0.00271156
-5.34 0.00281743
-5.33 0.00292696
-5.32 0.00304025
-5.31 0.00315741
-5.3 0.00327855
-5.29 0.00340379
-5.28 0.00353323
-5.27 0.00366699
-5.26 0.0038052
-5.25 0.00394797
-5.24 0.00409544
-5.23 0.00424771
-5.22 0.00440493
-5.21 0.00456723
-5.2 0.00473473
-5.19 0.00490757
-5.18 0.00508589
-5.17 0.00526984
-5.16 0.00545954
-5.15 0.00565515
-5.14 0.00585681
-5.13 0.00606468
-5.12 0.0062789
-5.11 0.00649962
-5.1 0.00672701
-5.09 0.00696121
-5.08 0.0072024
-5.07 0.00745072
-5.06 0.00770635
-5.05 0.00796945
-5.04 0.00824019
-5.03 0.00851874
-5.02 0.00880526
-5.01 0.00909994
-5 0.00940294
-4.99 0.00971445
-4.98 0.0100346
-4.97 0.0103637
-4.96 0.0107018
-4.95 0.0110491
-4.94 0.0114059
-4.93 0.0117722
-4.92 0.0121483
-4.91 0.0125344
-4.9 0.0129306
-4.89 0.0133372
-4.88 0.0137544
-4.87 0.0141823
-4.86 0.0146211
-4.85 0.015071
-4.84 0.0155322
-4.83 0.0160049
-4.82 0.0164894
-4.81 0.0169857
-4.8 0.0174941
-4.79 0.0180148
-4.78 0.0185479
-4.77 0.0190937
-4.76 0.0196524
-4.75 0.0202241
-4.74 0.0208091
-4.73 0.0214075
-4.72 0.0220195
-4.71 0.0226453
-4.7 0.023285
-4.69 0.023939
-4.68 0.0246073
-4.67 0.0252901
-4.66 0.0259877
-4.65 0.0267001
-4.64 0.0274276
-4.63 0.0281703
-4.62 0.0289284
-4.61 0.029702
-4.6 0.0304914
-4.59 0.0312967
-4.58 0.0321179
-4.57 0.0329554
-4.56 0.0338091
-4.55 0.0346794
-4.54 0.0355662
-4.53 0.0364697
-4.52 0.0373901
-4.51 0.0383275
-4.5 0.039282
-4.49 0.0402536
-4.48 0.0412426
-4.47 0.042249
-4.46 0.0432729
-4.45 0.0443143
-4.44 0.0453735
-4.43 0.0464503
-4.42 0.047545
-4.41 0.0486575
-4.4 0.0497879
-4.39 0.0509363
-4.38 0.0521027
-4.37 0.0532871
-4.36 0.0544895
-4.35 0.05571
-4.34 0.0569485
-4.33 0.058205
-4.32 0.0594796
-4.31 0.0607722
-4.3 0.0620827
-4.29 0.0634111
-4.28 0.0647574
-4.27 0.0661215
-4.26 0.0675033
-4.25 0.0689028
-4.24 0.0703198
-4.23 0.0717543
-4.22 0.073206
-4.21 0.074675
-4.2 0.076161
-4.19 0.0776639
-4.18 0.0791835
-4.17 0.0807197
-4.16 0.0822723
-4.15 0.0838411
-4.14 0.0854258
-4.13 0.0870264
-4.12 0.0886424
-4.11 0.0902737
-4.1 0.0919201
-4.09 0.0935812
-4.08 0.0952568
-4.07 0.0969466
-4.06 0.0986502
-4.05 0.100367
-4.04 0.102098
-4.03 0.103841
-4.02 0.105597
-4.01 0.107365
-4 0.109145
-3.99 0.110937
-3.98 0.112739
-3.97 0.114552
-3.96 0.116375
-3.95 0.118208
-3.94 0.12005
-3.93 0.121901
-3.92 0.12376
-3.91 0.125627
-3.9 0.127502
-3.89 0.129383
-3.88 0.131271
-3.87 0.133165
-3.86 0.135063
-3.85 0.136967
-3.84 0.138875
-3.83 0.140786
-3.82 0.142701
-3.81 0.144618
-3.8 0.146536
-3.79 0.148456
-3.78 0.150377
-3.77 0.152298
-3.76 0.154218
-3.75 0.156137
-3.74 0.158053
-3.73 0.159968
-3.72 0.161879
-3.71 0.163786
-3.7 0.165689
-3.69 0.167586
-3.68 0.169478
-3.67 0.171363
-3.66 0.173241
-3.65 0.175111
-3.64 0.176972
-3.63 0.178823
-3.62 0.180665
-3.61 0.182496
-3.6 0.184315
-3.59 0.186122
-3.58 0.187917
-3.57 0.189697
-3.56 0.191464
-3.55 0.193215
-3.54 0.19495
-3.53 0.196669
-3.52 0.198371
-3.51 0.200055
-3.5 0.201721
-3.49 0.203367
-3.48 0.204993
-3.47 0.206599
-3.46 0.208183
-3.45 0.209745
-3.44 0.211284
-3.43 0.2128
-3.42 0.214293
-3.41 0.21576
-3.4 0.217202
-3.39 0.218618
-3.38 0.220007
-3.37 0.22137
-3.36 0.222704
-3.35 0.22401
-3.34 0.225287
-3.33 0.226534
-3.32 0.227751
-3.31 0.228938
-3.3 0.230093
-3.29 0.231216
-3.28 0.232307
-3.27 0.233365
-3.26 0.23439
-3.25 0.235381
-3.24 0.236338
-3.23 0.237259
-3.22 0.238146
-3.21 0.238998
-3.2 0.239813
-3.19 0.240592
-3.18 0.241334
-3.17 0.242039
-3.16 0.242707
-3.15 0.243336
-3.14 0.243928
-3.13 0.244482
-3.12 0.244997
-3.11 0.245473
-3.1 0.24591
-3.09 0.246308
-3.08 0.246666
-3.07 0.246985
-3.06 0.247264
-3.05 0.247503
-3.04 0.247703
-3.03 0.247862
-3.02 0.24798
-3.01 0.248059
-3 0.248097
-2.99 0.248096
-2.98 0.248053
-2.97 0.247971
-2.96 0.247848
-2.95 0.247686
-2.94 0.247483
-2.93 0.24724
-2.92 0.246958
-2.91 0.246636
-2.9 0.246274
-2.89 0.245873
-2.88 0.245433
-2.87 0.244954
-2.86 0.244436
-2.85 0.24388
-2.84 0.243286
-2.83 0.242654
-2.82 0.241985
-2.81 0.241278
-2.8 0.240534
-2.79 0.239754
-2.78 0.238938
-2.77 0.238087
-2.76 0.2372
-2.75 0.236278
-2.74 0.235321
-2.73 0.234331
-2.72 0.233307
-2.71 0.232251
-2.7 0.231161
-2.69 0.23004
-2.68 0.228888
-2.67 0.227704
-2.66 0.22649
-2.65 0.225247
-2.64 0.223974
-2.63 0.222673
-2.62 0.221343
-2.61 0.219986
-2.6 0.218603
-2.59 0.217193
-2.58 0.215758
-2.57 0.214298
-2.56 0.212814
-2.55 0.211306
-2.54 0.209775
-2.53 0.208222
-2.52 0.206648
-2.51 0.205053
-2.5 0.203437
-2.49 0.201802
-2.48 0.200149
-2.47 0.198477
-2.46 0.196788
-2.45 0.195083
-2.44 0.193361
-2.43 0.191625
-2.42 0.189874
-2.41 0.188109
-2.4 0.186331
-2.39 0.18454
-2.38 0.182738
-2.37 0.180926
-2.36 0.179102
-2.35 0.17727
-2.34 0.175428
-2.33 0.173579
-2.32 0.171722
-2.31 0.169858
-2.3 0.167989
-2.29 0.166114
-2.28 0.164234
-2.27 0.162351
-2.26 0.160464
-2.25 0.158574
-2.24 0.156683
-2.23 0.15479
-2.22 0.152897
-2.21 0.151003
-2.2 0.14911
-2.19 0.147218
-2.18 0.145328
-2.17 0.143441
-2.16 0.141556
-2.15 0.139675
-2.14 0.137799
-2.13 0.135927
-2.12 0.13406
-2.11 0.132199
-2.1 0.130344
-2.09 0.128497
-2.08 0.126656
-2.07 0.124824
-2.06 0.123
-2.05 0.121185
-2.04 0.119379
-2.03 0.117583
-2.02 0.115797
-2.01 0.114022
-2 0.112257
-1.99 0.110505
-1.98 0.108764
-1.97 0.107036
-1.96 0.10532
-1.95 0.103617
-1.94 0.101927
-1.93 0.100251
-1.92 0.0985896
-1.91 0.0969421
-1.9 0.0953092
-1.89 0.0936912
-1.88 0.0920883
-1.87 0.0905009
-1.86 0.0889291
-1.85 0.0873733
-1.84 0.0858336
-1.83 0.0843102
-1.82 0.0828034
-1.81 0.0813133
-1.8 0.0798402
-1.79 0.0783841
-1.78 0.0769453
-1.77 0.0755239
-1.76 0.0741199
-1.75 0.0727336
-1.74 0.0713651
-1.73 0.0700144
-1.72 0.0686816
-1.71 0.0673668
-1.7 0.0660701
-1.69 0.0647915
-1.68 0.0635311
-1.67 0.0622889
-1.66 0.061065
-1.65 0.0598593
-1.64 0.0586719
-1.63 0.0575028
-1.62 0.0563519
-1.61 0.0552193
-1.6 0.0541049
-1.59 0.0530087
-1.58 0.0519306
-1.57 0.0508707
-1.56 0.0498287
-1.55 0.0488047
-1.54 0.0477986
-1.53 0.0468104
-1.52 0.0458398
-1.51 0.0448869
-1.5 0.0439516
-1.49 0.0430336
-1.48 0.042133
-1.47 0.0412496
-1.46 0.0403832
-1.45 0.0395338
-1.44 0.0387013
-1.43 0.0378854
-1.42 0.037086
-1.41 0.036303
-1.4 0.0355363
-1.39 0.0347856
-1.38 0.0340509
-1.37 0.0333319
-1.36 0.0326285
-1.35 0.0319405
-1.34 0.0312677
-1.33 0.03061
-1.32 0.0299672
-1.31 0.0293391
-1.3 0.0287256
-1.29 0.0281263
-1.28 0.0275412
-1.27 0.0269701
-1.26 0.0264127
-1.25 0.0258689
-1.24 0.0253384
-1.23 0.0248212
-1.22 0.0243169
-1.21 0.0238254
-1.2 0.0233465
-1.19 0.02288
-1.18 0.0224256
-1.17 0.0219833
-1.16 0.0215527
-1.15 0.0211337
-1.14 0.0207261
-1.13 0.0203297
-1.12 0.0199442
-1.11 0.0195696
-1.1 0.0192055
-1.09 0.0188518
-1.08 0.0185083
-1.07 0.0181748
-1.06 0.0178511
-1.05 0.017537
-1.04 0.0172323
-1.03 0.0169368
-1.02 0.0166503
-1.01 0.0163727
-1 0.0161038
-0.99 0.0158432
-0.98 0.015591
-0.97 0.0153469
-0.96 0.0151106
-0.95 0.0148821
-0.94 0.0146612
-0.93 0.0144476
-0.92 0.0142412
-0.91 0.0140419
-0.9 0.0138494
-0.89 0.0136636
-0.88 0.0134844
-0.87 0.0133115
-0.86 0.0131447
-0.85 0.0129841
-0.84 0.0128293
-0.83 0.0126802
-0.82 0.0125368
-0.81 0.0123987
-0.8 0.0122659
-0.79 0.0121383
-0.78 0.0120156
-0.77 0.0118978
-0.76 0.0117847
-0.75 0.0116761
-0.74 0.011572
-0.73 0.0114722
-0.72 0.0113765
-0.71 0.0112849
-0.7 0.0111972
-0.69 0.0111134
-0.68 0.0110332
-0.67 0.0109565
-0.66 0.0108833
-0.65 0.0108134
-0.64 0.0107468
-0.63 0.0106832
-0.62 0.0106227
-0.61 0.0105651
-0.6 0.0105102
-0.59 0.0104581
-0.58 0.0104085
-0.57 0.0103615
-0.56 0.0103169
-0.55 0.0102746
-0.54 0.0102345
-0.53 0.0101966
-0.52 0.0101607
-0.51 0.0101268
-0.5 0.0100949
-0.49 0.0100647
-0.48 0.0100363
-0.47 0.0100096
-0.46 0.00998441
-0.45 0.0099608
-0.44 0.00993864
-0.43 0.00991788
-0.42 0.00989845
-0.41 0.00988029
-0.4 0.00986333
-0.39 0.00984751
-0.38 0.00983279
-0.37 0.0098191
-0.36 0.00980639
-0.35 0.0097946
-0.34 0.0097837
-0.33 0.00977362
-0.32 0.00976433
-0.31 0.00975577
-0.3 0.00974791
-0.29 0.00974069
-0.28 0.00973409
-0.27 0.00972806
-0.26 0.00972256
-0.25 0.00971757
-0.24 0.00971303
-0.23 0.00970893
-0.22 0.00970523
-0.21 0.00970189
-0.2 0.0096989
-0.19 0.00969622
-0.18 0.00969384
-0.17 0.00969171
-0.16 0.00968983
-0.15 0.00968817
-0.14 0.00968671
-0.13 0.00968543
-0.12 0.00968431
-0.11 0.00968335
-0.1 0.00968251
-0.09 0.0096818
-0.08 0.00968119
-0.07 0.00968068
-0.06 0.00968026
-0.05 0.00967992
-0.04 0.00967964
-0.03 0.00967944
-0.02 0.0096793
-0.01 0.00967921
0 0.00967918
0.01 0.00967921
0.02 0.0096793
0.03 0.00967944
0.04 0.00967964
0.05 0.00967992
0.06 0.00968026
0.07 0.00968068
0.08 0.00968119
0.09 0.0096818
0.1 0.00968251
0.11 0.00968335
0.12 0.00968431
0.13 0.00968543
0.14 0.00968671
0.15 0.00968817
0.16 0.00968983
0.17 0.00969171
0.18 0.00969384
0.19 0.00969622
0.2 0.0096989
0.21 0.00970189
0.22 0.00970523
0.23 0.00970893
0.24 0.00971303
0.25 0.00971757
0.26 0.00972256
0.27 0.00972806
0.28 0.00973409
0.29 0.00974069
0.3 0.00974791
0.31 0.00975577
0.32 0.00976433
0.33 0.00977362
0.34 0.0097837
0.35 0.0097946
0.36 0.00980639
0.37 0.0098191
0.38 0.00983279
0.39 0.00984751
0.4 0.00986333
0.41 0.00988029
0.42 0.00989845
0.43 0.00991788
0.44 0.00993864
0.45 0.0099608
0.46 0.00998441
0.47 0.0100096
0.48 0.0100363
0.49 0.0100647
0.5 0.0100949
0.51 0.0101268
0.52 0.0101607
0.53 0.0101966
0.54 0.0102345
0.55 0.0102746
0.56 0.0103169
0.57 0.0103615
0.58 0.0104085
0.59 0.0104581
0.6 0.0105102
0.61 0.0105651
0.62 0.0106227
0.63 0.0106832
0.64 0.0107468
0.65 0.0108134
0.66 0.0108833
0.67 0.0109565
0.68 0.0110332
0.69 0.0111134
0.7 0.0111972
0.71 0.0112849
0.72 0.0113765
0.73 0.0114722
0.74 0.011572
0.75 0.0116761
0.76 0.0117847
0.77 0.0118978
0.78 0.0120156
0.79 0.0121383
0.8 0.0122659
0.81 0.0123987
0.82 0.0125368
0.83 0.0126802
0.84 0.0128293
0.85 0.0129841
0.86 0.0131447
0.87 0.0133115
0.88 0.0134844
0.89 0.0136636
0.9 0.0138494
0.91 0.0140419
0.92 0.0142412
0.93 0.0144476
0.94 0.0146612
0.95 0.0148821
0.96 0.0151106
0.97 0.0153469
0.98 0.015591
0.99 0.0158432
1 0.0161038
1.01 0.0163727
1.02 0.0166503
1.03 0.0169368
1.04 0.0172323
1.05 0.017537
1.06 0.0178511
1.07 0.0181748
1.08 0.0185083
1.09 0.0188518
1.1 0.0192055
1.11 0.0195696
1.12 0.0199442
1.13 0.0203297
1.14 0.0207261
1.15 0.0211337
1.16 0.0215527
1.17 0.0219833
1.18 0.0224256
1.19 0.02288
1.2 0.0233465
1.21 0.0238254
1.22 0.0243169
1.23 0.0248212
1.24 0.0253384
1.25 0.0258689
1.26 0.0264127
1.27 0.0269701
1.28 0.0275412
1.29 0.0281263
1.3 0.0287256
1.31 0.0293391
1.32 0.0299672
1.33 0.03061
1.34 0.0312677
1.35 0.0319405
1.36 0.0326285
1.37 0.0333319
1.38 0.0340509
1.39 0.0347856
1.4 0.0355363
1.41 0.036303
1.42 0.037086
1.43 0.0378854
1.44 0.0387013
1.45 0.0395338
1.46 0.0403832
1.47 0.0412496
1.48 0.042133
1.49 0.0430336
1.5 0.0439516
1.51 0.0448869
1.52 0.0458398
1.53 0.0468104
1.54 0.0477986
1.55 0.0488047
1.56 0.0498287
1.57 0.0508707
1.58 0.0519306
1.59 0.0530087
1.6 0.0541049
1.61 0.0552193
1.62 0.0563519
1.63 0.0575028
1.64 0.0586719
1.65 0.0598593
1.66 0.061065
1.67 0.0622889
1.68 0.0635311
1.69 0.0647915
1.7 0.0660701
1.71 0.0673668
1.72 0.0686816
1.73 0.0700144
1.74 0.0713651
1.75 0.0727336
1.76 0.0741199
1.77 0.0755239
1.78 0.0769453
1.79 0.0783841
1.8 0.0798402
1.81 0.0813133
1.82 0.0828034
1.83 0.0843102
1.84 0.0858336
1.85 0.0873733
1.86 0.0889291
1.87 0.0905009
1.88 0.0920883
1.89 0.0936912
1.9 0.0953092
1.91 0.0969421
1.92 0.0985896
1.93 0.100251
1.94 0.101927
1.95 0.103617
1.96 0.10532
1.97 0.107036
1.98 0.108764
1.99 0.110505
2 0.112257
2.01 0.114022
2.02 0.115797
2.03 0.117583
2.04 0.119379
2.05 0.121185
2.06 0.123
2.07 0.124824
2.08 0.126656
2.09 0.128497
2.1 0.130344
2.11 0.132199
2.12 0.13406
2.13 0.135927
2.14 0.137799
2.15 0.139675
2.16 0.141556
2.17 0.143441
2.18 0.145328
2.19 0.147218
2.2 0.14911
2.21 0.151003
2.22 0.152897
2.23 0.15479
2.24 0.156683
2.25 0.158574
2.26 0.160464
2.27 0.162351
2.28 0.164234
2.29 0.166114
2.3 0.167989
2.31 0.169858
2.32 0.171722
2.33 0.173579
2.34 0.175428
2.35 0.17727
2.36 0.179102
2.37 0.180926
2.38 0.182738
2.39 0.18454
2.4 0.186331
2.41 0.188109
2.42 0.189874
2.43 0.191625
2.44 0.193361
2.45 0.195083
2.46 0.196788
2.47 0.198477
2.48 0.200149
2.49 0.201802
2.5 0.203437
2.51 0.205053
2.52 0.206648
2.53 0.208222
2.54 0.209775
2.55 0.211306
2.56 0.212814
2.57 0.214298
2.58 0.215758
2.59 0.217193
2.6 0.218603
2.61 0.219986
2.62 0.221343
2.63 0.222673
2.64 0.223974
2.65 0.225247
2.66 0.22649
2.67 0.227704
2.68 0.228888
2.69 0.23004
2.7 0.231161
2.71 0.232251
2.72 0.233307
2.73 0.234331
2.74 0.235321
2.75 0.236278
2.76 0.2372
2.77 0.238087
2.78 0.238938
2.79 0.239754
2.8 0.240534
2.81 0.241278
2.82 0.241985
2.83 0.242654
2.84 0.243286
2.85 0.24388
2.86 0.244436
2.87 0.244954
2.88 0.245433
2.89 0.245873
2.9 0.246274
2.91 0.246636
2.92 0.246958
2.93 0.24724
2.94 0.247483
2.95 0.247686
2.96 0.247848
2.97 0.247971
2.98 0.248053
2.99 0.248096
3 0.248097
3.01 0.248059
3.02 0.24798
3.03 0.247862
3.04 0.247703
3.05 0.247503
3.06 0.247264
3.07 0.246985
3.08 0.246666
3.09 0.246308
3.1 0.24591
3.11 0.245473
3.12 0.244997
3.13 0.244482
3.14 0.243928
3.15 0.243336
3.16 0.242707
3.17 0.242039
3.18 0.241334
3.19 0.240592
3.2 0.239813
3.21 0.238998
3.22 0.238146
3.23 0.237259
3.24 0.236338
3.25 0.235381
3.26 0.23439
3.27 0.233365
3.28 0.232307
3.29 0.231216
3.3 0.230093
3.31 0.228938
3.32 0.227751
3.33 0.226534
3.34 0.225287
3.35 0.22401
3.36 0.222704
3.37 0.22137
3.38 0.220007
3.39 0.218618
3.4 0.217202
3.41 0.21576
3.42 0.214293
3.43 0.2128
3.44 0.211284
3.45 0.209745
3.46 0.208183
3.47 0.206599
3.48 0.204993
3.49 0.203367
3.5 0.201721
3.51 0.200055
3.52 0.198371
3.53 0.196669
3.54 0.19495
3.55 0.193215
3.56 0.191464
3.57 0.189697
3.58 0.187917
3.59 0.186122
3.6 0.184315
3.61 0.182496
3.62 0.180665
3.63 0.178823
3.64 0.176972
3.65 0.175111
3.66 0.173241
3.67 0.171363
3.68 0.169478
3.69 0.167586
3.7 0.165689
3.71 0.163786
3.72 0.161879
3.73 0.159968
3.74 0.158053
3.75 0.156137
3.76 0.154218
3.77 0.152298
3.78 0.150377
3.79 0.148456
3.8 0.146536
3.81 0.144618
3.82 0.142701
3.83 0.140786
3.84 0.138875
3.85 0.136967
3.86 0.135063
3.87 0.133165
3.88 0.131271
3.89 0.129383
3.9 0.127502
3.91 0.125627
3.92 0.12376
3.93 0.121901
3.94 0.12005
3.95 0.118208
3.96 0.116375
3.97 0.114552
3.98 0.112739
3.99 0.110937
4 0.109145
4.01 0.107365
4.02 0.105597
4.03 0.103841
4.04 0.102098
4.05 0.100367
4.06 0.0986502
4.07 0.0969466
4.08 0.0952568
4.09 0.0935812
4.1 0.0919201
4.11 0.0902737
4.12 0.0886424
4.13 0.0870264
4.14 0.0854258
4.15 0.0838411
4.16 0.0822723
4.17 0.0807197
4.18 0.0791835
4.19 0.0776639
4.2 0.076161
4.21 0.074675
4.22 0.073206
4.23 0.0717543
4.24 0.0703198
4.25 0.0689028
4.26 0.0675033
4.27 0.0661215
4.28 0.0647574
4.29 0.0634111
4.3 0.0620827
4.31 0.0607722
4.32 0.0594796
4.33 0.058205
4.34 0.0569485
4.35 0.05571
4.36 0.0544895
4.37 0.0532871
4.38 0.0521027
4.39 0.0509363
4.4 0.0497879
4.41 0.0486575
4.42 0.047545
4.43 0.0464503
4.44 0.0453735
4.45 0.0443143
4.46 0.0432729
4.47 0.042249
4.48 0.0412426
4.49 0.0402536
4.5 0.039282
4.51 0.0383275
4.52 0.0373901
4.53 0.0364697
4.54 0.0355662
4.55 0.0346794
4.56 0.0338091
4.57 0.0329554
4.58 0.0321179
4.59 0.0312967
4.6 0.0304914
4.61 0.029702
4.62 0.0289284
4.63 0.0281703
4.64 0.0274276
4.65 0.0267001
4.66 0.0259877
4.67 0.0252901
4.68 0.0246073
4.69 0.023939
4.7 0.023285
4.71 0.0226453
4.72 0.0220195
4.73 0.0214075
4.74 0.0208091
4.75 0.0202241
4.76 0.0196524
4.77 0.0190937
4.78 0.0185479
4.79 0.0180148
4.8 0.0174941
4.81 0.0169857
4.82 0.0164894
4.83 0.0160049
4.84 0.0155322
4.85 0.015071
4.86 0.0146211
4.87 0.0141823
4.88 0.0137544
4.89 0.0133372
4.9 0.0129306
4.91 0.0125344
4.92 0.0121483
4.93 0.0117722
4.94 0.0114059
4.95 0.0110491
4.96 0.0107018
4.97 0.0103637
4.98 0.0100346
4.99 0.00971445
5 0.00940294
5.01 0.00909994
5.02 0.00880526
5.03 0.00851874
5.04 0.00824019
5.05 0.00796945
5.06 0.00770635
5.07 0.00745072
5.08 0.0072024
5.09 0.00696121
5.1 0.00672701
5.11 0.00649962
5.12 0.0062789
5.13 0.00606468
5.14 0.00585681
5.15 0.00565515
5.16 0.00545954
5.17 0.00526984
5.18 0.00508589
5.19 0.00490757
5.2 0.00473473
5.21 0.00456723
5.22 0.00440493
5.23 0.00424771
5.24 0.00409544
5.25 0.00394797
5.26 0.0038052
5.27 0.00366699
5.28 0.00353323
5.29 0.00340379
5.3 0.00327855
5.31 0.00315741
5.32 0.00304025
5.33 0.00292696
5.34 0.00281743
5.35 0.00271156
5.36 0.00260924
5.37 0.00251037
5.38 0.00241485
5.39 0.00232259
5.4 0.00223349
5.41 0.00214746
5.42 0.0020644
5.43 0.00198424
5.44 0.00190687
5.45 0.00183222
5.46 0.00176021
5.47 0.00169075
5.48 0.00162377
5.49 0.00155919
5.5 0.00149693
5.51 0.00143692
5.52 0.00137909
5.53 0.00132338
5.54 0.00126971
5.55 0.00121801
5.56 0.00116823
5.57 0.00112031
5.58 0.00107417
5.59 0.00102976
5.6 0.000987034
5.61 0.000945923
5.62 0.000906376
5.63 0.00086834
5.64 0.000831765
5.65 0.000796601
5.66 0.000762799
5.67 0.000730312
5.68 0.000699094
5.69 0.000669102
5.7 0.000640292
5.71 0.000612622
5.72 0.000586053
5.73 0.000560545
5.74 0.000536059
5.75 0.000512559
5.76 0.00049001
5.77 0.000468376
5.78 0.000447624
5.79 0.000427722
5.8 0.000408638
5.81 0.000390342
5.82 0.000372804
5.83 0.000355996
5.84 0.00033989
5.85 0.00032446
5.86 0.00030968
5.87 0.000295526
5.88 0.000281972
5.89 0.000268995
5.9 0.000256575
5.91 0.000244687
5.92 0.000233313
5.93 0.000222431
5.94 0.000212022
5.95 0.000202067
5.96 0.000192548
5.97 0.000183447
5.98 0.000174748
5.99 0.000166435
