-6 0
-5.99 0
-5.98 0
-5.97 0
-5.96 0
-5.95 0
-5.94 0
-5.93 0
-5.92 0
-5.91 0
-5.9 0
-5.89 0
-5.88 0
-5.87 0
-5.86 0
-5.85 0
-5.84 0
-5.83 0
-5.82 0
-5.81 0
-5.8 0
-5.79 0
-5.78 0
-5.77 0
-5.76 0
-5.75 0
-5.74 0
-5.73 0
-5.72 0
-5.71 0
-5.7 0
-5.69 0
-5.68 0
-5.67 0
-5.66 0
-5.65 0
-5.64 0
-5.63 0
-5.62 0
-5.61 0
-5.6 0
-5.59 0
-5.58 0
-5.57 0
-5.56 0
-5.55 0
-5.54 0
-5.53 0
-5.52 0
-5.51 0
-5.5 0
-5.49 0
-5.48 0
-5.47 0
-5.46 0
-5.45 0
-5.44 0
-5.43 0
-5.42 0
-5.41 0
-5.4 0
-5.39 0
-5.38 0
-5.37 0
-5.36 0
-5.35 0
-5.34 0
-5.33 0
-5.32 0
-5.31 0
-5.3 0
-5.29 0
-5.28 0
-5.27 0
-5.26 0
-5.25 0
-5.24 0
-5.23 0
-5.22 0
-5.21 0
-5.2 0
-5.19 0
-5.18 0
-5.17 0
-5.16 0
-5.15 0
-5.14 0
-5.13 0
-5.12 0
-5.11 0
-5.1 0
-5.09 0
-5.08 0
-5.07 0
-5.06 0
-5.05 0
-5.04 0
-5.03 0
-5.02 0
-5.01 0
-5 0
-4.99 0
-4.98 0
-4.97 0
-4.96 0
-4.95 0
-4.94 0
-4.93 0
-4.92 0
-4.91 0
-4.9 0
-4.89 0
-4.88 0
-4.87 0
-4.86 0
-4.85 0
-4.84 0
-4.83 0
-4.82 0
-4.81 0
-4.8 0
-4.79 0
-4.78 0
-4.77 0
-4.76 0
-4.75 0
-4.74 0
-4.73 0
-4.72 0
-4.71 0
-4.7 0
-4.69 0
-4.68 0
-4.67 0
-4.66 0
-4.65 0
-4.64 0
-4.63 0
-4.62 0
-4.61 0
-4.6 0
-4.59 0
-4.58 0
-4.57 0
-4.56 0
-4.55 0
-4.54 0
-4.53 0
-4.52 0
-4.51 0
-4.5 0
-4.49 0
-4.48 0
-4.47 0
-4.46 0
-4.45 0
-4.44 0
-4.43 0
-4.42 0
-4.41 0
-4.4 0
-4.39 0
-4.38 0
-4.37 0
-4.36 0
-4.35 0
-4.34 0
-4.33 0
-4.32 0
-4.31 0
-4.3 0
-4.29 0
-4.28 0
-4.27 0
-4.26 0
-4.25 0
-4.24 0
-4.23 0
-4.22 0
-4.21 0
-4.2 0
-4.19 0
-4.18 0
-4.17 0
-4.16 0
-4.15 0
-4.14 0
-4.13 0
-4.12 0
-4.11 0
-4.1 0
-4.09 0
-4.08 0
-4.07 0
-4.06 0
-4.05 0
-4.04 0
-4.03 0
-4.02 0
-4.01 0
-4 0
-3.99 0
-3.98 0
-3.97 0
-3.96 0
-3.95 0
-3.94 0
-3.93 0
-3.92 0
-3.91 0
-3.9 0
-3.89 0
-3.88 0
-3.87 0
-3.86 0
-3.85 0
-3.84 0
-3.83 0
-3.82 0
-3.81 0
-3.8 0
-3.79 0
-3.78 0
-3.77 0
-3.76 0
-3.75 0
-3.74 0
-3.73 0
-3.72 0
-3.71 0
-3.7 0
-3.69 0
-3.68 0
-3.67 0
-3.66 0
-3.65 0
-3.64 0
-3.63 0
-3.62 0
-3.61 0
-3.6 0
-3.59 0
-3.58 0
-3.57 0
-3.56 0
-3.55 0
-3.54 0
-3.53 0
-3.52 0
-3.51 0
-3.5 0
-3.49 0
-3.48 0
-3.47 0
-3.46 0
-3.45 0
-3.44 0
-3.43 0
-3.42 0
-3.41 0
-3.4 0
-3.39 0
-3.38 0
-3.37 0
-3.36 0
-3.35 0
-3.34 0
-3.33 0
-3.32 0
-3.31 0
-3.3 0
-3.29 0
-3.28 0
-3.27 0
-3.26 0
-3.25 0
-3.24 0
-3.23 0
-3.22 0
-3.21 0
-3.2 0
-3.19 0
-3.18 0
-3.17 0
-3.16 0
-3.15 0
-3.14 0
-3.13 0
-3.12 0
-3.11 0
-3.1 0
-3.09 0
-3.08 0
-3.07 0
-3.06 0
-3.05 0
-3.04 0
-3.03 0
-3.02 0
-3.01 0
-3 0
-2.99 0
-2.98 0
-2.97 0
-2.96 0
-2.95 0
-2.94 0
-2.93 0
-2.92 0
-2.91 0
-2.9 0
-2.89 0
-2.88 0
-2.87 0
-2.86 0
-2.85 0
-2.84 0
-2.83 0
-2.82 0
-2.81 0
-2.8 0
-2.79 0
-2.78 0
-2.77 0
-2.76 0
-2.75 0
-2.74 1.28457e-322
-2.73 5.4618e-319
-2.72 2.25846e-315
-2.71 8.90566e-312
-2.7 3.34886e-308
-2.69 1.20089e-304
-2.68 4.10665e-301
-2.67 1.33921e-297
-2.66 4.16472e-294
-2.65 1.23509e-290
-2.64 3.49293e-287
-2.63 9.42013e-284
-2.62 2.42271e-280
-2.61 5.94184e-277
-2.6 1.38969e-273
-2.59 3.0995e-270
-2.58 6.59238e-267
-2.57 1.33712e-263
-2.56 2.58626e-260
-2.55 4.77038e-257
-2.54 8.39093e-254
-2.53 1.40748e-250
-2.52 2.25141e-247
-2.51 3.43432e-244
-2.5 4.99579e-241
-2.49 6.93018e-238
-2.48 9.16772e-235
-2.47 1.15652e-231
-2.46 1.39131e-228
-2.45 1.59614e-225
-2.44 1.7462e-222
-2.43 1.82178e-219
-2.42 1.81247e-216
-2.41 1.71959e-213
-2.4 1.55581e-210
-2.39 1.34234e-207
-2.38 1.10445e-204
-2.37 8.66573e-202
-2.36 6.48398e-199
-2.35 4.62653e-196
-2.34 3.14808e-193
-2.33 2.04273e-190
-2.32 1.26402e-187
-2.31 7.4589e-185
-2.3 4.19731e-182
-2.29 2.25239e-179
-2.28 1.15264e-176
-2.27 5.62498e-174
-2.26 2.61772e-171
-2.25 1.16173e-168
-2.24 4.91655e-166
-2.23 1.98423e-163
-2.22 7.63665e-161
-2.21 2.80278e-158
-2.2 9.80962e-156
-2.19 3.2741e-153
-2.18 1.0421e-150
-2.17 3.16301e-148
-2.16 9.15526e-146
-2.15 2.52707e-143
-2.14 6.65181e-141
-2.13 1.6697e-138
-2.12 3.99683e-136
-2.11 9.12364e-134
-2.1 1.98608e-131
-2.09 4.12291e-129
-2.08 8.16181e-127
-2.07 1.5408e-124
-2.06 2.77385e-122
-2.05 4.76206e-120
-2.04 7.79622e-118
-2.03 1.21717e-115
-2.02 1.81215e-113
-2.01 2.57284e-111
-2 3.48344e-109
-1.99 4.4976e-107
-1.98 5.53771e-105
-1.97 6.50214e-103
-1.96 7.28046e-101
-1.95 7.77388e-99
-1.94 7.91578e-97
-1.93 7.68646e-95
-1.92 7.11763e-93
-1.91 6.28523e-91
-1.9 5.29278e-89
-1.89 4.25033e-87
-1.88 3.25491e-85
-1.87 2.37701e-83
-1.86 1.65539e-81
-1.85 1.09937e-79
-1.84 6.96255e-78
-1.83 4.20501e-76
-1.82 2.42183e-74
-1.81 1.33013e-72
-1.8 6.96665e-71
-1.79 3.4796e-69
-1.78 1.65734e-67
-1.77 7.52785e-66
-1.76 3.26067e-64
-1.75 1.34685e-62
-1.74 5.30527e-61
-1.73 1.99284e-59
-1.72 7.13863e-58
-1.71 2.43856e-56
-1.7 7.94382e-55
-1.69 2.46775e-53
-1.68 7.31055e-52
-1.67 2.06526e-50
-1.66 5.56388e-49
-1.65 1.42941e-47
-1.64 3.50196e-46
-1.63 8.1817e-45
-1.62 1.82285e-43
-1.61 3.87291e-42
-1.6 7.84692e-41
-1.59 1.51614e-39
-1.58 2.79353e-38
-1.57 4.90846e-37
-1.56 8.22458e-36
-1.55 1.31419e-34
-1.54 2.00254e-33
-1.53 2.90991e-32
-1.52 4.03231e-31
-1.51 5.32851e-30
-1.5 6.71482e-29
-1.49 8.06936e-28
-1.48 9.24743e-27
-1.47 1.0106e-25
-1.46 1.05321e-24
-1.45 1.04671e-23
-1.44 9.92006e-23
-1.43 8.9656e-22
-1.42 7.72718e-21
-1.41 6.35096e-20
-1.4 4.97776e-19
-1.39 3.72054e-18
-1.38 2.65188e-17
-1.37 1.80251e-16
-1.36 1.16837e-15
-1.35 7.22201e-15
-1.34 4.25709e-14
-1.33 2.39301e-13
-1.32 1.28278e-12
-1.31 6.55748e-12
-1.3 3.19668e-11
-1.29 1.48606e-10
-1.28 6.58797e-10
-1.27 2.78511e-09
-1.26 1.12282e-08
-1.25 4.31673e-08
-1.24 1.58262e-07
-1.23 5.53318e-07
-1.22 1.8448e-06
-1.21 5.86544e-06
-1.2 1.77839e-05
-1.19 5.14201e-05
-1.18 0.00014178
-1.17 0.000372796
-1.16 0.000934773
-1.15 0.0022352
-1.14 0.00509689
-1.13 0.0110833
-1.12 0.0229832
-1.11 0.0454494
-1.1 0.0857082
-1.09 0.154132
-1.08 0.264327
-1.07 0.43228
-1.06 0.674165
-1.05 1.00264
-1.04 1.422
-1.03 1.92322
-1.02 2.48049
-1.01 3.05085
-1 3.57834
-0.99 4.00239
-0.98 4.26907
-0.97 4.34234
-0.96 4.21203
-0.95 3.89615
-0.94 3.43682
-0.93 2.89104
-0.92 2.31915
-0.91 1.7741
-0.9 1.29421
-0.89 0.900347
-0.88 0.597297
-0.87 0.377875
-0.86 0.227972
-0.85 0.131157
-0.84 0.0719581
-0.83 0.0376481
-0.82 0.0187838
-0.81 0.00893719
-0.8 0.00405504
-0.79 0.00175455
-0.78 0.000723957
-0.77 0.000284863
-0.76 0.00010689
-0.75 3.82485e-05
-0.74 1.30517e-05
-0.73 4.24715e-06
-0.72 1.31797e-06
-0.71 3.90022e-07
-0.7 1.10065e-07
-0.69 2.96201e-08
-0.68 7.6015e-09
-0.67 1.86033e-09
-0.66 4.34167e-10
-0.65 9.66274e-11
-0.64 2.05079e-11
-0.63 4.15066e-12
-0.62 8.01107e-13
-0.61 1.47449e-13
-0.6 2.58802e-14
-0.59 4.33183e-15
-0.58 6.91435e-16
-0.57 1.05247e-16
-0.56 1.52771e-17
-0.55 2.11471e-18
-0.54 2.7915e-19
-0.53 3.51401e-20
-0.52 4.21952e-21
-0.51 4.90721e-22
-0.5 1.02608e-22
-0.49 3.12312e-22
-0.48 1.81949e-21
-0.47 1.03948e-20
-0.46 5.72629e-20
-0.45 3.04085e-19
-0.44 1.55661e-18
-0.43 7.68116e-18
-0.42 3.65374e-17
-0.41 1.67538e-16
-0.4 7.40543e-16
-0.39 3.15538e-15
-0.38 1.29603e-14
-0.37 5.13148e-14
-0.36 1.95855e-13
-0.35 7.20589e-13
-0.34 2.55567e-12
-0.33 8.73747e-12
-0.32 2.87958e-11
-0.31 9.14821e-11
-0.3 2.8016e-10
-0.29 8.27066e-10
-0.28 2.35362e-09
-0.27 6.4565e-09
-0.26 1.70734e-08
-0.25 4.35219e-08
-0.24 1.06944e-07
-0.23 2.53321e-07
-0.22 5.78425e-07
-0.21 1.27317e-06
-0.2 2.70141e-06
-0.19 5.5253e-06
-0.18 1.0894e-05
-0.17 2.07052e-05
-0.16 3.79345e-05
-0.15 6.69968e-05
-0.14 0.000114061
-0.13 0.00018719
-0.12 0.000296136
-0.11 0.00045161
-0.1 0.000663895
-0.09 0.000940803
-0.08 0.00128517
-0.07 0.00169234
-0.06 0.0021482
-0.05 0.00262862
-0.04 0.00310058
-0.03 0.0035255
-0.02 0.00386423
-0.01 0.00408289
0 0.0041585
0.01 0.00408289
0.02 0.00386423
0.03 0.0035255
0.04 0.00310058
0.05 0.00262862
0.06 0.0021482
0.07 0.00169234
0.08 0.00128517
0.09 0.000940803
0.1 0.000663895
0.11 0.00045161
0.12 0.000296136
0.13 0.00018719
0.14 0.000114061
0.15 6.69968e-05
0.16 3.79345e-05
0.17 2.07052e-05
0.18 1.0894e-05
0.19 5.5253e-06
0.2 2.70141e-06
0.21 1.27317e-06
0.22 5.78425e-07
0.23 2.53321e-07
0.24 1.06944e-07
0.25 4.35219e-08
0.26 1.70734e-08
0.27 6.4565e-09
0.28 2.35362e-09
0.29 8.27066e-10
0.3 2.8016e-10
0.31 9.14821e-11
0.32 2.87958e-11
0.33 8.73747e-12
0.34 2.55567e-12
0.35 7.20589e-13
0.36 1.95855e-13
0.37 5.13148e-14
0.38 1.29603e-14
0.39 3.15538e-15
0.4 7.40543e-16
0.41 1.67538e-16
0.42 3.65374e-17
0.43 7.68116e-18
0.44 1.55661e-18
0.45 3.04085e-19
0.46 5.72629e-20
0.47 1.03948e-20
0.48 1.81949e-21
0.49 3.12312e-22
0.5 1.02608e-22
0.51 4.90721e-22
0.52 4.21952e-21
0.53 3.51401e-20
0.54 2.7915e-19
0.55 2.11471e-18
0.56 1.52771e-17
0.57 1.05247e-16
0.58 6.91435e-16
0.59 4.33183e-15
0.6 2.58802e-14
0.61 1.47449e-13
0.62 8.01107e-13
0.63 4.15066e-12
0.64 2.05079e-11
0.65 9.66274e-11
0.66 4.34167e-10
0.67 1.86033e-09
0.68 7.6015e-09
0.69 2.96201e-08
0.7 1.10065e-07
0.71 3.90022e-07
0.72 1.31797e-06
0.73 4.24715e-06
0.74 1.30517e-05
0.75 3.82485e-05
0.76 0.00010689
0.77 0.000284863
0.78 0.000723957
0.79 0.00175455
0.8 0.00405504
0.81 0.00893719
0.82 0.0187838
0.83 0.0376481
0.84 0.0719581
0.85 0.131157
0.86 0.227972
0.87 0.377875
0.88 0.597297
0.89 0.900347
0.9 1.29421
0.91 1.7741
0.92 2.31915
0.93 2.89104
0.94 3.43682
0.95 3.89615
0.96 4.21203
0.97 4.34234
0.98 4.26907
0.99 4.00239
1 3.57834
1.01 3.05085
1.02 2.48049
1.03 1.92322
1.04 1.422
1.05 1.00264
1.06 0.674165
1.07 0.43228
1.08 0.264327
1.09 0.154132
1.1 0.0857082
1.11 0.0454494
1.12 0.0229832
1.13 0.0110833
1.14 0.00509689
1.15 0.0022352
1.16 0.000934773
1.17 0.000372796
1.18 0.00014178
1.19 5.14201e-05
1.2 1.77839e-05
1.21 5.86544e-06
1.22 1.8448e-06
1.23 5.53318e-07
1.24 1.58262e-07
1.25 4.31673e-08
1.26 1.12282e-08
1.27 2.78511e-09
1.28 6.58797e-10
1.29 1.48606e-10
1.3 3.19668e-11
1.31 6.55748e-12
1.32 1.28278e-12
1.33 2.39301e-13
1.34 4.25709e-14
1.35 7.22201e-15
1.36 1.16837e-15
1.37 1.80251e-16
1.38 2.65188e-17
1.39 3.72054e-18
1.4 4.97776e-19
1.41 6.35096e-20
1.42 7.72718e-21
1.43 8.9656e-22
1.44 9.92006e-23
1.45 1.04671e-23
1.46 1.05321e-24
1.47 1.0106e-25
1.48 9.24743e-27
1.49 8.06936e-28
1.5 6.71482e-29
1.51 5.32851e-30
1.52 4.03231e-31
1.53 2.90991e-32
1.54 2.00254e-33
1.55 1.31419e-34
1.56 8.22458e-36
1.57 4.90846e-37
1.58 2.79353e-38
1.59 1.51614e-39
1.6 7.84692e-41
1.61 3.87291e-42
1.62 1.82285e-43
1.63 8.1817e-45
1.64 3.50196e-46
1.65 1.42941e-47
1.66 5.56388e-49
1.67 2.06526e-50
1.68 7.31055e-52
1.69 2.46775e-53
1.7 7.94382e-55
1.71 2.43856e-56
1.72 7.13863e-58
1.73 1.99284e-59
1.74 5.30527e-61
1.75 1.34685e-62
1.76 3.26067e-64
1.77 7.52785e-66
1.78 1.65734e-67
1.79 3.4796e-69
1.8 6.96665e-71
1.81 1.33013e-72
1.82 2.42183e-74
1.83 4.20501e-76
1.84 6.96255e-78
1.85 1.09937e-79
1.86 1.65539e-81
1.87 2.37701e-83
1.88 3.25491e-85
1.89 4.25033e-87
1.9 5.29278e-89
1.91 6.28523e-91
1.92 7.11763e-93
1.93 7.68646e-95
1.94 7.91578e-97
1.95 7.77388e-99
1.96 7.28046e-101
1.97 6.50214e-103
1.98 5.53771e-105
1.99 4.4976e-107
2 3.48344e-109
2.01 2.57284e-111
2.02 1.81215e-113
2.03 1.21717e-115
2.04 7.79622e-118
2.05 4.76206e-120
2.06 2.77385e-122
2.07 1.5408e-124
2.08 8.16181e-127
2.09 4.12291e-129
2.1 1.98608e-131
2.11 9.12364e-134
2.12 3.99683e-136
2.13 1.6697e-138
2.14 6.65181e-141
2.15 2.52707e-143
2.16 9.15526e-146
2.17 3.16301e-148
2.18 1.0421e-150
2.19 3.2741e-153
2.2 9.80962e-156
2.21 2.80278e-158
2.22 7.63665e-161
2.23 1.98423e-163
2.24 4.91655e-166
2.25 1.16173e-168
2.26 2.61772e-171
2.27 5.62498e-174
2.28 1.15264e-176
2.29 2.25239e-179
2.3 4.19731e-182
2.31 7.4589e-185
2.32 1.26402e-187
2.33 2.04273e-190
2.34 3.14808e-193
2.35 4.62653e-196
2.36 6.48398e-199
2.37 8.66573e-202
2.38 1.10445e-204
2.39 1.34234e-207
2.4 1.55581e-210
2.41 1.71959e-213
2.42 1.81247e-216
2.43 1.82178e-219
2.44 1.7462e-222
2.45 1.59614e-225
2.46 1.39131e-228
2.47 1.15652e-231
2.48 9.16772e-235
2.49 6.93018e-238
2.5 4.99579e-241
2.51 3.43432e-244
2.52 2.25141e-247
2.53 1.40748e-250
2.54 8.39093e-254
2.55 4.77038e-257
2.56 2.58626e-260
2.57 1.33712e-263
2.58 6.59238e-267
2.59 3.0995e-270
2.6 1.38969e-273
2.61 5.94184e-277
2.62 2.42271e-280
2.63 9.42013e-284
2.64 3.49293e-287
2.65 1.23509e-290
2.66 4.16472e-294
2.67 1.33921e-297
2.68 4.10665e-301
2.69 1.20089e-304
2.7 3.34886e-308
2.71 8.90566e-312
2.72 2.25846e-315
2.73 5.4618e-319
2.74 1.28457e-322
2.75 0
2.76 0
2.77 0
2.78 0
2.79 0
2.8 0
2.81 0
2.82 0
2.83 0
2.84 0
2.85 0
2.86 0
2.87 0
2.88 0
2.89 0
2.9 0
2.91 0
2.92 0
2.93 0
2.94 0
2.95 0
2.96 0
2.97 0
2.98 0
2.99 0
3 0
3.01 0
3.02 0
3.03 0
3.04 0
3.05 0
3.06 0
3.07 0
3.08 0
3.09 0
3.1 0
3.11 0
3.12 0
3.13 0
3.14 0
3.15 0
3.16 0
3.17 0
3.18 0
3.19 0
3.2 0
3.21 0
3.22 0
3.23 0
3.24 0
3.25 0
3.26 0
3.27 0
3.28 0
3.29 0
3.3 0
3.31 0
3.32 0
3.33 0
3.34 0
3.35 0
3.36 0
3.37 0
3.38 0
3.39 0
3.4 0
3.41 0
3.42 0
3.43 0
3.44 0
3.45 0
3.46 0
3.47 0
3.48 0
3.49 0
3.5 0
3.51 0
3.52 0
3.53 0
3.54 0
3.55 0
3.56 0
3.57 0
3.58 0
3.59 0
3.6 0
3.61 0
3.62 0
3.63 0
3.64 0
3.65 0
3.66 0
3.67 0
3.68 0
3.69 0
3.7 0
3.71 0
3.72 0
3.73 0
3.74 0
3.75 0
3.76 0
3.77 0
3.78 0
3.79 0
3.8 0
3.81 0
3.82 0
3.83 0
3.84 0
3.85 0
3.86 0
3.87 0
3.88 0
3.89 0
3.9 0
3.91 0
3.92 0
3.93 0
3.94 0
3.95 0
3.96 0
3.97 0
3.98 0
3.99 0
4 0
4.01 0
4.02 0
4.03 0
4.04 0
4.05 0
4.06 0
4.07 0
4.08 0
4.09 0
4.1 0
4.11 0
4.12 0
4.13 0
4.14 0
4.15 0
4.16 0
4.17 0
4.18 0
4.19 0
4.2 0
4.21 0
4.22 0
4.23 0
4.24 0
4.25 0
4.26 0
4.27 0
4.28 0
4.29 0
4.3 0
4.31 0
4.32 0
4.33 0
4.34 0
4.35 0
4.36 0
4.37 0
4.38 0
4.39 0
4.4 0
4.41 0
4.42 0
4.43 0
4.44 0
4.45 0
4.46 0
4.47 0
4.48 0
4.49 0
4.5 0
4.51 0
4.52 0
4.53 0
4.54 0
4.55 0
4.56 0
4.57 0
4.58 0
4.59 0
4.6 0
4.61 0
4.62 0
4.63 0
4.64 0
4.65 0
4.66 0
4.67 0
4.68 0
4.69 0
4.7 0
4.71 0
4.72 0
4.73 0
4.74 0
4.75 0
4.76 0
4.77 0
4.78 0
4.79 0
4.8 0
4.81 0
4.82 0
4.83 0
4.84 0
4.85 0
4.86 0
4.87 0
4.88 0
4.89 0
4.9 0
4.91 0
4.92 0
4.93 0
4.94 0
4.95 0
4.96 0
4.97 0
4.98 0
4.99 0
5 0
5.01 0
5.02 0
5.03 0
5.04 0
5.05 0
5.06 0
5.07 0
5.08 0
5.09 0
5.1 0
5.11 0
5.12 0
5.13 0
5.14 0
5.15 0
5.16 0
5.17 0
5.18 0
5.19 0
5.2 0
5.21 0
5.22 0
5.23 0
5.24 0
5.25 0
5.26 0
5.27 0
5.28 0
5.29 0
5.3 0
5.31 0
5.32 0
5.33 0
5.34 0
5.35 0
5.36 0
5.37 0
5.38 0
5.39 0
5.4 0
5.41 0
5.42 0
5.43 0
5.44 0
5.45 0
5.46 0
5.47 0
5.48 0
5.49 0
5.5 0
5.51 0
5.52 0
5.53 0
5.54 0
5.55 0
5.56 0
5.57 0
5.58 0
5.59 0
5.6 0
5.61 0
5.62 0
5.63 0
5.64 0
5.65 0
5.66 0
5.67 0
5.68 0
5.69 0
5.7 0
5.71 0
5.72 0
5.73 0
5.74 0
5.75 0
5.76 0
5.77 0
5.78 0
5.79 0
5.8 0
5.81 0
5.82 0
5.83 0
5.84 0
5.85 0
5.86 0
5.87 0
5.88 0
5.89 0
5.9 0
5.91 0
5.92 0
5.93 0
5.94 0
5.95 0
5.96 0
5.97 0
5.98 0
5.99 0
