-6 0.00128759
-5.99 0.00133095
-5.98 0.00137562
-5.97 0.00142164
-5.96 0.00146904
-5.95 0.00151785
-5.94 0.00156812
-5.93 0.00161987
-5.92 0.00167315
-5.91 0.00172799
-5.9 0.00178444
-5.89 0.00184253
-5.88 0.00190231
-5.87 0.00196381
-5.86 0.00202708
-5.85 0.00209216
-5.84 0.0021591
-5.83 0.00222793
-5.82 0.00229871
-5.81 0.00237148
-5.8 0.00244629
-5.79 0.00252318
-5.78 0.00260221
-5.77 0.00268342
-5.76 0.00276686
-5.75 0.00285259
-5.74 0.00294066
-5.73 0.00303111
-5.72 0.00312401
-5.71 0.0032194
-5.7 0.00331735
-5.69 0.0034179
-5.68 0.00352112
-5.67 0.00362707
-5.66 0.00373579
-5.65 0.00384736
-5.64 0.00396182
-5.63 0.00407925
-5.62 0.0041997
-5.61 0.00432324
-5.6 0.00444993
-5.59 0.00457983
-5.58 0.00471302
-5.57 0.00484954
-5.56 0.00498949
-5.55 0.00513291
-5.54 0.00527988
-5.53 0.00543047
-5.52 0.00558474
-5.51 0.00574278
-5.5 0.00590464
-5.49 0.00607041
-5.48 0.00624015
-5.47 0.00641394
-5.46 0.00659185
-5.45 0.00677396
-5.44 0.00696035
-5.43 0.00715109
-5.42 0.00734625
-5.41 0.00754592
-5.4 0.00775018
-5.39 0.0079591
-5.38 0.00817276
-5.37 0.00839125
-5.36 0.00861464
-5.35 0.00884301
-5.34 0.00907645
-5.33 0.00931505
-5.32 0.00955887
-5.31 0.00980801
-5.3 0.0100625
-5.29 0.0103226
-5.28 0.0105882
-5.27 0.0108594
-5.26 0.0111364
-5.25 0.0114192
-5.24 0.0117079
-5.23 0.0120026
-5.22 0.0123034
-5.21 0.0126104
-5.2 0.0129236
-5.19 0.0132431
-5.18 0.0135691
-5.17 0.0139016
-5.16 0.0142407
-5.15 0.0145864
-5.14 0.014939
-5.13 0.0152984
-5.12 0.0156647
-5.11 0.0160381
-5.1 0.0164185
-5.09 0.0168062
-5.08 0.0172012
-5.07 0.0176035
-5.06 0.0180133
-5.05 0.0184306
-5.04 0.0188556
-5.03 0.0192882
-5.02 0.0197286
-5.01 0.0201769
-5 0.0206331
-4.99 0.0210974
-4.98 0.0215697
-4.97 0.0220502
-4.96 0.022539
-4.95 0.0230361
-4.94 0.0235416
-4.93 0.0240556
-4.92 0.0245782
-4.91 0.0251093
-4.9 0.0256492
-4.89 0.0261978
-4.88 0.0267552
-4.87 0.0273215
-4.86 0.0278968
-4.85 0.0284811
-4.84 0.0290745
-4.83 0.029677
-4.82 0.0302887
-4.81 0.0309096
-4.8 0.0315399
-4.79 0.0321795
-4.78 0.0328285
-4.77 0.0334869
-4.76 0.0341549
-4.75 0.0348323
-4.74 0.0355194
-4.73 0.0362161
-4.72 0.0369224
-4.71 0.0376384
-4.7 0.0383641
-4.69 0.0390996
-4.68 0.0398448
-4.67 0.0405998
-4.66 0.0413646
-4.65 0.0421393
-4.64 0.0429238
-4.63 0.0437181
-4.62 0.0445223
-4.61 0.0453364
-4.6 0.0461603
-4.59 0.0469941
-4.58 0.0478378
-4.57 0.0486913
-4.56 0.0495546
-4.55 0.0504278
-4.54 0.0513108
-4.53 0.0522036
-4.52 0.0531061
-4.51 0.0540184
-4.5 0.0549403
-4.49 0.055872
-4.48 0.0568132
-4.47 0.057764
-4.46 0.0587244
-4.45 0.0596942
-4.44 0.0606735
-4.43 0.0616621
-4.42 0.06266
-4.41 0.0636672
-4.4 0.0646835
-4.39 0.0657088
-4.38 0.0667432
-4.37 0.0677865
-4.36 0.0688386
-4.35 0.0698995
-4.34 0.070969
-4.33 0.072047
-4.32 0.0731335
-4.31 0.0742282
-4.3 0.0753312
-4.29 0.0764423
-4.28 0.0775613
-4.27 0.0786881
-4.26 0.0798226
-4.25 0.0809647
-4.24 0.0821142
-4.23 0.083271
-4.22 0.0844349
-4.21 0.0856058
-4.2 0.0867834
-4.19 0.0879678
-4.18 0.0891585
-4.17 0.0903556
-4.16 0.0915588
-4.15 0.092768
-4.14 0.0939829
-4.13 0.0952034
-4.12 0.0964292
-4.11 0.0976603
-4.1 0.0988963
-4.09 0.100137
-4.08 0.101382
-4.07 0.102632
-4.06 0.103886
-4.05 0.105143
-4.04 0.106405
-4.03 0.107669
-4.02 0.108937
-4.01 0.110208
-4 0.111482
-3.99 0.112758
-3.98 0.114036
-3.97 0.115317
-3.96 0.116599
-3.95 0.117882
-3.94 0.119167
-3.93 0.120452
-3.92 0.121739
-3.91 0.123025
-3.9 0.124312
-3.89 0.125598
-3.88 0.126884
-3.87 0.12817
-3.86 0.129454
-3.85 0.130737
-3.84 0.132018
-3.83 0.133297
-3.82 0.134574
-3.81 0.135849
-3.8 0.137121
-3.79 0.13839
-3.78 0.139655
-3.77 0.140916
-3.76 0.142174
-3.75 0.143427
-3.74 0.144676
-3.73 0.145919
-3.72 0.147157
-3.71 0.14839
-3.7 0.149617
-3.69 0.150837
-3.68 0.152051
-3.67 0.153259
-3.66 0.154458
-3.65 0.155651
-3.64 0.156836
-3.63 0.158012
-3.62 0.15918
-3.61 0.160339
-3.6 0.16149
-3.59 0.162631
-3.58 0.163762
-3.57 0.164883
-3.56 0.165994
-3.55 0.167094
-3.54 0.168183
-3.53 0.169261
-3.52 0.170327
-3.51 0.171382
-3.5 0.172424
-3.49 0.173454
-3.48 0.174471
-3.47 0.175476
-3.46 0.176466
-3.45 0.177443
-3.44 0.178407
-3.43 0.179356
-3.42 0.18029
-3.41 0.18121
-3.4 0.182114
-3.39 0.183004
-3.38 0.183878
-3.37 0.184736
-3.36 0.185577
-3.35 0.186403
-3.34 0.187212
-3.33 0.188004
-3.32 0.188779
-3.31 0.189537
-3.3 0.190277
-3.29 0.190999
-3.28 0.191703
-3.27 0.192389
-3.26 0.193057
-3.25 0.193706
-3.24 0.194336
-3.23 0.194947
-3.22 0.195539
-3.21 0.196112
-3.2 0.196665
-3.19 0.197198
-3.18 0.197711
-3.17 0.198204
-3.16 0.198677
-3.15 0.199129
-3.14 0.199561
-3.13 0.199973
-3.12 0.200363
-3.11 0.200733
-3.1 0.201081
-3.09 0.201409
-3.08 0.201715
-3.07 0.201999
-3.06 0.202263
-3.05 0.202505
-3.04 0.202725
-3.03 0.202924
-3.02 0.2031
-3.01 0.203256
-3 0.203389
-2.99 0.2035
-2.98 0.20359
-2.97 0.203658
-2.96 0.203703
-2.95 0.203727
-2.94 0.203729
-2.93 0.203709
-2.92 0.203667
-2.91 0.203603
-2.9 0.203518
-2.89 0.20341
-2.88 0.203281
-2.87 0.203129
-2.86 0.202957
-2.85 0.202762
-2.84 0.202546
-2.83 0.202308
-2.82 0.202049
-2.81 0.201769
-2.8 0.201468
-2.79 0.201145
-2.78 0.200801
-2.77 0.200436
-2.76 0.200051
-2.75 0.199645
-2.74 0.199218
-2.73 0.198772
-2.72 0.198304
-2.71 0.197817
-2.7 0.19731
-2.69 0.196783
-2.68 0.196237
-2.67 0.195671
-2.66 0.195086
-2.65 0.194482
-2.64 0.193859
-2.63 0.193217
-2.62 0.192557
-2.61 0.191879
-2.6 0.191183
-2.59 0.190469
-2.58 0.189738
-2.57 0.188989
-2.56 0.188223
-2.55 0.187441
-2.54 0.186642
-2.53 0.185826
-2.52 0.184995
-2.51 0.184147
-2.5 0.183284
-2.49 0.182406
-2.48 0.181513
-2.47 0.180605
-2.46 0.179683
-2.45 0.178747
-2.44 0.177796
-2.43 0.176832
-2.42 0.175855
-2.41 0.174865
-2.4 0.173861
-2.39 0.172846
-2.38 0.171818
-2.37 0.170779
-2.36 0.169728
-2.35 0.168666
-2.34 0.167593
-2.33 0.166509
-2.32 0.165415
-2.31 0.164311
-2.3 0.163198
-2.29 0.162075
-2.28 0.160943
-2.27 0.159802
-2.26 0.158653
-2.25 0.157496
-2.24 0.156331
-2.23 0.155159
-2.22 0.153979
-2.21 0.152793
-2.2 0.1516
-2.19 0.150401
-2.18 0.149196
-2.17 0.147986
-2.16 0.14677
-2.15 0.14555
-2.14 0.144325
-2.13 0.143095
-2.12 0.141862
-2.11 0.140624
-2.1 0.139384
-2.09 0.13814
-2.08 0.136894
-2.07 0.135645
-2.06 0.134394
-2.05 0.133141
-2.04 0.131887
-2.03 0.130631
-2.02 0.129374
-2.01 0.128117
-2 0.126859
-1.99 0.125601
-1.98 0.124343
-1.97 0.123085
-1.96 0.121829
-1.95 0.120573
-1.94 0.119318
-1.93 0.118065
-1.92 0.116814
-1.91 0.115564
-1.9 0.114317
-1.89 0.113073
-1.88 0.111831
-1.87 0.110592
-1.86 0.109356
-1.85 0.108124
-1.84 0.106896
-1.83 0.105671
-1.82 0.104451
-1.81 0.103235
-1.8 0.102023
-1.79 0.100817
-1.78 0.0996151
-1.77 0.0984187
-1.76 0.0972277
-1.75 0.0960422
-1.74 0.0948625
-1.73 0.0936888
-1.72 0.0925213
-1.71 0.09136
-1.7 0.0902053
-1.69 0.0890572
-1.68 0.0879159
-1.67 0.0867817
-1.66 0.0856545
-1.65 0.0845347
-1.64 0.0834222
-1.63 0.0823174
-1.62 0.0812202
-1.61 0.0801309
-1.6 0.0790496
-1.59 0.0779763
-1.58 0.0769112
-1.57 0.0758545
-1.56 0.0748062
-1.55 0.0737664
-1.54 0.0727353
-1.53 0.0717129
-1.52 0.0706993
-1.51 0.0696946
-1.5 0.0686989
-1.49 0.0677123
-1.48 0.0667348
-1.47 0.0657666
-1.46 0.0648076
-1.45 0.063858
-1.44 0.0629178
-1.43 0.061987
-1.42 0.0610658
-1.41 0.0601541
-1.4 0.059252
-1.39 0.0583596
-1.38 0.0574768
-1.37 0.0566037
-1.36 0.0557404
-1.35 0.0548868
-1.34 0.054043
-1.33 0.053209
-1.32 0.0523848
-1.31 0.0515704
-1.3 0.0507658
-1.29 0.0499711
-1.28 0.0491862
-1.27 0.0484111
-1.26 0.0476458
-1.25 0.0468903
-1.24 0.0461447
-1.23 0.0454088
-1.22 0.0446826
-1.21 0.0439662
-1.2 0.0432595
-1.19 0.0425625
-1.18 0.0418752
-1.17 0.0411975
-1.16 0.0405294
-1.15 0.0398708
-1.14 0.0392218
-1.13 0.0385822
-1.12 0.0379521
-1.11 0.0373313
-1.1 0.0367199
-1.09 0.0361178
-1.08 0.0355249
-1.07 0.0349412
-1.06 0.0343666
-1.05 0.0338011
-1.04 0.0332446
-1.03 0.0326971
-1.02 0.0321584
-1.01 0.0316285
-1 0.0311075
-0.99 0.0305951
-0.98 0.0300913
-0.97 0.0295961
-0.96 0.0291093
-0.95 0.028631
-0.94 0.028161
-0.93 0.0276993
-0.92 0.0272457
-0.91 0.0268003
-0.9 0.0263629
-0.89 0.0259334
-0.88 0.0255119
-0.87 0.0250981
-0.86 0.0246921
-0.85 0.0242937
-0.84 0.0239029
-0.83 0.0235195
-0.82 0.0231436
-0.81 0.0227749
-0.8 0.0224135
-0.79 0.0220593
-0.78 0.0217121
-0.77 0.0213719
-0.76 0.0210386
-0.75 0.0207121
-0.74 0.0203924
-0.73 0.0200794
-0.72 0.0197729
-0.71 0.0194729
-0.7 0.0191793
-0.69 0.018892
-0.68 0.018611
-0.67 0.0183362
-0.66 0.0180674
-0.65 0.0178046
-0.64 0.0175478
-0.63 0.0172968
-0.62 0.0170516
-0.61 0.016812
-0.6 0.0165781
-0.59 0.0163497
-0.58 0.0161268
-0.57 0.0159092
-0.56 0.015697
-0.55 0.0154899
-0.54 0.0152881
-0.53 0.0150913
-0.52 0.0148995
-0.51 0.0147127
-0.5 0.0145307
-0.49 0.0143535
-0.48 0.0141811
-0.47 0.0140133
-0.46 0.0138502
-0.45 0.0136915
-0.44 0.0135374
-0.43 0.0133876
-0.42 0.0132422
-0.41 0.0131011
-0.4 0.0129641
-0.39 0.0128314
-0.38 0.0127028
-0.37 0.0125782
-0.36 0.0124576
-0.35 0.012341
-0.34 0.0122283
-0.33 0.0121194
-0.32 0.0120143
-0.31 0.0119129
-0.3 0.0118152
-0.29 0.0117212
-0.28 0.0116308
-0.27 0.011544
-0.26 0.0114606
-0.25 0.0113808
-0.24 0.0113044
-0.23 0.0112314
-0.22 0.0111618
-0.21 0.0110955
-0.2 0.0110326
-0.19 0.0109729
-0.18 0.0109164
-0.17 0.0108632
-0.16 0.0108131
-0.15 0.0107662
-0.14 0.0107225
-0.13 0.0106818
-0.12 0.0106443
-0.11 0.0106098
-0.1 0.0105784
-0.09 0.01055
-0.08 0.0105247
-0.07 0.0105023
-0.06 0.010483
-0.05 0.0104667
-0.04 0.0104533
-0.03 0.0104429
-0.02 0.0104355
-0.01 0.0104311
0 0.0104296
0.01 0.0104311
0.02 0.0104355
0.03 0.0104429
0.04 0.0104533
0.05 0.0104667
0.06 0.010483
0.07 0.0105023
0.08 0.0105247
0.09 0.01055
0.1 0.0105784
0.11 0.0106098
0.12 0.0106443
0.13 0.0106818
0.14 0.0107225
0.15 0.0107662
0.16 0.0108131
0.17 0.0108632
0.18 0.0109164
0.19 0.0109729
0.2 0.0110326
0.21 0.0110955
0.22 0.0111618
0.23 0.0112314
0.24 0.0113044
0.25 0.0113808
0.26 0.0114606
0.27 0.011544
0.28 0.0116308
0.29 0.0117212
0.3 0.0118152
0.31 0.0119129
0.32 0.0120143
0.33 0.0121194
0.34 0.0122283
0.35 0.012341
0.36 0.0124576
0.37 0.0125782
0.38 0.0127028
0.39 0.0128314
0.4 0.0129641
0.41 0.0131011
0.42 0.0132422
0.43 0.0133876
0.44 0.0135374
0.45 0.0136915
0.46 0.0138502
0.47 0.0140133
0.48 0.0141811
0.49 0.0143535
0.5 0.0145307
0.51 0.0147127
0.52 0.0148995
0.53 0.0150913
0.54 0.0152881
0.55 0.0154899
0.56 0.015697
0.57 0.0159092
0.58 0.0161268
0.59 0.0163497
0.6 0.0165781
0.61 0.016812
0.62 0.0170516
0.63 0.0172968
0.64 0.0175478
0.65 0.0178046
0.66 0.0180674
0.67 0.0183362
0.68 0.018611
0.69 0.018892
0.7 0.0191793
0.71 0.0194729
0.72 0.0197729
0.73 0.0200794
0.74 0.0203924
0.75 0.0207121
0.76 0.0210386
0.77 0.0213719
0.78 0.0217121
0.79 0.0220593
0.8 0.0224135
0.81 0.0227749
0.82 0.0231436
0.83 0.0235195
0.84 0.0239029
0.85 0.0242937
0.86 0.0246921
0.87 0.0250981
0.88 0.0255119
0.89 0.0259334
0.9 0.0263629
0.91 0.0268003
0.92 0.0272457
0.93 0.0276993
0.94 0.028161
0.95 0.028631
0.96 0.0291093
0.97 0.0295961
0.98 0.0300913
0.99 0.0305951
1 0.0311075
1.01 0.0316285
1.02 0.0321584
1.03 0.0326971
1.04 0.0332446
1.05 0.0338011
1.06 0.0343666
1.07 0.0349412
1.08 0.0355249
1.09 0.0361178
1.1 0.0367199
1.11 0.0373313
1.12 0.0379521
1.13 0.0385822
1.14 0.0392218
1.15 0.0398708
1.16 0.0405294
1.17 0.0411975
1.18 0.0418752
1.19 0.0425625
1.2 0.0432595
1.21 0.0439662
1.22 0.0446826
1.23 0.0454088
1.24 0.0461447
1.25 0.0468903
1.26 0.0476458
1.27 0.0484111
1.28 0.0491862
1.29 0.0499711
1.3 0.0507658
1.31 0.0515704
1.32 0.0523848
1.33 0.053209
1.34 0.054043
1.35 0.0548868
1.36 0.0557404
1.37 0.0566037
1.38 0.0574768
1.39 0.0583596
1.4 0.059252
1.41 0.0601541
1.42 0.0610658
1.43 0.061987
1.44 0.0629178
1.45 0.063858
1.46 0.0648076
1.47 0.0657666
1.48 0.0667348
1.49 0.0677123
1.5 0.0686989
1.51 0.0696946
1.52 0.0706993
1.53 0.0717129
1.54 0.0727353
1.55 0.0737664
1.56 0.0748062
1.57 0.0758545
1.58 0.0769112
1.59 0.0779763
1.6 0.0790496
1.61 0.0801309
1.62 0.0812202
1.63 0.0823174
1.64 0.0834222
1.65 0.0845347
1.66 0.0856545
1.67 0.0867817
1.68 0.0879159
1.69 0.0890572
1.7 0.0902053
1.71 0.09136
1.72 0.0925213
1.73 0.0936888
1.74 0.0948625
1.75 0.0960422
1.76 0.0972277
1.77 0.0984187
1.78 0.0996151
1.79 0.100817
1.8 0.102023
1.81 0.103235
1.82 0.104451
1.83 0.105671
1.84 0.106896
1.85 0.108124
1.86 0.109356
1.87 0.110592
1.88 0.111831
1.89 0.113073
1.9 0.114317
1.91 0.115564
1.92 0.116814
1.93 0.118065
1.94 0.119318
1.95 0.120573
1.96 0.121829
1.97 0.123085
1.98 0.124343
1.99 0.125601
2 0.126859
2.01 0.128117
2.02 0.129374
2.03 0.130631
2.04 0.131887
2.05 0.133141
2.06 0.134394
2.07 0.135645
2.08 0.136894
2.09 0.13814
2.1 0.139384
2.11 0.140624
2.12 0.141862
2.13 0.143095
2.14 0.144325
2.15 0.14555
2.16 0.14677
2.17 0.147986
2.18 0.149196
2.19 0.150401
2.2 0.1516
2.21 0.152793
2.22 0.153979
2.23 0.155159
2.24 0.156331
2.25 0.157496
2.26 0.158653
2.27 0.159802
2.28 0.160943
2.29 0.162075
2.3 0.163198
2.31 0.164311
2.32 0.165415
2.33 0.166509
2.34 0.167593
2.35 0.168666
2.36 0.169728
2.37 0.170779
2.38 0.171818
2.39 0.172846
2.4 0.173861
2.41 0.174865
2.42 0.175855
2.43 0.176832
2.44 0.177796
2.45 0.178747
2.46 0.179683
2.47 0.180605
2.48 0.181513
2.49 0.182406
2.5 0.183284
2.51 0.184147
2.52 0.184995
2.53 0.185826
2.54 0.186642
2.55 0.187441
2.56 0.188223
2.57 0.188989
2.58 0.189738
2.59 0.190469
2.6 0.191183
2.61 0.191879
2.62 0.192557
2.63 0.193217
2.64 0.193859
2.65 0.194482
2.66 0.195086
2.67 0.195671
2.68 0.196237
2.69 0.196783
2.7 0.19731
2.71 0.197817
2.72 0.198304
2.73 0.198772
2.74 0.199218
2.75 0.199645
2.76 0.200051
2.77 0.200436
2.78 0.200801
2.79 0.201145
2.8 0.201468
2.81 0.201769
2.82 0.202049
2.83 0.202308
2.84 0.202546
2.85 0.202762
2.86 0.202957
2.87 0.203129
2.88 0.203281
2.89 0.20341
2.9 0.203518
2.91 0.203603
2.92 0.203667
2.93 0.203709
2.94 0.203729
2.95 0.203727
2.96 0.203703
2.97 0.203658
2.98 0.20359
2.99 0.2035
3 0.203389
3.01 0.203256
3.02 0.2031
3.03 0.202924
3.04 0.202725
3.05 0.202505
3.06 0.202263
3.07 0.201999
3.08 0.201715
3.09 0.201409
3.1 0.201081
3.11 0.200733
3.12 0.200363
3.13 0.199973
3.14 0.199561
3.15 0.199129
3.16 0.198677
3.17 0.198204
3.18 0.197711
3.19 0.197198
3.2 0.196665
3.21 0.196112
3.22 0.195539
3.23 0.194947
3.24 0.194336
3.25 0.193706
3.26 0.193057
3.27 0.192389
3.28 0.191703
3.29 0.190999
3.3 0.190277
3.31 0.189537
3.32 0.188779
3.33 0.188004
3.34 0.187212
3.35 0.186403
3.36 0.185577
3.37 0.184736
3.38 0.183878
3.39 0.183004
3.4 0.182114
3.41 0.18121
3.42 0.18029
3.43 0.179356
3.44 0.178407
3.45 0.177443
3.46 0.176466
3.47 0.175476
3.48 0.174471
3.49 0.173454
3.5 0.172424
3.51 0.171382
3.52 0.170327
3.53 0.169261
3.54 0.168183
3.55 0.167094
3.56 0.165994
3.57 0.164883
3.58 0.163762
3.59 0.162631
3.6 0.16149
3.61 0.160339
3.62 0.15918
3.63 0.158012
3.64 0.156836
3.65 0.155651
3.66 0.154458
3.67 0.153259
3.68 0.152051
3.69 0.150837
3.7 0.149617
3.71 0.14839
3.72 0.147157
3.73 0.145919
3.74 0.144676
3.75 0.143427
3.76 0.142174
3.77 0.140916
3.78 0.139655
3.79 0.13839
3.8 0.137121
3.81 0.135849
3.82 0.134574
3.83 0.133297
3.84 0.132018
3.85 0.130737
3.86 0.129454
3.87 0.12817
3.88 0.126884
3.89 0.125598
3.9 0.124312
3.91 0.123025
3.92 0.121739
3.93 0.120452
3.94 0.119167
3.95 0.117882
3.96 0.116599
3.97 0.115317
3.98 0.114036
3.99 0.112758
4 0.111482
4.01 0.110208
4.02 0.108937
4.03 0.107669
4.04 0.106405
4.05 0.105143
4.06 0.103886
4.07 0.102632
4.08 0.101382
4.09 0.100137
4.1 0.0988963
4.11 0.0976603
4.12 0.0964292
4.13 0.0952034
4.14 0.0939829
4.15 0.092768
4.16 0.0915588
4.17 0.0903556
4.18 0.0891585
4.19 0.0879678
4.2 0.0867834
4.21 0.0856058
4.22 0.0844349
4.23 0.083271
4.24 0.0821142
4.25 0.0809647
4.26 0.0798226
4.27 0.0786881
4.28 0.0775613
4.29 0.0764423
4.3 0.0753312
4.31 0.0742282
4.32 0.0731335
4.33 0.072047
4.34 0.070969
4.35 0.0698995
4.36 0.0688386
4.37 0.0677865
4.38 0.0667432
4.39 0.0657088
4.4 0.0646835
4.41 0.0636672
4.42 0.06266
4.43 0.0616621
4.44 0.0606735
4.45 0.0596942
4.46 0.0587244
4.47 0.057764
4.48 0.0568132
4.49 0.055872
4.5 0.0549403
4.51 0.0540184
4.52 0.0531061
4.53 0.0522036
4.54 0.0513108
4.55 0.0504278
4.56 0.0495546
4.57 0.0486913
4.58 0.0478378
4.59 0.0469941
4.6 0.0461603
4.61 0.0453364
4.62 0.0445223
4.63 0.0437181
4.64 0.0429238
4.65 0.0421393
4.66 0.0413646
4.67 0.0405998
4.68 0.0398448
4.69 0.0390996
4.7 0.0383641
4.71 0.0376384
4.72 0.0369224
4.73 0.0362161
4.74 0.0355194
4.75 0.0348323
4.76 0.0341549
4.77 0.0334869
4.78 0.0328285
4.79 0.0321795
4.8 0.0315399
4.81 0.0309096
4.82 0.0302887
4.83 0.029677
4.84 0.0290745
4.85 0.0284811
4.86 0.0278968
4.87 0.0273215
4.88 0.0267552
4.89 0.0261978
4.9 0.0256492
4.91 0.0251093
4.92 0.0245782
4.93 0.0240556
4.94 0.0235416
4.95 0.0230361
4.96 0.022539
4.97 0.0220502
4.98 0.0215697
4.99 0.0210974
5 0.0206331
5.01 0.0201769
5.02 0.0197286
5.03 0.0192882
5.04 0.0188556
5.05 0.0184306
5.06 0.0180133
5.07 0.0176035
5.08 0.0172012
5.09 0.0168062
5.1 0.0164185
5.11 0.0160381
5.12 0.0156647
5.13 0.0152984
5.14 0.014939
5.15 0.0145864
5.16 0.0142407
5.17 0.0139016
5.18 0.0135691
5.19 0.0132431
5.2 0.0129236
5.21 0.0126104
5.22 0.0123034
5.23 0.0120026
5.24 0.0117079
5.25 0.0114192
5.26 0.0111364
5.27 0.0108594
5.28 0.0105882
5.29 0.0103226
5.3 0.0100625
5.31 0.00980801
5.32 0.00955887
5.33 0.00931505
5.34 0.00907645
5.35 0.00884301
5.36 0.00861464
5.37 0.00839125
5.38 0.00817276
5.39 0.0079591
5.4 0.00775018
5.41 0.00754592
5.42 0.00734625
5.43 0.00715109
5.44 0.00696035
5.45 0.00677396
5.46 0.00659185
5.47 0.00641394
5.48 0.00624015
5.49 0.00607041
5.5 0.00590464
5.51 0.00574278
5.52 0.00558474
5.53 0.00543047
5.54 0.00527988
5.55 0.00513291
5.56 0.00498949
5.57 0.00484954
5.58 0.00471302
5.59 0.00457983
5.6 0.00444993
5.61 0.00432324
5.62 0.0041997
5.63 0.00407925
5.64 0.00396182
5.65 0.00384736
5.66 0.00373579
5.67 0.00362707
5.68 0.00352112
5.69 0.0034179
5.7 0.00331735
5.71 0.0032194
5.72 0.00312401
5.73 0.00303111
5.74 0.00294066
5.75 0.00285259
5.76 0.00276686
5.77 0.00268342
5.78 0.00260221
5.79 0.00252318
5.8 0.00244629
5.81 0.00237148
5.82 0.00229871
5.83 0.00222793
5.84 0.0021591
5.85 0.00209216
5.86 0.00202708
5.87 0.00196381
5.88 0.00190231
5.89 0.00184253
5.9 0.00178444
5.91 0.00172799
5.92 0.00167315
5.93 0.00161987
5.94 0.00156812
5.95 0.00151785
5.96 0.00146904
5.97 0.00142164
5.98 0.00137562
5.99 0.00133095
