-6 0.000201233
-5.99 0.00020886
-5.98 0.000216754
-5.97 0.000224923
-5.96 0.000233377
-5.95 0.000242125
-5.94 0.000251175
-5.93 0.000260537
-5.92 0.00027022
-5.91 0.000280235
-5.9 0.000290592
-5.89 0.000301301
-5.88 0.000312374
-5.87 0.00032382
-5.86 0.000335652
-5.85 0.000347882
-5.84 0.00036052
-5.83 0.00037358
-5.82 0.000387074
-5.81 0.000401015
-5.8 0.000415416
-5.79 0.000430291
-5.78 0.000445654
-5.77 0.000461518
-5.76 0.000477899
-5.75 0.000494811
-5.74 0.00051227
-5.73 0.000530292
-5.72 0.000548892
-5.71 0.000568087
-5.7 0.000587894
-5.69 0.00060833
-5.68 0.000629413
-5.67 0.000651161
-5.66 0.000673593
-5.65 0.000696727
-5.64 0.000720582
-5.63 0.00074518
-5.62 0.000770539
-5.61 0.00079668
-5.6 0.000823625
-5.59 0.000851396
-5.58 0.000880014
-5.57 0.000909503
-5.56 0.000939884
-5.55 0.000971182
-5.54 0.00100342
-5.53 0.00103663
-5.52 0.00107082
-5.51 0.00110603
-5.5 0.00114229
-5.49 0.00117961
-5.48 0.00121803
-5.47 0.00125758
-5.46 0.00129827
-5.45 0.00134015
-5.44 0.00138324
-5.43 0.00142757
-5.42 0.00147318
-5.41 0.00152009
-5.4 0.00156833
-5.39 0.00161794
-5.38 0.00166895
-5.37 0.00172139
-5.36 0.00177531
-5.35 0.00183073
-5.34 0.00188768
-5.33 0.00194622
-5.32 0.00200636
-5.31 0.00206815
-5.3 0.00213164
-5.29 0.00219685
-5.28 0.00226382
-5.27 0.00233261
-5.26 0.00240324
-5.25 0.00247575
-5.24 0.0025502
-5.23 0.00262662
-5.22 0.00270506
-5.21 0.00278557
-5.2 0.00286817
-5.19 0.00295293
-5.18 0.00303989
-5.17 0.00312909
-5.16 0.00322058
-5.15 0.00331441
-5.14 0.00341064
-5.13 0.0035093
-5.12 0.00361045
-5.11 0.00371415
-5.1 0.00382043
-5.09 0.00392936
-5.08 0.00404099
-5.07 0.00415537
-5.06 0.00427255
-5.05 0.0043926
-5.04 0.00451556
-5.03 0.0046415
-5.02 0.00477047
-5.01 0.00490252
-5 0.00503773
-4.99 0.00517614
-4.98 0.00531781
-4.97 0.00546281
-4.96 0.0056112
-4.95 0.00576304
-4.94 0.00591839
-4.93 0.00607731
-4.92 0.00623987
-4.91 0.00640613
-4.9 0.00657616
-4.89 0.00675002
-4.88 0.00692777
-4.87 0.00710949
-4.86 0.00729524
-4.85 0.00748509
-4.84 0.0076791
-4.83 0.00787734
-4.82 0.00807989
-4.81 0.00828681
-4.8 0.00849817
-4.79 0.00871404
-4.78 0.00893449
-4.77 0.00915959
-4.76 0.00938942
-4.75 0.00962404
-4.74 0.00986353
-4.73 0.010108
-4.72 0.0103574
-4.71 0.0106119
-4.7 0.0108716
-4.69 0.0111365
-4.68 0.0114067
-4.67 0.0116823
-4.66 0.0119634
-4.65 0.0122499
-4.64 0.0125421
-4.63 0.0128399
-4.62 0.0131435
-4.61 0.0134529
-4.6 0.0137682
-4.59 0.0140895
-4.58 0.0144168
-4.57 0.0147502
-4.56 0.0150898
-4.55 0.0154356
-4.54 0.0157878
-4.53 0.0161464
-4.52 0.0165115
-4.51 0.0168831
-4.5 0.0172614
-4.49 0.0176463
-4.48 0.0180381
-4.47 0.0184366
-4.46 0.018842
-4.45 0.0192545
-4.44 0.0196739
-4.43 0.0201005
-4.42 0.0205342
-4.41 0.0209752
-4.4 0.0214235
-4.39 0.0218792
-4.38 0.0223423
-4.37 0.0228129
-4.36 0.023291
-4.35 0.0237768
-4.34 0.0242702
-4.33 0.0247715
-4.32 0.0252804
-4.31 0.0257973
-4.3 0.0263221
-4.29 0.0268548
-4.28 0.0273955
-4.27 0.0279443
-4.26 0.0285013
-4.25 0.0290664
-4.24 0.0296397
-4.23 0.0302212
-4.22 0.0308111
-4.21 0.0314093
-4.2 0.0320158
-4.19 0.0326308
-4.18 0.0332543
-4.17 0.0338863
-4.16 0.0345267
-4.15 0.0351757
-4.14 0.0358334
-4.13 0.0364996
-4.12 0.0371744
-4.11 0.0378579
-4.1 0.0385501
-4.09 0.039251
-4.08 0.0399606
-4.07 0.0406789
-4.06 0.0414059
-4.05 0.0421417
-4.04 0.0428862
-4.03 0.0436394
-4.02 0.0444015
-4.01 0.0451722
-4 0.0459517
-3.99 0.0467399
-3.98 0.0475369
-3.97 0.0483425
-3.96 0.0491569
-3.95 0.0499799
-3.94 0.0508116
-3.93 0.0516519
-3.92 0.0525008
-3.91 0.0533582
-3.9 0.0542242
-3.89 0.0550987
-3.88 0.0559816
-3.87 0.056873
-3.86 0.0577727
-3.85 0.0586807
-3.84 0.059597
-3.83 0.0605214
-3.82 0.061454
-3.81 0.0623947
-3.8 0.0633434
-3.79 0.0643
-3.78 0.0652644
-3.77 0.0662367
-3.76 0.0672166
-3.75 0.0682042
-3.74 0.0691992
-3.73 0.0702017
-3.72 0.0712116
-3.71 0.0722287
-3.7 0.0732529
-3.69 0.0742841
-3.68 0.0753223
-3.67 0.0763672
-3.66 0.0774189
-3.65 0.078477
-3.64 0.0795417
-3.63 0.0806126
-3.62 0.0816897
-3.61 0.0827729
-3.6 0.0838619
-3.59 0.0849567
-3.58 0.0860571
-3.57 0.087163
-3.56 0.0882741
-3.55 0.0893904
-3.54 0.0905117
-3.53 0.0916378
-3.52 0.0927686
-3.51 0.0939038
-3.5 0.0950433
-3.49 0.096187
-3.48 0.0973345
-3.47 0.0984859
-3.46 0.0996408
-3.45 0.100799
-3.44 0.101961
-3.43 0.103125
-3.42 0.104292
-3.41 0.105462
-3.4 0.106634
-3.39 0.107808
-3.38 0.108985
-3.37 0.110162
-3.36 0.111342
-3.35 0.112523
-3.34 0.113704
-3.33 0.114887
-3.32 0.11607
-3.31 0.117254
-3.3 0.118437
-3.29 0.119621
-3.28 0.120804
-3.27 0.121987
-3.26 0.123168
-3.25 0.124349
-3.24 0.125528
-3.23 0.126706
-3.22 0.127882
-3.21 0.129055
-3.2 0.130227
-3.19 0.131396
-3.18 0.132561
-3.17 0.133724
-3.16 0.134883
-3.15 0.136039
-3.14 0.137191
-3.13 0.138338
-3.12 0.139482
-3.11 0.14062
-3.1 0.141753
-3.09 0.142881
-3.08 0.144004
-3.07 0.145121
-3.06 0.146231
-3.05 0.147336
-3.04 0.148433
-3.03 0.149524
-3.02 0.150608
-3.01 0.151684
-3 0.152753
-2.99 0.153813
-2.98 0.154866
-2.97 0.155909
-2.96 0.156945
-2.95 0.157971
-2.94 0.158987
-2.93 0.159995
-2.92 0.160992
-2.91 0.161979
-2.9 0.162956
-2.89 0.163922
-2.88 0.164878
-2.87 0.165822
-2.86 0.166755
-2.85 0.167677
-2.84 0.168586
-2.83 0.169483
-2.82 0.170369
-2.81 0.171241
-2.8 0.172101
-2.79 0.172947
-2.78 0.17378
-2.77 0.1746
-2.76 0.175406
-2.75 0.176198
-2.74 0.176976
-2.73 0.177739
-2.72 0.178488
-2.71 0.179222
-2.7 0.179941
-2.69 0.180644
-2.68 0.181332
-2.67 0.182005
-2.66 0.182662
-2.65 0.183302
-2.64 0.183927
-2.63 0.184535
-2.62 0.185126
-2.61 0.185701
-2.6 0.186259
-2.59 0.1868
-2.58 0.187324
-2.57 0.187831
-2.56 0.18832
-2.55 0.188791
-2.54 0.189245
-2.53 0.18968
-2.52 0.190098
-2.51 0.190498
-2.5 0.190879
-2.49 0.191242
-2.48 0.191587
-2.47 0.191913
-2.46 0.192221
-2.45 0.192509
-2.44 0.192779
-2.43 0.193031
-2.42 0.193263
-2.41 0.193476
-2.4 0.19367
-2.39 0.193846
-2.38 0.194002
-2.37 0.194139
-2.36 0.194256
-2.35 0.194355
-2.34 0.194434
-2.33 0.194494
-2.32 0.194535
-2.31 0.194556
-2.3 0.194558
-2.29 0.194541
-2.28 0.194505
-2.27 0.194449
-2.26 0.194375
-2.25 0.194281
-2.24 0.194168
-2.23 0.194036
-2.22 0.193885
-2.21 0.193715
-2.2 0.193526
-2.19 0.193318
-2.18 0.193092
-2.17 0.192847
-2.16 0.192583
-2.15 0.192301
-2.14 0.192001
-2.13 0.191682
-2.12 0.191345
-2.11 0.19099
-2.1 0.190617
-2.09 0.190226
-2.08 0.189818
-2.07 0.189392
-2.06 0.188949
-2.05 0.188489
-2.04 0.188011
-2.03 0.187516
-2.02 0.187005
-2.01 0.186477
-2 0.185933
-1.99 0.185373
-1.98 0.184796
-1.97 0.184204
-1.96 0.183595
-1.95 0.182972
-1.94 0.182333
-1.93 0.181679
-1.92 0.18101
-1.91 0.180326
-1.9 0.179628
-1.89 0.178916
-1.88 0.17819
-1.87 0.17745
-1.86 0.176696
-1.85 0.175929
-1.84 0.175149
-1.83 0.174356
-1.82 0.173551
-1.81 0.172733
-1.8 0.171903
-1.79 0.171061
-1.78 0.170208
-1.77 0.169343
-1.76 0.168467
-1.75 0.167581
-1.74 0.166683
-1.73 0.165776
-1.72 0.164858
-1.71 0.163931
-1.7 0.162994
-1.69 0.162048
-1.68 0.161092
-1.67 0.160129
-1.66 0.159156
-1.65 0.158176
-1.64 0.157188
-1.63 0.156192
-1.62 0.155189
-1.61 0.154179
-1.6 0.153162
-1.59 0.152138
-1.58 0.151109
-1.57 0.150073
-1.56 0.149032
-1.55 0.147986
-1.54 0.146934
-1.53 0.145878
-1.52 0.144817
-1.51 0.143752
-1.5 0.142682
-1.49 0.14161
-1.48 0.140533
-1.47 0.139454
-1.46 0.138372
-1.45 0.137287
-1.44 0.1362
-1.43 0.13511
-1.42 0.134019
-1.41 0.132927
-1.4 0.131833
-1.39 0.130738
-1.38 0.129642
-1.37 0.128546
-1.36 0.12745
-1.35 0.126353
-1.34 0.125257
-1.33 0.124162
-1.32 0.123067
-1.31 0.121973
-1.3 0.120881
-1.29 0.11979
-1.28 0.1187
-1.27 0.117613
-1.26 0.116528
-1.25 0.115445
-1.24 0.114365
-1.23 0.113288
-1.22 0.112213
-1.21 0.111142
-1.2 0.110075
-1.19 0.109011
-1.18 0.107952
-1.17 0.106896
-1.16 0.105845
-1.15 0.104798
-1.14 0.103756
-1.13 0.102718
-1.12 0.101686
-1.11 0.100659
-1.1 0.099638
-1.09 0.0986222
-1.08 0.0976122
-1.07 0.0966081
-1.06 0.0956102
-1.05 0.0946186
-1.04 0.0936334
-1.03 0.0926547
-1.02 0.0916829
-1.01 0.0907179
-1 0.0897599
-0.99 0.0888091
-0.98 0.0878656
-0.97 0.0869295
-0.96 0.086001
-0.95 0.0850802
-0.94 0.0841672
-0.93 0.0832621
-0.92 0.0823651
-0.91 0.0814762
-0.9 0.0805955
-0.89 0.0797233
-0.88 0.0788594
-0.87 0.0780041
-0.86 0.0771575
-0.85 0.0763196
-0.84 0.0754905
-0.83 0.0746703
-0.82 0.0738591
-0.81 0.0730569
-0.8 0.0722639
-0.79 0.0714801
-0.78 0.0707055
-0.77 0.0699403
-0.76 0.0691845
-0.75 0.0684381
-0.74 0.0677012
-0.73 0.0669739
-0.72 0.0662561
-0.71 0.0655481
-0.7 0.0648497
-0.69 0.064161
-0.68 0.0634821
-0.67 0.0628131
-0.66 0.0621539
-0.65 0.0615045
-0.64 0.0608651
-0.63 0.0602355
-0.62 0.059616
-0.61 0.0590064
-0.6 0.0584068
-0.59 0.0578172
-0.58 0.0572376
-0.57 0.0566681
-0.56 0.0561087
-0.55 0.0555593
-0.54 0.05502
-0.53 0.0544908
-0.52 0.0539716
-0.51 0.0534626
-0.5 0.0529636
-0.49 0.0524747
-0.48 0.051996
-0.47 0.0515273
-0.46 0.0510687
-0.45 0.0506203
-0.44 0.0501819
-0.43 0.0497535
-0.42 0.0493353
-0.41 0.0489271
-0.4 0.048529
-0.39 0.0481409
-0.38 0.0477629
-0.37 0.0473948
-0.36 0.0470369
-0.35 0.0466889
-0.34 0.0463509
-0.33 0.0460229
-0.32 0.0457048
-0.31 0.0453968
-0.3 0.0450986
-0.29 0.0448105
-0.28 0.0445322
-0.27 0.0442638
-0.26 0.0440053
-0.25 0.0437568
-0.24 0.043518
-0.23 0.0432892
-0.22 0.0430702
-0.21 0.042861
-0.2 0.0426616
-0.19 0.042472
-0.18 0.0422923
-0.17 0.0421223
-0.16 0.0419621
-0.15 0.0418116
-0.14 0.041671
-0.13 0.04154
-0.12 0.0414188
-0.11 0.0413073
-0.1 0.0412056
-0.09 0.0411135
-0.08 0.0410312
-0.07 0.0409585
-0.06 0.0408956
-0.05 0.0408424
-0.04 0.0407988
-0.03 0.0407649
-0.02 0.0407407
-0.01 0.0407262
0 0.0407214
0.01 0.0407262
0.02 0.0407407
0.03 0.0407649
0.04 0.0407988
0.05 0.0408424
0.06 0.0408956
0.07 0.0409585
0.08 0.0410312
0.09 0.0411135
0.1 0.0412056
0.11 0.0413073
0.12 0.0414188
0.13 0.04154
0.14 0.041671
0.15 0.0418116
0.16 0.0419621
0.17 0.0421223
0.18 0.0422923
0.19 0.042472
0.2 0.0426616
0.21 0.042861
0.22 0.0430702
0.23 0.0432892
0.24 0.043518
0.25 0.0437568
0.26 0.0440053
0.27 0.0442638
0.28 0.0445322
0.29 0.0448105
0.3 0.0450986
0.31 0.0453968
0.32 0.0457048
0.33 0.0460229
0.34 0.0463509
0.35 0.0466889
0.36 0.0470369
0.37 0.0473948
0.38 0.0477629
0.39 0.0481409
0.4 0.048529
0.41 0.0489271
0.42 0.0493353
0.43 0.0497535
0.44 0.0501819
0.45 0.0506203
0.46 0.0510687
0.47 0.0515273
0.48 0.051996
0.49 0.0524747
0.5 0.0529636
0.51 0.0534626
0.52 0.0539716
0.53 0.0544908
0.54 0.05502
0.55 0.0555593
0.56 0.0561087
0.57 0.0566681
0.58 0.0572376
0.59 0.0578172
0.6 0.0584068
0.61 0.0590064
0.62 0.059616
0.63 0.0602355
0.64 0.0608651
0.65 0.0615045
0.66 0.0621539
0.67 0.0628131
0.68 0.0634821
0.69 0.064161
0.7 0.0648497
0.71 0.0655481
0.72 0.0662561
0.73 0.0669739
0.74 0.0677012
0.75 0.0684381
0.76 0.0691845
0.77 0.0699403
0.78 0.0707055
0.79 0.0714801
0.8 0.0722639
0.81 0.0730569
0.82 0.0738591
0.83 0.0746703
0.84 0.0754905
0.85 0.0763196
0.86 0.0771575
0.87 0.0780041
0.88 0.0788594
0.89 0.0797233
0.9 0.0805955
0.91 0.0814762
0.92 0.0823651
0.93 0.0832621
0.94 0.0841672
0.95 0.0850802
0.96 0.086001
0.97 0.0869295
0.98 0.0878656
0.99 0.0888091
1 0.0897599
1.01 0.0907179
1.02 0.0916829
1.03 0.0926547
1.04 0.0936334
1.05 0.0946186
1.06 0.0956102
1.07 0.0966081
1.08 0.0976122
1.09 0.0986222
1.1 0.099638
1.11 0.100659
1.12 0.101686
1.13 0.102718
1.14 0.103756
1.15 0.104798
1.16 0.105845
1.17 0.106896
1.18 0.107952
1.19 0.109011
1.2 0.110075
1.21 0.111142
1.22 0.112213
1.23 0.113288
1.24 0.114365
1.25 0.115445
1.26 0.116528
1.27 0.117613
1.28 0.1187
1.29 0.11979
1.3 0.120881
1.31 0.121973
1.32 0.123067
1.33 0.124162
1.34 0.125257
1.35 0.126353
1.36 0.12745
1.37 0.128546
1.38 0.129642
1.39 0.130738
1.4 0.131833
1.41 0.132927
1.42 0.134019
1.43 0.13511
1.44 0.1362
1.45 0.137287
1.46 0.138372
1.47 0.139454
1.48 0.140533
1.49 0.14161
1.5 0.142682
1.51 0.143752
1.52 0.144817
1.53 0.145878
1.54 0.146934
1.55 0.147986
1.56 0.149032
1.57 0.150073
1.58 0.151109
1.59 0.152138
1.6 0.153162
1.61 0.154179
1.62 0.155189
1.63 0.156192
1.64 0.157188
1.65 0.158176
1.66 0.159156
1.67 0.160129
1.68 0.161092
1.69 0.162048
1.7 0.162994
1.71 0.163931
1.72 0.164858
1.73 0.165776
1.74 0.166683
1.75 0.167581
1.76 0.168467
1.77 0.169343
1.78 0.170208
1.79 0.171061
1.8 0.171903
1.81 0.172733
1.82 0.173551
1.83 0.174356
1.84 0.175149
1.85 0.175929
1.86 0.176696
1.87 0.17745
1.88 0.17819
1.89 0.178916
1.9 0.179628
1.91 0.180326
1.92 0.18101
1.93 0.181679
1.94 0.182333
1.95 0.182972
1.96 0.183595
1.97 0.184204
1.98 0.184796
1.99 0.185373
2 0.185933
2.01 0.186477
2.02 0.187005
2.03 0.187516
2.04 0.188011
2.05 0.188489
2.06 0.188949
2.07 0.189392
2.08 0.189818
2.09 0.190226
2.1 0.190617
2.11 0.19099
2.12 0.191345
2.13 0.191682
2.14 0.192001
2.15 0.192301
2.16 0.192583
2.17 0.192847
2.18 0.193092
2.19 0.193318
2.2 0.193526
2.21 0.193715
2.22 0.193885
2.23 0.194036
2.24 0.194168
2.25 0.194281
2.26 0.194375
2.27 0.194449
2.28 0.194505
2.29 0.194541
2.3 0.194558
2.31 0.194556
2.32 0.194535
2.33 0.194494
2.34 0.194434
2.35 0.194355
2.36 0.194256
2.37 0.194139
2.38 0.194002
2.39 0.193846
2.4 0.19367
2.41 0.193476
2.42 0.193263
2.43 0.193031
2.44 0.192779
2.45 0.192509
2.46 0.192221
2.47 0.191913
2.48 0.191587
2.49 0.191242
2.5 0.190879
2.51 0.190498
2.52 0.190098
2.53 0.18968
2.54 0.189245
2.55 0.188791
2.56 0.18832
2.57 0.187831
2.58 0.187324
2.59 0.1868
2.6 0.186259
2.61 0.185701
2.62 0.185126
2.63 0.184535
2.64 0.183927
2.65 0.183302
2.66 0.182662
2.67 0.182005
2.68 0.181332
2.69 0.180644
2.7 0.179941
2.71 0.179222
2.72 0.178488
2.73 0.177739
2.74 0.176976
2.75 0.176198
2.76 0.175406
2.77 0.1746
2.78 0.17378
2.79 0.172947
2.8 0.172101
2.81 0.171241
2.82 0.170369
2.83 0.169483
2.84 0.168586
2.85 0.167677
2.86 0.166755
2.87 0.165822
2.88 0.164878
2.89 0.163922
2.9 0.162956
2.91 0.161979
2.92 0.160992
2.93 0.159995
2.94 0.158987
2.95 0.157971
2.96 0.156945
2.97 0.155909
2.98 0.154866
2.99 0.153813
3 0.152753
3.01 0.151684
3.02 0.150608
3.03 0.149524
3.04 0.148433
3.05 0.147336
3.06 0.146231
3.07 0.145121
3.08 0.144004
3.09 0.142881
3.1 0.141753
3.11 0.14062
3.12 0.139482
3.13 0.138338
3.14 0.137191
3.15 0.136039
3.16 0.134883
3.17 0.133724
3.18 0.132561
3.19 0.131396
3.2 0.130227
3.21 0.129055
3.22 0.127882
3.23 0.126706
3.24 0.125528
3.25 0.124349
3.26 0.123168
3.27 0.121987
3.28 0.120804
3.29 0.119621
3.3 0.118437
3.31 0.117254
3.32 0.11607
3.33 0.114887
3.34 0.113704
3.35 0.112523
3.36 0.111342
3.37 0.110162
3.38 0.108985
3.39 0.107808
3.4 0.106634
3.41 0.105462
3.42 0.104292
3.43 0.103125
3.44 0.101961
3.45 0.100799
3.46 0.0996408
3.47 0.0984859
3.48 0.0973345
3.49 0.096187
3.5 0.0950433
3.51 0.0939038
3.52 0.0927686
3.53 0.0916378
3.54 0.0905117
3.55 0.0893904
3.56 0.0882741
3.57 0.087163
3.58 0.0860571
3.59 0.0849567
3.6 0.0838619
3.61 0.0827729
3.62 0.0816897
3.63 0.0806126
3.64 0.0795417
3.65 0.078477
3.66 0.0774189
3.67 0.0763672
3.68 0.0753223
3.69 0.0742841
3.7 0.0732529
3.71 0.0722287
3.72 0.0712116
3.73 0.0702017
3.74 0.0691992
3.75 0.0682042
3.76 0.0672166
3.77 0.0662367
3.78 0.0652644
3.79 0.0643
3.8 0.0633434
3.81 0.0623947
3.82 0.061454
3.83 0.0605214
3.84 0.059597
3.85 0.0586807
3.86 0.0577727
3.87 0.056873
3.88 0.0559816
3.89 0.0550987
3.9 0.0542242
3.91 0.0533582
3.92 0.0525008
3.93 0.0516519
3.94 0.0508116
3.95 0.0499799
3.96 0.0491569
3.97 0.0483425
3.98 0.0475369
3.99 0.0467399
4 0.0459517
4.01 0.0451722
4.02 0.0444015
4.03 0.0436394
4.04 0.0428862
4.05 0.0421417
4.06 0.0414059
4.07 0.0406789
4.08 0.0399606
4.09 0.039251
4.1 0.0385501
4.11 0.0378579
4.12 0.0371744
4.13 0.0364996
4.14 0.0358334
4.15 0.0351757
4.16 0.0345267
4.17 0.0338863
4.18 0.0332543
4.19 0.0326308
4.2 0.0320158
4.21 0.0314093
4.22 0.0308111
4.23 0.0302212
4.24 0.0296397
4.25 0.0290664
4.26 0.0285013
4.27 0.0279443
4.28 0.0273955
4.29 0.0268548
4.3 0.0263221
4.31 0.0257973
4.32 0.0252804
4.33 0.0247715
4.34 0.0242702
4.35 0.0237768
4.36 0.023291
4.37 0.0228129
4.38 0.0223423
4.39 0.0218792
4.4 0.0214235
4.41 0.0209752
4.42 0.0205342
4.43 0.0201005
4.44 0.0196739
4.45 0.0192545
4.46 0.018842
4.47 0.0184366
4.48 0.0180381
4.49 0.0176463
4.5 0.0172614
4.51 0.0168831
4.52 0.0165115
4.53 0.0161464
4.54 0.0157878
4.55 0.0154356
4.56 0.0150898
4.57 0.0147502
4.58 0.0144168
4.59 0.0140895
4.6 0.0137682
4.61 0.0134529
4.62 0.0131435
4.63 0.0128399
4.64 0.0125421
4.65 0.0122499
4.66 0.0119634
4.67 0.0116823
4.68 0.0114067
4.69 0.0111365
4.7 0.0108716
4.71 0.0106119
4.72 0.0103574
4.73 0.010108
4.74 0.00986353
4.75 0.00962404
4.76 0.00938942
4.77 0.00915959
4.78 0.00893449
4.79 0.00871404
4.8 0.00849817
4.81 0.00828681
4.82 0.00807989
4.83 0.00787734
4.84 0.0076791
4.85 0.00748509
4.86 0.00729524
4.87 0.00710949
4.88 0.00692777
4.89 0.00675002
4.9 0.00657616
4.91 0.00640613
4.92 0.00623987
4.93 0.00607731
4.94 0.00591839
4.95 0.00576304
4.96 0.0056112
4.97 0.00546281
4.98 0.00531781
4.99 0.00517614
5 0.00503773
5.01 0.00490252
5.02 0.00477047
5.03 0.0046415
5.04 0.00451556
5.05 0.0043926
5.06 0.00427255
5.07 0.00415537
5.08 0.00404099
5.09 0.00392936
5.1 0.00382043
5.11 0.00371415
5.12 0.00361045
5.13 0.0035093
5.14 0.00341064
5.15 0.00331441
5.16 0.00322058
5.17 0.00312909
5.18 0.00303989
5.19 0.00295293
5.2 0.00286817
5.21 0.00278557
5.22 0.00270506
5.23 0.00262662
5.24 0.0025502
5.25 0.00247575
5.26 0.00240324
5.27 0.00233261
5.28 0.00226382
5.29 0.00219685
5.3 0.00213164
5.31 0.00206815
5.32 0.00200636
5.33 0.00194622
5.34 0.00188768
5.35 0.00183073
5.36 0.00177531
5.37 0.00172139
5.38 0.00166895
5.39 0.00161794
5.4 0.00156833
5.41 0.00152009
5.42 0.00147318
5.43 0.00142757
5.44 0.00138324
5.45 0.00134015
5.46 0.00129827
5.47 0.00125758
5.48 0.00121803
5.49 0.00117961
5.5 0.00114229
5.51 0.00110603
5.52 0.00107082
5.53 0.00103663
5.54 0.00100342
5.55 0.000971182
5.56 0.000939884
5.57 0.000909503
5.58 0.000880014
5.59 0.000851396
5.6 0.000823625
5.61 0.00079668
5.62 0.000770539
5.63 0.00074518
5.64 0.000720582
5.65 0.000696727
5.66 0.000673593
5.67 0.000651161
5.68 0.000629413
5.69 0.00060833
5.7 0.000587894
5.71 0.000568087
5.72 0.000548892
5.73 0.000530292
5.74 0.00051227
5.75 0.000494811
5.76 0.000477899
5.77 0.000461518
5.78 0.000445654
5.79 0.000430291
5.8 0.000415416
5.81 0.000401015
5.82 0.000387074
5.83 0.00037358
5.84 0.00036052
5.85 0.000347882
5.86 0.000335652
5.87 0.00032382
5.88 0.000312374
5.89 0.000301301
5.9 0.000290592
5.91 0.000280235
5.92 0.00027022
5.93 0.000260537
5.94 0.000251175
5.95 0.000242125
5.96 0.000233377
5.97 0.000224923
5.98 0.000216754
5.99 0.00020886
