-6 0.00152302
-5.99 0.00157035
-5.98 0.00161898
-5.97 0.00166896
-5.96 0.0017203
-5.95 0.00177304
-5.94 0.00182722
-5.93 0.00188286
-5.92 0.00194
-5.91 0.00199868
-5.9 0.00205892
-5.89 0.00212076
-5.88 0.00218424
-5.87 0.00224939
-5.86 0.00231626
-5.85 0.00238487
-5.84 0.00245526
-5.83 0.00252748
-5.82 0.00260156
-5.81 0.00267754
-5.8 0.00275546
-5.79 0.00283536
-5.78 0.00291729
-5.77 0.00300128
-5.76 0.00308738
-5.75 0.00317562
-5.74 0.00326606
-5.73 0.00335874
-5.72 0.0034537
-5.71 0.00355098
-5.7 0.00365064
-5.69 0.00375272
-5.68 0.00385726
-5.67 0.00396431
-5.66 0.00407392
-5.65 0.00418615
-5.64 0.00430103
-5.63 0.00441861
-5.62 0.00453896
-5.61 0.00466211
-5.6 0.00478812
-5.59 0.00491704
-5.58 0.00504892
-5.57 0.00518382
-5.56 0.00532178
-5.55 0.00546287
-5.54 0.00560713
-5.53 0.00575461
-5.52 0.00590539
-5.51 0.0060595
-5.5 0.00621701
-5.49 0.00637797
-5.48 0.00654243
-5.47 0.00671046
-5.46 0.00688211
-5.45 0.00705744
-5.44 0.00723651
-5.43 0.00741938
-5.42 0.00760609
-5.41 0.00779672
-5.4 0.00799133
-5.39 0.00818996
-5.38 0.00839268
-5.37 0.00859956
-5.36 0.00881065
-5.35 0.00902601
-5.34 0.0092457
-5.33 0.00946978
-5.32 0.00969831
-5.31 0.00993136
-5.3 0.010169
-5.29 0.0104112
-5.28 0.0106582
-5.27 0.0109099
-5.26 0.0111665
-5.25 0.0114279
-5.24 0.0116942
-5.23 0.0119656
-5.22 0.012242
-5.21 0.0125235
-5.2 0.0128103
-5.19 0.0131022
-5.18 0.0133995
-5.17 0.0137022
-5.16 0.0140102
-5.15 0.0143238
-5.14 0.0146428
-5.13 0.0149675
-5.12 0.0152979
-5.11 0.0156339
-5.1 0.0159758
-5.09 0.0163234
-5.08 0.0166769
-5.07 0.0170364
-5.06 0.0174019
-5.05 0.0177734
-5.04 0.0181511
-5.03 0.0185348
-5.02 0.0189248
-5.01 0.0193211
-5 0.0197236
-4.99 0.0201326
-4.98 0.0205479
-4.97 0.0209697
-4.96 0.0213979
-4.95 0.0218328
-4.94 0.0222742
-4.93 0.0227222
-4.92 0.023177
-4.91 0.0236384
-4.9 0.0241066
-4.89 0.0245816
-4.88 0.0250635
-4.87 0.0255522
-4.86 0.0260478
-4.85 0.0265504
-4.84 0.0270599
-4.83 0.0275764
-4.82 0.0281
-4.81 0.0286306
-4.8 0.0291683
-4.79 0.0297131
-4.78 0.030265
-4.77 0.030824
-4.76 0.0313903
-4.75 0.0319637
-4.74 0.0325443
-4.73 0.0331321
-4.72 0.0337272
-4.71 0.0343295
-4.7 0.034939
-4.69 0.0355557
-4.68 0.0361797
-4.67 0.036811
-4.66 0.0374495
-4.65 0.0380952
-4.64 0.0387481
-4.63 0.0394083
-4.62 0.0400757
-4.61 0.0407503
-4.6 0.0414321
-4.59 0.042121
-4.58 0.0428171
-4.57 0.0435204
-4.56 0.0442307
-4.55 0.0449481
-4.54 0.0456725
-4.53 0.0464039
-4.52 0.0471423
-4.51 0.0478877
-4.5 0.0486399
-4.49 0.0493989
-4.48 0.0501648
-4.47 0.0509374
-4.46 0.0517167
-4.45 0.0525027
-4.44 0.0532952
-4.43 0.0540943
-4.42 0.0548998
-4.41 0.0557118
-4.4 0.05653
-4.39 0.0573545
-4.38 0.0581852
-4.37 0.0590219
-4.36 0.0598647
-4.35 0.0607134
-4.34 0.061568
-4.33 0.0624283
-4.32 0.0632942
-4.31 0.0641658
-4.3 0.0650428
-4.29 0.0659251
-4.28 0.0668128
-4.27 0.0677055
-4.26 0.0686033
-4.25 0.0695061
-4.24 0.0704136
-4.23 0.0713258
-4.22 0.0722426
-4.21 0.0731639
-4.2 0.0740894
-4.19 0.0750191
-4.18 0.0759529
-4.17 0.0768906
-4.16 0.077832
-4.15 0.078777
-4.14 0.0797256
-4.13 0.0806774
-4.12 0.0816325
-4.11 0.0825906
-4.1 0.0835515
-4.09 0.0845151
-4.08 0.0854813
-4.07 0.0864499
-4.06 0.0874206
-4.05 0.0883935
-4.04 0.0893682
-4.03 0.0903446
-4.02 0.0913225
-4.01 0.0923017
-4 0.0932821
-3.99 0.0942635
-3.98 0.0952457
-3.97 0.0962285
-3.96 0.0972117
-3.95 0.0981951
-3.94 0.0991786
-3.93 0.100162
-3.92 0.101145
-3.91 0.102127
-3.9 0.103109
-3.89 0.104089
-3.88 0.105069
-3.87 0.106047
-3.86 0.107023
-3.85 0.107998
-3.84 0.108971
-3.83 0.109941
-3.82 0.110909
-3.81 0.111875
-3.8 0.112837
-3.79 0.113797
-3.78 0.114753
-3.77 0.115706
-3.76 0.116655
-3.75 0.1176
-3.74 0.118541
-3.73 0.119478
-3.72 0.12041
-3.71 0.121337
-3.7 0.122259
-3.69 0.123176
-3.68 0.124088
-3.67 0.124994
-3.66 0.125894
-3.65 0.126788
-3.64 0.127675
-3.63 0.128556
-3.62 0.129431
-3.61 0.130298
-3.6 0.131158
-3.59 0.132011
-3.58 0.132856
-3.57 0.133693
-3.56 0.134523
-3.55 0.135344
-3.54 0.136156
-3.53 0.13696
-3.52 0.137755
-3.51 0.138542
-3.5 0.139318
-3.49 0.140086
-3.48 0.140843
-3.47 0.141591
-3.46 0.142329
-3.45 0.143057
-3.44 0.143774
-3.43 0.144481
-3.42 0.145177
-3.41 0.145862
-3.4 0.146535
-3.39 0.147198
-3.38 0.147849
-3.37 0.148488
-3.36 0.149116
-3.35 0.149731
-3.34 0.150335
-3.33 0.150926
-3.32 0.151505
-3.31 0.152071
-3.3 0.152624
-3.29 0.153165
-3.28 0.153692
-3.27 0.154207
-3.26 0.154708
-3.25 0.155195
-3.24 0.15567
-3.23 0.15613
-3.22 0.156577
-3.21 0.15701
-3.2 0.157429
-3.19 0.157834
-3.18 0.158224
-3.17 0.158601
-3.16 0.158963
-3.15 0.159311
-3.14 0.159644
-3.13 0.159962
-3.12 0.160266
-3.11 0.160556
-3.1 0.16083
-3.09 0.16109
-3.08 0.161334
-3.07 0.161564
-3.06 0.161779
-3.05 0.161979
-3.04 0.162163
-3.03 0.162333
-3.02 0.162488
-3.01 0.162627
-3 0.162752
-2.99 0.162861
-2.98 0.162955
-2.97 0.163034
-2.96 0.163098
-2.95 0.163147
-2.94 0.16318
-2.93 0.163199
-2.92 0.163203
-2.91 0.163191
-2.9 0.163165
-2.89 0.163124
-2.88 0.163067
-2.87 0.162997
-2.86 0.162911
-2.85 0.16281
-2.84 0.162695
-2.83 0.162566
-2.82 0.162422
-2.81 0.162263
-2.8 0.16209
-2.79 0.161903
-2.78 0.161702
-2.77 0.161487
-2.76 0.161258
-2.75 0.161015
-2.74 0.160759
-2.73 0.160488
-2.72 0.160205
-2.71 0.159908
-2.7 0.159598
-2.69 0.159274
-2.68 0.158938
-2.67 0.158589
-2.66 0.158228
-2.65 0.157854
-2.64 0.157467
-2.63 0.157069
-2.62 0.156658
-2.61 0.156236
-2.6 0.155802
-2.59 0.155356
-2.58 0.154899
-2.57 0.154431
-2.56 0.153952
-2.55 0.153463
-2.54 0.152962
-2.53 0.152452
-2.52 0.151931
-2.51 0.1514
-2.5 0.150859
-2.49 0.150309
-2.48 0.149749
-2.47 0.14918
-2.46 0.148602
-2.45 0.148015
-2.44 0.14742
-2.43 0.146816
-2.42 0.146205
-2.41 0.145585
-2.4 0.144958
-2.39 0.144323
-2.38 0.143681
-2.37 0.143032
-2.36 0.142376
-2.35 0.141714
-2.34 0.141045
-2.33 0.140371
-2.32 0.13969
-2.31 0.139004
-2.3 0.138312
-2.29 0.137615
-2.28 0.136913
-2.27 0.136207
-2.26 0.135496
-2.25 0.134781
-2.24 0.134062
-2.23 0.133339
-2.22 0.132612
-2.21 0.131882
-2.2 0.131149
-2.19 0.130414
-2.18 0.129675
-2.17 0.128935
-2.16 0.128192
-2.15 0.127447
-2.14 0.126701
-2.13 0.125953
-2.12 0.125204
-2.11 0.124454
-2.1 0.123703
-2.09 0.122951
-2.08 0.122199
-2.07 0.121447
-2.06 0.120696
-2.05 0.119944
-2.04 0.119193
-2.03 0.118443
-2.02 0.117694
-2.01 0.116946
-2 0.116199
-1.99 0.115454
-1.98 0.11471
-1.97 0.113969
-1.96 0.11323
-1.95 0.112493
-1.94 0.111759
-1.93 0.111027
-1.92 0.110299
-1.91 0.109573
-1.9 0.108851
-1.89 0.108132
-1.88 0.107417
-1.87 0.106706
-1.86 0.105999
-1.85 0.105296
-1.84 0.104597
-1.83 0.103903
-1.82 0.103213
-1.81 0.102529
-1.8 0.101849
-1.79 0.101174
-1.78 0.100505
-1.77 0.0998405
-1.76 0.0991819
-1.75 0.098529
-1.74 0.0978819
-1.73 0.0972407
-1.72 0.0966055
-1.71 0.0959765
-1.7 0.0953537
-1.69 0.0947374
-1.68 0.0941275
-1.67 0.0935242
-1.66 0.0929276
-1.65 0.0923378
-1.64 0.0917548
-1.63 0.0911789
-1.62 0.09061
-1.61 0.0900483
-1.6 0.0894938
-1.59 0.0889466
-1.58 0.0884067
-1.57 0.0878743
-1.56 0.0873494
-1.55 0.0868321
-1.54 0.0863224
-1.53 0.0858204
-1.52 0.0853261
-1.51 0.0848395
-1.5 0.0843608
-1.49 0.0838899
-1.48 0.0834269
-1.47 0.0829719
-1.46 0.0825247
-1.45 0.0820856
-1.44 0.0816544
-1.43 0.0812312
-1.42 0.0808161
-1.41 0.080409
-1.4 0.0800099
-1.39 0.0796189
-1.38 0.0792359
-1.37 0.0788609
-1.36 0.078494
-1.35 0.0781351
-1.34 0.0777842
-1.33 0.0774413
-1.32 0.0771063
-1.31 0.0767794
-1.3 0.0764603
-1.29 0.0761491
-1.28 0.0758458
-1.27 0.0755504
-1.26 0.0752627
-1.25 0.0749828
-1.24 0.0747106
-1.23 0.074446
-1.22 0.0741891
-1.21 0.0739397
-1.2 0.0736979
-1.19 0.0734635
-1.18 0.0732365
-1.17 0.0730168
-1.16 0.0728045
-1.15 0.0725993
-1.14 0.0724012
-1.13 0.0722103
-1.12 0.0720263
-1.11 0.0718492
-1.1 0.071679
-1.09 0.0715156
-1.08 0.0713588
-1.07 0.0712087
-1.06 0.0710651
-1.05 0.0709279
-1.04 0.070797
-1.03 0.0706724
-1.02 0.070554
-1.01 0.0704416
-1 0.0703352
-0.99 0.0702347
-0.98 0.07014
-0.97 0.070051
-0.96 0.0699676
-0.95 0.0698896
-0.94 0.0698171
-0.93 0.0697498
-0.92 0.0696877
-0.91 0.0696307
-0.9 0.0695786
-0.89 0.0695315
-0.88 0.069489
-0.87 0.0694512
-0.86 0.069418
-0.85 0.0693892
-0.84 0.0693647
-0.83 0.0693444
-0.82 0.0693282
-0.81 0.069316
-0.8 0.0693077
-0.79 0.0693031
-0.78 0.0693022
-0.77 0.0693049
-0.76 0.0693109
-0.75 0.0693203
-0.74 0.0693329
-0.73 0.0693486
-0.72 0.0693673
-0.71 0.0693888
-0.7 0.0694131
-0.69 0.06944
-0.68 0.0694695
-0.67 0.0695014
-0.66 0.0695356
-0.65 0.069572
-0.64 0.0696105
-0.63 0.069651
-0.62 0.0696933
-0.61 0.0697375
-0.6 0.0697833
-0.59 0.0698306
-0.58 0.0698794
-0.57 0.0699296
-0.56 0.069981
-0.55 0.0700336
-0.54 0.0700872
-0.53 0.0701417
-0.52 0.0701971
-0.51 0.0702533
-0.5 0.07031
-0.49 0.0703674
-0.48 0.0704252
-0.47 0.0704833
-0.46 0.0705418
-0.45 0.0706004
-0.44 0.0706591
-0.43 0.0707178
-0.42 0.0707765
-0.41 0.070835
-0.4 0.0708932
-0.39 0.0709511
-0.38 0.0710086
-0.37 0.0710656
-0.36 0.071122
-0.35 0.0711779
-0.34 0.0712329
-0.33 0.0712873
-0.32 0.0713407
-0.31 0.0713932
-0.3 0.0714448
-0.29 0.0714953
-0.28 0.0715447
-0.27 0.0715929
-0.26 0.0716398
-0.25 0.0716855
-0.24 0.0717299
-0.23 0.0717728
-0.22 0.0718143
-0.21 0.0718543
-0.2 0.0718927
-0.19 0.0719296
-0.18 0.0719648
-0.17 0.0719983
-0.16 0.0720302
-0.15 0.0720603
-0.14 0.0720886
-0.13 0.0721151
-0.12 0.0721398
-0.11 0.0721625
-0.1 0.0721834
-0.09 0.0722024
-0.08 0.0722194
-0.07 0.0722345
-0.06 0.0722476
-0.05 0.0722587
-0.04 0.0722678
-0.03 0.0722749
-0.02 0.07228
-0.01 0.072283
0 0.072284
0.01 0.072283
0.02 0.07228
0.03 0.0722749
0.04 0.0722678
0.05 0.0722587
0.06 0.0722476
0.07 0.0722345
0.08 0.0722194
0.09 0.0722024
0.1 0.0721834
0.11 0.0721625
0.12 0.0721398
0.13 0.0721151
0.14 0.0720886
0.15 0.0720603
0.16 0.0720302
0.17 0.0719983
0.18 0.0719648
0.19 0.0719296
0.2 0.0718927
0.21 0.0718543
0.22 0.0718143
0.23 0.0717728
0.24 0.0717299
0.25 0.0716855
0.26 0.0716398
0.27 0.0715929
0.28 0.0715447
0.29 0.0714953
0.3 0.0714448
0.31 0.0713932
0.32 0.0713407
0.33 0.0712873
0.34 0.0712329
0.35 0.0711779
0.36 0.071122
0.37 0.0710656
0.38 0.0710086
0.39 0.0709511
0.4 0.0708932
0.41 0.070835
0.42 0.0707765
0.43 0.0707178
0.44 0.0706591
0.45 0.0706004
0.46 0.0705418
0.47 0.0704833
0.48 0.0704252
0.49 0.0703674
0.5 0.07031
0.51 0.0702533
0.52 0.0701971
0.53 0.0701417
0.54 0.0700872
0.55 0.0700336
0.56 0.069981
0.57 0.0699296
0.58 0.0698794
0.59 0.0698306
0.6 0.0697833
0.61 0.0697375
0.62 0.0696933
0.63 0.069651
0.64 0.0696105
0.65 0.069572
0.66 0.0695356
0.67 0.0695014
0.68 0.0694695
0.69 0.06944
0.7 0.0694131
0.71 0.0693888
0.72 0.0693673
0.73 0.0693486
0.74 0.0693329
0.75 0.0693203
0.76 0.0693109
0.77 0.0693049
0.78 0.0693022
0.79 0.0693031
0.8 0.0693077
0.81 0.069316
0.82 0.0693282
0.83 0.0693444
0.84 0.0693647
0.85 0.0693892
0.86 0.069418
0.87 0.0694512
0.88 0.069489
0.89 0.0695315
0.9 0.0695786
0.91 0.0696307
0.92 0.0696877
0.93 0.0697498
0.94 0.0698171
0.95 0.0698896
0.96 0.0699676
0.97 0.070051
0.98 0.07014
0.99 0.0702347
1 0.0703352
1.01 0.0704416
1.02 0.070554
1.03 0.0706724
1.04 0.070797
1.05 0.0709279
1.06 0.0710651
1.07 0.0712087
1.08 0.0713588
1.09 0.0715156
1.1 0.071679
1.11 0.0718492
1.12 0.0720263
1.13 0.0722103
1.14 0.0724012
1.15 0.0725993
1.16 0.0728045
1.17 0.0730168
1.18 0.0732365
1.19 0.0734635
1.2 0.0736979
1.21 0.0739397
1.22 0.0741891
1.23 0.074446
1.24 0.0747106
1.25 0.0749828
1.26 0.0752627
1.27 0.0755504
1.28 0.0758458
1.29 0.0761491
1.3 0.0764603
1.31 0.0767794
1.32 0.0771063
1.33 0.0774413
1.34 0.0777842
1.35 0.0781351
1.36 0.078494
1.37 0.0788609
1.38 0.0792359
1.39 0.0796189
1.4 0.0800099
1.41 0.080409
1.42 0.0808161
1.43 0.0812312
1.44 0.0816544
1.45 0.0820856
1.46 0.0825247
1.47 0.0829719
1.48 0.0834269
1.49 0.0838899
1.5 0.0843608
1.51 0.0848395
1.52 0.0853261
1.53 0.0858204
1.54 0.0863224
1.55 0.0868321
1.56 0.0873494
1.57 0.0878743
1.58 0.0884067
1.59 0.0889466
1.6 0.0894938
1.61 0.0900483
1.62 0.09061
1.63 0.0911789
1.64 0.0917548
1.65 0.0923378
1.66 0.0929276
1.67 0.0935242
1.68 0.0941275
1.69 0.0947374
1.7 0.0953537
1.71 0.0959765
1.72 0.0966055
1.73 0.0972407
1.74 0.0978819
1.75 0.098529
1.76 0.0991819
1.77 0.0998405
1.78 0.100505
1.79 0.101174
1.8 0.101849
1.81 0.102529
1.82 0.103213
1.83 0.103903
1.84 0.104597
1.85 0.105296
1.86 0.105999
1.87 0.106706
1.88 0.107417
1.89 0.108132
1.9 0.108851
1.91 0.109573
1.92 0.110299
1.93 0.111027
1.94 0.111759
1.95 0.112493
1.96 0.11323
1.97 0.113969
1.98 0.11471
1.99 0.115454
2 0.116199
2.01 0.116946
2.02 0.117694
2.03 0.118443
2.04 0.119193
2.05 0.119944
2.06 0.120696
2.07 0.121447
2.08 0.122199
2.09 0.122951
2.1 0.123703
2.11 0.124454
2.12 0.125204
2.13 0.125953
2.14 0.126701
2.15 0.127447
2.16 0.128192
2.17 0.128935
2.18 0.129675
2.19 0.130414
2.2 0.131149
2.21 0.131882
2.22 0.132612
2.23 0.133339
2.24 0.134062
2.25 0.134781
2.26 0.135496
2.27 0.136207
2.28 0.136913
2.29 0.137615
2.3 0.138312
2.31 0.139004
2.32 0.13969
2.33 0.140371
2.34 0.141045
2.35 0.141714
2.36 0.142376
2.37 0.143032
2.38 0.143681
2.39 0.144323
2.4 0.144958
2.41 0.145585
2.42 0.146205
2.43 0.146816
2.44 0.14742
2.45 0.148015
2.46 0.148602
2.47 0.14918
2.48 0.149749
2.49 0.150309
2.5 0.150859
2.51 0.1514
2.52 0.151931
2.53 0.152452
2.54 0.152962
2.55 0.153463
2.56 0.153952
2.57 0.154431
2.58 0.154899
2.59 0.155356
2.6 0.155802
2.61 0.156236
2.62 0.156658
2.63 0.157069
2.64 0.157467
2.65 0.157854
2.66 0.158228
2.67 0.158589
2.68 0.158938
2.69 0.159274
2.7 0.159598
2.71 0.159908
2.72 0.160205
2.73 0.160488
2.74 0.160759
2.75 0.161015
2.76 0.161258
2.77 0.161487
2.78 0.161702
2.79 0.161903
2.8 0.16209
2.81 0.162263
2.82 0.162422
2.83 0.162566
2.84 0.162695
2.85 0.16281
2.86 0.162911
2.87 0.162997
2.88 0.163067
2.89 0.163124
2.9 0.163165
2.91 0.163191
2.92 0.163203
2.93 0.163199
2.94 0.16318
2.95 0.163147
2.96 0.163098
2.97 0.163034
2.98 0.162955
2.99 0.162861
3 0.162752
3.01 0.162627
3.02 0.162488
3.03 0.162333
3.04 0.162163
3.05 0.161979
3.06 0.161779
3.07 0.161564
3.08 0.161334
3.09 0.16109
3.1 0.16083
3.11 0.160556
3.12 0.160266
3.13 0.159962
3.14 0.159644
3.15 0.159311
3.16 0.158963
3.17 0.158601
3.18 0.158224
3.19 0.157834
3.2 0.157429
3.21 0.15701
3.22 0.156577
3.23 0.15613
3.24 0.15567
3.25 0.155195
3.26 0.154708
3.27 0.154207
3.28 0.153692
3.29 0.153165
3.3 0.152624
3.31 0.152071
3.32 0.151505
3.33 0.150926
3.34 0.150335
3.35 0.149731
3.36 0.149116
3.37 0.148488
3.38 0.147849
3.39 0.147198
3.4 0.146535
3.41 0.145862
3.42 0.145177
3.43 0.144481
3.44 0.143774
3.45 0.143057
3.46 0.142329
3.47 0.141591
3.48 0.140843
3.49 0.140086
3.5 0.139318
3.51 0.138542
3.52 0.137755
3.53 0.13696
3.54 0.136156
3.55 0.135344
3.56 0.134523
3.57 0.133693
3.58 0.132856
3.59 0.132011
3.6 0.131158
3.61 0.130298
3.62 0.129431
3.63 0.128556
3.64 0.127675
3.65 0.126788
3.66 0.125894
3.67 0.124994
3.68 0.124088
3.69 0.123176
3.7 0.122259
3.71 0.121337
3.72 0.12041
3.73 0.119478
3.74 0.118541
3.75 0.1176
3.76 0.116655
3.77 0.115706
3.78 0.114753
3.79 0.113797
3.8 0.112837
3.81 0.111875
3.82 0.110909
3.83 0.109941
3.84 0.108971
3.85 0.107998
3.86 0.107023
3.87 0.106047
3.88 0.105069
3.89 0.104089
3.9 0.103109
3.91 0.102127
3.92 0.101145
3.93 0.100162
3.94 0.0991786
3.95 0.0981951
3.96 0.0972117
3.97 0.0962285
3.98 0.0952457
3.99 0.0942635
4 0.0932821
4.01 0.0923017
4.02 0.0913225
4.03 0.0903446
4.04 0.0893682
4.05 0.0883935
4.06 0.0874206
4.07 0.0864499
4.08 0.0854813
4.09 0.0845151
4.1 0.0835515
4.11 0.0825906
4.12 0.0816325
4.13 0.0806774
4.14 0.0797256
4.15 0.078777
4.16 0.077832
4.17 0.0768906
4.18 0.0759529
4.19 0.0750191
4.2 0.0740894
4.21 0.0731639
4.22 0.0722426
4.23 0.0713258
4.24 0.0704136
4.25 0.0695061
4.26 0.0686033
4.27 0.0677055
4.28 0.0668128
4.29 0.0659251
4.3 0.0650428
4.31 0.0641658
4.32 0.0632942
4.33 0.0624283
4.34 0.061568
4.35 0.0607134
4.36 0.0598647
4.37 0.0590219
4.38 0.0581852
4.39 0.0573545
4.4 0.05653
4.41 0.0557118
4.42 0.0548998
4.43 0.0540943
4.44 0.0532952
4.45 0.0525027
4.46 0.0517167
4.47 0.0509374
4.48 0.0501648
4.49 0.0493989
4.5 0.0486399
4.51 0.0478877
4.52 0.0471423
4.53 0.0464039
4.54 0.0456725
4.55 0.0449481
4.56 0.0442307
4.57 0.0435204
4.58 0.0428171
4.59 0.042121
4.6 0.0414321
4.61 0.0407503
4.62 0.0400757
4.63 0.0394083
4.64 0.0387481
4.65 0.0380952
4.66 0.0374495
4.67 0.036811
4.68 0.0361797
4.69 0.0355557
4.7 0.034939
4.71 0.0343295
4.72 0.0337272
4.73 0.0331321
4.74 0.0325443
4.75 0.0319637
4.76 0.0313903
4.77 0.030824
4.78 0.030265
4.79 0.0297131
4.8 0.0291683
4.81 0.0286306
4.82 0.0281
4.83 0.0275764
4.84 0.0270599
4.85 0.0265504
4.86 0.0260478
4.87 0.0255522
4.88 0.0250635
4.89 0.0245816
4.9 0.0241066
4.91 0.0236384
4.92 0.023177
4.93 0.0227222
4.94 0.0222742
4.95 0.0218328
4.96 0.0213979
4.97 0.0209697
4.98 0.0205479
4.99 0.0201326
5 0.0197236
5.01 0.0193211
5.02 0.0189248
5.03 0.0185348
5.04 0.0181511
5.05 0.0177734
5.06 0.0174019
5.07 0.0170364
5.08 0.0166769
5.09 0.0163234
5.1 0.0159758
5.11 0.0156339
5.12 0.0152979
5.13 0.0149675
5.14 0.0146428
5.15 0.0143238
5.16 0.0140102
5.17 0.0137022
5.18 0.0133995
5.19 0.0131022
5.2 0.0128103
5.21 0.0125235
5.22 0.012242
5.23 0.0119656
5.24 0.0116942
5.25 0.0114279
5.26 0.0111665
5.27 0.0109099
5.28 0.0106582
5.29 0.0104112
5.3 0.010169
5.31 0.00993136
5.32 0.00969831
5.33 0.00946978
5.34 0.0092457
5.35 0.00902601
5.36 0.00881065
5.37 0.00859956
5.38 0.00839268
5.39 0.00818996
5.4 0.00799133
5.41 0.00779672
5.42 0.00760609
5.43 0.00741938
5.44 0.00723651
5.45 0.00705744
5.46 0.00688211
5.47 0.00671046
5.48 0.00654243
5.49 0.00637797
5.5 0.00621701
5.51 0.0060595
5.52 0.00590539
5.53 0.00575461
5.54 0.00560713
5.55 0.00546287
5.56 0.00532178
5.57 0.00518382
5.58 0.00504892
5.59 0.00491704
5.6 0.00478812
5.61 0.00466211
5.62 0.00453896
5.63 0.00441861
5.64 0.00430103
5.65 0.00418615
5.66 0.00407392
5.67 0.00396431
5.68 0.00385726
5.69 0.00375272
5.7 0.00365064
5.71 0.00355098
5.72 0.0034537
5.73 0.00335874
5.74 0.00326606
5.75 0.00317562
5.76 0.00308738
5.77 0.00300128
5.78 0.00291729
5.79 0.00283536
5.8 0.00275546
5.81 0.00267754
5.82 0.00260156
5.83 0.00252748
5.84 0.00245526
5.85 0.00238487
5.86 0.00231626
5.87 0.00224939
5.88 0.00218424
5.89 0.00212076
5.9 0.00205892
5.91 0.00199868
5.92 0.00194
5.93 0.00188286
5.94 0.00182722
5.95 0.00177304
5.96 0.0017203
5.97 0.00166896
5.98 0.00161898
5.99 0.00157035
