-6 0.0121055
-5.99 0.0122361
-5.98 0.0123678
-5.97 0.0125006
-5.96 0.0126344
-5.95 0.0127694
-5.94 0.0129055
-5.93 0.0130426
-5.92 0.0131809
-5.91 0.0133202
-5.9 0.0134607
-5.89 0.0136023
-5.88 0.0137451
-5.87 0.0138889
-5.86 0.0140339
-5.85 0.0141801
-5.84 0.0143273
-5.83 0.0144757
-5.82 0.0146253
-5.81 0.014776
-5.8 0.0149279
-5.79 0.0150809
-5.78 0.0152351
-5.77 0.0153905
-5.76 0.015547
-5.75 0.0157047
-5.74 0.0158636
-5.73 0.0160237
-5.72 0.0161849
-5.71 0.0163474
-5.7 0.016511
-5.69 0.0166758
-5.68 0.0168419
-5.67 0.0170091
-5.66 0.0171775
-5.65 0.0173472
-5.64 0.017518
-5.63 0.0176901
-5.62 0.0178633
-5.61 0.0180378
-5.6 0.0182136
-5.59 0.0183905
-5.58 0.0185687
-5.57 0.0187481
-5.56 0.0189287
-5.55 0.0191105
-5.54 0.0192936
-5.53 0.019478
-5.52 0.0196635
-5.51 0.0198504
-5.5 0.0200384
-5.49 0.0202277
-5.48 0.0204183
-5.47 0.0206101
-5.46 0.0208031
-5.45 0.0209974
-5.44 0.021193
-5.43 0.0213898
-5.42 0.0215879
-5.41 0.0217872
-5.4 0.0219878
-5.39 0.0221896
-5.38 0.0223927
-5.37 0.0225971
-5.36 0.0228027
-5.35 0.0230096
-5.34 0.0232177
-5.33 0.0234271
-5.32 0.0236378
-5.31 0.0238498
-5.3 0.024063
-5.29 0.0242774
-5.28 0.0244932
-5.27 0.0247102
-5.26 0.0249284
-5.25 0.025148
-5.24 0.0253687
-5.23 0.0255908
-5.22 0.0258141
-5.21 0.0260387
-5.2 0.0262645
-5.19 0.0264916
-5.18 0.02672
-5.17 0.0269496
-5.16 0.0271804
-5.15 0.0274126
-5.14 0.0276459
-5.13 0.0278806
-5.12 0.0281164
-5.11 0.0283536
-5.1 0.0285919
-5.09 0.0288316
-5.08 0.0290724
-5.07 0.0293145
-5.06 0.0295579
-5.05 0.0298024
-5.04 0.0300482
-5.03 0.0302953
-5.02 0.0305435
-5.01 0.030793
-5 0.0310437
-4.99 0.0312957
-4.98 0.0315488
-4.97 0.0318032
-4.96 0.0320587
-4.95 0.0323155
-4.94 0.0325735
-4.93 0.0328326
-4.92 0.033093
-4.91 0.0333546
-4.9 0.0336173
-4.89 0.0338812
-4.88 0.0341463
-4.87 0.0344126
-4.86 0.03468
-4.85 0.0349486
-4.84 0.0352184
-4.83 0.0354893
-4.82 0.0357613
-4.81 0.0360345
-4.8 0.0363089
-4.79 0.0365843
-4.78 0.0368609
-4.77 0.0371387
-4.76 0.0374175
-4.75 0.0376974
-4.74 0.0379785
-4.73 0.0382606
-4.72 0.0385438
-4.71 0.0388281
-4.7 0.0391135
-4.69 0.0394
-4.68 0.0396875
-4.67 0.0399761
-4.66 0.0402657
-4.65 0.0405563
-4.64 0.040848
-4.63 0.0411408
-4.62 0.0414345
-4.61 0.0417293
-4.6 0.042025
-4.59 0.0423218
-4.58 0.0426195
-4.57 0.0429182
-4.56 0.0432179
-4.55 0.0435186
-4.54 0.0438202
-4.53 0.0441228
-4.52 0.0444262
-4.51 0.0447307
-4.5 0.045036
-4.49 0.0453422
-4.48 0.0456494
-4.47 0.0459574
-4.46 0.0462664
-4.45 0.0465761
-4.44 0.0468868
-4.43 0.0471983
-4.42 0.0475106
-4.41 0.0478238
-4.4 0.0481378
-4.39 0.0484526
-4.38 0.0487682
-4.37 0.0490846
-4.36 0.0494018
-4.35 0.0497198
-4.34 0.0500385
-4.33 0.0503579
-4.32 0.0506781
-4.31 0.050999
-4.3 0.0513206
-4.29 0.051643
-4.28 0.051966
-4.27 0.0522897
-4.26 0.052614
-4.25 0.052939
-4.24 0.0532647
-4.23 0.053591
-4.22 0.0539179
-4.21 0.0542454
-4.2 0.0545735
-4.19 0.0549022
-4.18 0.0552314
-4.17 0.0555612
-4.16 0.0558916
-4.15 0.0562224
-4.14 0.0565538
-4.13 0.0568857
-4.12 0.0572181
-4.11 0.0575509
-4.1 0.0578843
-4.09 0.058218
-4.08 0.0585523
-4.07 0.0588869
-4.06 0.0592219
-4.05 0.0595574
-4.04 0.0598932
-4.03 0.0602293
-4.02 0.0605659
-4.01 0.0609028
-4 0.0612399
-3.99 0.0615775
-3.98 0.0619153
-3.97 0.0622533
-3.96 0.0625917
-3.95 0.0629303
-3.94 0.0632691
-3.93 0.0636082
-3.92 0.0639475
-3.91 0.0642869
-3.9 0.0646266
-3.89 0.0649664
-3.88 0.0653063
-3.87 0.0656464
-3.86 0.0659866
-3.85 0.0663269
-3.84 0.0666673
-3.83 0.0670077
-3.82 0.0673482
-3.81 0.0676888
-3.8 0.0680294
-3.79 0.0683699
-3.78 0.0687105
-3.77 0.0690511
-3.76 0.0693916
-3.75 0.0697321
-3.74 0.0700725
-3.73 0.0704128
-3.72 0.070753
-3.71 0.0710931
-3.7 0.071433
-3.69 0.0717729
-3.68 0.0721125
-3.67 0.072452
-3.66 0.0727912
-3.65 0.0731303
-3.64 0.0734691
-3.63 0.0738077
-3.62 0.074146
-3.61 0.0744841
-3.6 0.0748218
-3.59 0.0751592
-3.58 0.0754964
-3.57 0.0758331
-3.56 0.0761695
-3.55 0.0765056
-3.54 0.0768412
-3.53 0.0771765
-3.52 0.0775113
-3.51 0.0778457
-3.5 0.0781796
-3.49 0.078513
-3.48 0.078846
-3.47 0.0791785
-3.46 0.0795104
-3.45 0.0798418
-3.44 0.0801727
-3.43 0.080503
-3.42 0.0808327
-3.41 0.0811618
-3.4 0.0814903
-3.39 0.0818181
-3.38 0.0821453
-3.37 0.0824719
-3.36 0.0827977
-3.35 0.0831229
-3.34 0.0834474
-3.33 0.0837711
-3.32 0.0840941
-3.31 0.0844163
-3.3 0.0847378
-3.29 0.0850584
-3.28 0.0853783
-3.27 0.0856974
-3.26 0.0860156
-3.25 0.0863329
-3.24 0.0866494
-3.23 0.086965
-3.22 0.0872798
-3.21 0.0875936
-3.2 0.0879064
-3.19 0.0882184
-3.18 0.0885294
-3.17 0.0888394
-3.16 0.0891484
-3.15 0.0894565
-3.14 0.0897635
-3.13 0.0900695
-3.12 0.0903744
-3.11 0.0906783
-3.1 0.0909811
-3.09 0.0912829
-3.08 0.0915835
-3.07 0.091883
-3.06 0.0921814
-3.05 0.0924787
-3.04 0.0927748
-3.03 0.0930697
-3.02 0.0933635
-3.01 0.093656
-3 0.0939474
-2.99 0.0942375
-2.98 0.0945264
-2.97 0.0948141
-2.96 0.0951005
-2.95 0.0953856
-2.94 0.0956695
-2.93 0.095952
-2.92 0.0962332
-2.91 0.0965132
-2.9 0.0967918
-2.89 0.097069
-2.88 0.0973449
-2.87 0.0976194
-2.86 0.0978926
-2.85 0.0981644
-2.84 0.0984347
-2.83 0.0987037
-2.82 0.0989712
-2.81 0.0992373
-2.8 0.099502
-2.79 0.0997652
-2.78 0.100027
-2.77 0.100287
-2.76 0.100546
-2.75 0.100803
-2.74 0.101059
-2.73 0.101313
-2.72 0.101566
-2.71 0.101817
-2.7 0.102067
-2.69 0.102315
-2.68 0.102562
-2.67 0.102807
-2.66 0.10305
-2.65 0.103292
-2.64 0.103532
-2.63 0.103771
-2.62 0.104008
-2.61 0.104244
-2.6 0.104477
-2.59 0.10471
-2.58 0.10494
-2.57 0.105169
-2.56 0.105396
-2.55 0.105622
-2.54 0.105846
-2.53 0.106068
-2.52 0.106289
-2.51 0.106508
-2.5 0.106725
-2.49 0.106941
-2.48 0.107155
-2.47 0.107367
-2.46 0.107578
-2.45 0.107786
-2.44 0.107994
-2.43 0.108199
-2.42 0.108403
-2.41 0.108605
-2.4 0.108805
-2.39 0.109003
-2.38 0.1092
-2.37 0.109395
-2.36 0.109588
-2.35 0.10978
-2.34 0.10997
-2.33 0.110158
-2.32 0.110344
-2.31 0.110529
-2.3 0.110711
-2.29 0.110892
-2.28 0.111072
-2.27 0.111249
-2.26 0.111425
-2.25 0.111599
-2.24 0.111771
-2.23 0.111942
-2.22 0.112111
-2.21 0.112278
-2.2 0.112443
-2.19 0.112606
-2.18 0.112768
-2.17 0.112928
-2.16 0.113086
-2.15 0.113243
-2.14 0.113398
-2.13 0.113551
-2.12 0.113702
-2.11 0.113851
-2.1 0.113999
-2.09 0.114145
-2.08 0.11429
-2.07 0.114432
-2.06 0.114573
-2.05 0.114712
-2.04 0.114849
-2.03 0.114985
-2.02 0.115119
-2.01 0.115251
-2 0.115382
-1.99 0.115511
-1.98 0.115638
-1.97 0.115763
-1.96 0.115887
-1.95 0.116009
-1.94 0.116129
-1.93 0.116248
-1.92 0.116365
-1.91 0.11648
-1.9 0.116594
-1.89 0.116706
-1.88 0.116816
-1.87 0.116925
-1.86 0.117032
-1.85 0.117138
-1.84 0.117242
-1.83 0.117344
-1.82 0.117445
-1.81 0.117544
-1.8 0.117642
-1.79 0.117737
-1.78 0.117832
-1.77 0.117925
-1.76 0.118016
-1.75 0.118106
-1.74 0.118194
-1.73 0.11828
-1.72 0.118366
-1.71 0.118449
-1.7 0.118531
-1.69 0.118612
-1.68 0.118691
-1.67 0.118769
-1.66 0.118845
-1.65 0.11892
-1.64 0.118993
-1.63 0.119065
-1.62 0.119136
-1.61 0.119205
-1.6 0.119272
-1.59 0.119339
-1.58 0.119403
-1.57 0.119467
-1.56 0.119529
-1.55 0.11959
-1.54 0.119649
-1.53 0.119708
-1.52 0.119764
-1.51 0.11982
-1.5 0.119874
-1.49 0.119927
-1.48 0.119979
-1.47 0.12003
-1.46 0.120079
-1.45 0.120127
-1.44 0.120174
-1.43 0.120219
-1.42 0.120264
-1.41 0.120307
-1.4 0.120349
-1.39 0.12039
-1.38 0.12043
-1.37 0.120469
-1.36 0.120506
-1.35 0.120543
-1.34 0.120578
-1.33 0.120612
-1.32 0.120646
-1.31 0.120678
-1.3 0.120709
-1.29 0.120739
-1.28 0.120768
-1.27 0.120796
-1.26 0.120824
-1.25 0.12085
-1.24 0.120875
-1.23 0.120899
-1.22 0.120923
-1.21 0.120945
-1.2 0.120967
-1.19 0.120988
-1.18 0.121008
-1.17 0.121027
-1.16 0.121045
-1.15 0.121062
-1.14 0.121079
-1.13 0.121094
-1.12 0.121109
-1.11 0.121124
-1.1 0.121137
-1.09 0.12115
-1.08 0.121162
-1.07 0.121173
-1.06 0.121183
-1.05 0.121193
-1.04 0.121203
-1.03 0.121211
-1.02 0.121219
-1.01 0.121226
-1 0.121233
-0.99 0.121239
-0.98 0.121244
-0.97 0.121249
-0.96 0.121254
-0.95 0.121257
-0.94 0.121261
-0.93 0.121263
-0.92 0.121266
-0.91 0.121267
-0.9 0.121269
-0.89 0.121269
-0.88 0.12127
-0.87 0.12127
-0.86 0.121269
-0.85 0.121268
-0.84 0.121267
-0.83 0.121265
-0.82 0.121263
-0.81 0.121261
-0.8 0.121258
-0.79 0.121255
-0.78 0.121251
-0.77 0.121247
-0.76 0.121243
-0.75 0.121239
-0.74 0.121234
-0.73 0.12123
-0.72 0.121224
-0.71 0.121219
-0.7 0.121214
-0.69 0.121208
-0.68 0.121202
-0.67 0.121196
-0.66 0.121189
-0.65 0.121183
-0.64 0.121176
-0.63 0.121169
-0.62 0.121162
-0.61 0.121155
-0.6 0.121148
-0.59 0.121141
-0.58 0.121133
-0.57 0.121126
-0.56 0.121118
-0.55 0.121111
-0.54 0.121103
-0.53 0.121095
-0.52 0.121088
-0.51 0.12108
-0.5 0.121072
-0.49 0.121064
-0.48 0.121057
-0.47 0.121049
-0.46 0.121041
-0.45 0.121034
-0.44 0.121026
-0.43 0.121018
-0.42 0.121011
-0.41 0.121003
-0.4 0.120996
-0.39 0.120989
-0.38 0.120981
-0.37 0.120974
-0.36 0.120967
-0.35 0.12096
-0.34 0.120954
-0.33 0.120947
-0.32 0.12094
-0.31 0.120934
-0.3 0.120928
-0.29 0.120922
-0.28 0.120916
-0.27 0.12091
-0.26 0.120904
-0.25 0.120899
-0.24 0.120894
-0.23 0.120888
-0.22 0.120884
-0.21 0.120879
-0.2 0.120875
-0.19 0.120871
-0.18 0.120867
-0.17 0.120865
-0.16 0.120863
-0.15 0.120863
-0.14 0.120864
-0.13 0.120869
-0.12 0.120877
-0.11 0.120889
-0.1 0.120905
-0.09 0.120928
-0.08 0.120955
-0.07 0.120987
-0.06 0.121023
-0.05 0.12106
-0.04 0.121096
-0.03 0.121128
-0.02 0.121153
-0.01 0.121169
0 0.121175
0.01 0.121169
0.02 0.121153
0.03 0.121128
0.04 0.121096
0.05 0.12106
0.06 0.121023
0.07 0.120987
0.08 0.120955
0.09 0.120928
0.1 0.120905
0.11 0.120889
0.12 0.120877
0.13 0.120869
0.14 0.120864
0.15 0.120863
0.16 0.120863
0.17 0.120865
0.18 0.120867
0.19 0.120871
0.2 0.120875
0.21 0.120879
0.22 0.120884
0.23 0.120888
0.24 0.120894
0.25 0.120899
0.26 0.120904
0.27 0.12091
0.28 0.120916
0.29 0.120922
0.3 0.120928
0.31 0.120934
0.32 0.12094
0.33 0.120947
0.34 0.120954
0.35 0.12096
0.36 0.120967
0.37 0.120974
0.38 0.120981
0.39 0.120989
0.4 0.120996
0.41 0.121003
0.42 0.121011
0.43 0.121018
0.44 0.121026
0.45 0.121034
0.46 0.121041
0.47 0.121049
0.48 0.121057
0.49 0.121064
0.5 0.121072
0.51 0.12108
0.52 0.121088
0.53 0.121095
0.54 0.121103
0.55 0.121111
0.56 0.121118
0.57 0.121126
0.58 0.121133
0.59 0.121141
0.6 0.121148
0.61 0.121155
0.62 0.121162
0.63 0.121169
0.64 0.121176
0.65 0.121183
0.66 0.121189
0.67 0.121196
0.68 0.121202
0.69 0.121208
0.7 0.121214
0.71 0.121219
0.72 0.121224
0.73 0.12123
0.74 0.121234
0.75 0.121239
0.76 0.121243
0.77 0.121247
0.78 0.121251
0.79 0.121255
0.8 0.121258
0.81 0.121261
0.82 0.121263
0.83 0.121265
0.84 0.121267
0.85 0.121268
0.86 0.121269
0.87 0.12127
0.88 0.12127
0.89 0.121269
0.9 0.121269
0.91 0.121267
0.92 0.121266
0.93 0.121263
0.94 0.121261
0.95 0.121257
0.96 0.121254
0.97 0.121249
0.98 0.121244
0.99 0.121239
1 0.121233
1.01 0.121226
1.02 0.121219
1.03 0.121211
1.04 0.121203
1.05 0.121193
1.06 0.121183
1.07 0.121173
1.08 0.121162
1.09 0.12115
1.1 0.121137
1.11 0.121124
1.12 0.121109
1.13 0.121094
1.14 0.121079
1.15 0.121062
1.16 0.121045
1.17 0.121027
1.18 0.121008
1.19 0.120988
1.2 0.120967
1.21 0.120945
1.22 0.120923
1.23 0.120899
1.24 0.120875
1.25 0.12085
1.26 0.120824
1.27 0.120796
1.28 0.120768
1.29 0.120739
1.3 0.120709
1.31 0.120678
1.32 0.120646
1.33 0.120612
1.34 0.120578
1.35 0.120543
1.36 0.120506
1.37 0.120469
1.38 0.12043
1.39 0.12039
1.4 0.120349
1.41 0.120307
1.42 0.120264
1.43 0.120219
1.44 0.120174
1.45 0.120127
1.46 0.120079
1.47 0.12003
1.48 0.119979
1.49 0.119927
1.5 0.119874
1.51 0.11982
1.52 0.119764
1.53 0.119708
1.54 0.119649
1.55 0.11959
1.56 0.119529
1.57 0.119467
1.58 0.119403
1.59 0.119339
1.6 0.119272
1.61 0.119205
1.62 0.119136
1.63 0.119065
1.64 0.118993
1.65 0.11892
1.66 0.118845
1.67 0.118769
1.68 0.118691
1.69 0.118612
1.7 0.118531
1.71 0.118449
1.72 0.118366
1.73 0.11828
1.74 0.118194
1.75 0.118106
1.76 0.118016
1.77 0.117925
1.78 0.117832
1.79 0.117737
1.8 0.117642
1.81 0.117544
1.82 0.117445
1.83 0.117344
1.84 0.117242
1.85 0.117138
1.86 0.117032
1.87 0.116925
1.88 0.116816
1.89 0.116706
1.9 0.116594
1.91 0.11648
1.92 0.116365
1.93 0.116248
1.94 0.116129
1.95 0.116009
1.96 0.115887
1.97 0.115763
1.98 0.115638
1.99 0.115511
2 0.115382
2.01 0.115251
2.02 0.115119
2.03 0.114985
2.04 0.114849
2.05 0.114712
2.06 0.114573
2.07 0.114432
2.08 0.11429
2.09 0.114145
2.1 0.113999
2.11 0.113851
2.12 0.113702
2.13 0.113551
2.14 0.113398
2.15 0.113243
2.16 0.113086
2.17 0.112928
2.18 0.112768
2.19 0.112606
2.2 0.112443
2.21 0.112278
2.22 0.112111
2.23 0.111942
2.24 0.111771
2.25 0.111599
2.26 0.111425
2.27 0.111249
2.28 0.111072
2.29 0.110892
2.3 0.110711
2.31 0.110529
2.32 0.110344
2.33 0.110158
2.34 0.10997
2.35 0.10978
2.36 0.109588
2.37 0.109395
2.38 0.1092
2.39 0.109003
2.4 0.108805
2.41 0.108605
2.42 0.108403
2.43 0.108199
2.44 0.107994
2.45 0.107786
2.46 0.107578
2.47 0.107367
2.48 0.107155
2.49 0.106941
2.5 0.106725
2.51 0.106508
2.52 0.106289
2.53 0.106068
2.54 0.105846
2.55 0.105622
2.56 0.105396
2.57 0.105169
2.58 0.10494
2.59 0.10471
2.6 0.104477
2.61 0.104244
2.62 0.104008
2.63 0.103771
2.64 0.103532
2.65 0.103292
2.66 0.10305
2.67 0.102807
2.68 0.102562
2.69 0.102315
2.7 0.102067
2.71 0.101817
2.72 0.101566
2.73 0.101313
2.74 0.101059
2.75 0.100803
2.76 0.100546
2.77 0.100287
2.78 0.100027
2.79 0.0997652
2.8 0.099502
2.81 0.0992373
2.82 0.0989712
2.83 0.0987037
2.84 0.0984347
2.85 0.0981644
2.86 0.0978926
2.87 0.0976194
2.88 0.0973449
2.89 0.097069
2.9 0.0967918
2.91 0.0965132
2.92 0.0962332
2.93 0.095952
2.94 0.0956695
2.95 0.0953856
2.96 0.0951005
2.97 0.0948141
2.98 0.0945264
2.99 0.0942375
3 0.0939474
3.01 0.093656
3.02 0.0933635
3.03 0.0930697
3.04 0.0927748
3.05 0.0924787
3.06 0.0921814
3.07 0.091883
3.08 0.0915835
3.09 0.0912829
3.1 0.0909811
3.11 0.0906783
3.12 0.0903744
3.13 0.0900695
3.14 0.0897635
3.15 0.0894565
3.16 0.0891484
3.17 0.0888394
3.18 0.0885294
3.19 0.0882184
3.2 0.0879064
3.21 0.0875936
3.22 0.0872798
3.23 0.086965
3.24 0.0866494
3.25 0.0863329
3.26 0.0860156
3.27 0.0856974
3.28 0.0853783
3.29 0.0850584
3.3 0.0847378
3.31 0.0844163
3.32 0.0840941
3.33 0.0837711
3.34 0.0834474
3.35 0.0831229
3.36 0.0827977
3.37 0.0824719
3.38 0.0821453
3.39 0.0818181
3.4 0.0814903
3.41 0.0811618
3.42 0.0808327
3.43 0.080503
3.44 0.0801727
3.45 0.0798418
3.46 0.0795104
3.47 0.0791785
3.48 0.078846
3.49 0.078513
3.5 0.0781796
3.51 0.0778457
3.52 0.0775113
3.53 0.0771765
3.54 0.0768412
3.55 0.0765056
3.56 0.0761695
3.57 0.0758331
3.58 0.0754964
3.59 0.0751592
3.6 0.0748218
3.61 0.0744841
3.62 0.074146
3.63 0.0738077
3.64 0.0734691
3.65 0.0731303
3.66 0.0727912
3.67 0.072452
3.68 0.0721125
3.69 0.0717729
3.7 0.071433
3.71 0.0710931
3.72 0.070753
3.73 0.0704128
3.74 0.0700725
3.75 0.0697321
3.76 0.0693916
3.77 0.0690511
3.78 0.0687105
3.79 0.0683699
3.8 0.0680294
3.81 0.0676888
3.82 0.0673482
3.83 0.0670077
3.84 0.0666673
3.85 0.0663269
3.86 0.0659866
3.87 0.0656464
3.88 0.0653063
3.89 0.0649664
3.9 0.0646266
3.91 0.0642869
3.92 0.0639475
3.93 0.0636082
3.94 0.0632691
3.95 0.0629303
3.96 0.0625917
3.97 0.0622533
3.98 0.0619153
3.99 0.0615775
4 0.0612399
4.01 0.0609028
4.02 0.0605659
4.03 0.0602293
4.04 0.0598932
4.05 0.0595574
4.06 0.0592219
4.07 0.0588869
4.08 0.0585523
4.09 0.058218
4.1 0.0578843
4.11 0.0575509
4.12 0.0572181
4.13 0.0568857
4.14 0.0565538
4.15 0.0562224
4.16 0.0558916
4.17 0.0555612
4.18 0.0552314
4.19 0.0549022
4.2 0.0545735
4.21 0.0542454
4.22 0.0539179
4.23 0.053591
4.24 0.0532647
4.25 0.052939
4.26 0.052614
4.27 0.0522897
4.28 0.051966
4.29 0.051643
4.3 0.0513206
4.31 0.050999
4.32 0.0506781
4.33 0.0503579
4.34 0.0500385
4.35 0.0497198
4.36 0.0494018
4.37 0.0490846
4.38 0.0487682
4.39 0.0484526
4.4 0.0481378
4.41 0.0478238
4.42 0.0475106
4.43 0.0471983
4.44 0.0468868
4.45 0.0465761
4.46 0.0462664
4.47 0.0459574
4.48 0.0456494
4.49 0.0453422
4.5 0.045036
4.51 0.0447307
4.52 0.0444262
4.53 0.0441228
4.54 0.0438202
4.55 0.0435186
4.56 0.0432179
4.57 0.0429182
4.58 0.0426195
4.59 0.0423218
4.6 0.042025
4.61 0.0417293
4.62 0.0414345
4.63 0.0411408
4.64 0.040848
4.65 0.0405563
4.66 0.0402657
4.67 0.0399761
4.68 0.0396875
4.69 0.0394
4.7 0.0391135
4.71 0.0388281
4.72 0.0385438
4.73 0.0382606
4.74 0.0379785
4.75 0.0376974
4.76 0.0374175
4.77 0.0371387
4.78 0.0368609
4.79 0.0365843
4.8 0.0363089
4.81 0.0360345
4.82 0.0357613
4.83 0.0354893
4.84 0.0352184
4.85 0.0349486
4.86 0.03468
4.87 0.0344126
4.88 0.0341463
4.89 0.0338812
4.9 0.0336173
4.91 0.0333546
4.92 0.033093
4.93 0.0328326
4.94 0.0325735
4.95 0.0323155
4.96 0.0320587
4.97 0.0318032
4.98 0.0315488
4.99 0.0312957
5 0.0310437
5.01 0.030793
5.02 0.0305435
5.03 0.0302953
5.04 0.0300482
5.05 0.0298024
5.06 0.0295579
5.07 0.0293145
5.08 0.0290724
5.09 0.0288316
5.1 0.0285919
5.11 0.0283536
5.12 0.0281164
5.13 0.0278806
5.14 0.0276459
5.15 0.0274126
5.16 0.0271804
5.17 0.0269496
5.18 0.02672
5.19 0.0264916
5.2 0.0262645
5.21 0.0260387
5.22 0.0258141
5.23 0.0255908
5.24 0.0253687
5.25 0.025148
5.26 0.0249284
5.27 0.0247102
5.28 0.0244932
5.29 0.0242774
5.3 0.024063
5.31 0.0238498
5.32 0.0236378
5.33 0.0234271
5.34 0.0232177
5.35 0.0230096
5.36 0.0228027
5.37 0.0225971
5.38 0.0223927
5.39 0.0221896
5.4 0.0219878
5.41 0.0217872
5.42 0.0215879
5.43 0.0213898
5.44 0.021193
5.45 0.0209974
5.46 0.0208031
5.47 0.0206101
5.48 0.0204183
5.49 0.0202277
5.5 0.0200384
5.51 0.0198504
5.52 0.0196635
5.53 0.019478
5.54 0.0192936
5.55 0.0191105
5.56 0.0189287
5.57 0.0187481
5.58 0.0185687
5.59 0.0183905
5.6 0.0182136
5.61 0.0180378
5.62 0.0178633
5.63 0.0176901
5.64 0.017518
5.65 0.0173472
5.66 0.0171775
5.67 0.0170091
5.68 0.0168419
5.69 0.0166758
5.7 0.016511
5.71 0.0163474
5.72 0.0161849
5.73 0.0160237
5.74 0.0158636
5.75 0.0157047
5.76 0.015547
5.77 0.0153905
5.78 0.0152351
5.79 0.0150809
5.8 0.0149279
5.81 0.014776
5.82 0.0146253
5.83 0.0144757
5.84 0.0143273
5.85 0.0141801
5.86 0.0140339
5.87 0.0138889
5.88 0.0137451
5.89 0.0136023
5.9 0.0134607
5.91 0.0133202
5.92 0.0131809
5.93 0.0130426
5.94 0.0129055
5.95 0.0127694
5.96 0.0126344
5.97 0.0125006
5.98 0.0123678
5.99 0.0122361
