-6 0.0081224
-5.99 0.00822843
-5.98 0.00833557
-5.97 0.00844384
-5.96 0.00855324
-5.95 0.00866379
-5.94 0.00877548
-5.93 0.00888833
-5.92 0.00900235
-5.91 0.00911753
-5.9 0.0092339
-5.89 0.00935145
-5.88 0.00947019
-5.87 0.00959014
-5.86 0.0097113
-5.85 0.00983367
-5.84 0.00995727
-5.83 0.0100821
-5.82 0.0102082
-5.81 0.0103355
-5.8 0.0104641
-5.79 0.0105939
-5.78 0.010725
-5.77 0.0108574
-5.76 0.010991
-5.75 0.011126
-5.74 0.0112622
-5.73 0.0113998
-5.72 0.0115387
-5.71 0.0116788
-5.7 0.0118204
-5.69 0.0119632
-5.68 0.0121074
-5.67 0.0122529
-5.66 0.0123998
-5.65 0.0125481
-5.64 0.0126977
-5.63 0.0128487
-5.62 0.0130011
-5.61 0.0131548
-5.6 0.01331
-5.59 0.0134665
-5.58 0.0136245
-5.57 0.0137839
-5.56 0.0139447
-5.55 0.0141069
-5.54 0.0142706
-5.53 0.0144357
-5.52 0.0146022
-5.51 0.0147702
-5.5 0.0149396
-5.49 0.0151106
-5.48 0.0152829
-5.47 0.0154568
-5.46 0.0156321
-5.45 0.0158089
-5.44 0.0159873
-5.43 0.0161671
-5.42 0.0163484
-5.41 0.0165312
-5.4 0.0167155
-5.39 0.0169014
-5.38 0.0170888
-5.37 0.0172777
-5.36 0.0174681
-5.35 0.0176601
-5.34 0.0178536
-5.33 0.0180486
-5.32 0.0182453
-5.31 0.0184434
-5.3 0.0186431
-5.29 0.0188444
-5.28 0.0190473
-5.27 0.0192517
-5.26 0.0194577
-5.25 0.0196653
-5.24 0.0198745
-5.23 0.0200852
-5.22 0.0202976
-5.21 0.0205115
-5.2 0.020727
-5.19 0.0209442
-5.18 0.0211629
-5.17 0.0213833
-5.16 0.0216052
-5.15 0.0218288
-5.14 0.0220539
-5.13 0.0222807
-5.12 0.0225091
-5.11 0.0227392
-5.1 0.0229708
-5.09 0.0232041
-5.08 0.023439
-5.07 0.0236755
-5.06 0.0239137
-5.05 0.0241534
-5.04 0.0243949
-5.03 0.0246379
-5.02 0.0248826
-5.01 0.0251289
-5 0.0253768
-4.99 0.0256264
-4.98 0.0258776
-4.97 0.0261305
-4.96 0.0263849
-4.95 0.0266411
-4.94 0.0268988
-4.93 0.0271582
-4.92 0.0274192
-4.91 0.0276819
-4.9 0.0279461
-4.89 0.0282121
-4.88 0.0284796
-4.87 0.0287488
-4.86 0.0290195
-4.85 0.029292
-4.84 0.029566
-4.83 0.0298417
-4.82 0.0301189
-4.81 0.0303978
-4.8 0.0306783
-4.79 0.0309604
-4.78 0.0312442
-4.77 0.0315295
-4.76 0.0318164
-4.75 0.0321049
-4.74 0.032395
-4.73 0.0326868
-4.72 0.03298
-4.71 0.0332749
-4.7 0.0335714
-4.69 0.0338694
-4.68 0.034169
-4.67 0.0344701
-4.66 0.0347728
-4.65 0.0350771
-4.64 0.0353829
-4.63 0.0356902
-4.62 0.0359991
-4.61 0.0363095
-4.6 0.0366215
-4.59 0.0369349
-4.58 0.0372499
-4.57 0.0375663
-4.56 0.0378843
-4.55 0.0382038
-4.54 0.0385247
-4.53 0.0388471
-4.52 0.039171
-4.51 0.0394963
-4.5 0.0398231
-4.49 0.0401513
-4.48 0.0404809
-4.47 0.040812
-4.46 0.0411445
-4.45 0.0414784
-4.44 0.0418137
-4.43 0.0421504
-4.42 0.0424884
-4.41 0.0428279
-4.4 0.0431687
-4.39 0.0435108
-4.38 0.0438543
-4.37 0.0441991
-4.36 0.0445452
-4.35 0.0448926
-4.34 0.0452413
-4.33 0.0455913
-4.32 0.0459425
-4.31 0.0462951
-4.3 0.0466488
-4.29 0.0470038
-4.28 0.04736
-4.27 0.0477175
-4.26 0.0480761
-4.25 0.0484359
-4.24 0.0487969
-4.23 0.049159
-4.22 0.0495223
-4.21 0.0498867
-4.2 0.0502522
-4.19 0.0506188
-4.18 0.0509865
-4.17 0.0513553
-4.16 0.0517251
-4.15 0.0520959
-4.14 0.0524678
-4.13 0.0528407
-4.12 0.0532146
-4.11 0.0535895
-4.1 0.0539654
-4.09 0.0543421
-4.08 0.0547199
-4.07 0.0550985
-4.06 0.055478
-4.05 0.0558584
-4.04 0.0562397
-4.03 0.0566218
-4.02 0.0570048
-4.01 0.0573886
-4 0.0577731
-3.99 0.0581585
-3.98 0.0585446
-3.97 0.0589314
-3.96 0.059319
-3.95 0.0597072
-3.94 0.0600962
-3.93 0.0604858
-3.92 0.0608761
-3.91 0.061267
-3.9 0.0616585
-3.89 0.0620506
-3.88 0.0624433
-3.87 0.0628365
-3.86 0.0632302
-3.85 0.0636245
-3.84 0.0640192
-3.83 0.0644144
-3.82 0.0648101
-3.81 0.0652062
-3.8 0.0656027
-3.79 0.0659996
-3.78 0.0663969
-3.77 0.0667945
-3.76 0.0671924
-3.75 0.0675907
-3.74 0.0679892
-3.73 0.068388
-3.72 0.068787
-3.71 0.0691862
-3.7 0.0695856
-3.69 0.0699852
-3.68 0.070385
-3.67 0.0707849
-3.66 0.0711849
-3.65 0.0715849
-3.64 0.0719851
-3.63 0.0723852
-3.62 0.0727854
-3.61 0.0731856
-3.6 0.0735858
-3.59 0.0739859
-3.58 0.0743859
-3.57 0.0747858
-3.56 0.0751856
-3.55 0.0755853
-3.54 0.0759847
-3.53 0.076384
-3.52 0.0767831
-3.51 0.077182
-3.5 0.0775805
-3.49 0.0779788
-3.48 0.0783768
-3.47 0.0787745
-3.46 0.0791718
-3.45 0.0795687
-3.44 0.0799652
-3.43 0.0803613
-3.42 0.0807569
-3.41 0.081152
-3.4 0.0815467
-3.39 0.0819408
-3.38 0.0823344
-3.37 0.0827274
-3.36 0.0831198
-3.35 0.0835116
-3.34 0.0839028
-3.33 0.0842933
-3.32 0.0846831
-3.31 0.0850721
-3.3 0.0854605
-3.29 0.0858481
-3.28 0.0862349
-3.27 0.0866208
-3.26 0.087006
-3.25 0.0873903
-3.24 0.0877737
-3.23 0.0881562
-3.22 0.0885378
-3.21 0.0889184
-3.2 0.089298
-3.19 0.0896767
-3.18 0.0900543
-3.17 0.0904309
-3.16 0.0908064
-3.15 0.0911808
-3.14 0.0915542
-3.13 0.0919263
-3.12 0.0922973
-3.11 0.0926671
-3.1 0.0930358
-3.09 0.0934032
-3.08 0.0937693
-3.07 0.0941341
-3.06 0.0944977
-3.05 0.09486
-3.04 0.0952209
-3.03 0.0955804
-3.02 0.0959385
-3.01 0.0962953
-3 0.0966506
-2.99 0.0970045
-2.98 0.0973569
-2.97 0.0977078
-2.96 0.0980572
-2.95 0.098405
-2.94 0.0987513
-2.93 0.0990961
-2.92 0.0994392
-2.91 0.0997807
-2.9 0.100121
-2.89 0.100459
-2.88 0.100795
-2.87 0.10113
-2.86 0.101463
-2.85 0.101795
-2.84 0.102124
-2.83 0.102452
-2.82 0.102778
-2.81 0.103103
-2.8 0.103425
-2.79 0.103746
-2.78 0.104064
-2.77 0.104381
-2.76 0.104696
-2.75 0.105009
-2.74 0.10532
-2.73 0.105629
-2.72 0.105936
-2.71 0.106242
-2.7 0.106545
-2.69 0.106846
-2.68 0.107145
-2.67 0.107442
-2.66 0.107737
-2.65 0.10803
-2.64 0.108321
-2.63 0.10861
-2.62 0.108896
-2.61 0.109181
-2.6 0.109463
-2.59 0.109743
-2.58 0.110021
-2.57 0.110297
-2.56 0.110571
-2.55 0.110842
-2.54 0.111111
-2.53 0.111378
-2.52 0.111643
-2.51 0.111905
-2.5 0.112166
-2.49 0.112423
-2.48 0.112679
-2.47 0.112932
-2.46 0.113183
-2.45 0.113432
-2.44 0.113678
-2.43 0.113922
-2.42 0.114164
-2.41 0.114403
-2.4 0.11464
-2.39 0.114875
-2.38 0.115107
-2.37 0.115337
-2.36 0.115564
-2.35 0.115789
-2.34 0.116012
-2.33 0.116232
-2.32 0.11645
-2.31 0.116665
-2.3 0.116878
-2.29 0.117088
-2.28 0.117297
-2.27 0.117502
-2.26 0.117705
-2.25 0.117906
-2.24 0.118104
-2.23 0.1183
-2.22 0.118494
-2.21 0.118685
-2.2 0.118873
-2.19 0.119059
-2.18 0.119243
-2.17 0.119424
-2.16 0.119603
-2.15 0.119779
-2.14 0.119953
-2.13 0.120124
-2.12 0.120293
-2.11 0.120459
-2.1 0.120623
-2.09 0.120784
-2.08 0.120944
-2.07 0.1211
-2.06 0.121254
-2.05 0.121406
-2.04 0.121555
-2.03 0.121702
-2.02 0.121847
-2.01 0.121989
-2 0.122128
-1.99 0.122265
-1.98 0.1224
-1.97 0.122533
-1.96 0.122663
-1.95 0.12279
-1.94 0.122915
-1.93 0.123038
-1.92 0.123159
-1.91 0.123277
-1.9 0.123393
-1.89 0.123506
-1.88 0.123617
-1.87 0.123726
-1.86 0.123833
-1.85 0.123937
-1.84 0.124039
-1.83 0.124138
-1.82 0.124236
-1.81 0.124331
-1.8 0.124424
-1.79 0.124514
-1.78 0.124603
-1.77 0.124689
-1.76 0.124773
-1.75 0.124855
-1.74 0.124934
-1.73 0.125012
-1.72 0.125087
-1.71 0.12516
-1.7 0.125231
-1.69 0.1253
-1.68 0.125367
-1.67 0.125432
-1.66 0.125495
-1.65 0.125556
-1.64 0.125614
-1.63 0.125671
-1.62 0.125726
-1.61 0.125779
-1.6 0.125829
-1.59 0.125878
-1.58 0.125925
-1.57 0.12597
-1.56 0.126013
-1.55 0.126054
-1.54 0.126094
-1.53 0.126131
-1.52 0.126167
-1.51 0.126201
-1.5 0.126233
-1.49 0.126264
-1.48 0.126292
-1.47 0.126319
-1.46 0.126344
-1.45 0.126368
-1.44 0.12639
-1.43 0.12641
-1.42 0.126429
-1.41 0.126446
-1.4 0.126461
-1.39 0.126475
-1.38 0.126487
-1.37 0.126498
-1.36 0.126508
-1.35 0.126516
-1.34 0.126522
-1.33 0.126527
-1.32 0.126531
-1.31 0.126533
-1.3 0.126534
-1.29 0.126533
-1.28 0.126531
-1.27 0.126528
-1.26 0.126524
-1.25 0.126518
-1.24 0.126512
-1.23 0.126504
-1.22 0.126494
-1.21 0.126484
-1.2 0.126472
-1.19 0.12646
-1.18 0.126446
-1.17 0.126431
-1.16 0.126416
-1.15 0.126399
-1.14 0.126381
-1.13 0.126362
-1.12 0.126343
-1.11 0.126322
-1.1 0.1263
-1.09 0.126278
-1.08 0.126255
-1.07 0.126231
-1.06 0.126206
-1.05 0.12618
-1.04 0.126154
-1.03 0.126127
-1.02 0.126099
-1.01 0.12607
-1 0.126041
-0.99 0.126011
-0.98 0.125981
-0.97 0.12595
-0.96 0.125918
-0.95 0.125886
-0.94 0.125854
-0.93 0.125821
-0.92 0.125787
-0.91 0.125753
-0.9 0.125718
-0.89 0.125684
-0.88 0.125648
-0.87 0.125613
-0.86 0.125577
-0.85 0.125541
-0.84 0.125504
-0.83 0.125467
-0.82 0.12543
-0.81 0.125393
-0.8 0.125355
-0.79 0.125318
-0.78 0.12528
-0.77 0.125242
-0.76 0.125204
-0.75 0.125166
-0.74 0.125128
-0.73 0.125089
-0.72 0.125051
-0.71 0.125013
-0.7 0.124975
-0.69 0.124936
-0.68 0.124898
-0.67 0.12486
-0.66 0.124822
-0.65 0.124784
-0.64 0.124747
-0.63 0.124709
-0.62 0.124672
-0.61 0.124634
-0.6 0.124597
-0.59 0.12456
-0.58 0.124524
-0.57 0.124488
-0.56 0.124452
-0.55 0.124416
-0.54 0.124381
-0.53 0.124345
-0.52 0.124311
-0.51 0.124276
-0.5 0.124243
-0.49 0.124209
-0.48 0.124176
-0.47 0.124143
-0.46 0.124111
-0.45 0.124079
-0.44 0.124048
-0.43 0.124017
-0.42 0.123987
-0.41 0.123957
-0.4 0.123928
-0.39 0.123899
-0.38 0.123871
-0.37 0.123843
-0.36 0.123816
-0.35 0.12379
-0.34 0.123764
-0.33 0.123739
-0.32 0.123714
-0.31 0.12369
-0.3 0.123667
-0.29 0.123644
-0.28 0.123622
-0.27 0.123601
-0.26 0.123581
-0.25 0.123561
-0.24 0.123542
-0.23 0.123523
-0.22 0.123505
-0.21 0.123488
-0.2 0.123472
-0.19 0.123457
-0.18 0.123442
-0.17 0.123428
-0.16 0.123415
-0.15 0.123402
-0.14 0.123391
-0.13 0.12338
-0.12 0.12337
-0.11 0.12336
-0.1 0.123352
-0.09 0.123344
-0.08 0.123337
-0.07 0.123331
-0.06 0.123326
-0.05 0.123321
-0.04 0.123318
-0.03 0.123315
-0.02 0.123313
-0.01 0.123312
0 0.123311
0.01 0.123312
0.02 0.123313
0.03 0.123315
0.04 0.123318
0.05 0.123321
0.06 0.123326
0.07 0.123331
0.08 0.123337
0.09 0.123344
0.1 0.123352
0.11 0.12336
0.12 0.12337
0.13 0.12338
0.14 0.123391
0.15 0.123402
0.16 0.123415
0.17 0.123428
0.18 0.123442
0.19 0.123457
0.2 0.123472
0.21 0.123488
0.22 0.123505
0.23 0.123523
0.24 0.123542
0.25 0.123561
0.26 0.123581
0.27 0.123601
0.28 0.123622
0.29 0.123644
0.3 0.123667
0.31 0.12369
0.32 0.123714
0.33 0.123739
0.34 0.123764
0.35 0.12379
0.36 0.123816
0.37 0.123843
0.38 0.123871
0.39 0.123899
0.4 0.123928
0.41 0.123957
0.42 0.123987
0.43 0.124017
0.44 0.124048
0.45 0.124079
0.46 0.124111
0.47 0.124143
0.48 0.124176
0.49 0.124209
0.5 0.124243
0.51 0.124276
0.52 0.124311
0.53 0.124345
0.54 0.124381
0.55 0.124416
0.56 0.124452
0.57 0.124488
0.58 0.124524
0.59 0.12456
0.6 0.124597
0.61 0.124634
0.62 0.124672
0.63 0.124709
0.64 0.124747
0.65 0.124784
0.66 0.124822
0.67 0.12486
0.68 0.124898
0.69 0.124936
0.7 0.124975
0.71 0.125013
0.72 0.125051
0.73 0.125089
0.74 0.125128
0.75 0.125166
0.76 0.125204
0.77 0.125242
0.78 0.12528
0.79 0.125318
0.8 0.125355
0.81 0.125393
0.82 0.12543
0.83 0.125467
0.84 0.125504
0.85 0.125541
0.86 0.125577
0.87 0.125613
0.88 0.125648
0.89 0.125684
0.9 0.125718
0.91 0.125753
0.92 0.125787
0.93 0.125821
0.94 0.125854
0.95 0.125886
0.96 0.125918
0.97 0.12595
0.98 0.125981
0.99 0.126011
1 0.126041
1.01 0.12607
1.02 0.126099
1.03 0.126127
1.04 0.126154
1.05 0.12618
1.06 0.126206
1.07 0.126231
1.08 0.126255
1.09 0.126278
1.1 0.1263
1.11 0.126322
1.12 0.126343
1.13 0.126362
1.14 0.126381
1.15 0.126399
1.16 0.126416
1.17 0.126431
1.18 0.126446
1.19 0.12646
1.2 0.126472
1.21 0.126484
1.22 0.126494
1.23 0.126504
1.24 0.126512
1.25 0.126518
1.26 0.126524
1.27 0.126528
1.28 0.126531
1.29 0.126533
1.3 0.126534
1.31 0.126533
1.32 0.126531
1.33 0.126527
1.34 0.126522
1.35 0.126516
1.36 0.126508
1.37 0.126498
1.38 0.126487
1.39 0.126475
1.4 0.126461
1.41 0.126446
1.42 0.126429
1.43 0.12641
1.44 0.12639
1.45 0.126368
1.46 0.126344
1.47 0.126319
1.48 0.126292
1.49 0.126264
1.5 0.126233
1.51 0.126201
1.52 0.126167
1.53 0.126131
1.54 0.126094
1.55 0.126054
1.56 0.126013
1.57 0.12597
1.58 0.125925
1.59 0.125878
1.6 0.125829
1.61 0.125779
1.62 0.125726
1.63 0.125671
1.64 0.125614
1.65 0.125556
1.66 0.125495
1.67 0.125432
1.68 0.125367
1.69 0.1253
1.7 0.125231
1.71 0.12516
1.72 0.125087
1.73 0.125012
1.74 0.124934
1.75 0.124855
1.76 0.124773
1.77 0.124689
1.78 0.124603
1.79 0.124514
1.8 0.124424
1.81 0.124331
1.82 0.124236
1.83 0.124138
1.84 0.124039
1.85 0.123937
1.86 0.123833
1.87 0.123726
1.88 0.123617
1.89 0.123506
1.9 0.123393
1.91 0.123277
1.92 0.123159
1.93 0.123038
1.94 0.122915
1.95 0.12279
1.96 0.122663
1.97 0.122533
1.98 0.1224
1.99 0.122265
2 0.122128
2.01 0.121989
2.02 0.121847
2.03 0.121702
2.04 0.121555
2.05 0.121406
2.06 0.121254
2.07 0.1211
2.08 0.120944
2.09 0.120784
2.1 0.120623
2.11 0.120459
2.12 0.120293
2.13 0.120124
2.14 0.119953
2.15 0.119779
2.16 0.119603
2.17 0.119424
2.18 0.119243
2.19 0.119059
2.2 0.118873
2.21 0.118685
2.22 0.118494
2.23 0.1183
2.24 0.118104
2.25 0.117906
2.26 0.117705
2.27 0.117502
2.28 0.117297
2.29 0.117088
2.3 0.116878
2.31 0.116665
2.32 0.11645
2.33 0.116232
2.34 0.116012
2.35 0.115789
2.36 0.115564
2.37 0.115337
2.38 0.115107
2.39 0.114875
2.4 0.11464
2.41 0.114403
2.42 0.114164
2.43 0.113922
2.44 0.113678
2.45 0.113432
2.46 0.113183
2.47 0.112932
2.48 0.112679
2.49 0.112423
2.5 0.112166
2.51 0.111905
2.52 0.111643
2.53 0.111378
2.54 0.111111
2.55 0.110842
2.56 0.110571
2.57 0.110297
2.58 0.110021
2.59 0.109743
2.6 0.109463
2.61 0.109181
2.62 0.108896
2.63 0.10861
2.64 0.108321
2.65 0.10803
2.66 0.107737
2.67 0.107442
2.68 0.107145
2.69 0.106846
2.7 0.106545
2.71 0.106242
2.72 0.105936
2.73 0.105629
2.74 0.10532
2.75 0.105009
2.76 0.104696
2.77 0.104381
2.78 0.104064
2.79 0.103746
2.8 0.103425
2.81 0.103103
2.82 0.102778
2.83 0.102452
2.84 0.102124
2.85 0.101795
2.86 0.101463
2.87 0.10113
2.88 0.100795
2.89 0.100459
2.9 0.100121
2.91 0.0997807
2.92 0.0994392
2.93 0.0990961
2.94 0.0987513
2.95 0.098405
2.96 0.0980572
2.97 0.0977078
2.98 0.0973569
2.99 0.0970045
3 0.0966506
3.01 0.0962953
3.02 0.0959385
3.03 0.0955804
3.04 0.0952209
3.05 0.09486
3.06 0.0944977
3.07 0.0941341
3.08 0.0937693
3.09 0.0934032
3.1 0.0930358
3.11 0.0926671
3.12 0.0922973
3.13 0.0919263
3.14 0.0915542
3.15 0.0911808
3.16 0.0908064
3.17 0.0904309
3.18 0.0900543
3.19 0.0896767
3.2 0.089298
3.21 0.0889184
3.22 0.0885378
3.23 0.0881562
3.24 0.0877737
3.25 0.0873903
3.26 0.087006
3.27 0.0866208
3.28 0.0862349
3.29 0.0858481
3.3 0.0854605
3.31 0.0850721
3.32 0.0846831
3.33 0.0842933
3.34 0.0839028
3.35 0.0835116
3.36 0.0831198
3.37 0.0827274
3.38 0.0823344
3.39 0.0819408
3.4 0.0815467
3.41 0.081152
3.42 0.0807569
3.43 0.0803613
3.44 0.0799652
3.45 0.0795687
3.46 0.0791718
3.47 0.0787745
3.48 0.0783768
3.49 0.0779788
3.5 0.0775805
3.51 0.077182
3.52 0.0767831
3.53 0.076384
3.54 0.0759847
3.55 0.0755853
3.56 0.0751856
3.57 0.0747858
3.58 0.0743859
3.59 0.0739859
3.6 0.0735858
3.61 0.0731856
3.62 0.0727854
3.63 0.0723852
3.64 0.0719851
3.65 0.0715849
3.66 0.0711849
3.67 0.0707849
3.68 0.070385
3.69 0.0699852
3.7 0.0695856
3.71 0.0691862
3.72 0.068787
3.73 0.068388
3.74 0.0679892
3.75 0.0675907
3.76 0.0671924
3.77 0.0667945
3.78 0.0663969
3.79 0.0659996
3.8 0.0656027
3.81 0.0652062
3.82 0.0648101
3.83 0.0644144
3.84 0.0640192
3.85 0.0636245
3.86 0.0632302
3.87 0.0628365
3.88 0.0624433
3.89 0.0620506
3.9 0.0616585
3.91 0.061267
3.92 0.0608761
3.93 0.0604858
3.94 0.0600962
3.95 0.0597072
3.96 0.059319
3.97 0.0589314
3.98 0.0585446
3.99 0.0581585
4 0.0577731
4.01 0.0573886
4.02 0.0570048
4.03 0.0566218
4.04 0.0562397
4.05 0.0558584
4.06 0.055478
4.07 0.0550985
4.08 0.0547199
4.09 0.0543421
4.1 0.0539654
4.11 0.0535895
4.12 0.0532146
4.13 0.0528407
4.14 0.0524678
4.15 0.0520959
4.16 0.0517251
4.17 0.0513553
4.18 0.0509865
4.19 0.0506188
4.2 0.0502522
4.21 0.0498867
4.22 0.0495223
4.23 0.049159
4.24 0.0487969
4.25 0.0484359
4.26 0.0480761
4.27 0.0477175
4.28 0.04736
4.29 0.0470038
4.3 0.0466488
4.31 0.0462951
4.32 0.0459425
4.33 0.0455913
4.34 0.0452413
4.35 0.0448926
4.36 0.0445452
4.37 0.0441991
4.38 0.0438543
4.39 0.0435108
4.4 0.0431687
4.41 0.0428279
4.42 0.0424884
4.43 0.0421504
4.44 0.0418137
4.45 0.0414784
4.46 0.0411445
4.47 0.040812
4.48 0.0404809
4.49 0.0401513
4.5 0.0398231
4.51 0.0394963
4.52 0.039171
4.53 0.0388471
4.54 0.0385247
4.55 0.0382038
4.56 0.0378843
4.57 0.0375663
4.58 0.0372499
4.59 0.0369349
4.6 0.0366215
4.61 0.0363095
4.62 0.0359991
4.63 0.0356902
4.64 0.0353829
4.65 0.0350771
4.66 0.0347728
4.67 0.0344701
4.68 0.034169
4.69 0.0338694
4.7 0.0335714
4.71 0.0332749
4.72 0.03298
4.73 0.0326868
4.74 0.032395
4.75 0.0321049
4.76 0.0318164
4.77 0.0315295
4.78 0.0312442
4.79 0.0309604
4.8 0.0306783
4.81 0.0303978
4.82 0.0301189
4.83 0.0298417
4.84 0.029566
4.85 0.029292
4.86 0.0290195
4.87 0.0287488
4.88 0.0284796
4.89 0.0282121
4.9 0.0279461
4.91 0.0276819
4.92 0.0274192
4.93 0.0271582
4.94 0.0268988
4.95 0.0266411
4.96 0.0263849
4.97 0.0261305
4.98 0.0258776
4.99 0.0256264
5 0.0253768
5.01 0.0251289
5.02 0.0248826
5.03 0.0246379
5.04 0.0243949
5.05 0.0241534
5.06 0.0239137
5.07 0.0236755
5.08 0.023439
5.09 0.0232041
5.1 0.0229708
5.11 0.0227392
5.12 0.0225091
5.13 0.0222807
5.14 0.0220539
5.15 0.0218288
5.16 0.0216052
5.17 0.0213833
5.18 0.0211629
5.19 0.0209442
5.2 0.020727
5.21 0.0205115
5.22 0.0202976
5.23 0.0200852
5.24 0.0198745
5.25 0.0196653
5.26 0.0194577
5.27 0.0192517
5.28 0.0190473
5.29 0.0188444
5.3 0.0186431
5.31 0.0184434
5.32 0.0182453
5.33 0.0180486
5.34 0.0178536
5.35 0.0176601
5.36 0.0174681
5.37 0.0172777
5.38 0.0170888
5.39 0.0169014
5.4 0.0167155
5.41 0.0165312
5.42 0.0163484
5.43 0.0161671
5.44 0.0159873
5.45 0.0158089
5.46 0.0156321
5.47 0.0154568
5.48 0.0152829
5.49 0.0151106
5.5 0.0149396
5.51 0.0147702
5.52 0.0146022
5.53 0.0144357
5.54 0.0142706
5.55 0.0141069
5.56 0.0139447
5.57 0.0137839
5.58 0.0136245
5.59 0.0134665
5.6 0.01331
5.61 0.0131548
5.62 0.0130011
5.63 0.0128487
5.64 0.0126977
5.65 0.0125481
5.66 0.0123998
5.67 0.0122529
5.68 0.0121074
5.69 0.0119632
5.7 0.0118204
5.71 0.0116788
5.72 0.0115387
5.73 0.0113998
5.74 0.0112622
5.75 0.011126
5.76 0.010991
5.77 0.0108574
5.78 0.010725
5.79 0.0105939
5.8 0.0104641
5.81 0.0103355
5.82 0.0102082
5.83 0.0100821
5.84 0.00995727
5.85 0.00983367
5.86 0.0097113
5.87 0.00959014
5.88 0.00947019
5.89 0.00935145
5.9 0.0092339
5.91 0.00911753
5.92 0.00900235
5.93 0.00888833
5.94 0.00877548
5.95 0.00866379
5.96 0.00855324
5.97 0.00844384
5.98 0.00833557
5.99 0.00822843
