-6 1.17804e-22
-5.99 1.45803e-22
-5.98 1.80374e-22
-5.97 2.23039e-22
-5.96 2.7567e-22
-5.95 3.40564e-22
-5.94 4.20542e-22
-5.93 5.19063e-22
-5.92 6.4037e-22
-5.91 7.89665e-22
-5.9 9.7332e-22
-5.89 1.19914e-21
-5.88 1.47667e-21
-5.87 1.8176e-21
-5.86 2.23621e-21
-5.85 2.74998e-21
-5.84 3.38023e-21
-5.83 4.15302e-21
-5.82 5.10014e-21
-5.81 6.26038e-21
-5.8 7.68105e-21
-5.79 9.41978e-21
-5.78 1.15468e-20
-5.77 1.41476e-20
-5.76 1.73263e-20
-5.75 2.12094e-20
-5.74 2.59509e-20
-5.73 3.17378e-20
-5.72 3.87973e-20
-5.71 4.74053e-20
-5.7 5.78966e-20
-5.69 7.06774e-20
-5.68 8.62399e-20
-5.67 1.05181e-19
-5.66 1.28223e-19
-5.65 1.56241e-19
-5.64 1.90294e-19
-5.63 2.31663e-19
-5.62 2.81896e-19
-5.61 3.42863e-19
-5.6 4.16825e-19
-5.59 5.0651e-19
-5.58 6.15209e-19
-5.57 7.46892e-19
-5.56 9.06345e-19
-5.55 1.09934e-18
-5.54 1.33281e-18
-5.53 1.61512e-18
-5.52 1.95634e-18
-5.51 2.36855e-18
-5.5 2.86631e-18
-5.49 3.46708e-18
-5.48 4.19185e-18
-5.47 5.06579e-18
-5.46 6.11914e-18
-5.45 7.38811e-18
-5.44 8.91615e-18
-5.43 1.07553e-17
-5.42 1.29678e-17
-5.41 1.56284e-17
-5.4 1.88261e-17
-5.39 2.26677e-17
-5.38 2.72807e-17
-5.37 3.28175e-17
-5.36 3.94598e-17
-5.35 4.74247e-17
-5.34 5.69712e-17
-5.33 6.8408e-17
-5.32 8.21031e-17
-5.31 9.84946e-17
-5.3 1.18104e-16
-5.29 1.41553e-16
-5.28 1.6958e-16
-5.27 2.03063e-16
-5.26 2.43045e-16
-5.25 2.90766e-16
-5.24 3.47698e-16
-5.23 4.15585e-16
-5.22 4.965e-16
-5.21 5.92897e-16
-5.2 7.07684e-16
-5.19 8.44307e-16
-5.18 1.00684e-15
-5.17 1.20012e-15
-5.16 1.42984e-15
-5.15 1.70275e-15
-5.14 2.02682e-15
-5.13 2.41147e-15
-5.12 2.86779e-15
-5.11 3.4089e-15
-5.1 4.05024e-15
-5.09 4.81004e-15
-5.08 5.70976e-15
-5.07 6.77465e-15
-5.06 8.03446e-15
-5.05 9.52418e-15
-5.04 1.12849e-14
-5.03 1.33651e-14
-5.02 1.58213e-14
-5.01 1.87205e-14
-5 2.21407e-14
-4.99 2.61737e-14
-4.98 3.09272e-14
-4.97 3.65273e-14
-4.96 4.31215e-14
-4.95 5.08828e-14
-4.94 6.00136e-14
-4.93 7.07503e-14
-4.92 8.33696e-14
-4.91 9.81947e-14
-4.9 1.15603e-13
-4.89 1.36035e-13
-4.88 1.60005e-13
-4.87 1.88112e-13
-4.86 2.21054e-13
-4.85 2.59647e-13
-4.84 3.04837e-13
-4.83 3.57729e-13
-4.82 4.19605e-13
-4.81 4.91957e-13
-4.8 5.76521e-13
-4.79 6.7531e-13
-4.78 7.90664e-13
-4.77 9.25299e-13
-4.76 1.08236e-12
-4.75 1.2655e-12
-4.74 1.47896e-12
-4.73 1.72762e-12
-4.72 2.01716e-12
-4.71 2.35415e-12
-4.7 2.74618e-12
-4.69 3.20202e-12
-4.68 3.73181e-12
-4.67 4.34727e-12
-4.66 5.0619e-12
-4.65 5.89131e-12
-4.64 6.85347e-12
-4.63 7.9691e-12
-4.62 9.2621e-12
-4.61 1.07599e-11
-4.6 1.24943e-11
-4.59 1.45015e-11
-4.58 1.68235e-11
-4.57 1.95083e-11
-4.56 2.26112e-11
-4.55 2.61956e-11
-4.54 3.03343e-11
-4.53 3.51107e-11
-4.52 4.06206e-11
-4.51 4.69736e-11
-4.5 5.42952e-11
-4.49 6.27293e-11
-4.48 7.24403e-11
-4.47 8.36162e-11
-4.46 9.6472e-11
-4.45 1.11253e-10
-4.44 1.2824e-10
-4.43 1.47753e-10
-4.42 1.70158e-10
-4.41 1.95869e-10
-4.4 2.25362e-10
-4.39 2.59177e-10
-4.38 2.97929e-10
-4.37 3.42318e-10
-4.36 3.9314e-10
-4.35 4.513e-10
-4.34 5.17827e-10
-4.33 5.93887e-10
-4.32 6.80808e-10
-4.31 7.80091e-10
-4.3 8.93444e-10
-4.29 1.0228e-09
-4.28 1.17034e-09
-4.27 1.33856e-09
-4.26 1.53024e-09
-4.25 1.74858e-09
-4.24 1.99716e-09
-4.23 2.28002e-09
-4.22 2.60175e-09
-4.21 2.96752e-09
-4.2 3.38316e-09
-4.19 3.85524e-09
-4.18 4.39118e-09
-4.17 4.99933e-09
-4.16 5.68909e-09
-4.15 6.47105e-09
-4.14 7.35712e-09
-4.13 8.36067e-09
-4.12 9.49675e-09
-4.11 1.07823e-08
-4.1 1.22362e-08
-4.09 1.38797e-08
-4.08 1.57369e-08
-4.07 1.78343e-08
-4.06 2.0202e-08
-4.05 2.28735e-08
-4.04 2.58864e-08
-4.03 2.92827e-08
-4.02 3.31095e-08
-4.01 3.74192e-08
-4 4.22704e-08
-3.99 4.77286e-08
-3.98 5.3867e-08
-3.97 6.07669e-08
-3.96 6.85191e-08
-3.95 7.72249e-08
-3.94 8.69969e-08
-3.93 9.79604e-08
-3.92 1.10255e-07
-3.91 1.24036e-07
-3.9 1.39475e-07
-3.89 1.56764e-07
-3.88 1.76115e-07
-3.87 1.97764e-07
-3.86 2.21972e-07
-3.85 2.49029e-07
-3.84 2.79257e-07
-3.83 3.1301e-07
-3.82 3.50681e-07
-3.81 3.92706e-07
-3.8 4.39565e-07
-3.79 4.9179e-07
-3.78 5.49967e-07
-3.77 6.14744e-07
-3.76 6.86836e-07
-3.75 7.6703e-07
-3.74 8.56194e-07
-3.73 9.55285e-07
-3.72 1.06535e-06
-3.71 1.18756e-06
-3.7 1.32318e-06
-3.69 1.47361e-06
-3.68 1.64039e-06
-3.67 1.8252e-06
-3.66 2.02991e-06
-3.65 2.25653e-06
-3.64 2.50731e-06
-3.63 2.78468e-06
-3.62 3.09132e-06
-3.61 3.43015e-06
-3.6 3.80437e-06
-3.59 4.21747e-06
-3.58 4.67329e-06
-3.57 5.176e-06
-3.56 5.73016e-06
-3.55 6.34074e-06
-3.54 7.01315e-06
-3.53 7.75331e-06
-3.52 8.56766e-06
-3.51 9.4632e-06
-3.5 1.04475e-05
-3.49 1.1529e-05
-3.48 1.27165e-05
-3.47 1.402e-05
-3.46 1.54499e-05
-3.45 1.70179e-05
-3.44 1.87364e-05
-3.43 2.0619e-05
-3.42 2.26803e-05
-3.41 2.49362e-05
-3.4 2.7404e-05
-3.39 3.01022e-05
-3.38 3.30508e-05
-3.37 3.62717e-05
-3.36 3.97881e-05
-3.35 4.36254e-05
-3.34 4.78109e-05
-3.33 5.23739e-05
-3.32 5.7346e-05
-3.31 6.27614e-05
-3.3 6.86566e-05
-3.29 7.50711e-05
-3.28 8.20473e-05
-3.27 8.96305e-05
-3.26 9.78698e-05
-3.25 0.000106817
-3.24 0.000116529
-3.23 0.000127066
-3.22 0.000138492
-3.21 0.000150877
-3.2 0.000164293
-3.19 0.00017882
-3.18 0.000194542
-3.17 0.00021155
-3.16 0.000229939
-3.15 0.000249811
-3.14 0.000271277
-3.13 0.000294452
-3.12 0.00031946
-3.11 0.000346433
-3.1 0.000375511
-3.09 0.000406843
-3.08 0.000440587
-3.07 0.000476911
-3.06 0.000515993
-3.05 0.000558021
-3.04 0.000603196
-3.03 0.000651728
-3.02 0.000703843
-3.01 0.000759775
-3 0.000819776
-2.99 0.00088411
-2.98 0.000953055
-2.97 0.00102691
-2.96 0.00110597
-2.95 0.00119058
-2.94 0.00128107
-2.93 0.0013778
-2.92 0.00148116
-2.91 0.00159155
-2.9 0.00170937
-2.89 0.00183508
-2.88 0.00196912
-2.87 0.00211199
-2.86 0.00226418
-2.85 0.00242623
-2.84 0.00259868
-2.83 0.00278212
-2.82 0.00297713
-2.81 0.00318435
-2.8 0.00340443
-2.79 0.00363806
-2.78 0.00388593
-2.77 0.00414878
-2.76 0.00442739
-2.75 0.00472253
-2.74 0.00503504
-2.73 0.00536577
-2.72 0.00571559
-2.71 0.00608543
-2.7 0.00647622
-2.69 0.00688896
-2.68 0.00732463
-2.67 0.00778428
-2.66 0.00826898
-2.65 0.00877983
-2.64 0.00931796
-2.63 0.00988454
-2.62 0.0104808
-2.61 0.0111078
-2.6 0.011767
-2.59 0.0124596
-2.58 0.0131869
-2.57 0.0139503
-2.56 0.0147511
-2.55 0.0155907
-2.54 0.0164705
-2.53 0.017392
-2.52 0.0183566
-2.51 0.0193658
-2.5 0.0204212
-2.49 0.0215241
-2.48 0.0226762
-2.47 0.0238791
-2.46 0.0251342
-2.45 0.0264431
-2.44 0.0278074
-2.43 0.0292287
-2.42 0.0307086
-2.41 0.0322486
-2.4 0.0338502
-2.39 0.0355151
-2.38 0.0372448
-2.37 0.0390409
-2.36 0.0409047
-2.35 0.0428379
-2.34 0.0448418
-2.33 0.046918
-2.32 0.0490677
-2.31 0.0512924
-2.3 0.0535934
-2.29 0.0559719
-2.28 0.0584291
-2.27 0.0609662
-2.26 0.0635843
-2.25 0.0662844
-2.24 0.0690675
-2.23 0.0719343
-2.22 0.0748859
-2.21 0.0779227
-2.2 0.0810455
-2.19 0.0842547
-2.18 0.0875509
-2.17 0.0909342
-2.16 0.094405
-2.15 0.0979632
-2.14 0.101609
-2.13 0.105342
-2.12 0.109162
-2.11 0.113069
-2.1 0.117062
-2.09 0.12114
-2.08 0.125303
-2.07 0.129549
-2.06 0.133878
-2.05 0.138288
-2.04 0.142777
-2.03 0.147345
-2.02 0.151989
-2.01 0.156708
-2 0.161498
-1.99 0.16636
-1.98 0.171288
-1.97 0.176282
-1.96 0.181338
-1.95 0.186454
-1.94 0.191626
-1.93 0.196851
-1.92 0.202125
-1.91 0.207446
-1.9 0.212809
-1.89 0.218211
-1.88 0.223647
-1.87 0.229113
-1.86 0.234606
-1.85 0.240119
-1.84 0.24565
-1.83 0.251192
-1.82 0.256742
-1.81 0.262294
-1.8 0.267843
-1.79 0.273384
-1.78 0.278912
-1.77 0.284421
-1.76 0.289905
-1.75 0.29536
-1.74 0.300779
-1.73 0.306157
-1.72 0.311488
-1.71 0.316767
-1.7 0.321988
-1.69 0.327144
-1.68 0.33223
-1.67 0.337241
-1.66 0.34217
-1.65 0.347011
-1.64 0.35176
-1.63 0.35641
-1.62 0.360956
-1.61 0.365393
-1.6 0.369714
-1.59 0.373914
-1.58 0.377989
-1.57 0.381933
-1.56 0.38574
-1.55 0.389408
-1.54 0.392929
-1.53 0.396301
-1.52 0.399517
-1.51 0.402576
-1.5 0.405471
-1.49 0.4082
-1.48 0.410759
-1.47 0.413144
-1.46 0.415353
-1.45 0.417381
-1.44 0.419227
-1.43 0.420888
-1.42 0.422362
-1.41 0.423646
-1.4 0.42474
-1.39 0.425641
-1.38 0.426347
-1.37 0.42686
-1.36 0.427176
-1.35 0.427297
-1.34 0.427222
-1.33 0.42695
-1.32 0.426483
-1.31 0.425822
-1.3 0.424966
-1.29 0.423917
-1.28 0.422677
-1.27 0.421247
-1.26 0.419629
-1.25 0.417825
-1.24 0.415839
-1.23 0.413672
-1.22 0.411327
-1.21 0.408809
-1.2 0.406119
-1.19 0.403261
-1.18 0.40024
-1.17 0.39706
-1.16 0.393724
-1.15 0.390237
-1.14 0.386603
-1.13 0.382827
-1.12 0.378915
-1.11 0.37487
-1.1 0.370698
-1.09 0.366405
-1.08 0.361995
-1.07 0.357474
-1.06 0.352847
-1.05 0.348121
-1.04 0.3433
-1.03 0.338391
-1.02 0.333399
-1.01 0.32833
-1 0.323189
-0.99 0.317984
-0.98 0.312718
-0.97 0.307399
-0.96 0.302031
-0.95 0.296621
-0.94 0.291174
-0.93 0.285696
-0.92 0.280193
-0.91 0.27467
-0.9 0.269132
-0.89 0.263585
-0.88 0.258033
-0.87 0.252483
-0.86 0.246939
-0.85 0.241406
-0.84 0.235888
-0.83 0.230392
-0.82 0.22492
-0.81 0.219477
-0.8 0.214068
-0.79 0.208697
-0.78 0.203367
-0.77 0.198083
-0.76 0.192847
-0.75 0.187664
-0.74 0.182537
-0.73 0.177469
-0.72 0.172463
-0.71 0.167521
-0.7 0.162647
-0.69 0.157842
-0.68 0.153109
-0.67 0.148451
-0.66 0.143869
-0.65 0.139365
-0.64 0.134941
-0.63 0.130598
-0.62 0.126337
-0.61 0.122161
-0.6 0.118069
-0.59 0.114063
-0.58 0.110143
-0.57 0.106311
-0.56 0.102566
-0.55 0.0989091
-0.54 0.0953405
-0.53 0.0918602
-0.52 0.0884682
-0.51 0.0851645
-0.5 0.0819488
-0.49 0.0788209
-0.48 0.0757802
-0.47 0.0728263
-0.46 0.0699586
-0.45 0.0671764
-0.44 0.064479
-0.43 0.0618656
-0.42 0.0593353
-0.41 0.0568871
-0.4 0.05452
-0.39 0.0522331
-0.38 0.0500252
-0.37 0.0478951
-0.36 0.0458418
-0.35 0.043864
-0.34 0.0419605
-0.33 0.0401301
-0.32 0.0383714
-0.31 0.0366834
-0.3 0.0350646
-0.29 0.0335138
-0.28 0.0320297
-0.27 0.0306111
-0.26 0.0292567
-0.25 0.0279652
-0.24 0.0267355
-0.23 0.0255663
-0.22 0.0244564
-0.21 0.0234048
-0.2 0.0224102
-0.19 0.0214715
-0.18 0.0205878
-0.17 0.019758
-0.16 0.0189811
-0.15 0.0182561
-0.14 0.0175824
-0.13 0.0169589
-0.12 0.0163854
-0.11 0.0158617
-0.1 0.0153888
-0.09 0.0149693
-0.08 0.0146084
-0.07 0.0143139
-0.06 0.0140946
-0.05 0.0139569
-0.04 0.0138991
-0.03 0.0139062
-0.02 0.0139502
-0.01 0.0139963
0 0.0140155
0.01 0.0139963
0.02 0.0139502
0.03 0.0139062
0.04 0.0138991
0.05 0.0139569
0.06 0.0140946
0.07 0.0143139
0.08 0.0146084
0.09 0.0149693
0.1 0.0153888
0.11 0.0158617
0.12 0.0163854
0.13 0.0169589
0.14 0.0175824
0.15 0.0182561
0.16 0.0189811
0.17 0.019758
0.18 0.0205878
0.19 0.0214715
0.2 0.0224102
0.21 0.0234048
0.22 0.0244564
0.23 0.0255663
0.24 0.0267355
0.25 0.0279652
0.26 0.0292567
0.27 0.0306111
0.28 0.0320297
0.29 0.0335138
0.3 0.0350646
0.31 0.0366834
0.32 0.0383714
0.33 0.0401301
0.34 0.0419605
0.35 0.043864
0.36 0.0458418
0.37 0.0478951
0.38 0.0500252
0.39 0.0522331
0.4 0.05452
0.41 0.0568871
0.42 0.0593353
0.43 0.0618656
0.44 0.064479
0.45 0.0671764
0.46 0.0699586
0.47 0.0728263
0.48 0.0757802
0.49 0.0788209
0.5 0.0819488
0.51 0.0851645
0.52 0.0884682
0.53 0.0918602
0.54 0.0953405
0.55 0.0989091
0.56 0.102566
0.57 0.106311
0.58 0.110143
0.59 0.114063
0.6 0.118069
0.61 0.122161
0.62 0.126337
0.63 0.130598
0.64 0.134941
0.65 0.139365
0.66 0.143869
0.67 0.148451
0.68 0.153109
0.69 0.157842
0.7 0.162647
0.71 0.167521
0.72 0.172463
0.73 0.177469
0.74 0.182537
0.75 0.187664
0.76 0.192847
0.77 0.198083
0.78 0.203367
0.79 0.208697
0.8 0.214068
0.81 0.219477
0.82 0.22492
0.83 0.230392
0.84 0.235888
0.85 0.241406
0.86 0.246939
0.87 0.252483
0.88 0.258033
0.89 0.263585
0.9 0.269132
0.91 0.27467
0.92 0.280193
0.93 0.285696
0.94 0.291174
0.95 0.296621
0.96 0.302031
0.97 0.307399
0.98 0.312718
0.99 0.317984
1 0.323189
1.01 0.32833
1.02 0.333399
1.03 0.338391
1.04 0.3433
1.05 0.348121
1.06 0.352847
1.07 0.357474
1.08 0.361995
1.09 0.366405
1.1 0.370698
1.11 0.37487
1.12 0.378915
1.13 0.382827
1.14 0.386603
1.15 0.390237
1.16 0.393724
1.17 0.39706
1.18 0.40024
1.19 0.403261
1.2 0.406119
1.21 0.408809
1.22 0.411327
1.23 0.413672
1.24 0.415839
1.25 0.417825
1.26 0.419629
1.27 0.421247
1.28 0.422677
1.29 0.423917
1.3 0.424966
1.31 0.425822
1.32 0.426483
1.33 0.42695
1.34 0.427222
1.35 0.427297
1.36 0.427176
1.37 0.42686
1.38 0.426347
1.39 0.425641
1.4 0.42474
1.41 0.423646
1.42 0.422362
1.43 0.420888
1.44 0.419227
1.45 0.417381
1.46 0.415353
1.47 0.413144
1.48 0.410759
1.49 0.4082
1.5 0.405471
1.51 0.402576
1.52 0.399517
1.53 0.396301
1.54 0.392929
1.55 0.389408
1.56 0.38574
1.57 0.381933
1.58 0.377989
1.59 0.373914
1.6 0.369714
1.61 0.365393
1.62 0.360956
1.63 0.35641
1.64 0.35176
1.65 0.347011
1.66 0.34217
1.67 0.337241
1.68 0.33223
1.69 0.327144
1.7 0.321988
1.71 0.316767
1.72 0.311488
1.73 0.306157
1.74 0.300779
1.75 0.29536
1.76 0.289905
1.77 0.284421
1.78 0.278912
1.79 0.273384
1.8 0.267843
1.81 0.262294
1.82 0.256742
1.83 0.251192
1.84 0.24565
1.85 0.240119
1.86 0.234606
1.87 0.229113
1.88 0.223647
1.89 0.218211
1.9 0.212809
1.91 0.207446
1.92 0.202125
1.93 0.196851
1.94 0.191626
1.95 0.186454
1.96 0.181338
1.97 0.176282
1.98 0.171288
1.99 0.16636
2 0.161498
2.01 0.156708
2.02 0.151989
2.03 0.147345
2.04 0.142777
2.05 0.138288
2.06 0.133878
2.07 0.129549
2.08 0.125303
2.09 0.12114
2.1 0.117062
2.11 0.113069
2.12 0.109162
2.13 0.105342
2.14 0.101609
2.15 0.0979632
2.16 0.094405
2.17 0.0909342
2.18 0.0875509
2.19 0.0842547
2.2 0.0810455
2.21 0.0779227
2.22 0.0748859
2.23 0.0719343
2.24 0.0690675
2.25 0.0662844
2.26 0.0635843
2.27 0.0609662
2.28 0.0584291
2.29 0.0559719
2.3 0.0535934
2.31 0.0512924
2.32 0.0490677
2.33 0.046918
2.34 0.0448418
2.35 0.0428379
2.36 0.0409047
2.37 0.0390409
2.38 0.0372448
2.39 0.0355151
2.4 0.0338502
2.41 0.0322486
2.42 0.0307086
2.43 0.0292287
2.44 0.0278074
2.45 0.0264431
2.46 0.0251342
2.47 0.0238791
2.48 0.0226762
2.49 0.0215241
2.5 0.0204212
2.51 0.0193658
2.52 0.0183566
2.53 0.017392
2.54 0.0164705
2.55 0.0155907
2.56 0.0147511
2.57 0.0139503
2.58 0.0131869
2.59 0.0124596
2.6 0.011767
2.61 0.0111078
2.62 0.0104808
2.63 0.00988454
2.64 0.00931796
2.65 0.00877983
2.66 0.00826898
2.67 0.00778428
2.68 0.00732463
2.69 0.00688896
2.7 0.00647622
2.71 0.00608543
2.72 0.00571559
2.73 0.00536577
2.74 0.00503504
2.75 0.00472253
2.76 0.00442739
2.77 0.00414878
2.78 0.00388593
2.79 0.00363806
2.8 0.00340443
2.81 0.00318435
2.82 0.00297713
2.83 0.00278212
2.84 0.00259868
2.85 0.00242623
2.86 0.00226418
2.87 0.00211199
2.88 0.00196912
2.89 0.00183508
2.9 0.00170937
2.91 0.00159155
2.92 0.00148116
2.93 0.0013778
2.94 0.00128107
2.95 0.00119058
2.96 0.00110597
2.97 0.00102691
2.98 0.000953055
2.99 0.00088411
3 0.000819776
3.01 0.000759775
3.02 0.000703843
3.03 0.000651728
3.04 0.000603196
3.05 0.000558021
3.06 0.000515993
3.07 0.000476911
3.08 0.000440587
3.09 0.000406843
3.1 0.000375511
3.11 0.000346433
3.12 0.00031946
3.13 0.000294452
3.14 0.000271277
3.15 0.000249811
3.16 0.000229939
3.17 0.00021155
3.18 0.000194542
3.19 0.00017882
3.2 0.000164293
3.21 0.000150877
3.22 0.000138492
3.23 0.000127066
3.24 0.000116529
3.25 0.000106817
3.26 9.78698e-05
3.27 8.96305e-05
3.28 8.20473e-05
3.29 7.50711e-05
3.3 6.86566e-05
3.31 6.27614e-05
3.32 5.7346e-05
3.33 5.23739e-05
3.34 4.78109e-05
3.35 4.36254e-05
3.36 3.97881e-05
3.37 3.62717e-05
3.38 3.30508e-05
3.39 3.01022e-05
3.4 2.7404e-05
3.41 2.49362e-05
3.42 2.26803e-05
3.43 2.0619e-05
3.44 1.87364e-05
3.45 1.70179e-05
3.46 1.54499e-05
3.47 1.402e-05
3.48 1.27165e-05
3.49 1.1529e-05
3.5 1.04475e-05
3.51 9.4632e-06
3.52 8.56766e-06
3.53 7.75331e-06
3.54 7.01315e-06
3.55 6.34074e-06
3.56 5.73016e-06
3.57 5.176e-06
3.58 4.67329e-06
3.59 4.21747e-06
3.6 3.80437e-06
3.61 3.43015e-06
3.62 3.09132e-06
3.63 2.78468e-06
3.64 2.50731e-06
3.65 2.25653e-06
3.66 2.02991e-06
3.67 1.8252e-06
3.68 1.64039e-06
3.69 1.47361e-06
3.7 1.32318e-06
3.71 1.18756e-06
3.72 1.06535e-06
3.73 9.55285e-07
3.74 8.56194e-07
3.75 7.6703e-07
3.76 6.86836e-07
3.77 6.14744e-07
3.78 5.49967e-07
3.79 4.9179e-07
3.8 4.39565e-07
3.81 3.92706e-07
3.82 3.50681e-07
3.83 3.1301e-07
3.84 2.79257e-07
3.85 2.49029e-07
3.86 2.21972e-07
3.87 1.97764e-07
3.88 1.76115e-07
3.89 1.56764e-07
3.9 1.39475e-07
3.91 1.24036e-07
3.92 1.10255e-07
3.93 9.79604e-08
3.94 8.69969e-08
3.95 7.72249e-08
3.96 6.85191e-08
3.97 6.07669e-08
3.98 5.3867e-08
3.99 4.77286e-08
4 4.22704e-08
4.01 3.74192e-08
4.02 3.31095e-08
4.03 2.92827e-08
4.04 2.58864e-08
4.05 2.28735e-08
4.06 2.0202e-08
4.07 1.78343e-08
4.08 1.57369e-08
4.09 1.38797e-08
4.1 1.22362e-08
4.11 1.07823e-08
4.12 9.49675e-09
4.13 8.36067e-09
4.14 7.35712e-09
4.15 6.47105e-09
4.16 5.68909e-09
4.17 4.99933e-09
4.18 4.39118e-09
4.19 3.85524e-09
4.2 3.38316e-09
4.21 2.96752e-09
4.22 2.60175e-09
4.23 2.28002e-09
4.24 1.99716e-09
4.25 1.74858e-09
4.26 1.53024e-09
4.27 1.33856e-09
4.28 1.17034e-09
4.29 1.0228e-09
4.3 8.93444e-10
4.31 7.80091e-10
4.32 6.80808e-10
4.33 5.93887e-10
4.34 5.17827e-10
4.35 4.513e-10
4.36 3.9314e-10
4.37 3.42318e-10
4.38 2.97929e-10
4.39 2.59177e-10
4.4 2.25362e-10
4.41 1.95869e-10
4.42 1.70158e-10
4.43 1.47753e-10
4.44 1.2824e-10
4.45 1.11253e-10
4.46 9.6472e-11
4.47 8.36162e-11
4.48 7.24403e-11
4.49 6.27293e-11
4.5 5.42952e-11
4.51 4.69736e-11
4.52 4.06206e-11
4.53 3.51107e-11
4.54 3.03343e-11
4.55 2.61956e-11
4.56 2.26112e-11
4.57 1.95083e-11
4.58 1.68235e-11
4.59 1.45015e-11
4.6 1.24943e-11
4.61 1.07599e-11
4.62 9.2621e-12
4.63 7.9691e-12
4.64 6.85347e-12
4.65 5.89131e-12
4.66 5.0619e-12
4.67 4.34727e-12
4.68 3.73181e-12
4.69 3.20202e-12
4.7 2.74618e-12
4.71 2.35415e-12
4.72 2.01716e-12
4.73 1.72762e-12
4.74 1.47896e-12
4.75 1.2655e-12
4.76 1.08236e-12
4.77 9.25299e-13
4.78 7.90664e-13
4.79 6.7531e-13
4.8 5.76521e-13
4.81 4.91957e-13
4.82 4.19605e-13
4.83 3.57729e-13
4.84 3.04837e-13
4.85 2.59647e-13
4.86 2.21054e-13
4.87 1.88112e-13
4.88 1.60005e-13
4.89 1.36035e-13
4.9 1.15603e-13
4.91 9.81947e-14
4.92 8.33696e-14
4.93 7.07503e-14
4.94 6.00136e-14
4.95 5.08828e-14
4.96 4.31215e-14
4.97 3.65273e-14
4.98 3.09272e-14
4.99 2.61737e-14
5 2.21407e-14
5.01 1.87205e-14
5.02 1.58213e-14
5.03 1.33651e-14
5.04 1.12849e-14
5.05 9.52418e-15
5.06 8.03446e-15
5.07 6.77465e-15
5.08 5.70976e-15
5.09 4.81004e-15
5.1 4.05024e-15
5.11 3.4089e-15
5.12 2.86779e-15
5.13 2.41147e-15
5.14 2.02682e-15
5.15 1.70275e-15
5.16 1.42984e-15
5.17 1.20012e-15
5.18 1.00684e-15
5.19 8.44307e-16
5.2 7.07684e-16
5.21 5.92897e-16
5.22 4.965e-16
5.23 4.15585e-16
5.24 3.47698e-16
5.25 2.90766e-16
5.26 2.43045e-16
5.27 2.03063e-16
5.28 1.6958e-16
5.29 1.41553e-16
5.3 1.18104e-16
5.31 9.84946e-17
5.32 8.21031e-17
5.33 6.8408e-17
5.34 5.69712e-17
5.35 4.74247e-17
5.36 3.94598e-17
5.37 3.28175e-17
5.38 2.72807e-17
5.39 2.26677e-17
5.4 1.88261e-17
5.41 1.56284e-17
5.42 1.29678e-17
5.43 1.07553e-17
5.44 8.91615e-18
5.45 7.38811e-18
5.46 6.11914e-18
5.47 5.06579e-18
5.48 4.19185e-18
5.49 3.46708e-18
5.5 2.86631e-18
5.51 2.36855e-18
5.52 1.95634e-18
5.53 1.61512e-18
5.54 1.33281e-18
5.55 1.09934e-18
5.56 9.06345e-19
5.57 7.46892e-19
5.58 6.15209e-19
5.59 5.0651e-19
5.6 4.16825e-19
5.61 3.42863e-19
5.62 2.81896e-19
5.63 2.31663e-19
5.64 1.90294e-19
5.65 1.56241e-19
5.66 1.28223e-19
5.67 1.05181e-19
5.68 8.62399e-20
5.69 7.06774e-20
5.7 5.78966e-20
5.71 4.74053e-20
5.72 3.87973e-20
5.73 3.17378e-20
5.74 2.59509e-20
5.75 2.12094e-20
5.76 1.73263e-20
5.77 1.41476e-20
5.78 1.15468e-20
5.79 9.41978e-21
5.8 7.68105e-21
5.81 6.26038e-21
5.82 5.10014e-21
5.83 4.15302e-21
5.84 3.38023e-21
5.85 2.74998e-21
5.86 2.23621e-21
5.87 1.8176e-21
5.88 1.47667e-21
5.89 1.19914e-21
5.9 9.7332e-22
5.91 7.89665e-22
5.92 6.4037e-22
5.93 5.19063e-22
5.94 4.20542e-22
5.95 3.40564e-22
5.96 2.7567e-22
5.97 2.23039e-22
5.98 1.80374e-22
5.99 1.45803e-22
