-6 0.00157507
-5.99 0.00162675
-5.98 0.00167994
-5.97 0.00173469
-5.96 0.00179103
-5.95 0.001849
-5.94 0.00190864
-5.93 0.00196999
-5.92 0.0020331
-5.91 0.002098
-5.9 0.00216474
-5.89 0.00223337
-5.88 0.00230393
-5.87 0.00237645
-5.86 0.002451
-5.85 0.00252762
-5.84 0.00260635
-5.83 0.00268724
-5.82 0.00277035
-5.81 0.00285572
-5.8 0.0029434
-5.79 0.00303346
-5.78 0.00312593
-5.77 0.00322087
-5.76 0.00331834
-5.75 0.0034184
-5.74 0.00352109
-5.73 0.00362648
-5.72 0.00373462
-5.71 0.00384558
-5.7 0.0039594
-5.69 0.00407616
-5.68 0.00419591
-5.67 0.00431871
-5.66 0.00444463
-5.65 0.00457373
-5.64 0.00470607
-5.63 0.00484172
-5.62 0.00498075
-5.61 0.00512322
-5.6 0.0052692
-5.59 0.00541876
-5.58 0.00557197
-5.57 0.00572889
-5.56 0.00588959
-5.55 0.00605416
-5.54 0.00622265
-5.53 0.00639515
-5.52 0.00657173
-5.51 0.00675245
-5.5 0.0069374
-5.49 0.00712665
-5.48 0.00732027
-5.47 0.00751835
-5.46 0.00772096
-5.45 0.00792818
-5.44 0.00814008
-5.43 0.00835676
-5.42 0.00857827
-5.41 0.00880472
-5.4 0.00903617
-5.39 0.00927271
-5.38 0.00951442
-5.37 0.00976138
-5.36 0.0100137
-5.35 0.0102714
-5.34 0.0105346
-5.33 0.0108034
-5.32 0.0110779
-5.31 0.0113581
-5.3 0.0116442
-5.29 0.0119361
-5.28 0.0122341
-5.27 0.0125382
-5.26 0.0128485
-5.25 0.013165
-5.24 0.0134879
-5.23 0.0138172
-5.22 0.014153
-5.21 0.0144955
-5.2 0.0148446
-5.19 0.0152005
-5.18 0.0155632
-5.17 0.015933
-5.16 0.0163097
-5.15 0.0166936
-5.14 0.0170846
-5.13 0.017483
-5.12 0.0178887
-5.11 0.0183018
-5.1 0.0187225
-5.09 0.0191508
-5.08 0.0195868
-5.07 0.0200306
-5.06 0.0204822
-5.05 0.0209417
-5.04 0.0214093
-5.03 0.021885
-5.02 0.0223688
-5.01 0.0228609
-5 0.0233612
-4.99 0.02387
-4.98 0.0243872
-4.97 0.024913
-4.96 0.0254474
-4.95 0.0259904
-4.94 0.0265422
-4.93 0.0271027
-4.92 0.0276722
-4.91 0.0282505
-4.9 0.0288379
-4.89 0.0294343
-4.88 0.0300399
-4.87 0.0306545
-4.86 0.0312784
-4.85 0.0319116
-4.84 0.0325541
-4.83 0.033206
-4.82 0.0338673
-4.81 0.034538
-4.8 0.0352183
-4.79 0.0359081
-4.78 0.0366074
-4.77 0.0373164
-4.76 0.038035
-4.75 0.0387633
-4.74 0.0395013
-4.73 0.0402491
-4.72 0.0410066
-4.71 0.0417738
-4.7 0.0425508
-4.69 0.0433377
-4.68 0.0441343
-4.67 0.0449408
-4.66 0.0457571
-4.65 0.0465832
-4.64 0.0474191
-4.63 0.0482649
-4.62 0.0491204
-4.61 0.0499858
-4.6 0.0508609
-4.59 0.0517459
-4.58 0.0526405
-4.57 0.0535449
-4.56 0.0544589
-4.55 0.0553826
-4.54 0.056316
-4.53 0.0572589
-4.52 0.0582113
-4.51 0.0591733
-4.5 0.0601446
-4.49 0.0611254
-4.48 0.0621154
-4.47 0.0631148
-4.46 0.0641233
-4.45 0.0651409
-4.44 0.0661676
-4.43 0.0672033
-4.42 0.0682478
-4.41 0.0693011
-4.4 0.0703631
-4.39 0.0714338
-4.38 0.0725129
-4.37 0.0736004
-4.36 0.0746962
-4.35 0.0758002
-4.34 0.0769123
-4.33 0.0780322
-4.32 0.07916
-4.31 0.0802955
-4.3 0.0814385
-4.29 0.0825889
-4.28 0.0837466
-4.27 0.0849113
-4.26 0.0860831
-4.25 0.0872616
-4.24 0.0884467
-4.23 0.0896384
-4.22 0.0908363
-4.21 0.0920403
-4.2 0.0932503
-4.19 0.0944661
-4.18 0.0956874
-4.17 0.0969141
-4.16 0.098146
-4.15 0.0993829
-4.14 0.100625
-4.13 0.101871
-4.12 0.103121
-4.11 0.104376
-4.1 0.105635
-4.09 0.106897
-4.08 0.108163
-4.07 0.109432
-4.06 0.110704
-4.05 0.111979
-4.04 0.113256
-4.03 0.114536
-4.02 0.115818
-4.01 0.117101
-4 0.118386
-3.99 0.119672
-3.98 0.120959
-3.97 0.122247
-3.96 0.123535
-3.95 0.124824
-3.94 0.126112
-3.93 0.1274
-3.92 0.128687
-3.91 0.129974
-3.9 0.131259
-3.89 0.132542
-3.88 0.133824
-3.87 0.135104
-3.86 0.136381
-3.85 0.137656
-3.84 0.138927
-3.83 0.140195
-3.82 0.14146
-3.81 0.142721
-3.8 0.143977
-3.79 0.145229
-3.78 0.146476
-3.77 0.147718
-3.76 0.148954
-3.75 0.150185
-3.74 0.15141
-3.73 0.152628
-3.72 0.153839
-3.71 0.155044
-3.7 0.156241
-3.69 0.15743
-3.68 0.158612
-3.67 0.159785
-3.66 0.160949
-3.65 0.162105
-3.64 0.163251
-3.63 0.164388
-3.62 0.165515
-3.61 0.166632
-3.6 0.167738
-3.59 0.168834
-3.58 0.169918
-3.57 0.170991
-3.56 0.172052
-3.55 0.173102
-3.54 0.174139
-3.53 0.175163
-3.52 0.176174
-3.51 0.177173
-3.5 0.178158
-3.49 0.179129
-3.48 0.180086
-3.47 0.181029
-3.46 0.181957
-3.45 0.18287
-3.44 0.183768
-3.43 0.184651
-3.42 0.185518
-3.41 0.186369
-3.4 0.187203
-3.39 0.188022
-3.38 0.188823
-3.37 0.189608
-3.36 0.190376
-3.35 0.191126
-3.34 0.191858
-3.33 0.192573
-3.32 0.193269
-3.31 0.193948
-3.3 0.194607
-3.29 0.195248
-3.28 0.19587
-3.27 0.196473
-3.26 0.197057
-3.25 0.197621
-3.24 0.198165
-3.23 0.19869
-3.22 0.199194
-3.21 0.199679
-3.2 0.200143
-3.19 0.200587
-3.18 0.20101
-3.17 0.201412
-3.16 0.201793
-3.15 0.202154
-3.14 0.202493
-3.13 0.202811
-3.12 0.203108
-3.11 0.203384
-3.1 0.203637
-3.09 0.20387
-3.08 0.204081
-3.07 0.204269
-3.06 0.204437
-3.05 0.204582
-3.04 0.204705
-3.03 0.204807
-3.02 0.204887
-3.01 0.204944
-3 0.20498
-2.99 0.204993
-2.98 0.204985
-2.97 0.204955
-2.96 0.204902
-2.95 0.204828
-2.94 0.204731
-2.93 0.204613
-2.92 0.204473
-2.91 0.204311
-2.9 0.204127
-2.89 0.203922
-2.88 0.203694
-2.87 0.203446
-2.86 0.203175
-2.85 0.202883
-2.84 0.20257
-2.83 0.202236
-2.82 0.201881
-2.81 0.201504
-2.8 0.201107
-2.79 0.200688
-2.78 0.20025
-2.77 0.19979
-2.76 0.199311
-2.75 0.198811
-2.74 0.198291
-2.73 0.197751
-2.72 0.197192
-2.71 0.196613
-2.7 0.196014
-2.69 0.195397
-2.68 0.19476
-2.67 0.194105
-2.66 0.193431
-2.65 0.192739
-2.64 0.192029
-2.63 0.191301
-2.62 0.190555
-2.61 0.189791
-2.6 0.189011
-2.59 0.188213
-2.58 0.187398
-2.57 0.186567
-2.56 0.18572
-2.55 0.184857
-2.54 0.183978
-2.53 0.183084
-2.52 0.182174
-2.51 0.181249
-2.5 0.18031
-2.49 0.179356
-2.48 0.178389
-2.47 0.177407
-2.46 0.176412
-2.45 0.175403
-2.44 0.174382
-2.43 0.173348
-2.42 0.172301
-2.41 0.171243
-2.4 0.170173
-2.39 0.169091
-2.38 0.167998
-2.37 0.166894
-2.36 0.16578
-2.35 0.164655
-2.34 0.163521
-2.33 0.162377
-2.32 0.161223
-2.31 0.160061
-2.3 0.15889
-2.29 0.15771
-2.28 0.156523
-2.27 0.155327
-2.26 0.154125
-2.25 0.152915
-2.24 0.151698
-2.23 0.150475
-2.22 0.149246
-2.21 0.148011
-2.2 0.14677
-2.19 0.145524
-2.18 0.144274
-2.17 0.143018
-2.16 0.141759
-2.15 0.140495
-2.14 0.139227
-2.13 0.137957
-2.12 0.136683
-2.11 0.135406
-2.1 0.134127
-2.09 0.132846
-2.08 0.131563
-2.07 0.130278
-2.06 0.128992
-2.05 0.127705
-2.04 0.126417
-2.03 0.125129
-2.02 0.12384
-2.01 0.122552
-2 0.121264
-1.99 0.119977
-1.98 0.11869
-1.97 0.117405
-1.96 0.116121
-1.95 0.114839
-1.94 0.113559
-1.93 0.112281
-1.92 0.111006
-1.91 0.109733
-1.9 0.108463
-1.89 0.107197
-1.88 0.105934
-1.87 0.104674
-1.86 0.103418
-1.85 0.102167
-1.84 0.10092
-1.83 0.0996768
-1.82 0.0984388
-1.81 0.0972058
-1.8 0.0959779
-1.79 0.0947553
-1.78 0.0935383
-1.77 0.0923269
-1.76 0.0911215
-1.75 0.0899222
-1.74 0.0887291
-1.73 0.0875425
-1.72 0.0863625
-1.71 0.0851892
-1.7 0.0840228
-1.69 0.0828636
-1.68 0.0817115
-1.67 0.0805668
-1.66 0.0794297
-1.65 0.0783001
-1.64 0.0771784
-1.63 0.0760646
-1.62 0.0749588
-1.61 0.0738611
-1.6 0.0727718
-1.59 0.0716908
-1.58 0.0706183
-1.57 0.0695543
-1.56 0.0684991
-1.55 0.0674526
-1.54 0.066415
-1.53 0.0653864
-1.52 0.0643668
-1.51 0.0633563
-1.5 0.062355
-1.49 0.0613629
-1.48 0.0603802
-1.47 0.0594068
-1.46 0.0584429
-1.45 0.0574884
-1.44 0.0565435
-1.43 0.0556082
-1.42 0.0546824
-1.41 0.0537664
-1.4 0.05286
-1.39 0.0519634
-1.38 0.0510765
-1.37 0.0501994
-1.36 0.0493321
-1.35 0.0484746
-1.34 0.0476269
-1.33 0.0467891
-1.32 0.0459611
-1.31 0.0451429
-1.3 0.0443346
-1.29 0.0435362
-1.28 0.0427475
-1.27 0.0419687
-1.26 0.0411997
-1.25 0.0404405
-1.24 0.0396911
-1.23 0.0389514
-1.22 0.0382215
-1.21 0.0375013
-1.2 0.0367908
-1.19 0.0360899
-1.18 0.0353986
-1.17 0.034717
-1.16 0.0340448
-1.15 0.0333822
-1.14 0.0327291
-1.13 0.0320854
-1.12 0.031451
-1.11 0.030826
-1.1 0.0302102
-1.09 0.0296037
-1.08 0.0290064
-1.07 0.0284181
-1.06 0.0278389
-1.05 0.0272688
-1.04 0.0267075
-1.03 0.0261552
-1.02 0.0256116
-1.01 0.0250768
-1 0.0245507
-0.99 0.0240332
-0.98 0.0235243
-0.97 0.0230238
-0.96 0.0225318
-0.95 0.0220481
-0.94 0.0215727
-0.93 0.0211054
-0.92 0.0206463
-0.91 0.0201953
-0.9 0.0197522
-0.89 0.019317
-0.88 0.0188897
-0.87 0.0184701
-0.86 0.0180582
-0.85 0.017654
-0.84 0.0172573
-0.83 0.016868
-0.82 0.0164862
-0.81 0.0161117
-0.8 0.0157445
-0.79 0.0153845
-0.78 0.0150316
-0.77 0.0146859
-0.76 0.0143473
-0.75 0.0140156
-0.74 0.013691
-0.73 0.0133733
-0.72 0.0130626
-0.71 0.0127589
-0.7 0.0124621
-0.69 0.0121723
-0.68 0.0118895
-0.67 0.0116138
-0.66 0.0113453
-0.65 0.011084
-0.64 0.0108302
-0.63 0.0105838
-0.62 0.0103452
-0.61 0.0101146
-0.6 0.00989209
-0.59 0.00967811
-0.58 0.00947293
-0.57 0.00927693
-0.56 0.00909051
-0.55 0.00891415
-0.54 0.00874835
-0.53 0.00859366
-0.52 0.00845068
-0.51 0.00832006
-0.5 0.0082025
-0.49 0.00809874
-0.48 0.00800956
-0.47 0.00793578
-0.46 0.00787824
-0.45 0.00783784
-0.44 0.00781545
-0.43 0.00781198
-0.42 0.00782833
-0.41 0.0078654
-0.4 0.00792403
-0.39 0.00800505
-0.38 0.00810922
-0.37 0.00823725
-0.36 0.00838972
-0.35 0.00856714
-0.34 0.00876988
-0.33 0.00899817
-0.32 0.00925208
-0.31 0.00953151
-0.3 0.00983615
-0.29 0.0101655
-0.28 0.0105188
-0.27 0.0108951
-0.26 0.0112933
-0.25 0.0117118
-0.24 0.0121489
-0.23 0.0126028
-0.22 0.0130712
-0.21 0.0135517
-0.2 0.0140416
-0.19 0.0145381
-0.18 0.0150381
-0.17 0.0155384
-0.16 0.0160357
-0.15 0.0165265
-0.14 0.0170073
-0.13 0.0174745
-0.12 0.0179246
-0.11 0.0183541
-0.1 0.0187595
-0.09 0.0191375
-0.08 0.0194851
-0.07 0.0197992
-0.06 0.0200772
-0.05 0.0203167
-0.04 0.0205156
-0.03 0.0206722
-0.02 0.0207851
-0.01 0.0208532
0 0.020876
0.01 0.0208532
0.02 0.0207851
0.03 0.0206722
0.04 0.0205156
0.05 0.0203167
0.06 0.0200772
0.07 0.0197992
0.08 0.0194851
0.09 0.0191375
0.1 0.0187595
0.11 0.0183541
0.12 0.0179246
0.13 0.0174745
0.14 0.0170073
0.15 0.0165265
0.16 0.0160357
0.17 0.0155384
0.18 0.0150381
0.19 0.0145381
0.2 0.0140416
0.21 0.0135517
0.22 0.0130712
0.23 0.0126028
0.24 0.0121489
0.25 0.0117118
0.26 0.0112933
0.27 0.0108951
0.28 0.0105188
0.29 0.0101655
0.3 0.00983615
0.31 0.00953151
0.32 0.00925208
0.33 0.00899817
0.34 0.00876988
0.35 0.00856714
0.36 0.00838972
0.37 0.00823725
0.38 0.00810922
0.39 0.00800505
0.4 0.00792403
0.41 0.0078654
0.42 0.00782833
0.43 0.00781198
0.44 0.00781545
0.45 0.00783784
0.46 0.00787824
0.47 0.00793578
0.48 0.00800956
0.49 0.00809874
0.5 0.0082025
0.51 0.00832006
0.52 0.00845068
0.53 0.00859366
0.54 0.00874835
0.55 0.00891415
0.56 0.00909051
0.57 0.00927693
0.58 0.00947293
0.59 0.00967811
0.6 0.00989209
0.61 0.0101146
0.62 0.0103452
0.63 0.0105838
0.64 0.0108302
0.65 0.011084
0.66 0.0113453
0.67 0.0116138
0.68 0.0118895
0.69 0.0121723
0.7 0.0124621
0.71 0.0127589
0.72 0.0130626
0.73 0.0133733
0.74 0.013691
0.75 0.0140156
0.76 0.0143473
0.77 0.0146859
0.78 0.0150316
0.79 0.0153845
0.8 0.0157445
0.81 0.0161117
0.82 0.0164862
0.83 0.016868
0.84 0.0172573
0.85 0.017654
0.86 0.0180582
0.87 0.0184701
0.88 0.0188897
0.89 0.019317
0.9 0.0197522
0.91 0.0201953
0.92 0.0206463
0.93 0.0211054
0.94 0.0215727
0.95 0.0220481
0.96 0.0225318
0.97 0.0230238
0.98 0.0235243
0.99 0.0240332
1 0.0245507
1.01 0.0250768
1.02 0.0256116
1.03 0.0261552
1.04 0.0267075
1.05 0.0272688
1.06 0.0278389
1.07 0.0284181
1.08 0.0290064
1.09 0.0296037
1.1 0.0302102
1.11 0.030826
1.12 0.031451
1.13 0.0320854
1.14 0.0327291
1.15 0.0333822
1.16 0.0340448
1.17 0.034717
1.18 0.0353986
1.19 0.0360899
1.2 0.0367908
1.21 0.0375013
1.22 0.0382215
1.23 0.0389514
1.24 0.0396911
1.25 0.0404405
1.26 0.0411997
1.27 0.0419687
1.28 0.0427475
1.29 0.0435362
1.3 0.0443346
1.31 0.0451429
1.32 0.0459611
1.33 0.0467891
1.34 0.0476269
1.35 0.0484746
1.36 0.0493321
1.37 0.0501994
1.38 0.0510765
1.39 0.0519634
1.4 0.05286
1.41 0.0537664
1.42 0.0546824
1.43 0.0556082
1.44 0.0565435
1.45 0.0574884
1.46 0.0584429
1.47 0.0594068
1.48 0.0603802
1.49 0.0613629
1.5 0.062355
1.51 0.0633563
1.52 0.0643668
1.53 0.0653864
1.54 0.066415
1.55 0.0674526
1.56 0.0684991
1.57 0.0695543
1.58 0.0706183
1.59 0.0716908
1.6 0.0727718
1.61 0.0738611
1.62 0.0749588
1.63 0.0760646
1.64 0.0771784
1.65 0.0783001
1.66 0.0794297
1.67 0.0805668
1.68 0.0817115
1.69 0.0828636
1.7 0.0840228
1.71 0.0851892
1.72 0.0863625
1.73 0.0875425
1.74 0.0887291
1.75 0.0899222
1.76 0.0911215
1.77 0.0923269
1.78 0.0935383
1.79 0.0947553
1.8 0.0959779
1.81 0.0972058
1.82 0.0984388
1.83 0.0996768
1.84 0.10092
1.85 0.102167
1.86 0.103418
1.87 0.104674
1.88 0.105934
1.89 0.107197
1.9 0.108463
1.91 0.109733
1.92 0.111006
1.93 0.112281
1.94 0.113559
1.95 0.114839
1.96 0.116121
1.97 0.117405
1.98 0.11869
1.99 0.119977
2 0.121264
2.01 0.122552
2.02 0.12384
2.03 0.125129
2.04 0.126417
2.05 0.127705
2.06 0.128992
2.07 0.130278
2.08 0.131563
2.09 0.132846
2.1 0.134127
2.11 0.135406
2.12 0.136683
2.13 0.137957
2.14 0.139227
2.15 0.140495
2.16 0.141759
2.17 0.143018
2.18 0.144274
2.19 0.145524
2.2 0.14677
2.21 0.148011
2.22 0.149246
2.23 0.150475
2.24 0.151698
2.25 0.152915
2.26 0.154125
2.27 0.155327
2.28 0.156523
2.29 0.15771
2.3 0.15889
2.31 0.160061
2.32 0.161223
2.33 0.162377
2.34 0.163521
2.35 0.164655
2.36 0.16578
2.37 0.166894
2.38 0.167998
2.39 0.169091
2.4 0.170173
2.41 0.171243
2.42 0.172301
2.43 0.173348
2.44 0.174382
2.45 0.175403
2.46 0.176412
2.47 0.177407
2.48 0.178389
2.49 0.179356
2.5 0.18031
2.51 0.181249
2.52 0.182174
2.53 0.183084
2.54 0.183978
2.55 0.184857
2.56 0.18572
2.57 0.186567
2.58 0.187398
2.59 0.188213
2.6 0.189011
2.61 0.189791
2.62 0.190555
2.63 0.191301
2.64 0.192029
2.65 0.192739
2.66 0.193431
2.67 0.194105
2.68 0.19476
2.69 0.195397
2.7 0.196014
2.71 0.196613
2.72 0.197192
2.73 0.197751
2.74 0.198291
2.75 0.198811
2.76 0.199311
2.77 0.19979
2.78 0.20025
2.79 0.200688
2.8 0.201107
2.81 0.201504
2.82 0.201881
2.83 0.202236
2.84 0.20257
2.85 0.202883
2.86 0.203175
2.87 0.203446
2.88 0.203694
2.89 0.203922
2.9 0.204127
2.91 0.204311
2.92 0.204473
2.93 0.204613
2.94 0.204731
2.95 0.204828
2.96 0.204902
2.97 0.204955
2.98 0.204985
2.99 0.204993
3 0.20498
3.01 0.204944
3.02 0.204887
3.03 0.204807
3.04 0.204705
3.05 0.204582
3.06 0.204437
3.07 0.204269
3.08 0.204081
3.09 0.20387
3.1 0.203637
3.11 0.203384
3.12 0.203108
3.13 0.202811
3.14 0.202493
3.15 0.202154
3.16 0.201793
3.17 0.201412
3.18 0.20101
3.19 0.200587
3.2 0.200143
3.21 0.199679
3.22 0.199194
3.23 0.19869
3.24 0.198165
3.25 0.197621
3.26 0.197057
3.27 0.196473
3.28 0.19587
3.29 0.195248
3.3 0.194607
3.31 0.193948
3.32 0.193269
3.33 0.192573
3.34 0.191858
3.35 0.191126
3.36 0.190376
3.37 0.189608
3.38 0.188823
3.39 0.188022
3.4 0.187203
3.41 0.186369
3.42 0.185518
3.43 0.184651
3.44 0.183768
3.45 0.18287
3.46 0.181957
3.47 0.181029
3.48 0.180086
3.49 0.179129
3.5 0.178158
3.51 0.177173
3.52 0.176174
3.53 0.175163
3.54 0.174139
3.55 0.173102
3.56 0.172052
3.57 0.170991
3.58 0.169918
3.59 0.168834
3.6 0.167738
3.61 0.166632
3.62 0.165515
3.63 0.164388
3.64 0.163251
3.65 0.162105
3.66 0.160949
3.67 0.159785
3.68 0.158612
3.69 0.15743
3.7 0.156241
3.71 0.155044
3.72 0.153839
3.73 0.152628
3.74 0.15141
3.75 0.150185
3.76 0.148954
3.77 0.147718
3.78 0.146476
3.79 0.145229
3.8 0.143977
3.81 0.142721
3.82 0.14146
3.83 0.140195
3.84 0.138927
3.85 0.137656
3.86 0.136381
3.87 0.135104
3.88 0.133824
3.89 0.132542
3.9 0.131259
3.91 0.129974
3.92 0.128687
3.93 0.1274
3.94 0.126112
3.95 0.124824
3.96 0.123535
3.97 0.122247
3.98 0.120959
3.99 0.119672
4 0.118386
4.01 0.117101
4.02 0.115818
4.03 0.114536
4.04 0.113256
4.05 0.111979
4.06 0.110704
4.07 0.109432
4.08 0.108163
4.09 0.106897
4.1 0.105635
4.11 0.104376
4.12 0.103121
4.13 0.101871
4.14 0.100625
4.15 0.0993829
4.16 0.098146
4.17 0.0969141
4.18 0.0956874
4.19 0.0944661
4.2 0.0932503
4.21 0.0920403
4.22 0.0908363
4.23 0.0896384
4.24 0.0884467
4.25 0.0872616
4.26 0.0860831
4.27 0.0849113
4.28 0.0837466
4.29 0.0825889
4.3 0.0814385
4.31 0.0802955
4.32 0.07916
4.33 0.0780322
4.34 0.0769123
4.35 0.0758002
4.36 0.0746962
4.37 0.0736004
4.38 0.0725129
4.39 0.0714338
4.4 0.0703631
4.41 0.0693011
4.42 0.0682478
4.43 0.0672033
4.44 0.0661676
4.45 0.0651409
4.46 0.0641233
4.47 0.0631148
4.48 0.0621154
4.49 0.0611254
4.5 0.0601446
4.51 0.0591733
4.52 0.0582113
4.53 0.0572589
4.54 0.056316
4.55 0.0553826
4.56 0.0544589
4.57 0.0535449
4.58 0.0526405
4.59 0.0517459
4.6 0.0508609
4.61 0.0499858
4.62 0.0491204
4.63 0.0482649
4.64 0.0474191
4.65 0.0465832
4.66 0.0457571
4.67 0.0449408
4.68 0.0441343
4.69 0.0433377
4.7 0.0425508
4.71 0.0417738
4.72 0.0410066
4.73 0.0402491
4.74 0.0395013
4.75 0.0387633
4.76 0.038035
4.77 0.0373164
4.78 0.0366074
4.79 0.0359081
4.8 0.0352183
4.81 0.034538
4.82 0.0338673
4.83 0.033206
4.84 0.0325541
4.85 0.0319116
4.86 0.0312784
4.87 0.0306545
4.88 0.0300399
4.89 0.0294343
4.9 0.0288379
4.91 0.0282505
4.92 0.0276722
4.93 0.0271027
4.94 0.0265422
4.95 0.0259904
4.96 0.0254474
4.97 0.024913
4.98 0.0243872
4.99 0.02387
5 0.0233612
5.01 0.0228609
5.02 0.0223688
5.03 0.021885
5.04 0.0214093
5.05 0.0209417
5.06 0.0204822
5.07 0.0200306
5.08 0.0195868
5.09 0.0191508
5.1 0.0187225
5.11 0.0183018
5.12 0.0178887
5.13 0.017483
5.14 0.0170846
5.15 0.0166936
5.16 0.0163097
5.17 0.015933
5.18 0.0155632
5.19 0.0152005
5.2 0.0148446
5.21 0.0144955
5.22 0.014153
5.23 0.0138172
5.24 0.0134879
5.25 0.013165
5.26 0.0128485
5.27 0.0125382
5.28 0.0122341
5.29 0.0119361
5.3 0.0116442
5.31 0.0113581
5.32 0.0110779
5.33 0.0108034
5.34 0.0105346
5.35 0.0102714
5.36 0.0100137
5.37 0.00976138
5.38 0.00951442
5.39 0.00927271
5.4 0.00903617
5.41 0.00880472
5.42 0.00857827
5.43 0.00835676
5.44 0.00814008
5.45 0.00792818
5.46 0.00772096
5.47 0.00751835
5.48 0.00732027
5.49 0.00712665
5.5 0.0069374
5.51 0.00675245
5.52 0.00657173
5.53 0.00639515
5.54 0.00622265
5.55 0.00605416
5.56 0.00588959
5.57 0.00572889
5.58 0.00557197
5.59 0.00541876
5.6 0.0052692
5.61 0.00512322
5.62 0.00498075
5.63 0.00484172
5.64 0.00470607
5.65 0.00457373
5.66 0.00444463
5.67 0.00431871
5.68 0.00419591
5.69 0.00407616
5.7 0.0039594
5.71 0.00384558
5.72 0.00373462
5.73 0.00362648
5.74 0.00352109
5.75 0.0034184
5.76 0.00331834
5.77 0.00322087
5.78 0.00312593
5.79 0.00303346
5.8 0.0029434
5.81 0.00285572
5.82 0.00277035
5.83 0.00268724
5.84 0.00260635
5.85 0.00252762
5.86 0.002451
5.87 0.00237645
5.88 0.00230393
5.89 0.00223337
5.9 0.00216474
5.91 0.002098
5.92 0.0020331
5.93 0.00196999
5.94 0.00190864
5.95 0.001849
5.96 0.00179103
5.97 0.00173469
5.98 0.00167994
5.99 0.00162675
