-6 0
-5.99 0
-5.98 0
-5.97 0
-5.96 0
-5.95 0
-5.94 0
-5.93 0
-5.92 0
-5.91 0
-5.9 0
-5.89 0
-5.88 0
-5.87 0
-5.86 0
-5.85 0
-5.84 0
-5.83 0
-5.82 0
-5.81 0
-5.8 0
-5.79 0
-5.78 0
-5.77 0
-5.76 0
-5.75 0
-5.74 0
-5.73 0
-5.72 0
-5.71 0
-5.7 0
-5.69 0
-5.68 0
-5.67 0
-5.66 0
-5.65 0
-5.64 0
-5.63 0
-5.62 0
-5.61 0
-5.6 0
-5.59 0
-5.58 0
-5.57 0
-5.56 0
-5.55 0
-5.54 0
-5.53 0
-5.52 0
-5.51 0
-5.5 0
-5.49 0
-5.48 0
-5.47 0
-5.46 0
-5.45 0
-5.44 0
-5.43 0
-5.42 0
-5.41 0
-5.4 0
-5.39 0
-5.38 0
-5.37 0
-5.36 0
-5.35 0
-5.34 0
-5.33 0
-5.32 0
-5.31 0
-5.3 0
-5.29 0
-5.28 0
-5.27 0
-5.26 0
-5.25 0
-5.24 0
-5.23 0
-5.22 0
-5.21 0
-5.2 0
-5.19 0
-5.18 0
-5.17 0
-5.16 0
-5.15 0
-5.14 0
-5.13 0
-5.12 0
-5.11 0
-5.1 0
-5.09 0
-5.08 0
-5.07 0
-5.06 0
-5.05 0
-5.04 0
-5.03 0
-5.02 0
-5.01 0
-5 0
-4.99 0
-4.98 0
-4.97 0
-4.96 0
-4.95 0
-4.94 0
-4.93 0
-4.92 0
-4.91 0
-4.9 0
-4.89 0
-4.88 0
-4.87 0
-4.86 0
-4.85 0
-4.84 0
-4.83 0
-4.82 0
-4.81 0
-4.8 0
-4.79 0
-4.78 0
-4.77 0
-4.76 0
-4.75 0
-4.74 0
-4.73 0
-4.72 0
-4.71 0
-4.7 0
-4.69 0
-4.68 0
-4.67 0
-4.66 0
-4.65 0
-4.64 0
-4.63 0
-4.62 0
-4.61 0
-4.6 0
-4.59 0
-4.58 0
-4.57 0
-4.56 0
-4.55 0
-4.54 0
-4.53 0
-4.52 0
-4.51 0
-4.5 0
-4.49 0
-4.48 0
-4.47 0
-4.46 0
-4.45 0
-4.44 0
-4.43 0
-4.42 0
-4.41 0
-4.4 0
-4.39 0
-4.38 0
-4.37 0
-4.36 0
-4.35 0
-4.34 0
-4.33 0
-4.32 0
-4.31 0
-4.3 0
-4.29 0
-4.28 0
-4.27 0
-4.26 0
-4.25 0
-4.24 0
-4.23 0
-4.22 0
-4.21 0
-4.2 0
-4.19 0
-4.18 0
-4.17 0
-4.16 0
-4.15 0
-4.14 0
-4.13 0
-4.12 0
-4.11 0
-4.1 0
-4.09 0
-4.08 0
-4.07 0
-4.06 0
-4.05 0
-4.04 0
-4.03 0
-4.02 0
-4.01 0
-4 0
-3.99 0
-3.98 0
-3.97 0
-3.96 0
-3.95 0
-3.94 0
-3.93 0
-3.92 0
-3.91 0
-3.9 5.43472e-323
-3.89 1.41303e-320
-3.88 3.17791e-318
-3.87 7.00749e-316
-3.86 1.51466e-313
-3.85 3.20922e-311
-3.84 6.66526e-309
-3.83 1.35696e-306
-3.82 2.70799e-304
-3.81 5.29736e-302
-3.8 1.01579e-299
-3.79 1.90933e-297
-3.78 3.51795e-295
-3.77 6.35376e-293
-3.76 1.12487e-290
-3.75 1.95213e-288
-3.74 3.32082e-286
-3.73 5.5375e-284
-3.72 9.05137e-282
-3.71 1.45026e-279
-3.7 2.27778e-277
-3.69 3.50678e-275
-3.68 5.2922e-273
-3.67 7.82884e-271
-3.66 1.13525e-268
-3.65 1.61367e-266
-3.64 2.24839e-264
-3.63 3.07086e-262
-3.62 4.11131e-260
-3.61 5.39551e-258
-3.6 6.94092e-256
-3.59 8.75253e-254
-3.58 1.08189e-251
-3.57 1.31088e-249
-3.56 1.55695e-247
-3.55 1.81267e-245
-3.54 2.06869e-243
-3.53 2.31422e-241
-3.52 2.53772e-239
-3.51 2.72783e-237
-3.5 2.87423e-235
-3.49 2.96864e-233
-3.48 3.00556e-231
-3.47 2.98281e-229
-3.46 2.90174e-227
-3.45 2.76708e-225
-3.44 2.58654e-223
-3.43 2.36999e-221
-3.42 2.12866e-219
-3.41 1.87413e-217
-3.4 1.61742e-215
-3.39 1.36829e-213
-3.38 1.13466e-211
-3.37 9.22332e-210
-3.36 7.34919e-208
-3.35 5.74015e-206
-3.34 4.39481e-204
-3.33 3.29828e-202
-3.32 2.42643e-200
-3.31 1.74976e-198
-3.3 1.23687e-196
-3.29 8.57037e-195
-3.28 5.82113e-193
-3.27 3.87568e-191
-3.26 2.52941e-189
-3.25 1.61817e-187
-3.24 1.01475e-185
-3.23 6.23774e-184
-3.22 3.75861e-182
-3.21 2.22003e-180
-3.2 1.28535e-178
-3.19 7.29488e-177
-3.18 4.05832e-175
-3.17 2.21313e-173
-3.16 1.18304e-171
-3.15 6.199e-170
-3.14 3.18403e-168
-3.13 1.60312e-166
-3.12 7.91197e-165
-3.11 3.82769e-163
-3.1 1.81518e-161
-3.09 8.43792e-160
-3.08 3.84488e-158
-3.07 1.71737e-156
-3.06 7.51925e-155
-3.05 3.22714e-153
-3.04 1.35767e-151
-3.03 5.59888e-150
-3.02 2.26329e-148
-3.01 8.96834e-147
-3 3.4835e-145
-2.99 1.32633e-143
-2.98 4.95015e-142
-2.97 1.811e-140
-2.96 6.49455e-139
-2.95 2.28304e-137
-2.94 7.86698e-136
-2.93 2.65727e-134
-2.92 8.79822e-133
-2.91 2.85553e-131
-2.9 9.08468e-130
-2.89 2.83312e-128
-2.88 8.66068e-127
-2.87 2.5952e-125
-2.86 7.62294e-124
-2.85 2.19486e-122
-2.84 6.19471e-121
-2.83 1.71383e-119
-2.82 4.6478e-118
-2.81 1.23555e-116
-2.8 3.2196e-115
-2.79 8.22389e-114
-2.78 2.05913e-112
-2.77 5.05386e-111
-2.76 1.21589e-109
-2.75 2.86746e-108
-2.74 6.62876e-107
-2.73 1.5021e-105
-2.72 3.33656e-104
-2.71 7.2649e-103
-2.7 1.55057e-101
-2.69 3.24405e-100
-2.68 6.65295e-99
-2.67 1.33744e-97
-2.66 2.63551e-96
-2.65 5.09082e-95
-2.64 9.63923e-94
-2.63 1.78908e-92
-2.62 3.25498e-91
-2.61 5.80495e-90
-2.6 1.0148e-88
-2.59 1.73899e-87
-2.58 2.92108e-86
-2.57 4.80975e-85
-2.56 7.76306e-84
-2.55 1.22822e-82
-2.54 1.9048e-81
-2.53 2.89572e-80
-2.52 4.31515e-79
-2.51 6.30328e-78
-2.5 9.02545e-77
-2.49 1.26679e-75
-2.48 1.74289e-74
-2.47 2.35055e-73
-2.46 3.10742e-72
-2.45 4.02682e-71
-2.44 5.11513e-70
-2.43 6.36918e-69
-2.42 7.77395e-68
-2.41 9.30106e-67
-2.4 1.09082e-65
-2.39 1.25403e-64
-2.38 1.41317e-63
-2.37 1.56104e-62
-2.36 1.6903e-61
-2.35 1.7941e-60
-2.34 1.86664e-59
-2.33 1.90374e-58
-2.32 1.90321e-57
-2.31 1.86508e-56
-2.3 1.79159e-55
-2.29 1.68699e-54
-2.28 1.55711e-53
-2.27 1.40883e-52
-2.26 1.24948e-51
-2.25 1.08625e-50
-2.24 9.25688e-50
-2.23 7.73269e-49
-2.22 6.33183e-48
-2.21 5.08229e-47
-2.2 3.99872e-46
-2.19 3.08401e-45
-2.18 2.33153e-44
-2.17 1.72783e-43
-2.16 1.25513e-42
-2.15 8.93742e-42
-2.14 6.2383e-41
-2.13 4.26827e-40
-2.12 2.86266e-39
-2.11 1.882e-38
-2.1 1.21284e-37
-2.09 7.66154e-37
-2.08 4.74419e-36
-2.07 2.87965e-35
-2.06 1.71337e-34
-2.05 9.99291e-34
-2.04 5.71302e-33
-2.03 3.20164e-32
-2.02 1.75877e-31
-2.01 9.47065e-31
-2 4.99898e-30
-1.99 2.58652e-29
-1.98 1.31184e-28
-1.97 6.52197e-28
-1.96 3.1784e-27
-1.95 1.51834e-26
-1.94 7.10991e-26
-1.93 3.26355e-25
-1.92 1.46841e-24
-1.91 6.47645e-24
-1.9 2.80001e-23
-1.89 1.18662e-22
-1.88 4.92945e-22
-1.87 2.00732e-21
-1.86 8.01245e-21
-1.85 3.13507e-20
-1.84 1.20243e-19
-1.83 4.52071e-19
-1.82 1.66603e-18
-1.81 6.01857e-18
-1.8 2.13125e-17
-1.79 7.3979e-17
-1.78 2.51718e-16
-1.77 8.39559e-16
-1.76 2.74486e-15
-1.75 8.79675e-15
-1.74 2.76348e-14
-1.73 8.50983e-14
-1.72 2.56873e-13
-1.71 7.6006e-13
-1.7 2.20449e-12
-1.69 6.26762e-12
-1.68 1.74674e-11
-1.67 4.77183e-11
-1.66 1.27783e-10
-1.65 3.35425e-10
-1.64 8.63076e-10
-1.63 2.17688e-09
-1.62 5.38209e-09
-1.61 1.30437e-08
-1.6 3.09872e-08
-1.59 7.21597e-08
-1.58 1.64718e-07
-1.57 3.68568e-07
-1.56 8.084e-07
-1.55 1.73807e-06
-1.54 3.66303e-06
-1.53 7.56738e-06
-1.52 1.53244e-05
-1.51 3.04195e-05
-1.5 5.91906e-05
-1.49 0.000112898
-1.48 0.000211082
-1.47 0.000386854
-1.46 0.000694987
-1.45 0.00122388
-1.44 0.00211266
-1.43 0.00357483
-1.42 0.00592942
-1.41 0.00964053
-1.4 0.0153646
-1.39 0.0240035
-1.38 0.0367587
-1.37 0.0551793
-1.36 0.0811942
-1.35 0.117113
-1.34 0.165584
-1.33 0.22949
-1.32 0.311774
-1.31 0.415192
-1.3 0.541988
-1.29 0.693525
-1.28 0.869895
-1.27 1.06956
-1.26 1.28906
-1.25 1.5229
-1.24 1.76362
-1.23 2.00203
-1.22 2.22775
-1.21 2.42994
-1.2 2.5981
-1.19 2.723
-1.18 2.79752
-1.17 2.81727
-1.16 2.78111
-1.15 2.69115
-1.14 2.55264
-1.13 2.37342
-1.12 2.16317
-1.11 1.93259
-1.1 1.69247
-1.09 1.45289
-1.08 1.22258
-1.07 1.00845
-1.06 0.815382
-1.05 0.646251
-1.04 0.502081
-1.03 0.382365
-1.02 0.28544
-1.01 0.208873
-1 0.149824
-0.99 0.105345
-0.98 0.0726071
-0.97 0.0490541
-0.96 0.0324865
-0.95 0.0210894
-0.94 0.0134201
-0.93 0.00837104
-0.92 0.00511842
-0.91 0.00306778
-0.9 0.00180237
-0.89 0.001038
-0.88 0.000585976
-0.87 0.000324262
-0.86 0.000175891
-0.85 9.35241e-05
-0.84 4.87456e-05
-0.83 2.49046e-05
-0.82 1.24726e-05
-0.81 6.12299e-06
-0.8 2.94648e-06
-0.79 1.38987e-06
-0.78 6.42656e-07
-0.77 2.91283e-07
-0.76 1.29414e-07
-0.75 5.63615e-08
-0.74 2.4061e-08
-0.73 1.00688e-08
-0.72 4.13022e-09
-0.71 1.66074e-09
-0.7 6.54577e-10
-0.69 2.52902e-10
-0.68 9.57803e-11
-0.67 3.55576e-11
-0.66 1.29396e-11
-0.65 4.61572e-12
-0.64 1.61395e-12
-0.63 5.5319e-13
-0.62 1.85862e-13
-0.61 6.12121e-14
-0.6 1.97614e-14
-0.59 6.25358e-15
-0.58 1.93987e-15
-0.57 5.89858e-16
-0.56 1.75815e-16
-0.55 5.13682e-17
-0.54 1.47118e-17
-0.53 4.13018e-18
-0.52 1.13659e-18
-0.51 3.066e-19
-0.5 8.10721e-20
-0.49 2.10137e-20
-0.48 5.33908e-21
-0.47 1.32972e-21
-0.46 3.2463e-22
-0.45 7.76888e-23
-0.44 1.82434e-23
-0.43 4.3901e-24
-0.42 2.87113e-24
-0.41 1.78359e-23
-0.4 1.52946e-22
-0.39 1.2574e-21
-0.38 9.80311e-21
-0.37 7.24589e-20
-0.36 5.07755e-19
-0.35 3.37326e-18
-0.34 2.12461e-17
-0.33 1.26866e-16
-0.32 7.18194e-16
-0.31 3.85455e-15
-0.3 1.96128e-14
-0.29 9.46103e-14
-0.28 4.32685e-13
-0.27 1.87603e-12
-0.26 7.71153e-12
-0.25 3.00522e-11
-0.24 1.11031e-10
-0.23 3.88909e-10
-0.22 1.29147e-09
-0.21 4.06589e-09
-0.2 1.21356e-08
-0.19 3.43399e-08
-0.18 9.21237e-08
-0.17 2.34303e-07
-0.16 5.64961e-07
-0.15 1.29149e-06
-0.14 2.79899e-06
-0.13 5.751e-06
-0.12 1.12026e-05
-0.11 2.06885e-05
-0.1 3.62221e-05
-0.09 6.01244e-05
-0.08 9.46156e-05
-0.07 0.000141159
-0.06 0.000199658
-0.05 0.000267733
-0.04 0.000340368
-0.03 0.000410232
-0.02 0.000468754
-0.01 0.000507802
0 0.000521528
0.01 0.000507802
0.02 0.000468754
0.03 0.000410232
0.04 0.000340368
0.05 0.000267733
0.06 0.000199658
0.07 0.000141159
0.08 9.46156e-05
0.09 6.01244e-05
0.1 3.62221e-05
0.11 2.06885e-05
0.12 1.12026e-05
0.13 5.751e-06
0.14 2.79899e-06
0.15 1.29149e-06
0.16 5.64961e-07
0.17 2.34303e-07
0.18 9.21237e-08
0.19 3.43399e-08
0.2 1.21356e-08
0.21 4.06589e-09
0.22 1.29147e-09
0.23 3.88909e-10
0.24 1.11031e-10
0.25 3.00522e-11
0.26 7.71153e-12
0.27 1.87603e-12
0.28 4.32685e-13
0.29 9.46103e-14
0.3 1.96128e-14
0.31 3.85455e-15
0.32 7.18194e-16
0.33 1.26866e-16
0.34 2.12461e-17
0.35 3.37326e-18
0.36 5.07755e-19
0.37 7.24589e-20
0.38 9.80311e-21
0.39 1.2574e-21
0.4 1.52946e-22
0.41 1.78359e-23
0.42 2.87113e-24
0.43 4.3901e-24
0.44 1.82434e-23
0.45 7.76888e-23
0.46 3.2463e-22
0.47 1.32972e-21
0.48 5.33908e-21
0.49 2.10137e-20
0.5 8.10721e-20
0.51 3.066e-19
0.52 1.13659e-18
0.53 4.13018e-18
0.54 1.47118e-17
0.55 5.13682e-17
0.56 1.75815e-16
0.57 5.89858e-16
0.58 1.93987e-15
0.59 6.25358e-15
0.6 1.97614e-14
0.61 6.12121e-14
0.62 1.85862e-13
0.63 5.5319e-13
0.64 1.61395e-12
0.65 4.61572e-12
0.66 1.29396e-11
0.67 3.55576e-11
0.68 9.57803e-11
0.69 2.52902e-10
0.7 6.54577e-10
0.71 1.66074e-09
0.72 4.13022e-09
0.73 1.00688e-08
0.74 2.4061e-08
0.75 5.63615e-08
0.76 1.29414e-07
0.77 2.91283e-07
0.78 6.42656e-07
0.79 1.38987e-06
0.8 2.94648e-06
0.81 6.12299e-06
0.82 1.24726e-05
0.83 2.49046e-05
0.84 4.87456e-05
0.85 9.35241e-05
0.86 0.000175891
0.87 0.000324262
0.88 0.000585976
0.89 0.001038
0.9 0.00180237
0.91 0.00306778
0.92 0.00511842
0.93 0.00837104
0.94 0.0134201
0.95 0.0210894
0.96 0.0324865
0.97 0.0490541
0.98 0.0726071
0.99 0.105345
1 0.149824
1.01 0.208873
1.02 0.28544
1.03 0.382365
1.04 0.502081
1.05 0.646251
1.06 0.815382
1.07 1.00845
1.08 1.22258
1.09 1.45289
1.1 1.69247
1.11 1.93259
1.12 2.16317
1.13 2.37342
1.14 2.55264
1.15 2.69115
1.16 2.78111
1.17 2.81727
1.18 2.79752
1.19 2.723
1.2 2.5981
1.21 2.42994
1.22 2.22775
1.23 2.00203
1.24 1.76362
1.25 1.5229
1.26 1.28906
1.27 1.06956
1.28 0.869895
1.29 0.693525
1.3 0.541988
1.31 0.415192
1.32 0.311774
1.33 0.22949
1.34 0.165584
1.35 0.117113
1.36 0.0811942
1.37 0.0551793
1.38 0.0367587
1.39 0.0240035
1.4 0.0153646
1.41 0.00964053
1.42 0.00592942
1.43 0.00357483
1.44 0.00211266
1.45 0.00122388
1.46 0.000694987
1.47 0.000386854
1.48 0.000211082
1.49 0.000112898
1.5 5.91906e-05
1.51 3.04195e-05
1.52 1.53244e-05
1.53 7.56738e-06
1.54 3.66303e-06
1.55 1.73807e-06
1.56 8.084e-07
1.57 3.68568e-07
1.58 1.64718e-07
1.59 7.21597e-08
1.6 3.09872e-08
1.61 1.30437e-08
1.62 5.38209e-09
1.63 2.17688e-09
1.64 8.63076e-10
1.65 3.35425e-10
1.66 1.27783e-10
1.67 4.77183e-11
1.68 1.74674e-11
1.69 6.26762e-12
1.7 2.20449e-12
1.71 7.6006e-13
1.72 2.56873e-13
1.73 8.50983e-14
1.74 2.76348e-14
1.75 8.79675e-15
1.76 2.74486e-15
1.77 8.39559e-16
1.78 2.51718e-16
1.79 7.3979e-17
1.8 2.13125e-17
1.81 6.01857e-18
1.82 1.66603e-18
1.83 4.52071e-19
1.84 1.20243e-19
1.85 3.13507e-20
1.86 8.01245e-21
1.87 2.00732e-21
1.88 4.92945e-22
1.89 1.18662e-22
1.9 2.80001e-23
1.91 6.47645e-24
1.92 1.46841e-24
1.93 3.26355e-25
1.94 7.10991e-26
1.95 1.51834e-26
1.96 3.1784e-27
1.97 6.52197e-28
1.98 1.31184e-28
1.99 2.58652e-29
2 4.99898e-30
2.01 9.47065e-31
2.02 1.75877e-31
2.03 3.20164e-32
2.04 5.71302e-33
2.05 9.99291e-34
2.06 1.71337e-34
2.07 2.87965e-35
2.08 4.74419e-36
2.09 7.66154e-37
2.1 1.21284e-37
2.11 1.882e-38
2.12 2.86266e-39
2.13 4.26827e-40
2.14 6.2383e-41
2.15 8.93742e-42
2.16 1.25513e-42
2.17 1.72783e-43
2.18 2.33153e-44
2.19 3.08401e-45
2.2 3.99872e-46
2.21 5.08229e-47
2.22 6.33183e-48
2.23 7.73269e-49
2.24 9.25688e-50
2.25 1.08625e-50
2.26 1.24948e-51
2.27 1.40883e-52
2.28 1.55711e-53
2.29 1.68699e-54
2.3 1.79159e-55
2.31 1.86508e-56
2.32 1.90321e-57
2.33 1.90374e-58
2.34 1.86664e-59
2.35 1.7941e-60
2.36 1.6903e-61
2.37 1.56104e-62
2.38 1.41317e-63
2.39 1.25403e-64
2.4 1.09082e-65
2.41 9.30106e-67
2.42 7.77395e-68
2.43 6.36918e-69
2.44 5.11513e-70
2.45 4.02682e-71
2.46 3.10742e-72
2.47 2.35055e-73
2.48 1.74289e-74
2.49 1.26679e-75
2.5 9.02545e-77
2.51 6.30328e-78
2.52 4.31515e-79
2.53 2.89572e-80
2.54 1.9048e-81
2.55 1.22822e-82
2.56 7.76306e-84
2.57 4.80975e-85
2.58 2.92108e-86
2.59 1.73899e-87
2.6 1.0148e-88
2.61 5.80495e-90
2.62 3.25498e-91
2.63 1.78908e-92
2.64 9.63923e-94
2.65 5.09082e-95
2.66 2.63551e-96
2.67 1.33744e-97
2.68 6.65295e-99
2.69 3.24405e-100
2.7 1.55057e-101
2.71 7.2649e-103
2.72 3.33656e-104
2.73 1.5021e-105
2.74 6.62876e-107
2.75 2.86746e-108
2.76 1.21589e-109
2.77 5.05386e-111
2.78 2.05913e-112
2.79 8.22389e-114
2.8 3.2196e-115
2.81 1.23555e-116
2.82 4.6478e-118
2.83 1.71383e-119
2.84 6.19471e-121
2.85 2.19486e-122
2.86 7.62294e-124
2.87 2.5952e-125
2.88 8.66068e-127
2.89 2.83312e-128
2.9 9.08468e-130
2.91 2.85553e-131
2.92 8.79822e-133
2.93 2.65727e-134
2.94 7.86698e-136
2.95 2.28304e-137
2.96 6.49455e-139
2.97 1.811e-140
2.98 4.95015e-142
2.99 1.32633e-143
3 3.4835e-145
3.01 8.96834e-147
3.02 2.26329e-148
3.03 5.59888e-150
3.04 1.35767e-151
3.05 3.22714e-153
3.06 7.51925e-155
3.07 1.71737e-156
3.08 3.84488e-158
3.09 8.43792e-160
3.1 1.81518e-161
3.11 3.82769e-163
3.12 7.91197e-165
3.13 1.60312e-166
3.14 3.18403e-168
3.15 6.199e-170
3.16 1.18304e-171
3.17 2.21313e-173
3.18 4.05832e-175
3.19 7.29488e-177
3.2 1.28535e-178
3.21 2.22003e-180
3.22 3.75861e-182
3.23 6.23774e-184
3.24 1.01475e-185
3.25 1.61817e-187
3.26 2.52941e-189
3.27 3.87568e-191
3.28 5.82113e-193
3.29 8.57037e-195
3.3 1.23687e-196
3.31 1.74976e-198
3.32 2.42643e-200
3.33 3.29828e-202
3.34 4.39481e-204
3.35 5.74015e-206
3.36 7.34919e-208
3.37 9.22332e-210
3.38 1.13466e-211
3.39 1.36829e-213
3.4 1.61742e-215
3.41 1.87413e-217
3.42 2.12866e-219
3.43 2.36999e-221
3.44 2.58654e-223
3.45 2.76708e-225
3.46 2.90174e-227
3.47 2.98281e-229
3.48 3.00556e-231
3.49 2.96864e-233
3.5 2.87423e-235
3.51 2.72783e-237
3.52 2.53772e-239
3.53 2.31422e-241
3.54 2.06869e-243
3.55 1.81267e-245
3.56 1.55695e-247
3.57 1.31088e-249
3.58 1.08189e-251
3.59 8.75253e-254
3.6 6.94092e-256
3.61 5.39551e-258
3.62 4.11131e-260
3.63 3.07086e-262
3.64 2.24839e-264
3.65 1.61367e-266
3.66 1.13525e-268
3.67 7.82884e-271
3.68 5.2922e-273
3.69 3.50678e-275
3.7 2.27778e-277
3.71 1.45026e-279
3.72 9.05137e-282
3.73 5.5375e-284
3.74 3.32082e-286
3.75 1.95213e-288
3.76 1.12487e-290
3.77 6.35376e-293
3.78 3.51795e-295
3.79 1.90933e-297
3.8 1.01579e-299
3.81 5.29736e-302
3.82 2.70799e-304
3.83 1.35696e-306
3.84 6.66526e-309
3.85 3.20922e-311
3.86 1.51466e-313
3.87 7.00749e-316
3.88 3.17791e-318
3.89 1.41303e-320
3.9 5.43472e-323
3.91 0
3.92 0
3.93 0
3.94 0
3.95 0
3.96 0
3.97 0
3.98 0
3.99 0
4 0
4.01 0
4.02 0
4.03 0
4.04 0
4.05 0
4.06 0
4.07 0
4.08 0
4.09 0
4.1 0
4.11 0
4.12 0
4.13 0
4.14 0
4.15 0
4.16 0
4.17 0
4.18 0
4.19 0
4.2 0
4.21 0
4.22 0
4.23 0
4.24 0
4.25 0
4.26 0
4.27 0
4.28 0
4.29 0
4.3 0
4.31 0
4.32 0
4.33 0
4.34 0
4.35 0
4.36 0
4.37 0
4.38 0
4.39 0
4.4 0
4.41 0
4.42 0
4.43 0
4.44 0
4.45 0
4.46 0
4.47 0
4.48 0
4.49 0
4.5 0
4.51 0
4.52 0
4.53 0
4.54 0
4.55 0
4.56 0
4.57 0
4.58 0
4.59 0
4.6 0
4.61 0
4.62 0
4.63 0
4.64 0
4.65 0
4.66 0
4.67 0
4.68 0
4.69 0
4.7 0
4.71 0
4.72 0
4.73 0
4.74 0
4.75 0
4.76 0
4.77 0
4.78 0
4.79 0
4.8 0
4.81 0
4.82 0
4.83 0
4.84 0
4.85 0
4.86 0
4.87 0
4.88 0
4.89 0
4.9 0
4.91 0
4.92 0
4.93 0
4.94 0
4.95 0
4.96 0
4.97 0
4.98 0
4.99 0
5 0
5.01 0
5.02 0
5.03 0
5.04 0
5.05 0
5.06 0
5.07 0
5.08 0
5.09 0
5.1 0
5.11 0
5.12 0
5.13 0
5.14 0
5.15 0
5.16 0
5.17 0
5.18 0
5.19 0
5.2 0
5.21 0
5.22 0
5.23 0
5.24 0
5.25 0
5.26 0
5.27 0
5.28 0
5.29 0
5.3 0
5.31 0
5.32 0
5.33 0
5.34 0
5.35 0
5.36 0
5.37 0
5.38 0
5.39 0
5.4 0
5.41 0
5.42 0
5.43 0
5.44 0
5.45 0
5.46 0
5.47 0
5.48 0
5.49 0
5.5 0
5.51 0
5.52 0
5.53 0
5.54 0
5.55 0
5.56 0
5.57 0
5.58 0
5.59 0
5.6 0
5.61 0
5.62 0
5.63 0
5.64 0
5.65 0
5.66 0
5.67 0
5.68 0
5.69 0
5.7 0
5.71 0
5.72 0
5.73 0
5.74 0
5.75 0
5.76 0
5.77 0
5.78 0
5.79 0
5.8 0
5.81 0
5.82 0
5.83 0
5.84 0
5.85 0
5.86 0
5.87 0
5.88 0
5.89 0
5.9 0
5.91 0
5.92 0
5.93 0
5.94 0
5.95 0
5.96 0
5.97 0
5.98 0
5.99 0
