-6 0.00134597
-5.99 0.00138791
-5.98 0.00143101
-5.97 0.00147529
-5.96 0.0015208
-5.95 0.00156755
-5.94 0.00161557
-5.93 0.00166489
-5.92 0.00171555
-5.91 0.00176758
-5.9 0.00182099
-5.89 0.00187583
-5.88 0.00193213
-5.87 0.00198992
-5.86 0.00204923
-5.85 0.00211009
-5.84 0.00217254
-5.83 0.00223661
-5.82 0.00230234
-5.81 0.00236977
-5.8 0.00243892
-5.79 0.00250984
-5.78 0.00258256
-5.77 0.00265712
-5.76 0.00273355
-5.75 0.0028119
-5.74 0.0028922
-5.73 0.0029745
-5.72 0.00305883
-5.71 0.00314523
-5.7 0.00323375
-5.69 0.00332442
-5.68 0.00341729
-5.67 0.0035124
-5.66 0.0036098
-5.65 0.00370952
-5.64 0.00381161
-5.63 0.00391612
-5.62 0.00402308
-5.61 0.00413255
-5.6 0.00424457
-5.59 0.00435919
-5.58 0.00447645
-5.57 0.0045964
-5.56 0.00471909
-5.55 0.00484457
-5.54 0.00497288
-5.53 0.00510407
-5.52 0.0052382
-5.51 0.00537531
-5.5 0.00551545
-5.49 0.00565867
-5.48 0.00580503
-5.47 0.00595457
-5.46 0.00610735
-5.45 0.00626342
-5.44 0.00642283
-5.43 0.00658563
-5.42 0.00675188
-5.41 0.00692162
-5.4 0.00709492
-5.39 0.00727182
-5.38 0.00745238
-5.37 0.00763666
-5.36 0.0078247
-5.35 0.00801657
-5.34 0.00821231
-5.33 0.00841198
-5.32 0.00861564
-5.31 0.00882334
-5.3 0.00903513
-5.29 0.00925108
-5.28 0.00947123
-5.27 0.00969564
-5.26 0.00992437
-5.25 0.0101575
-5.24 0.010395
-5.23 0.010637
-5.22 0.0108836
-5.21 0.0111347
-5.2 0.0113905
-5.19 0.011651
-5.18 0.0119162
-5.17 0.0121863
-5.16 0.0124612
-5.15 0.012741
-5.14 0.0130258
-5.13 0.0133157
-5.12 0.0136106
-5.11 0.0139106
-5.1 0.0142158
-5.09 0.0145263
-5.08 0.014842
-5.07 0.0151631
-5.06 0.0154895
-5.05 0.0158214
-5.04 0.0161588
-5.03 0.0165017
-5.02 0.0168502
-5.01 0.0172043
-5 0.0175641
-4.99 0.0179295
-4.98 0.0183008
-4.97 0.0186779
-4.96 0.0190608
-4.95 0.0194496
-4.94 0.0198443
-4.93 0.020245
-4.92 0.0206517
-4.91 0.0210645
-4.9 0.0214833
-4.89 0.0219083
-4.88 0.0223394
-4.87 0.0227767
-4.86 0.0232202
-4.85 0.02367
-4.84 0.0241261
-4.83 0.0245885
-4.82 0.0250572
-4.81 0.0255323
-4.8 0.0260137
-4.79 0.0265016
-4.78 0.0269959
-4.77 0.0274967
-4.76 0.0280039
-4.75 0.0285177
-4.74 0.0290379
-4.73 0.0295646
-4.72 0.0300979
-4.71 0.0306377
-4.7 0.031184
-4.69 0.0317369
-4.68 0.0322963
-4.67 0.0328623
-4.66 0.0334348
-4.65 0.0340139
-4.64 0.0345996
-4.63 0.0351918
-4.62 0.0357905
-4.61 0.0363957
-4.6 0.0370075
-4.59 0.0376258
-4.58 0.0382505
-4.57 0.0388817
-4.56 0.0395194
-4.55 0.0401634
-4.54 0.0408139
-4.53 0.0414707
-4.52 0.0421339
-4.51 0.0428033
-4.5 0.043479
-4.49 0.044161
-4.48 0.0448491
-4.47 0.0455434
-4.46 0.0462438
-4.45 0.0469503
-4.44 0.0476627
-4.43 0.0483811
-4.42 0.0491054
-4.41 0.0498355
-4.4 0.0505714
-4.39 0.0513131
-4.38 0.0520603
-4.37 0.0528132
-4.36 0.0535716
-4.35 0.0543354
-4.34 0.0551045
-4.33 0.055879
-4.32 0.0566586
-4.31 0.0574434
-4.3 0.0582332
-4.29 0.0590279
-4.28 0.0598274
-4.27 0.0606318
-4.26 0.0614407
-4.25 0.0622543
-4.24 0.0630722
-4.23 0.0638946
-4.22 0.0647211
-4.21 0.0655518
-4.2 0.0663865
-4.19 0.0672251
-4.18 0.0680675
-4.17 0.0689135
-4.16 0.0697631
-4.15 0.070616
-4.14 0.0714723
-4.13 0.0723317
-4.12 0.0731941
-4.11 0.0740593
-4.1 0.0749274
-4.09 0.075798
-4.08 0.076671
-4.07 0.0775464
-4.06 0.0784239
-4.05 0.0793035
-4.04 0.0801849
-4.03 0.081068
-4.02 0.0819526
-4.01 0.0828387
-4 0.0837259
-3.99 0.0846143
-3.98 0.0855035
-3.97 0.0863935
-3.96 0.087284
-3.95 0.0881749
-3.94 0.089066
-3.93 0.0899572
-3.92 0.0908483
-3.91 0.0917391
-3.9 0.0926294
-3.89 0.093519
-3.88 0.0944078
-3.87 0.0952955
-3.86 0.0961821
-3.85 0.0970673
-3.84 0.0979508
-3.83 0.0988327
-3.82 0.0997125
-3.81 0.10059
-3.8 0.101466
-3.79 0.102339
-3.78 0.103209
-3.77 0.104076
-3.76 0.10494
-3.75 0.105801
-3.74 0.106658
-3.73 0.107512
-3.72 0.108362
-3.71 0.109208
-3.7 0.110049
-3.69 0.110886
-3.68 0.111719
-3.67 0.112546
-3.66 0.113369
-3.65 0.114186
-3.64 0.114998
-3.63 0.115804
-3.62 0.116605
-3.61 0.117399
-3.6 0.118188
-3.59 0.118969
-3.58 0.119745
-3.57 0.120513
-3.56 0.121275
-3.55 0.12203
-3.54 0.122777
-3.53 0.123517
-3.52 0.124249
-3.51 0.124973
-3.5 0.125689
-3.49 0.126397
-3.48 0.127097
-3.47 0.127788
-3.46 0.128471
-3.45 0.129144
-3.44 0.129809
-3.43 0.130464
-3.42 0.13111
-3.41 0.131746
-3.4 0.132373
-3.39 0.13299
-3.38 0.133597
-3.37 0.134193
-3.36 0.13478
-3.35 0.135356
-3.34 0.135921
-3.33 0.136476
-3.32 0.13702
-3.31 0.137553
-3.3 0.138074
-3.29 0.138585
-3.28 0.139084
-3.27 0.139572
-3.26 0.140048
-3.25 0.140513
-3.24 0.140965
-3.23 0.141406
-3.22 0.141835
-3.21 0.142252
-3.2 0.142656
-3.19 0.143049
-3.18 0.143428
-3.17 0.143796
-3.16 0.144151
-3.15 0.144493
-3.14 0.144823
-3.13 0.14514
-3.12 0.145444
-3.11 0.145736
-3.1 0.146014
-3.09 0.14628
-3.08 0.146533
-3.07 0.146772
-3.06 0.146999
-3.05 0.147212
-3.04 0.147413
-3.03 0.1476
-3.02 0.147775
-3.01 0.147936
-3 0.148084
-2.99 0.148218
-2.98 0.14834
-2.97 0.148449
-2.96 0.148544
-2.95 0.148626
-2.94 0.148696
-2.93 0.148752
-2.92 0.148795
-2.91 0.148825
-2.9 0.148842
-2.89 0.148847
-2.88 0.148838
-2.87 0.148817
-2.86 0.148783
-2.85 0.148736
-2.84 0.148677
-2.83 0.148605
-2.82 0.14852
-2.81 0.148423
-2.8 0.148314
-2.79 0.148193
-2.78 0.148059
-2.77 0.147914
-2.76 0.147756
-2.75 0.147587
-2.74 0.147406
-2.73 0.147213
-2.72 0.147009
-2.71 0.146793
-2.7 0.146566
-2.69 0.146329
-2.68 0.14608
-2.67 0.14582
-2.66 0.145549
-2.65 0.145268
-2.64 0.144977
-2.63 0.144675
-2.62 0.144363
-2.61 0.144041
-2.6 0.143709
-2.59 0.143368
-2.58 0.143017
-2.57 0.142656
-2.56 0.142287
-2.55 0.141909
-2.54 0.141521
-2.53 0.141126
-2.52 0.140721
-2.51 0.140309
-2.5 0.139888
-2.49 0.13946
-2.48 0.139024
-2.47 0.13858
-2.46 0.138129
-2.45 0.137671
-2.44 0.137206
-2.43 0.136734
-2.42 0.136256
-2.41 0.135771
-2.4 0.135281
-2.39 0.134784
-2.38 0.134282
-2.37 0.133774
-2.36 0.133261
-2.35 0.132743
-2.34 0.13222
-2.33 0.131693
-2.32 0.131161
-2.31 0.130625
-2.3 0.130084
-2.29 0.129541
-2.28 0.128993
-2.27 0.128442
-2.26 0.127888
-2.25 0.127331
-2.24 0.126772
-2.23 0.12621
-2.22 0.125645
-2.21 0.125079
-2.2 0.124511
-2.19 0.123941
-2.18 0.12337
-2.17 0.122797
-2.16 0.122224
-2.15 0.12165
-2.14 0.121075
-2.13 0.1205
-2.12 0.119925
-2.11 0.119349
-2.1 0.118774
-2.09 0.1182
-2.08 0.117626
-2.07 0.117053
-2.06 0.116481
-2.05 0.115911
-2.04 0.115341
-2.03 0.114774
-2.02 0.114208
-2.01 0.113645
-2 0.113083
-1.99 0.112524
-1.98 0.111968
-1.97 0.111414
-1.96 0.110863
-1.95 0.110316
-1.94 0.109772
-1.93 0.109231
-1.92 0.108694
-1.91 0.10816
-1.9 0.107631
-1.89 0.107105
-1.88 0.106584
-1.87 0.106068
-1.86 0.105556
-1.85 0.105048
-1.84 0.104546
-1.83 0.104049
-1.82 0.103556
-1.81 0.103069
-1.8 0.102588
-1.79 0.102112
-1.78 0.101641
-1.77 0.101177
-1.76 0.100718
-1.75 0.100266
-1.74 0.0998192
-1.73 0.099379
-1.72 0.0989451
-1.71 0.0985177
-1.7 0.0980968
-1.69 0.0976826
-1.68 0.0972751
-1.67 0.0968744
-1.66 0.0964807
-1.65 0.0960939
-1.64 0.0957142
-1.63 0.0953416
-1.62 0.0949762
-1.61 0.0946181
-1.6 0.0942672
-1.59 0.0939238
-1.58 0.0935878
-1.57 0.0932593
-1.56 0.0929383
-1.55 0.0926249
-1.54 0.0923191
-1.53 0.092021
-1.52 0.0917305
-1.51 0.0914477
-1.5 0.0911727
-1.49 0.0909054
-1.48 0.0906459
-1.47 0.0903941
-1.46 0.0901502
-1.45 0.089914
-1.44 0.0896856
-1.43 0.0894651
-1.42 0.0892523
-1.41 0.0890474
-1.4 0.0888502
-1.39 0.0886607
-1.38 0.088479
-1.37 0.088305
-1.36 0.0881388
-1.35 0.0879802
-1.34 0.0878292
-1.33 0.0876859
-1.32 0.0875501
-1.31 0.0874218
-1.3 0.087301
-1.29 0.0871877
-1.28 0.0870818
-1.27 0.0869832
-1.26 0.0868918
-1.25 0.0868077
-1.24 0.0867308
-1.23 0.0866609
-1.22 0.0865981
-1.21 0.0865423
-1.2 0.0864933
-1.19 0.0864512
-1.18 0.0864158
-1.17 0.0863871
-1.16 0.086365
-1.15 0.0863493
-1.14 0.0863401
-1.13 0.0863372
-1.12 0.0863405
-1.11 0.0863499
-1.1 0.0863655
-1.09 0.0863869
-1.08 0.0864142
-1.07 0.0864473
-1.06 0.086486
-1.05 0.0865302
-1.04 0.0865799
-1.03 0.0866349
-1.02 0.0866951
-1.01 0.0867605
-1 0.0868308
-0.99 0.086906
-0.98 0.086986
-0.97 0.0870706
-0.96 0.0871598
-0.95 0.0872534
-0.94 0.0873513
-0.93 0.0874533
-0.92 0.0875594
-0.91 0.0876695
-0.9 0.0877833
-0.89 0.0879008
-0.88 0.0880219
-0.87 0.0881464
-0.86 0.0882742
-0.85 0.0884052
-0.84 0.0885393
-0.83 0.0886762
-0.82 0.088816
-0.81 0.0889584
-0.8 0.0891033
-0.79 0.0892507
-0.78 0.0894003
-0.77 0.0895521
-0.76 0.0897059
-0.75 0.0898616
-0.74 0.090019
-0.73 0.0901781
-0.72 0.0903387
-0.71 0.0905006
-0.7 0.0906638
-0.69 0.0908281
-0.68 0.0909934
-0.67 0.0911595
-0.66 0.0913264
-0.65 0.0914939
-0.64 0.0916618
-0.63 0.0918302
-0.62 0.0919987
-0.61 0.0921674
-0.6 0.092336
-0.59 0.0925045
-0.58 0.0926728
-0.57 0.0928407
-0.56 0.0930081
-0.55 0.0931749
-0.54 0.0933409
-0.53 0.0935061
-0.52 0.0936704
-0.51 0.0938336
-0.5 0.0939956
-0.49 0.0941563
-0.48 0.0943157
-0.47 0.0944735
-0.46 0.0946297
-0.45 0.0947843
-0.44 0.094937
-0.43 0.0950878
-0.42 0.0952365
-0.41 0.0953832
-0.4 0.0955277
-0.39 0.0956699
-0.38 0.0958096
-0.37 0.0959469
-0.36 0.0960817
-0.35 0.0962138
-0.34 0.0963431
-0.33 0.0964697
-0.32 0.0965933
-0.31 0.0967139
-0.3 0.0968315
-0.29 0.096946
-0.28 0.0970573
-0.27 0.0971653
-0.26 0.09727
-0.25 0.0973713
-0.24 0.0974691
-0.23 0.0975634
-0.22 0.0976541
-0.21 0.0977412
-0.2 0.0978246
-0.19 0.0979043
-0.18 0.0979801
-0.17 0.0980522
-0.16 0.0981203
-0.15 0.0981846
-0.14 0.0982448
-0.13 0.0983011
-0.12 0.0983533
-0.11 0.0984015
-0.1 0.0984456
-0.09 0.0984856
-0.08 0.0985214
-0.07 0.0985531
-0.06 0.0985806
-0.05 0.0986038
-0.04 0.0986229
-0.03 0.0986378
-0.02 0.0986484
-0.01 0.0986547
0 0.0986569
0.01 0.0986547
0.02 0.0986484
0.03 0.0986378
0.04 0.0986229
0.05 0.0986038
0.06 0.0985806
0.07 0.0985531
0.08 0.0985214
0.09 0.0984856
0.1 0.0984456
0.11 0.0984015
0.12 0.0983533
0.13 0.0983011
0.14 0.0982448
0.15 0.0981846
0.16 0.0981203
0.17 0.0980522
0.18 0.0979801
0.19 0.0979043
0.2 0.0978246
0.21 0.0977412
0.22 0.0976541
0.23 0.0975634
0.24 0.0974691
0.25 0.0973713
0.26 0.09727
0.27 0.0971653
0.28 0.0970573
0.29 0.096946
0.3 0.0968315
0.31 0.0967139
0.32 0.0965933
0.33 0.0964697
0.34 0.0963431
0.35 0.0962138
0.36 0.0960817
0.37 0.0959469
0.38 0.0958096
0.39 0.0956699
0.4 0.0955277
0.41 0.0953832
0.42 0.0952365
0.43 0.0950878
0.44 0.094937
0.45 0.0947843
0.46 0.0946297
0.47 0.0944735
0.48 0.0943157
0.49 0.0941563
0.5 0.0939956
0.51 0.0938336
0.52 0.0936704
0.53 0.0935061
0.54 0.0933409
0.55 0.0931749
0.56 0.0930081
0.57 0.0928407
0.58 0.0926728
0.59 0.0925045
0.6 0.092336
0.61 0.0921674
0.62 0.0919987
0.63 0.0918302
0.64 0.0916618
0.65 0.0914939
0.66 0.0913264
0.67 0.0911595
0.68 0.0909934
0.69 0.0908281
0.7 0.0906638
0.71 0.0905006
0.72 0.0903387
0.73 0.0901781
0.74 0.090019
0.75 0.0898616
0.76 0.0897059
0.77 0.0895521
0.78 0.0894003
0.79 0.0892507
0.8 0.0891033
0.81 0.0889584
0.82 0.088816
0.83 0.0886762
0.84 0.0885393
0.85 0.0884052
0.86 0.0882742
0.87 0.0881464
0.88 0.0880219
0.89 0.0879008
0.9 0.0877833
0.91 0.0876695
0.92 0.0875594
0.93 0.0874533
0.94 0.0873513
0.95 0.0872534
0.96 0.0871598
0.97 0.0870706
0.98 0.086986
0.99 0.086906
1 0.0868308
1.01 0.0867605
1.02 0.0866951
1.03 0.0866349
1.04 0.0865799
1.05 0.0865302
1.06 0.086486
1.07 0.0864473
1.08 0.0864142
1.09 0.0863869
1.1 0.0863655
1.11 0.0863499
1.12 0.0863405
1.13 0.0863372
1.14 0.0863401
1.15 0.0863493
1.16 0.086365
1.17 0.0863871
1.18 0.0864158
1.19 0.0864512
1.2 0.0864933
1.21 0.0865423
1.22 0.0865981
1.23 0.0866609
1.24 0.0867308
1.25 0.0868077
1.26 0.0868918
1.27 0.0869832
1.28 0.0870818
1.29 0.0871877
1.3 0.087301
1.31 0.0874218
1.32 0.0875501
1.33 0.0876859
1.34 0.0878292
1.35 0.0879802
1.36 0.0881388
1.37 0.088305
1.38 0.088479
1.39 0.0886607
1.4 0.0888502
1.41 0.0890474
1.42 0.0892523
1.43 0.0894651
1.44 0.0896856
1.45 0.089914
1.46 0.0901502
1.47 0.0903941
1.48 0.0906459
1.49 0.0909054
1.5 0.0911727
1.51 0.0914477
1.52 0.0917305
1.53 0.092021
1.54 0.0923191
1.55 0.0926249
1.56 0.0929383
1.57 0.0932593
1.58 0.0935878
1.59 0.0939238
1.6 0.0942672
1.61 0.0946181
1.62 0.0949762
1.63 0.0953416
1.64 0.0957142
1.65 0.0960939
1.66 0.0964807
1.67 0.0968744
1.68 0.0972751
1.69 0.0976826
1.7 0.0980968
1.71 0.0985177
1.72 0.0989451
1.73 0.099379
1.74 0.0998192
1.75 0.100266
1.76 0.100718
1.77 0.101177
1.78 0.101641
1.79 0.102112
1.8 0.102588
1.81 0.103069
1.82 0.103556
1.83 0.104049
1.84 0.104546
1.85 0.105048
1.86 0.105556
1.87 0.106068
1.88 0.106584
1.89 0.107105
1.9 0.107631
1.91 0.10816
1.92 0.108694
1.93 0.109231
1.94 0.109772
1.95 0.110316
1.96 0.110863
1.97 0.111414
1.98 0.111968
1.99 0.112524
2 0.113083
2.01 0.113645
2.02 0.114208
2.03 0.114774
2.04 0.115341
2.05 0.115911
2.06 0.116481
2.07 0.117053
2.08 0.117626
2.09 0.1182
2.1 0.118774
2.11 0.119349
2.12 0.119925
2.13 0.1205
2.14 0.121075
2.15 0.12165
2.16 0.122224
2.17 0.122797
2.18 0.12337
2.19 0.123941
2.2 0.124511
2.21 0.125079
2.22 0.125645
2.23 0.12621
2.24 0.126772
2.25 0.127331
2.26 0.127888
2.27 0.128442
2.28 0.128993
2.29 0.129541
2.3 0.130084
2.31 0.130625
2.32 0.131161
2.33 0.131693
2.34 0.13222
2.35 0.132743
2.36 0.133261
2.37 0.133774
2.38 0.134282
2.39 0.134784
2.4 0.135281
2.41 0.135771
2.42 0.136256
2.43 0.136734
2.44 0.137206
2.45 0.137671
2.46 0.138129
2.47 0.13858
2.48 0.139024
2.49 0.13946
2.5 0.139888
2.51 0.140309
2.52 0.140721
2.53 0.141126
2.54 0.141521
2.55 0.141909
2.56 0.142287
2.57 0.142656
2.58 0.143017
2.59 0.143368
2.6 0.143709
2.61 0.144041
2.62 0.144363
2.63 0.144675
2.64 0.144977
2.65 0.145268
2.66 0.145549
2.67 0.14582
2.68 0.14608
2.69 0.146329
2.7 0.146566
2.71 0.146793
2.72 0.147009
2.73 0.147213
2.74 0.147406
2.75 0.147587
2.76 0.147756
2.77 0.147914
2.78 0.148059
2.79 0.148193
2.8 0.148314
2.81 0.148423
2.82 0.14852
2.83 0.148605
2.84 0.148677
2.85 0.148736
2.86 0.148783
2.87 0.148817
2.88 0.148838
2.89 0.148847
2.9 0.148842
2.91 0.148825
2.92 0.148795
2.93 0.148752
2.94 0.148696
2.95 0.148626
2.96 0.148544
2.97 0.148449
2.98 0.14834
2.99 0.148218
3 0.148084
3.01 0.147936
3.02 0.147775
3.03 0.1476
3.04 0.147413
3.05 0.147212
3.06 0.146999
3.07 0.146772
3.08 0.146533
3.09 0.14628
3.1 0.146014
3.11 0.145736
3.12 0.145444
3.13 0.14514
3.14 0.144823
3.15 0.144493
3.16 0.144151
3.17 0.143796
3.18 0.143428
3.19 0.143049
3.2 0.142656
3.21 0.142252
3.22 0.141835
3.23 0.141406
3.24 0.140965
3.25 0.140513
3.26 0.140048
3.27 0.139572
3.28 0.139084
3.29 0.138585
3.3 0.138074
3.31 0.137553
3.32 0.13702
3.33 0.136476
3.34 0.135921
3.35 0.135356
3.36 0.13478
3.37 0.134193
3.38 0.133597
3.39 0.13299
3.4 0.132373
3.41 0.131746
3.42 0.13111
3.43 0.130464
3.44 0.129809
3.45 0.129144
3.46 0.128471
3.47 0.127788
3.48 0.127097
3.49 0.126397
3.5 0.125689
3.51 0.124973
3.52 0.124249
3.53 0.123517
3.54 0.122777
3.55 0.12203
3.56 0.121275
3.57 0.120513
3.58 0.119745
3.59 0.118969
3.6 0.118188
3.61 0.117399
3.62 0.116605
3.63 0.115804
3.64 0.114998
3.65 0.114186
3.66 0.113369
3.67 0.112546
3.68 0.111719
3.69 0.110886
3.7 0.110049
3.71 0.109208
3.72 0.108362
3.73 0.107512
3.74 0.106658
3.75 0.105801
3.76 0.10494
3.77 0.104076
3.78 0.103209
3.79 0.102339
3.8 0.101466
3.81 0.10059
3.82 0.0997125
3.83 0.0988327
3.84 0.0979508
3.85 0.0970673
3.86 0.0961821
3.87 0.0952955
3.88 0.0944078
3.89 0.093519
3.9 0.0926294
3.91 0.0917391
3.92 0.0908483
3.93 0.0899572
3.94 0.089066
3.95 0.0881749
3.96 0.087284
3.97 0.0863935
3.98 0.0855035
3.99 0.0846143
4 0.0837259
4.01 0.0828387
4.02 0.0819526
4.03 0.081068
4.04 0.0801849
4.05 0.0793035
4.06 0.0784239
4.07 0.0775464
4.08 0.076671
4.09 0.075798
4.1 0.0749274
4.11 0.0740593
4.12 0.0731941
4.13 0.0723317
4.14 0.0714723
4.15 0.070616
4.16 0.0697631
4.17 0.0689135
4.18 0.0680675
4.19 0.0672251
4.2 0.0663865
4.21 0.0655518
4.22 0.0647211
4.23 0.0638946
4.24 0.0630722
4.25 0.0622543
4.26 0.0614407
4.27 0.0606318
4.28 0.0598274
4.29 0.0590279
4.3 0.0582332
4.31 0.0574434
4.32 0.0566586
4.33 0.055879
4.34 0.0551045
4.35 0.0543354
4.36 0.0535716
4.37 0.0528132
4.38 0.0520603
4.39 0.0513131
4.4 0.0505714
4.41 0.0498355
4.42 0.0491054
4.43 0.0483811
4.44 0.0476627
4.45 0.0469503
4.46 0.0462438
4.47 0.0455434
4.48 0.0448491
4.49 0.044161
4.5 0.043479
4.51 0.0428033
4.52 0.0421339
4.53 0.0414707
4.54 0.0408139
4.55 0.0401634
4.56 0.0395194
4.57 0.0388817
4.58 0.0382505
4.59 0.0376258
4.6 0.0370075
4.61 0.0363957
4.62 0.0357905
4.63 0.0351918
4.64 0.0345996
4.65 0.0340139
4.66 0.0334348
4.67 0.0328623
4.68 0.0322963
4.69 0.0317369
4.7 0.031184
4.71 0.0306377
4.72 0.0300979
4.73 0.0295646
4.74 0.0290379
4.75 0.0285177
4.76 0.0280039
4.77 0.0274967
4.78 0.0269959
4.79 0.0265016
4.8 0.0260137
4.81 0.0255323
4.82 0.0250572
4.83 0.0245885
4.84 0.0241261
4.85 0.02367
4.86 0.0232202
4.87 0.0227767
4.88 0.0223394
4.89 0.0219083
4.9 0.0214833
4.91 0.0210645
4.92 0.0206517
4.93 0.020245
4.94 0.0198443
4.95 0.0194496
4.96 0.0190608
4.97 0.0186779
4.98 0.0183008
4.99 0.0179295
5 0.0175641
5.01 0.0172043
5.02 0.0168502
5.03 0.0165017
5.04 0.0161588
5.05 0.0158214
5.06 0.0154895
5.07 0.0151631
5.08 0.014842
5.09 0.0145263
5.1 0.0142158
5.11 0.0139106
5.12 0.0136106
5.13 0.0133157
5.14 0.0130258
5.15 0.012741
5.16 0.0124612
5.17 0.0121863
5.18 0.0119162
5.19 0.011651
5.2 0.0113905
5.21 0.0111347
5.22 0.0108836
5.23 0.010637
5.24 0.010395
5.25 0.0101575
5.26 0.00992437
5.27 0.00969564
5.28 0.00947123
5.29 0.00925108
5.3 0.00903513
5.31 0.00882334
5.32 0.00861564
5.33 0.00841198
5.34 0.00821231
5.35 0.00801657
5.36 0.0078247
5.37 0.00763666
5.38 0.00745238
5.39 0.00727182
5.4 0.00709492
5.41 0.00692162
5.42 0.00675188
5.43 0.00658563
5.44 0.00642283
5.45 0.00626342
5.46 0.00610735
5.47 0.00595457
5.48 0.00580503
5.49 0.00565867
5.5 0.00551545
5.51 0.00537531
5.52 0.0052382
5.53 0.00510407
5.54 0.00497288
5.55 0.00484457
5.56 0.00471909
5.57 0.0045964
5.58 0.00447645
5.59 0.00435919
5.6 0.00424457
5.61 0.00413255
5.62 0.00402308
5.63 0.00391612
5.64 0.00381161
5.65 0.00370952
5.66 0.0036098
5.67 0.0035124
5.68 0.00341729
5.69 0.00332442
5.7 0.00323375
5.71 0.00314523
5.72 0.00305883
5.73 0.0029745
5.74 0.0028922
5.75 0.0028119
5.76 0.00273355
5.77 0.00265712
5.78 0.00258256
5.79 0.00250984
5.8 0.00243892
5.81 0.00236977
5.82 0.00230234
5.83 0.00223661
5.84 0.00217254
5.85 0.00211009
5.86 0.00204923
5.87 0.00198992
5.88 0.00193213
5.89 0.00187583
5.9 0.00182099
5.91 0.00176758
5.92 0.00171555
5.93 0.00166489
5.94 0.00161557
5.95 0.00156755
5.96 0.0015208
5.97 0.00147529
5.98 0.00143101
5.99 0.00138791
