-6 4.2471e-40
-5.99 6.58635e-40
-5.98 1.02031e-39
-5.97 1.57891e-39
-5.96 2.4407e-39
-5.95 3.76886e-39
-5.94 5.81353e-39
-5.93 8.95788e-39
-5.92 1.37882e-38
-5.91 2.12004e-38
-5.9 3.25623e-38
-5.89 4.99601e-38
-5.88 7.65714e-38
-5.87 1.17232e-37
-5.86 1.79292e-37
-5.85 2.73912e-37
-5.84 4.18019e-37
-5.83 6.37261e-37
-5.82 9.70453e-37
-5.81 1.47627e-36
-5.8 2.24334e-36
-5.79 3.40532e-36
-5.78 5.16366e-36
-5.77 7.82154e-36
-5.76 1.18348e-35
-5.75 1.78883e-35
-5.74 2.70091e-35
-5.73 4.07368e-35
-5.72 6.13761e-35
-5.71 9.23735e-35
-5.7 1.38877e-34
-5.69 2.08569e-34
-5.68 3.129e-34
-5.67 4.68916e-34
-5.66 7.01974e-34
-5.65 1.04974e-33
-5.64 1.56812e-33
-5.63 2.33998e-33
-5.62 3.48803e-33
-5.61 5.19379e-33
-5.6 7.72545e-33
-5.59 1.14789e-32
-5.58 1.70376e-32
-5.57 2.52613e-32
-5.56 3.74142e-32
-5.55 5.53547e-32
-5.54 8.18101e-32
-5.53 1.2078e-31
-5.52 1.78123e-31
-5.51 2.62409e-31
-5.5 3.86166e-31
-5.49 5.67681e-31
-5.48 8.33624e-31
-5.47 1.22285e-30
-5.46 1.79188e-30
-5.45 2.6229e-30
-5.44 3.83522e-30
-5.43 5.60189e-30
-5.42 8.17362e-30
-5.41 1.19132e-29
-5.4 1.73452e-29
-5.39 2.5227e-29
-5.38 3.66512e-29
-5.37 5.31919e-29
-5.36 7.7115e-29
-5.35 1.11678e-28
-5.34 1.61559e-28
-5.33 2.3347e-28
-5.32 3.37028e-28
-5.31 4.86001e-28
-5.3 7.00073e-28
-5.29 1.00736e-27
-5.28 1.44798e-27
-5.27 2.0791e-27
-5.26 2.98212e-27
-5.25 4.27276e-27
-5.24 6.11545e-27
-5.23 8.74347e-27
-5.22 1.24875e-26
-5.21 1.78156e-26
-5.2 2.539e-26
-5.19 3.61461e-26
-5.18 5.14037e-26
-5.17 7.30236e-26
-5.16 1.03626e-25
-5.15 1.46895e-25
-5.14 2.08009e-25
-5.13 2.94235e-25
-5.12 4.15758e-25
-5.11 5.86844e-25
-5.1 8.27447e-25
-5.09 1.16545e-24
-5.08 1.63977e-24
-5.07 2.30466e-24
-5.06 3.23569e-24
-5.05 4.53798e-24
-5.04 6.35761e-24
-5.03 8.89735e-24
-5.02 1.24384e-23
-5.01 1.737e-23
-5 2.42312e-23
-4.99 3.37663e-23
-4.98 4.70032e-23
-4.97 6.53594e-23
-4.96 9.0787e-23
-4.95 1.25972e-22
-4.94 1.74607e-22
-4.93 2.4176e-22
-4.92 3.34381e-22
-4.91 4.61993e-22
-4.9 6.37624e-22
-4.89 8.79082e-22
-4.88 1.21068e-21
-4.87 1.66558e-21
-4.86 2.28895e-21
-4.85 3.14227e-21
-4.84 4.3091e-21
-4.83 5.90288e-21
-4.82 8.07752e-21
-4.81 1.10415e-20
-4.8 1.50769e-20
-4.79 2.05652e-20
-4.78 2.80213e-20
-4.77 3.81399e-20
-4.76 5.18569e-20
-4.75 7.04319e-20
-4.74 9.55581e-20
-4.73 1.29509e-19
-4.72 1.75336e-19
-4.71 2.37124e-19
-4.7 3.20344e-19
-4.69 4.32307e-19
-4.68 5.82779e-19
-4.67 7.84785e-19
-4.66 1.05568e-18
-4.65 1.41857e-18
-4.64 1.90417e-18
-4.63 2.55326e-18
-4.62 3.41995e-18
-4.61 4.57594e-18
-4.6 6.11613e-18
-4.59 8.16598e-18
-4.58 1.08912e-17
-4.57 1.45104e-17
-4.56 1.93115e-17
-4.55 2.56739e-17
-4.54 3.40958e-17
-4.53 4.5232e-17
-4.52 5.99413e-17
-4.51 7.93492e-17
-4.5 1.04929e-16
-4.49 1.38606e-16
-4.48 1.82896e-16
-4.47 2.41081e-16
-4.46 3.17437e-16
-4.45 4.17529e-16
-4.44 5.48596e-16
-4.43 7.20034e-16
-4.42 9.44038e-16
-4.41 1.23641e-15
-4.4 1.61759e-15
-4.39 2.11403e-15
-4.38 2.75988e-15
-4.37 3.59919e-15
-4.36 4.68872e-15
-4.35 6.10155e-15
-4.34 7.9316e-15
-4.33 1.02995e-14
-4.32 1.33601e-14
-4.31 1.73116e-14
-4.3 2.24078e-14
-4.29 2.89734e-14
-4.28 3.74225e-14
-4.27 4.8284e-14
-4.26 6.22313e-14
-4.25 8.01216e-14
-4.24 1.03045e-13
-4.23 1.32385e-13
-4.22 1.69897e-13
-4.21 2.17806e-13
-4.2 2.78925e-13
-4.19 3.56815e-13
-4.18 4.55966e-13
-4.17 5.82047e-13
-4.16 7.42197e-13
-4.15 9.45401e-13
-4.14 1.20295e-12
-4.13 1.52903e-12
-4.12 1.94142e-12
-4.11 2.4624e-12
-4.1 3.11984e-12
-4.09 3.9486e-12
-4.08 4.99216e-12
-4.07 6.30478e-12
-4.06 7.95402e-12
-4.05 1.0024e-11
-4.04 1.26191e-11
-4.03 1.5869e-11
-4.02 1.99347e-11
-4.01 2.50152e-11
-4 3.1357e-11
-3.99 3.92645e-11
-3.98 4.91136e-11
-3.97 6.13675e-11
-3.96 7.65969e-11
-3.95 9.55035e-11
-3.94 1.1895e-10
-3.93 1.47993e-10
-3.92 1.83932e-10
-3.91 2.28353e-10
-3.9 2.832e-10
-3.89 3.50844e-10
-3.88 4.34182e-10
-3.87 5.3674e-10
-3.86 6.62815e-10
-3.85 8.17629e-10
-3.84 1.00752e-09
-3.83 1.2402e-09
-3.82 1.52497e-09
-3.81 1.87312e-09
-3.8 2.29831e-09
-3.79 2.81699e-09
-3.78 3.44904e-09
-3.77 4.21839e-09
-3.76 5.15383e-09
-3.75 6.28999e-09
-3.74 7.6684e-09
-3.73 9.33889e-09
-3.72 1.13611e-08
-3.71 1.38065e-08
-3.7 1.67602e-08
-3.69 2.03242e-08
-3.68 2.46196e-08
-3.67 2.9791e-08
-3.66 3.60102e-08
-3.65 4.34811e-08
-3.64 5.24458e-08
-3.63 6.31912e-08
-3.62 7.60569e-08
-3.61 9.14442e-08
-3.6 1.09827e-07
-3.59 1.31764e-07
-3.58 1.57914e-07
-3.57 1.89052e-07
-3.56 2.26087e-07
-3.55 2.70089e-07
-3.54 3.2231e-07
-3.53 3.84216e-07
-3.52 4.57523e-07
-3.51 5.44234e-07
-3.5 6.46688e-07
-3.49 7.67607e-07
-3.48 9.10162e-07
-3.47 1.07804e-06
-3.46 1.27551e-06
-3.45 1.50755e-06
-3.44 1.77989e-06
-3.43 2.09919e-06
-3.42 2.47311e-06
-3.41 2.91053e-06
-3.4 3.42166e-06
-3.39 4.01825e-06
-3.38 4.71381e-06
-3.37 5.52387e-06
-3.36 6.46621e-06
-3.35 7.56122e-06
-3.34 8.83222e-06
-3.33 1.03058e-05
-3.32 1.20125e-05
-3.31 1.39867e-05
-3.3 1.62681e-05
-3.29 1.89013e-05
-3.28 2.19373e-05
-3.27 2.54337e-05
-3.26 2.94559e-05
-3.25 3.40776e-05
-3.24 3.93825e-05
-3.23 4.54644e-05
-3.22 5.24296e-05
-3.21 6.03972e-05
-3.2 6.95012e-05
-3.19 7.9892e-05
-3.18 9.17382e-05
-3.17 0.000105228
-3.16 0.000120573
-3.15 0.000138008
-3.14 0.000157795
-3.13 0.000180226
-3.12 0.000205626
-3.11 0.000234355
-3.1 0.000266812
-3.09 0.000303439
-3.08 0.000344726
-3.07 0.000391212
-3.06 0.000443492
-3.05 0.000502221
-3.04 0.00056812
-3.03 0.000641978
-3.02 0.000724663
-3.01 0.000817123
-3 0.000920395
-2.99 0.00103561
-2.98 0.00116401
-2.97 0.00130692
-2.96 0.00146581
-2.95 0.00164226
-2.94 0.00183799
-2.93 0.00205485
-2.92 0.00229483
-2.91 0.00256011
-2.9 0.00285299
-2.89 0.00317599
-2.88 0.00353177
-2.87 0.00392322
-2.86 0.00435339
-2.85 0.00482556
-2.84 0.00534323
-2.83 0.00591011
-2.82 0.00653014
-2.81 0.00720751
-2.8 0.00794665
-2.79 0.00875221
-2.78 0.00962914
-2.77 0.0105826
-2.76 0.011618
-2.75 0.0127412
-2.74 0.0139579
-2.73 0.0152745
-2.72 0.0166975
-2.71 0.0182335
-2.7 0.0198895
-2.69 0.0216727
-2.68 0.0235906
-2.67 0.0256507
-2.66 0.0278609
-2.65 0.0302293
-2.64 0.0327639
-2.63 0.035473
-2.62 0.0383651
-2.61 0.0414487
-2.6 0.0447322
-2.59 0.0482243
-2.58 0.0519334
-2.57 0.055868
-2.56 0.0600365
-2.55 0.064447
-2.54 0.0691076
-2.53 0.074026
-2.52 0.0792098
-2.51 0.0846659
-2.5 0.0904012
-2.49 0.0964218
-2.48 0.102733
-2.47 0.109341
-2.46 0.11625
-2.45 0.123462
-2.44 0.130983
-2.43 0.138812
-2.42 0.146953
-2.41 0.155404
-2.4 0.164166
-2.39 0.173237
-2.38 0.182614
-2.37 0.192292
-2.36 0.202267
-2.35 0.212532
-2.34 0.223079
-2.33 0.233899
-2.32 0.244982
-2.31 0.256315
-2.3 0.267887
-2.29 0.279682
-2.28 0.291683
-2.27 0.303875
-2.26 0.316238
-2.25 0.328752
-2.24 0.341396
-2.23 0.354148
-2.22 0.366983
-2.21 0.379877
-2.2 0.392804
-2.19 0.405736
-2.18 0.418646
-2.17 0.431505
-2.16 0.444284
-2.15 0.456953
-2.14 0.46948
-2.13 0.481835
-2.12 0.493987
-2.11 0.505904
-2.1 0.517554
-2.09 0.528908
-2.08 0.539932
-2.07 0.550597
-2.06 0.560873
-2.05 0.570729
-2.04 0.580139
-2.03 0.589073
-2.02 0.597505
-2.01 0.60541
-2 0.612764
-1.99 0.619545
-1.98 0.625731
-1.97 0.631304
-1.96 0.636245
-1.95 0.64054
-1.94 0.644174
-1.93 0.647137
-1.92 0.649418
-1.91 0.651011
-1.9 0.65191
-1.89 0.652113
-1.88 0.651619
-1.87 0.650429
-1.86 0.648547
-1.85 0.645979
-1.84 0.642735
-1.83 0.638822
-1.82 0.634255
-1.81 0.629048
-1.8 0.623216
-1.79 0.616779
-1.78 0.609756
-1.77 0.602168
-1.76 0.594039
-1.75 0.585394
-1.74 0.576258
-1.73 0.566658
-1.72 0.556622
-1.71 0.54618
-1.7 0.535361
-1.69 0.524195
-1.68 0.512714
-1.67 0.500948
-1.66 0.488929
-1.65 0.476688
-1.64 0.464257
-1.63 0.451667
-1.62 0.438949
-1.61 0.426133
-1.6 0.413249
-1.59 0.400326
-1.58 0.387392
-1.57 0.374476
-1.56 0.361604
-1.55 0.348801
-1.54 0.336091
-1.53 0.323499
-1.52 0.311046
-1.51 0.298752
-1.5 0.286637
-1.49 0.27472
-1.48 0.263017
-1.47 0.251543
-1.46 0.240313
-1.45 0.229339
-1.44 0.218632
-1.43 0.208202
-1.42 0.198057
-1.41 0.188206
-1.4 0.178653
-1.39 0.169404
-1.38 0.160462
-1.37 0.15183
-1.36 0.143509
-1.35 0.135498
-1.34 0.127798
-1.33 0.120407
-1.32 0.113322
-1.31 0.10654
-1.3 0.100057
-1.29 0.0938675
-1.28 0.087967
-1.27 0.0823493
-1.26 0.077008
-1.25 0.0719362
-1.24 0.0671266
-1.23 0.0625715
-1.22 0.0582633
-1.21 0.0541937
-1.2 0.0503545
-1.19 0.0467372
-1.18 0.0433334
-1.17 0.0401346
-1.16 0.0371322
-1.15 0.0343177
-1.14 0.0316826
-1.13 0.0292185
-1.12 0.0269173
-1.11 0.0247709
-1.1 0.0227712
-1.09 0.0209106
-1.08 0.0191815
-1.07 0.0175766
-1.06 0.0160887
-1.05 0.0147111
-1.04 0.013437
-1.03 0.0122602
-1.02 0.0111745
-1.01 0.010174
-1 0.0092532
-0.99 0.00840675
-0.98 0.00762957
-0.97 0.00691683
-0.96 0.00626397
-0.95 0.00566668
-0.94 0.00512085
-0.93 0.00462266
-0.92 0.00416847
-0.91 0.0037549
-0.9 0.00337873
-0.89 0.00303701
-0.88 0.00272693
-0.87 0.00244589
-0.86 0.00219147
-0.85 0.00196141
-0.84 0.00175363
-0.83 0.00156619
-0.82 0.00139728
-0.81 0.00124526
-0.8 0.0011086
-0.79 0.000985872
-0.78 0.000875798
-0.77 0.000777181
-0.76 0.000688932
-0.75 0.000610051
-0.74 0.000539625
-0.73 0.000476818
-0.72 0.000420871
-0.71 0.000371092
-0.7 0.00032685
-0.69 0.000287576
-0.68 0.00025275
-0.67 0.000221904
-0.66 0.000194614
-0.65 0.000170499
-0.64 0.000149211
-0.63 0.000130442
-0.62 0.000113912
-0.61 9.93707e-05
-0.6 8.65927e-05
-0.59 7.53773e-05
-0.58 6.55443e-05
-0.57 5.69331e-05
-0.56 4.94004e-05
-0.55 4.28185e-05
-0.54 3.70739e-05
-0.53 3.20657e-05
-0.52 2.77044e-05
-0.51 2.39107e-05
-0.5 2.06144e-05
-0.49 1.77536e-05
-0.48 1.52734e-05
-0.47 1.31257e-05
-0.46 1.12679e-05
-0.45 9.66272e-06
-0.44 8.27736e-06
-0.43 7.08304e-06
-0.42 6.05457e-06
-0.41 5.1699e-06
-0.4 4.40978e-06
-0.39 3.7574e-06
-0.38 3.19811e-06
-0.37 2.71916e-06
-0.36 2.30947e-06
-0.35 1.95941e-06
-0.34 1.66063e-06
-0.33 1.40591e-06
-0.32 1.18898e-06
-0.31 1.00446e-06
-0.3 8.47661e-07
-0.29 7.14578e-07
-0.28 6.01745e-07
-0.27 5.06188e-07
-0.26 4.25352e-07
-0.25 3.57045e-07
-0.24 2.99389e-07
-0.23 2.50777e-07
-0.22 2.09837e-07
-0.21 1.75397e-07
-0.2 1.46458e-07
-0.19 1.22169e-07
-0.18 1.01807e-07
-0.17 8.4761e-08
-0.16 7.05382e-08
-0.15 5.89515e-08
-0.14 5.15708e-08
-0.13 6.08051e-08
-0.12 1.57536e-07
-0.11 6.80071e-07
-0.1 2.99253e-06
-0.09 1.17207e-05
-0.08 3.99294e-05
-0.07 0.000117857
-0.06 0.000301174
-0.05 0.00066621
-0.04 0.00127562
-0.03 0.00211417
-0.02 0.00303297
-0.01 0.00376621
0 0.00404809
0.01 0.00376621
0.02 0.00303297
0.03 0.00211417
0.04 0.00127562
0.05 0.00066621
0.06 0.000301174
0.07 0.000117857
0.08 3.99294e-05
0.09 1.17207e-05
0.1 2.99253e-06
0.11 6.80071e-07
0.12 1.57536e-07
0.13 6.08051e-08
0.14 5.15708e-08
0.15 5.89515e-08
0.16 7.05382e-08
0.17 8.4761e-08
0.18 1.01807e-07
0.19 1.22169e-07
0.2 1.46458e-07
0.21 1.75397e-07
0.22 2.09837e-07
0.23 2.50777e-07
0.24 2.99389e-07
0.25 3.57045e-07
0.26 4.25352e-07
0.27 5.06188e-07
0.28 6.01745e-07
0.29 7.14578e-07
0.3 8.47661e-07
0.31 1.00446e-06
0.32 1.18898e-06
0.33 1.40591e-06
0.34 1.66063e-06
0.35 1.95941e-06
0.36 2.30947e-06
0.37 2.71916e-06
0.38 3.19811e-06
0.39 3.7574e-06
0.4 4.40978e-06
0.41 5.1699e-06
0.42 6.05457e-06
0.43 7.08304e-06
0.44 8.27736e-06
0.45 9.66272e-06
0.46 1.12679e-05
0.47 1.31257e-05
0.48 1.52734e-05
0.49 1.77536e-05
0.5 2.06144e-05
0.51 2.39107e-05
0.52 2.77044e-05
0.53 3.20657e-05
0.54 3.70739e-05
0.55 4.28185e-05
0.56 4.94004e-05
0.57 5.69331e-05
0.58 6.55443e-05
0.59 7.53773e-05
0.6 8.65927e-05
0.61 9.93707e-05
0.62 0.000113912
0.63 0.000130442
0.64 0.000149211
0.65 0.000170499
0.66 0.000194614
0.67 0.000221904
0.68 0.00025275
0.69 0.000287576
0.7 0.00032685
0.71 0.000371092
0.72 0.000420871
0.73 0.000476818
0.74 0.000539625
0.75 0.000610051
0.76 0.000688932
0.77 0.000777181
0.78 0.000875798
0.79 0.000985872
0.8 0.0011086
0.81 0.00124526
0.82 0.00139728
0.83 0.00156619
0.84 0.00175363
0.85 0.00196141
0.86 0.00219147
0.87 0.00244589
0.88 0.00272693
0.89 0.00303701
0.9 0.00337873
0.91 0.0037549
0.92 0.00416847
0.93 0.00462266
0.94 0.00512085
0.95 0.00566668
0.96 0.00626397
0.97 0.00691683
0.98 0.00762957
0.99 0.00840675
1 0.0092532
1.01 0.010174
1.02 0.0111745
1.03 0.0122602
1.04 0.013437
1.05 0.0147111
1.06 0.0160887
1.07 0.0175766
1.08 0.0191815
1.09 0.0209106
1.1 0.0227712
1.11 0.0247709
1.12 0.0269173
1.13 0.0292185
1.14 0.0316826
1.15 0.0343177
1.16 0.0371322
1.17 0.0401346
1.18 0.0433334
1.19 0.0467372
1.2 0.0503545
1.21 0.0541937
1.22 0.0582633
1.23 0.0625715
1.24 0.0671266
1.25 0.0719362
1.26 0.077008
1.27 0.0823493
1.28 0.087967
1.29 0.0938675
1.3 0.100057
1.31 0.10654
1.32 0.113322
1.33 0.120407
1.34 0.127798
1.35 0.135498
1.36 0.143509
1.37 0.15183
1.38 0.160462
1.39 0.169404
1.4 0.178653
1.41 0.188206
1.42 0.198057
1.43 0.208202
1.44 0.218632
1.45 0.229339
1.46 0.240313
1.47 0.251543
1.48 0.263017
1.49 0.27472
1.5 0.286637
1.51 0.298752
1.52 0.311046
1.53 0.323499
1.54 0.336091
1.55 0.348801
1.56 0.361604
1.57 0.374476
1.58 0.387392
1.59 0.400326
1.6 0.413249
1.61 0.426133
1.62 0.438949
1.63 0.451667
1.64 0.464257
1.65 0.476688
1.66 0.488929
1.67 0.500948
1.68 0.512714
1.69 0.524195
1.7 0.535361
1.71 0.54618
1.72 0.556622
1.73 0.566658
1.74 0.576258
1.75 0.585394
1.76 0.594039
1.77 0.602168
1.78 0.609756
1.79 0.616779
1.8 0.623216
1.81 0.629048
1.82 0.634255
1.83 0.638822
1.84 0.642735
1.85 0.645979
1.86 0.648547
1.87 0.650429
1.88 0.651619
1.89 0.652113
1.9 0.65191
1.91 0.651011
1.92 0.649418
1.93 0.647137
1.94 0.644174
1.95 0.64054
1.96 0.636245
1.97 0.631304
1.98 0.625731
1.99 0.619545
2 0.612764
2.01 0.60541
2.02 0.597505
2.03 0.589073
2.04 0.580139
2.05 0.570729
2.06 0.560873
2.07 0.550597
2.08 0.539932
2.09 0.528908
2.1 0.517554
2.11 0.505904
2.12 0.493987
2.13 0.481835
2.14 0.46948
2.15 0.456953
2.16 0.444284
2.17 0.431505
2.18 0.418646
2.19 0.405736
2.2 0.392804
2.21 0.379877
2.22 0.366983
2.23 0.354148
2.24 0.341396
2.25 0.328752
2.26 0.316238
2.27 0.303875
2.28 0.291683
2.29 0.279682
2.3 0.267887
2.31 0.256315
2.32 0.244982
2.33 0.233899
2.34 0.223079
2.35 0.212532
2.36 0.202267
2.37 0.192292
2.38 0.182614
2.39 0.173237
2.4 0.164166
2.41 0.155404
2.42 0.146953
2.43 0.138812
2.44 0.130983
2.45 0.123462
2.46 0.11625
2.47 0.109341
2.48 0.102733
2.49 0.0964218
2.5 0.0904012
2.51 0.0846659
2.52 0.0792098
2.53 0.074026
2.54 0.0691076
2.55 0.064447
2.56 0.0600365
2.57 0.055868
2.58 0.0519334
2.59 0.0482243
2.6 0.0447322
2.61 0.0414487
2.62 0.0383651
2.63 0.035473
2.64 0.0327639
2.65 0.0302293
2.66 0.0278609
2.67 0.0256507
2.68 0.0235906
2.69 0.0216727
2.7 0.0198895
2.71 0.0182335
2.72 0.0166975
2.73 0.0152745
2.74 0.0139579
2.75 0.0127412
2.76 0.011618
2.77 0.0105826
2.78 0.00962914
2.79 0.00875221
2.8 0.00794665
2.81 0.00720751
2.82 0.00653014
2.83 0.00591011
2.84 0.00534323
2.85 0.00482556
2.86 0.00435339
2.87 0.00392322
2.88 0.00353177
2.89 0.00317599
2.9 0.00285299
2.91 0.00256011
2.92 0.00229483
2.93 0.00205485
2.94 0.00183799
2.95 0.00164226
2.96 0.00146581
2.97 0.00130692
2.98 0.00116401
2.99 0.00103561
3 0.000920395
3.01 0.000817123
3.02 0.000724663
3.03 0.000641978
3.04 0.00056812
3.05 0.000502221
3.06 0.000443492
3.07 0.000391212
3.08 0.000344726
3.09 0.000303439
3.1 0.000266812
3.11 0.000234355
3.12 0.000205626
3.13 0.000180226
3.14 0.000157795
3.15 0.000138008
3.16 0.000120573
3.17 0.000105228
3.18 9.17382e-05
3.19 7.9892e-05
3.2 6.95012e-05
3.21 6.03972e-05
3.22 5.24296e-05
3.23 4.54644e-05
3.24 3.93825e-05
3.25 3.40776e-05
3.26 2.94559e-05
3.27 2.54337e-05
3.28 2.19373e-05
3.29 1.89013e-05
3.3 1.62681e-05
3.31 1.39867e-05
3.32 1.20125e-05
3.33 1.03058e-05
3.34 8.83222e-06
3.35 7.56122e-06
3.36 6.46621e-06
3.37 5.52387e-06
3.38 4.71381e-06
3.39 4.01825e-06
3.4 3.42166e-06
3.41 2.91053e-06
3.42 2.47311e-06
3.43 2.09919e-06
3.44 1.77989e-06
3.45 1.50755e-06
3.46 1.27551e-06
3.47 1.07804e-06
3.48 9.10162e-07
3.49 7.67607e-07
3.5 6.46688e-07
3.51 5.44234e-07
3.52 4.57523e-07
3.53 3.84216e-07
3.54 3.2231e-07
3.55 2.70089e-07
3.56 2.26087e-07
3.57 1.89052e-07
3.58 1.57914e-07
3.59 1.31764e-07
3.6 1.09827e-07
3.61 9.14442e-08
3.62 7.60569e-08
3.63 6.31912e-08
3.64 5.24458e-08
3.65 4.34811e-08
3.66 3.60102e-08
3.67 2.9791e-08
3.68 2.46196e-08
3.69 2.03242e-08
3.7 1.67602e-08
3.71 1.38065e-08
3.72 1.13611e-08
3.73 9.33889e-09
3.74 7.6684e-09
3.75 6.28999e-09
3.76 5.15383e-09
3.77 4.21839e-09
3.78 3.44904e-09
3.79 2.81699e-09
3.8 2.29831e-09
3.81 1.87312e-09
3.82 1.52497e-09
3.83 1.2402e-09
3.84 1.00752e-09
3.85 8.17629e-10
3.86 6.62815e-10
3.87 5.3674e-10
3.88 4.34182e-10
3.89 3.50844e-10
3.9 2.832e-10
3.91 2.28353e-10
3.92 1.83932e-10
3.93 1.47993e-10
3.94 1.1895e-10
3.95 9.55035e-11
3.96 7.65969e-11
3.97 6.13675e-11
3.98 4.91136e-11
3.99 3.92645e-11
4 3.1357e-11
4.01 2.50152e-11
4.02 1.99347e-11
4.03 1.5869e-11
4.04 1.26191e-11
4.05 1.0024e-11
4.06 7.95402e-12
4.07 6.30478e-12
4.08 4.99216e-12
4.09 3.9486e-12
4.1 3.11984e-12
4.11 2.4624e-12
4.12 1.94142e-12
4.13 1.52903e-12
4.14 1.20295e-12
4.15 9.45401e-13
4.16 7.42197e-13
4.17 5.82047e-13
4.18 4.55966e-13
4.19 3.56815e-13
4.2 2.78925e-13
4.21 2.17806e-13
4.22 1.69897e-13
4.23 1.32385e-13
4.24 1.03045e-13
4.25 8.01216e-14
4.26 6.22313e-14
4.27 4.8284e-14
4.28 3.74225e-14
4.29 2.89734e-14
4.3 2.24078e-14
4.31 1.73116e-14
4.32 1.33601e-14
4.33 1.02995e-14
4.34 7.9316e-15
4.35 6.10155e-15
4.36 4.68872e-15
4.37 3.59919e-15
4.38 2.75988e-15
4.39 2.11403e-15
4.4 1.61759e-15
4.41 1.23641e-15
4.42 9.44038e-16
4.43 7.20034e-16
4.44 5.48596e-16
4.45 4.17529e-16
4.46 3.17437e-16
4.47 2.41081e-16
4.48 1.82896e-16
4.49 1.38606e-16
4.5 1.04929e-16
4.51 7.93492e-17
4.52 5.99413e-17
4.53 4.5232e-17
4.54 3.40958e-17
4.55 2.56739e-17
4.56 1.93115e-17
4.57 1.45104e-17
4.58 1.08912e-17
4.59 8.16598e-18
4.6 6.11613e-18
4.61 4.57594e-18
4.62 3.41995e-18
4.63 2.55326e-18
4.64 1.90417e-18
4.65 1.41857e-18
4.66 1.05568e-18
4.67 7.84785e-19
4.68 5.82779e-19
4.69 4.32307e-19
4.7 3.20344e-19
4.71 2.37124e-19
4.72 1.75336e-19
4.73 1.29509e-19
4.74 9.55581e-20
4.75 7.04319e-20
4.76 5.18569e-20
4.77 3.81399e-20
4.78 2.80213e-20
4.79 2.05652e-20
4.8 1.50769e-20
4.81 1.10415e-20
4.82 8.07752e-21
4.83 5.90288e-21
4.84 4.3091e-21
4.85 3.14227e-21
4.86 2.28895e-21
4.87 1.66558e-21
4.88 1.21068e-21
4.89 8.79082e-22
4.9 6.37624e-22
4.91 4.61993e-22
4.92 3.34381e-22
4.93 2.4176e-22
4.94 1.74607e-22
4.95 1.25972e-22
4.96 9.0787e-23
4.97 6.53594e-23
4.98 4.70032e-23
4.99 3.37663e-23
5 2.42312e-23
5.01 1.737e-23
5.02 1.24384e-23
5.03 8.89735e-24
5.04 6.35761e-24
5.05 4.53798e-24
5.06 3.23569e-24
5.07 2.30466e-24
5.08 1.63977e-24
5.09 1.16545e-24
5.1 8.27447e-25
5.11 5.86844e-25
5.12 4.15758e-25
5.13 2.94235e-25
5.14 2.08009e-25
5.15 1.46895e-25
5.16 1.03626e-25
5.17 7.30236e-26
5.18 5.14037e-26
5.19 3.61461e-26
5.2 2.539e-26
5.21 1.78156e-26
5.22 1.24875e-26
5.23 8.74347e-27
5.24 6.11545e-27
5.25 4.27276e-27
5.26 2.98212e-27
5.27 2.0791e-27
5.28 1.44798e-27
5.29 1.00736e-27
5.3 7.00073e-28
5.31 4.86001e-28
5.32 3.37028e-28
5.33 2.3347e-28
5.34 1.61559e-28
5.35 1.11678e-28
5.36 7.7115e-29
5.37 5.31919e-29
5.38 3.66512e-29
5.39 2.5227e-29
5.4 1.73452e-29
5.41 1.19132e-29
5.42 8.17362e-30
5.43 5.60189e-30
5.44 3.83522e-30
5.45 2.6229e-30
5.46 1.79188e-30
5.47 1.22285e-30
5.48 8.33624e-31
5.49 5.67681e-31
5.5 3.86166e-31
5.51 2.62409e-31
5.52 1.78123e-31
5.53 1.2078e-31
5.54 8.18101e-32
5.55 5.53547e-32
5.56 3.74142e-32
5.57 2.52613e-32
5.58 1.70376e-32
5.59 1.14789e-32
5.6 7.72545e-33
5.61 5.19379e-33
5.62 3.48803e-33
5.63 2.33998e-33
5.64 1.56812e-33
5.65 1.04974e-33
5.66 7.01974e-34
5.67 4.68916e-34
5.68 3.129e-34
5.69 2.08569e-34
5.7 1.38877e-34
5.71 9.23735e-35
5.72 6.13761e-35
5.73 4.07368e-35
5.74 2.70091e-35
5.75 1.78883e-35
5.76 1.18348e-35
5.77 7.82154e-36
5.78 5.16366e-36
5.79 3.40532e-36
5.8 2.24334e-36
5.81 1.47627e-36
5.82 9.70453e-37
5.83 6.37261e-37
5.84 4.18019e-37
5.85 2.73912e-37
5.86 1.79292e-37
5.87 1.17232e-37
5.88 7.65714e-38
5.89 4.99601e-38
5.9 3.25623e-38
5.91 2.12004e-38
5.92 1.37882e-38
5.93 8.95788e-39
5.94 5.81353e-39
5.95 3.76886e-39
5.96 2.4407e-39
5.97 1.57891e-39
5.98 1.02031e-39
5.99 6.58635e-40
