-6 2.18718e-05
-5.99 2.31757e-05
-5.98 2.45536e-05
-5.97 2.60092e-05
-5.96 2.75466e-05
-5.95 2.91703e-05
-5.94 3.08847e-05
-5.93 3.26946e-05
-5.92 3.46048e-05
-5.91 3.66207e-05
-5.9 3.87475e-05
-5.89 4.09911e-05
-5.88 4.33573e-05
-5.87 4.58525e-05
-5.86 4.84831e-05
-5.85 5.12559e-05
-5.84 5.41781e-05
-5.83 5.72571e-05
-5.82 6.05008e-05
-5.81 6.39172e-05
-5.8 6.75149e-05
-5.79 7.13027e-05
-5.78 7.529e-05
-5.77 7.94864e-05
-5.76 8.3902e-05
-5.75 8.85473e-05
-5.74 9.34334e-05
-5.73 9.85717e-05
-5.72 0.000103974
-5.71 0.000109653
-5.7 0.000115622
-5.69 0.000121894
-5.68 0.000128483
-5.67 0.000135404
-5.66 0.000142672
-5.65 0.000150303
-5.64 0.000158314
-5.63 0.000166721
-5.62 0.000175543
-5.61 0.000184798
-5.6 0.000194506
-5.59 0.000204687
-5.58 0.000215361
-5.57 0.00022655
-5.56 0.000238277
-5.55 0.000250565
-5.54 0.000263438
-5.53 0.000276921
-5.52 0.000291041
-5.51 0.000305824
-5.5 0.000321298
-5.49 0.000337493
-5.48 0.000354439
-5.47 0.000372166
-5.46 0.000390707
-5.45 0.000410095
-5.44 0.000430365
-5.43 0.000451553
-5.42 0.000473695
-5.41 0.000496831
-5.4 0.000520998
-5.39 0.000546238
-5.38 0.000572594
-5.37 0.000600109
-5.36 0.000628827
-5.35 0.000658796
-5.34 0.000690063
-5.33 0.000722677
-5.32 0.00075669
-5.31 0.000792155
-5.3 0.000829124
-5.29 0.000867655
-5.28 0.000907805
-5.27 0.000949632
-5.26 0.000993199
-5.25 0.00103857
-5.24 0.0010858
-5.23 0.00113497
-5.22 0.00118614
-5.21 0.00123937
-5.2 0.00129476
-5.19 0.00135235
-5.18 0.00141225
-5.17 0.00147451
-5.16 0.00153922
-5.15 0.00160647
-5.14 0.00167634
-5.13 0.00174891
-5.12 0.00182427
-5.11 0.00190252
-5.1 0.00198374
-5.09 0.00206804
-5.08 0.0021555
-5.07 0.00224624
-5.06 0.00234034
-5.05 0.00243792
-5.04 0.00253908
-5.03 0.00264393
-5.02 0.00275259
-5.01 0.00286515
-5 0.00298175
-4.99 0.0031025
-4.98 0.00322752
-4.97 0.00335693
-4.96 0.00349085
-4.95 0.00362943
-4.94 0.00377277
-4.93 0.00392103
-4.92 0.00407432
-4.91 0.00423279
-4.9 0.00439658
-4.89 0.00456583
-4.88 0.00474068
-4.87 0.00492128
-4.86 0.00510777
-4.85 0.00530031
-4.84 0.00549904
-4.83 0.00570413
-4.82 0.00591572
-4.81 0.00613398
-4.8 0.00635907
-4.79 0.00659114
-4.78 0.00683036
-4.77 0.00707689
-4.76 0.00733091
-4.75 0.00759258
-4.74 0.00786207
-4.73 0.00813956
-4.72 0.0084252
-4.71 0.00871919
-4.7 0.00902169
-4.69 0.00933288
-4.68 0.00965294
-4.67 0.00998205
-4.66 0.0103204
-4.65 0.0106681
-4.64 0.0110254
-4.63 0.0113925
-4.62 0.0117695
-4.61 0.0121567
-4.6 0.0125541
-4.59 0.0129621
-4.58 0.0133807
-4.57 0.0138101
-4.56 0.0142506
-4.55 0.0147023
-4.54 0.0151653
-4.53 0.01564
-4.52 0.0161263
-4.51 0.0166246
-4.5 0.0171349
-4.49 0.0176575
-4.48 0.0181924
-4.47 0.01874
-4.46 0.0193003
-4.45 0.0198735
-4.44 0.0204598
-4.43 0.0210593
-4.42 0.0216721
-4.41 0.0222985
-4.4 0.0229385
-4.39 0.0235923
-4.38 0.0242601
-4.37 0.0249419
-4.36 0.0256379
-4.35 0.0263483
-4.34 0.0270731
-4.33 0.0278124
-4.32 0.0285664
-4.31 0.0293351
-4.3 0.0301187
-4.29 0.0309173
-4.28 0.0317308
-4.27 0.0325595
-4.26 0.0334033
-4.25 0.0342624
-4.24 0.0351367
-4.23 0.0360264
-4.22 0.0369315
-4.21 0.0378519
-4.2 0.0387878
-4.19 0.0397391
-4.18 0.0407059
-4.17 0.0416882
-4.16 0.0426858
-4.15 0.0436989
-4.14 0.0447274
-4.13 0.0457712
-4.12 0.0468303
-4.11 0.0479046
-4.1 0.0489942
-4.09 0.0500987
-4.08 0.0512183
-4.07 0.0523528
-4.06 0.053502
-4.05 0.0546659
-4.04 0.0558444
-4.03 0.0570372
-4.02 0.0582442
-4.01 0.0594652
-4 0.0607001
-3.99 0.0619487
-3.98 0.0632107
-3.97 0.064486
-3.96 0.0657743
-3.95 0.0670754
-3.94 0.068389
-3.93 0.0697149
-3.92 0.0710527
-3.91 0.0724023
-3.9 0.0737632
-3.89 0.0751353
-3.88 0.076518
-3.87 0.0779112
-3.86 0.0793145
-3.85 0.0807274
-3.84 0.0821497
-3.83 0.0835809
-3.82 0.0850207
-3.81 0.0864686
-3.8 0.0879243
-3.79 0.0893872
-3.78 0.090857
-3.77 0.0923331
-3.76 0.0938152
-3.75 0.0953028
-3.74 0.0967953
-3.73 0.0982923
-3.72 0.0997932
-3.71 0.101298
-3.7 0.102805
-3.69 0.104315
-3.68 0.105826
-3.67 0.107339
-3.66 0.108853
-3.65 0.110367
-3.64 0.11188
-3.63 0.113392
-3.62 0.114903
-3.61 0.116412
-3.6 0.117918
-3.59 0.11942
-3.58 0.120919
-3.57 0.122413
-3.56 0.123902
-3.55 0.125385
-3.54 0.126861
-3.53 0.128331
-3.52 0.129792
-3.51 0.131246
-3.5 0.13269
-3.49 0.134125
-3.48 0.135549
-3.47 0.136962
-3.46 0.138364
-3.45 0.139754
-3.44 0.141131
-3.43 0.142494
-3.42 0.143844
-3.41 0.145178
-3.4 0.146498
-3.39 0.147801
-3.38 0.149088
-3.37 0.150358
-3.36 0.151609
-3.35 0.152843
-3.34 0.154057
-3.33 0.155252
-3.32 0.156427
-3.31 0.157581
-3.3 0.158714
-3.29 0.159825
-3.28 0.160914
-3.27 0.16198
-3.26 0.163022
-3.25 0.164041
-3.24 0.165035
-3.23 0.166004
-3.22 0.166948
-3.21 0.167866
-3.2 0.168758
-3.19 0.169623
-3.18 0.170462
-3.17 0.171272
-3.16 0.172055
-3.15 0.17281
-3.14 0.173536
-3.13 0.174233
-3.12 0.174901
-3.11 0.17554
-3.1 0.176148
-3.09 0.176727
-3.08 0.177275
-3.07 0.177793
-3.06 0.17828
-3.05 0.178736
-3.04 0.179161
-3.03 0.179555
-3.02 0.179917
-3.01 0.180248
-3 0.180547
-2.99 0.180814
-2.98 0.18105
-2.97 0.181254
-2.96 0.181426
-2.95 0.181567
-2.94 0.181675
-2.93 0.181752
-2.92 0.181797
-2.91 0.181811
-2.9 0.181793
-2.89 0.181744
-2.88 0.181663
-2.87 0.181552
-2.86 0.181409
-2.85 0.181236
-2.84 0.181033
-2.83 0.180799
-2.82 0.180535
-2.81 0.180242
-2.8 0.179919
-2.79 0.179567
-2.78 0.179187
-2.77 0.178778
-2.76 0.17834
-2.75 0.177876
-2.74 0.177384
-2.73 0.176865
-2.72 0.17632
-2.71 0.175748
-2.7 0.175151
-2.69 0.174529
-2.68 0.173883
-2.67 0.173212
-2.66 0.172518
-2.65 0.171801
-2.64 0.171061
-2.63 0.170299
-2.62 0.169516
-2.61 0.168712
-2.6 0.167888
-2.59 0.167044
-2.58 0.166181
-2.57 0.165299
-2.56 0.164399
-2.55 0.163483
-2.54 0.162549
-2.53 0.1616
-2.52 0.160635
-2.51 0.159656
-2.5 0.158662
-2.49 0.157656
-2.48 0.156636
-2.47 0.155604
-2.46 0.154561
-2.45 0.153507
-2.44 0.152443
-2.43 0.15137
-2.42 0.150287
-2.41 0.149197
-2.4 0.148099
-2.39 0.146995
-2.38 0.145884
-2.37 0.144768
-2.36 0.143647
-2.35 0.142522
-2.34 0.141394
-2.33 0.140262
-2.32 0.139129
-2.31 0.137994
-2.3 0.136858
-2.29 0.135722
-2.28 0.134586
-2.27 0.133451
-2.26 0.132317
-2.25 0.131186
-2.24 0.130057
-2.23 0.128932
-2.22 0.127811
-2.21 0.126694
-2.2 0.125582
-2.19 0.124476
-2.18 0.123376
-2.17 0.122283
-2.16 0.121196
-2.15 0.120118
-2.14 0.119047
-2.13 0.117985
-2.12 0.116932
-2.11 0.115889
-2.1 0.114856
-2.09 0.113833
-2.08 0.112821
-2.07 0.11182
-2.06 0.110831
-2.05 0.109855
-2.04 0.10889
-2.03 0.107938
-2.02 0.107
-2.01 0.106075
-2 0.105164
-1.99 0.104267
-1.98 0.103384
-1.97 0.102516
-1.96 0.101663
-1.95 0.100825
-1.94 0.100003
-1.93 0.0991961
-1.92 0.0984054
-1.91 0.0976308
-1.9 0.0968725
-1.89 0.0961307
-1.88 0.0954056
-1.87 0.0946973
-1.86 0.0940059
-1.85 0.0933317
-1.84 0.0926746
-1.83 0.0920349
-1.82 0.0914125
-1.81 0.0908076
-1.8 0.0902203
-1.79 0.0896506
-1.78 0.0890986
-1.77 0.0885642
-1.76 0.0880476
-1.75 0.0875486
-1.74 0.0870675
-1.73 0.086604
-1.72 0.0861582
-1.71 0.0857301
-1.7 0.0853197
-1.69 0.0849268
-1.68 0.0845515
-1.67 0.0841937
-1.66 0.0838532
-1.65 0.0835301
-1.64 0.0832241
-1.63 0.0829353
-1.62 0.0826635
-1.61 0.0824086
-1.6 0.0821704
-1.59 0.0819489
-1.58 0.0817439
-1.57 0.0815553
-1.56 0.0813828
-1.55 0.0812264
-1.54 0.0810859
-1.53 0.080961
-1.52 0.0808517
-1.51 0.0807578
-1.5 0.080679
-1.49 0.0806152
-1.48 0.0805662
-1.47 0.0805318
-1.46 0.0805117
-1.45 0.0805058
-1.44 0.0805138
-1.43 0.0805356
-1.42 0.0805709
-1.41 0.0806195
-1.4 0.0806811
-1.39 0.0807556
-1.38 0.0808427
-1.37 0.0809422
-1.36 0.0810538
-1.35 0.0811773
-1.34 0.0813124
-1.33 0.081459
-1.32 0.0816167
-1.31 0.0817853
-1.3 0.0819647
-1.29 0.0821544
-1.28 0.0823544
-1.27 0.0825643
-1.26 0.0827839
-1.25 0.0830129
-1.24 0.0832511
-1.23 0.0834982
-1.22 0.0837541
-1.21 0.0840184
-1.2 0.0842908
-1.19 0.0845713
-1.18 0.0848594
-1.17 0.0851549
-1.16 0.0854577
-1.15 0.0857674
-1.14 0.0860839
-1.13 0.0864068
-1.12 0.0867359
-1.11 0.087071
-1.1 0.0874119
-1.09 0.0877582
-1.08 0.0881099
-1.07 0.0884665
-1.06 0.088828
-1.05 0.089194
-1.04 0.0895644
-1.03 0.0899389
-1.02 0.0903172
-1.01 0.0906993
-1 0.0910847
-0.99 0.0914734
-0.98 0.091865
-0.97 0.0922595
-0.96 0.0926565
-0.95 0.0930558
-0.94 0.0934573
-0.93 0.0938608
-0.92 0.0942659
-0.91 0.0946726
-0.9 0.0950806
-0.89 0.0954898
-0.88 0.0958999
-0.87 0.0963107
-0.86 0.096722
-0.85 0.0971338
-0.84 0.0975456
-0.83 0.0979575
-0.82 0.0983692
-0.81 0.0987805
-0.8 0.0991913
-0.79 0.0996014
-0.78 0.100011
-0.77 0.100419
-0.76 0.100826
-0.75 0.101231
-0.74 0.101635
-0.73 0.102037
-0.72 0.102437
-0.71 0.102836
-0.7 0.103232
-0.69 0.103626
-0.68 0.104017
-0.67 0.104406
-0.66 0.104792
-0.65 0.105175
-0.64 0.105555
-0.63 0.105932
-0.62 0.106306
-0.61 0.106676
-0.6 0.107042
-0.59 0.107405
-0.58 0.107765
-0.57 0.10812
-0.56 0.108471
-0.55 0.108818
-0.54 0.109161
-0.53 0.109499
-0.52 0.109833
-0.51 0.110162
-0.5 0.110487
-0.49 0.110807
-0.48 0.111122
-0.47 0.111432
-0.46 0.111736
-0.45 0.112036
-0.44 0.11233
-0.43 0.112619
-0.42 0.112903
-0.41 0.113181
-0.4 0.113453
-0.39 0.11372
-0.38 0.113981
-0.37 0.114236
-0.36 0.114485
-0.35 0.114728
-0.34 0.114965
-0.33 0.115196
-0.32 0.115421
-0.31 0.115639
-0.3 0.115851
-0.29 0.116057
-0.28 0.116257
-0.27 0.116449
-0.26 0.116636
-0.25 0.116815
-0.24 0.116988
-0.23 0.117155
-0.22 0.117314
-0.21 0.117467
-0.2 0.117613
-0.19 0.117752
-0.18 0.117884
-0.17 0.118009
-0.16 0.118127
-0.15 0.118239
-0.14 0.118343
-0.13 0.11844
-0.12 0.11853
-0.11 0.118613
-0.1 0.118689
-0.09 0.118757
-0.08 0.118819
-0.07 0.118873
-0.06 0.11892
-0.05 0.11896
-0.04 0.118993
-0.03 0.119018
-0.02 0.119036
-0.01 0.119047
0 0.119051
0.01 0.119047
0.02 0.119036
0.03 0.119018
0.04 0.118993
0.05 0.11896
0.06 0.11892
0.07 0.118873
0.08 0.118819
0.09 0.118757
0.1 0.118689
0.11 0.118613
0.12 0.11853
0.13 0.11844
0.14 0.118343
0.15 0.118239
0.16 0.118127
0.17 0.118009
0.18 0.117884
0.19 0.117752
0.2 0.117613
0.21 0.117467
0.22 0.117314
0.23 0.117155
0.24 0.116988
0.25 0.116815
0.26 0.116636
0.27 0.116449
0.28 0.116257
0.29 0.116057
0.3 0.115851
0.31 0.115639
0.32 0.115421
0.33 0.115196
0.34 0.114965
0.35 0.114728
0.36 0.114485
0.37 0.114236
0.38 0.113981
0.39 0.11372
0.4 0.113453
0.41 0.113181
0.42 0.112903
0.43 0.112619
0.44 0.11233
0.45 0.112036
0.46 0.111736
0.47 0.111432
0.48 0.111122
0.49 0.110807
0.5 0.110487
0.51 0.110162
0.52 0.109833
0.53 0.109499
0.54 0.109161
0.55 0.108818
0.56 0.108471
0.57 0.10812
0.58 0.107765
0.59 0.107405
0.6 0.107042
0.61 0.106676
0.62 0.106306
0.63 0.105932
0.64 0.105555
0.65 0.105175
0.66 0.104792
0.67 0.104406
0.68 0.104017
0.69 0.103626
0.7 0.103232
0.71 0.102836
0.72 0.102437
0.73 0.102037
0.74 0.101635
0.75 0.101231
0.76 0.100826
0.77 0.100419
0.78 0.100011
0.79 0.0996014
0.8 0.0991913
0.81 0.0987805
0.82 0.0983692
0.83 0.0979575
0.84 0.0975456
0.85 0.0971338
0.86 0.096722
0.87 0.0963107
0.88 0.0958999
0.89 0.0954898
0.9 0.0950806
0.91 0.0946726
0.92 0.0942659
0.93 0.0938608
0.94 0.0934573
0.95 0.0930558
0.96 0.0926565
0.97 0.0922595
0.98 0.091865
0.99 0.0914734
1 0.0910847
1.01 0.0906993
1.02 0.0903172
1.03 0.0899389
1.04 0.0895644
1.05 0.089194
1.06 0.088828
1.07 0.0884665
1.08 0.0881099
1.09 0.0877582
1.1 0.0874119
1.11 0.087071
1.12 0.0867359
1.13 0.0864068
1.14 0.0860839
1.15 0.0857674
1.16 0.0854577
1.17 0.0851549
1.18 0.0848594
1.19 0.0845713
1.2 0.0842908
1.21 0.0840184
1.22 0.0837541
1.23 0.0834982
1.24 0.0832511
1.25 0.0830129
1.26 0.0827839
1.27 0.0825643
1.28 0.0823544
1.29 0.0821544
1.3 0.0819647
1.31 0.0817853
1.32 0.0816167
1.33 0.081459
1.34 0.0813124
1.35 0.0811773
1.36 0.0810538
1.37 0.0809422
1.38 0.0808427
1.39 0.0807556
1.4 0.0806811
1.41 0.0806195
1.42 0.0805709
1.43 0.0805356
1.44 0.0805138
1.45 0.0805058
1.46 0.0805117
1.47 0.0805318
1.48 0.0805662
1.49 0.0806152
1.5 0.080679
1.51 0.0807578
1.52 0.0808517
1.53 0.080961
1.54 0.0810859
1.55 0.0812264
1.56 0.0813828
1.57 0.0815553
1.58 0.0817439
1.59 0.0819489
1.6 0.0821704
1.61 0.0824086
1.62 0.0826635
1.63 0.0829353
1.64 0.0832241
1.65 0.0835301
1.66 0.0838532
1.67 0.0841937
1.68 0.0845515
1.69 0.0849268
1.7 0.0853197
1.71 0.0857301
1.72 0.0861582
1.73 0.086604
1.74 0.0870675
1.75 0.0875486
1.76 0.0880476
1.77 0.0885642
1.78 0.0890986
1.79 0.0896506
1.8 0.0902203
1.81 0.0908076
1.82 0.0914125
1.83 0.0920349
1.84 0.0926746
1.85 0.0933317
1.86 0.0940059
1.87 0.0946973
1.88 0.0954056
1.89 0.0961307
1.9 0.0968725
1.91 0.0976308
1.92 0.0984054
1.93 0.0991961
1.94 0.100003
1.95 0.100825
1.96 0.101663
1.97 0.102516
1.98 0.103384
1.99 0.104267
2 0.105164
2.01 0.106075
2.02 0.107
2.03 0.107938
2.04 0.10889
2.05 0.109855
2.06 0.110831
2.07 0.11182
2.08 0.112821
2.09 0.113833
2.1 0.114856
2.11 0.115889
2.12 0.116932
2.13 0.117985
2.14 0.119047
2.15 0.120118
2.16 0.121196
2.17 0.122283
2.18 0.123376
2.19 0.124476
2.2 0.125582
2.21 0.126694
2.22 0.127811
2.23 0.128932
2.24 0.130057
2.25 0.131186
2.26 0.132317
2.27 0.133451
2.28 0.134586
2.29 0.135722
2.3 0.136858
2.31 0.137994
2.32 0.139129
2.33 0.140262
2.34 0.141394
2.35 0.142522
2.36 0.143647
2.37 0.144768
2.38 0.145884
2.39 0.146995
2.4 0.148099
2.41 0.149197
2.42 0.150287
2.43 0.15137
2.44 0.152443
2.45 0.153507
2.46 0.154561
2.47 0.155604
2.48 0.156636
2.49 0.157656
2.5 0.158662
2.51 0.159656
2.52 0.160635
2.53 0.1616
2.54 0.162549
2.55 0.163483
2.56 0.164399
2.57 0.165299
2.58 0.166181
2.59 0.167044
2.6 0.167888
2.61 0.168712
2.62 0.169516
2.63 0.170299
2.64 0.171061
2.65 0.171801
2.66 0.172518
2.67 0.173212
2.68 0.173883
2.69 0.174529
2.7 0.175151
2.71 0.175748
2.72 0.17632
2.73 0.176865
2.74 0.177384
2.75 0.177876
2.76 0.17834
2.77 0.178778
2.78 0.179187
2.79 0.179567
2.8 0.179919
2.81 0.180242
2.82 0.180535
2.83 0.180799
2.84 0.181033
2.85 0.181236
2.86 0.181409
2.87 0.181552
2.88 0.181663
2.89 0.181744
2.9 0.181793
2.91 0.181811
2.92 0.181797
2.93 0.181752
2.94 0.181675
2.95 0.181567
2.96 0.181426
2.97 0.181254
2.98 0.18105
2.99 0.180814
3 0.180547
3.01 0.180248
3.02 0.179917
3.03 0.179555
3.04 0.179161
3.05 0.178736
3.06 0.17828
3.07 0.177793
3.08 0.177275
3.09 0.176727
3.1 0.176148
3.11 0.17554
3.12 0.174901
3.13 0.174233
3.14 0.173536
3.15 0.17281
3.16 0.172055
3.17 0.171272
3.18 0.170462
3.19 0.169623
3.2 0.168758
3.21 0.167866
3.22 0.166948
3.23 0.166004
3.24 0.165035
3.25 0.164041
3.26 0.163022
3.27 0.16198
3.28 0.160914
3.29 0.159825
3.3 0.158714
3.31 0.157581
3.32 0.156427
3.33 0.155252
3.34 0.154057
3.35 0.152843
3.36 0.151609
3.37 0.150358
3.38 0.149088
3.39 0.147801
3.4 0.146498
3.41 0.145178
3.42 0.143844
3.43 0.142494
3.44 0.141131
3.45 0.139754
3.46 0.138364
3.47 0.136962
3.48 0.135549
3.49 0.134125
3.5 0.13269
3.51 0.131246
3.52 0.129792
3.53 0.128331
3.54 0.126861
3.55 0.125385
3.56 0.123902
3.57 0.122413
3.58 0.120919
3.59 0.11942
3.6 0.117918
3.61 0.116412
3.62 0.114903
3.63 0.113392
3.64 0.11188
3.65 0.110367
3.66 0.108853
3.67 0.107339
3.68 0.105826
3.69 0.104315
3.7 0.102805
3.71 0.101298
3.72 0.0997932
3.73 0.0982923
3.74 0.0967953
3.75 0.0953028
3.76 0.0938152
3.77 0.0923331
3.78 0.090857
3.79 0.0893872
3.8 0.0879243
3.81 0.0864686
3.82 0.0850207
3.83 0.0835809
3.84 0.0821497
3.85 0.0807274
3.86 0.0793145
3.87 0.0779112
3.88 0.076518
3.89 0.0751353
3.9 0.0737632
3.91 0.0724023
3.92 0.0710527
3.93 0.0697149
3.94 0.068389
3.95 0.0670754
3.96 0.0657743
3.97 0.064486
3.98 0.0632107
3.99 0.0619487
4 0.0607001
4.01 0.0594652
4.02 0.0582442
4.03 0.0570372
4.04 0.0558444
4.05 0.0546659
4.06 0.053502
4.07 0.0523528
4.08 0.0512183
4.09 0.0500987
4.1 0.0489942
4.11 0.0479046
4.12 0.0468303
4.13 0.0457712
4.14 0.0447274
4.15 0.0436989
4.16 0.0426858
4.17 0.0416882
4.18 0.0407059
4.19 0.0397391
4.2 0.0387878
4.21 0.0378519
4.22 0.0369315
4.23 0.0360264
4.24 0.0351367
4.25 0.0342624
4.26 0.0334033
4.27 0.0325595
4.28 0.0317308
4.29 0.0309173
4.3 0.0301187
4.31 0.0293351
4.32 0.0285664
4.33 0.0278124
4.34 0.0270731
4.35 0.0263483
4.36 0.0256379
4.37 0.0249419
4.38 0.0242601
4.39 0.0235923
4.4 0.0229385
4.41 0.0222985
4.42 0.0216721
4.43 0.0210593
4.44 0.0204598
4.45 0.0198735
4.46 0.0193003
4.47 0.01874
4.48 0.0181924
4.49 0.0176575
4.5 0.0171349
4.51 0.0166246
4.52 0.0161263
4.53 0.01564
4.54 0.0151653
4.55 0.0147023
4.56 0.0142506
4.57 0.0138101
4.58 0.0133807
4.59 0.0129621
4.6 0.0125541
4.61 0.0121567
4.62 0.0117695
4.63 0.0113925
4.64 0.0110254
4.65 0.0106681
4.66 0.0103204
4.67 0.00998205
4.68 0.00965294
4.69 0.00933288
4.7 0.00902169
4.71 0.00871919
4.72 0.0084252
4.73 0.00813956
4.74 0.00786207
4.75 0.00759258
4.76 0.00733091
4.77 0.00707689
4.78 0.00683036
4.79 0.00659114
4.8 0.00635907
4.81 0.00613398
4.82 0.00591572
4.83 0.00570413
4.84 0.00549904
4.85 0.00530031
4.86 0.00510777
4.87 0.00492128
4.88 0.00474068
4.89 0.00456583
4.9 0.00439658
4.91 0.00423279
4.92 0.00407432
4.93 0.00392103
4.94 0.00377277
4.95 0.00362943
4.96 0.00349085
4.97 0.00335693
4.98 0.00322752
4.99 0.0031025
5 0.00298175
5.01 0.00286515
5.02 0.00275259
5.03 0.00264393
5.04 0.00253908
5.05 0.00243792
5.06 0.00234034
5.07 0.00224624
5.08 0.0021555
5.09 0.00206804
5.1 0.00198374
5.11 0.00190252
5.12 0.00182427
5.13 0.00174891
5.14 0.00167634
5.15 0.00160647
5.16 0.00153922
5.17 0.00147451
5.18 0.00141225
5.19 0.00135235
5.2 0.00129476
5.21 0.00123937
5.22 0.00118614
5.23 0.00113497
5.24 0.0010858
5.25 0.00103857
5.26 0.000993199
5.27 0.000949632
5.28 0.000907805
5.29 0.000867655
5.3 0.000829124
5.31 0.000792155
5.32 0.00075669
5.33 0.000722677
5.34 0.000690063
5.35 0.000658796
5.36 0.000628827
5.37 0.000600109
5.38 0.000572594
5.39 0.000546238
5.4 0.000520998
5.41 0.000496831
5.42 0.000473695
5.43 0.000451553
5.44 0.000430365
5.45 0.000410095
5.46 0.000390707
5.47 0.000372166
5.48 0.000354439
5.49 0.000337493
5.5 0.000321298
5.51 0.000305824
5.52 0.000291041
5.53 0.000276921
5.54 0.000263438
5.55 0.000250565
5.56 0.000238277
5.57 0.00022655
5.58 0.000215361
5.59 0.000204687
5.6 0.000194506
5.61 0.000184798
5.62 0.000175543
5.63 0.000166721
5.64 0.000158314
5.65 0.000150303
5.66 0.000142672
5.67 0.000135404
5.68 0.000128483
5.69 0.000121894
5.7 0.000115622
5.71 0.000109653
5.72 0.000103974
5.73 9.85717e-05
5.74 9.34334e-05
5.75 8.85473e-05
5.76 8.3902e-05
5.77 7.94864e-05
5.78 7.529e-05
5.79 7.13027e-05
5.8 6.75149e-05
5.81 6.39172e-05
5.82 6.05008e-05
5.83 5.72571e-05
5.84 5.41781e-05
5.85 5.12559e-05
5.86 4.84831e-05
5.87 4.58525e-05
5.88 4.33573e-05
5.89 4.09911e-05
5.9 3.87475e-05
5.91 3.66207e-05
5.92 3.46048e-05
5.93 3.26946e-05
5.94 3.08847e-05
5.95 2.91703e-05
5.96 2.75466e-05
5.97 2.60092e-05
5.98 2.45536e-05
5.99 2.31757e-05
