-6 0.00154458
-5.99 0.00159243
-5.98 0.00164159
-5.97 0.00169209
-5.96 0.00174398
-5.95 0.00179728
-5.94 0.00185202
-5.93 0.00190824
-5.92 0.00196597
-5.91 0.00202524
-5.9 0.00208609
-5.89 0.00214856
-5.88 0.00221267
-5.87 0.00227846
-5.86 0.00234598
-5.85 0.00241526
-5.84 0.00248633
-5.83 0.00255924
-5.82 0.00263403
-5.81 0.00271073
-5.8 0.00278938
-5.79 0.00287002
-5.78 0.00295271
-5.77 0.00303747
-5.76 0.00312435
-5.75 0.00321339
-5.74 0.00330464
-5.73 0.00339814
-5.72 0.00349394
-5.71 0.00359208
-5.7 0.0036926
-5.69 0.00379556
-5.68 0.003901
-5.67 0.00400896
-5.66 0.0041195
-5.65 0.00423267
-5.64 0.00434851
-5.63 0.00446707
-5.62 0.0045884
-5.61 0.00471256
-5.6 0.0048396
-5.59 0.00496956
-5.58 0.0051025
-5.57 0.00523847
-5.56 0.00537752
-5.55 0.00551972
-5.54 0.00566511
-5.53 0.00581374
-5.52 0.00596568
-5.51 0.00612097
-5.5 0.00627968
-5.49 0.00644186
-5.48 0.00660756
-5.47 0.00677685
-5.46 0.00694978
-5.45 0.00712641
-5.44 0.0073068
-5.43 0.007491
-5.42 0.00767908
-5.41 0.00787109
-5.4 0.0080671
-5.39 0.00826716
-5.38 0.00847133
-5.37 0.00867967
-5.36 0.00889225
-5.35 0.00910912
-5.34 0.00933035
-5.33 0.00955599
-5.32 0.00978611
-5.31 0.0100208
-5.3 0.01026
-5.29 0.010504
-5.28 0.0107526
-5.27 0.011006
-5.26 0.0112643
-5.25 0.0115275
-5.24 0.0117956
-5.23 0.0120688
-5.22 0.012347
-5.21 0.0126305
-5.2 0.0129191
-5.19 0.013213
-5.18 0.0135122
-5.17 0.0138168
-5.16 0.0141269
-5.15 0.0144425
-5.14 0.0147637
-5.13 0.0150905
-5.12 0.0154229
-5.11 0.0157612
-5.1 0.0161052
-5.09 0.0164551
-5.08 0.0168109
-5.07 0.0171727
-5.06 0.0175405
-5.05 0.0179144
-5.04 0.0182945
-5.03 0.0186807
-5.02 0.0190732
-5.01 0.019472
-5 0.0198771
-4.99 0.0202886
-4.98 0.0207066
-4.97 0.021131
-4.96 0.021562
-4.95 0.0219996
-4.94 0.0224438
-4.93 0.0228947
-4.92 0.0233524
-4.91 0.0238167
-4.9 0.0242879
-4.89 0.0247659
-4.88 0.0252509
-4.87 0.0257427
-4.86 0.0262415
-4.85 0.0267472
-4.84 0.02726
-4.83 0.0277798
-4.82 0.0283067
-4.81 0.0288408
-4.8 0.0293819
-4.79 0.0299302
-4.78 0.0304857
-4.77 0.0310484
-4.76 0.0316183
-4.75 0.0321954
-4.74 0.0327798
-4.73 0.0333715
-4.72 0.0339704
-4.71 0.0345767
-4.7 0.0351902
-4.69 0.035811
-4.68 0.0364391
-4.67 0.0370746
-4.66 0.0377173
-4.65 0.0383673
-4.64 0.0390247
-4.63 0.0396893
-4.62 0.0403612
-4.61 0.0410404
-4.6 0.0417268
-4.59 0.0424204
-4.58 0.0431213
-4.57 0.0438294
-4.56 0.0445446
-4.55 0.045267
-4.54 0.0459964
-4.53 0.046733
-4.52 0.0474766
-4.51 0.0482272
-4.5 0.0489847
-4.49 0.0497492
-4.48 0.0505206
-4.47 0.0512987
-4.46 0.0520837
-4.45 0.0528754
-4.44 0.0536737
-4.43 0.0544786
-4.42 0.0552901
-4.41 0.056108
-4.4 0.0569323
-4.39 0.057763
-4.38 0.0585999
-4.37 0.059443
-4.36 0.0602922
-4.35 0.0611474
-4.34 0.0620085
-4.33 0.0628755
-4.32 0.0637482
-4.31 0.0646265
-4.3 0.0655104
-4.29 0.0663997
-4.28 0.0672944
-4.27 0.0681943
-4.26 0.0690993
-4.25 0.0700093
-4.24 0.0709242
-4.23 0.0718439
-4.22 0.0727682
-4.21 0.073697
-4.2 0.0746302
-4.19 0.0755677
-4.18 0.0765093
-4.17 0.0774549
-4.16 0.0784043
-4.15 0.0793574
-4.14 0.080314
-4.13 0.0812741
-4.12 0.0822374
-4.11 0.0832038
-4.1 0.0841731
-4.09 0.0851453
-4.08 0.08612
-4.07 0.0870971
-4.06 0.0880766
-4.05 0.0890581
-4.04 0.0900416
-4.03 0.0910269
-4.02 0.0920137
-4.01 0.0930019
-4 0.0939913
-3.99 0.0949818
-3.98 0.0959731
-3.97 0.096965
-3.96 0.0979574
-3.95 0.09895
-3.94 0.0999428
-3.93 0.100935
-3.92 0.101928
-3.91 0.102919
-3.9 0.10391
-3.89 0.1049
-3.88 0.105889
-3.87 0.106877
-3.86 0.107863
-3.85 0.108847
-3.84 0.109829
-3.83 0.110809
-3.82 0.111787
-3.81 0.112762
-3.8 0.113734
-3.79 0.114703
-3.78 0.115668
-3.77 0.11663
-3.76 0.117589
-3.75 0.118543
-3.74 0.119493
-3.73 0.120439
-3.72 0.121381
-3.71 0.122317
-3.7 0.123248
-3.69 0.124174
-3.68 0.125095
-3.67 0.126009
-3.66 0.126918
-3.65 0.127821
-3.64 0.128717
-3.63 0.129606
-3.62 0.130489
-3.61 0.131364
-3.6 0.132233
-3.59 0.133093
-3.58 0.133946
-3.57 0.134791
-3.56 0.135628
-3.55 0.136456
-3.54 0.137276
-3.53 0.138087
-3.52 0.138889
-3.51 0.139682
-3.5 0.140465
-3.49 0.141239
-3.48 0.142002
-3.47 0.142756
-3.46 0.143499
-3.45 0.144232
-3.44 0.144954
-3.43 0.145666
-3.42 0.146366
-3.41 0.147055
-3.4 0.147733
-3.39 0.148399
-3.38 0.149053
-3.37 0.149696
-3.36 0.150326
-3.35 0.150944
-3.34 0.151549
-3.33 0.152142
-3.32 0.152722
-3.31 0.153289
-3.3 0.153843
-3.29 0.154383
-3.28 0.154911
-3.27 0.155424
-3.26 0.155924
-3.25 0.15641
-3.24 0.156882
-3.23 0.15734
-3.22 0.157784
-3.21 0.158214
-3.2 0.158629
-3.19 0.159029
-3.18 0.159415
-3.17 0.159786
-3.16 0.160142
-3.15 0.160484
-3.14 0.16081
-3.13 0.161121
-3.12 0.161417
-3.11 0.161697
-3.1 0.161962
-3.09 0.162212
-3.08 0.162446
-3.07 0.162665
-3.06 0.162868
-3.05 0.163056
-3.04 0.163227
-3.03 0.163384
-3.02 0.163524
-3.01 0.163648
-3 0.163757
-2.99 0.16385
-2.98 0.163927
-2.97 0.163989
-2.96 0.164034
-2.95 0.164064
-2.94 0.164078
-2.93 0.164076
-2.92 0.164059
-2.91 0.164026
-2.9 0.163977
-2.89 0.163912
-2.88 0.163832
-2.87 0.163736
-2.86 0.163624
-2.85 0.163498
-2.84 0.163355
-2.83 0.163198
-2.82 0.163025
-2.81 0.162837
-2.8 0.162634
-2.79 0.162416
-2.78 0.162183
-2.77 0.161935
-2.76 0.161673
-2.75 0.161395
-2.74 0.161104
-2.73 0.160798
-2.72 0.160478
-2.71 0.160143
-2.7 0.159795
-2.69 0.159433
-2.68 0.159057
-2.67 0.158667
-2.66 0.158264
-2.65 0.157848
-2.64 0.157419
-2.63 0.156977
-2.62 0.156522
-2.61 0.156054
-2.6 0.155574
-2.59 0.155082
-2.58 0.154577
-2.57 0.154061
-2.56 0.153533
-2.55 0.152994
-2.54 0.152443
-2.53 0.151881
-2.52 0.151309
-2.51 0.150725
-2.5 0.150131
-2.49 0.149527
-2.48 0.148913
-2.47 0.148289
-2.46 0.147655
-2.45 0.147012
-2.44 0.14636
-2.43 0.145698
-2.42 0.145029
-2.41 0.14435
-2.4 0.143664
-2.39 0.142969
-2.38 0.142267
-2.37 0.141557
-2.36 0.14084
-2.35 0.140116
-2.34 0.139385
-2.33 0.138648
-2.32 0.137904
-2.31 0.137155
-2.3 0.136399
-2.29 0.135638
-2.28 0.134872
-2.27 0.134101
-2.26 0.133325
-2.25 0.132545
-2.24 0.131761
-2.23 0.130972
-2.22 0.13018
-2.21 0.129385
-2.2 0.128586
-2.19 0.127784
-2.18 0.12698
-2.17 0.126173
-2.16 0.125364
-2.15 0.124554
-2.14 0.123741
-2.13 0.122928
-2.12 0.122113
-2.11 0.121297
-2.1 0.120481
-2.09 0.119664
-2.08 0.118848
-2.07 0.118031
-2.06 0.117215
-2.05 0.1164
-2.04 0.115585
-2.03 0.114772
-2.02 0.11396
-2.01 0.11315
-2 0.112342
-1.99 0.111536
-1.98 0.110732
-1.97 0.109931
-1.96 0.109132
-1.95 0.108337
-1.94 0.107545
-1.93 0.106756
-1.92 0.105972
-1.91 0.105191
-1.9 0.104414
-1.89 0.103642
-1.88 0.102875
-1.87 0.102112
-1.86 0.101354
-1.85 0.100602
-1.84 0.0998547
-1.83 0.0991133
-1.82 0.0983777
-1.81 0.0976481
-1.8 0.0969247
-1.79 0.0962077
-1.78 0.0954973
-1.77 0.0947935
-1.76 0.0940967
-1.75 0.093407
-1.74 0.0927245
-1.73 0.0920494
-1.72 0.0913819
-1.71 0.090722
-1.7 0.0900701
-1.69 0.0894261
-1.68 0.0887903
-1.67 0.0881627
-1.66 0.0875436
-1.65 0.086933
-1.64 0.0863311
-1.63 0.085738
-1.62 0.0851538
-1.61 0.0845785
-1.6 0.0840124
-1.59 0.0834556
-1.58 0.082908
-1.57 0.0823699
-1.56 0.0818413
-1.55 0.0813222
-1.54 0.0808128
-1.53 0.0803132
-1.52 0.0798234
-1.51 0.0793435
-1.5 0.0788735
-1.49 0.0784135
-1.48 0.0779636
-1.47 0.0775238
-1.46 0.0770941
-1.45 0.0766747
-1.44 0.0762654
-1.43 0.0758664
-1.42 0.0754777
-1.41 0.0750994
-1.4 0.0747313
-1.39 0.0743735
-1.38 0.0740262
-1.37 0.0736891
-1.36 0.0733624
-1.35 0.0730461
-1.34 0.07274
-1.33 0.0724443
-1.32 0.0721589
-1.31 0.0718838
-1.3 0.071619
-1.29 0.0713643
-1.28 0.0711198
-1.27 0.0708855
-1.26 0.0706613
-1.25 0.0704472
-1.24 0.070243
-1.23 0.0700488
-1.22 0.0698645
-1.21 0.0696901
-1.2 0.0695253
-1.19 0.0693703
-1.18 0.0692249
-1.17 0.069089
-1.16 0.0689626
-1.15 0.0688455
-1.14 0.0687377
-1.13 0.0686391
-1.12 0.0685496
-1.11 0.068469
-1.1 0.0683974
-1.09 0.0683345
-1.08 0.0682803
-1.07 0.0682346
-1.06 0.0681973
-1.05 0.0681684
-1.04 0.0681477
-1.03 0.068135
-1.02 0.0681303
-1.01 0.0681333
-1 0.0681441
-0.99 0.0681624
-0.98 0.068188
-0.97 0.068221
-0.96 0.068261
-0.95 0.068308
-0.94 0.0683618
-0.93 0.0684223
-0.92 0.0684893
-0.91 0.0685627
-0.9 0.0686423
-0.89 0.0687279
-0.88 0.0688193
-0.87 0.0689165
-0.86 0.0690193
-0.85 0.0691275
-0.84 0.0692408
-0.83 0.0693593
-0.82 0.0694826
-0.81 0.0696106
-0.8 0.0697432
-0.79 0.0698802
-0.78 0.0700214
-0.77 0.0701665
-0.76 0.0703156
-0.75 0.0704683
-0.74 0.0706245
-0.73 0.0707841
-0.72 0.0709467
-0.71 0.0711124
-0.7 0.0712808
-0.69 0.0714519
-0.68 0.0716254
-0.67 0.0718012
-0.66 0.071979
-0.65 0.0721587
-0.64 0.0723402
-0.63 0.0725232
-0.62 0.0727076
-0.61 0.0728932
-0.6 0.0730799
-0.59 0.0732674
-0.58 0.0734555
-0.57 0.0736442
-0.56 0.0738332
-0.55 0.0740224
-0.54 0.0742116
-0.53 0.0744006
-0.52 0.0745893
-0.51 0.0747775
-0.5 0.074965
-0.49 0.0751518
-0.48 0.0753375
-0.47 0.0755221
-0.46 0.0757054
-0.45 0.0758873
-0.44 0.0760676
-0.43 0.0762461
-0.42 0.0764227
-0.41 0.0765973
-0.4 0.0767697
-0.39 0.0769398
-0.38 0.0771075
-0.37 0.0772725
-0.36 0.0774348
-0.35 0.0775943
-0.34 0.0777508
-0.33 0.0779042
-0.32 0.0780543
-0.31 0.0782011
-0.3 0.0783444
-0.29 0.0784842
-0.28 0.0786203
-0.27 0.0787526
-0.26 0.078881
-0.25 0.0790054
-0.24 0.0791257
-0.23 0.0792418
-0.22 0.0793537
-0.21 0.0794612
-0.2 0.0795642
-0.19 0.0796628
-0.18 0.0797567
-0.17 0.079846
-0.16 0.0799306
-0.15 0.0800103
-0.14 0.0800852
-0.13 0.0801552
-0.12 0.0802202
-0.11 0.0802802
-0.1 0.0803351
-0.09 0.0803849
-0.08 0.0804296
-0.07 0.0804691
-0.06 0.0805034
-0.05 0.0805325
-0.04 0.0805563
-0.03 0.0805748
-0.02 0.0805881
-0.01 0.080596
0 0.0805987
0.01 0.080596
0.02 0.0805881
0.03 0.0805748
0.04 0.0805563
0.05 0.0805325
0.06 0.0805034
0.07 0.0804691
0.08 0.0804296
0.09 0.0803849
0.1 0.0803351
0.11 0.0802802
0.12 0.0802202
0.13 0.0801552
0.14 0.0800852
0.15 0.0800103
0.16 0.0799306
0.17 0.079846
0.18 0.0797567
0.19 0.0796628
0.2 0.0795642
0.21 0.0794612
0.22 0.0793537
0.23 0.0792418
0.24 0.0791257
0.25 0.0790054
0.26 0.078881
0.27 0.0787526
0.28 0.0786203
0.29 0.0784842
0.3 0.0783444
0.31 0.0782011
0.32 0.0780543
0.33 0.0779042
0.34 0.0777508
0.35 0.0775943
0.36 0.0774348
0.37 0.0772725
0.38 0.0771075
0.39 0.0769398
0.4 0.0767697
0.41 0.0765973
0.42 0.0764227
0.43 0.0762461
0.44 0.0760676
0.45 0.0758873
0.46 0.0757054
0.47 0.0755221
0.48 0.0753375
0.49 0.0751518
0.5 0.074965
0.51 0.0747775
0.52 0.0745893
0.53 0.0744006
0.54 0.0742116
0.55 0.0740224
0.56 0.0738332
0.57 0.0736442
0.58 0.0734555
0.59 0.0732674
0.6 0.0730799
0.61 0.0728932
0.62 0.0727076
0.63 0.0725232
0.64 0.0723402
0.65 0.0721587
0.66 0.071979
0.67 0.0718012
0.68 0.0716254
0.69 0.0714519
0.7 0.0712808
0.71 0.0711124
0.72 0.0709467
0.73 0.0707841
0.74 0.0706245
0.75 0.0704683
0.76 0.0703156
0.77 0.0701665
0.78 0.0700214
0.79 0.0698802
0.8 0.0697432
0.81 0.0696106
0.82 0.0694826
0.83 0.0693593
0.84 0.0692408
0.85 0.0691275
0.86 0.0690193
0.87 0.0689165
0.88 0.0688193
0.89 0.0687279
0.9 0.0686423
0.91 0.0685627
0.92 0.0684893
0.93 0.0684223
0.94 0.0683618
0.95 0.068308
0.96 0.068261
0.97 0.068221
0.98 0.068188
0.99 0.0681624
1 0.0681441
1.01 0.0681333
1.02 0.0681303
1.03 0.068135
1.04 0.0681477
1.05 0.0681684
1.06 0.0681973
1.07 0.0682346
1.08 0.0682803
1.09 0.0683345
1.1 0.0683974
1.11 0.068469
1.12 0.0685496
1.13 0.0686391
1.14 0.0687377
1.15 0.0688455
1.16 0.0689626
1.17 0.069089
1.18 0.0692249
1.19 0.0693703
1.2 0.0695253
1.21 0.0696901
1.22 0.0698645
1.23 0.0700488
1.24 0.070243
1.25 0.0704472
1.26 0.0706613
1.27 0.0708855
1.28 0.0711198
1.29 0.0713643
1.3 0.071619
1.31 0.0718838
1.32 0.0721589
1.33 0.0724443
1.34 0.07274
1.35 0.0730461
1.36 0.0733624
1.37 0.0736891
1.38 0.0740262
1.39 0.0743735
1.4 0.0747313
1.41 0.0750994
1.42 0.0754777
1.43 0.0758664
1.44 0.0762654
1.45 0.0766747
1.46 0.0770941
1.47 0.0775238
1.48 0.0779636
1.49 0.0784135
1.5 0.0788735
1.51 0.0793435
1.52 0.0798234
1.53 0.0803132
1.54 0.0808128
1.55 0.0813222
1.56 0.0818413
1.57 0.0823699
1.58 0.082908
1.59 0.0834556
1.6 0.0840124
1.61 0.0845785
1.62 0.0851538
1.63 0.085738
1.64 0.0863311
1.65 0.086933
1.66 0.0875436
1.67 0.0881627
1.68 0.0887903
1.69 0.0894261
1.7 0.0900701
1.71 0.090722
1.72 0.0913819
1.73 0.0920494
1.74 0.0927245
1.75 0.093407
1.76 0.0940967
1.77 0.0947935
1.78 0.0954973
1.79 0.0962077
1.8 0.0969247
1.81 0.0976481
1.82 0.0983777
1.83 0.0991133
1.84 0.0998547
1.85 0.100602
1.86 0.101354
1.87 0.102112
1.88 0.102875
1.89 0.103642
1.9 0.104414
1.91 0.105191
1.92 0.105972
1.93 0.106756
1.94 0.107545
1.95 0.108337
1.96 0.109132
1.97 0.109931
1.98 0.110732
1.99 0.111536
2 0.112342
2.01 0.11315
2.02 0.11396
2.03 0.114772
2.04 0.115585
2.05 0.1164
2.06 0.117215
2.07 0.118031
2.08 0.118848
2.09 0.119664
2.1 0.120481
2.11 0.121297
2.12 0.122113
2.13 0.122928
2.14 0.123741
2.15 0.124554
2.16 0.125364
2.17 0.126173
2.18 0.12698
2.19 0.127784
2.2 0.128586
2.21 0.129385
2.22 0.13018
2.23 0.130972
2.24 0.131761
2.25 0.132545
2.26 0.133325
2.27 0.134101
2.28 0.134872
2.29 0.135638
2.3 0.136399
2.31 0.137155
2.32 0.137904
2.33 0.138648
2.34 0.139385
2.35 0.140116
2.36 0.14084
2.37 0.141557
2.38 0.142267
2.39 0.142969
2.4 0.143664
2.41 0.14435
2.42 0.145029
2.43 0.145698
2.44 0.14636
2.45 0.147012
2.46 0.147655
2.47 0.148289
2.48 0.148913
2.49 0.149527
2.5 0.150131
2.51 0.150725
2.52 0.151309
2.53 0.151881
2.54 0.152443
2.55 0.152994
2.56 0.153533
2.57 0.154061
2.58 0.154577
2.59 0.155082
2.6 0.155574
2.61 0.156054
2.62 0.156522
2.63 0.156977
2.64 0.157419
2.65 0.157848
2.66 0.158264
2.67 0.158667
2.68 0.159057
2.69 0.159433
2.7 0.159795
2.71 0.160143
2.72 0.160478
2.73 0.160798
2.74 0.161104
2.75 0.161395
2.76 0.161673
2.77 0.161935
2.78 0.162183
2.79 0.162416
2.8 0.162634
2.81 0.162837
2.82 0.163025
2.83 0.163198
2.84 0.163355
2.85 0.163498
2.86 0.163624
2.87 0.163736
2.88 0.163832
2.89 0.163912
2.9 0.163977
2.91 0.164026
2.92 0.164059
2.93 0.164076
2.94 0.164078
2.95 0.164064
2.96 0.164034
2.97 0.163989
2.98 0.163927
2.99 0.16385
3 0.163757
3.01 0.163648
3.02 0.163524
3.03 0.163384
3.04 0.163227
3.05 0.163056
3.06 0.162868
3.07 0.162665
3.08 0.162446
3.09 0.162212
3.1 0.161962
3.11 0.161697
3.12 0.161417
3.13 0.161121
3.14 0.16081
3.15 0.160484
3.16 0.160142
3.17 0.159786
3.18 0.159415
3.19 0.159029
3.2 0.158629
3.21 0.158214
3.22 0.157784
3.23 0.15734
3.24 0.156882
3.25 0.15641
3.26 0.155924
3.27 0.155424
3.28 0.154911
3.29 0.154383
3.3 0.153843
3.31 0.153289
3.32 0.152722
3.33 0.152142
3.34 0.151549
3.35 0.150944
3.36 0.150326
3.37 0.149696
3.38 0.149053
3.39 0.148399
3.4 0.147733
3.41 0.147055
3.42 0.146366
3.43 0.145666
3.44 0.144954
3.45 0.144232
3.46 0.143499
3.47 0.142756
3.48 0.142002
3.49 0.141239
3.5 0.140465
3.51 0.139682
3.52 0.138889
3.53 0.138087
3.54 0.137276
3.55 0.136456
3.56 0.135628
3.57 0.134791
3.58 0.133946
3.59 0.133093
3.6 0.132233
3.61 0.131364
3.62 0.130489
3.63 0.129606
3.64 0.128717
3.65 0.127821
3.66 0.126918
3.67 0.126009
3.68 0.125095
3.69 0.124174
3.7 0.123248
3.71 0.122317
3.72 0.121381
3.73 0.120439
3.74 0.119493
3.75 0.118543
3.76 0.117589
3.77 0.11663
3.78 0.115668
3.79 0.114703
3.8 0.113734
3.81 0.112762
3.82 0.111787
3.83 0.110809
3.84 0.109829
3.85 0.108847
3.86 0.107863
3.87 0.106877
3.88 0.105889
3.89 0.1049
3.9 0.10391
3.91 0.102919
3.92 0.101928
3.93 0.100935
3.94 0.0999428
3.95 0.09895
3.96 0.0979574
3.97 0.096965
3.98 0.0959731
3.99 0.0949818
4 0.0939913
4.01 0.0930019
4.02 0.0920137
4.03 0.0910269
4.04 0.0900416
4.05 0.0890581
4.06 0.0880766
4.07 0.0870971
4.08 0.08612
4.09 0.0851453
4.1 0.0841731
4.11 0.0832038
4.12 0.0822374
4.13 0.0812741
4.14 0.080314
4.15 0.0793574
4.16 0.0784043
4.17 0.0774549
4.18 0.0765093
4.19 0.0755677
4.2 0.0746302
4.21 0.073697
4.22 0.0727682
4.23 0.0718439
4.24 0.0709242
4.25 0.0700093
4.26 0.0690993
4.27 0.0681943
4.28 0.0672944
4.29 0.0663997
4.3 0.0655104
4.31 0.0646265
4.32 0.0637482
4.33 0.0628755
4.34 0.0620085
4.35 0.0611474
4.36 0.0602922
4.37 0.059443
4.38 0.0585999
4.39 0.057763
4.4 0.0569323
4.41 0.056108
4.42 0.0552901
4.43 0.0544786
4.44 0.0536737
4.45 0.0528754
4.46 0.0520837
4.47 0.0512987
4.48 0.0505206
4.49 0.0497492
4.5 0.0489847
4.51 0.0482272
4.52 0.0474766
4.53 0.046733
4.54 0.0459964
4.55 0.045267
4.56 0.0445446
4.57 0.0438294
4.58 0.0431213
4.59 0.0424204
4.6 0.0417268
4.61 0.0410404
4.62 0.0403612
4.63 0.0396893
4.64 0.0390247
4.65 0.0383673
4.66 0.0377173
4.67 0.0370746
4.68 0.0364391
4.69 0.035811
4.7 0.0351902
4.71 0.0345767
4.72 0.0339704
4.73 0.0333715
4.74 0.0327798
4.75 0.0321954
4.76 0.0316183
4.77 0.0310484
4.78 0.0304857
4.79 0.0299302
4.8 0.0293819
4.81 0.0288408
4.82 0.0283067
4.83 0.0277798
4.84 0.02726
4.85 0.0267472
4.86 0.0262415
4.87 0.0257427
4.88 0.0252509
4.89 0.0247659
4.9 0.0242879
4.91 0.0238167
4.92 0.0233524
4.93 0.0228947
4.94 0.0224438
4.95 0.0219996
4.96 0.021562
4.97 0.021131
4.98 0.0207066
4.99 0.0202886
5 0.0198771
5.01 0.019472
5.02 0.0190732
5.03 0.0186807
5.04 0.0182945
5.05 0.0179144
5.06 0.0175405
5.07 0.0171727
5.08 0.0168109
5.09 0.0164551
5.1 0.0161052
5.11 0.0157612
5.12 0.0154229
5.13 0.0150905
5.14 0.0147637
5.15 0.0144425
5.16 0.0141269
5.17 0.0138168
5.18 0.0135122
5.19 0.013213
5.2 0.0129191
5.21 0.0126305
5.22 0.012347
5.23 0.0120688
5.24 0.0117956
5.25 0.0115275
5.26 0.0112643
5.27 0.011006
5.28 0.0107526
5.29 0.010504
5.3 0.01026
5.31 0.0100208
5.32 0.00978611
5.33 0.00955599
5.34 0.00933035
5.35 0.00910912
5.36 0.00889225
5.37 0.00867967
5.38 0.00847133
5.39 0.00826716
5.4 0.0080671
5.41 0.00787109
5.42 0.00767908
5.43 0.007491
5.44 0.0073068
5.45 0.00712641
5.46 0.00694978
5.47 0.00677685
5.48 0.00660756
5.49 0.00644186
5.5 0.00627968
5.51 0.00612097
5.52 0.00596568
5.53 0.00581374
5.54 0.00566511
5.55 0.00551972
5.56 0.00537752
5.57 0.00523847
5.58 0.0051025
5.59 0.00496956
5.6 0.0048396
5.61 0.00471256
5.62 0.0045884
5.63 0.00446707
5.64 0.00434851
5.65 0.00423267
5.66 0.0041195
5.67 0.00400896
5.68 0.003901
5.69 0.00379556
5.7 0.0036926
5.71 0.00359208
5.72 0.00349394
5.73 0.00339814
5.74 0.00330464
5.75 0.00321339
5.76 0.00312435
5.77 0.00303747
5.78 0.00295271
5.79 0.00287002
5.8 0.00278938
5.81 0.00271073
5.82 0.00263403
5.83 0.00255924
5.84 0.00248633
5.85 0.00241526
5.86 0.00234598
5.87 0.00227846
5.88 0.00221267
5.89 0.00214856
5.9 0.00208609
5.91 0.00202524
5.92 0.00196597
5.93 0.00190824
5.94 0.00185202
5.95 0.00179728
5.96 0.00174398
5.97 0.00169209
5.98 0.00164159
5.99 0.00159243
