-6 1.80236e-05
-5.99 1.87918e-05
-5.98 1.95909e-05
-5.97 2.04219e-05
-5.96 2.12862e-05
-5.95 2.21849e-05
-5.94 2.31193e-05
-5.93 2.40908e-05
-5.92 2.51006e-05
-5.91 2.61503e-05
-5.9 2.72412e-05
-5.89 2.83748e-05
-5.88 2.95528e-05
-5.87 3.07767e-05
-5.86 3.20482e-05
-5.85 3.3369e-05
-5.84 3.47409e-05
-5.83 3.61657e-05
-5.82 3.76452e-05
-5.81 3.91815e-05
-5.8 4.07766e-05
-5.79 4.24324e-05
-5.78 4.41512e-05
-5.77 4.59352e-05
-5.76 4.77866e-05
-5.75 4.97078e-05
-5.74 5.17012e-05
-5.73 5.37694e-05
-5.72 5.59148e-05
-5.71 5.81402e-05
-5.7 6.04483e-05
-5.69 6.28419e-05
-5.68 6.5324e-05
-5.67 6.78975e-05
-5.66 7.05655e-05
-5.65 7.33312e-05
-5.64 7.61979e-05
-5.63 7.91689e-05
-5.62 8.22478e-05
-5.61 8.54381e-05
-5.6 8.87435e-05
-5.59 9.21678e-05
-5.58 9.57149e-05
-5.57 9.93888e-05
-5.56 0.000103194
-5.55 0.000107134
-5.54 0.000111214
-5.53 0.000115437
-5.52 0.00011981
-5.51 0.000124336
-5.5 0.00012902
-5.49 0.000133868
-5.48 0.000138885
-5.47 0.000144075
-5.46 0.000149445
-5.45 0.000155
-5.44 0.000160745
-5.43 0.000166687
-5.42 0.000172832
-5.41 0.000179186
-5.4 0.000185756
-5.39 0.000192547
-5.38 0.000199568
-5.37 0.000206824
-5.36 0.000214323
-5.35 0.000222072
-5.34 0.000230079
-5.33 0.000238351
-5.32 0.000246897
-5.31 0.000255724
-5.3 0.00026484
-5.29 0.000274255
-5.28 0.000283977
-5.27 0.000294014
-5.26 0.000304377
-5.25 0.000315073
-5.24 0.000326114
-5.23 0.000337509
-5.22 0.000349268
-5.21 0.000361401
-5.2 0.000373919
-5.19 0.000386832
-5.18 0.000400153
-5.17 0.000413891
-5.16 0.00042806
-5.15 0.00044267
-5.14 0.000457733
-5.13 0.000473264
-5.12 0.000489273
-5.11 0.000505774
-5.1 0.00052278
-5.09 0.000540306
-5.08 0.000558364
-5.07 0.000576969
-5.06 0.000596136
-5.05 0.000615879
-5.04 0.000636213
-5.03 0.000657155
-5.02 0.00067872
-5.01 0.000700923
-5 0.000723782
-4.99 0.000747313
-4.98 0.000771534
-4.97 0.000796461
-4.96 0.000822114
-4.95 0.000848509
-4.94 0.000875666
-4.93 0.000903604
-4.92 0.000932342
-4.91 0.0009619
-4.9 0.000992297
-4.89 0.00102355
-4.88 0.00105569
-4.87 0.00108874
-4.86 0.0011227
-4.85 0.00115761
-4.84 0.00119349
-4.83 0.00123037
-4.82 0.00126825
-4.81 0.00130718
-4.8 0.00134717
-4.79 0.00138824
-4.78 0.00143043
-4.77 0.00147376
-4.76 0.00151824
-4.75 0.00156392
-4.74 0.00161082
-4.73 0.00165896
-4.72 0.00170837
-4.71 0.00175908
-4.7 0.00181112
-4.69 0.00186451
-4.68 0.0019193
-4.67 0.00197549
-4.66 0.00203314
-4.65 0.00209226
-4.64 0.00215289
-4.63 0.00221506
-4.62 0.0022788
-4.61 0.00234415
-4.6 0.00241114
-4.59 0.00247979
-4.58 0.00255016
-4.57 0.00262226
-4.56 0.00269614
-4.55 0.00277182
-4.54 0.00284936
-4.53 0.00292878
-4.52 0.00301011
-4.51 0.0030934
-4.5 0.00317869
-4.49 0.00326601
-4.48 0.0033554
-4.47 0.0034469
-4.46 0.00354055
-4.45 0.00363639
-4.44 0.00373445
-4.43 0.00383479
-4.42 0.00393744
-4.41 0.00404244
-4.4 0.00414984
-4.39 0.00425968
-4.38 0.00437199
-4.37 0.00448683
-4.36 0.00460424
-4.35 0.00472426
-4.34 0.00484693
-4.33 0.00497231
-4.32 0.00510043
-4.31 0.00523134
-4.3 0.00536509
-4.29 0.00550173
-4.28 0.00564129
-4.27 0.00578383
-4.26 0.0059294
-4.25 0.00607803
-4.24 0.00622979
-4.23 0.00638471
-4.22 0.00654285
-4.21 0.00670426
-4.2 0.00686898
-4.19 0.00703706
-4.18 0.00720856
-4.17 0.00738351
-4.16 0.00756198
-4.15 0.00774401
-4.14 0.00792965
-4.13 0.00811896
-4.12 0.00831197
-4.11 0.00850875
-4.1 0.00870935
-4.09 0.0089138
-4.08 0.00912218
-4.07 0.00933452
-4.06 0.00955087
-4.05 0.0097713
-4.04 0.00999584
-4.03 0.0102246
-4.02 0.0104575
-4.01 0.0106947
-4 0.0109362
-3.99 0.0111821
-3.98 0.0114325
-3.97 0.0116873
-3.96 0.0119466
-3.95 0.0122105
-3.94 0.012479
-3.93 0.0127522
-3.92 0.0130301
-3.91 0.0133128
-3.9 0.0136003
-3.89 0.0138927
-3.88 0.01419
-3.87 0.0144923
-3.86 0.0147996
-3.85 0.0151119
-3.84 0.0154294
-3.83 0.015752
-3.82 0.0160798
-3.81 0.0164129
-3.8 0.0167512
-3.79 0.0170949
-3.78 0.017444
-3.77 0.0177984
-3.76 0.0181584
-3.75 0.0185238
-3.74 0.0188948
-3.73 0.0192714
-3.72 0.0196536
-3.71 0.0200414
-3.7 0.020435
-3.69 0.0208343
-3.68 0.0212394
-3.67 0.0216502
-3.66 0.022067
-3.65 0.0224896
-3.64 0.0229181
-3.63 0.0233525
-3.62 0.0237929
-3.61 0.0242393
-3.6 0.0246918
-3.59 0.0251502
-3.58 0.0256148
-3.57 0.0260855
-3.56 0.0265623
-3.55 0.0270452
-3.54 0.0275344
-3.53 0.0280297
-3.52 0.0285312
-3.51 0.0290389
-3.5 0.0295529
-3.49 0.0300732
-3.48 0.0305997
-3.47 0.0311325
-3.46 0.0316716
-3.45 0.0322169
-3.44 0.0327686
-3.43 0.0333266
-3.42 0.0338909
-3.41 0.0344615
-3.4 0.0350385
-3.39 0.0356217
-3.38 0.0362113
-3.37 0.0368072
-3.36 0.0374093
-3.35 0.0380178
-3.34 0.0386326
-3.33 0.0392536
-3.32 0.0398809
-3.31 0.0405144
-3.3 0.0411542
-3.29 0.0418001
-3.28 0.0424523
-3.27 0.0431106
-3.26 0.0437751
-3.25 0.0444457
-3.24 0.0451224
-3.23 0.0458051
-3.22 0.0464939
-3.21 0.0471886
-3.2 0.0478893
-3.19 0.048596
-3.18 0.0493085
-3.17 0.0500269
-3.16 0.050751
-3.15 0.0514809
-3.14 0.0522165
-3.13 0.0529578
-3.12 0.0537047
-3.11 0.0544571
-3.1 0.055215
-3.09 0.0559783
-3.08 0.0567471
-3.07 0.0575211
-3.06 0.0583004
-3.05 0.0590849
-3.04 0.0598745
-3.03 0.0606692
-3.02 0.0614688
-3.01 0.0622733
-3 0.0630827
-2.99 0.0638968
-2.98 0.0647156
-2.97 0.065539
-2.96 0.066367
-2.95 0.0671993
-2.94 0.068036
-2.93 0.0688769
-2.92 0.069722
-2.91 0.0705712
-2.9 0.0714244
-2.89 0.0722814
-2.88 0.0731422
-2.87 0.0740067
-2.86 0.0748748
-2.85 0.0757464
-2.84 0.0766214
-2.83 0.0774996
-2.82 0.078381
-2.81 0.0792655
-2.8 0.0801529
-2.79 0.0810432
-2.78 0.0819361
-2.77 0.0828317
-2.76 0.0837298
-2.75 0.0846303
-2.74 0.085533
-2.73 0.0864379
-2.72 0.0873448
-2.71 0.0882536
-2.7 0.0891642
-2.69 0.0900764
-2.68 0.0909901
-2.67 0.0919053
-2.66 0.0928217
-2.65 0.0937393
-2.64 0.0946579
-2.63 0.0955773
-2.62 0.0964976
-2.61 0.0974184
-2.6 0.0983398
-2.59 0.0992615
-2.58 0.100183
-2.57 0.101105
-2.56 0.102027
-2.55 0.102949
-2.54 0.103871
-2.53 0.104792
-2.52 0.105712
-2.51 0.106632
-2.5 0.107551
-2.49 0.108469
-2.48 0.109386
-2.47 0.110301
-2.46 0.111215
-2.45 0.112128
-2.44 0.113039
-2.43 0.113948
-2.42 0.114855
-2.41 0.11576
-2.4 0.116663
-2.39 0.117564
-2.38 0.118462
-2.37 0.119357
-2.36 0.12025
-2.35 0.12114
-2.34 0.122026
-2.33 0.12291
-2.32 0.123791
-2.31 0.124668
-2.3 0.125541
-2.29 0.126411
-2.28 0.127277
-2.27 0.128139
-2.26 0.128997
-2.25 0.129851
-2.24 0.130701
-2.23 0.131547
-2.22 0.132387
-2.21 0.133224
-2.2 0.134055
-2.19 0.134882
-2.18 0.135703
-2.17 0.13652
-2.16 0.137331
-2.15 0.138138
-2.14 0.138938
-2.13 0.139733
-2.12 0.140523
-2.11 0.141307
-2.1 0.142085
-2.09 0.142857
-2.08 0.143624
-2.07 0.144384
-2.06 0.145138
-2.05 0.145885
-2.04 0.146627
-2.03 0.147362
-2.02 0.14809
-2.01 0.148812
-2 0.149527
-1.99 0.150235
-1.98 0.150937
-1.97 0.151631
-1.96 0.152319
-1.95 0.153
-1.94 0.153673
-1.93 0.154339
-1.92 0.154999
-1.91 0.15565
-1.9 0.156295
-1.89 0.156932
-1.88 0.157562
-1.87 0.158184
-1.86 0.158799
-1.85 0.159406
-1.84 0.160006
-1.83 0.160598
-1.82 0.161182
-1.81 0.161758
-1.8 0.162327
-1.79 0.162888
-1.78 0.163442
-1.77 0.163987
-1.76 0.164525
-1.75 0.165055
-1.74 0.165577
-1.73 0.166091
-1.72 0.166597
-1.71 0.167095
-1.7 0.167586
-1.69 0.168068
-1.68 0.168543
-1.67 0.16901
-1.66 0.169469
-1.65 0.16992
-1.64 0.170363
-1.63 0.170799
-1.62 0.171226
-1.61 0.171646
-1.6 0.172058
-1.59 0.172462
-1.58 0.172859
-1.57 0.173248
-1.56 0.173629
-1.55 0.174002
-1.54 0.174368
-1.53 0.174726
-1.52 0.175077
-1.51 0.17542
-1.5 0.175755
-1.49 0.176084
-1.48 0.176405
-1.47 0.176718
-1.46 0.177024
-1.45 0.177323
-1.44 0.177615
-1.43 0.1779
-1.42 0.178178
-1.41 0.178448
-1.4 0.178712
-1.39 0.178969
-1.38 0.179219
-1.37 0.179462
-1.36 0.179699
-1.35 0.179928
-1.34 0.180152
-1.33 0.180369
-1.32 0.180579
-1.31 0.180783
-1.3 0.180981
-1.29 0.181172
-1.28 0.181358
-1.27 0.181537
-1.26 0.181711
-1.25 0.181878
-1.24 0.18204
-1.23 0.182196
-1.22 0.182346
-1.21 0.182491
-1.2 0.182631
-1.19 0.182764
-1.18 0.182893
-1.17 0.183016
-1.16 0.183135
-1.15 0.183248
-1.14 0.183356
-1.13 0.183459
-1.12 0.183558
-1.11 0.183651
-1.1 0.183741
-1.09 0.183825
-1.08 0.183905
-1.07 0.183981
-1.06 0.184053
-1.05 0.18412
-1.04 0.184183
-1.03 0.184242
-1.02 0.184298
-1.01 0.184349
-1 0.184397
-0.99 0.184441
-0.98 0.184481
-0.97 0.184518
-0.96 0.184552
-0.95 0.184582
-0.94 0.184609
-0.93 0.184633
-0.92 0.184654
-0.91 0.184672
-0.9 0.184687
-0.89 0.1847
-0.88 0.184709
-0.87 0.184716
-0.86 0.184721
-0.85 0.184723
-0.84 0.184722
-0.83 0.18472
-0.82 0.184715
-0.81 0.184708
-0.8 0.184699
-0.79 0.184688
-0.78 0.184675
-0.77 0.18466
-0.76 0.184643
-0.75 0.184625
-0.74 0.184606
-0.73 0.184584
-0.72 0.184562
-0.71 0.184537
-0.7 0.184512
-0.69 0.184485
-0.68 0.184458
-0.67 0.184429
-0.66 0.184399
-0.65 0.184368
-0.64 0.184336
-0.63 0.184303
-0.62 0.18427
-0.61 0.184236
-0.6 0.184201
-0.59 0.184166
-0.58 0.18413
-0.57 0.184094
-0.56 0.184057
-0.55 0.18402
-0.54 0.183983
-0.53 0.183945
-0.52 0.183907
-0.51 0.183869
-0.5 0.183831
-0.49 0.183793
-0.48 0.183755
-0.47 0.183717
-0.46 0.183679
-0.45 0.183641
-0.44 0.183603
-0.43 0.183566
-0.42 0.183529
-0.41 0.183492
-0.4 0.183456
-0.39 0.18342
-0.38 0.183384
-0.37 0.183349
-0.36 0.183314
-0.35 0.18328
-0.34 0.183247
-0.33 0.183214
-0.32 0.183182
-0.31 0.18315
-0.3 0.18312
-0.29 0.183089
-0.28 0.18306
-0.27 0.183032
-0.26 0.183004
-0.25 0.182977
-0.24 0.182951
-0.23 0.182926
-0.22 0.182902
-0.21 0.182878
-0.2 0.182856
-0.19 0.182835
-0.18 0.182814
-0.17 0.182795
-0.16 0.182776
-0.15 0.182759
-0.14 0.182743
-0.13 0.182728
-0.12 0.182713
-0.11 0.1827
-0.1 0.182688
-0.09 0.182678
-0.08 0.182668
-0.07 0.182659
-0.06 0.182652
-0.05 0.182646
-0.04 0.18264
-0.03 0.182636
-0.02 0.182633
-0.01 0.182632
0 0.182631
0.01 0.182632
0.02 0.182633
0.03 0.182636
0.04 0.18264
0.05 0.182646
0.06 0.182652
0.07 0.182659
0.08 0.182668
0.09 0.182678
0.1 0.182688
0.11 0.1827
0.12 0.182713
0.13 0.182728
0.14 0.182743
0.15 0.182759
0.16 0.182776
0.17 0.182795
0.18 0.182814
0.19 0.182835
0.2 0.182856
0.21 0.182878
0.22 0.182902
0.23 0.182926
0.24 0.182951
0.25 0.182977
0.26 0.183004
0.27 0.183032
0.28 0.18306
0.29 0.183089
0.3 0.18312
0.31 0.18315
0.32 0.183182
0.33 0.183214
0.34 0.183247
0.35 0.18328
0.36 0.183314
0.37 0.183349
0.38 0.183384
0.39 0.18342
0.4 0.183456
0.41 0.183492
0.42 0.183529
0.43 0.183566
0.44 0.183603
0.45 0.183641
0.46 0.183679
0.47 0.183717
0.48 0.183755
0.49 0.183793
0.5 0.183831
0.51 0.183869
0.52 0.183907
0.53 0.183945
0.54 0.183983
0.55 0.18402
0.56 0.184057
0.57 0.184094
0.58 0.18413
0.59 0.184166
0.6 0.184201
0.61 0.184236
0.62 0.18427
0.63 0.184303
0.64 0.184336
0.65 0.184368
0.66 0.184399
0.67 0.184429
0.68 0.184458
0.69 0.184485
0.7 0.184512
0.71 0.184537
0.72 0.184562
0.73 0.184584
0.74 0.184606
0.75 0.184625
0.76 0.184643
0.77 0.18466
0.78 0.184675
0.79 0.184688
0.8 0.184699
0.81 0.184708
0.82 0.184715
0.83 0.18472
0.84 0.184722
0.85 0.184723
0.86 0.184721
0.87 0.184716
0.88 0.184709
0.89 0.1847
0.9 0.184687
0.91 0.184672
0.92 0.184654
0.93 0.184633
0.94 0.184609
0.95 0.184582
0.96 0.184552
0.97 0.184518
0.98 0.184481
0.99 0.184441
1 0.184397
1.01 0.184349
1.02 0.184298
1.03 0.184242
1.04 0.184183
1.05 0.18412
1.06 0.184053
1.07 0.183981
1.08 0.183905
1.09 0.183825
1.1 0.183741
1.11 0.183651
1.12 0.183558
1.13 0.183459
1.14 0.183356
1.15 0.183248
1.16 0.183135
1.17 0.183016
1.18 0.182893
1.19 0.182764
1.2 0.182631
1.21 0.182491
1.22 0.182346
1.23 0.182196
1.24 0.18204
1.25 0.181878
1.26 0.181711
1.27 0.181537
1.28 0.181358
1.29 0.181172
1.3 0.180981
1.31 0.180783
1.32 0.180579
1.33 0.180369
1.34 0.180152
1.35 0.179928
1.36 0.179699
1.37 0.179462
1.38 0.179219
1.39 0.178969
1.4 0.178712
1.41 0.178448
1.42 0.178178
1.43 0.1779
1.44 0.177615
1.45 0.177323
1.46 0.177024
1.47 0.176718
1.48 0.176405
1.49 0.176084
1.5 0.175755
1.51 0.17542
1.52 0.175077
1.53 0.174726
1.54 0.174368
1.55 0.174002
1.56 0.173629
1.57 0.173248
1.58 0.172859
1.59 0.172462
1.6 0.172058
1.61 0.171646
1.62 0.171226
1.63 0.170799
1.64 0.170363
1.65 0.16992
1.66 0.169469
1.67 0.16901
1.68 0.168543
1.69 0.168068
1.7 0.167586
1.71 0.167095
1.72 0.166597
1.73 0.166091
1.74 0.165577
1.75 0.165055
1.76 0.164525
1.77 0.163987
1.78 0.163442
1.79 0.162888
1.8 0.162327
1.81 0.161758
1.82 0.161182
1.83 0.160598
1.84 0.160006
1.85 0.159406
1.86 0.158799
1.87 0.158184
1.88 0.157562
1.89 0.156932
1.9 0.156295
1.91 0.15565
1.92 0.154999
1.93 0.154339
1.94 0.153673
1.95 0.153
1.96 0.152319
1.97 0.151631
1.98 0.150937
1.99 0.150235
2 0.149527
2.01 0.148812
2.02 0.14809
2.03 0.147362
2.04 0.146627
2.05 0.145885
2.06 0.145138
2.07 0.144384
2.08 0.143624
2.09 0.142857
2.1 0.142085
2.11 0.141307
2.12 0.140523
2.13 0.139733
2.14 0.138938
2.15 0.138138
2.16 0.137331
2.17 0.13652
2.18 0.135703
2.19 0.134882
2.2 0.134055
2.21 0.133224
2.22 0.132387
2.23 0.131547
2.24 0.130701
2.25 0.129851
2.26 0.128997
2.27 0.128139
2.28 0.127277
2.29 0.126411
2.3 0.125541
2.31 0.124668
2.32 0.123791
2.33 0.12291
2.34 0.122026
2.35 0.12114
2.36 0.12025
2.37 0.119357
2.38 0.118462
2.39 0.117564
2.4 0.116663
2.41 0.11576
2.42 0.114855
2.43 0.113948
2.44 0.113039
2.45 0.112128
2.46 0.111215
2.47 0.110301
2.48 0.109386
2.49 0.108469
2.5 0.107551
2.51 0.106632
2.52 0.105712
2.53 0.104792
2.54 0.103871
2.55 0.102949
2.56 0.102027
2.57 0.101105
2.58 0.100183
2.59 0.0992615
2.6 0.0983398
2.61 0.0974184
2.62 0.0964976
2.63 0.0955773
2.64 0.0946579
2.65 0.0937393
2.66 0.0928217
2.67 0.0919053
2.68 0.0909901
2.69 0.0900764
2.7 0.0891642
2.71 0.0882536
2.72 0.0873448
2.73 0.0864379
2.74 0.085533
2.75 0.0846303
2.76 0.0837298
2.77 0.0828317
2.78 0.0819361
2.79 0.0810432
2.8 0.0801529
2.81 0.0792655
2.82 0.078381
2.83 0.0774996
2.84 0.0766214
2.85 0.0757464
2.86 0.0748748
2.87 0.0740067
2.88 0.0731422
2.89 0.0722814
2.9 0.0714244
2.91 0.0705712
2.92 0.069722
2.93 0.0688769
2.94 0.068036
2.95 0.0671993
2.96 0.066367
2.97 0.065539
2.98 0.0647156
2.99 0.0638968
3 0.0630827
3.01 0.0622733
3.02 0.0614688
3.03 0.0606692
3.04 0.0598745
3.05 0.0590849
3.06 0.0583004
3.07 0.0575211
3.08 0.0567471
3.09 0.0559783
3.1 0.055215
3.11 0.0544571
3.12 0.0537047
3.13 0.0529578
3.14 0.0522165
3.15 0.0514809
3.16 0.050751
3.17 0.0500269
3.18 0.0493085
3.19 0.048596
3.2 0.0478893
3.21 0.0471886
3.22 0.0464939
3.23 0.0458051
3.24 0.0451224
3.25 0.0444457
3.26 0.0437751
3.27 0.0431106
3.28 0.0424523
3.29 0.0418001
3.3 0.0411542
3.31 0.0405144
3.32 0.0398809
3.33 0.0392536
3.34 0.0386326
3.35 0.0380178
3.36 0.0374093
3.37 0.0368072
3.38 0.0362113
3.39 0.0356217
3.4 0.0350385
3.41 0.0344615
3.42 0.0338909
3.43 0.0333266
3.44 0.0327686
3.45 0.0322169
3.46 0.0316716
3.47 0.0311325
3.48 0.0305997
3.49 0.0300732
3.5 0.0295529
3.51 0.0290389
3.52 0.0285312
3.53 0.0280297
3.54 0.0275344
3.55 0.0270452
3.56 0.0265623
3.57 0.0260855
3.58 0.0256148
3.59 0.0251502
3.6 0.0246918
3.61 0.0242393
3.62 0.0237929
3.63 0.0233525
3.64 0.0229181
3.65 0.0224896
3.66 0.022067
3.67 0.0216502
3.68 0.0212394
3.69 0.0208343
3.7 0.020435
3.71 0.0200414
3.72 0.0196536
3.73 0.0192714
3.74 0.0188948
3.75 0.0185238
3.76 0.0181584
3.77 0.0177984
3.78 0.017444
3.79 0.0170949
3.8 0.0167512
3.81 0.0164129
3.82 0.0160798
3.83 0.015752
3.84 0.0154294
3.85 0.0151119
3.86 0.0147996
3.87 0.0144923
3.88 0.01419
3.89 0.0138927
3.9 0.0136003
3.91 0.0133128
3.92 0.0130301
3.93 0.0127522
3.94 0.012479
3.95 0.0122105
3.96 0.0119466
3.97 0.0116873
3.98 0.0114325
3.99 0.0111821
4 0.0109362
4.01 0.0106947
4.02 0.0104575
4.03 0.0102246
4.04 0.00999584
4.05 0.0097713
4.06 0.00955087
4.07 0.00933452
4.08 0.00912218
4.09 0.0089138
4.1 0.00870935
4.11 0.00850875
4.12 0.00831197
4.13 0.00811896
4.14 0.00792965
4.15 0.00774401
4.16 0.00756198
4.17 0.00738351
4.18 0.00720856
4.19 0.00703706
4.2 0.00686898
4.21 0.00670426
4.22 0.00654285
4.23 0.00638471
4.24 0.00622979
4.25 0.00607803
4.26 0.0059294
4.27 0.00578383
4.28 0.00564129
4.29 0.00550173
4.3 0.00536509
4.31 0.00523134
4.32 0.00510043
4.33 0.00497231
4.34 0.00484693
4.35 0.00472426
4.36 0.00460424
4.37 0.00448683
4.38 0.00437199
4.39 0.00425968
4.4 0.00414984
4.41 0.00404244
4.42 0.00393744
4.43 0.00383479
4.44 0.00373445
4.45 0.00363639
4.46 0.00354055
4.47 0.0034469
4.48 0.0033554
4.49 0.00326601
4.5 0.00317869
4.51 0.0030934
4.52 0.00301011
4.53 0.00292878
4.54 0.00284936
4.55 0.00277182
4.56 0.00269614
4.57 0.00262226
4.58 0.00255016
4.59 0.00247979
4.6 0.00241114
4.61 0.00234415
4.62 0.0022788
4.63 0.00221506
4.64 0.00215289
4.65 0.00209226
4.66 0.00203314
4.67 0.00197549
4.68 0.0019193
4.69 0.00186451
4.7 0.00181112
4.71 0.00175908
4.72 0.00170837
4.73 0.00165896
4.74 0.00161082
4.75 0.00156392
4.76 0.00151824
4.77 0.00147376
4.78 0.00143043
4.79 0.00138824
4.8 0.00134717
4.81 0.00130718
4.82 0.00126825
4.83 0.00123037
4.84 0.00119349
4.85 0.00115761
4.86 0.0011227
4.87 0.00108874
4.88 0.00105569
4.89 0.00102355
4.9 0.000992297
4.91 0.0009619
4.92 0.000932342
4.93 0.000903604
4.94 0.000875666
4.95 0.000848509
4.96 0.000822114
4.97 0.000796461
4.98 0.000771534
4.99 0.000747313
5 0.000723782
5.01 0.000700923
5.02 0.00067872
5.03 0.000657155
5.04 0.000636213
5.05 0.000615879
5.06 0.000596136
5.07 0.000576969
5.08 0.000558364
5.09 0.000540306
5.1 0.00052278
5.11 0.000505774
5.12 0.000489273
5.13 0.000473264
5.14 0.000457733
5.15 0.00044267
5.16 0.00042806
5.17 0.000413891
5.18 0.000400153
5.19 0.000386832
5.2 0.000373919
5.21 0.000361401
5.22 0.000349268
5.23 0.000337509
5.24 0.000326114
5.25 0.000315073
5.26 0.000304377
5.27 0.000294014
5.28 0.000283977
5.29 0.000274255
5.3 0.00026484
5.31 0.000255724
5.32 0.000246897
5.33 0.000238351
5.34 0.000230079
5.35 0.000222072
5.36 0.000214323
5.37 0.000206824
5.38 0.000199568
5.39 0.000192547
5.4 0.000185756
5.41 0.000179186
5.42 0.000172832
5.43 0.000166687
5.44 0.000160745
5.45 0.000155
5.46 0.000149445
5.47 0.000144075
5.48 0.000138885
5.49 0.000133868
5.5 0.00012902
5.51 0.000124336
5.52 0.00011981
5.53 0.000115437
5.54 0.000111214
5.55 0.000107134
5.56 0.000103194
5.57 9.93888e-05
5.58 9.57149e-05
5.59 9.21678e-05
5.6 8.87435e-05
5.61 8.54381e-05
5.62 8.22478e-05
5.63 7.91689e-05
5.64 7.61979e-05
5.65 7.33312e-05
5.66 7.05655e-05
5.67 6.78975e-05
5.68 6.5324e-05
5.69 6.28419e-05
5.7 6.04483e-05
5.71 5.81402e-05
5.72 5.59148e-05
5.73 5.37694e-05
5.74 5.17012e-05
5.75 4.97078e-05
5.76 4.77866e-05
5.77 4.59352e-05
5.78 4.41512e-05
5.79 4.24324e-05
5.8 4.07766e-05
5.81 3.91815e-05
5.82 3.76452e-05
5.83 3.61657e-05
5.84 3.47409e-05
5.85 3.3369e-05
5.86 3.20482e-05
5.87 3.07767e-05
5.88 2.95528e-05
5.89 2.83748e-05
5.9 2.72412e-05
5.91 2.61503e-05
5.92 2.51006e-05
5.93 2.40908e-05
5.94 2.31193e-05
5.95 2.21849e-05
5.96 2.12862e-05
5.97 2.04219e-05
5.98 1.95909e-05
5.99 1.87918e-05
