-6 5.35019e-08
-5.99 5.65137e-08
-5.98 5.96892e-08
-5.97 6.30367e-08
-5.96 6.65653e-08
-5.95 7.02844e-08
-5.94 7.42038e-08
-5.93 7.83339e-08
-5.92 8.26856e-08
-5.91 8.72704e-08
-5.9 9.21001e-08
-5.89 9.71873e-08
-5.88 1.02545e-07
-5.87 1.08188e-07
-5.86 1.14129e-07
-5.85 1.20385e-07
-5.84 1.26971e-07
-5.83 1.33904e-07
-5.82 1.41201e-07
-5.81 1.48881e-07
-5.8 1.56963e-07
-5.79 1.65467e-07
-5.78 1.74415e-07
-5.77 1.83828e-07
-5.76 1.93729e-07
-5.75 2.04143e-07
-5.74 2.15096e-07
-5.73 2.26613e-07
-5.72 2.38723e-07
-5.71 2.51456e-07
-5.7 2.6484e-07
-5.69 2.7891e-07
-5.68 2.93697e-07
-5.67 3.09237e-07
-5.66 3.25567e-07
-5.65 3.42725e-07
-5.64 3.60751e-07
-5.63 3.79688e-07
-5.62 3.99578e-07
-5.61 4.20468e-07
-5.6 4.42406e-07
-5.59 4.65442e-07
-5.58 4.89628e-07
-5.57 5.15019e-07
-5.56 5.41674e-07
-5.55 5.6965e-07
-5.54 5.99012e-07
-5.53 6.29823e-07
-5.52 6.62154e-07
-5.51 6.96074e-07
-5.5 7.31659e-07
-5.49 7.68986e-07
-5.48 8.08137e-07
-5.47 8.49196e-07
-5.46 8.92251e-07
-5.45 9.37396e-07
-5.44 9.84726e-07
-5.43 1.03434e-06
-5.42 1.08635e-06
-5.41 1.14086e-06
-5.4 1.19798e-06
-5.39 1.25784e-06
-5.38 1.32056e-06
-5.37 1.38627e-06
-5.36 1.45509e-06
-5.35 1.52719e-06
-5.34 1.60269e-06
-5.33 1.68177e-06
-5.32 1.76456e-06
-5.31 1.85125e-06
-5.3 1.942e-06
-5.29 2.037e-06
-5.28 2.13642e-06
-5.27 2.24048e-06
-5.26 2.34938e-06
-5.25 2.46332e-06
-5.24 2.58252e-06
-5.23 2.70723e-06
-5.22 2.83767e-06
-5.21 2.9741e-06
-5.2 3.11678e-06
-5.19 3.26598e-06
-5.18 3.42197e-06
-5.17 3.58507e-06
-5.16 3.75555e-06
-5.15 3.93376e-06
-5.14 4.12001e-06
-5.13 4.31464e-06
-5.12 4.51802e-06
-5.11 4.73051e-06
-5.1 4.95251e-06
-5.09 5.1844e-06
-5.08 5.42661e-06
-5.07 5.67957e-06
-5.06 5.94372e-06
-5.05 6.21955e-06
-5.04 6.50752e-06
-5.03 6.80815e-06
-5.02 7.12195e-06
-5.01 7.44948e-06
-5 7.79129e-06
-4.99 8.14797e-06
-4.98 8.52014e-06
-4.97 8.90841e-06
-4.96 9.31345e-06
-4.95 9.73593e-06
-4.94 1.01766e-05
-4.93 1.06361e-05
-4.92 1.11152e-05
-4.91 1.16148e-05
-4.9 1.21357e-05
-4.89 1.26786e-05
-4.88 1.32445e-05
-4.87 1.38343e-05
-4.86 1.44489e-05
-4.85 1.50893e-05
-4.84 1.57565e-05
-4.83 1.64516e-05
-4.82 1.71756e-05
-4.81 1.79297e-05
-4.8 1.87151e-05
-4.79 1.95329e-05
-4.78 2.03844e-05
-4.77 2.1271e-05
-4.76 2.21939e-05
-4.75 2.31545e-05
-4.74 2.41543e-05
-4.73 2.51948e-05
-4.72 2.62774e-05
-4.71 2.74039e-05
-4.7 2.85759e-05
-4.69 2.97949e-05
-4.68 3.1063e-05
-4.67 3.23817e-05
-4.66 3.37531e-05
-4.65 3.51791e-05
-4.64 3.66617e-05
-4.63 3.8203e-05
-4.62 3.98051e-05
-4.61 4.14703e-05
-4.6 4.32009e-05
-4.59 4.49992e-05
-4.58 4.68677e-05
-4.57 4.8809e-05
-4.56 5.08257e-05
-4.55 5.29204e-05
-4.54 5.5096e-05
-4.53 5.73554e-05
-4.52 5.97015e-05
-4.51 6.21374e-05
-4.5 6.46663e-05
-4.49 6.72915e-05
-4.48 7.00163e-05
-4.47 7.28442e-05
-4.46 7.57789e-05
-4.45 7.8824e-05
-4.44 8.19833e-05
-4.43 8.52608e-05
-4.42 8.86606e-05
-4.41 9.21869e-05
-4.4 9.58439e-05
-4.39 9.96361e-05
-4.38 0.000103568
-4.37 0.000107645
-4.36 0.000111871
-4.35 0.000116251
-4.34 0.000120791
-4.33 0.000125496
-4.32 0.000130372
-4.31 0.000135423
-4.3 0.000140657
-4.29 0.000146078
-4.28 0.000151693
-4.27 0.000157508
-4.26 0.000163531
-4.25 0.000169766
-4.24 0.000176223
-4.23 0.000182906
-4.22 0.000189825
-4.21 0.000196986
-4.2 0.000204397
-4.19 0.000212066
-4.18 0.000220001
-4.17 0.000228211
-4.16 0.000236703
-4.15 0.000245488
-4.14 0.000254574
-4.13 0.00026397
-4.12 0.000273686
-4.11 0.000283731
-4.1 0.000294117
-4.09 0.000304853
-4.08 0.00031595
-4.07 0.000327418
-4.06 0.00033927
-4.05 0.000351516
-4.04 0.000364169
-4.03 0.00037724
-4.02 0.000390743
-4.01 0.000404689
-4 0.000419091
-3.99 0.000433964
-3.98 0.000449321
-3.97 0.000465176
-3.96 0.000481544
-3.95 0.000498438
-3.94 0.000515875
-3.93 0.00053387
-3.92 0.000552439
-3.91 0.000571598
-3.9 0.000591364
-3.89 0.000611754
-3.88 0.000632786
-3.87 0.000654477
-3.86 0.000676845
-3.85 0.00069991
-3.84 0.000723691
-3.83 0.000748207
-3.82 0.000773478
-3.81 0.000799526
-3.8 0.000826371
-3.79 0.000854034
-3.78 0.000882537
-3.77 0.000911904
-3.76 0.000942157
-3.75 0.000973319
-3.74 0.00100541
-3.73 0.00103847
-3.72 0.0010725
-3.71 0.00110755
-3.7 0.00114363
-3.69 0.00118077
-3.68 0.001219
-3.67 0.00125835
-3.66 0.00129884
-3.65 0.0013405
-3.64 0.00138337
-3.63 0.00142748
-3.62 0.00147284
-3.61 0.00151951
-3.6 0.0015675
-3.59 0.00161685
-3.58 0.00166759
-3.57 0.00171976
-3.56 0.0017734
-3.55 0.00182853
-3.54 0.0018852
-3.53 0.00194343
-3.52 0.00200328
-3.51 0.00206476
-3.5 0.00212794
-3.49 0.00219283
-3.48 0.00225949
-3.47 0.00232796
-3.46 0.00239827
-3.45 0.00247047
-3.44 0.0025446
-3.43 0.0026207
-3.42 0.00269883
-3.41 0.00277902
-3.4 0.00286132
-3.39 0.00294577
-3.38 0.00303244
-3.37 0.00312136
-3.36 0.00321258
-3.35 0.00330615
-3.34 0.00340213
-3.33 0.00350056
-3.32 0.0036015
-3.31 0.003705
-3.3 0.00381112
-3.29 0.00391991
-3.28 0.00403142
-3.27 0.00414571
-3.26 0.00426285
-3.25 0.00438288
-3.24 0.00450587
-3.23 0.00463187
-3.22 0.00476095
-3.21 0.00489317
-3.2 0.00502859
-3.19 0.00516728
-3.18 0.00530929
-3.17 0.0054547
-3.16 0.00560357
-3.15 0.00575596
-3.14 0.00591194
-3.13 0.00607159
-3.12 0.00623497
-3.11 0.00640214
-3.1 0.00657319
-3.09 0.00674819
-3.08 0.0069272
-3.07 0.00711029
-3.06 0.00729755
-3.05 0.00748905
-3.04 0.00768487
-3.03 0.00788507
-3.02 0.00808975
-3.01 0.00829897
-3 0.00851281
-2.99 0.00873137
-2.98 0.00895471
-2.97 0.00918291
-2.96 0.00941607
-2.95 0.00965427
-2.94 0.00989757
-2.93 0.0101461
-2.92 0.0103999
-2.91 0.0106591
-2.9 0.0109237
-2.89 0.0111939
-2.88 0.0114697
-2.87 0.0117512
-2.86 0.0120386
-2.85 0.0123318
-2.84 0.0126311
-2.83 0.0129364
-2.82 0.013248
-2.81 0.0135657
-2.8 0.0138899
-2.79 0.0142205
-2.78 0.0145577
-2.77 0.0149015
-2.76 0.015252
-2.75 0.0156094
-2.74 0.0159738
-2.73 0.0163451
-2.72 0.0167236
-2.71 0.0171093
-2.7 0.0175024
-2.69 0.0179029
-2.68 0.0183108
-2.67 0.0187265
-2.66 0.0191498
-2.65 0.0195809
-2.64 0.02002
-2.63 0.0204671
-2.62 0.0209223
-2.61 0.0213858
-2.6 0.0218575
-2.59 0.0223377
-2.58 0.0228264
-2.57 0.0233237
-2.56 0.0238298
-2.55 0.0243446
-2.54 0.0248684
-2.53 0.0254013
-2.52 0.0259432
-2.51 0.0264944
-2.5 0.0270549
-2.49 0.0276248
-2.48 0.0282043
-2.47 0.0287934
-2.46 0.0293922
-2.45 0.0300008
-2.44 0.0306194
-2.43 0.0312479
-2.42 0.0318866
-2.41 0.0325355
-2.4 0.0331947
-2.39 0.0338643
-2.38 0.0345445
-2.37 0.0352352
-2.36 0.0359366
-2.35 0.0366487
-2.34 0.0373718
-2.33 0.0381058
-2.32 0.0388509
-2.31 0.0396071
-2.3 0.0403745
-2.29 0.0411533
-2.28 0.0419434
-2.27 0.0427451
-2.26 0.0435583
-2.25 0.0443831
-2.24 0.0452197
-2.23 0.0460681
-2.22 0.0469285
-2.21 0.0478007
-2.2 0.048685
-2.19 0.0495815
-2.18 0.0504901
-2.17 0.051411
-2.16 0.0523442
-2.15 0.0532898
-2.14 0.0542479
-2.13 0.0552185
-2.12 0.0562016
-2.11 0.0571975
-2.1 0.058206
-2.09 0.0592273
-2.08 0.0602614
-2.07 0.0613083
-2.06 0.0623682
-2.05 0.0634411
-2.04 0.0645269
-2.03 0.0656258
-2.02 0.0667377
-2.01 0.0678628
-2 0.0690011
-1.99 0.0701525
-1.98 0.0713171
-1.97 0.072495
-1.96 0.0736862
-1.95 0.0748906
-1.94 0.0761084
-1.93 0.0773394
-1.92 0.0785838
-1.91 0.0798416
-1.9 0.0811127
-1.89 0.0823971
-1.88 0.0836949
-1.87 0.0850061
-1.86 0.0863305
-1.85 0.0876684
-1.84 0.0890195
-1.83 0.0903839
-1.82 0.0917616
-1.81 0.0931526
-1.8 0.0945568
-1.79 0.0959742
-1.78 0.0974047
-1.77 0.0988484
-1.76 0.100305
-1.75 0.101775
-1.74 0.103258
-1.73 0.104753
-1.72 0.106262
-1.71 0.107783
-1.7 0.109318
-1.69 0.110864
-1.68 0.112424
-1.67 0.113996
-1.66 0.11558
-1.65 0.117177
-1.64 0.118786
-1.63 0.120407
-1.62 0.122041
-1.61 0.123686
-1.6 0.125343
-1.59 0.127012
-1.58 0.128692
-1.57 0.130384
-1.56 0.132088
-1.55 0.133802
-1.54 0.135528
-1.53 0.137265
-1.52 0.139013
-1.51 0.140771
-1.5 0.14254
-1.49 0.144319
-1.48 0.146109
-1.47 0.147908
-1.46 0.149718
-1.45 0.151537
-1.44 0.153365
-1.43 0.155203
-1.42 0.157051
-1.41 0.158907
-1.4 0.160772
-1.39 0.162645
-1.38 0.164527
-1.37 0.166417
-1.36 0.168315
-1.35 0.170221
-1.34 0.172134
-1.33 0.174054
-1.32 0.175981
-1.31 0.177916
-1.3 0.179856
-1.29 0.181803
-1.28 0.183756
-1.27 0.185715
-1.26 0.187679
-1.25 0.189649
-1.24 0.191624
-1.23 0.193603
-1.22 0.195587
-1.21 0.197574
-1.2 0.199566
-1.19 0.201561
-1.18 0.20356
-1.17 0.205561
-1.16 0.207566
-1.15 0.209572
-1.14 0.211581
-1.13 0.213591
-1.12 0.215603
-1.11 0.217616
-1.1 0.219629
-1.09 0.221643
-1.08 0.223658
-1.07 0.225672
-1.06 0.227685
-1.05 0.229698
-1.04 0.231709
-1.03 0.233719
-1.02 0.235727
-1.01 0.237732
-1 0.239735
-0.99 0.241735
-0.98 0.243732
-0.97 0.245724
-0.96 0.247713
-0.95 0.249697
-0.94 0.251677
-0.93 0.253651
-0.92 0.25562
-0.91 0.257582
-0.9 0.259539
-0.89 0.261489
-0.88 0.263431
-0.87 0.265366
-0.86 0.267294
-0.85 0.269213
-0.84 0.271123
-0.83 0.273025
-0.82 0.274917
-0.81 0.276799
-0.8 0.278671
-0.79 0.280533
-0.78 0.282384
-0.77 0.284223
-0.76 0.286051
-0.75 0.287866
-0.74 0.289669
-0.73 0.29146
-0.72 0.293236
-0.71 0.295
-0.7 0.296749
-0.69 0.298484
-0.68 0.300204
-0.67 0.301909
-0.66 0.303598
-0.65 0.305272
-0.64 0.306929
-0.63 0.308569
-0.62 0.310193
-0.61 0.311799
-0.6 0.313387
-0.59 0.314957
-0.58 0.316509
-0.57 0.318041
-0.56 0.319555
-0.55 0.321049
-0.54 0.322522
-0.53 0.323976
-0.52 0.325409
-0.51 0.326821
-0.5 0.328212
-0.49 0.329581
-0.48 0.330928
-0.47 0.332253
-0.46 0.333555
-0.45 0.334834
-0.44 0.336091
-0.43 0.337323
-0.42 0.338532
-0.41 0.339716
-0.4 0.340876
-0.39 0.342012
-0.38 0.343122
-0.37 0.344207
-0.36 0.345267
-0.35 0.346301
-0.34 0.347309
-0.33 0.34829
-0.32 0.349245
-0.31 0.350173
-0.3 0.351074
-0.29 0.351948
-0.28 0.352794
-0.27 0.353612
-0.26 0.354403
-0.25 0.355165
-0.24 0.3559
-0.23 0.356605
-0.22 0.357282
-0.21 0.35793
-0.2 0.35855
-0.19 0.35914
-0.18 0.3597
-0.17 0.360231
-0.16 0.360733
-0.15 0.361205
-0.14 0.361647
-0.13 0.362059
-0.12 0.36244
-0.11 0.362792
-0.1 0.363114
-0.09 0.363405
-0.08 0.363665
-0.07 0.363895
-0.06 0.364095
-0.05 0.364264
-0.04 0.364402
-0.03 0.36451
-0.02 0.364587
-0.01 0.364633
0 0.364648
0.01 0.364633
0.02 0.364587
0.03 0.36451
0.04 0.364402
0.05 0.364264
0.06 0.364095
0.07 0.363895
0.08 0.363665
0.09 0.363405
0.1 0.363114
0.11 0.362792
0.12 0.36244
0.13 0.362059
0.14 0.361647
0.15 0.361205
0.16 0.360733
0.17 0.360231
0.18 0.3597
0.19 0.35914
0.2 0.35855
0.21 0.35793
0.22 0.357282
0.23 0.356605
0.24 0.3559
0.25 0.355165
0.26 0.354403
0.27 0.353612
0.28 0.352794
0.29 0.351948
0.3 0.351074
0.31 0.350173
0.32 0.349245
0.33 0.34829
0.34 0.347309
0.35 0.346301
0.36 0.345267
0.37 0.344207
0.38 0.343122
0.39 0.342012
0.4 0.340876
0.41 0.339716
0.42 0.338532
0.43 0.337323
0.44 0.336091
0.45 0.334834
0.46 0.333555
0.47 0.332253
0.48 0.330928
0.49 0.329581
0.5 0.328212
0.51 0.326821
0.52 0.325409
0.53 0.323976
0.54 0.322522
0.55 0.321049
0.56 0.319555
0.57 0.318041
0.58 0.316509
0.59 0.314957
0.6 0.313387
0.61 0.311799
0.62 0.310193
0.63 0.308569
0.64 0.306929
0.65 0.305272
0.66 0.303598
0.67 0.301909
0.68 0.300204
0.69 0.298484
0.7 0.296749
0.71 0.295
0.72 0.293236
0.73 0.29146
0.74 0.289669
0.75 0.287866
0.76 0.286051
0.77 0.284223
0.78 0.282384
0.79 0.280533
0.8 0.278671
0.81 0.276799
0.82 0.274917
0.83 0.273025
0.84 0.271123
0.85 0.269213
0.86 0.267294
0.87 0.265366
0.88 0.263431
0.89 0.261489
0.9 0.259539
0.91 0.257582
0.92 0.25562
0.93 0.253651
0.94 0.251677
0.95 0.249697
0.96 0.247713
0.97 0.245724
0.98 0.243732
0.99 0.241735
1 0.239735
1.01 0.237732
1.02 0.235727
1.03 0.233719
1.04 0.231709
1.05 0.229698
1.06 0.227685
1.07 0.225672
1.08 0.223658
1.09 0.221643
1.1 0.219629
1.11 0.217616
1.12 0.215603
1.13 0.213591
1.14 0.211581
1.15 0.209572
1.16 0.207566
1.17 0.205561
1.18 0.20356
1.19 0.201561
1.2 0.199566
1.21 0.197574
1.22 0.195587
1.23 0.193603
1.24 0.191624
1.25 0.189649
1.26 0.187679
1.27 0.185715
1.28 0.183756
1.29 0.181803
1.3 0.179856
1.31 0.177916
1.32 0.175981
1.33 0.174054
1.34 0.172134
1.35 0.170221
1.36 0.168315
1.37 0.166417
1.38 0.164527
1.39 0.162645
1.4 0.160772
1.41 0.158907
1.42 0.157051
1.43 0.155203
1.44 0.153365
1.45 0.151537
1.46 0.149718
1.47 0.147908
1.48 0.146109
1.49 0.144319
1.5 0.14254
1.51 0.140771
1.52 0.139013
1.53 0.137265
1.54 0.135528
1.55 0.133802
1.56 0.132088
1.57 0.130384
1.58 0.128692
1.59 0.127012
1.6 0.125343
1.61 0.123686
1.62 0.122041
1.63 0.120407
1.64 0.118786
1.65 0.117177
1.66 0.11558
1.67 0.113996
1.68 0.112424
1.69 0.110864
1.7 0.109318
1.71 0.107783
1.72 0.106262
1.73 0.104753
1.74 0.103258
1.75 0.101775
1.76 0.100305
1.77 0.0988484
1.78 0.0974047
1.79 0.0959742
1.8 0.0945568
1.81 0.0931526
1.82 0.0917616
1.83 0.0903839
1.84 0.0890195
1.85 0.0876684
1.86 0.0863305
1.87 0.0850061
1.88 0.0836949
1.89 0.0823971
1.9 0.0811127
1.91 0.0798416
1.92 0.0785838
1.93 0.0773394
1.94 0.0761084
1.95 0.0748906
1.96 0.0736862
1.97 0.072495
1.98 0.0713171
1.99 0.0701525
2 0.0690011
2.01 0.0678628
2.02 0.0667377
2.03 0.0656258
2.04 0.0645269
2.05 0.0634411
2.06 0.0623682
2.07 0.0613083
2.08 0.0602614
2.09 0.0592273
2.1 0.058206
2.11 0.0571975
2.12 0.0562016
2.13 0.0552185
2.14 0.0542479
2.15 0.0532898
2.16 0.0523442
2.17 0.051411
2.18 0.0504901
2.19 0.0495815
2.2 0.048685
2.21 0.0478007
2.22 0.0469285
2.23 0.0460681
2.24 0.0452197
2.25 0.0443831
2.26 0.0435583
2.27 0.0427451
2.28 0.0419434
2.29 0.0411533
2.3 0.0403745
2.31 0.0396071
2.32 0.0388509
2.33 0.0381058
2.34 0.0373718
2.35 0.0366487
2.36 0.0359366
2.37 0.0352352
2.38 0.0345445
2.39 0.0338643
2.4 0.0331947
2.41 0.0325355
2.42 0.0318866
2.43 0.0312479
2.44 0.0306194
2.45 0.0300008
2.46 0.0293922
2.47 0.0287934
2.48 0.0282043
2.49 0.0276248
2.5 0.0270549
2.51 0.0264944
2.52 0.0259432
2.53 0.0254013
2.54 0.0248684
2.55 0.0243446
2.56 0.0238298
2.57 0.0233237
2.58 0.0228264
2.59 0.0223377
2.6 0.0218575
2.61 0.0213858
2.62 0.0209223
2.63 0.0204671
2.64 0.02002
2.65 0.0195809
2.66 0.0191498
2.67 0.0187265
2.68 0.0183108
2.69 0.0179029
2.7 0.0175024
2.71 0.0171093
2.72 0.0167236
2.73 0.0163451
2.74 0.0159738
2.75 0.0156094
2.76 0.015252
2.77 0.0149015
2.78 0.0145577
2.79 0.0142205
2.8 0.0138899
2.81 0.0135657
2.82 0.013248
2.83 0.0129364
2.84 0.0126311
2.85 0.0123318
2.86 0.0120386
2.87 0.0117512
2.88 0.0114697
2.89 0.0111939
2.9 0.0109237
2.91 0.0106591
2.92 0.0103999
2.93 0.0101461
2.94 0.00989757
2.95 0.00965427
2.96 0.00941607
2.97 0.00918291
2.98 0.00895471
2.99 0.00873137
3 0.00851281
3.01 0.00829897
3.02 0.00808975
3.03 0.00788507
3.04 0.00768487
3.05 0.00748905
3.06 0.00729755
3.07 0.00711029
3.08 0.0069272
3.09 0.00674819
3.1 0.00657319
3.11 0.00640214
3.12 0.00623497
3.13 0.00607159
3.14 0.00591194
3.15 0.00575596
3.16 0.00560357
3.17 0.0054547
3.18 0.00530929
3.19 0.00516728
3.2 0.00502859
3.21 0.00489317
3.22 0.00476095
3.23 0.00463187
3.24 0.00450587
3.25 0.00438288
3.26 0.00426285
3.27 0.00414571
3.28 0.00403142
3.29 0.00391991
3.3 0.00381112
3.31 0.003705
3.32 0.0036015
3.33 0.00350056
3.34 0.00340213
3.35 0.00330615
3.36 0.00321258
3.37 0.00312136
3.38 0.00303244
3.39 0.00294577
3.4 0.00286132
3.41 0.00277902
3.42 0.00269883
3.43 0.0026207
3.44 0.0025446
3.45 0.00247047
3.46 0.00239827
3.47 0.00232796
3.48 0.00225949
3.49 0.00219283
3.5 0.00212794
3.51 0.00206476
3.52 0.00200328
3.53 0.00194343
3.54 0.0018852
3.55 0.00182853
3.56 0.0017734
3.57 0.00171976
3.58 0.00166759
3.59 0.00161685
3.6 0.0015675
3.61 0.00151951
3.62 0.00147284
3.63 0.00142748
3.64 0.00138337
3.65 0.0013405
3.66 0.00129884
3.67 0.00125835
3.68 0.001219
3.69 0.00118077
3.7 0.00114363
3.71 0.00110755
3.72 0.0010725
3.73 0.00103847
3.74 0.00100541
3.75 0.000973319
3.76 0.000942157
3.77 0.000911904
3.78 0.000882537
3.79 0.000854034
3.8 0.000826371
3.81 0.000799526
3.82 0.000773478
3.83 0.000748207
3.84 0.000723691
3.85 0.00069991
3.86 0.000676845
3.87 0.000654477
3.88 0.000632786
3.89 0.000611754
3.9 0.000591364
3.91 0.000571598
3.92 0.000552439
3.93 0.00053387
3.94 0.000515875
3.95 0.000498438
3.96 0.000481544
3.97 0.000465176
3.98 0.000449321
3.99 0.000433964
4 0.000419091
4.01 0.000404689
4.02 0.000390743
4.03 0.00037724
4.04 0.000364169
4.05 0.000351516
4.06 0.00033927
4.07 0.000327418
4.08 0.00031595
4.09 0.000304853
4.1 0.000294117
4.11 0.000283731
4.12 0.000273686
4.13 0.00026397
4.14 0.000254574
4.15 0.000245488
4.16 0.000236703
4.17 0.000228211
4.18 0.000220001
4.19 0.000212066
4.2 0.000204397
4.21 0.000196986
4.22 0.000189825
4.23 0.000182906
4.24 0.000176223
4.25 0.000169766
4.26 0.000163531
4.27 0.000157508
4.28 0.000151693
4.29 0.000146078
4.3 0.000140657
4.31 0.000135423
4.32 0.000130372
4.33 0.000125496
4.34 0.000120791
4.35 0.000116251
4.36 0.000111871
4.37 0.000107645
4.38 0.000103568
4.39 9.96361e-05
4.4 9.58439e-05
4.41 9.21869e-05
4.42 8.86606e-05
4.43 8.52608e-05
4.44 8.19833e-05
4.45 7.8824e-05
4.46 7.57789e-05
4.47 7.28442e-05
4.48 7.00163e-05
4.49 6.72915e-05
4.5 6.46663e-05
4.51 6.21374e-05
4.52 5.97015e-05
4.53 5.73554e-05
4.54 5.5096e-05
4.55 5.29204e-05
4.56 5.08257e-05
4.57 4.8809e-05
4.58 4.68677e-05
4.59 4.49992e-05
4.6 4.32009e-05
4.61 4.14703e-05
4.62 3.98051e-05
4.63 3.8203e-05
4.64 3.66617e-05
4.65 3.51791e-05
4.66 3.37531e-05
4.67 3.23817e-05
4.68 3.1063e-05
4.69 2.97949e-05
4.7 2.85759e-05
4.71 2.74039e-05
4.72 2.62774e-05
4.73 2.51948e-05
4.74 2.41543e-05
4.75 2.31545e-05
4.76 2.21939e-05
4.77 2.1271e-05
4.78 2.03844e-05
4.79 1.95329e-05
4.8 1.87151e-05
4.81 1.79297e-05
4.82 1.71756e-05
4.83 1.64516e-05
4.84 1.57565e-05
4.85 1.50893e-05
4.86 1.44489e-05
4.87 1.38343e-05
4.88 1.32445e-05
4.89 1.26786e-05
4.9 1.21357e-05
4.91 1.16148e-05
4.92 1.11152e-05
4.93 1.06361e-05
4.94 1.01766e-05
4.95 9.73593e-06
4.96 9.31345e-06
4.97 8.90841e-06
4.98 8.52014e-06
4.99 8.14797e-06
5 7.79129e-06
5.01 7.44948e-06
5.02 7.12195e-06
5.03 6.80815e-06
5.04 6.50752e-06
5.05 6.21955e-06
5.06 5.94372e-06
5.07 5.67957e-06
5.08 5.42661e-06
5.09 5.1844e-06
5.1 4.95251e-06
5.11 4.73051e-06
5.12 4.51802e-06
5.13 4.31464e-06
5.14 4.12001e-06
5.15 3.93376e-06
5.16 3.75555e-06
5.17 3.58507e-06
5.18 3.42197e-06
5.19 3.26598e-06
5.2 3.11678e-06
5.21 2.9741e-06
5.22 2.83767e-06
5.23 2.70723e-06
5.24 2.58252e-06
5.25 2.46332e-06
5.26 2.34938e-06
5.27 2.24048e-06
5.28 2.13642e-06
5.29 2.037e-06
5.3 1.942e-06
5.31 1.85125e-06
5.32 1.76456e-06
5.33 1.68177e-06
5.34 1.60269e-06
5.35 1.52719e-06
5.36 1.45509e-06
5.37 1.38627e-06
5.38 1.32056e-06
5.39 1.25784e-06
5.4 1.19798e-06
5.41 1.14086e-06
5.42 1.08635e-06
5.43 1.03434e-06
5.44 9.84726e-07
5.45 9.37396e-07
5.46 8.92251e-07
5.47 8.49196e-07
5.48 8.08137e-07
5.49 7.68986e-07
5.5 7.31659e-07
5.51 6.96074e-07
5.52 6.62154e-07
5.53 6.29823e-07
5.54 5.99012e-07
5.55 5.6965e-07
5.56 5.41674e-07
5.57 5.15019e-07
5.58 4.89628e-07
5.59 4.65442e-07
5.6 4.42406e-07
5.61 4.20468e-07
5.62 3.99578e-07
5.63 3.79688e-07
5.64 3.60751e-07
5.65 3.42725e-07
5.66 3.25567e-07
5.67 3.09237e-07
5.68 2.93697e-07
5.69 2.7891e-07
5.7 2.6484e-07
5.71 2.51456e-07
5.72 2.38723e-07
5.73 2.26613e-07
5.74 2.15096e-07
5.75 2.04143e-07
5.76 1.93729e-07
5.77 1.83828e-07
5.78 1.74415e-07
5.79 1.65467e-07
5.8 1.56963e-07
5.81 1.48881e-07
5.82 1.41201e-07
5.83 1.33904e-07
5.84 1.26971e-07
5.85 1.20385e-07
5.86 1.14129e-07
5.87 1.08188e-07
5.88 1.02545e-07
5.89 9.71873e-08
5.9 9.21001e-08
5.91 8.72704e-08
5.92 8.26856e-08
5.93 7.83339e-08
5.94 7.42038e-08
5.95 7.02844e-08
5.96 6.65653e-08
5.97 6.30367e-08
5.98 5.96892e-08
5.99 5.65137e-08
