-6 0.00187674
-5.99 0.00193506
-5.98 0.00199499
-5.97 0.00205657
-5.96 0.00211983
-5.95 0.00218482
-5.94 0.00225158
-5.93 0.00232014
-5.92 0.00239055
-5.91 0.00246285
-5.9 0.00253708
-5.89 0.00261328
-5.88 0.0026915
-5.87 0.00277178
-5.86 0.00285417
-5.85 0.00293871
-5.84 0.00302544
-5.83 0.00311443
-5.82 0.00320571
-5.81 0.00329933
-5.8 0.00339534
-5.79 0.0034938
-5.78 0.00359474
-5.77 0.00369823
-5.76 0.00380432
-5.75 0.00391305
-5.74 0.00402449
-5.73 0.00413868
-5.72 0.00425568
-5.71 0.00437555
-5.7 0.00449834
-5.69 0.00462411
-5.68 0.00475292
-5.67 0.00488483
-5.66 0.00501988
-5.65 0.00515815
-5.64 0.0052997
-5.63 0.00544458
-5.62 0.00559286
-5.61 0.00574459
-5.6 0.00589985
-5.59 0.00605869
-5.58 0.00622119
-5.57 0.00638739
-5.56 0.00655737
-5.55 0.0067312
-5.54 0.00690894
-5.53 0.00709066
-5.52 0.00727642
-5.51 0.0074663
-5.5 0.00766036
-5.49 0.00785867
-5.48 0.0080613
-5.47 0.00826832
-5.46 0.0084798
-5.45 0.00869582
-5.44 0.00891644
-5.43 0.00914173
-5.42 0.00937177
-5.41 0.00960663
-5.4 0.00984638
-5.39 0.0100911
-5.38 0.0103409
-5.37 0.0105957
-5.36 0.0108558
-5.35 0.0111211
-5.34 0.0113918
-5.33 0.0116678
-5.32 0.0119494
-5.31 0.0122365
-5.3 0.0125292
-5.29 0.0128277
-5.28 0.0131319
-5.27 0.013442
-5.26 0.013758
-5.25 0.0140801
-5.24 0.0144082
-5.23 0.0147425
-5.22 0.015083
-5.21 0.0154298
-5.2 0.015783
-5.19 0.0161427
-5.18 0.0165089
-5.17 0.0168817
-5.16 0.0172612
-5.15 0.0176474
-5.14 0.0180405
-5.13 0.0184404
-5.12 0.0188473
-5.11 0.0192613
-5.1 0.0196823
-5.09 0.0201105
-5.08 0.020546
-5.07 0.0209888
-5.06 0.021439
-5.05 0.0218966
-5.04 0.0223617
-5.03 0.0228344
-5.02 0.0233148
-5.01 0.0238028
-5 0.0242986
-4.99 0.0248023
-4.98 0.0253138
-4.97 0.0258333
-4.96 0.0263607
-4.95 0.0268963
-4.94 0.0274399
-4.93 0.0279917
-4.92 0.0285517
-4.91 0.02912
-4.9 0.0296966
-4.89 0.0302816
-4.88 0.030875
-4.87 0.0314768
-4.86 0.0320871
-4.85 0.032706
-4.84 0.0333334
-4.83 0.0339694
-4.82 0.0346141
-4.81 0.0352675
-4.8 0.0359296
-4.79 0.0366004
-4.78 0.03728
-4.77 0.0379683
-4.76 0.0386655
-4.75 0.0393715
-4.74 0.0400863
-4.73 0.0408101
-4.72 0.0415426
-4.71 0.0422841
-4.7 0.0430345
-4.69 0.0437938
-4.68 0.0445619
-4.67 0.045339
-4.66 0.046125
-4.65 0.0469198
-4.64 0.0477236
-4.63 0.0485362
-4.62 0.0493577
-4.61 0.050188
-4.6 0.0510271
-4.59 0.0518751
-4.58 0.0527318
-4.57 0.0535972
-4.56 0.0544714
-4.55 0.0553542
-4.54 0.0562457
-4.53 0.0571458
-4.52 0.0580544
-4.51 0.0589715
-4.5 0.059897
-4.49 0.060831
-4.48 0.0617733
-4.47 0.0627238
-4.46 0.0636826
-4.45 0.0646495
-4.44 0.0656244
-4.43 0.0666074
-4.42 0.0675982
-4.41 0.0685969
-4.4 0.0696033
-4.39 0.0706173
-4.38 0.0716389
-4.37 0.072668
-4.36 0.0737043
-4.35 0.074748
-4.34 0.0757987
-4.33 0.0768565
-4.32 0.0779212
-4.31 0.0789927
-4.3 0.0800708
-4.29 0.0811555
-4.28 0.0822465
-4.27 0.0833438
-4.26 0.0844473
-4.25 0.0855567
-4.24 0.086672
-4.23 0.0877929
-4.22 0.0889194
-4.21 0.0900512
-4.2 0.0911883
-4.19 0.0923304
-4.18 0.0934774
-4.17 0.094629
-4.16 0.0957852
-4.15 0.0969458
-4.14 0.0981105
-4.13 0.0992793
-4.12 0.100452
-4.11 0.101628
-4.1 0.102807
-4.09 0.10399
-4.08 0.105176
-4.07 0.106364
-4.06 0.107555
-4.05 0.108749
-4.04 0.109944
-4.03 0.111142
-4.02 0.112341
-4.01 0.113542
-4 0.114744
-3.99 0.115947
-3.98 0.117151
-3.97 0.118355
-3.96 0.11956
-3.95 0.120765
-3.94 0.12197
-3.93 0.123174
-3.92 0.124378
-3.91 0.12558
-3.9 0.126782
-3.89 0.127982
-3.88 0.129181
-3.87 0.130377
-3.86 0.131572
-3.85 0.132764
-3.84 0.133953
-3.83 0.135139
-3.82 0.136322
-3.81 0.137502
-3.8 0.138678
-3.79 0.139849
-3.78 0.141017
-3.77 0.14218
-3.76 0.143338
-3.75 0.144491
-3.74 0.145638
-3.73 0.14678
-3.72 0.147916
-3.71 0.149045
-3.7 0.150168
-3.69 0.151284
-3.68 0.152394
-3.67 0.153495
-3.66 0.15459
-3.65 0.155676
-3.64 0.156754
-3.63 0.157824
-3.62 0.158885
-3.61 0.159937
-3.6 0.16098
-3.59 0.162013
-3.58 0.163037
-3.57 0.16405
-3.56 0.165053
-3.55 0.166046
-3.54 0.167027
-3.53 0.167998
-3.52 0.168957
-3.51 0.169904
-3.5 0.17084
-3.49 0.171763
-3.48 0.172674
-3.47 0.173573
-3.46 0.174458
-3.45 0.17533
-3.44 0.176189
-3.43 0.177035
-3.42 0.177866
-3.41 0.178683
-3.4 0.179486
-3.39 0.180275
-3.38 0.181049
-3.37 0.181807
-3.36 0.182551
-3.35 0.183279
-3.34 0.183991
-3.33 0.184688
-3.32 0.185369
-3.31 0.186033
-3.3 0.186681
-3.29 0.187312
-3.28 0.187927
-3.27 0.188525
-3.26 0.189105
-3.25 0.189668
-3.24 0.190214
-3.23 0.190742
-3.22 0.191253
-3.21 0.191745
-3.2 0.192219
-3.19 0.192675
-3.18 0.193113
-3.17 0.193532
-3.16 0.193933
-3.15 0.194315
-3.14 0.194678
-3.13 0.195022
-3.12 0.195348
-3.11 0.195654
-3.1 0.19594
-3.09 0.196208
-3.08 0.196456
-3.07 0.196685
-3.06 0.196894
-3.05 0.197083
-3.04 0.197253
-3.03 0.197403
-3.02 0.197534
-3.01 0.197645
-3 0.197735
-2.99 0.197806
-2.98 0.197858
-2.97 0.197889
-2.96 0.1979
-2.95 0.197892
-2.94 0.197864
-2.93 0.197816
-2.92 0.197748
-2.91 0.19766
-2.9 0.197552
-2.89 0.197425
-2.88 0.197278
-2.87 0.197111
-2.86 0.196925
-2.85 0.196719
-2.84 0.196493
-2.83 0.196249
-2.82 0.195984
-2.81 0.195701
-2.8 0.195398
-2.79 0.195077
-2.78 0.194736
-2.77 0.194377
-2.76 0.193998
-2.75 0.193601
-2.74 0.193186
-2.73 0.192752
-2.72 0.1923
-2.71 0.191829
-2.7 0.191341
-2.69 0.190835
-2.68 0.190311
-2.67 0.18977
-2.66 0.189211
-2.65 0.188635
-2.64 0.188042
-2.63 0.187432
-2.62 0.186806
-2.61 0.186163
-2.6 0.185503
-2.59 0.184828
-2.58 0.184137
-2.57 0.18343
-2.56 0.182707
-2.55 0.181969
-2.54 0.181216
-2.53 0.180449
-2.52 0.179666
-2.51 0.178869
-2.5 0.178058
-2.49 0.177233
-2.48 0.176395
-2.47 0.175543
-2.46 0.174677
-2.45 0.173799
-2.44 0.172908
-2.43 0.172004
-2.42 0.171088
-2.41 0.17016
-2.4 0.169221
-2.39 0.168269
-2.38 0.167307
-2.37 0.166334
-2.36 0.16535
-2.35 0.164355
-2.34 0.163351
-2.33 0.162336
-2.32 0.161312
-2.31 0.160279
-2.3 0.159236
-2.29 0.158185
-2.28 0.157125
-2.27 0.156057
-2.26 0.154981
-2.25 0.153897
-2.24 0.152805
-2.23 0.151707
-2.22 0.150602
-2.21 0.14949
-2.2 0.148372
-2.19 0.147247
-2.18 0.146117
-2.17 0.144982
-2.16 0.143841
-2.15 0.142695
-2.14 0.141545
-2.13 0.14039
-2.12 0.139231
-2.11 0.138069
-2.1 0.136902
-2.09 0.135733
-2.08 0.13456
-2.07 0.133385
-2.06 0.132207
-2.05 0.131027
-2.04 0.129844
-2.03 0.128661
-2.02 0.127475
-2.01 0.126289
-2 0.125101
-1.99 0.123913
-1.98 0.122724
-1.97 0.121535
-1.96 0.120346
-1.95 0.119158
-1.94 0.11797
-1.93 0.116783
-1.92 0.115596
-1.91 0.114411
-1.9 0.113228
-1.89 0.112046
-1.88 0.110866
-1.87 0.109688
-1.86 0.108512
-1.85 0.107339
-1.84 0.106169
-1.83 0.105002
-1.82 0.103838
-1.81 0.102677
-1.8 0.10152
-1.79 0.100367
-1.78 0.0992175
-1.77 0.0980724
-1.76 0.0969316
-1.75 0.0957953
-1.74 0.0946638
-1.73 0.0935371
-1.72 0.0924155
-1.71 0.091299
-1.7 0.090188
-1.69 0.0890825
-1.68 0.0879827
-1.67 0.0868888
-1.66 0.0858008
-1.65 0.084719
-1.64 0.0836435
-1.63 0.0825744
-1.62 0.0815118
-1.61 0.080456
-1.6 0.0794069
-1.59 0.0783648
-1.58 0.0773297
-1.57 0.0763018
-1.56 0.0752812
-1.55 0.074268
-1.54 0.0732622
-1.53 0.0722641
-1.52 0.0712736
-1.51 0.0702909
-1.5 0.0693161
-1.49 0.0683492
-1.48 0.0673903
-1.47 0.0664396
-1.46 0.065497
-1.45 0.0645627
-1.44 0.0636367
-1.43 0.0627191
-1.42 0.06181
-1.41 0.0609093
-1.4 0.0600173
-1.39 0.0591338
-1.38 0.0582589
-1.37 0.0573928
-1.36 0.0565354
-1.35 0.0556868
-1.34 0.054847
-1.33 0.054016
-1.32 0.0531938
-1.31 0.0523806
-1.3 0.0515763
-1.29 0.0507809
-1.28 0.0499944
-1.27 0.0492169
-1.26 0.0484483
-1.25 0.0476888
-1.24 0.0469382
-1.23 0.0461965
-1.22 0.0454638
-1.21 0.0447401
-1.2 0.0440254
-1.19 0.0433196
-1.18 0.0426227
-1.17 0.0419348
-1.16 0.0412558
-1.15 0.0405856
-1.14 0.0399244
-1.13 0.0392719
-1.12 0.0386283
-1.11 0.0379934
-1.1 0.0373674
-1.09 0.03675
-1.08 0.0361413
-1.07 0.0355413
-1.06 0.0349499
-1.05 0.0343671
-1.04 0.0337928
-1.03 0.033227
-1.02 0.0326697
-1.01 0.0321207
-1 0.0315801
-0.99 0.0310478
-0.98 0.0305238
-0.97 0.0300079
-0.96 0.0295003
-0.95 0.0290007
-0.94 0.0285091
-0.93 0.0280255
-0.92 0.0275499
-0.91 0.0270821
-0.9 0.0266221
-0.89 0.0261699
-0.88 0.0257253
-0.87 0.0252884
-0.86 0.024859
-0.85 0.0244371
-0.84 0.0240226
-0.83 0.0236155
-0.82 0.0232157
-0.81 0.0228231
-0.8 0.0224376
-0.79 0.0220593
-0.78 0.021688
-0.77 0.0213236
-0.76 0.0209662
-0.75 0.0206155
-0.74 0.0202716
-0.73 0.0199344
-0.72 0.0196038
-0.71 0.0192798
-0.7 0.0189622
-0.69 0.018651
-0.68 0.0183462
-0.67 0.0180476
-0.66 0.0177552
-0.65 0.017469
-0.64 0.0171888
-0.63 0.0169146
-0.62 0.0166463
-0.61 0.0163839
-0.6 0.0161273
-0.59 0.0158763
-0.58 0.0156311
-0.57 0.0153914
-0.56 0.0151573
-0.55 0.0149286
-0.54 0.0147053
-0.53 0.0144874
-0.52 0.0142747
-0.51 0.0140672
-0.5 0.0138649
-0.49 0.0136676
-0.48 0.0134754
-0.47 0.0132881
-0.46 0.0131057
-0.45 0.0129282
-0.44 0.0127554
-0.43 0.0125874
-0.42 0.0124241
-0.41 0.0122654
-0.4 0.0121113
-0.39 0.0119617
-0.38 0.0118165
-0.37 0.0116758
-0.36 0.0115394
-0.35 0.0114074
-0.34 0.0112796
-0.33 0.011156
-0.32 0.0110367
-0.31 0.0109214
-0.3 0.0108103
-0.29 0.0107032
-0.28 0.0106001
-0.27 0.010501
-0.26 0.0104059
-0.25 0.0103146
-0.24 0.0102272
-0.23 0.0101436
-0.22 0.0100639
-0.21 0.00998787
-0.2 0.00991561
-0.19 0.00984706
-0.18 0.00978219
-0.17 0.00972097
-0.16 0.00966338
-0.15 0.00960941
-0.14 0.00955901
-0.13 0.00951219
-0.12 0.00946891
-0.11 0.00942915
-0.1 0.00939291
-0.09 0.00936017
-0.08 0.00933091
-0.07 0.00930512
-0.06 0.00928279
-0.05 0.00926391
-0.04 0.00924847
-0.03 0.00923647
-0.02 0.00922791
-0.01 0.00922277
0 0.00922106
0.01 0.00922277
0.02 0.00922791
0.03 0.00923647
0.04 0.00924847
0.05 0.00926391
0.06 0.00928279
0.07 0.00930512
0.08 0.00933091
0.09 0.00936017
0.1 0.00939291
0.11 0.00942915
0.12 0.00946891
0.13 0.00951219
0.14 0.00955901
0.15 0.00960941
0.16 0.00966338
0.17 0.00972097
0.18 0.00978219
0.19 0.00984706
0.2 0.00991561
0.21 0.00998787
0.22 0.0100639
0.23 0.0101436
0.24 0.0102272
0.25 0.0103146
0.26 0.0104059
0.27 0.010501
0.28 0.0106001
0.29 0.0107032
0.3 0.0108103
0.31 0.0109214
0.32 0.0110367
0.33 0.011156
0.34 0.0112796
0.35 0.0114074
0.36 0.0115394
0.37 0.0116758
0.38 0.0118165
0.39 0.0119617
0.4 0.0121113
0.41 0.0122654
0.42 0.0124241
0.43 0.0125874
0.44 0.0127554
0.45 0.0129282
0.46 0.0131057
0.47 0.0132881
0.48 0.0134754
0.49 0.0136676
0.5 0.0138649
0.51 0.0140672
0.52 0.0142747
0.53 0.0144874
0.54 0.0147053
0.55 0.0149286
0.56 0.0151573
0.57 0.0153914
0.58 0.0156311
0.59 0.0158763
0.6 0.0161273
0.61 0.0163839
0.62 0.0166463
0.63 0.0169146
0.64 0.0171888
0.65 0.017469
0.66 0.0177552
0.67 0.0180476
0.68 0.0183462
0.69 0.018651
0.7 0.0189622
0.71 0.0192798
0.72 0.0196038
0.73 0.0199344
0.74 0.0202716
0.75 0.0206155
0.76 0.0209662
0.77 0.0213236
0.78 0.021688
0.79 0.0220593
0.8 0.0224376
0.81 0.0228231
0.82 0.0232157
0.83 0.0236155
0.84 0.0240226
0.85 0.0244371
0.86 0.024859
0.87 0.0252884
0.88 0.0257253
0.89 0.0261699
0.9 0.0266221
0.91 0.0270821
0.92 0.0275499
0.93 0.0280255
0.94 0.0285091
0.95 0.0290007
0.96 0.0295003
0.97 0.0300079
0.98 0.0305238
0.99 0.0310478
1 0.0315801
1.01 0.0321207
1.02 0.0326697
1.03 0.033227
1.04 0.0337928
1.05 0.0343671
1.06 0.0349499
1.07 0.0355413
1.08 0.0361413
1.09 0.03675
1.1 0.0373674
1.11 0.0379934
1.12 0.0386283
1.13 0.0392719
1.14 0.0399244
1.15 0.0405856
1.16 0.0412558
1.17 0.0419348
1.18 0.0426227
1.19 0.0433196
1.2 0.0440254
1.21 0.0447401
1.22 0.0454638
1.23 0.0461965
1.24 0.0469382
1.25 0.0476888
1.26 0.0484483
1.27 0.0492169
1.28 0.0499944
1.29 0.0507809
1.3 0.0515763
1.31 0.0523806
1.32 0.0531938
1.33 0.054016
1.34 0.054847
1.35 0.0556868
1.36 0.0565354
1.37 0.0573928
1.38 0.0582589
1.39 0.0591338
1.4 0.0600173
1.41 0.0609093
1.42 0.06181
1.43 0.0627191
1.44 0.0636367
1.45 0.0645627
1.46 0.065497
1.47 0.0664396
1.48 0.0673903
1.49 0.0683492
1.5 0.0693161
1.51 0.0702909
1.52 0.0712736
1.53 0.0722641
1.54 0.0732622
1.55 0.074268
1.56 0.0752812
1.57 0.0763018
1.58 0.0773297
1.59 0.0783648
1.6 0.0794069
1.61 0.080456
1.62 0.0815118
1.63 0.0825744
1.64 0.0836435
1.65 0.084719
1.66 0.0858008
1.67 0.0868888
1.68 0.0879827
1.69 0.0890825
1.7 0.090188
1.71 0.091299
1.72 0.0924155
1.73 0.0935371
1.74 0.0946638
1.75 0.0957953
1.76 0.0969316
1.77 0.0980724
1.78 0.0992175
1.79 0.100367
1.8 0.10152
1.81 0.102677
1.82 0.103838
1.83 0.105002
1.84 0.106169
1.85 0.107339
1.86 0.108512
1.87 0.109688
1.88 0.110866
1.89 0.112046
1.9 0.113228
1.91 0.114411
1.92 0.115596
1.93 0.116783
1.94 0.11797
1.95 0.119158
1.96 0.120346
1.97 0.121535
1.98 0.122724
1.99 0.123913
2 0.125101
2.01 0.126289
2.02 0.127475
2.03 0.128661
2.04 0.129844
2.05 0.131027
2.06 0.132207
2.07 0.133385
2.08 0.13456
2.09 0.135733
2.1 0.136902
2.11 0.138069
2.12 0.139231
2.13 0.14039
2.14 0.141545
2.15 0.142695
2.16 0.143841
2.17 0.144982
2.18 0.146117
2.19 0.147247
2.2 0.148372
2.21 0.14949
2.22 0.150602
2.23 0.151707
2.24 0.152805
2.25 0.153897
2.26 0.154981
2.27 0.156057
2.28 0.157125
2.29 0.158185
2.3 0.159236
2.31 0.160279
2.32 0.161312
2.33 0.162336
2.34 0.163351
2.35 0.164355
2.36 0.16535
2.37 0.166334
2.38 0.167307
2.39 0.168269
2.4 0.169221
2.41 0.17016
2.42 0.171088
2.43 0.172004
2.44 0.172908
2.45 0.173799
2.46 0.174677
2.47 0.175543
2.48 0.176395
2.49 0.177233
2.5 0.178058
2.51 0.178869
2.52 0.179666
2.53 0.180449
2.54 0.181216
2.55 0.181969
2.56 0.182707
2.57 0.18343
2.58 0.184137
2.59 0.184828
2.6 0.185503
2.61 0.186163
2.62 0.186806
2.63 0.187432
2.64 0.188042
2.65 0.188635
2.66 0.189211
2.67 0.18977
2.68 0.190311
2.69 0.190835
2.7 0.191341
2.71 0.191829
2.72 0.1923
2.73 0.192752
2.74 0.193186
2.75 0.193601
2.76 0.193998
2.77 0.194377
2.78 0.194736
2.79 0.195077
2.8 0.195398
2.81 0.195701
2.82 0.195984
2.83 0.196249
2.84 0.196493
2.85 0.196719
2.86 0.196925
2.87 0.197111
2.88 0.197278
2.89 0.197425
2.9 0.197552
2.91 0.19766
2.92 0.197748
2.93 0.197816
2.94 0.197864
2.95 0.197892
2.96 0.1979
2.97 0.197889
2.98 0.197858
2.99 0.197806
3 0.197735
3.01 0.197645
3.02 0.197534
3.03 0.197403
3.04 0.197253
3.05 0.197083
3.06 0.196894
3.07 0.196685
3.08 0.196456
3.09 0.196208
3.1 0.19594
3.11 0.195654
3.12 0.195348
3.13 0.195022
3.14 0.194678
3.15 0.194315
3.16 0.193933
3.17 0.193532
3.18 0.193113
3.19 0.192675
3.2 0.192219
3.21 0.191745
3.22 0.191253
3.23 0.190742
3.24 0.190214
3.25 0.189668
3.26 0.189105
3.27 0.188525
3.28 0.187927
3.29 0.187312
3.3 0.186681
3.31 0.186033
3.32 0.185369
3.33 0.184688
3.34 0.183991
3.35 0.183279
3.36 0.182551
3.37 0.181807
3.38 0.181049
3.39 0.180275
3.4 0.179486
3.41 0.178683
3.42 0.177866
3.43 0.177035
3.44 0.176189
3.45 0.17533
3.46 0.174458
3.47 0.173573
3.48 0.172674
3.49 0.171763
3.5 0.17084
3.51 0.169904
3.52 0.168957
3.53 0.167998
3.54 0.167027
3.55 0.166046
3.56 0.165053
3.57 0.16405
3.58 0.163037
3.59 0.162013
3.6 0.16098
3.61 0.159937
3.62 0.158885
3.63 0.157824
3.64 0.156754
3.65 0.155676
3.66 0.15459
3.67 0.153495
3.68 0.152394
3.69 0.151284
3.7 0.150168
3.71 0.149045
3.72 0.147916
3.73 0.14678
3.74 0.145638
3.75 0.144491
3.76 0.143338
3.77 0.14218
3.78 0.141017
3.79 0.139849
3.8 0.138678
3.81 0.137502
3.82 0.136322
3.83 0.135139
3.84 0.133953
3.85 0.132764
3.86 0.131572
3.87 0.130377
3.88 0.129181
3.89 0.127982
3.9 0.126782
3.91 0.12558
3.92 0.124378
3.93 0.123174
3.94 0.12197
3.95 0.120765
3.96 0.11956
3.97 0.118355
3.98 0.117151
3.99 0.115947
4 0.114744
4.01 0.113542
4.02 0.112341
4.03 0.111142
4.04 0.109944
4.05 0.108749
4.06 0.107555
4.07 0.106364
4.08 0.105176
4.09 0.10399
4.1 0.102807
4.11 0.101628
4.12 0.100452
4.13 0.0992793
4.14 0.0981105
4.15 0.0969458
4.16 0.0957852
4.17 0.094629
4.18 0.0934774
4.19 0.0923304
4.2 0.0911883
4.21 0.0900512
4.22 0.0889194
4.23 0.0877929
4.24 0.086672
4.25 0.0855567
4.26 0.0844473
4.27 0.0833438
4.28 0.0822465
4.29 0.0811555
4.3 0.0800708
4.31 0.0789927
4.32 0.0779212
4.33 0.0768565
4.34 0.0757987
4.35 0.074748
4.36 0.0737043
4.37 0.072668
4.38 0.0716389
4.39 0.0706173
4.4 0.0696033
4.41 0.0685969
4.42 0.0675982
4.43 0.0666074
4.44 0.0656244
4.45 0.0646495
4.46 0.0636826
4.47 0.0627238
4.48 0.0617733
4.49 0.060831
4.5 0.059897
4.51 0.0589715
4.52 0.0580544
4.53 0.0571458
4.54 0.0562457
4.55 0.0553542
4.56 0.0544714
4.57 0.0535972
4.58 0.0527318
4.59 0.0518751
4.6 0.0510271
4.61 0.050188
4.62 0.0493577
4.63 0.0485362
4.64 0.0477236
4.65 0.0469198
4.66 0.046125
4.67 0.045339
4.68 0.0445619
4.69 0.0437938
4.7 0.0430345
4.71 0.0422841
4.72 0.0415426
4.73 0.0408101
4.74 0.0400863
4.75 0.0393715
4.76 0.0386655
4.77 0.0379683
4.78 0.03728
4.79 0.0366004
4.8 0.0359296
4.81 0.0352675
4.82 0.0346141
4.83 0.0339694
4.84 0.0333334
4.85 0.032706
4.86 0.0320871
4.87 0.0314768
4.88 0.030875
4.89 0.0302816
4.9 0.0296966
4.91 0.02912
4.92 0.0285517
4.93 0.0279917
4.94 0.0274399
4.95 0.0268963
4.96 0.0263607
4.97 0.0258333
4.98 0.0253138
4.99 0.0248023
5 0.0242986
5.01 0.0238028
5.02 0.0233148
5.03 0.0228344
5.04 0.0223617
5.05 0.0218966
5.06 0.021439
5.07 0.0209888
5.08 0.020546
5.09 0.0201105
5.1 0.0196823
5.11 0.0192613
5.12 0.0188473
5.13 0.0184404
5.14 0.0180405
5.15 0.0176474
5.16 0.0172612
5.17 0.0168817
5.18 0.0165089
5.19 0.0161427
5.2 0.015783
5.21 0.0154298
5.22 0.015083
5.23 0.0147425
5.24 0.0144082
5.25 0.0140801
5.26 0.013758
5.27 0.013442
5.28 0.0131319
5.29 0.0128277
5.3 0.0125292
5.31 0.0122365
5.32 0.0119494
5.33 0.0116678
5.34 0.0113918
5.35 0.0111211
5.36 0.0108558
5.37 0.0105957
5.38 0.0103409
5.39 0.0100911
5.4 0.00984638
5.41 0.00960663
5.42 0.00937177
5.43 0.00914173
5.44 0.00891644
5.45 0.00869582
5.46 0.0084798
5.47 0.00826832
5.48 0.0080613
5.49 0.00785867
5.5 0.00766036
5.51 0.0074663
5.52 0.00727642
5.53 0.00709066
5.54 0.00690894
5.55 0.0067312
5.56 0.00655737
5.57 0.00638739
5.58 0.00622119
5.59 0.00605869
5.6 0.00589985
5.61 0.00574459
5.62 0.00559286
5.63 0.00544458
5.64 0.0052997
5.65 0.00515815
5.66 0.00501988
5.67 0.00488483
5.68 0.00475292
5.69 0.00462411
5.7 0.00449834
5.71 0.00437555
5.72 0.00425568
5.73 0.00413868
5.74 0.00402449
5.75 0.00391305
5.76 0.00380432
5.77 0.00369823
5.78 0.00359474
5.79 0.0034938
5.8 0.00339534
5.81 0.00329933
5.82 0.00320571
5.83 0.00311443
5.84 0.00302544
5.85 0.00293871
5.86 0.00285417
5.87 0.00277178
5.88 0.0026915
5.89 0.00261328
5.9 0.00253708
5.91 0.00246285
5.92 0.00239055
5.93 0.00232014
5.94 0.00225158
5.95 0.00218482
5.96 0.00211983
5.97 0.00205657
5.98 0.00199499
5.99 0.00193506
