-6 0.00217994
-5.99 0.00224633
-5.98 0.00231451
-5.97 0.00238452
-5.96 0.00245641
-5.95 0.00253021
-5.94 0.00260596
-5.93 0.00268371
-5.92 0.00276351
-5.91 0.00284539
-5.9 0.00292941
-5.89 0.0030156
-5.88 0.00310402
-5.87 0.00319472
-5.86 0.00328773
-5.85 0.00338311
-5.84 0.00348092
-5.83 0.00358119
-5.82 0.00368398
-5.81 0.00378934
-5.8 0.00389732
-5.79 0.00400798
-5.78 0.00412137
-5.77 0.00423754
-5.76 0.00435655
-5.75 0.00447845
-5.74 0.0046033
-5.73 0.00473117
-5.72 0.00486209
-5.71 0.00499614
-5.7 0.00513337
-5.69 0.00527384
-5.68 0.00541761
-5.67 0.00556474
-5.66 0.0057153
-5.65 0.00586934
-5.64 0.00602693
-5.63 0.00618813
-5.62 0.00635301
-5.61 0.00652163
-5.6 0.00669405
-5.59 0.00687034
-5.58 0.00705057
-5.57 0.00723481
-5.56 0.00742311
-5.55 0.00761555
-5.54 0.0078122
-5.53 0.00801312
-5.52 0.00821839
-5.51 0.00842807
-5.5 0.00864224
-5.49 0.00886096
-5.48 0.0090843
-5.47 0.00931235
-5.46 0.00954516
-5.45 0.00978281
-5.44 0.0100254
-5.43 0.0102729
-5.42 0.0105255
-5.41 0.0107833
-5.4 0.0110462
-5.39 0.0113144
-5.38 0.011588
-5.37 0.011867
-5.36 0.0121515
-5.35 0.0124416
-5.34 0.0127373
-5.33 0.0130388
-5.32 0.013346
-5.31 0.0136592
-5.3 0.0139782
-5.29 0.0143033
-5.28 0.0146345
-5.27 0.0149718
-5.26 0.0153154
-5.25 0.0156653
-5.24 0.0160216
-5.23 0.0163844
-5.22 0.0167537
-5.21 0.0171296
-5.2 0.0175122
-5.19 0.0179015
-5.18 0.0182977
-5.17 0.0187007
-5.16 0.0191108
-5.15 0.0195278
-5.14 0.019952
-5.13 0.0203833
-5.12 0.0208219
-5.11 0.0212677
-5.1 0.021721
-5.09 0.0221817
-5.08 0.0226498
-5.07 0.0231256
-5.06 0.023609
-5.05 0.0241001
-5.04 0.0245989
-5.03 0.0251055
-5.02 0.02562
-5.01 0.0261424
-5 0.0266728
-4.99 0.0272113
-4.98 0.0277578
-4.97 0.0283125
-4.96 0.0288753
-4.95 0.0294465
-4.94 0.0300258
-4.93 0.0306136
-4.92 0.0312097
-4.91 0.0318142
-4.9 0.0324272
-4.89 0.0330487
-4.88 0.0336787
-4.87 0.0343173
-4.86 0.0349645
-4.85 0.0356204
-4.84 0.0362849
-4.83 0.0369581
-4.82 0.0376401
-4.81 0.0383307
-4.8 0.0390302
-4.79 0.0397384
-4.78 0.0404554
-4.77 0.0411813
-4.76 0.0419159
-4.75 0.0426594
-4.74 0.0434118
-4.73 0.044173
-4.72 0.044943
-4.71 0.0457219
-4.7 0.0465096
-4.69 0.0473061
-4.68 0.0481115
-4.67 0.0489257
-4.66 0.0497487
-4.65 0.0505804
-4.64 0.051421
-4.63 0.0522702
-4.62 0.0531282
-4.61 0.0539948
-4.6 0.0548701
-4.59 0.0557539
-4.58 0.0566464
-4.57 0.0575473
-4.56 0.0584568
-4.55 0.0593746
-4.54 0.0603009
-4.53 0.0612354
-4.52 0.0621782
-4.51 0.0631293
-4.5 0.0640884
-4.49 0.0650556
-4.48 0.0660308
-4.47 0.0670138
-4.46 0.0680048
-4.45 0.0690034
-4.44 0.0700097
-4.43 0.0710236
-4.42 0.0720449
-4.41 0.0730736
-4.4 0.0741096
-4.39 0.0751528
-4.38 0.0762029
-4.37 0.0772601
-4.36 0.078324
-4.35 0.0793947
-4.34 0.0804719
-4.33 0.0815556
-4.32 0.0826456
-4.31 0.0837418
-4.3 0.084844
-4.29 0.0859521
-4.28 0.087066
-4.27 0.0881855
-4.26 0.0893104
-4.25 0.0904407
-4.24 0.091576
-4.23 0.0927164
-4.22 0.0938615
-4.21 0.0950113
-4.2 0.0961655
-4.19 0.097324
-4.18 0.0984866
-4.17 0.0996531
-4.16 0.100823
-4.15 0.101997
-4.14 0.103174
-4.13 0.104354
-4.12 0.105538
-4.11 0.106724
-4.1 0.107912
-4.09 0.109103
-4.08 0.110296
-4.07 0.11149
-4.06 0.112687
-4.05 0.113884
-4.04 0.115083
-4.03 0.116283
-4.02 0.117484
-4.01 0.118685
-4 0.119887
-3.99 0.121089
-3.98 0.12229
-3.97 0.123491
-3.96 0.124691
-3.95 0.125891
-3.94 0.127089
-3.93 0.128285
-3.92 0.12948
-3.91 0.130673
-3.9 0.131864
-3.89 0.133053
-3.88 0.134238
-3.87 0.135421
-3.86 0.1366
-3.85 0.137776
-3.84 0.138948
-3.83 0.140116
-3.82 0.14128
-3.81 0.142439
-3.8 0.143594
-3.79 0.144743
-3.78 0.145887
-3.77 0.147025
-3.76 0.148157
-3.75 0.149283
-3.74 0.150402
-3.73 0.151515
-3.72 0.15262
-3.71 0.153719
-3.7 0.154809
-3.69 0.155892
-3.68 0.156967
-3.67 0.158033
-3.66 0.159091
-3.65 0.160139
-3.64 0.161179
-3.63 0.162209
-3.62 0.163229
-3.61 0.164239
-3.6 0.165239
-3.59 0.166229
-3.58 0.167207
-3.57 0.168175
-3.56 0.169131
-3.55 0.170076
-3.54 0.171008
-3.53 0.171929
-3.52 0.172838
-3.51 0.173733
-3.5 0.174616
-3.49 0.175486
-3.48 0.176343
-3.47 0.177186
-3.46 0.178015
-3.45 0.178831
-3.44 0.179632
-3.43 0.180418
-3.42 0.18119
-3.41 0.181947
-3.4 0.182689
-3.39 0.183416
-3.38 0.184127
-3.37 0.184822
-3.36 0.185502
-3.35 0.186165
-3.34 0.186812
-3.33 0.187443
-3.32 0.188056
-3.31 0.188654
-3.3 0.189234
-3.29 0.189796
-3.28 0.190342
-3.27 0.19087
-3.26 0.19138
-3.25 0.191873
-3.24 0.192347
-3.23 0.192804
-3.22 0.193242
-3.21 0.193662
-3.2 0.194063
-3.19 0.194446
-3.18 0.19481
-3.17 0.195155
-3.16 0.195481
-3.15 0.195789
-3.14 0.196077
-3.13 0.196346
-3.12 0.196596
-3.11 0.196826
-3.1 0.197037
-3.09 0.197229
-3.08 0.197401
-3.07 0.197553
-3.06 0.197686
-3.05 0.197799
-3.04 0.197893
-3.03 0.197967
-3.02 0.198021
-3.01 0.198055
-3 0.198069
-2.99 0.198064
-2.98 0.198039
-2.97 0.197994
-2.96 0.19793
-2.95 0.197846
-2.94 0.197742
-2.93 0.197618
-2.92 0.197475
-2.91 0.197312
-2.9 0.19713
-2.89 0.196929
-2.88 0.196707
-2.87 0.196467
-2.86 0.196207
-2.85 0.195928
-2.84 0.19563
-2.83 0.195313
-2.82 0.194977
-2.81 0.194623
-2.8 0.194249
-2.79 0.193857
-2.78 0.193447
-2.77 0.193018
-2.76 0.192571
-2.75 0.192106
-2.74 0.191623
-2.73 0.191122
-2.72 0.190603
-2.71 0.190067
-2.7 0.189514
-2.69 0.188943
-2.68 0.188356
-2.67 0.187751
-2.66 0.18713
-2.65 0.186492
-2.64 0.185839
-2.63 0.185169
-2.62 0.184483
-2.61 0.183781
-2.6 0.183064
-2.59 0.182332
-2.58 0.181584
-2.57 0.180822
-2.56 0.180045
-2.55 0.179253
-2.54 0.178448
-2.53 0.177628
-2.52 0.176794
-2.51 0.175947
-2.5 0.175087
-2.49 0.174214
-2.48 0.173328
-2.47 0.172429
-2.46 0.171518
-2.45 0.170595
-2.44 0.16966
-2.43 0.168714
-2.42 0.167756
-2.41 0.166787
-2.4 0.165807
-2.39 0.164817
-2.38 0.163817
-2.37 0.162806
-2.36 0.161786
-2.35 0.160757
-2.34 0.159718
-2.33 0.15867
-2.32 0.157614
-2.31 0.156549
-2.3 0.155476
-2.29 0.154395
-2.28 0.153307
-2.27 0.152211
-2.26 0.151109
-2.25 0.149999
-2.24 0.148884
-2.23 0.147762
-2.22 0.146634
-2.21 0.1455
-2.2 0.144361
-2.19 0.143217
-2.18 0.142068
-2.17 0.140914
-2.16 0.139756
-2.15 0.138594
-2.14 0.137429
-2.13 0.13626
-2.12 0.135087
-2.11 0.133912
-2.1 0.132734
-2.09 0.131553
-2.08 0.130371
-2.07 0.129186
-2.06 0.128
-2.05 0.126812
-2.04 0.125623
-2.03 0.124433
-2.02 0.123243
-2.01 0.122052
-2 0.120861
-1.99 0.11967
-1.98 0.118479
-1.97 0.117289
-1.96 0.1161
-1.95 0.114911
-1.94 0.113724
-1.93 0.112538
-1.92 0.111354
-1.91 0.110172
-1.9 0.108992
-1.89 0.107814
-1.88 0.106639
-1.87 0.105467
-1.86 0.104297
-1.85 0.103131
-1.84 0.101968
-1.83 0.100809
-1.82 0.0996532
-1.81 0.0985014
-1.8 0.0973538
-1.79 0.0962105
-1.78 0.0950717
-1.77 0.0939375
-1.76 0.0928081
-1.75 0.0916837
-1.74 0.0905645
-1.73 0.0894506
-1.72 0.0883421
-1.71 0.0872393
-1.7 0.0861422
-1.69 0.0850511
-1.68 0.083966
-1.67 0.0828871
-1.66 0.0818146
-1.65 0.0807485
-1.64 0.079689
-1.63 0.0786362
-1.62 0.0775903
-1.61 0.0765513
-1.6 0.0755194
-1.59 0.0744946
-1.58 0.0734772
-1.57 0.0724671
-1.56 0.0714645
-1.55 0.0704695
-1.54 0.0694821
-1.53 0.0685025
-1.52 0.0675308
-1.51 0.0665669
-1.5 0.0656111
-1.49 0.0646633
-1.48 0.0637237
-1.47 0.0627923
-1.46 0.0618692
-1.45 0.0609543
-1.44 0.0600479
-1.43 0.0591499
-1.42 0.0582604
-1.41 0.0573794
-1.4 0.056507
-1.39 0.0556433
-1.38 0.0547881
-1.37 0.0539417
-1.36 0.053104
-1.35 0.052275
-1.34 0.0514548
-1.33 0.0506434
-1.32 0.0498408
-1.31 0.049047
-1.3 0.0482621
-1.29 0.047486
-1.28 0.0467188
-1.27 0.0459604
-1.26 0.0452109
-1.25 0.0444702
-1.24 0.0437384
-1.23 0.0430155
-1.22 0.0423014
-1.21 0.0415961
-1.2 0.0408997
-1.19 0.040212
-1.18 0.0395332
-1.17 0.0388631
-1.16 0.0382017
-1.15 0.0375491
-1.14 0.0369051
-1.13 0.0362698
-1.12 0.0356432
-1.11 0.0350251
-1.1 0.0344157
-1.09 0.0338147
-1.08 0.0332223
-1.07 0.0326383
-1.06 0.0320627
-1.05 0.0314955
-1.04 0.0309366
-1.03 0.030386
-1.02 0.0298436
-1.01 0.0293094
-1 0.0287833
-0.99 0.0282654
-0.98 0.0277554
-0.97 0.0272535
-0.96 0.0267594
-0.95 0.0262733
-0.94 0.0257949
-0.93 0.0253243
-0.92 0.0248614
-0.91 0.0244061
-0.9 0.0239584
-0.89 0.0235183
-0.88 0.0230855
-0.87 0.0226602
-0.86 0.0222422
-0.85 0.0218315
-0.84 0.0214279
-0.83 0.0210315
-0.82 0.0206422
-0.81 0.0202598
-0.8 0.0198844
-0.79 0.0195159
-0.78 0.0191542
-0.77 0.0187992
-0.76 0.0184509
-0.75 0.0181092
-0.74 0.017774
-0.73 0.0174453
-0.72 0.0171231
-0.71 0.0168071
-0.7 0.0164974
-0.69 0.0161939
-0.68 0.0158966
-0.67 0.0156053
-0.66 0.01532
-0.65 0.0150407
-0.64 0.0147672
-0.63 0.0144995
-0.62 0.0142376
-0.61 0.0139813
-0.6 0.0137307
-0.59 0.0134856
-0.58 0.013246
-0.57 0.0130118
-0.56 0.0127829
-0.55 0.0125593
-0.54 0.012341
-0.53 0.0121279
-0.52 0.0119198
-0.51 0.0117168
-0.5 0.0115188
-0.49 0.0113258
-0.48 0.0111376
-0.47 0.0109542
-0.46 0.0107756
-0.45 0.0106018
-0.44 0.0104325
-0.43 0.0102679
-0.42 0.0101078
-0.41 0.00995225
-0.4 0.00980112
-0.39 0.0096544
-0.38 0.00951203
-0.37 0.00937396
-0.36 0.00924016
-0.35 0.00911056
-0.34 0.00898513
-0.33 0.00886383
-0.32 0.00874661
-0.31 0.00863344
-0.3 0.00852426
-0.29 0.00841905
-0.28 0.00831777
-0.27 0.00822037
-0.26 0.00812683
-0.25 0.00803711
-0.24 0.00795118
-0.23 0.007869
-0.22 0.00779054
-0.21 0.00771578
-0.2 0.00764468
-0.19 0.00757723
-0.18 0.00751339
-0.17 0.00745314
-0.16 0.00739646
-0.15 0.00734332
-0.14 0.00729371
-0.13 0.0072476
-0.12 0.00720498
-0.11 0.00716583
-0.1 0.00713014
-0.09 0.00709789
-0.08 0.00706907
-0.07 0.00704366
-0.06 0.00702166
-0.05 0.00700307
-0.04 0.00698786
-0.03 0.00697604
-0.02 0.0069676
-0.01 0.00696254
0 0.00696085
0.01 0.00696254
0.02 0.0069676
0.03 0.00697604
0.04 0.00698786
0.05 0.00700307
0.06 0.00702166
0.07 0.00704366
0.08 0.00706907
0.09 0.00709789
0.1 0.00713014
0.11 0.00716583
0.12 0.00720498
0.13 0.0072476
0.14 0.00729371
0.15 0.00734332
0.16 0.00739646
0.17 0.00745314
0.18 0.00751339
0.19 0.00757723
0.2 0.00764468
0.21 0.00771578
0.22 0.00779054
0.23 0.007869
0.24 0.00795118
0.25 0.00803711
0.26 0.00812683
0.27 0.00822037
0.28 0.00831777
0.29 0.00841905
0.3 0.00852426
0.31 0.00863344
0.32 0.00874661
0.33 0.00886383
0.34 0.00898513
0.35 0.00911056
0.36 0.00924016
0.37 0.00937396
0.38 0.00951203
0.39 0.0096544
0.4 0.00980112
0.41 0.00995225
0.42 0.0101078
0.43 0.0102679
0.44 0.0104325
0.45 0.0106018
0.46 0.0107756
0.47 0.0109542
0.48 0.0111376
0.49 0.0113258
0.5 0.0115188
0.51 0.0117168
0.52 0.0119198
0.53 0.0121279
0.54 0.012341
0.55 0.0125593
0.56 0.0127829
0.57 0.0130118
0.58 0.013246
0.59 0.0134856
0.6 0.0137307
0.61 0.0139813
0.62 0.0142376
0.63 0.0144995
0.64 0.0147672
0.65 0.0150407
0.66 0.01532
0.67 0.0156053
0.68 0.0158966
0.69 0.0161939
0.7 0.0164974
0.71 0.0168071
0.72 0.0171231
0.73 0.0174453
0.74 0.017774
0.75 0.0181092
0.76 0.0184509
0.77 0.0187992
0.78 0.0191542
0.79 0.0195159
0.8 0.0198844
0.81 0.0202598
0.82 0.0206422
0.83 0.0210315
0.84 0.0214279
0.85 0.0218315
0.86 0.0222422
0.87 0.0226602
0.88 0.0230855
0.89 0.0235183
0.9 0.0239584
0.91 0.0244061
0.92 0.0248614
0.93 0.0253243
0.94 0.0257949
0.95 0.0262733
0.96 0.0267594
0.97 0.0272535
0.98 0.0277554
0.99 0.0282654
1 0.0287833
1.01 0.0293094
1.02 0.0298436
1.03 0.030386
1.04 0.0309366
1.05 0.0314955
1.06 0.0320627
1.07 0.0326383
1.08 0.0332223
1.09 0.0338147
1.1 0.0344157
1.11 0.0350251
1.12 0.0356432
1.13 0.0362698
1.14 0.0369051
1.15 0.0375491
1.16 0.0382017
1.17 0.0388631
1.18 0.0395332
1.19 0.040212
1.2 0.0408997
1.21 0.0415961
1.22 0.0423014
1.23 0.0430155
1.24 0.0437384
1.25 0.0444702
1.26 0.0452109
1.27 0.0459604
1.28 0.0467188
1.29 0.047486
1.3 0.0482621
1.31 0.049047
1.32 0.0498408
1.33 0.0506434
1.34 0.0514548
1.35 0.052275
1.36 0.053104
1.37 0.0539417
1.38 0.0547881
1.39 0.0556433
1.4 0.056507
1.41 0.0573794
1.42 0.0582604
1.43 0.0591499
1.44 0.0600479
1.45 0.0609543
1.46 0.0618692
1.47 0.0627923
1.48 0.0637237
1.49 0.0646633
1.5 0.0656111
1.51 0.0665669
1.52 0.0675308
1.53 0.0685025
1.54 0.0694821
1.55 0.0704695
1.56 0.0714645
1.57 0.0724671
1.58 0.0734772
1.59 0.0744946
1.6 0.0755194
1.61 0.0765513
1.62 0.0775903
1.63 0.0786362
1.64 0.079689
1.65 0.0807485
1.66 0.0818146
1.67 0.0828871
1.68 0.083966
1.69 0.0850511
1.7 0.0861422
1.71 0.0872393
1.72 0.0883421
1.73 0.0894506
1.74 0.0905645
1.75 0.0916837
1.76 0.0928081
1.77 0.0939375
1.78 0.0950717
1.79 0.0962105
1.8 0.0973538
1.81 0.0985014
1.82 0.0996532
1.83 0.100809
1.84 0.101968
1.85 0.103131
1.86 0.104297
1.87 0.105467
1.88 0.106639
1.89 0.107814
1.9 0.108992
1.91 0.110172
1.92 0.111354
1.93 0.112538
1.94 0.113724
1.95 0.114911
1.96 0.1161
1.97 0.117289
1.98 0.118479
1.99 0.11967
2 0.120861
2.01 0.122052
2.02 0.123243
2.03 0.124433
2.04 0.125623
2.05 0.126812
2.06 0.128
2.07 0.129186
2.08 0.130371
2.09 0.131553
2.1 0.132734
2.11 0.133912
2.12 0.135087
2.13 0.13626
2.14 0.137429
2.15 0.138594
2.16 0.139756
2.17 0.140914
2.18 0.142068
2.19 0.143217
2.2 0.144361
2.21 0.1455
2.22 0.146634
2.23 0.147762
2.24 0.148884
2.25 0.149999
2.26 0.151109
2.27 0.152211
2.28 0.153307
2.29 0.154395
2.3 0.155476
2.31 0.156549
2.32 0.157614
2.33 0.15867
2.34 0.159718
2.35 0.160757
2.36 0.161786
2.37 0.162806
2.38 0.163817
2.39 0.164817
2.4 0.165807
2.41 0.166787
2.42 0.167756
2.43 0.168714
2.44 0.16966
2.45 0.170595
2.46 0.171518
2.47 0.172429
2.48 0.173328
2.49 0.174214
2.5 0.175087
2.51 0.175947
2.52 0.176794
2.53 0.177628
2.54 0.178448
2.55 0.179253
2.56 0.180045
2.57 0.180822
2.58 0.181584
2.59 0.182332
2.6 0.183064
2.61 0.183781
2.62 0.184483
2.63 0.185169
2.64 0.185839
2.65 0.186492
2.66 0.18713
2.67 0.187751
2.68 0.188356
2.69 0.188943
2.7 0.189514
2.71 0.190067
2.72 0.190603
2.73 0.191122
2.74 0.191623
2.75 0.192106
2.76 0.192571
2.77 0.193018
2.78 0.193447
2.79 0.193857
2.8 0.194249
2.81 0.194623
2.82 0.194977
2.83 0.195313
2.84 0.19563
2.85 0.195928
2.86 0.196207
2.87 0.196467
2.88 0.196707
2.89 0.196929
2.9 0.19713
2.91 0.197312
2.92 0.197475
2.93 0.197618
2.94 0.197742
2.95 0.197846
2.96 0.19793
2.97 0.197994
2.98 0.198039
2.99 0.198064
3 0.198069
3.01 0.198055
3.02 0.198021
3.03 0.197967
3.04 0.197893
3.05 0.197799
3.06 0.197686
3.07 0.197553
3.08 0.197401
3.09 0.197229
3.1 0.197037
3.11 0.196826
3.12 0.196596
3.13 0.196346
3.14 0.196077
3.15 0.195789
3.16 0.195481
3.17 0.195155
3.18 0.19481
3.19 0.194446
3.2 0.194063
3.21 0.193662
3.22 0.193242
3.23 0.192804
3.24 0.192347
3.25 0.191873
3.26 0.19138
3.27 0.19087
3.28 0.190342
3.29 0.189796
3.3 0.189234
3.31 0.188654
3.32 0.188056
3.33 0.187443
3.34 0.186812
3.35 0.186165
3.36 0.185502
3.37 0.184822
3.38 0.184127
3.39 0.183416
3.4 0.182689
3.41 0.181947
3.42 0.18119
3.43 0.180418
3.44 0.179632
3.45 0.178831
3.46 0.178015
3.47 0.177186
3.48 0.176343
3.49 0.175486
3.5 0.174616
3.51 0.173733
3.52 0.172838
3.53 0.171929
3.54 0.171008
3.55 0.170076
3.56 0.169131
3.57 0.168175
3.58 0.167207
3.59 0.166229
3.6 0.165239
3.61 0.164239
3.62 0.163229
3.63 0.162209
3.64 0.161179
3.65 0.160139
3.66 0.159091
3.67 0.158033
3.68 0.156967
3.69 0.155892
3.7 0.154809
3.71 0.153719
3.72 0.15262
3.73 0.151515
3.74 0.150402
3.75 0.149283
3.76 0.148157
3.77 0.147025
3.78 0.145887
3.79 0.144743
3.8 0.143594
3.81 0.142439
3.82 0.14128
3.83 0.140116
3.84 0.138948
3.85 0.137776
3.86 0.1366
3.87 0.135421
3.88 0.134238
3.89 0.133053
3.9 0.131864
3.91 0.130673
3.92 0.12948
3.93 0.128285
3.94 0.127089
3.95 0.125891
3.96 0.124691
3.97 0.123491
3.98 0.12229
3.99 0.121089
4 0.119887
4.01 0.118685
4.02 0.117484
4.03 0.116283
4.04 0.115083
4.05 0.113884
4.06 0.112687
4.07 0.11149
4.08 0.110296
4.09 0.109103
4.1 0.107912
4.11 0.106724
4.12 0.105538
4.13 0.104354
4.14 0.103174
4.15 0.101997
4.16 0.100823
4.17 0.0996531
4.18 0.0984866
4.19 0.097324
4.2 0.0961655
4.21 0.0950113
4.22 0.0938615
4.23 0.0927164
4.24 0.091576
4.25 0.0904407
4.26 0.0893104
4.27 0.0881855
4.28 0.087066
4.29 0.0859521
4.3 0.084844
4.31 0.0837418
4.32 0.0826456
4.33 0.0815556
4.34 0.0804719
4.35 0.0793947
4.36 0.078324
4.37 0.0772601
4.38 0.0762029
4.39 0.0751528
4.4 0.0741096
4.41 0.0730736
4.42 0.0720449
4.43 0.0710236
4.44 0.0700097
4.45 0.0690034
4.46 0.0680048
4.47 0.0670138
4.48 0.0660308
4.49 0.0650556
4.5 0.0640884
4.51 0.0631293
4.52 0.0621782
4.53 0.0612354
4.54 0.0603009
4.55 0.0593746
4.56 0.0584568
4.57 0.0575473
4.58 0.0566464
4.59 0.0557539
4.6 0.0548701
4.61 0.0539948
4.62 0.0531282
4.63 0.0522702
4.64 0.051421
4.65 0.0505804
4.66 0.0497487
4.67 0.0489257
4.68 0.0481115
4.69 0.0473061
4.7 0.0465096
4.71 0.0457219
4.72 0.044943
4.73 0.044173
4.74 0.0434118
4.75 0.0426594
4.76 0.0419159
4.77 0.0411813
4.78 0.0404554
4.79 0.0397384
4.8 0.0390302
4.81 0.0383307
4.82 0.0376401
4.83 0.0369581
4.84 0.0362849
4.85 0.0356204
4.86 0.0349645
4.87 0.0343173
4.88 0.0336787
4.89 0.0330487
4.9 0.0324272
4.91 0.0318142
4.92 0.0312097
4.93 0.0306136
4.94 0.0300258
4.95 0.0294465
4.96 0.0288753
4.97 0.0283125
4.98 0.0277578
4.99 0.0272113
5 0.0266728
5.01 0.0261424
5.02 0.02562
5.03 0.0251055
5.04 0.0245989
5.05 0.0241001
5.06 0.023609
5.07 0.0231256
5.08 0.0226498
5.09 0.0221817
5.1 0.021721
5.11 0.0212677
5.12 0.0208219
5.13 0.0203833
5.14 0.019952
5.15 0.0195278
5.16 0.0191108
5.17 0.0187007
5.18 0.0182977
5.19 0.0179015
5.2 0.0175122
5.21 0.0171296
5.22 0.0167537
5.23 0.0163844
5.24 0.0160216
5.25 0.0156653
5.26 0.0153154
5.27 0.0149718
5.28 0.0146345
5.29 0.0143033
5.3 0.0139782
5.31 0.0136592
5.32 0.013346
5.33 0.0130388
5.34 0.0127373
5.35 0.0124416
5.36 0.0121515
5.37 0.011867
5.38 0.011588
5.39 0.0113144
5.4 0.0110462
5.41 0.0107833
5.42 0.0105255
5.43 0.0102729
5.44 0.0100254
5.45 0.00978281
5.46 0.00954516
5.47 0.00931235
5.48 0.0090843
5.49 0.00886096
5.5 0.00864224
5.51 0.00842807
5.52 0.00821839
5.53 0.00801312
5.54 0.0078122
5.55 0.00761555
5.56 0.00742311
5.57 0.00723481
5.58 0.00705057
5.59 0.00687034
5.6 0.00669405
5.61 0.00652163
5.62 0.00635301
5.63 0.00618813
5.64 0.00602693
5.65 0.00586934
5.66 0.0057153
5.67 0.00556474
5.68 0.00541761
5.69 0.00527384
5.7 0.00513337
5.71 0.00499614
5.72 0.00486209
5.73 0.00473117
5.74 0.0046033
5.75 0.00447845
5.76 0.00435655
5.77 0.00423754
5.78 0.00412137
5.79 0.00400798
5.8 0.00389732
5.81 0.00378934
5.82 0.00368398
5.83 0.00358119
5.84 0.00348092
5.85 0.00338311
5.86 0.00328773
5.87 0.00319472
5.88 0.00310402
5.89 0.0030156
5.9 0.00292941
5.91 0.00284539
5.92 0.00276351
5.93 0.00268371
5.94 0.00260596
5.95 0.00253021
5.96 0.00245641
5.97 0.00238452
5.98 0.00231451
5.99 0.00224633
