-6 0.0117738
-5.99 0.0119014
-5.98 0.0120302
-5.97 0.01216
-5.96 0.0122909
-5.95 0.0124228
-5.94 0.0125559
-5.93 0.01269
-5.92 0.0128252
-5.91 0.0129616
-5.9 0.013099
-5.89 0.0132375
-5.88 0.0133771
-5.87 0.0135179
-5.86 0.0136598
-5.85 0.0138028
-5.84 0.0139469
-5.83 0.0140921
-5.82 0.0142385
-5.81 0.0143861
-5.8 0.0145347
-5.79 0.0146846
-5.78 0.0148355
-5.77 0.0149877
-5.76 0.0151409
-5.75 0.0152954
-5.74 0.015451
-5.73 0.0156078
-5.72 0.0157657
-5.71 0.0159249
-5.7 0.0160852
-5.69 0.0162467
-5.68 0.0164094
-5.67 0.0165732
-5.66 0.0167383
-5.65 0.0169046
-5.64 0.017072
-5.63 0.0172407
-5.62 0.0174106
-5.61 0.0175816
-5.6 0.0177539
-5.59 0.0179274
-5.58 0.0181022
-5.57 0.0182781
-5.56 0.0184553
-5.55 0.0186337
-5.54 0.0188133
-5.53 0.0189941
-5.52 0.0191762
-5.51 0.0193595
-5.5 0.0195441
-5.49 0.0197299
-5.48 0.0199169
-5.47 0.0201052
-5.46 0.0202947
-5.45 0.0204854
-5.44 0.0206774
-5.43 0.0208707
-5.42 0.0210652
-5.41 0.0212609
-5.4 0.021458
-5.39 0.0216562
-5.38 0.0218557
-5.37 0.0220565
-5.36 0.0222585
-5.35 0.0224618
-5.34 0.0226664
-5.33 0.0228722
-5.32 0.0230793
-5.31 0.0232876
-5.3 0.0234972
-5.29 0.0237081
-5.28 0.0239202
-5.27 0.0241336
-5.26 0.0243482
-5.25 0.0245641
-5.24 0.0247813
-5.23 0.0249997
-5.22 0.0252194
-5.21 0.0254404
-5.2 0.0256626
-5.19 0.025886
-5.18 0.0261108
-5.17 0.0263368
-5.16 0.026564
-5.15 0.0267925
-5.14 0.0270223
-5.13 0.0272533
-5.12 0.0274856
-5.11 0.0277191
-5.1 0.0279539
-5.09 0.0281899
-5.08 0.0284272
-5.07 0.0286657
-5.06 0.0289055
-5.05 0.0291465
-5.04 0.0293887
-5.03 0.0296322
-5.02 0.0298769
-5.01 0.0301229
-5 0.03037
-4.99 0.0306184
-4.98 0.0308681
-4.97 0.0311189
-4.96 0.031371
-4.95 0.0316243
-4.94 0.0318787
-4.93 0.0321344
-4.92 0.0323913
-4.91 0.0326494
-4.9 0.0329087
-4.89 0.0331692
-4.88 0.0334309
-4.87 0.0336938
-4.86 0.0339578
-4.85 0.034223
-4.84 0.0344894
-4.83 0.034757
-4.82 0.0350257
-4.81 0.0352956
-4.8 0.0355666
-4.79 0.0358388
-4.78 0.0361121
-4.77 0.0363866
-4.76 0.0366622
-4.75 0.0369389
-4.74 0.0372168
-4.73 0.0374957
-4.72 0.0377758
-4.71 0.0380569
-4.7 0.0383392
-4.69 0.0386225
-4.68 0.038907
-4.67 0.0391925
-4.66 0.0394791
-4.65 0.0397667
-4.64 0.0400554
-4.63 0.0403452
-4.62 0.040636
-4.61 0.0409278
-4.6 0.0412207
-4.59 0.0415146
-4.58 0.0418095
-4.57 0.0421054
-4.56 0.0424022
-4.55 0.0427001
-4.54 0.042999
-4.53 0.0432988
-4.52 0.0435997
-4.51 0.0439014
-4.5 0.0442041
-4.49 0.0445078
-4.48 0.0448124
-4.47 0.0451179
-4.46 0.0454243
-4.45 0.0457316
-4.44 0.0460398
-4.43 0.0463489
-4.42 0.0466589
-4.41 0.0469697
-4.4 0.0472814
-4.39 0.0475939
-4.38 0.0479073
-4.37 0.0482215
-4.36 0.0485365
-4.35 0.0488523
-4.34 0.0491689
-4.33 0.0494863
-4.32 0.0498045
-4.31 0.0501234
-4.3 0.0504431
-4.29 0.0507635
-4.28 0.0510847
-4.27 0.0514066
-4.26 0.0517291
-4.25 0.0520524
-4.24 0.0523764
-4.23 0.052701
-4.22 0.0530263
-4.21 0.0533522
-4.2 0.0536788
-4.19 0.054006
-4.18 0.0543338
-4.17 0.0546622
-4.16 0.0549912
-4.15 0.0553208
-4.14 0.0556509
-4.13 0.0559816
-4.12 0.0563128
-4.11 0.0566446
-4.1 0.0569769
-4.09 0.0573096
-4.08 0.0576429
-4.07 0.0579766
-4.06 0.0583107
-4.05 0.0586454
-4.04 0.0589804
-4.03 0.0593159
-4.02 0.0596518
-4.01 0.059988
-4 0.0603247
-3.99 0.0606617
-3.98 0.060999
-3.97 0.0613367
-3.96 0.0616747
-3.95 0.062013
-3.94 0.0623517
-3.93 0.0626905
-3.92 0.0630297
-3.91 0.0633691
-3.9 0.0637087
-3.89 0.0640486
-3.88 0.0643886
-3.87 0.0647289
-3.86 0.0650693
-3.85 0.0654099
-3.84 0.0657507
-3.83 0.0660915
-3.82 0.0664325
-3.81 0.0667736
-3.8 0.0671148
-3.79 0.067456
-3.78 0.0677973
-3.77 0.0681386
-3.76 0.06848
-3.75 0.0688213
-3.74 0.0691627
-3.73 0.069504
-3.72 0.0698454
-3.71 0.0701866
-3.7 0.0705278
-3.69 0.0708689
-3.68 0.0712099
-3.67 0.0715508
-3.66 0.0718915
-3.65 0.0722321
-3.64 0.0725726
-3.63 0.0729128
-3.62 0.0732529
-3.61 0.0735928
-3.6 0.0739324
-3.59 0.0742718
-3.58 0.0746109
-3.57 0.0749498
-3.56 0.0752884
-3.55 0.0756266
-3.54 0.0759646
-3.53 0.0763022
-3.52 0.0766394
-3.51 0.0769763
-3.5 0.0773128
-3.49 0.0776489
-3.48 0.0779846
-3.47 0.0783199
-3.46 0.0786547
-3.45 0.078989
-3.44 0.0793229
-3.43 0.0796563
-3.42 0.0799891
-3.41 0.0803214
-3.4 0.0806532
-3.39 0.0809844
-3.38 0.0813151
-3.37 0.0816452
-3.36 0.0819746
-3.35 0.0823034
-3.34 0.0826316
-3.33 0.0829592
-3.32 0.083286
-3.31 0.0836122
-3.3 0.0839377
-3.29 0.0842625
-3.28 0.0845865
-3.27 0.0849098
-3.26 0.0852324
-3.25 0.0855541
-3.24 0.0858751
-3.23 0.0861953
-3.22 0.0865146
-3.21 0.0868331
-3.2 0.0871508
-3.19 0.0874675
-3.18 0.0877835
-3.17 0.0880985
-3.16 0.0884126
-3.15 0.0887257
-3.14 0.089038
-3.13 0.0893493
-3.12 0.0896596
-3.11 0.0899689
-3.1 0.0902773
-3.09 0.0905846
-3.08 0.0908909
-3.07 0.0911962
-3.06 0.0915004
-3.05 0.0918035
-3.04 0.0921056
-3.03 0.0924066
-3.02 0.0927064
-3.01 0.0930052
-3 0.0933028
-2.99 0.0935993
-2.98 0.0938946
-2.97 0.0941887
-2.96 0.0944817
-2.95 0.0947734
-2.94 0.095064
-2.93 0.0953533
-2.92 0.0956414
-2.91 0.0959282
-2.9 0.0962138
-2.89 0.0964981
-2.88 0.0967812
-2.87 0.0970629
-2.86 0.0973433
-2.85 0.0976224
-2.84 0.0979002
-2.83 0.0981767
-2.82 0.0984518
-2.81 0.0987255
-2.8 0.0989979
-2.79 0.0992688
-2.78 0.0995384
-2.77 0.0998066
-2.76 0.100073
-2.75 0.100339
-2.74 0.100603
-2.73 0.100865
-2.72 0.101126
-2.71 0.101386
-2.7 0.101644
-2.69 0.1019
-2.68 0.102155
-2.67 0.102409
-2.66 0.102661
-2.65 0.102912
-2.64 0.103161
-2.63 0.103408
-2.62 0.103654
-2.61 0.103899
-2.6 0.104142
-2.59 0.104383
-2.58 0.104623
-2.57 0.104861
-2.56 0.105097
-2.55 0.105332
-2.54 0.105566
-2.53 0.105797
-2.52 0.106028
-2.51 0.106256
-2.5 0.106483
-2.49 0.106708
-2.48 0.106932
-2.47 0.107154
-2.46 0.107375
-2.45 0.107593
-2.44 0.10781
-2.43 0.108026
-2.42 0.108239
-2.41 0.108452
-2.4 0.108662
-2.39 0.108871
-2.38 0.109078
-2.37 0.109283
-2.36 0.109487
-2.35 0.109689
-2.34 0.109889
-2.33 0.110088
-2.32 0.110285
-2.31 0.11048
-2.3 0.110673
-2.29 0.110865
-2.28 0.111055
-2.27 0.111243
-2.26 0.11143
-2.25 0.111615
-2.24 0.111798
-2.23 0.11198
-2.22 0.11216
-2.21 0.112338
-2.2 0.112514
-2.19 0.112689
-2.18 0.112862
-2.17 0.113033
-2.16 0.113202
-2.15 0.11337
-2.14 0.113536
-2.13 0.1137
-2.12 0.113863
-2.11 0.114024
-2.1 0.114183
-2.09 0.114341
-2.08 0.114497
-2.07 0.114651
-2.06 0.114803
-2.05 0.114954
-2.04 0.115103
-2.03 0.11525
-2.02 0.115396
-2.01 0.11554
-2 0.115682
-1.99 0.115823
-1.98 0.115961
-1.97 0.116099
-1.96 0.116234
-1.95 0.116368
-1.94 0.1165
-1.93 0.116631
-1.92 0.11676
-1.91 0.116887
-1.9 0.117013
-1.89 0.117137
-1.88 0.117259
-1.87 0.11738
-1.86 0.117499
-1.85 0.117617
-1.84 0.117733
-1.83 0.117847
-1.82 0.11796
-1.81 0.118071
-1.8 0.11818
-1.79 0.118288
-1.78 0.118395
-1.77 0.1185
-1.76 0.118603
-1.75 0.118705
-1.74 0.118805
-1.73 0.118904
-1.72 0.119001
-1.71 0.119097
-1.7 0.119191
-1.69 0.119283
-1.68 0.119375
-1.67 0.119464
-1.66 0.119553
-1.65 0.119639
-1.64 0.119725
-1.63 0.119809
-1.62 0.119891
-1.61 0.119972
-1.6 0.120052
-1.59 0.12013
-1.58 0.120207
-1.57 0.120282
-1.56 0.120357
-1.55 0.120429
-1.54 0.120501
-1.53 0.120571
-1.52 0.12064
-1.51 0.120707
-1.5 0.120773
-1.49 0.120838
-1.48 0.120901
-1.47 0.120964
-1.46 0.121025
-1.45 0.121084
-1.44 0.121143
-1.43 0.1212
-1.42 0.121256
-1.41 0.121311
-1.4 0.121365
-1.39 0.121417
-1.38 0.121468
-1.37 0.121519
-1.36 0.121568
-1.35 0.121615
-1.34 0.121662
-1.33 0.121708
-1.32 0.121752
-1.31 0.121796
-1.3 0.121838
-1.29 0.121879
-1.28 0.12192
-1.27 0.121959
-1.26 0.121997
-1.25 0.122034
-1.24 0.122071
-1.23 0.122106
-1.22 0.12214
-1.21 0.122173
-1.2 0.122206
-1.19 0.122237
-1.18 0.122268
-1.17 0.122297
-1.16 0.122326
-1.15 0.122354
-1.14 0.122381
-1.13 0.122407
-1.12 0.122432
-1.11 0.122457
-1.1 0.122481
-1.09 0.122503
-1.08 0.122525
-1.07 0.122547
-1.06 0.122567
-1.05 0.122587
-1.04 0.122606
-1.03 0.122624
-1.02 0.122642
-1.01 0.122659
-1 0.122675
-0.99 0.122691
-0.98 0.122706
-0.97 0.12272
-0.96 0.122734
-0.95 0.122747
-0.94 0.122759
-0.93 0.122771
-0.92 0.122782
-0.91 0.122793
-0.9 0.122803
-0.89 0.122813
-0.88 0.122822
-0.87 0.122831
-0.86 0.122839
-0.85 0.122846
-0.84 0.122853
-0.83 0.12286
-0.82 0.122866
-0.81 0.122872
-0.8 0.122877
-0.79 0.122882
-0.78 0.122887
-0.77 0.122891
-0.76 0.122895
-0.75 0.122898
-0.74 0.122901
-0.73 0.122904
-0.72 0.122906
-0.71 0.122908
-0.7 0.12291
-0.69 0.122911
-0.68 0.122912
-0.67 0.122913
-0.66 0.122913
-0.65 0.122914
-0.64 0.122914
-0.63 0.122914
-0.62 0.122913
-0.61 0.122913
-0.6 0.122912
-0.59 0.122911
-0.58 0.12291
-0.57 0.122908
-0.56 0.122907
-0.55 0.122905
-0.54 0.122903
-0.53 0.122901
-0.52 0.122899
-0.51 0.122897
-0.5 0.122894
-0.49 0.122892
-0.48 0.122889
-0.47 0.122887
-0.46 0.122884
-0.45 0.122881
-0.44 0.122879
-0.43 0.122876
-0.42 0.122873
-0.41 0.12287
-0.4 0.122867
-0.39 0.122864
-0.38 0.122861
-0.37 0.122858
-0.36 0.122855
-0.35 0.122852
-0.34 0.122849
-0.33 0.122846
-0.32 0.122843
-0.31 0.12284
-0.3 0.122837
-0.29 0.122834
-0.28 0.122831
-0.27 0.122828
-0.26 0.122826
-0.25 0.122823
-0.24 0.12282
-0.23 0.122818
-0.22 0.122815
-0.21 0.122813
-0.2 0.122811
-0.19 0.122808
-0.18 0.122806
-0.17 0.122804
-0.16 0.122802
-0.15 0.122801
-0.14 0.122799
-0.13 0.122798
-0.12 0.122798
-0.11 0.1228
-0.1 0.122806
-0.09 0.122817
-0.08 0.122836
-0.07 0.122866
-0.06 0.12291
-0.05 0.122967
-0.04 0.123033
-0.03 0.123102
-0.02 0.123162
-0.01 0.123204
0 0.123219
0.01 0.123204
0.02 0.123162
0.03 0.123102
0.04 0.123033
0.05 0.122967
0.06 0.12291
0.07 0.122866
0.08 0.122836
0.09 0.122817
0.1 0.122806
0.11 0.1228
0.12 0.122798
0.13 0.122798
0.14 0.122799
0.15 0.122801
0.16 0.122802
0.17 0.122804
0.18 0.122806
0.19 0.122808
0.2 0.122811
0.21 0.122813
0.22 0.122815
0.23 0.122818
0.24 0.12282
0.25 0.122823
0.26 0.122826
0.27 0.122828
0.28 0.122831
0.29 0.122834
0.3 0.122837
0.31 0.12284
0.32 0.122843
0.33 0.122846
0.34 0.122849
0.35 0.122852
0.36 0.122855
0.37 0.122858
0.38 0.122861
0.39 0.122864
0.4 0.122867
0.41 0.12287
0.42 0.122873
0.43 0.122876
0.44 0.122879
0.45 0.122881
0.46 0.122884
0.47 0.122887
0.48 0.122889
0.49 0.122892
0.5 0.122894
0.51 0.122897
0.52 0.122899
0.53 0.122901
0.54 0.122903
0.55 0.122905
0.56 0.122907
0.57 0.122908
0.58 0.12291
0.59 0.122911
0.6 0.122912
0.61 0.122913
0.62 0.122913
0.63 0.122914
0.64 0.122914
0.65 0.122914
0.66 0.122913
0.67 0.122913
0.68 0.122912
0.69 0.122911
0.7 0.12291
0.71 0.122908
0.72 0.122906
0.73 0.122904
0.74 0.122901
0.75 0.122898
0.76 0.122895
0.77 0.122891
0.78 0.122887
0.79 0.122882
0.8 0.122877
0.81 0.122872
0.82 0.122866
0.83 0.12286
0.84 0.122853
0.85 0.122846
0.86 0.122839
0.87 0.122831
0.88 0.122822
0.89 0.122813
0.9 0.122803
0.91 0.122793
0.92 0.122782
0.93 0.122771
0.94 0.122759
0.95 0.122747
0.96 0.122734
0.97 0.12272
0.98 0.122706
0.99 0.122691
1 0.122675
1.01 0.122659
1.02 0.122642
1.03 0.122624
1.04 0.122606
1.05 0.122587
1.06 0.122567
1.07 0.122547
1.08 0.122525
1.09 0.122503
1.1 0.122481
1.11 0.122457
1.12 0.122432
1.13 0.122407
1.14 0.122381
1.15 0.122354
1.16 0.122326
1.17 0.122297
1.18 0.122268
1.19 0.122237
1.2 0.122206
1.21 0.122173
1.22 0.12214
1.23 0.122106
1.24 0.122071
1.25 0.122034
1.26 0.121997
1.27 0.121959
1.28 0.12192
1.29 0.121879
1.3 0.121838
1.31 0.121796
1.32 0.121752
1.33 0.121708
1.34 0.121662
1.35 0.121615
1.36 0.121568
1.37 0.121519
1.38 0.121468
1.39 0.121417
1.4 0.121365
1.41 0.121311
1.42 0.121256
1.43 0.1212
1.44 0.121143
1.45 0.121084
1.46 0.121025
1.47 0.120964
1.48 0.120901
1.49 0.120838
1.5 0.120773
1.51 0.120707
1.52 0.12064
1.53 0.120571
1.54 0.120501
1.55 0.120429
1.56 0.120357
1.57 0.120282
1.58 0.120207
1.59 0.12013
1.6 0.120052
1.61 0.119972
1.62 0.119891
1.63 0.119809
1.64 0.119725
1.65 0.119639
1.66 0.119553
1.67 0.119464
1.68 0.119375
1.69 0.119283
1.7 0.119191
1.71 0.119097
1.72 0.119001
1.73 0.118904
1.74 0.118805
1.75 0.118705
1.76 0.118603
1.77 0.1185
1.78 0.118395
1.79 0.118288
1.8 0.11818
1.81 0.118071
1.82 0.11796
1.83 0.117847
1.84 0.117733
1.85 0.117617
1.86 0.117499
1.87 0.11738
1.88 0.117259
1.89 0.117137
1.9 0.117013
1.91 0.116887
1.92 0.11676
1.93 0.116631
1.94 0.1165
1.95 0.116368
1.96 0.116234
1.97 0.116099
1.98 0.115961
1.99 0.115823
2 0.115682
2.01 0.11554
2.02 0.115396
2.03 0.11525
2.04 0.115103
2.05 0.114954
2.06 0.114803
2.07 0.114651
2.08 0.114497
2.09 0.114341
2.1 0.114183
2.11 0.114024
2.12 0.113863
2.13 0.1137
2.14 0.113536
2.15 0.11337
2.16 0.113202
2.17 0.113033
2.18 0.112862
2.19 0.112689
2.2 0.112514
2.21 0.112338
2.22 0.11216
2.23 0.11198
2.24 0.111798
2.25 0.111615
2.26 0.11143
2.27 0.111243
2.28 0.111055
2.29 0.110865
2.3 0.110673
2.31 0.11048
2.32 0.110285
2.33 0.110088
2.34 0.109889
2.35 0.109689
2.36 0.109487
2.37 0.109283
2.38 0.109078
2.39 0.108871
2.4 0.108662
2.41 0.108452
2.42 0.108239
2.43 0.108026
2.44 0.10781
2.45 0.107593
2.46 0.107375
2.47 0.107154
2.48 0.106932
2.49 0.106708
2.5 0.106483
2.51 0.106256
2.52 0.106028
2.53 0.105797
2.54 0.105566
2.55 0.105332
2.56 0.105097
2.57 0.104861
2.58 0.104623
2.59 0.104383
2.6 0.104142
2.61 0.103899
2.62 0.103654
2.63 0.103408
2.64 0.103161
2.65 0.102912
2.66 0.102661
2.67 0.102409
2.68 0.102155
2.69 0.1019
2.7 0.101644
2.71 0.101386
2.72 0.101126
2.73 0.100865
2.74 0.100603
2.75 0.100339
2.76 0.100073
2.77 0.0998066
2.78 0.0995384
2.79 0.0992688
2.8 0.0989979
2.81 0.0987255
2.82 0.0984518
2.83 0.0981767
2.84 0.0979002
2.85 0.0976224
2.86 0.0973433
2.87 0.0970629
2.88 0.0967812
2.89 0.0964981
2.9 0.0962138
2.91 0.0959282
2.92 0.0956414
2.93 0.0953533
2.94 0.095064
2.95 0.0947734
2.96 0.0944817
2.97 0.0941887
2.98 0.0938946
2.99 0.0935993
3 0.0933028
3.01 0.0930052
3.02 0.0927064
3.03 0.0924066
3.04 0.0921056
3.05 0.0918035
3.06 0.0915004
3.07 0.0911962
3.08 0.0908909
3.09 0.0905846
3.1 0.0902773
3.11 0.0899689
3.12 0.0896596
3.13 0.0893493
3.14 0.089038
3.15 0.0887257
3.16 0.0884126
3.17 0.0880985
3.18 0.0877835
3.19 0.0874675
3.2 0.0871508
3.21 0.0868331
3.22 0.0865146
3.23 0.0861953
3.24 0.0858751
3.25 0.0855541
3.26 0.0852324
3.27 0.0849098
3.28 0.0845865
3.29 0.0842625
3.3 0.0839377
3.31 0.0836122
3.32 0.083286
3.33 0.0829592
3.34 0.0826316
3.35 0.0823034
3.36 0.0819746
3.37 0.0816452
3.38 0.0813151
3.39 0.0809844
3.4 0.0806532
3.41 0.0803214
3.42 0.0799891
3.43 0.0796563
3.44 0.0793229
3.45 0.078989
3.46 0.0786547
3.47 0.0783199
3.48 0.0779846
3.49 0.0776489
3.5 0.0773128
3.51 0.0769763
3.52 0.0766394
3.53 0.0763022
3.54 0.0759646
3.55 0.0756266
3.56 0.0752884
3.57 0.0749498
3.58 0.0746109
3.59 0.0742718
3.6 0.0739324
3.61 0.0735928
3.62 0.0732529
3.63 0.0729128
3.64 0.0725726
3.65 0.0722321
3.66 0.0718915
3.67 0.0715508
3.68 0.0712099
3.69 0.0708689
3.7 0.0705278
3.71 0.0701866
3.72 0.0698454
3.73 0.069504
3.74 0.0691627
3.75 0.0688213
3.76 0.06848
3.77 0.0681386
3.78 0.0677973
3.79 0.067456
3.8 0.0671148
3.81 0.0667736
3.82 0.0664325
3.83 0.0660915
3.84 0.0657507
3.85 0.0654099
3.86 0.0650693
3.87 0.0647289
3.88 0.0643886
3.89 0.0640486
3.9 0.0637087
3.91 0.0633691
3.92 0.0630297
3.93 0.0626905
3.94 0.0623517
3.95 0.062013
3.96 0.0616747
3.97 0.0613367
3.98 0.060999
3.99 0.0606617
4 0.0603247
4.01 0.059988
4.02 0.0596518
4.03 0.0593159
4.04 0.0589804
4.05 0.0586454
4.06 0.0583107
4.07 0.0579766
4.08 0.0576429
4.09 0.0573096
4.1 0.0569769
4.11 0.0566446
4.12 0.0563128
4.13 0.0559816
4.14 0.0556509
4.15 0.0553208
4.16 0.0549912
4.17 0.0546622
4.18 0.0543338
4.19 0.054006
4.2 0.0536788
4.21 0.0533522
4.22 0.0530263
4.23 0.052701
4.24 0.0523764
4.25 0.0520524
4.26 0.0517291
4.27 0.0514066
4.28 0.0510847
4.29 0.0507635
4.3 0.0504431
4.31 0.0501234
4.32 0.0498045
4.33 0.0494863
4.34 0.0491689
4.35 0.0488523
4.36 0.0485365
4.37 0.0482215
4.38 0.0479073
4.39 0.0475939
4.4 0.0472814
4.41 0.0469697
4.42 0.0466589
4.43 0.0463489
4.44 0.0460398
4.45 0.0457316
4.46 0.0454243
4.47 0.0451179
4.48 0.0448124
4.49 0.0445078
4.5 0.0442041
4.51 0.0439014
4.52 0.0435997
4.53 0.0432988
4.54 0.042999
4.55 0.0427001
4.56 0.0424022
4.57 0.0421054
4.58 0.0418095
4.59 0.0415146
4.6 0.0412207
4.61 0.0409278
4.62 0.040636
4.63 0.0403452
4.64 0.0400554
4.65 0.0397667
4.66 0.0394791
4.67 0.0391925
4.68 0.038907
4.69 0.0386225
4.7 0.0383392
4.71 0.0380569
4.72 0.0377758
4.73 0.0374957
4.74 0.0372168
4.75 0.0369389
4.76 0.0366622
4.77 0.0363866
4.78 0.0361121
4.79 0.0358388
4.8 0.0355666
4.81 0.0352956
4.82 0.0350257
4.83 0.034757
4.84 0.0344894
4.85 0.034223
4.86 0.0339578
4.87 0.0336938
4.88 0.0334309
4.89 0.0331692
4.9 0.0329087
4.91 0.0326494
4.92 0.0323913
4.93 0.0321344
4.94 0.0318787
4.95 0.0316243
4.96 0.031371
4.97 0.0311189
4.98 0.0308681
4.99 0.0306184
5 0.03037
5.01 0.0301229
5.02 0.0298769
5.03 0.0296322
5.04 0.0293887
5.05 0.0291465
5.06 0.0289055
5.07 0.0286657
5.08 0.0284272
5.09 0.0281899
5.1 0.0279539
5.11 0.0277191
5.12 0.0274856
5.13 0.0272533
5.14 0.0270223
5.15 0.0267925
5.16 0.026564
5.17 0.0263368
5.18 0.0261108
5.19 0.025886
5.2 0.0256626
5.21 0.0254404
5.22 0.0252194
5.23 0.0249997
5.24 0.0247813
5.25 0.0245641
5.26 0.0243482
5.27 0.0241336
5.28 0.0239202
5.29 0.0237081
5.3 0.0234972
5.31 0.0232876
5.32 0.0230793
5.33 0.0228722
5.34 0.0226664
5.35 0.0224618
5.36 0.0222585
5.37 0.0220565
5.38 0.0218557
5.39 0.0216562
5.4 0.021458
5.41 0.0212609
5.42 0.0210652
5.43 0.0208707
5.44 0.0206774
5.45 0.0204854
5.46 0.0202947
5.47 0.0201052
5.48 0.0199169
5.49 0.0197299
5.5 0.0195441
5.51 0.0193595
5.52 0.0191762
5.53 0.0189941
5.54 0.0188133
5.55 0.0186337
5.56 0.0184553
5.57 0.0182781
5.58 0.0181022
5.59 0.0179274
5.6 0.0177539
5.61 0.0175816
5.62 0.0174106
5.63 0.0172407
5.64 0.017072
5.65 0.0169046
5.66 0.0167383
5.67 0.0165732
5.68 0.0164094
5.69 0.0162467
5.7 0.0160852
5.71 0.0159249
5.72 0.0157657
5.73 0.0156078
5.74 0.015451
5.75 0.0152954
5.76 0.0151409
5.77 0.0149877
5.78 0.0148355
5.79 0.0146846
5.8 0.0145347
5.81 0.0143861
5.82 0.0142385
5.83 0.0140921
5.84 0.0139469
5.85 0.0138028
5.86 0.0136598
5.87 0.0135179
5.88 0.0133771
5.89 0.0132375
5.9 0.013099
5.91 0.0129616
5.92 0.0128252
5.93 0.01269
5.94 0.0125559
5.95 0.0124228
5.96 0.0122909
5.97 0.01216
5.98 0.0120302
5.99 0.0119014
