-6 0.00585536
-5.99 0.00594509
-5.98 0.00603597
-5.97 0.006128
-5.96 0.0062212
-5.95 0.00631557
-5.94 0.00641114
-5.93 0.0065079
-5.92 0.00660587
-5.91 0.00670506
-5.9 0.00680548
-5.89 0.00690714
-5.88 0.00701005
-5.87 0.00711423
-5.86 0.00721968
-5.85 0.00732642
-5.84 0.00743445
-5.83 0.00754378
-5.82 0.00765443
-5.81 0.00776641
-5.8 0.00787973
-5.79 0.0079944
-5.78 0.00811043
-5.77 0.00822783
-5.76 0.00834661
-5.75 0.00846679
-5.74 0.00858837
-5.73 0.00871136
-5.72 0.00883578
-5.71 0.00896163
-5.7 0.00908893
-5.69 0.00921769
-5.68 0.00934792
-5.67 0.00947963
-5.66 0.00961282
-5.65 0.00974752
-5.64 0.00988373
-5.63 0.0100215
-5.62 0.0101607
-5.61 0.0103015
-5.6 0.0104439
-5.59 0.0105878
-5.58 0.0107333
-5.57 0.0108804
-5.56 0.0110291
-5.55 0.0111794
-5.54 0.0113313
-5.53 0.0114848
-5.52 0.01164
-5.51 0.0117968
-5.5 0.0119553
-5.49 0.0121155
-5.48 0.0122773
-5.47 0.0124408
-5.46 0.012606
-5.45 0.012773
-5.44 0.0129416
-5.43 0.013112
-5.42 0.0132841
-5.41 0.013458
-5.4 0.0136336
-5.39 0.013811
-5.38 0.0139901
-5.37 0.0141711
-5.36 0.0143538
-5.35 0.0145383
-5.34 0.0147247
-5.33 0.0149129
-5.32 0.0151029
-5.31 0.0152947
-5.3 0.0154884
-5.29 0.015684
-5.28 0.0158814
-5.27 0.0160807
-5.26 0.0162819
-5.25 0.0164849
-5.24 0.0166899
-5.23 0.0168968
-5.22 0.0171056
-5.21 0.0173163
-5.2 0.0175289
-5.19 0.0177435
-5.18 0.01796
-5.17 0.0181785
-5.16 0.0183989
-5.15 0.0186213
-5.14 0.0188457
-5.13 0.019072
-5.12 0.0193004
-5.11 0.0195307
-5.1 0.019763
-5.09 0.0199974
-5.08 0.0202337
-5.07 0.0204721
-5.06 0.0207124
-5.05 0.0209548
-5.04 0.0211993
-5.03 0.0214458
-5.02 0.0216943
-5.01 0.0219448
-5 0.0221975
-4.99 0.0224521
-4.98 0.0227089
-4.97 0.0229677
-4.96 0.0232285
-4.95 0.0234915
-4.94 0.0237565
-4.93 0.0240236
-4.92 0.0242927
-4.91 0.024564
-4.9 0.0248373
-4.89 0.0251128
-4.88 0.0253903
-4.87 0.0256699
-4.86 0.0259516
-4.85 0.0262354
-4.84 0.0265213
-4.83 0.0268093
-4.82 0.0270994
-4.81 0.0273916
-4.8 0.0276859
-4.79 0.0279823
-4.78 0.0282808
-4.77 0.0285814
-4.76 0.0288842
-4.75 0.029189
-4.74 0.0294959
-4.73 0.0298049
-4.72 0.030116
-4.71 0.0304292
-4.7 0.0307445
-4.69 0.0310618
-4.68 0.0313813
-4.67 0.0317029
-4.66 0.0320265
-4.65 0.0323522
-4.64 0.03268
-4.63 0.0330098
-4.62 0.0333418
-4.61 0.0336758
-4.6 0.0340118
-4.59 0.0343499
-4.58 0.03469
-4.57 0.0350322
-4.56 0.0353764
-4.55 0.0357227
-4.54 0.036071
-4.53 0.0364213
-4.52 0.0367736
-4.51 0.0371279
-4.5 0.0374842
-4.49 0.0378425
-4.48 0.0382028
-4.47 0.038565
-4.46 0.0389292
-4.45 0.0392954
-4.44 0.0396635
-4.43 0.0400335
-4.42 0.0404055
-4.41 0.0407794
-4.4 0.0411552
-4.39 0.0415329
-4.38 0.0419124
-4.37 0.0422939
-4.36 0.0426772
-4.35 0.0430623
-4.34 0.0434493
-4.33 0.0438381
-4.32 0.0442287
-4.31 0.0446211
-4.3 0.0450153
-4.29 0.0454113
-4.28 0.045809
-4.27 0.0462084
-4.26 0.0466096
-4.25 0.0470125
-4.24 0.0474171
-4.23 0.0478234
-4.22 0.0482313
-4.21 0.0486408
-4.2 0.0490521
-4.19 0.0494649
-4.18 0.0498793
-4.17 0.0502953
-4.16 0.0507128
-4.15 0.0511319
-4.14 0.0515525
-4.13 0.0519746
-4.12 0.0523982
-4.11 0.0528233
-4.1 0.0532498
-4.09 0.0536777
-4.08 0.0541071
-4.07 0.0545378
-4.06 0.0549699
-4.05 0.0554033
-4.04 0.055838
-4.03 0.0562741
-4.02 0.0567114
-4.01 0.0571499
-4 0.0575897
-3.99 0.0580307
-3.98 0.0584729
-3.97 0.0589162
-3.96 0.0593607
-3.95 0.0598063
-3.94 0.060253
-3.93 0.0607007
-3.92 0.0611495
-3.91 0.0615992
-3.9 0.06205
-3.89 0.0625017
-3.88 0.0629544
-3.87 0.0634079
-3.86 0.0638623
-3.85 0.0643176
-3.84 0.0647737
-3.83 0.0652306
-3.82 0.0656883
-3.81 0.0661467
-3.8 0.0666058
-3.79 0.0670656
-3.78 0.067526
-3.77 0.0679871
-3.76 0.0684488
-3.75 0.068911
-3.74 0.0693737
-3.73 0.069837
-3.72 0.0703007
-3.71 0.0707649
-3.7 0.0712295
-3.69 0.0716945
-3.68 0.0721598
-3.67 0.0726254
-3.66 0.0730913
-3.65 0.0735575
-3.64 0.0740239
-3.63 0.0744905
-3.62 0.0749572
-3.61 0.0754241
-3.6 0.075891
-3.59 0.0763581
-3.58 0.0768251
-3.57 0.0772921
-3.56 0.0777591
-3.55 0.078226
-3.54 0.0786928
-3.53 0.0791595
-3.52 0.0796259
-3.51 0.0800922
-3.5 0.0805582
-3.49 0.0810239
-3.48 0.0814893
-3.47 0.0819544
-3.46 0.0824191
-3.45 0.0828833
-3.44 0.0833471
-3.43 0.0838104
-3.42 0.0842732
-3.41 0.0847354
-3.4 0.085197
-3.39 0.085658
-3.38 0.0861183
-3.37 0.0865779
-3.36 0.0870367
-3.35 0.0874948
-3.34 0.0879521
-3.33 0.0884085
-3.32 0.088864
-3.31 0.0893186
-3.3 0.0897723
-3.29 0.0902249
-3.28 0.0906765
-3.27 0.0911271
-3.26 0.0915765
-3.25 0.0920249
-3.24 0.092472
-3.23 0.0929179
-3.22 0.0933626
-3.21 0.093806
-3.2 0.0942481
-3.19 0.0946888
-3.18 0.0951281
-3.17 0.095566
-3.16 0.0960024
-3.15 0.0964374
-3.14 0.0968708
-3.13 0.0973026
-3.12 0.0977329
-3.11 0.0981614
-3.1 0.0985884
-3.09 0.0990136
-3.08 0.099437
-3.07 0.0998587
-3.06 0.100279
-3.05 0.100697
-3.04 0.101113
-3.03 0.101527
-3.02 0.101939
-3.01 0.102349
-3 0.102758
-2.99 0.103164
-2.98 0.103568
-2.97 0.10397
-2.96 0.10437
-2.95 0.104767
-2.94 0.105163
-2.93 0.105556
-2.92 0.105947
-2.91 0.106335
-2.9 0.106722
-2.89 0.107105
-2.88 0.107487
-2.87 0.107866
-2.86 0.108242
-2.85 0.108616
-2.84 0.108988
-2.83 0.109357
-2.82 0.109723
-2.81 0.110087
-2.8 0.110448
-2.79 0.110806
-2.78 0.111161
-2.77 0.111514
-2.76 0.111864
-2.75 0.112212
-2.74 0.112556
-2.73 0.112898
-2.72 0.113237
-2.71 0.113573
-2.7 0.113906
-2.69 0.114236
-2.68 0.114563
-2.67 0.114887
-2.66 0.115208
-2.65 0.115526
-2.64 0.11584
-2.63 0.116152
-2.62 0.116461
-2.61 0.116766
-2.6 0.117069
-2.59 0.117368
-2.58 0.117664
-2.57 0.117957
-2.56 0.118246
-2.55 0.118532
-2.54 0.118815
-2.53 0.119095
-2.52 0.119371
-2.51 0.119644
-2.5 0.119914
-2.49 0.12018
-2.48 0.120443
-2.47 0.120702
-2.46 0.120958
-2.45 0.121211
-2.44 0.12146
-2.43 0.121706
-2.42 0.121948
-2.41 0.122187
-2.4 0.122422
-2.39 0.122653
-2.38 0.122882
-2.37 0.123106
-2.36 0.123327
-2.35 0.123545
-2.34 0.123759
-2.33 0.123969
-2.32 0.124176
-2.31 0.124379
-2.3 0.124579
-2.29 0.124774
-2.28 0.124967
-2.27 0.125156
-2.26 0.125341
-2.25 0.125522
-2.24 0.1257
-2.23 0.125874
-2.22 0.126045
-2.21 0.126212
-2.2 0.126375
-2.19 0.126535
-2.18 0.126691
-2.17 0.126843
-2.16 0.126992
-2.15 0.127137
-2.14 0.127278
-2.13 0.127416
-2.12 0.12755
-2.11 0.127681
-2.1 0.127807
-2.09 0.127931
-2.08 0.12805
-2.07 0.128166
-2.06 0.128279
-2.05 0.128388
-2.04 0.128493
-2.03 0.128594
-2.02 0.128693
-2.01 0.128787
-2 0.128878
-1.99 0.128965
-1.98 0.129049
-1.97 0.129129
-1.96 0.129206
-1.95 0.12928
-1.94 0.129349
-1.93 0.129416
-1.92 0.129479
-1.91 0.129538
-1.9 0.129594
-1.89 0.129647
-1.88 0.129696
-1.87 0.129742
-1.86 0.129784
-1.85 0.129823
-1.84 0.129859
-1.83 0.129891
-1.82 0.129921
-1.81 0.129946
-1.8 0.129969
-1.79 0.129989
-1.78 0.130005
-1.77 0.130018
-1.76 0.130028
-1.75 0.130034
-1.74 0.130038
-1.73 0.130039
-1.72 0.130036
-1.71 0.13003
-1.7 0.130022
-1.69 0.13001
-1.68 0.129996
-1.67 0.129978
-1.66 0.129958
-1.65 0.129935
-1.64 0.129908
-1.63 0.129879
-1.62 0.129848
-1.61 0.129813
-1.6 0.129776
-1.59 0.129736
-1.58 0.129693
-1.57 0.129648
-1.56 0.1296
-1.55 0.12955
-1.54 0.129497
-1.53 0.129441
-1.52 0.129384
-1.51 0.129323
-1.5 0.12926
-1.49 0.129195
-1.48 0.129128
-1.47 0.129058
-1.46 0.128986
-1.45 0.128911
-1.44 0.128835
-1.43 0.128756
-1.42 0.128675
-1.41 0.128592
-1.4 0.128508
-1.39 0.128421
-1.38 0.128332
-1.37 0.128241
-1.36 0.128148
-1.35 0.128053
-1.34 0.127957
-1.33 0.127859
-1.32 0.127759
-1.31 0.127657
-1.3 0.127554
-1.29 0.127449
-1.28 0.127343
-1.27 0.127235
-1.26 0.127125
-1.25 0.127014
-1.24 0.126902
-1.23 0.126788
-1.22 0.126673
-1.21 0.126557
-1.2 0.126439
-1.19 0.12632
-1.18 0.1262
-1.17 0.126079
-1.16 0.125957
-1.15 0.125834
-1.14 0.12571
-1.13 0.125585
-1.12 0.125459
-1.11 0.125332
-1.1 0.125204
-1.09 0.125075
-1.08 0.124946
-1.07 0.124816
-1.06 0.124686
-1.05 0.124554
-1.04 0.124423
-1.03 0.12429
-1.02 0.124158
-1.01 0.124025
-1 0.123891
-0.99 0.123757
-0.98 0.123623
-0.97 0.123488
-0.96 0.123354
-0.95 0.123219
-0.94 0.123084
-0.93 0.122949
-0.92 0.122813
-0.91 0.122678
-0.9 0.122543
-0.89 0.122408
-0.88 0.122273
-0.87 0.122138
-0.86 0.122004
-0.85 0.121869
-0.84 0.121735
-0.83 0.121601
-0.82 0.121468
-0.81 0.121335
-0.8 0.121202
-0.79 0.12107
-0.78 0.120939
-0.77 0.120808
-0.76 0.120677
-0.75 0.120548
-0.74 0.120418
-0.73 0.12029
-0.72 0.120162
-0.71 0.120036
-0.7 0.11991
-0.69 0.119784
-0.68 0.11966
-0.67 0.119537
-0.66 0.119415
-0.65 0.119293
-0.64 0.119173
-0.63 0.119054
-0.62 0.118936
-0.61 0.118819
-0.6 0.118703
-0.59 0.118588
-0.58 0.118475
-0.57 0.118363
-0.56 0.118252
-0.55 0.118143
-0.54 0.118035
-0.53 0.117929
-0.52 0.117823
-0.51 0.11772
-0.5 0.117618
-0.49 0.117517
-0.48 0.117418
-0.47 0.11732
-0.46 0.117225
-0.45 0.11713
-0.44 0.117038
-0.43 0.116947
-0.42 0.116858
-0.41 0.116771
-0.4 0.116685
-0.39 0.116602
-0.38 0.11652
-0.37 0.11644
-0.36 0.116363
-0.35 0.116287
-0.34 0.116214
-0.33 0.116144
-0.32 0.116076
-0.31 0.116011
-0.3 0.115948
-0.29 0.11589
-0.28 0.115834
-0.27 0.115783
-0.26 0.115737
-0.25 0.115695
-0.24 0.115658
-0.23 0.115627
-0.22 0.115603
-0.21 0.115585
-0.2 0.115574
-0.19 0.115571
-0.18 0.115576
-0.17 0.115588
-0.16 0.115608
-0.15 0.115636
-0.14 0.115671
-0.13 0.115713
-0.12 0.11576
-0.11 0.115812
-0.1 0.115868
-0.09 0.115925
-0.08 0.115982
-0.07 0.116039
-0.06 0.116092
-0.05 0.11614
-0.04 0.116182
-0.03 0.116216
-0.02 0.116241
-0.01 0.116257
0 0.116262
0.01 0.116257
0.02 0.116241
0.03 0.116216
0.04 0.116182
0.05 0.11614
0.06 0.116092
0.07 0.116039
0.08 0.115982
0.09 0.115925
0.1 0.115868
0.11 0.115812
0.12 0.11576
0.13 0.115713
0.14 0.115671
0.15 0.115636
0.16 0.115608
0.17 0.115588
0.18 0.115576
0.19 0.115571
0.2 0.115574
0.21 0.115585
0.22 0.115603
0.23 0.115627
0.24 0.115658
0.25 0.115695
0.26 0.115737
0.27 0.115783
0.28 0.115834
0.29 0.11589
0.3 0.115948
0.31 0.116011
0.32 0.116076
0.33 0.116144
0.34 0.116214
0.35 0.116287
0.36 0.116363
0.37 0.11644
0.38 0.11652
0.39 0.116602
0.4 0.116685
0.41 0.116771
0.42 0.116858
0.43 0.116947
0.44 0.117038
0.45 0.11713
0.46 0.117225
0.47 0.11732
0.48 0.117418
0.49 0.117517
0.5 0.117618
0.51 0.11772
0.52 0.117823
0.53 0.117929
0.54 0.118035
0.55 0.118143
0.56 0.118252
0.57 0.118363
0.58 0.118475
0.59 0.118588
0.6 0.118703
0.61 0.118819
0.62 0.118936
0.63 0.119054
0.64 0.119173
0.65 0.119293
0.66 0.119415
0.67 0.119537
0.68 0.11966
0.69 0.119784
0.7 0.11991
0.71 0.120036
0.72 0.120162
0.73 0.12029
0.74 0.120418
0.75 0.120548
0.76 0.120677
0.77 0.120808
0.78 0.120939
0.79 0.12107
0.8 0.121202
0.81 0.121335
0.82 0.121468
0.83 0.121601
0.84 0.121735
0.85 0.121869
0.86 0.122004
0.87 0.122138
0.88 0.122273
0.89 0.122408
0.9 0.122543
0.91 0.122678
0.92 0.122813
0.93 0.122949
0.94 0.123084
0.95 0.123219
0.96 0.123354
0.97 0.123488
0.98 0.123623
0.99 0.123757
1 0.123891
1.01 0.124025
1.02 0.124158
1.03 0.12429
1.04 0.124423
1.05 0.124554
1.06 0.124686
1.07 0.124816
1.08 0.124946
1.09 0.125075
1.1 0.125204
1.11 0.125332
1.12 0.125459
1.13 0.125585
1.14 0.12571
1.15 0.125834
1.16 0.125957
1.17 0.126079
1.18 0.1262
1.19 0.12632
1.2 0.126439
1.21 0.126557
1.22 0.126673
1.23 0.126788
1.24 0.126902
1.25 0.127014
1.26 0.127125
1.27 0.127235
1.28 0.127343
1.29 0.127449
1.3 0.127554
1.31 0.127657
1.32 0.127759
1.33 0.127859
1.34 0.127957
1.35 0.128053
1.36 0.128148
1.37 0.128241
1.38 0.128332
1.39 0.128421
1.4 0.128508
1.41 0.128592
1.42 0.128675
1.43 0.128756
1.44 0.128835
1.45 0.128911
1.46 0.128986
1.47 0.129058
1.48 0.129128
1.49 0.129195
1.5 0.12926
1.51 0.129323
1.52 0.129384
1.53 0.129441
1.54 0.129497
1.55 0.12955
1.56 0.1296
1.57 0.129648
1.58 0.129693
1.59 0.129736
1.6 0.129776
1.61 0.129813
1.62 0.129848
1.63 0.129879
1.64 0.129908
1.65 0.129935
1.66 0.129958
1.67 0.129978
1.68 0.129996
1.69 0.13001
1.7 0.130022
1.71 0.13003
1.72 0.130036
1.73 0.130039
1.74 0.130038
1.75 0.130034
1.76 0.130028
1.77 0.130018
1.78 0.130005
1.79 0.129989
1.8 0.129969
1.81 0.129946
1.82 0.129921
1.83 0.129891
1.84 0.129859
1.85 0.129823
1.86 0.129784
1.87 0.129742
1.88 0.129696
1.89 0.129647
1.9 0.129594
1.91 0.129538
1.92 0.129479
1.93 0.129416
1.94 0.129349
1.95 0.12928
1.96 0.129206
1.97 0.129129
1.98 0.129049
1.99 0.128965
2 0.128878
2.01 0.128787
2.02 0.128693
2.03 0.128594
2.04 0.128493
2.05 0.128388
2.06 0.128279
2.07 0.128166
2.08 0.12805
2.09 0.127931
2.1 0.127807
2.11 0.127681
2.12 0.12755
2.13 0.127416
2.14 0.127278
2.15 0.127137
2.16 0.126992
2.17 0.126843
2.18 0.126691
2.19 0.126535
2.2 0.126375
2.21 0.126212
2.22 0.126045
2.23 0.125874
2.24 0.1257
2.25 0.125522
2.26 0.125341
2.27 0.125156
2.28 0.124967
2.29 0.124774
2.3 0.124579
2.31 0.124379
2.32 0.124176
2.33 0.123969
2.34 0.123759
2.35 0.123545
2.36 0.123327
2.37 0.123106
2.38 0.122882
2.39 0.122653
2.4 0.122422
2.41 0.122187
2.42 0.121948
2.43 0.121706
2.44 0.12146
2.45 0.121211
2.46 0.120958
2.47 0.120702
2.48 0.120443
2.49 0.12018
2.5 0.119914
2.51 0.119644
2.52 0.119371
2.53 0.119095
2.54 0.118815
2.55 0.118532
2.56 0.118246
2.57 0.117957
2.58 0.117664
2.59 0.117368
2.6 0.117069
2.61 0.116766
2.62 0.116461
2.63 0.116152
2.64 0.11584
2.65 0.115526
2.66 0.115208
2.67 0.114887
2.68 0.114563
2.69 0.114236
2.7 0.113906
2.71 0.113573
2.72 0.113237
2.73 0.112898
2.74 0.112556
2.75 0.112212
2.76 0.111864
2.77 0.111514
2.78 0.111161
2.79 0.110806
2.8 0.110448
2.81 0.110087
2.82 0.109723
2.83 0.109357
2.84 0.108988
2.85 0.108616
2.86 0.108242
2.87 0.107866
2.88 0.107487
2.89 0.107105
2.9 0.106722
2.91 0.106335
2.92 0.105947
2.93 0.105556
2.94 0.105163
2.95 0.104767
2.96 0.10437
2.97 0.10397
2.98 0.103568
2.99 0.103164
3 0.102758
3.01 0.102349
3.02 0.101939
3.03 0.101527
3.04 0.101113
3.05 0.100697
3.06 0.100279
3.07 0.0998587
3.08 0.099437
3.09 0.0990136
3.1 0.0985884
3.11 0.0981614
3.12 0.0977329
3.13 0.0973026
3.14 0.0968708
3.15 0.0964374
3.16 0.0960024
3.17 0.095566
3.18 0.0951281
3.19 0.0946888
3.2 0.0942481
3.21 0.093806
3.22 0.0933626
3.23 0.0929179
3.24 0.092472
3.25 0.0920249
3.26 0.0915765
3.27 0.0911271
3.28 0.0906765
3.29 0.0902249
3.3 0.0897723
3.31 0.0893186
3.32 0.088864
3.33 0.0884085
3.34 0.0879521
3.35 0.0874948
3.36 0.0870367
3.37 0.0865779
3.38 0.0861183
3.39 0.085658
3.4 0.085197
3.41 0.0847354
3.42 0.0842732
3.43 0.0838104
3.44 0.0833471
3.45 0.0828833
3.46 0.0824191
3.47 0.0819544
3.48 0.0814893
3.49 0.0810239
3.5 0.0805582
3.51 0.0800922
3.52 0.0796259
3.53 0.0791595
3.54 0.0786928
3.55 0.078226
3.56 0.0777591
3.57 0.0772921
3.58 0.0768251
3.59 0.0763581
3.6 0.075891
3.61 0.0754241
3.62 0.0749572
3.63 0.0744905
3.64 0.0740239
3.65 0.0735575
3.66 0.0730913
3.67 0.0726254
3.68 0.0721598
3.69 0.0716945
3.7 0.0712295
3.71 0.0707649
3.72 0.0703007
3.73 0.069837
3.74 0.0693737
3.75 0.068911
3.76 0.0684488
3.77 0.0679871
3.78 0.067526
3.79 0.0670656
3.8 0.0666058
3.81 0.0661467
3.82 0.0656883
3.83 0.0652306
3.84 0.0647737
3.85 0.0643176
3.86 0.0638623
3.87 0.0634079
3.88 0.0629544
3.89 0.0625017
3.9 0.06205
3.91 0.0615992
3.92 0.0611495
3.93 0.0607007
3.94 0.060253
3.95 0.0598063
3.96 0.0593607
3.97 0.0589162
3.98 0.0584729
3.99 0.0580307
4 0.0575897
4.01 0.0571499
4.02 0.0567114
4.03 0.0562741
4.04 0.055838
4.05 0.0554033
4.06 0.0549699
4.07 0.0545378
4.08 0.0541071
4.09 0.0536777
4.1 0.0532498
4.11 0.0528233
4.12 0.0523982
4.13 0.0519746
4.14 0.0515525
4.15 0.0511319
4.16 0.0507128
4.17 0.0502953
4.18 0.0498793
4.19 0.0494649
4.2 0.0490521
4.21 0.0486408
4.22 0.0482313
4.23 0.0478234
4.24 0.0474171
4.25 0.0470125
4.26 0.0466096
4.27 0.0462084
4.28 0.045809
4.29 0.0454113
4.3 0.0450153
4.31 0.0446211
4.32 0.0442287
4.33 0.0438381
4.34 0.0434493
4.35 0.0430623
4.36 0.0426772
4.37 0.0422939
4.38 0.0419124
4.39 0.0415329
4.4 0.0411552
4.41 0.0407794
4.42 0.0404055
4.43 0.0400335
4.44 0.0396635
4.45 0.0392954
4.46 0.0389292
4.47 0.038565
4.48 0.0382028
4.49 0.0378425
4.5 0.0374842
4.51 0.0371279
4.52 0.0367736
4.53 0.0364213
4.54 0.036071
4.55 0.0357227
4.56 0.0353764
4.57 0.0350322
4.58 0.03469
4.59 0.0343499
4.6 0.0340118
4.61 0.0336758
4.62 0.0333418
4.63 0.0330098
4.64 0.03268
4.65 0.0323522
4.66 0.0320265
4.67 0.0317029
4.68 0.0313813
4.69 0.0310618
4.7 0.0307445
4.71 0.0304292
4.72 0.030116
4.73 0.0298049
4.74 0.0294959
4.75 0.029189
4.76 0.0288842
4.77 0.0285814
4.78 0.0282808
4.79 0.0279823
4.8 0.0276859
4.81 0.0273916
4.82 0.0270994
4.83 0.0268093
4.84 0.0265213
4.85 0.0262354
4.86 0.0259516
4.87 0.0256699
4.88 0.0253903
4.89 0.0251128
4.9 0.0248373
4.91 0.024564
4.92 0.0242927
4.93 0.0240236
4.94 0.0237565
4.95 0.0234915
4.96 0.0232285
4.97 0.0229677
4.98 0.0227089
4.99 0.0224521
5 0.0221975
5.01 0.0219448
5.02 0.0216943
5.03 0.0214458
5.04 0.0211993
5.05 0.0209548
5.06 0.0207124
5.07 0.0204721
5.08 0.0202337
5.09 0.0199974
5.1 0.019763
5.11 0.0195307
5.12 0.0193004
5.13 0.019072
5.14 0.0188457
5.15 0.0186213
5.16 0.0183989
5.17 0.0181785
5.18 0.01796
5.19 0.0177435
5.2 0.0175289
5.21 0.0173163
5.22 0.0171056
5.23 0.0168968
5.24 0.0166899
5.25 0.0164849
5.26 0.0162819
5.27 0.0160807
5.28 0.0158814
5.29 0.015684
5.3 0.0154884
5.31 0.0152947
5.32 0.0151029
5.33 0.0149129
5.34 0.0147247
5.35 0.0145383
5.36 0.0143538
5.37 0.0141711
5.38 0.0139901
5.39 0.013811
5.4 0.0136336
5.41 0.013458
5.42 0.0132841
5.43 0.013112
5.44 0.0129416
5.45 0.012773
5.46 0.012606
5.47 0.0124408
5.48 0.0122773
5.49 0.0121155
5.5 0.0119553
5.51 0.0117968
5.52 0.01164
5.53 0.0114848
5.54 0.0113313
5.55 0.0111794
5.56 0.0110291
5.57 0.0108804
5.58 0.0107333
5.59 0.0105878
5.6 0.0104439
5.61 0.0103015
5.62 0.0101607
5.63 0.0100215
5.64 0.00988373
5.65 0.00974752
5.66 0.00961282
5.67 0.00947963
5.68 0.00934792
5.69 0.00921769
5.7 0.00908893
5.71 0.00896163
5.72 0.00883578
5.73 0.00871136
5.74 0.00858837
5.75 0.00846679
5.76 0.00834661
5.77 0.00822783
5.78 0.00811043
5.79 0.0079944
5.8 0.00787973
5.81 0.00776641
5.82 0.00765443
5.83 0.00754378
5.84 0.00743445
5.85 0.00732642
5.86 0.00721968
5.87 0.00711423
5.88 0.00701005
5.89 0.00690714
5.9 0.00680548
5.91 0.00670506
5.92 0.00660587
5.93 0.0065079
5.94 0.00641114
5.95 0.00631557
5.96 0.0062212
5.97 0.006128
5.98 0.00603597
5.99 0.00594509
