-6 0.00145617
-5.99 0.00148219
-5.98 0.00150862
-5.97 0.00153548
-5.96 0.00156275
-5.95 0.00159045
-5.94 0.00161859
-5.93 0.00164717
-5.92 0.0016762
-5.91 0.00170568
-5.9 0.00173562
-5.89 0.00176602
-5.88 0.0017969
-5.87 0.00182825
-5.86 0.00186008
-5.85 0.0018924
-5.84 0.00192522
-5.83 0.00195854
-5.82 0.00199237
-5.81 0.00202671
-5.8 0.00206158
-5.79 0.00209697
-5.78 0.0021329
-5.77 0.00216936
-5.76 0.00220638
-5.75 0.00224395
-5.74 0.00228208
-5.73 0.00232077
-5.72 0.00236005
-5.71 0.0023999
-5.7 0.00244035
-5.69 0.00248139
-5.68 0.00252304
-5.67 0.00256529
-5.66 0.00260817
-5.65 0.00265167
-5.64 0.0026958
-5.63 0.00274057
-5.62 0.002786
-5.61 0.00283207
-5.6 0.00287881
-5.59 0.00292623
-5.58 0.00297432
-5.57 0.00302309
-5.56 0.00307257
-5.55 0.00312274
-5.54 0.00317363
-5.53 0.00322523
-5.52 0.00327756
-5.51 0.00333063
-5.5 0.00338444
-5.49 0.003439
-5.48 0.00349433
-5.47 0.00355042
-5.46 0.00360728
-5.45 0.00366494
-5.44 0.00372338
-5.43 0.00378264
-5.42 0.0038427
-5.41 0.00390358
-5.4 0.00396529
-5.39 0.00402784
-5.38 0.00409124
-5.37 0.00415549
-5.36 0.00422061
-5.35 0.0042866
-5.34 0.00435348
-5.33 0.00442125
-5.32 0.00448992
-5.31 0.0045595
-5.3 0.00463
-5.29 0.00470143
-5.28 0.0047738
-5.27 0.00484713
-5.26 0.0049214
-5.25 0.00499665
-5.24 0.00507288
-5.23 0.00515009
-5.22 0.0052283
-5.21 0.00530752
-5.2 0.00538776
-5.19 0.00546902
-5.18 0.00555132
-5.17 0.00563466
-5.16 0.00571907
-5.15 0.00580454
-5.14 0.00589109
-5.13 0.00597872
-5.12 0.00606746
-5.11 0.0061573
-5.1 0.00624826
-5.09 0.00634035
-5.08 0.00643358
-5.07 0.00652796
-5.06 0.0066235
-5.05 0.0067202
-5.04 0.0068181
-5.03 0.00691718
-5.02 0.00701746
-5.01 0.00711896
-5 0.00722168
-4.99 0.00732564
-4.98 0.00743084
-4.97 0.0075373
-4.96 0.00764502
-4.95 0.00775402
-4.94 0.00786432
-4.93 0.00797591
-4.92 0.00808881
-4.91 0.00820303
-4.9 0.00831859
-4.89 0.00843548
-4.88 0.00855374
-4.87 0.00867335
-4.86 0.00879435
-4.85 0.00891673
-4.84 0.00904051
-4.83 0.00916571
-4.82 0.00929232
-4.81 0.00942036
-4.8 0.00954985
-4.79 0.00968079
-4.78 0.0098132
-4.77 0.00994709
-4.76 0.0100825
-4.75 0.0102193
-4.74 0.0103577
-4.73 0.0104976
-4.72 0.0106391
-4.71 0.010782
-4.7 0.0109266
-4.69 0.0110727
-4.68 0.0112204
-4.67 0.0113696
-4.66 0.0115205
-4.65 0.011673
-4.64 0.0118271
-4.63 0.0119828
-4.62 0.0121402
-4.61 0.0122992
-4.6 0.01246
-4.59 0.0126223
-4.58 0.0127864
-4.57 0.0129522
-4.56 0.0131197
-4.55 0.0132889
-4.54 0.0134598
-4.53 0.0136325
-4.52 0.013807
-4.51 0.0139832
-4.5 0.0141612
-4.49 0.0143409
-4.48 0.0145225
-4.47 0.0147059
-4.46 0.0148911
-4.45 0.0150781
-4.44 0.015267
-4.43 0.0154578
-4.42 0.0156504
-4.41 0.0158448
-4.4 0.0160412
-4.39 0.0162394
-4.38 0.0164396
-4.37 0.0166417
-4.36 0.0168457
-4.35 0.0170516
-4.34 0.0172595
-4.33 0.0174693
-4.32 0.0176811
-4.31 0.0178949
-4.3 0.0181107
-4.29 0.0183285
-4.28 0.0185482
-4.27 0.01877
-4.26 0.0189938
-4.25 0.0192197
-4.24 0.0194476
-4.23 0.0196775
-4.22 0.0199095
-4.21 0.0201436
-4.2 0.0203798
-4.19 0.0206181
-4.18 0.0208584
-4.17 0.0211009
-4.16 0.0213455
-4.15 0.0215922
-4.14 0.021841
-4.13 0.022092
-4.12 0.0223452
-4.11 0.0226005
-4.1 0.022858
-4.09 0.0231176
-4.08 0.0233795
-4.07 0.0236435
-4.06 0.0239097
-4.05 0.0241782
-4.04 0.0244488
-4.03 0.0247217
-4.02 0.0249968
-4.01 0.0252742
-4 0.0255538
-3.99 0.0258356
-3.98 0.0261197
-3.97 0.0264061
-3.96 0.0266947
-3.95 0.0269856
-3.94 0.0272788
-3.93 0.0275743
-3.92 0.0278721
-3.91 0.0281722
-3.9 0.0284746
-3.89 0.0287794
-3.88 0.0290864
-3.87 0.0293958
-3.86 0.0297074
-3.85 0.0300215
-3.84 0.0303378
-3.83 0.0306566
-3.82 0.0309776
-3.81 0.031301
-3.8 0.0316268
-3.79 0.0319549
-3.78 0.0322854
-3.77 0.0326183
-3.76 0.0329535
-3.75 0.0332912
-3.74 0.0336311
-3.73 0.0339735
-3.72 0.0343183
-3.71 0.0346654
-3.7 0.035015
-3.69 0.0353669
-3.68 0.0357212
-3.67 0.0360779
-3.66 0.0364371
-3.65 0.0367986
-3.64 0.0371625
-3.63 0.0375288
-3.62 0.0378975
-3.61 0.0382686
-3.6 0.0386422
-3.59 0.0390181
-3.58 0.0393964
-3.57 0.0397772
-3.56 0.0401603
-3.55 0.0405459
-3.54 0.0409338
-3.53 0.0413242
-3.52 0.0417169
-3.51 0.0421121
-3.5 0.0425096
-3.49 0.0429096
-3.48 0.0433119
-3.47 0.0437167
-3.46 0.0441238
-3.45 0.0445333
-3.44 0.0449452
-3.43 0.0453595
-3.42 0.0457761
-3.41 0.0461951
-3.4 0.0466165
-3.39 0.0470403
-3.38 0.0474664
-3.37 0.0478949
-3.36 0.0483258
-3.35 0.048759
-3.34 0.0491945
-3.33 0.0496324
-3.32 0.0500726
-3.31 0.0505151
-3.3 0.05096
-3.29 0.0514071
-3.28 0.0518566
-3.27 0.0523084
-3.26 0.0527624
-3.25 0.0532188
-3.24 0.0536774
-3.23 0.0541384
-3.22 0.0546015
-3.21 0.055067
-3.2 0.0555347
-3.19 0.0560046
-3.18 0.0564767
-3.17 0.0569511
-3.16 0.0574277
-3.15 0.0579065
-3.14 0.0583874
-3.13 0.0588706
-3.12 0.0593559
-3.11 0.0598434
-3.1 0.0603331
-3.09 0.0608248
-3.08 0.0613188
-3.07 0.0618148
-3.06 0.0623129
-3.05 0.0628131
-3.04 0.0633154
-3.03 0.0638198
-3.02 0.0643262
-3.01 0.0648347
-3 0.0653452
-2.99 0.0658577
-2.98 0.0663722
-2.97 0.0668887
-2.96 0.0674072
-2.95 0.0679276
-2.94 0.06845
-2.93 0.0689743
-2.92 0.0695005
-2.91 0.0700286
-2.9 0.0705586
-2.89 0.0710905
-2.88 0.0716242
-2.87 0.0721597
-2.86 0.0726971
-2.85 0.0732362
-2.84 0.0737772
-2.83 0.0743199
-2.82 0.0748643
-2.81 0.0754105
-2.8 0.0759584
-2.79 0.076508
-2.78 0.0770593
-2.77 0.0776122
-2.76 0.0781667
-2.75 0.0787229
-2.74 0.0792807
-2.73 0.07984
-2.72 0.0804009
-2.71 0.0809634
-2.7 0.0815273
-2.69 0.0820928
-2.68 0.0826597
-2.67 0.0832281
-2.66 0.0837979
-2.65 0.0843692
-2.64 0.0849418
-2.63 0.0855158
-2.62 0.0860911
-2.61 0.0866678
-2.6 0.0872458
-2.59 0.087825
-2.58 0.0884055
-2.57 0.0889872
-2.56 0.0895702
-2.55 0.0901543
-2.54 0.0907396
-2.53 0.091326
-2.52 0.0919136
-2.51 0.0925022
-2.5 0.0930919
-2.49 0.0936826
-2.48 0.0942744
-2.47 0.0948671
-2.46 0.0954608
-2.45 0.0960555
-2.44 0.096651
-2.43 0.0972475
-2.42 0.0978448
-2.41 0.0984429
-2.4 0.0990419
-2.39 0.0996416
-2.38 0.100242
-2.37 0.100843
-2.36 0.101445
-2.35 0.102048
-2.34 0.102651
-2.33 0.103255
-2.32 0.103859
-2.31 0.104464
-2.3 0.10507
-2.29 0.105676
-2.28 0.106283
-2.27 0.10689
-2.26 0.107497
-2.25 0.108105
-2.24 0.108713
-2.23 0.109322
-2.22 0.10993
-2.21 0.11054
-2.2 0.111149
-2.19 0.111758
-2.18 0.112368
-2.17 0.112978
-2.16 0.113588
-2.15 0.114198
-2.14 0.114809
-2.13 0.115419
-2.12 0.116029
-2.11 0.116639
-2.1 0.11725
-2.09 0.11786
-2.08 0.11847
-2.07 0.11908
-2.06 0.11969
-2.05 0.120299
-2.04 0.120908
-2.03 0.121517
-2.02 0.122126
-2.01 0.122734
-2 0.123343
-1.99 0.12395
-1.98 0.124557
-1.97 0.125164
-1.96 0.125771
-1.95 0.126376
-1.94 0.126982
-1.93 0.127586
-1.92 0.12819
-1.91 0.128794
-1.9 0.129396
-1.89 0.129999
-1.88 0.1306
-1.87 0.1312
-1.86 0.1318
-1.85 0.132399
-1.84 0.132997
-1.83 0.133594
-1.82 0.134191
-1.81 0.134786
-1.8 0.13538
-1.79 0.135973
-1.78 0.136566
-1.77 0.137157
-1.76 0.137747
-1.75 0.138336
-1.74 0.138923
-1.73 0.13951
-1.72 0.140095
-1.71 0.140679
-1.7 0.141262
-1.69 0.141843
-1.68 0.142423
-1.67 0.143002
-1.66 0.143579
-1.65 0.144154
-1.64 0.144729
-1.63 0.145301
-1.62 0.145872
-1.61 0.146442
-1.6 0.14701
-1.59 0.147576
-1.58 0.14814
-1.57 0.148703
-1.56 0.149264
-1.55 0.149823
-1.54 0.150381
-1.53 0.150937
-1.52 0.15149
-1.51 0.152042
-1.5 0.152592
-1.49 0.15314
-1.48 0.153686
-1.47 0.15423
-1.46 0.154772
-1.45 0.155312
-1.44 0.155849
-1.43 0.156385
-1.42 0.156918
-1.41 0.157449
-1.4 0.157978
-1.39 0.158505
-1.38 0.159029
-1.37 0.159552
-1.36 0.160071
-1.35 0.160589
-1.34 0.161104
-1.33 0.161616
-1.32 0.162126
-1.31 0.162633
-1.3 0.163138
-1.29 0.163641
-1.28 0.164141
-1.27 0.164638
-1.26 0.165133
-1.25 0.165625
-1.24 0.166114
-1.23 0.1666
-1.22 0.167084
-1.21 0.167565
-1.2 0.168043
-1.19 0.168519
-1.18 0.168991
-1.17 0.169461
-1.16 0.169927
-1.15 0.170391
-1.14 0.170852
-1.13 0.17131
-1.12 0.171765
-1.11 0.172216
-1.1 0.172665
-1.09 0.173111
-1.08 0.173553
-1.07 0.173992
-1.06 0.174429
-1.05 0.174862
-1.04 0.175291
-1.03 0.175718
-1.02 0.176141
-1.01 0.176561
-1 0.176978
-0.99 0.177391
-0.98 0.177801
-0.97 0.178208
-0.96 0.178611
-0.95 0.17901
-0.94 0.179407
-0.93 0.179799
-0.92 0.180189
-0.91 0.180575
-0.9 0.180957
-0.89 0.181336
-0.88 0.181711
-0.87 0.182082
-0.86 0.18245
-0.85 0.182814
-0.84 0.183175
-0.83 0.183532
-0.82 0.183885
-0.81 0.184234
-0.8 0.18458
-0.79 0.184922
-0.78 0.18526
-0.77 0.185594
-0.76 0.185925
-0.75 0.186251
-0.74 0.186574
-0.73 0.186893
-0.72 0.187208
-0.71 0.187519
-0.7 0.187826
-0.69 0.188129
-0.68 0.188429
-0.67 0.188724
-0.66 0.189015
-0.65 0.189302
-0.64 0.189586
-0.63 0.189865
-0.62 0.19014
-0.61 0.190411
-0.6 0.190678
-0.59 0.190941
-0.58 0.191199
-0.57 0.191454
-0.56 0.191704
-0.55 0.19195
-0.54 0.192192
-0.53 0.19243
-0.52 0.192664
-0.51 0.192893
-0.5 0.193118
-0.49 0.193339
-0.48 0.193556
-0.47 0.193768
-0.46 0.193976
-0.45 0.19418
-0.44 0.194379
-0.43 0.194574
-0.42 0.194765
-0.41 0.194952
-0.4 0.195134
-0.39 0.195312
-0.38 0.195485
-0.37 0.195654
-0.36 0.195819
-0.35 0.195979
-0.34 0.196135
-0.33 0.196286
-0.32 0.196433
-0.31 0.196575
-0.3 0.196713
-0.29 0.196847
-0.28 0.196976
-0.27 0.197101
-0.26 0.197221
-0.25 0.197337
-0.24 0.197448
-0.23 0.197555
-0.22 0.197657
-0.21 0.197755
-0.2 0.197848
-0.19 0.197937
-0.18 0.198021
-0.17 0.198101
-0.16 0.198176
-0.15 0.198246
-0.14 0.198312
-0.13 0.198374
-0.12 0.198431
-0.11 0.198483
-0.1 0.198531
-0.09 0.198575
-0.08 0.198613
-0.07 0.198648
-0.06 0.198677
-0.05 0.198702
-0.04 0.198723
-0.03 0.198777
-0.02 0.200798
-0.01 0.221122
0 0.248378
0.01 0.221122
0.02 0.200798
0.03 0.198777
0.04 0.198723
0.05 0.198702
0.06 0.198677
0.07 0.198648
0.08 0.198613
0.09 0.198575
0.1 0.198531
0.11 0.198483
0.12 0.198431
0.13 0.198374
0.14 0.198312
0.15 0.198246
0.16 0.198176
0.17 0.198101
0.18 0.198021
0.19 0.197937
0.2 0.197848
0.21 0.197755
0.22 0.197657
0.23 0.197555
0.24 0.197448
0.25 0.197337
0.26 0.197221
0.27 0.197101
0.28 0.196976
0.29 0.196847
0.3 0.196713
0.31 0.196575
0.32 0.196433
0.33 0.196286
0.34 0.196135
0.35 0.195979
0.36 0.195819
0.37 0.195654
0.38 0.195485
0.39 0.195312
0.4 0.195134
0.41 0.194952
0.42 0.194765
0.43 0.194574
0.44 0.194379
0.45 0.19418
0.46 0.193976
0.47 0.193768
0.48 0.193556
0.49 0.193339
0.5 0.193118
0.51 0.192893
0.52 0.192664
0.53 0.19243
0.54 0.192192
0.55 0.19195
0.56 0.191704
0.57 0.191454
0.58 0.191199
0.59 0.190941
0.6 0.190678
0.61 0.190411
0.62 0.19014
0.63 0.189865
0.64 0.189586
0.65 0.189302
0.66 0.189015
0.67 0.188724
0.68 0.188429
0.69 0.188129
0.7 0.187826
0.71 0.187519
0.72 0.187208
0.73 0.186893
0.74 0.186574
0.75 0.186251
0.76 0.185925
0.77 0.185594
0.78 0.18526
0.79 0.184922
0.8 0.18458
0.81 0.184234
0.82 0.183885
0.83 0.183532
0.84 0.183175
0.85 0.182814
0.86 0.18245
0.87 0.182082
0.88 0.181711
0.89 0.181336
0.9 0.180957
0.91 0.180575
0.92 0.180189
0.93 0.179799
0.94 0.179407
0.95 0.17901
0.96 0.178611
0.97 0.178208
0.98 0.177801
0.99 0.177391
1 0.176978
1.01 0.176561
1.02 0.176141
1.03 0.175718
1.04 0.175291
1.05 0.174862
1.06 0.174429
1.07 0.173992
1.08 0.173553
1.09 0.173111
1.1 0.172665
1.11 0.172216
1.12 0.171765
1.13 0.17131
1.14 0.170852
1.15 0.170391
1.16 0.169927
1.17 0.169461
1.18 0.168991
1.19 0.168519
1.2 0.168043
1.21 0.167565
1.22 0.167084
1.23 0.1666
1.24 0.166114
1.25 0.165625
1.26 0.165133
1.27 0.164638
1.28 0.164141
1.29 0.163641
1.3 0.163138
1.31 0.162633
1.32 0.162126
1.33 0.161616
1.34 0.161104
1.35 0.160589
1.36 0.160071
1.37 0.159552
1.38 0.159029
1.39 0.158505
1.4 0.157978
1.41 0.157449
1.42 0.156918
1.43 0.156385
1.44 0.155849
1.45 0.155312
1.46 0.154772
1.47 0.15423
1.48 0.153686
1.49 0.15314
1.5 0.152592
1.51 0.152042
1.52 0.15149
1.53 0.150937
1.54 0.150381
1.55 0.149823
1.56 0.149264
1.57 0.148703
1.58 0.14814
1.59 0.147576
1.6 0.14701
1.61 0.146442
1.62 0.145872
1.63 0.145301
1.64 0.144729
1.65 0.144154
1.66 0.143579
1.67 0.143002
1.68 0.142423
1.69 0.141843
1.7 0.141262
1.71 0.140679
1.72 0.140095
1.73 0.13951
1.74 0.138923
1.75 0.138336
1.76 0.137747
1.77 0.137157
1.78 0.136566
1.79 0.135973
1.8 0.13538
1.81 0.134786
1.82 0.134191
1.83 0.133594
1.84 0.132997
1.85 0.132399
1.86 0.1318
1.87 0.1312
1.88 0.1306
1.89 0.129999
1.9 0.129396
1.91 0.128794
1.92 0.12819
1.93 0.127586
1.94 0.126982
1.95 0.126376
1.96 0.125771
1.97 0.125164
1.98 0.124557
1.99 0.12395
2 0.123343
2.01 0.122734
2.02 0.122126
2.03 0.121517
2.04 0.120908
2.05 0.120299
2.06 0.11969
2.07 0.11908
2.08 0.11847
2.09 0.11786
2.1 0.11725
2.11 0.116639
2.12 0.116029
2.13 0.115419
2.14 0.114809
2.15 0.114198
2.16 0.113588
2.17 0.112978
2.18 0.112368
2.19 0.111758
2.2 0.111149
2.21 0.11054
2.22 0.10993
2.23 0.109322
2.24 0.108713
2.25 0.108105
2.26 0.107497
2.27 0.10689
2.28 0.106283
2.29 0.105676
2.3 0.10507
2.31 0.104464
2.32 0.103859
2.33 0.103255
2.34 0.102651
2.35 0.102048
2.36 0.101445
2.37 0.100843
2.38 0.100242
2.39 0.0996416
2.4 0.0990419
2.41 0.0984429
2.42 0.0978448
2.43 0.0972475
2.44 0.096651
2.45 0.0960555
2.46 0.0954608
2.47 0.0948671
2.48 0.0942744
2.49 0.0936826
2.5 0.0930919
2.51 0.0925022
2.52 0.0919136
2.53 0.091326
2.54 0.0907396
2.55 0.0901543
2.56 0.0895702
2.57 0.0889872
2.58 0.0884055
2.59 0.087825
2.6 0.0872458
2.61 0.0866678
2.62 0.0860911
2.63 0.0855158
2.64 0.0849418
2.65 0.0843692
2.66 0.0837979
2.67 0.0832281
2.68 0.0826597
2.69 0.0820928
2.7 0.0815273
2.71 0.0809634
2.72 0.0804009
2.73 0.07984
2.74 0.0792807
2.75 0.0787229
2.76 0.0781667
2.77 0.0776122
2.78 0.0770593
2.79 0.076508
2.8 0.0759584
2.81 0.0754105
2.82 0.0748643
2.83 0.0743199
2.84 0.0737772
2.85 0.0732362
2.86 0.0726971
2.87 0.0721597
2.88 0.0716242
2.89 0.0710905
2.9 0.0705586
2.91 0.0700286
2.92 0.0695005
2.93 0.0689743
2.94 0.06845
2.95 0.0679276
2.96 0.0674072
2.97 0.0668887
2.98 0.0663722
2.99 0.0658577
3 0.0653452
3.01 0.0648347
3.02 0.0643262
3.03 0.0638198
3.04 0.0633154
3.05 0.0628131
3.06 0.0623129
3.07 0.0618148
3.08 0.0613188
3.09 0.0608248
3.1 0.0603331
3.11 0.0598434
3.12 0.0593559
3.13 0.0588706
3.14 0.0583874
3.15 0.0579065
3.16 0.0574277
3.17 0.0569511
3.18 0.0564767
3.19 0.0560046
3.2 0.0555347
3.21 0.055067
3.22 0.0546015
3.23 0.0541384
3.24 0.0536774
3.25 0.0532188
3.26 0.0527624
3.27 0.0523084
3.28 0.0518566
3.29 0.0514071
3.3 0.05096
3.31 0.0505151
3.32 0.0500726
3.33 0.0496324
3.34 0.0491945
3.35 0.048759
3.36 0.0483258
3.37 0.0478949
3.38 0.0474664
3.39 0.0470403
3.4 0.0466165
3.41 0.0461951
3.42 0.0457761
3.43 0.0453595
3.44 0.0449452
3.45 0.0445333
3.46 0.0441238
3.47 0.0437167
3.48 0.0433119
3.49 0.0429096
3.5 0.0425096
3.51 0.0421121
3.52 0.0417169
3.53 0.0413242
3.54 0.0409338
3.55 0.0405459
3.56 0.0401603
3.57 0.0397772
3.58 0.0393964
3.59 0.0390181
3.6 0.0386422
3.61 0.0382686
3.62 0.0378975
3.63 0.0375288
3.64 0.0371625
3.65 0.0367986
3.66 0.0364371
3.67 0.0360779
3.68 0.0357212
3.69 0.0353669
3.7 0.035015
3.71 0.0346654
3.72 0.0343183
3.73 0.0339735
3.74 0.0336311
3.75 0.0332912
3.76 0.0329535
3.77 0.0326183
3.78 0.0322854
3.79 0.0319549
3.8 0.0316268
3.81 0.031301
3.82 0.0309776
3.83 0.0306566
3.84 0.0303378
3.85 0.0300215
3.86 0.0297074
3.87 0.0293958
3.88 0.0290864
3.89 0.0287794
3.9 0.0284746
3.91 0.0281722
3.92 0.0278721
3.93 0.0275743
3.94 0.0272788
3.95 0.0269856
3.96 0.0266947
3.97 0.0264061
3.98 0.0261197
3.99 0.0258356
4 0.0255538
4.01 0.0252742
4.02 0.0249968
4.03 0.0247217
4.04 0.0244488
4.05 0.0241782
4.06 0.0239097
4.07 0.0236435
4.08 0.0233795
4.09 0.0231176
4.1 0.022858
4.11 0.0226005
4.12 0.0223452
4.13 0.022092
4.14 0.021841
4.15 0.0215922
4.16 0.0213455
4.17 0.0211009
4.18 0.0208584
4.19 0.0206181
4.2 0.0203798
4.21 0.0201436
4.22 0.0199095
4.23 0.0196775
4.24 0.0194476
4.25 0.0192197
4.26 0.0189938
4.27 0.01877
4.28 0.0185482
4.29 0.0183285
4.3 0.0181107
4.31 0.0178949
4.32 0.0176811
4.33 0.0174693
4.34 0.0172595
4.35 0.0170516
4.36 0.0168457
4.37 0.0166417
4.38 0.0164396
4.39 0.0162394
4.4 0.0160412
4.41 0.0158448
4.42 0.0156504
4.43 0.0154578
4.44 0.015267
4.45 0.0150781
4.46 0.0148911
4.47 0.0147059
4.48 0.0145225
4.49 0.0143409
4.5 0.0141612
4.51 0.0139832
4.52 0.013807
4.53 0.0136325
4.54 0.0134598
4.55 0.0132889
4.56 0.0131197
4.57 0.0129522
4.58 0.0127864
4.59 0.0126223
4.6 0.01246
4.61 0.0122992
4.62 0.0121402
4.63 0.0119828
4.64 0.0118271
4.65 0.011673
4.66 0.0115205
4.67 0.0113696
4.68 0.0112204
4.69 0.0110727
4.7 0.0109266
4.71 0.010782
4.72 0.0106391
4.73 0.0104976
4.74 0.0103577
4.75 0.0102193
4.76 0.0100825
4.77 0.00994709
4.78 0.0098132
4.79 0.00968079
4.8 0.00954985
4.81 0.00942036
4.82 0.00929232
4.83 0.00916571
4.84 0.00904051
4.85 0.00891673
4.86 0.00879435
4.87 0.00867335
4.88 0.00855374
4.89 0.00843548
4.9 0.00831859
4.91 0.00820303
4.92 0.00808881
4.93 0.00797591
4.94 0.00786432
4.95 0.00775402
4.96 0.00764502
4.97 0.0075373
4.98 0.00743084
4.99 0.00732564
5 0.00722168
5.01 0.00711896
5.02 0.00701746
5.03 0.00691718
5.04 0.0068181
5.05 0.0067202
5.06 0.0066235
5.07 0.00652796
5.08 0.00643358
5.09 0.00634035
5.1 0.00624826
5.11 0.0061573
5.12 0.00606746
5.13 0.00597872
5.14 0.00589109
5.15 0.00580454
5.16 0.00571907
5.17 0.00563466
5.18 0.00555132
5.19 0.00546902
5.2 0.00538776
5.21 0.00530752
5.22 0.0052283
5.23 0.00515009
5.24 0.00507288
5.25 0.00499665
5.26 0.0049214
5.27 0.00484713
5.28 0.0047738
5.29 0.00470143
5.3 0.00463
5.31 0.0045595
5.32 0.00448992
5.33 0.00442125
5.34 0.00435348
5.35 0.0042866
5.36 0.00422061
5.37 0.00415549
5.38 0.00409124
5.39 0.00402784
5.4 0.00396529
5.41 0.00390358
5.42 0.0038427
5.43 0.00378264
5.44 0.00372338
5.45 0.00366494
5.46 0.00360728
5.47 0.00355042
5.48 0.00349433
5.49 0.003439
5.5 0.00338444
5.51 0.00333063
5.52 0.00327756
5.53 0.00322523
5.54 0.00317363
5.55 0.00312274
5.56 0.00307257
5.57 0.00302309
5.58 0.00297432
5.59 0.00292623
5.6 0.00287881
5.61 0.00283207
5.62 0.002786
5.63 0.00274057
5.64 0.0026958
5.65 0.00265167
5.66 0.00260817
5.67 0.00256529
5.68 0.00252304
5.69 0.00248139
5.7 0.00244035
5.71 0.0023999
5.72 0.00236005
5.73 0.00232077
5.74 0.00228208
5.75 0.00224395
5.76 0.00220638
5.77 0.00216936
5.78 0.0021329
5.79 0.00209697
5.8 0.00206158
5.81 0.00202671
5.82 0.00199237
5.83 0.00195854
5.84 0.00192522
5.85 0.0018924
5.86 0.00186008
5.87 0.00182825
5.88 0.0017969
5.89 0.00176602
5.9 0.00173562
5.91 0.00170568
5.92 0.0016762
5.93 0.00164717
5.94 0.00161859
5.95 0.00159045
5.96 0.00156275
5.97 0.00153548
5.98 0.00150862
5.99 0.00148219
