-6 0.000510784
-5.99 0.000527525
-5.98 0.000544756
-5.97 0.000562491
-5.96 0.000580741
-5.95 0.000599519
-5.94 0.000618838
-5.93 0.000638712
-5.92 0.000659154
-5.91 0.000680177
-5.9 0.000701796
-5.89 0.000724026
-5.88 0.000746879
-5.87 0.000770372
-5.86 0.000794519
-5.85 0.000819335
-5.84 0.000844837
-5.83 0.000871039
-5.82 0.000897959
-5.81 0.000925611
-5.8 0.000954013
-5.79 0.000983183
-5.78 0.00101314
-5.77 0.00104389
-5.76 0.00107546
-5.75 0.00110787
-5.74 0.00114114
-5.73 0.00117527
-5.72 0.00121031
-5.71 0.00124625
-5.7 0.00128312
-5.69 0.00132094
-5.68 0.00135973
-5.67 0.00139952
-5.66 0.00144031
-5.65 0.00148213
-5.64 0.00152501
-5.63 0.00156895
-5.62 0.001614
-5.61 0.00166016
-5.6 0.00170745
-5.59 0.00175591
-5.58 0.00180555
-5.57 0.00185639
-5.56 0.00190847
-5.55 0.00196179
-5.54 0.00201639
-5.53 0.00207229
-5.52 0.00212951
-5.51 0.00218808
-5.5 0.00224802
-5.49 0.00230935
-5.48 0.0023721
-5.47 0.0024363
-5.46 0.00250197
-5.45 0.00256914
-5.44 0.00263783
-5.43 0.00270807
-5.42 0.00277988
-5.41 0.00285329
-5.4 0.00292832
-5.39 0.00300501
-5.38 0.00308338
-5.37 0.00316346
-5.36 0.00324527
-5.35 0.00332884
-5.34 0.00341419
-5.33 0.00350137
-5.32 0.00359038
-5.31 0.00368127
-5.3 0.00377405
-5.29 0.00386876
-5.28 0.00396543
-5.27 0.00406407
-5.26 0.00416473
-5.25 0.00426742
-5.24 0.00437218
-5.23 0.00447904
-5.22 0.00458802
-5.21 0.00469914
-5.2 0.00481245
-5.19 0.00492796
-5.18 0.00504571
-5.17 0.00516572
-5.16 0.00528801
-5.15 0.00541263
-5.14 0.0055396
-5.13 0.00566893
-5.12 0.00580067
-5.11 0.00593484
-5.1 0.00607146
-5.09 0.00621057
-5.08 0.00635218
-5.07 0.00649633
-5.06 0.00664305
-5.05 0.00679235
-5.04 0.00694427
-5.03 0.00709883
-5.02 0.00725606
-5.01 0.00741598
-5 0.00757861
-4.99 0.00774398
-4.98 0.00791212
-4.97 0.00808305
-4.96 0.00825679
-4.95 0.00843337
-4.94 0.0086128
-4.93 0.00879512
-4.92 0.00898033
-4.91 0.00916847
-4.9 0.00935955
-4.89 0.0095536
-4.88 0.00975062
-4.87 0.00995065
-4.86 0.0101537
-4.85 0.0103598
-4.84 0.0105689
-4.83 0.0107812
-4.82 0.0109965
-4.81 0.0112149
-4.8 0.0114364
-4.79 0.0116611
-4.78 0.0118889
-4.77 0.0121198
-4.76 0.012354
-4.75 0.0125913
-4.74 0.0128318
-4.73 0.0130755
-4.72 0.0133224
-4.71 0.0135725
-4.7 0.0138259
-4.69 0.0140825
-4.68 0.0143423
-4.67 0.0146053
-4.66 0.0148716
-4.65 0.0151411
-4.64 0.0154139
-4.63 0.0156899
-4.62 0.0159692
-4.61 0.0162516
-4.6 0.0165374
-4.59 0.0168263
-4.58 0.0171185
-4.57 0.0174139
-4.56 0.0177124
-4.55 0.0180142
-4.54 0.0183192
-4.53 0.0186274
-4.52 0.0189387
-4.51 0.0192532
-4.5 0.0195708
-4.49 0.0198915
-4.48 0.0202153
-4.47 0.0205422
-4.46 0.0208722
-4.45 0.0212052
-4.44 0.0215412
-4.43 0.0218802
-4.42 0.0222222
-4.41 0.0225671
-4.4 0.022915
-4.39 0.0232657
-4.38 0.0236192
-4.37 0.0239756
-4.36 0.0243347
-4.35 0.0246966
-4.34 0.0250613
-4.33 0.0254285
-4.32 0.0257985
-4.31 0.026171
-4.3 0.026546
-4.29 0.0269236
-4.28 0.0273036
-4.27 0.027686
-4.26 0.0280708
-4.25 0.0284579
-4.24 0.0288473
-4.23 0.0292388
-4.22 0.0296326
-4.21 0.0300284
-4.2 0.0304263
-4.19 0.0308261
-4.18 0.0312279
-4.17 0.0316315
-4.16 0.032037
-4.15 0.0324442
-4.14 0.032853
-4.13 0.0332635
-4.12 0.0336755
-4.11 0.034089
-4.1 0.0345038
-4.09 0.03492
-4.08 0.0353374
-4.07 0.0357561
-4.06 0.0361758
-4.05 0.0365965
-4.04 0.0370182
-4.03 0.0374408
-4.02 0.0378641
-4.01 0.0382882
-4 0.0387128
-3.99 0.039138
-3.98 0.0395637
-3.97 0.0399897
-3.96 0.040416
-3.95 0.0408425
-3.94 0.0412691
-3.93 0.0416957
-3.92 0.0421222
-3.91 0.0425485
-3.9 0.0429746
-3.89 0.0434003
-3.88 0.0438256
-3.87 0.0442503
-3.86 0.0446743
-3.85 0.0450976
-3.84 0.0455201
-3.83 0.0459416
-3.82 0.0463621
-3.81 0.0467815
-3.8 0.0471996
-3.79 0.0476164
-3.78 0.0480317
-3.77 0.0484455
-3.76 0.0488576
-3.75 0.049268
-3.74 0.0496766
-3.73 0.0500832
-3.72 0.0504877
-3.71 0.0508901
-3.7 0.0512902
-3.69 0.051688
-3.68 0.0520833
-3.67 0.052476
-3.66 0.052866
-3.65 0.0532533
-3.64 0.0536377
-3.63 0.0540191
-3.62 0.0543974
-3.61 0.0547725
-3.6 0.0551443
-3.59 0.0555128
-3.58 0.0558777
-3.57 0.0562391
-3.56 0.0565967
-3.55 0.0569506
-3.54 0.0573006
-3.53 0.0576466
-3.52 0.0579884
-3.51 0.0583261
-3.5 0.0586596
-3.49 0.0589886
-3.48 0.0593132
-3.47 0.0596332
-3.46 0.0599485
-3.45 0.0602591
-3.44 0.0605648
-3.43 0.0608657
-3.42 0.0611615
-3.41 0.0614521
-3.4 0.0617376
-3.39 0.0620179
-3.38 0.0622927
-3.37 0.0625622
-3.36 0.0628261
-3.35 0.0630844
-3.34 0.063337
-3.33 0.0635839
-3.32 0.0638249
-3.31 0.0640601
-3.3 0.0642893
-3.29 0.0645124
-3.28 0.0647294
-3.27 0.0649403
-3.26 0.0651449
-3.25 0.0653433
-3.24 0.0655353
-3.23 0.0657208
-3.22 0.0658999
-3.21 0.0660725
-3.2 0.0662385
-3.19 0.0663979
-3.18 0.0665506
-3.17 0.0666966
-3.16 0.0668359
-3.15 0.0669683
-3.14 0.0670939
-3.13 0.0672126
-3.12 0.0673245
-3.11 0.0674293
-3.1 0.0675273
-3.09 0.0676182
-3.08 0.0677021
-3.07 0.067779
-3.06 0.0678488
-3.05 0.0679115
-3.04 0.0679671
-3.03 0.0680157
-3.02 0.0680571
-3.01 0.0680914
-3 0.0681186
-2.99 0.0681387
-2.98 0.0681516
-2.97 0.0681575
-2.96 0.0681562
-2.95 0.0681478
-2.94 0.0681324
-2.93 0.0681099
-2.92 0.0680803
-2.91 0.0680437
-2.9 0.0680001
-2.89 0.0679495
-2.88 0.067892
-2.87 0.0678275
-2.86 0.0677562
-2.85 0.067678
-2.84 0.067593
-2.83 0.0675013
-2.82 0.0674028
-2.81 0.0672977
-2.8 0.067186
-2.79 0.0670677
-2.78 0.0669429
-2.77 0.0668117
-2.76 0.0666741
-2.75 0.0665303
-2.74 0.0663802
-2.73 0.0662239
-2.72 0.0660616
-2.71 0.0658932
-2.7 0.065719
-2.69 0.0655389
-2.68 0.0653531
-2.67 0.0651616
-2.66 0.0649646
-2.65 0.0647622
-2.64 0.0645544
-2.63 0.0643413
-2.62 0.0641231
-2.61 0.0638999
-2.6 0.0636718
-2.59 0.0634389
-2.58 0.0632013
-2.57 0.0629592
-2.56 0.0627127
-2.55 0.0624619
-2.54 0.062207
-2.53 0.061948
-2.52 0.0616852
-2.51 0.0614186
-2.5 0.0611485
-2.49 0.060875
-2.48 0.0605982
-2.47 0.0603183
-2.46 0.0600354
-2.45 0.0597498
-2.44 0.0594616
-2.43 0.0591709
-2.42 0.058878
-2.41 0.058583
-2.4 0.0582861
-2.39 0.0579876
-2.38 0.0576875
-2.37 0.0573861
-2.36 0.0570836
-2.35 0.0567802
-2.34 0.0564761
-2.33 0.0561715
-2.32 0.0558667
-2.31 0.0555618
-2.3 0.055257
-2.29 0.0549527
-2.28 0.054649
-2.27 0.0543462
-2.26 0.0540445
-2.25 0.0537442
-2.24 0.0534454
-2.23 0.0531486
-2.22 0.0528538
-2.21 0.0525614
-2.2 0.0522717
-2.19 0.0519849
-2.18 0.0517013
-2.17 0.0514212
-2.16 0.0511448
-2.15 0.0508725
-2.14 0.0506046
-2.13 0.0503412
-2.12 0.0500829
-2.11 0.0498298
-2.1 0.0495822
-2.09 0.0493406
-2.08 0.0491052
-2.07 0.0488763
-2.06 0.0486543
-2.05 0.0484394
-2.04 0.0482322
-2.03 0.0480328
-2.02 0.0478417
-2.01 0.0476592
-2 0.0474856
-1.99 0.0473214
-1.98 0.0471669
-1.97 0.0470224
-1.96 0.0468884
-1.95 0.0467652
-1.94 0.0466533
-1.93 0.046553
-1.92 0.0464647
-1.91 0.0463888
-1.9 0.0463257
-1.89 0.0462759
-1.88 0.0462397
-1.87 0.0462176
-1.86 0.04621
-1.85 0.0462173
-1.84 0.0462399
-1.83 0.0462784
-1.82 0.046333
-1.81 0.0464043
-1.8 0.0464927
-1.79 0.0465987
-1.78 0.0467226
-1.77 0.046865
-1.76 0.0470264
-1.75 0.0472071
-1.74 0.0474076
-1.73 0.0476284
-1.72 0.04787
-1.71 0.0481328
-1.7 0.0484172
-1.69 0.0487239
-1.68 0.0490531
-1.67 0.0494055
-1.66 0.0497814
-1.65 0.0501813
-1.64 0.0506058
-1.63 0.0510552
-1.62 0.05153
-1.61 0.0520308
-1.6 0.0525579
-1.59 0.0531118
-1.58 0.0536931
-1.57 0.054302
-1.56 0.0549392
-1.55 0.055605
-1.54 0.0563
-1.53 0.0570244
-1.52 0.0577788
-1.51 0.0585636
-1.5 0.0593793
-1.49 0.0602262
-1.48 0.0611048
-1.47 0.0620154
-1.46 0.0629585
-1.45 0.0639344
-1.44 0.0649436
-1.43 0.0659864
-1.42 0.0670631
-1.41 0.0681742
-1.4 0.0693199
-1.39 0.0705006
-1.38 0.0717167
-1.37 0.0729683
-1.36 0.0742558
-1.35 0.0755796
-1.34 0.0769397
-1.33 0.0783366
-1.32 0.0797704
-1.31 0.0812414
-1.3 0.0827497
-1.29 0.0842955
-1.28 0.0858791
-1.27 0.0875005
-1.26 0.0891599
-1.25 0.0908574
-1.24 0.0925931
-1.23 0.0943671
-1.22 0.0961793
-1.21 0.09803
-1.2 0.099919
-1.19 0.101846
-1.18 0.103812
-1.17 0.105816
-1.16 0.107858
-1.15 0.109938
-1.14 0.112056
-1.13 0.114212
-1.12 0.116405
-1.11 0.118636
-1.1 0.120904
-1.09 0.123208
-1.08 0.12555
-1.07 0.127927
-1.06 0.130341
-1.05 0.13279
-1.04 0.135274
-1.03 0.137792
-1.02 0.140345
-1.01 0.142932
-1 0.145552
-0.99 0.148205
-0.98 0.150889
-0.97 0.153605
-0.96 0.156352
-0.95 0.159129
-0.94 0.161936
-0.93 0.164771
-0.92 0.167634
-0.91 0.170524
-0.9 0.173441
-0.89 0.176383
-0.88 0.17935
-0.87 0.18234
-0.86 0.185353
-0.85 0.188388
-0.84 0.191444
-0.83 0.194519
-0.82 0.197613
-0.81 0.200724
-0.8 0.203852
-0.79 0.206995
-0.78 0.210153
-0.77 0.213323
-0.76 0.216505
-0.75 0.219698
-0.74 0.2229
-0.73 0.226109
-0.72 0.229326
-0.71 0.232547
-0.7 0.235773
-0.69 0.239001
-0.68 0.24223
-0.67 0.245459
-0.66 0.248686
-0.65 0.25191
-0.64 0.255129
-0.63 0.258342
-0.62 0.261548
-0.61 0.264744
-0.6 0.26793
-0.59 0.271103
-0.58 0.274263
-0.57 0.277408
-0.56 0.280535
-0.55 0.283644
-0.54 0.286733
-0.53 0.289801
-0.52 0.292845
-0.51 0.295865
-0.5 0.298858
-0.49 0.301824
-0.48 0.30476
-0.47 0.307665
-0.46 0.310537
-0.45 0.313375
-0.44 0.316177
-0.43 0.318942
-0.42 0.321668
-0.41 0.324354
-0.4 0.326998
-0.39 0.329599
-0.38 0.332155
-0.37 0.334665
-0.36 0.337127
-0.35 0.33954
-0.34 0.341902
-0.33 0.344212
-0.32 0.346469
-0.31 0.348672
-0.3 0.350818
-0.29 0.352908
-0.28 0.354939
-0.27 0.35691
-0.26 0.358821
-0.25 0.360669
-0.24 0.362455
-0.23 0.364176
-0.22 0.365832
-0.21 0.367422
-0.2 0.368945
-0.19 0.370399
-0.18 0.371784
-0.17 0.3731
-0.16 0.374345
-0.15 0.375518
-0.14 0.376619
-0.13 0.377647
-0.12 0.378602
-0.11 0.379482
-0.1 0.380288
-0.09 0.381019
-0.08 0.381674
-0.07 0.382253
-0.06 0.382755
-0.05 0.383181
-0.04 0.383529
-0.03 0.383801
-0.02 0.383995
-0.01 0.384111
0 0.38415
0.01 0.384111
0.02 0.383995
0.03 0.383801
0.04 0.383529
0.05 0.383181
0.06 0.382755
0.07 0.382253
0.08 0.381674
0.09 0.381019
0.1 0.380288
0.11 0.379482
0.12 0.378602
0.13 0.377647
0.14 0.376619
0.15 0.375518
0.16 0.374345
0.17 0.3731
0.18 0.371784
0.19 0.370399
0.2 0.368945
0.21 0.367422
0.22 0.365832
0.23 0.364176
0.24 0.362455
0.25 0.360669
0.26 0.358821
0.27 0.35691
0.28 0.354939
0.29 0.352908
0.3 0.350818
0.31 0.348672
0.32 0.346469
0.33 0.344212
0.34 0.341902
0.35 0.33954
0.36 0.337127
0.37 0.334665
0.38 0.332155
0.39 0.329599
0.4 0.326998
0.41 0.324354
0.42 0.321668
0.43 0.318942
0.44 0.316177
0.45 0.313375
0.46 0.310537
0.47 0.307665
0.48 0.30476
0.49 0.301824
0.5 0.298858
0.51 0.295865
0.52 0.292845
0.53 0.289801
0.54 0.286733
0.55 0.283644
0.56 0.280535
0.57 0.277408
0.58 0.274263
0.59 0.271103
0.6 0.26793
0.61 0.264744
0.62 0.261548
0.63 0.258342
0.64 0.255129
0.65 0.25191
0.66 0.248686
0.67 0.245459
0.68 0.24223
0.69 0.239001
0.7 0.235773
0.71 0.232547
0.72 0.229326
0.73 0.226109
0.74 0.2229
0.75 0.219698
0.76 0.216505
0.77 0.213323
0.78 0.210153
0.79 0.206995
0.8 0.203852
0.81 0.200724
0.82 0.197613
0.83 0.194519
0.84 0.191444
0.85 0.188388
0.86 0.185353
0.87 0.18234
0.88 0.17935
0.89 0.176383
0.9 0.173441
0.91 0.170524
0.92 0.167634
0.93 0.164771
0.94 0.161936
0.95 0.159129
0.96 0.156352
0.97 0.153605
0.98 0.150889
0.99 0.148205
1 0.145552
1.01 0.142932
1.02 0.140345
1.03 0.137792
1.04 0.135274
1.05 0.13279
1.06 0.130341
1.07 0.127927
1.08 0.12555
1.09 0.123208
1.1 0.120904
1.11 0.118636
1.12 0.116405
1.13 0.114212
1.14 0.112056
1.15 0.109938
1.16 0.107858
1.17 0.105816
1.18 0.103812
1.19 0.101846
1.2 0.099919
1.21 0.09803
1.22 0.0961793
1.23 0.0943671
1.24 0.0925931
1.25 0.0908574
1.26 0.0891599
1.27 0.0875005
1.28 0.0858791
1.29 0.0842955
1.3 0.0827497
1.31 0.0812414
1.32 0.0797704
1.33 0.0783366
1.34 0.0769397
1.35 0.0755796
1.36 0.0742558
1.37 0.0729683
1.38 0.0717167
1.39 0.0705006
1.4 0.0693199
1.41 0.0681742
1.42 0.0670631
1.43 0.0659864
1.44 0.0649436
1.45 0.0639344
1.46 0.0629585
1.47 0.0620154
1.48 0.0611048
1.49 0.0602262
1.5 0.0593793
1.51 0.0585636
1.52 0.0577788
1.53 0.0570244
1.54 0.0563
1.55 0.055605
1.56 0.0549392
1.57 0.054302
1.58 0.0536931
1.59 0.0531118
1.6 0.0525579
1.61 0.0520308
1.62 0.05153
1.63 0.0510552
1.64 0.0506058
1.65 0.0501813
1.66 0.0497814
1.67 0.0494055
1.68 0.0490531
1.69 0.0487239
1.7 0.0484172
1.71 0.0481328
1.72 0.04787
1.73 0.0476284
1.74 0.0474076
1.75 0.0472071
1.76 0.0470264
1.77 0.046865
1.78 0.0467226
1.79 0.0465987
1.8 0.0464927
1.81 0.0464043
1.82 0.046333
1.83 0.0462784
1.84 0.0462399
1.85 0.0462173
1.86 0.04621
1.87 0.0462176
1.88 0.0462397
1.89 0.0462759
1.9 0.0463257
1.91 0.0463888
1.92 0.0464647
1.93 0.046553
1.94 0.0466533
1.95 0.0467652
1.96 0.0468884
1.97 0.0470224
1.98 0.0471669
1.99 0.0473214
2 0.0474856
2.01 0.0476592
2.02 0.0478417
2.03 0.0480328
2.04 0.0482322
2.05 0.0484394
2.06 0.0486543
2.07 0.0488763
2.08 0.0491052
2.09 0.0493406
2.1 0.0495822
2.11 0.0498298
2.12 0.0500829
2.13 0.0503412
2.14 0.0506046
2.15 0.0508725
2.16 0.0511448
2.17 0.0514212
2.18 0.0517013
2.19 0.0519849
2.2 0.0522717
2.21 0.0525614
2.22 0.0528538
2.23 0.0531486
2.24 0.0534454
2.25 0.0537442
2.26 0.0540445
2.27 0.0543462
2.28 0.054649
2.29 0.0549527
2.3 0.055257
2.31 0.0555618
2.32 0.0558667
2.33 0.0561715
2.34 0.0564761
2.35 0.0567802
2.36 0.0570836
2.37 0.0573861
2.38 0.0576875
2.39 0.0579876
2.4 0.0582861
2.41 0.058583
2.42 0.058878
2.43 0.0591709
2.44 0.0594616
2.45 0.0597498
2.46 0.0600354
2.47 0.0603183
2.48 0.0605982
2.49 0.060875
2.5 0.0611485
2.51 0.0614186
2.52 0.0616852
2.53 0.061948
2.54 0.062207
2.55 0.0624619
2.56 0.0627127
2.57 0.0629592
2.58 0.0632013
2.59 0.0634389
2.6 0.0636718
2.61 0.0638999
2.62 0.0641231
2.63 0.0643413
2.64 0.0645544
2.65 0.0647622
2.66 0.0649646
2.67 0.0651616
2.68 0.0653531
2.69 0.0655389
2.7 0.065719
2.71 0.0658932
2.72 0.0660616
2.73 0.0662239
2.74 0.0663802
2.75 0.0665303
2.76 0.0666741
2.77 0.0668117
2.78 0.0669429
2.79 0.0670677
2.8 0.067186
2.81 0.0672977
2.82 0.0674028
2.83 0.0675013
2.84 0.067593
2.85 0.067678
2.86 0.0677562
2.87 0.0678275
2.88 0.067892
2.89 0.0679495
2.9 0.0680001
2.91 0.0680437
2.92 0.0680803
2.93 0.0681099
2.94 0.0681324
2.95 0.0681478
2.96 0.0681562
2.97 0.0681575
2.98 0.0681516
2.99 0.0681387
3 0.0681186
3.01 0.0680914
3.02 0.0680571
3.03 0.0680157
3.04 0.0679671
3.05 0.0679115
3.06 0.0678488
3.07 0.067779
3.08 0.0677021
3.09 0.0676182
3.1 0.0675273
3.11 0.0674293
3.12 0.0673245
3.13 0.0672126
3.14 0.0670939
3.15 0.0669683
3.16 0.0668359
3.17 0.0666966
3.18 0.0665506
3.19 0.0663979
3.2 0.0662385
3.21 0.0660725
3.22 0.0658999
3.23 0.0657208
3.24 0.0655353
3.25 0.0653433
3.26 0.0651449
3.27 0.0649403
3.28 0.0647294
3.29 0.0645124
3.3 0.0642893
3.31 0.0640601
3.32 0.0638249
3.33 0.0635839
3.34 0.063337
3.35 0.0630844
3.36 0.0628261
3.37 0.0625622
3.38 0.0622927
3.39 0.0620179
3.4 0.0617376
3.41 0.0614521
3.42 0.0611615
3.43 0.0608657
3.44 0.0605648
3.45 0.0602591
3.46 0.0599485
3.47 0.0596332
3.48 0.0593132
3.49 0.0589886
3.5 0.0586596
3.51 0.0583261
3.52 0.0579884
3.53 0.0576466
3.54 0.0573006
3.55 0.0569506
3.56 0.0565967
3.57 0.0562391
3.58 0.0558777
3.59 0.0555128
3.6 0.0551443
3.61 0.0547725
3.62 0.0543974
3.63 0.0540191
3.64 0.0536377
3.65 0.0532533
3.66 0.052866
3.67 0.052476
3.68 0.0520833
3.69 0.051688
3.7 0.0512902
3.71 0.0508901
3.72 0.0504877
3.73 0.0500832
3.74 0.0496766
3.75 0.049268
3.76 0.0488576
3.77 0.0484455
3.78 0.0480317
3.79 0.0476164
3.8 0.0471996
3.81 0.0467815
3.82 0.0463621
3.83 0.0459416
3.84 0.0455201
3.85 0.0450976
3.86 0.0446743
3.87 0.0442503
3.88 0.0438256
3.89 0.0434003
3.9 0.0429746
3.91 0.0425485
3.92 0.0421222
3.93 0.0416957
3.94 0.0412691
3.95 0.0408425
3.96 0.040416
3.97 0.0399897
3.98 0.0395637
3.99 0.039138
4 0.0387128
4.01 0.0382882
4.02 0.0378641
4.03 0.0374408
4.04 0.0370182
4.05 0.0365965
4.06 0.0361758
4.07 0.0357561
4.08 0.0353374
4.09 0.03492
4.1 0.0345038
4.11 0.034089
4.12 0.0336755
4.13 0.0332635
4.14 0.032853
4.15 0.0324442
4.16 0.032037
4.17 0.0316315
4.18 0.0312279
4.19 0.0308261
4.2 0.0304263
4.21 0.0300284
4.22 0.0296326
4.23 0.0292388
4.24 0.0288473
4.25 0.0284579
4.26 0.0280708
4.27 0.027686
4.28 0.0273036
4.29 0.0269236
4.3 0.026546
4.31 0.026171
4.32 0.0257985
4.33 0.0254285
4.34 0.0250613
4.35 0.0246966
4.36 0.0243347
4.37 0.0239756
4.38 0.0236192
4.39 0.0232657
4.4 0.022915
4.41 0.0225671
4.42 0.0222222
4.43 0.0218802
4.44 0.0215412
4.45 0.0212052
4.46 0.0208722
4.47 0.0205422
4.48 0.0202153
4.49 0.0198915
4.5 0.0195708
4.51 0.0192532
4.52 0.0189387
4.53 0.0186274
4.54 0.0183192
4.55 0.0180142
4.56 0.0177124
4.57 0.0174139
4.58 0.0171185
4.59 0.0168263
4.6 0.0165374
4.61 0.0162516
4.62 0.0159692
4.63 0.0156899
4.64 0.0154139
4.65 0.0151411
4.66 0.0148716
4.67 0.0146053
4.68 0.0143423
4.69 0.0140825
4.7 0.0138259
4.71 0.0135725
4.72 0.0133224
4.73 0.0130755
4.74 0.0128318
4.75 0.0125913
4.76 0.012354
4.77 0.0121198
4.78 0.0118889
4.79 0.0116611
4.8 0.0114364
4.81 0.0112149
4.82 0.0109965
4.83 0.0107812
4.84 0.0105689
4.85 0.0103598
4.86 0.0101537
4.87 0.00995065
4.88 0.00975062
4.89 0.0095536
4.9 0.00935955
4.91 0.00916847
4.92 0.00898033
4.93 0.00879512
4.94 0.0086128
4.95 0.00843337
4.96 0.00825679
4.97 0.00808305
4.98 0.00791212
4.99 0.00774398
5 0.00757861
5.01 0.00741598
5.02 0.00725606
5.03 0.00709883
5.04 0.00694427
5.05 0.00679235
5.06 0.00664305
5.07 0.00649633
5.08 0.00635218
5.09 0.00621057
5.1 0.00607146
5.11 0.00593484
5.12 0.00580067
5.13 0.00566893
5.14 0.0055396
5.15 0.00541263
5.16 0.00528801
5.17 0.00516572
5.18 0.00504571
5.19 0.00492796
5.2 0.00481245
5.21 0.00469914
5.22 0.00458802
5.23 0.00447904
5.24 0.00437218
5.25 0.00426742
5.26 0.00416473
5.27 0.00406407
5.28 0.00396543
5.29 0.00386876
5.3 0.00377405
5.31 0.00368127
5.32 0.00359038
5.33 0.00350137
5.34 0.00341419
5.35 0.00332884
5.36 0.00324527
5.37 0.00316346
5.38 0.00308338
5.39 0.00300501
5.4 0.00292832
5.41 0.00285329
5.42 0.00277988
5.43 0.00270807
5.44 0.00263783
5.45 0.00256914
5.46 0.00250197
5.47 0.0024363
5.48 0.0023721
5.49 0.00230935
5.5 0.00224802
5.51 0.00218808
5.52 0.00212951
5.53 0.00207229
5.54 0.00201639
5.55 0.00196179
5.56 0.00190847
5.57 0.00185639
5.58 0.00180555
5.59 0.00175591
5.6 0.00170745
5.61 0.00166016
5.62 0.001614
5.63 0.00156895
5.64 0.00152501
5.65 0.00148213
5.66 0.00144031
5.67 0.00139952
5.68 0.00135973
5.69 0.00132094
5.7 0.00128312
5.71 0.00124625
5.72 0.00121031
5.73 0.00117527
5.74 0.00114114
5.75 0.00110787
5.76 0.00107546
5.77 0.00104389
5.78 0.00101314
5.79 0.000983183
5.8 0.000954013
5.81 0.000925611
5.82 0.000897959
5.83 0.000871039
5.84 0.000844837
5.85 0.000819335
5.86 0.000794519
5.87 0.000770372
5.88 0.000746879
5.89 0.000724026
5.9 0.000701796
5.91 0.000680177
5.92 0.000659154
5.93 0.000638712
5.94 0.000618838
5.95 0.000599519
5.96 0.000580741
5.97 0.000562491
5.98 0.000544756
5.99 0.000527525
