-6 0.0088641
-5.99 0.00896777
-5.98 0.00907241
-5.97 0.00917802
-5.96 0.0092846
-5.95 0.00939218
-5.94 0.00950074
-5.93 0.0096103
-5.92 0.00972086
-5.91 0.00983242
-5.9 0.009945
-5.89 0.0100586
-5.88 0.0101732
-5.87 0.0102889
-5.86 0.0104055
-5.85 0.0105233
-5.84 0.010642
-5.83 0.0107618
-5.82 0.0108827
-5.81 0.0110046
-5.8 0.0111276
-5.79 0.0112517
-5.78 0.0113769
-5.77 0.0115031
-5.76 0.0116304
-5.75 0.0117588
-5.74 0.0118883
-5.73 0.0120189
-5.72 0.0121506
-5.71 0.0122835
-5.7 0.0124174
-5.69 0.0125525
-5.68 0.0126887
-5.67 0.012826
-5.66 0.0129645
-5.65 0.0131041
-5.64 0.0132448
-5.63 0.0133867
-5.62 0.0135298
-5.61 0.013674
-5.6 0.0138194
-5.59 0.013966
-5.58 0.0141137
-5.57 0.0142626
-5.56 0.0144127
-5.55 0.014564
-5.54 0.0147165
-5.53 0.0148701
-5.52 0.015025
-5.51 0.0151811
-5.5 0.0153384
-5.49 0.0154969
-5.48 0.0156566
-5.47 0.0158176
-5.46 0.0159797
-5.45 0.0161432
-5.44 0.0163078
-5.43 0.0164737
-5.42 0.0166408
-5.41 0.0168091
-5.4 0.0169787
-5.39 0.0171496
-5.38 0.0173217
-5.37 0.0174951
-5.36 0.0176697
-5.35 0.0178456
-5.34 0.0180228
-5.33 0.0182012
-5.32 0.018381
-5.31 0.0185619
-5.3 0.0187442
-5.29 0.0189278
-5.28 0.0191126
-5.27 0.0192988
-5.26 0.0194862
-5.25 0.0196749
-5.24 0.0198649
-5.23 0.0200562
-5.22 0.0202489
-5.21 0.0204428
-5.2 0.020638
-5.19 0.0208346
-5.18 0.0210324
-5.17 0.0212316
-5.16 0.0214321
-5.15 0.0216338
-5.14 0.021837
-5.13 0.0220414
-5.12 0.0222471
-5.11 0.0224542
-5.1 0.0226626
-5.09 0.0228723
-5.08 0.0230834
-5.07 0.0232958
-5.06 0.0235095
-5.05 0.0237245
-5.04 0.0239409
-5.03 0.0241586
-5.02 0.0243776
-5.01 0.024598
-5 0.0248196
-4.99 0.0250427
-4.98 0.025267
-4.97 0.0254927
-4.96 0.0257198
-4.95 0.0259481
-4.94 0.0261778
-4.93 0.0264088
-4.92 0.0266412
-4.91 0.0268749
-4.9 0.0271099
-4.89 0.0273463
-4.88 0.0275839
-4.87 0.027823
-4.86 0.0280633
-4.85 0.028305
-4.84 0.028548
-4.83 0.0287923
-4.82 0.0290379
-4.81 0.0292849
-4.8 0.0295332
-4.79 0.0297828
-4.78 0.0300337
-4.77 0.030286
-4.76 0.0305395
-4.75 0.0307944
-4.74 0.0310506
-4.73 0.031308
-4.72 0.0315668
-4.71 0.0318269
-4.7 0.0320883
-4.69 0.032351
-4.68 0.0326149
-4.67 0.0328802
-4.66 0.0331467
-4.65 0.0334146
-4.64 0.0336837
-4.63 0.0339541
-4.62 0.0342257
-4.61 0.0344986
-4.6 0.0347728
-4.59 0.0350483
-4.58 0.035325
-4.57 0.035603
-4.56 0.0358822
-4.55 0.0361626
-4.54 0.0364443
-4.53 0.0367272
-4.52 0.0370114
-4.51 0.0372967
-4.5 0.0375833
-4.49 0.0378711
-4.48 0.0381602
-4.47 0.0384504
-4.46 0.0387418
-4.45 0.0390344
-4.44 0.0393282
-4.43 0.0396232
-4.42 0.0399193
-4.41 0.0402166
-4.4 0.0405151
-4.39 0.0408147
-4.38 0.0411155
-4.37 0.0414174
-4.36 0.0417205
-4.35 0.0420247
-4.34 0.04233
-4.33 0.0426364
-4.32 0.0429439
-4.31 0.0432525
-4.3 0.0435622
-4.29 0.043873
-4.28 0.0441849
-4.27 0.0444978
-4.26 0.0448118
-4.25 0.0451269
-4.24 0.045443
-4.23 0.0457601
-4.22 0.0460782
-4.21 0.0463974
-4.2 0.0467176
-4.19 0.0470388
-4.18 0.0473609
-4.17 0.0476841
-4.16 0.0480082
-4.15 0.0483333
-4.14 0.0486593
-4.13 0.0489863
-4.12 0.0493142
-4.11 0.049643
-4.1 0.0499728
-4.09 0.0503035
-4.08 0.050635
-4.07 0.0509674
-4.06 0.0513008
-4.05 0.0516349
-4.04 0.05197
-4.03 0.0523058
-4.02 0.0526425
-4.01 0.05298
-4 0.0533184
-3.99 0.0536575
-3.98 0.0539974
-3.97 0.0543381
-3.96 0.0546795
-3.95 0.0550217
-3.94 0.0553647
-3.93 0.0557084
-3.92 0.0560527
-3.91 0.0563978
-3.9 0.0567436
-3.89 0.0570901
-3.88 0.0574372
-3.87 0.057785
-3.86 0.0581335
-3.85 0.0584825
-3.84 0.0588322
-3.83 0.0591825
-3.82 0.0595334
-3.81 0.0598848
-3.8 0.0602369
-3.79 0.0605895
-3.78 0.0609426
-3.77 0.0612962
-3.76 0.0616504
-3.75 0.0620051
-3.74 0.0623602
-3.73 0.0627158
-3.72 0.0630719
-3.71 0.0634285
-3.7 0.0637854
-3.69 0.0641428
-3.68 0.0645006
-3.67 0.0648588
-3.66 0.0652173
-3.65 0.0655763
-3.64 0.0659355
-3.63 0.0662951
-3.62 0.066655
-3.61 0.0670153
-3.6 0.0673758
-3.59 0.0677366
-3.58 0.0680976
-3.57 0.0684589
-3.56 0.0688204
-3.55 0.0691822
-3.54 0.0695441
-3.53 0.0699063
-3.52 0.0702686
-3.51 0.070631
-3.5 0.0709936
-3.49 0.0713564
-3.48 0.0717192
-3.47 0.0720822
-3.46 0.0724452
-3.45 0.0728083
-3.44 0.0731714
-3.43 0.0735346
-3.42 0.0738978
-3.41 0.074261
-3.4 0.0746242
-3.39 0.0749874
-3.38 0.0753505
-3.37 0.0757136
-3.36 0.0760766
-3.35 0.0764395
-3.34 0.0768023
-3.33 0.077165
-3.32 0.0775276
-3.31 0.07789
-3.3 0.0782522
-3.29 0.0786143
-3.28 0.0789761
-3.27 0.0793378
-3.26 0.0796992
-3.25 0.0800604
-3.24 0.0804214
-3.23 0.080782
-3.22 0.0811424
-3.21 0.0815025
-3.2 0.0818622
-3.19 0.0822216
-3.18 0.0825807
-3.17 0.0829394
-3.16 0.0832977
-3.15 0.0836556
-3.14 0.0840131
-3.13 0.0843701
-3.12 0.0847268
-3.11 0.0850829
-3.1 0.0854386
-3.09 0.0857938
-3.08 0.0861485
-3.07 0.0865027
-3.06 0.0868563
-3.05 0.0872094
-3.04 0.087562
-3.03 0.0879139
-3.02 0.0882653
-3.01 0.088616
-3 0.0889661
-2.99 0.0893156
-2.98 0.0896644
-2.97 0.0900125
-2.96 0.09036
-2.95 0.0907068
-2.94 0.0910528
-2.93 0.0913981
-2.92 0.0917427
-2.91 0.0920865
-2.9 0.0924296
-2.89 0.0927718
-2.88 0.0931133
-2.87 0.0934539
-2.86 0.0937937
-2.85 0.0941327
-2.84 0.0944708
-2.83 0.0948081
-2.82 0.0951444
-2.81 0.0954799
-2.8 0.0958145
-2.79 0.0961481
-2.78 0.0964808
-2.77 0.0968125
-2.76 0.0971433
-2.75 0.0974731
-2.74 0.0978019
-2.73 0.0981297
-2.72 0.0984565
-2.71 0.0987823
-2.7 0.099107
-2.69 0.0994307
-2.68 0.0997533
-2.67 0.100075
-2.66 0.100395
-2.65 0.100715
-2.64 0.101033
-2.63 0.10135
-2.62 0.101666
-2.61 0.101981
-2.6 0.102294
-2.59 0.102607
-2.58 0.102918
-2.57 0.103228
-2.56 0.103537
-2.55 0.103845
-2.54 0.104151
-2.53 0.104456
-2.52 0.10476
-2.51 0.105063
-2.5 0.105364
-2.49 0.105665
-2.48 0.105964
-2.47 0.106261
-2.46 0.106557
-2.45 0.106852
-2.44 0.107146
-2.43 0.107438
-2.42 0.107729
-2.41 0.108019
-2.4 0.108307
-2.39 0.108594
-2.38 0.108879
-2.37 0.109163
-2.36 0.109446
-2.35 0.109727
-2.34 0.110007
-2.33 0.110286
-2.32 0.110563
-2.31 0.110838
-2.3 0.111112
-2.29 0.111385
-2.28 0.111656
-2.27 0.111926
-2.26 0.112194
-2.25 0.112461
-2.24 0.112727
-2.23 0.112991
-2.22 0.113253
-2.21 0.113514
-2.2 0.113773
-2.19 0.114031
-2.18 0.114287
-2.17 0.114542
-2.16 0.114795
-2.15 0.115047
-2.14 0.115297
-2.13 0.115546
-2.12 0.115793
-2.11 0.116039
-2.1 0.116283
-2.09 0.116525
-2.08 0.116766
-2.07 0.117006
-2.06 0.117243
-2.05 0.117479
-2.04 0.117714
-2.03 0.117947
-2.02 0.118179
-2.01 0.118409
-2 0.118637
-1.99 0.118864
-1.98 0.119089
-1.97 0.119312
-1.96 0.119534
-1.95 0.119754
-1.94 0.119973
-1.93 0.12019
-1.92 0.120406
-1.91 0.12062
-1.9 0.120832
-1.89 0.121043
-1.88 0.121252
-1.87 0.12146
-1.86 0.121665
-1.85 0.12187
-1.84 0.122073
-1.83 0.122274
-1.82 0.122473
-1.81 0.122671
-1.8 0.122867
-1.79 0.123062
-1.78 0.123255
-1.77 0.123447
-1.76 0.123637
-1.75 0.123825
-1.74 0.124012
-1.73 0.124197
-1.72 0.124381
-1.71 0.124563
-1.7 0.124743
-1.69 0.124922
-1.68 0.125099
-1.67 0.125275
-1.66 0.125449
-1.65 0.125621
-1.64 0.125792
-1.63 0.125961
-1.62 0.126129
-1.61 0.126296
-1.6 0.12646
-1.59 0.126623
-1.58 0.126785
-1.57 0.126945
-1.56 0.127103
-1.55 0.12726
-1.54 0.127416
-1.53 0.12757
-1.52 0.127722
-1.51 0.127873
-1.5 0.128022
-1.49 0.12817
-1.48 0.128317
-1.47 0.128462
-1.46 0.128605
-1.45 0.128747
-1.44 0.128887
-1.43 0.129026
-1.42 0.129164
-1.41 0.1293
-1.4 0.129434
-1.39 0.129567
-1.38 0.129699
-1.37 0.129829
-1.36 0.129958
-1.35 0.130085
-1.34 0.130211
-1.33 0.130336
-1.32 0.130459
-1.31 0.130581
-1.3 0.130701
-1.29 0.13082
-1.28 0.130937
-1.27 0.131053
-1.26 0.131168
-1.25 0.131282
-1.24 0.131394
-1.23 0.131505
-1.22 0.131614
-1.21 0.131722
-1.2 0.131829
-1.19 0.131934
-1.18 0.132039
-1.17 0.132141
-1.16 0.132243
-1.15 0.132343
-1.14 0.132442
-1.13 0.13254
-1.12 0.132636
-1.11 0.132732
-1.1 0.132826
-1.09 0.132918
-1.08 0.13301
-1.07 0.1331
-1.06 0.133189
-1.05 0.133277
-1.04 0.133364
-1.03 0.133449
-1.02 0.133534
-1.01 0.133617
-1 0.133699
-0.99 0.13378
-0.98 0.133859
-0.97 0.133938
-0.96 0.134015
-0.95 0.134092
-0.94 0.134167
-0.93 0.134241
-0.92 0.134314
-0.91 0.134386
-0.9 0.134457
-0.89 0.134526
-0.88 0.134595
-0.87 0.134663
-0.86 0.134729
-0.85 0.134795
-0.84 0.134859
-0.83 0.134923
-0.82 0.134985
-0.81 0.135047
-0.8 0.135107
-0.79 0.135167
-0.78 0.135225
-0.77 0.135283
-0.76 0.135339
-0.75 0.135395
-0.74 0.13545
-0.73 0.135503
-0.72 0.135556
-0.71 0.135608
-0.7 0.135659
-0.69 0.135709
-0.68 0.135758
-0.67 0.135806
-0.66 0.135854
-0.65 0.1359
-0.64 0.135945
-0.63 0.13599
-0.62 0.136034
-0.61 0.136077
-0.6 0.136119
-0.59 0.13616
-0.58 0.136201
-0.57 0.136241
-0.56 0.136279
-0.55 0.136317
-0.54 0.136355
-0.53 0.136391
-0.52 0.136427
-0.51 0.136462
-0.5 0.136496
-0.49 0.136529
-0.48 0.136562
-0.47 0.136594
-0.46 0.136625
-0.45 0.136656
-0.44 0.136686
-0.43 0.136715
-0.42 0.136744
-0.41 0.136772
-0.4 0.136799
-0.39 0.136826
-0.38 0.136853
-0.37 0.136878
-0.36 0.136904
-0.35 0.136929
-0.34 0.136953
-0.33 0.136977
-0.32 0.137001
-0.31 0.137024
-0.3 0.137047
-0.29 0.137069
-0.28 0.137091
-0.27 0.137113
-0.26 0.137135
-0.25 0.137156
-0.24 0.137177
-0.23 0.137198
-0.22 0.137218
-0.21 0.137238
-0.2 0.137258
-0.19 0.137277
-0.18 0.137296
-0.17 0.137314
-0.16 0.137332
-0.15 0.13735
-0.14 0.137366
-0.13 0.137382
-0.12 0.137397
-0.11 0.137411
-0.1 0.137425
-0.09 0.137437
-0.08 0.137448
-0.07 0.137458
-0.06 0.137467
-0.05 0.137475
-0.04 0.137481
-0.03 0.137486
-0.02 0.137489
-0.01 0.137492
0 0.137492
0.01 0.137492
0.02 0.137489
0.03 0.137486
0.04 0.137481
0.05 0.137475
0.06 0.137467
0.07 0.137458
0.08 0.137448
0.09 0.137437
0.1 0.137425
0.11 0.137411
0.12 0.137397
0.13 0.137382
0.14 0.137366
0.15 0.13735
0.16 0.137332
0.17 0.137314
0.18 0.137296
0.19 0.137277
0.2 0.137258
0.21 0.137238
0.22 0.137218
0.23 0.137198
0.24 0.137177
0.25 0.137156
0.26 0.137135
0.27 0.137113
0.28 0.137091
0.29 0.137069
0.3 0.137047
0.31 0.137024
0.32 0.137001
0.33 0.136977
0.34 0.136953
0.35 0.136929
0.36 0.136904
0.37 0.136878
0.38 0.136853
0.39 0.136826
0.4 0.136799
0.41 0.136772
0.42 0.136744
0.43 0.136715
0.44 0.136686
0.45 0.136656
0.46 0.136625
0.47 0.136594
0.48 0.136562
0.49 0.136529
0.5 0.136496
0.51 0.136462
0.52 0.136427
0.53 0.136391
0.54 0.136355
0.55 0.136317
0.56 0.136279
0.57 0.136241
0.58 0.136201
0.59 0.13616
0.6 0.136119
0.61 0.136077
0.62 0.136034
0.63 0.13599
0.64 0.135945
0.65 0.1359
0.66 0.135854
0.67 0.135806
0.68 0.135758
0.69 0.135709
0.7 0.135659
0.71 0.135608
0.72 0.135556
0.73 0.135503
0.74 0.13545
0.75 0.135395
0.76 0.135339
0.77 0.135283
0.78 0.135225
0.79 0.135167
0.8 0.135107
0.81 0.135047
0.82 0.134985
0.83 0.134923
0.84 0.134859
0.85 0.134795
0.86 0.134729
0.87 0.134663
0.88 0.134595
0.89 0.134526
0.9 0.134457
0.91 0.134386
0.92 0.134314
0.93 0.134241
0.94 0.134167
0.95 0.134092
0.96 0.134015
0.97 0.133938
0.98 0.133859
0.99 0.13378
1 0.133699
1.01 0.133617
1.02 0.133534
1.03 0.133449
1.04 0.133364
1.05 0.133277
1.06 0.133189
1.07 0.1331
1.08 0.13301
1.09 0.132918
1.1 0.132826
1.11 0.132732
1.12 0.132636
1.13 0.13254
1.14 0.132442
1.15 0.132343
1.16 0.132243
1.17 0.132141
1.18 0.132039
1.19 0.131934
1.2 0.131829
1.21 0.131722
1.22 0.131614
1.23 0.131505
1.24 0.131394
1.25 0.131282
1.26 0.131168
1.27 0.131053
1.28 0.130937
1.29 0.13082
1.3 0.130701
1.31 0.130581
1.32 0.130459
1.33 0.130336
1.34 0.130211
1.35 0.130085
1.36 0.129958
1.37 0.129829
1.38 0.129699
1.39 0.129567
1.4 0.129434
1.41 0.1293
1.42 0.129164
1.43 0.129026
1.44 0.128887
1.45 0.128747
1.46 0.128605
1.47 0.128462
1.48 0.128317
1.49 0.12817
1.5 0.128022
1.51 0.127873
1.52 0.127722
1.53 0.12757
1.54 0.127416
1.55 0.12726
1.56 0.127103
1.57 0.126945
1.58 0.126785
1.59 0.126623
1.6 0.12646
1.61 0.126296
1.62 0.126129
1.63 0.125961
1.64 0.125792
1.65 0.125621
1.66 0.125449
1.67 0.125275
1.68 0.125099
1.69 0.124922
1.7 0.124743
1.71 0.124563
1.72 0.124381
1.73 0.124197
1.74 0.124012
1.75 0.123825
1.76 0.123637
1.77 0.123447
1.78 0.123255
1.79 0.123062
1.8 0.122867
1.81 0.122671
1.82 0.122473
1.83 0.122274
1.84 0.122073
1.85 0.12187
1.86 0.121665
1.87 0.12146
1.88 0.121252
1.89 0.121043
1.9 0.120832
1.91 0.12062
1.92 0.120406
1.93 0.12019
1.94 0.119973
1.95 0.119754
1.96 0.119534
1.97 0.119312
1.98 0.119089
1.99 0.118864
2 0.118637
2.01 0.118409
2.02 0.118179
2.03 0.117947
2.04 0.117714
2.05 0.117479
2.06 0.117243
2.07 0.117006
2.08 0.116766
2.09 0.116525
2.1 0.116283
2.11 0.116039
2.12 0.115793
2.13 0.115546
2.14 0.115297
2.15 0.115047
2.16 0.114795
2.17 0.114542
2.18 0.114287
2.19 0.114031
2.2 0.113773
2.21 0.113514
2.22 0.113253
2.23 0.112991
2.24 0.112727
2.25 0.112461
2.26 0.112194
2.27 0.111926
2.28 0.111656
2.29 0.111385
2.3 0.111112
2.31 0.110838
2.32 0.110563
2.33 0.110286
2.34 0.110007
2.35 0.109727
2.36 0.109446
2.37 0.109163
2.38 0.108879
2.39 0.108594
2.4 0.108307
2.41 0.108019
2.42 0.107729
2.43 0.107438
2.44 0.107146
2.45 0.106852
2.46 0.106557
2.47 0.106261
2.48 0.105964
2.49 0.105665
2.5 0.105364
2.51 0.105063
2.52 0.10476
2.53 0.104456
2.54 0.104151
2.55 0.103845
2.56 0.103537
2.57 0.103228
2.58 0.102918
2.59 0.102607
2.6 0.102294
2.61 0.101981
2.62 0.101666
2.63 0.10135
2.64 0.101033
2.65 0.100715
2.66 0.100395
2.67 0.100075
2.68 0.0997533
2.69 0.0994307
2.7 0.099107
2.71 0.0987823
2.72 0.0984565
2.73 0.0981297
2.74 0.0978019
2.75 0.0974731
2.76 0.0971433
2.77 0.0968125
2.78 0.0964808
2.79 0.0961481
2.8 0.0958145
2.81 0.0954799
2.82 0.0951444
2.83 0.0948081
2.84 0.0944708
2.85 0.0941327
2.86 0.0937937
2.87 0.0934539
2.88 0.0931133
2.89 0.0927718
2.9 0.0924296
2.91 0.0920865
2.92 0.0917427
2.93 0.0913981
2.94 0.0910528
2.95 0.0907068
2.96 0.09036
2.97 0.0900125
2.98 0.0896644
2.99 0.0893156
3 0.0889661
3.01 0.088616
3.02 0.0882653
3.03 0.0879139
3.04 0.087562
3.05 0.0872094
3.06 0.0868563
3.07 0.0865027
3.08 0.0861485
3.09 0.0857938
3.1 0.0854386
3.11 0.0850829
3.12 0.0847268
3.13 0.0843701
3.14 0.0840131
3.15 0.0836556
3.16 0.0832977
3.17 0.0829394
3.18 0.0825807
3.19 0.0822216
3.2 0.0818622
3.21 0.0815025
3.22 0.0811424
3.23 0.080782
3.24 0.0804214
3.25 0.0800604
3.26 0.0796992
3.27 0.0793378
3.28 0.0789761
3.29 0.0786143
3.3 0.0782522
3.31 0.07789
3.32 0.0775276
3.33 0.077165
3.34 0.0768023
3.35 0.0764395
3.36 0.0760766
3.37 0.0757136
3.38 0.0753505
3.39 0.0749874
3.4 0.0746242
3.41 0.074261
3.42 0.0738978
3.43 0.0735346
3.44 0.0731714
3.45 0.0728083
3.46 0.0724452
3.47 0.0720822
3.48 0.0717192
3.49 0.0713564
3.5 0.0709936
3.51 0.070631
3.52 0.0702686
3.53 0.0699063
3.54 0.0695441
3.55 0.0691822
3.56 0.0688204
3.57 0.0684589
3.58 0.0680976
3.59 0.0677366
3.6 0.0673758
3.61 0.0670153
3.62 0.066655
3.63 0.0662951
3.64 0.0659355
3.65 0.0655763
3.66 0.0652173
3.67 0.0648588
3.68 0.0645006
3.69 0.0641428
3.7 0.0637854
3.71 0.0634285
3.72 0.0630719
3.73 0.0627158
3.74 0.0623602
3.75 0.0620051
3.76 0.0616504
3.77 0.0612962
3.78 0.0609426
3.79 0.0605895
3.8 0.0602369
3.81 0.0598848
3.82 0.0595334
3.83 0.0591825
3.84 0.0588322
3.85 0.0584825
3.86 0.0581335
3.87 0.057785
3.88 0.0574372
3.89 0.0570901
3.9 0.0567436
3.91 0.0563978
3.92 0.0560527
3.93 0.0557084
3.94 0.0553647
3.95 0.0550217
3.96 0.0546795
3.97 0.0543381
3.98 0.0539974
3.99 0.0536575
4 0.0533184
4.01 0.05298
4.02 0.0526425
4.03 0.0523058
4.04 0.05197
4.05 0.0516349
4.06 0.0513008
4.07 0.0509674
4.08 0.050635
4.09 0.0503035
4.1 0.0499728
4.11 0.049643
4.12 0.0493142
4.13 0.0489863
4.14 0.0486593
4.15 0.0483333
4.16 0.0480082
4.17 0.0476841
4.18 0.0473609
4.19 0.0470388
4.2 0.0467176
4.21 0.0463974
4.22 0.0460782
4.23 0.0457601
4.24 0.045443
4.25 0.0451269
4.26 0.0448118
4.27 0.0444978
4.28 0.0441849
4.29 0.043873
4.3 0.0435622
4.31 0.0432525
4.32 0.0429439
4.33 0.0426364
4.34 0.04233
4.35 0.0420247
4.36 0.0417205
4.37 0.0414174
4.38 0.0411155
4.39 0.0408147
4.4 0.0405151
4.41 0.0402166
4.42 0.0399193
4.43 0.0396232
4.44 0.0393282
4.45 0.0390344
4.46 0.0387418
4.47 0.0384504
4.48 0.0381602
4.49 0.0378711
4.5 0.0375833
4.51 0.0372967
4.52 0.0370114
4.53 0.0367272
4.54 0.0364443
4.55 0.0361626
4.56 0.0358822
4.57 0.035603
4.58 0.035325
4.59 0.0350483
4.6 0.0347728
4.61 0.0344986
4.62 0.0342257
4.63 0.0339541
4.64 0.0336837
4.65 0.0334146
4.66 0.0331467
4.67 0.0328802
4.68 0.0326149
4.69 0.032351
4.7 0.0320883
4.71 0.0318269
4.72 0.0315668
4.73 0.031308
4.74 0.0310506
4.75 0.0307944
4.76 0.0305395
4.77 0.030286
4.78 0.0300337
4.79 0.0297828
4.8 0.0295332
4.81 0.0292849
4.82 0.0290379
4.83 0.0287923
4.84 0.028548
4.85 0.028305
4.86 0.0280633
4.87 0.027823
4.88 0.0275839
4.89 0.0273463
4.9 0.0271099
4.91 0.0268749
4.92 0.0266412
4.93 0.0264088
4.94 0.0261778
4.95 0.0259481
4.96 0.0257198
4.97 0.0254927
4.98 0.025267
4.99 0.0250427
5 0.0248196
5.01 0.024598
5.02 0.0243776
5.03 0.0241586
5.04 0.0239409
5.05 0.0237245
5.06 0.0235095
5.07 0.0232958
5.08 0.0230834
5.09 0.0228723
5.1 0.0226626
5.11 0.0224542
5.12 0.0222471
5.13 0.0220414
5.14 0.021837
5.15 0.0216338
5.16 0.0214321
5.17 0.0212316
5.18 0.0210324
5.19 0.0208346
5.2 0.020638
5.21 0.0204428
5.22 0.0202489
5.23 0.0200562
5.24 0.0198649
5.25 0.0196749
5.26 0.0194862
5.27 0.0192988
5.28 0.0191126
5.29 0.0189278
5.3 0.0187442
5.31 0.0185619
5.32 0.018381
5.33 0.0182012
5.34 0.0180228
5.35 0.0178456
5.36 0.0176697
5.37 0.0174951
5.38 0.0173217
5.39 0.0171496
5.4 0.0169787
5.41 0.0168091
5.42 0.0166408
5.43 0.0164737
5.44 0.0163078
5.45 0.0161432
5.46 0.0159797
5.47 0.0158176
5.48 0.0156566
5.49 0.0154969
5.5 0.0153384
5.51 0.0151811
5.52 0.015025
5.53 0.0148701
5.54 0.0147165
5.55 0.014564
5.56 0.0144127
5.57 0.0142626
5.58 0.0141137
5.59 0.013966
5.6 0.0138194
5.61 0.013674
5.62 0.0135298
5.63 0.0133867
5.64 0.0132448
5.65 0.0131041
5.66 0.0129645
5.67 0.012826
5.68 0.0126887
5.69 0.0125525
5.7 0.0124174
5.71 0.0122835
5.72 0.0121506
5.73 0.0120189
5.74 0.0118883
5.75 0.0117588
5.76 0.0116304
5.77 0.0115031
5.78 0.0113769
5.79 0.0112517
5.8 0.0111276
5.81 0.0110046
5.82 0.0108827
5.83 0.0107618
5.84 0.010642
5.85 0.0105233
5.86 0.0104055
5.87 0.0102889
5.88 0.0101732
5.89 0.0100586
5.9 0.009945
5.91 0.00983242
5.92 0.00972086
5.93 0.0096103
5.94 0.00950074
5.95 0.00939218
5.96 0.0092846
5.97 0.00917802
5.98 0.00907241
5.99 0.00896777
