-6 0.000868353
-5.99 0.000884553
-5.98 0.000901026
-5.97 0.000917778
-5.96 0.000934812
-5.95 0.000952133
-5.94 0.000969745
-5.93 0.000987652
-5.92 0.00100586
-5.91 0.00102437
-5.9 0.00104319
-5.89 0.00106232
-5.88 0.00108177
-5.87 0.00110154
-5.86 0.00112164
-5.85 0.00114206
-5.84 0.00116283
-5.83 0.00118393
-5.82 0.00120538
-5.81 0.00122718
-5.8 0.00124934
-5.79 0.00127186
-5.78 0.00129474
-5.77 0.001318
-5.76 0.00134163
-5.75 0.00136564
-5.74 0.00139004
-5.73 0.00141483
-5.72 0.00144001
-5.71 0.0014656
-5.7 0.0014916
-5.69 0.00151802
-5.68 0.00154485
-5.67 0.00157211
-5.66 0.0015998
-5.65 0.00162793
-5.64 0.0016565
-5.63 0.00168552
-5.62 0.00171499
-5.61 0.00174493
-5.6 0.00177533
-5.59 0.00180621
-5.58 0.00183757
-5.57 0.00186941
-5.56 0.00190175
-5.55 0.00193458
-5.54 0.00196792
-5.53 0.00200178
-5.52 0.00203615
-5.51 0.00207105
-5.5 0.00210649
-5.49 0.00214246
-5.48 0.00217898
-5.47 0.00221605
-5.46 0.00225369
-5.45 0.00229189
-5.44 0.00233067
-5.43 0.00237003
-5.42 0.00240998
-5.41 0.00245053
-5.4 0.00249168
-5.39 0.00253345
-5.38 0.00257584
-5.37 0.00261885
-5.36 0.0026625
-5.35 0.00270679
-5.34 0.00275174
-5.33 0.00279735
-5.32 0.00284362
-5.31 0.00289057
-5.3 0.0029382
-5.29 0.00298653
-5.28 0.00303555
-5.27 0.00308529
-5.26 0.00313574
-5.25 0.00318692
-5.24 0.00323884
-5.23 0.0032915
-5.22 0.00334491
-5.21 0.00339908
-5.2 0.00345402
-5.19 0.00350974
-5.18 0.00356626
-5.17 0.00362356
-5.16 0.00368168
-5.15 0.00374061
-5.14 0.00380037
-5.13 0.00386096
-5.12 0.0039224
-5.11 0.00398469
-5.1 0.00404785
-5.09 0.00411188
-5.08 0.00417679
-5.07 0.00424259
-5.06 0.0043093
-5.05 0.00437693
-5.04 0.00444547
-5.03 0.00451495
-5.02 0.00458538
-5.01 0.00465676
-5 0.0047291
-4.99 0.00480242
-4.98 0.00487672
-4.97 0.00495203
-4.96 0.00502833
-4.95 0.00510566
-4.94 0.00518401
-4.93 0.00526341
-4.92 0.00534385
-4.91 0.00542536
-4.9 0.00550794
-4.89 0.0055916
-4.88 0.00567636
-4.87 0.00576223
-4.86 0.00584921
-4.85 0.00593732
-4.84 0.00602657
-4.83 0.00611698
-4.82 0.00620855
-4.81 0.0063013
-4.8 0.00639523
-4.79 0.00649036
-4.78 0.00658671
-4.77 0.00668427
-4.76 0.00678308
-4.75 0.00688313
-4.74 0.00698444
-4.73 0.00708702
-4.72 0.00719089
-4.71 0.00729605
-4.7 0.00740252
-4.69 0.00751031
-4.68 0.00761944
-4.67 0.00772992
-4.66 0.00784175
-4.65 0.00795496
-4.64 0.00806955
-4.63 0.00818553
-4.62 0.00830293
-4.61 0.00842175
-4.6 0.00854201
-4.59 0.00866372
-4.58 0.00878689
-4.57 0.00891153
-4.56 0.00903767
-4.55 0.0091653
-4.54 0.00929446
-4.53 0.00942514
-4.52 0.00955736
-4.51 0.00969114
-4.5 0.00982648
-4.49 0.00996341
-4.48 0.0101019
-4.47 0.0102421
-4.46 0.0103838
-4.45 0.0105272
-4.44 0.0106723
-4.43 0.010819
-4.42 0.0109674
-4.41 0.0111174
-4.4 0.0112692
-4.39 0.0114227
-4.38 0.0115779
-4.37 0.0117349
-4.36 0.0118937
-4.35 0.0120542
-4.34 0.0122165
-4.33 0.0123806
-4.32 0.0125465
-4.31 0.0127143
-4.3 0.0128839
-4.29 0.0130553
-4.28 0.0132287
-4.27 0.0134039
-4.26 0.013581
-4.25 0.0137601
-4.24 0.013941
-4.23 0.0141239
-4.22 0.0143088
-4.21 0.0144957
-4.2 0.0146845
-4.19 0.0148753
-4.18 0.0150681
-4.17 0.015263
-4.16 0.0154599
-4.15 0.0156589
-4.14 0.0158599
-4.13 0.0160631
-4.12 0.0162683
-4.11 0.0164756
-4.1 0.0166851
-4.09 0.0168967
-4.08 0.0171105
-4.07 0.0173264
-4.06 0.0175445
-4.05 0.0177648
-4.04 0.0179873
-4.03 0.0182121
-4.02 0.0184391
-4.01 0.0186683
-4 0.0188998
-3.99 0.0191336
-3.98 0.0193697
-3.97 0.0196081
-3.96 0.0198488
-3.95 0.0200918
-3.94 0.0203372
-3.93 0.020585
-3.92 0.0208351
-3.91 0.0210876
-3.9 0.0213425
-3.89 0.0215999
-3.88 0.0218596
-3.87 0.0221218
-3.86 0.0223865
-3.85 0.0226536
-3.84 0.0229232
-3.83 0.0231953
-3.82 0.0234699
-3.81 0.023747
-3.8 0.0240267
-3.79 0.0243089
-3.78 0.0245936
-3.77 0.0248809
-3.76 0.0251708
-3.75 0.0254633
-3.74 0.0257584
-3.73 0.0260561
-3.72 0.0263565
-3.71 0.0266594
-3.7 0.0269651
-3.69 0.0272733
-3.68 0.0275843
-3.67 0.027898
-3.66 0.0282143
-3.65 0.0285333
-3.64 0.0288551
-3.63 0.0291796
-3.62 0.0295068
-3.61 0.0298368
-3.6 0.0301696
-3.59 0.0305051
-3.58 0.0308434
-3.57 0.0311844
-3.56 0.0315283
-3.55 0.031875
-3.54 0.0322245
-3.53 0.0325769
-3.52 0.032932
-3.51 0.03329
-3.5 0.0336509
-3.49 0.0340147
-3.48 0.0343813
-3.47 0.0347507
-3.46 0.0351231
-3.45 0.0354984
-3.44 0.0358766
-3.43 0.0362576
-3.42 0.0366416
-3.41 0.0370286
-3.4 0.0374184
-3.39 0.0378112
-3.38 0.038207
-3.37 0.0386056
-3.36 0.0390073
-3.35 0.0394119
-3.34 0.0398195
-3.33 0.0402301
-3.32 0.0406436
-3.31 0.0410601
-3.3 0.0414796
-3.29 0.0419021
-3.28 0.0423276
-3.27 0.0427561
-3.26 0.0431877
-3.25 0.0436222
-3.24 0.0440597
-3.23 0.0445003
-3.22 0.0449439
-3.21 0.0453905
-3.2 0.0458401
-3.19 0.0462927
-3.18 0.0467484
-3.17 0.0472071
-3.16 0.0476689
-3.15 0.0481336
-3.14 0.0486015
-3.13 0.0490723
-3.12 0.0495462
-3.11 0.0500231
-3.1 0.050503
-3.09 0.050986
-3.08 0.051472
-3.07 0.0519611
-3.06 0.0524531
-3.05 0.0529482
-3.04 0.0534464
-3.03 0.0539475
-3.02 0.0544517
-3.01 0.0549589
-3 0.0554691
-2.99 0.0559823
-2.98 0.0564985
-2.97 0.0570178
-2.96 0.05754
-2.95 0.0580652
-2.94 0.0585934
-2.93 0.0591246
-2.92 0.0596588
-2.91 0.060196
-2.9 0.0607361
-2.89 0.0612791
-2.88 0.0618252
-2.87 0.0623741
-2.86 0.062926
-2.85 0.0634809
-2.84 0.0640386
-2.83 0.0645993
-2.82 0.0651628
-2.81 0.0657293
-2.8 0.0662986
-2.79 0.0668708
-2.78 0.0674459
-2.77 0.0680238
-2.76 0.0686046
-2.75 0.0691881
-2.74 0.0697745
-2.73 0.0703637
-2.72 0.0709557
-2.71 0.0715505
-2.7 0.072148
-2.69 0.0727483
-2.68 0.0733514
-2.67 0.0739571
-2.66 0.0745655
-2.65 0.0751767
-2.64 0.0757905
-2.63 0.076407
-2.62 0.0770261
-2.61 0.0776478
-2.6 0.0782722
-2.59 0.0788991
-2.58 0.0795286
-2.57 0.0801607
-2.56 0.0807953
-2.55 0.0814324
-2.54 0.082072
-2.53 0.0827141
-2.52 0.0833587
-2.51 0.0840057
-2.5 0.0846551
-2.49 0.0853069
-2.48 0.0859611
-2.47 0.0866176
-2.46 0.0872764
-2.45 0.0879376
-2.44 0.088601
-2.43 0.0892667
-2.42 0.0899346
-2.41 0.0906048
-2.4 0.0912771
-2.39 0.0919516
-2.38 0.0926282
-2.37 0.0933069
-2.36 0.0939877
-2.35 0.0946705
-2.34 0.0953554
-2.33 0.0960423
-2.32 0.0967311
-2.31 0.0974219
-2.3 0.0981146
-2.29 0.0988092
-2.28 0.0995057
-2.27 0.100204
-2.26 0.100904
-2.25 0.101606
-2.24 0.102309
-2.23 0.103015
-2.22 0.103722
-2.21 0.10443
-2.2 0.10514
-2.19 0.105852
-2.18 0.106565
-2.17 0.10728
-2.16 0.107996
-2.15 0.108714
-2.14 0.109433
-2.13 0.110154
-2.12 0.110875
-2.11 0.111599
-2.1 0.112323
-2.09 0.113049
-2.08 0.113775
-2.07 0.114503
-2.06 0.115232
-2.05 0.115962
-2.04 0.116693
-2.03 0.117426
-2.02 0.118159
-2.01 0.118893
-2 0.119628
-1.99 0.120363
-1.98 0.1211
-1.97 0.121837
-1.96 0.122575
-1.95 0.123314
-1.94 0.124053
-1.93 0.124793
-1.92 0.125534
-1.91 0.126275
-1.9 0.127016
-1.89 0.127758
-1.88 0.1285
-1.87 0.129243
-1.86 0.129986
-1.85 0.130729
-1.84 0.131472
-1.83 0.132216
-1.82 0.132959
-1.81 0.133703
-1.8 0.134447
-1.79 0.13519
-1.78 0.135934
-1.77 0.136677
-1.76 0.137421
-1.75 0.138164
-1.74 0.138907
-1.73 0.139649
-1.72 0.140392
-1.71 0.141134
-1.7 0.141875
-1.69 0.142616
-1.68 0.143356
-1.67 0.144096
-1.66 0.144835
-1.65 0.145574
-1.64 0.146311
-1.63 0.147048
-1.62 0.147784
-1.61 0.14852
-1.6 0.149254
-1.59 0.149987
-1.58 0.15072
-1.57 0.151451
-1.56 0.152181
-1.55 0.15291
-1.54 0.153637
-1.53 0.154364
-1.52 0.155089
-1.51 0.155813
-1.5 0.156535
-1.49 0.157255
-1.48 0.157975
-1.47 0.158692
-1.46 0.159408
-1.45 0.160123
-1.44 0.160835
-1.43 0.161546
-1.42 0.162255
-1.41 0.162962
-1.4 0.163667
-1.39 0.16437
-1.38 0.165071
-1.37 0.16577
-1.36 0.166466
-1.35 0.167161
-1.34 0.167853
-1.33 0.168543
-1.32 0.169231
-1.31 0.169916
-1.3 0.170599
-1.29 0.171279
-1.28 0.171956
-1.27 0.172631
-1.26 0.173304
-1.25 0.173973
-1.24 0.17464
-1.23 0.175304
-1.22 0.175965
-1.21 0.176623
-1.2 0.177278
-1.19 0.17793
-1.18 0.178579
-1.17 0.179225
-1.16 0.179868
-1.15 0.180507
-1.14 0.181143
-1.13 0.181776
-1.12 0.182405
-1.11 0.183031
-1.1 0.183654
-1.09 0.184273
-1.08 0.184888
-1.07 0.1855
-1.06 0.186108
-1.05 0.186712
-1.04 0.187312
-1.03 0.187909
-1.02 0.188502
-1.01 0.18909
-1 0.189675
-0.99 0.190256
-0.98 0.190832
-0.97 0.191405
-0.96 0.191973
-0.95 0.192537
-0.94 0.193097
-0.93 0.193653
-0.92 0.194204
-0.91 0.19475
-0.9 0.195293
-0.89 0.19583
-0.88 0.196364
-0.87 0.196892
-0.86 0.197416
-0.85 0.197935
-0.84 0.19845
-0.83 0.19896
-0.82 0.199465
-0.81 0.199965
-0.8 0.20046
-0.79 0.20095
-0.78 0.201435
-0.77 0.201915
-0.76 0.20239
-0.75 0.20286
-0.74 0.203325
-0.73 0.203785
-0.72 0.204239
-0.71 0.204688
-0.7 0.205132
-0.69 0.205571
-0.68 0.206004
-0.67 0.206431
-0.66 0.206854
-0.65 0.20727
-0.64 0.207681
-0.63 0.208087
-0.62 0.208487
-0.61 0.208881
-0.6 0.20927
-0.59 0.209653
-0.58 0.21003
-0.57 0.210401
-0.56 0.210767
-0.55 0.211126
-0.54 0.21148
-0.53 0.211828
-0.52 0.21217
-0.51 0.212506
-0.5 0.212836
-0.49 0.21316
-0.48 0.213477
-0.47 0.213789
-0.46 0.214095
-0.45 0.214394
-0.44 0.214687
-0.43 0.214975
-0.42 0.215255
-0.41 0.21553
-0.4 0.215798
-0.39 0.21606
-0.38 0.216316
-0.37 0.216565
-0.36 0.216808
-0.35 0.217045
-0.34 0.217275
-0.33 0.217499
-0.32 0.217716
-0.31 0.217927
-0.3 0.218131
-0.29 0.218329
-0.28 0.21852
-0.27 0.218705
-0.26 0.218883
-0.25 0.219054
-0.24 0.219219
-0.23 0.219378
-0.22 0.219529
-0.21 0.219674
-0.2 0.219813
-0.19 0.219945
-0.18 0.22007
-0.17 0.220188
-0.16 0.2203
-0.15 0.220404
-0.14 0.220503
-0.13 0.220594
-0.12 0.220679
-0.11 0.220757
-0.1 0.220828
-0.09 0.220893
-0.08 0.22095
-0.07 0.221001
-0.06 0.221045
-0.05 0.221083
-0.04 0.221113
-0.03 0.221137
-0.02 0.221154
-0.01 0.221164
0 0.236878
0.01 0.221164
0.02 0.221154
0.03 0.221137
0.04 0.221113
0.05 0.221083
0.06 0.221045
0.07 0.221001
0.08 0.22095
0.09 0.220893
0.1 0.220828
0.11 0.220757
0.12 0.220679
0.13 0.220594
0.14 0.220503
0.15 0.220404
0.16 0.2203
0.17 0.220188
0.18 0.22007
0.19 0.219945
0.2 0.219813
0.21 0.219674
0.22 0.219529
0.23 0.219378
0.24 0.219219
0.25 0.219054
0.26 0.218883
0.27 0.218705
0.28 0.21852
0.29 0.218329
0.3 0.218131
0.31 0.217927
0.32 0.217716
0.33 0.217499
0.34 0.217275
0.35 0.217045
0.36 0.216808
0.37 0.216565
0.38 0.216316
0.39 0.21606
0.4 0.215798
0.41 0.21553
0.42 0.215255
0.43 0.214975
0.44 0.214687
0.45 0.214394
0.46 0.214095
0.47 0.213789
0.48 0.213477
0.49 0.21316
0.5 0.212836
0.51 0.212506
0.52 0.21217
0.53 0.211828
0.54 0.21148
0.55 0.211126
0.56 0.210767
0.57 0.210401
0.58 0.21003
0.59 0.209653
0.6 0.20927
0.61 0.208881
0.62 0.208487
0.63 0.208087
0.64 0.207681
0.65 0.20727
0.66 0.206854
0.67 0.206431
0.68 0.206004
0.69 0.205571
0.7 0.205132
0.71 0.204688
0.72 0.204239
0.73 0.203785
0.74 0.203325
0.75 0.20286
0.76 0.20239
0.77 0.201915
0.78 0.201435
0.79 0.20095
0.8 0.20046
0.81 0.199965
0.82 0.199465
0.83 0.19896
0.84 0.19845
0.85 0.197935
0.86 0.197416
0.87 0.196892
0.88 0.196364
0.89 0.19583
0.9 0.195293
0.91 0.19475
0.92 0.194204
0.93 0.193653
0.94 0.193097
0.95 0.192537
0.96 0.191973
0.97 0.191405
0.98 0.190832
0.99 0.190256
1 0.189675
1.01 0.18909
1.02 0.188502
1.03 0.187909
1.04 0.187312
1.05 0.186712
1.06 0.186108
1.07 0.1855
1.08 0.184888
1.09 0.184273
1.1 0.183654
1.11 0.183031
1.12 0.182405
1.13 0.181776
1.14 0.181143
1.15 0.180507
1.16 0.179868
1.17 0.179225
1.18 0.178579
1.19 0.17793
1.2 0.177278
1.21 0.176623
1.22 0.175965
1.23 0.175304
1.24 0.17464
1.25 0.173973
1.26 0.173304
1.27 0.172631
1.28 0.171956
1.29 0.171279
1.3 0.170599
1.31 0.169916
1.32 0.169231
1.33 0.168543
1.34 0.167853
1.35 0.167161
1.36 0.166466
1.37 0.16577
1.38 0.165071
1.39 0.16437
1.4 0.163667
1.41 0.162962
1.42 0.162255
1.43 0.161546
1.44 0.160835
1.45 0.160123
1.46 0.159408
1.47 0.158692
1.48 0.157975
1.49 0.157255
1.5 0.156535
1.51 0.155813
1.52 0.155089
1.53 0.154364
1.54 0.153637
1.55 0.15291
1.56 0.152181
1.57 0.151451
1.58 0.15072
1.59 0.149987
1.6 0.149254
1.61 0.14852
1.62 0.147784
1.63 0.147048
1.64 0.146311
1.65 0.145574
1.66 0.144835
1.67 0.144096
1.68 0.143356
1.69 0.142616
1.7 0.141875
1.71 0.141134
1.72 0.140392
1.73 0.139649
1.74 0.138907
1.75 0.138164
1.76 0.137421
1.77 0.136677
1.78 0.135934
1.79 0.13519
1.8 0.134447
1.81 0.133703
1.82 0.132959
1.83 0.132216
1.84 0.131472
1.85 0.130729
1.86 0.129986
1.87 0.129243
1.88 0.1285
1.89 0.127758
1.9 0.127016
1.91 0.126275
1.92 0.125534
1.93 0.124793
1.94 0.124053
1.95 0.123314
1.96 0.122575
1.97 0.121837
1.98 0.1211
1.99 0.120363
2 0.119628
2.01 0.118893
2.02 0.118159
2.03 0.117426
2.04 0.116693
2.05 0.115962
2.06 0.115232
2.07 0.114503
2.08 0.113775
2.09 0.113049
2.1 0.112323
2.11 0.111599
2.12 0.110875
2.13 0.110154
2.14 0.109433
2.15 0.108714
2.16 0.107996
2.17 0.10728
2.18 0.106565
2.19 0.105852
2.2 0.10514
2.21 0.10443
2.22 0.103722
2.23 0.103015
2.24 0.102309
2.25 0.101606
2.26 0.100904
2.27 0.100204
2.28 0.0995057
2.29 0.0988092
2.3 0.0981146
2.31 0.0974219
2.32 0.0967311
2.33 0.0960423
2.34 0.0953554
2.35 0.0946705
2.36 0.0939877
2.37 0.0933069
2.38 0.0926282
2.39 0.0919516
2.4 0.0912771
2.41 0.0906048
2.42 0.0899346
2.43 0.0892667
2.44 0.088601
2.45 0.0879376
2.46 0.0872764
2.47 0.0866176
2.48 0.0859611
2.49 0.0853069
2.5 0.0846551
2.51 0.0840057
2.52 0.0833587
2.53 0.0827141
2.54 0.082072
2.55 0.0814324
2.56 0.0807953
2.57 0.0801607
2.58 0.0795286
2.59 0.0788991
2.6 0.0782722
2.61 0.0776478
2.62 0.0770261
2.63 0.076407
2.64 0.0757905
2.65 0.0751767
2.66 0.0745655
2.67 0.0739571
2.68 0.0733514
2.69 0.0727483
2.7 0.072148
2.71 0.0715505
2.72 0.0709557
2.73 0.0703637
2.74 0.0697745
2.75 0.0691881
2.76 0.0686046
2.77 0.0680238
2.78 0.0674459
2.79 0.0668708
2.8 0.0662986
2.81 0.0657293
2.82 0.0651628
2.83 0.0645993
2.84 0.0640386
2.85 0.0634809
2.86 0.062926
2.87 0.0623741
2.88 0.0618252
2.89 0.0612791
2.9 0.0607361
2.91 0.060196
2.92 0.0596588
2.93 0.0591246
2.94 0.0585934
2.95 0.0580652
2.96 0.05754
2.97 0.0570178
2.98 0.0564985
2.99 0.0559823
3 0.0554691
3.01 0.0549589
3.02 0.0544517
3.03 0.0539475
3.04 0.0534464
3.05 0.0529482
3.06 0.0524531
3.07 0.0519611
3.08 0.051472
3.09 0.050986
3.1 0.050503
3.11 0.0500231
3.12 0.0495462
3.13 0.0490723
3.14 0.0486015
3.15 0.0481336
3.16 0.0476689
3.17 0.0472071
3.18 0.0467484
3.19 0.0462927
3.2 0.0458401
3.21 0.0453905
3.22 0.0449439
3.23 0.0445003
3.24 0.0440597
3.25 0.0436222
3.26 0.0431877
3.27 0.0427561
3.28 0.0423276
3.29 0.0419021
3.3 0.0414796
3.31 0.0410601
3.32 0.0406436
3.33 0.0402301
3.34 0.0398195
3.35 0.0394119
3.36 0.0390073
3.37 0.0386056
3.38 0.038207
3.39 0.0378112
3.4 0.0374184
3.41 0.0370286
3.42 0.0366416
3.43 0.0362576
3.44 0.0358766
3.45 0.0354984
3.46 0.0351231
3.47 0.0347507
3.48 0.0343813
3.49 0.0340147
3.5 0.0336509
3.51 0.03329
3.52 0.032932
3.53 0.0325769
3.54 0.0322245
3.55 0.031875
3.56 0.0315283
3.57 0.0311844
3.58 0.0308434
3.59 0.0305051
3.6 0.0301696
3.61 0.0298368
3.62 0.0295068
3.63 0.0291796
3.64 0.0288551
3.65 0.0285333
3.66 0.0282143
3.67 0.027898
3.68 0.0275843
3.69 0.0272733
3.7 0.0269651
3.71 0.0266594
3.72 0.0263565
3.73 0.0260561
3.74 0.0257584
3.75 0.0254633
3.76 0.0251708
3.77 0.0248809
3.78 0.0245936
3.79 0.0243089
3.8 0.0240267
3.81 0.023747
3.82 0.0234699
3.83 0.0231953
3.84 0.0229232
3.85 0.0226536
3.86 0.0223865
3.87 0.0221218
3.88 0.0218596
3.89 0.0215999
3.9 0.0213425
3.91 0.0210876
3.92 0.0208351
3.93 0.020585
3.94 0.0203372
3.95 0.0200918
3.96 0.0198488
3.97 0.0196081
3.98 0.0193697
3.99 0.0191336
4 0.0188998
4.01 0.0186683
4.02 0.0184391
4.03 0.0182121
4.04 0.0179873
4.05 0.0177648
4.06 0.0175445
4.07 0.0173264
4.08 0.0171105
4.09 0.0168967
4.1 0.0166851
4.11 0.0164756
4.12 0.0162683
4.13 0.0160631
4.14 0.0158599
4.15 0.0156589
4.16 0.0154599
4.17 0.015263
4.18 0.0150681
4.19 0.0148753
4.2 0.0146845
4.21 0.0144957
4.22 0.0143088
4.23 0.0141239
4.24 0.013941
4.25 0.0137601
4.26 0.013581
4.27 0.0134039
4.28 0.0132287
4.29 0.0130553
4.3 0.0128839
4.31 0.0127143
4.32 0.0125465
4.33 0.0123806
4.34 0.0122165
4.35 0.0120542
4.36 0.0118937
4.37 0.0117349
4.38 0.0115779
4.39 0.0114227
4.4 0.0112692
4.41 0.0111174
4.42 0.0109674
4.43 0.010819
4.44 0.0106723
4.45 0.0105272
4.46 0.0103838
4.47 0.0102421
4.48 0.0101019
4.49 0.00996341
4.5 0.00982648
4.51 0.00969114
4.52 0.00955736
4.53 0.00942514
4.54 0.00929446
4.55 0.0091653
4.56 0.00903767
4.57 0.00891153
4.58 0.00878689
4.59 0.00866372
4.6 0.00854201
4.61 0.00842175
4.62 0.00830293
4.63 0.00818553
4.64 0.00806955
4.65 0.00795496
4.66 0.00784175
4.67 0.00772992
4.68 0.00761944
4.69 0.00751031
4.7 0.00740252
4.71 0.00729605
4.72 0.00719089
4.73 0.00708702
4.74 0.00698444
4.75 0.00688313
4.76 0.00678308
4.77 0.00668427
4.78 0.00658671
4.79 0.00649036
4.8 0.00639523
4.81 0.0063013
4.82 0.00620855
4.83 0.00611698
4.84 0.00602657
4.85 0.00593732
4.86 0.00584921
4.87 0.00576223
4.88 0.00567636
4.89 0.0055916
4.9 0.00550794
4.91 0.00542536
4.92 0.00534385
4.93 0.00526341
4.94 0.00518401
4.95 0.00510566
4.96 0.00502833
4.97 0.00495203
4.98 0.00487672
4.99 0.00480242
5 0.0047291
5.01 0.00465676
5.02 0.00458538
5.03 0.00451495
5.04 0.00444547
5.05 0.00437693
5.06 0.0043093
5.07 0.00424259
5.08 0.00417679
5.09 0.00411188
5.1 0.00404785
5.11 0.00398469
5.12 0.0039224
5.13 0.00386096
5.14 0.00380037
5.15 0.00374061
5.16 0.00368168
5.17 0.00362356
5.18 0.00356626
5.19 0.00350974
5.2 0.00345402
5.21 0.00339908
5.22 0.00334491
5.23 0.0032915
5.24 0.00323884
5.25 0.00318692
5.26 0.00313574
5.27 0.00308529
5.28 0.00303555
5.29 0.00298653
5.3 0.0029382
5.31 0.00289057
5.32 0.00284362
5.33 0.00279735
5.34 0.00275174
5.35 0.00270679
5.36 0.0026625
5.37 0.00261885
5.38 0.00257584
5.39 0.00253345
5.4 0.00249168
5.41 0.00245053
5.42 0.00240998
5.43 0.00237003
5.44 0.00233067
5.45 0.00229189
5.46 0.00225369
5.47 0.00221605
5.48 0.00217898
5.49 0.00214246
5.5 0.00210649
5.51 0.00207105
5.52 0.00203615
5.53 0.00200178
5.54 0.00196792
5.55 0.00193458
5.56 0.00190175
5.57 0.00186941
5.58 0.00183757
5.59 0.00180621
5.6 0.00177533
5.61 0.00174493
5.62 0.00171499
5.63 0.00168552
5.64 0.0016565
5.65 0.00162793
5.66 0.0015998
5.67 0.00157211
5.68 0.00154485
5.69 0.00151802
5.7 0.0014916
5.71 0.0014656
5.72 0.00144001
5.73 0.00141483
5.74 0.00139004
5.75 0.00136564
5.76 0.00134163
5.77 0.001318
5.78 0.00129474
5.79 0.00127186
5.8 0.00124934
5.81 0.00122718
5.82 0.00120538
5.83 0.00118393
5.84 0.00116283
5.85 0.00114206
5.86 0.00112164
5.87 0.00110154
5.88 0.00108177
5.89 0.00106232
5.9 0.00104319
5.91 0.00102437
5.92 0.00100586
5.93 0.000987652
5.94 0.000969745
5.95 0.000952133
5.96 0.000934812
5.97 0.000917778
5.98 0.000901026
5.99 0.000884553
