-6 1.81126e-05
-5.99 1.88847e-05
-5.98 1.96877e-05
-5.97 2.0523e-05
-5.96 2.13916e-05
-5.95 2.22949e-05
-5.94 2.3234e-05
-5.93 2.42103e-05
-5.92 2.52253e-05
-5.91 2.62802e-05
-5.9 2.73767e-05
-5.89 2.85161e-05
-5.88 2.97e-05
-5.87 3.09301e-05
-5.86 3.22081e-05
-5.85 3.35356e-05
-5.84 3.49144e-05
-5.83 3.63464e-05
-5.82 3.78335e-05
-5.81 3.93776e-05
-5.8 4.09807e-05
-5.79 4.2645e-05
-5.78 4.43725e-05
-5.77 4.61656e-05
-5.76 4.80264e-05
-5.75 4.99574e-05
-5.74 5.1961e-05
-5.73 5.40397e-05
-5.72 5.6196e-05
-5.71 5.84328e-05
-5.7 6.07527e-05
-5.69 6.31585e-05
-5.68 6.56532e-05
-5.67 6.82398e-05
-5.66 7.09215e-05
-5.65 7.37013e-05
-5.64 7.65826e-05
-5.63 7.95689e-05
-5.62 8.26635e-05
-5.61 8.58701e-05
-5.6 8.91924e-05
-5.59 9.26342e-05
-5.58 9.61995e-05
-5.57 9.98922e-05
-5.56 0.000103717
-5.55 0.000107677
-5.54 0.000111778
-5.53 0.000116023
-5.52 0.000120418
-5.51 0.000124967
-5.5 0.000129676
-5.49 0.000134548
-5.48 0.000139591
-5.47 0.000144808
-5.46 0.000150205
-5.45 0.000155788
-5.44 0.000161563
-5.43 0.000167536
-5.42 0.000173713
-5.41 0.000180099
-5.4 0.000186702
-5.39 0.000193529
-5.38 0.000200585
-5.37 0.000207879
-5.36 0.000215416
-5.35 0.000223205
-5.34 0.000231253
-5.33 0.000239568
-5.32 0.000248157
-5.31 0.00025703
-5.3 0.000266193
-5.29 0.000275656
-5.28 0.000285428
-5.27 0.000295517
-5.26 0.000305933
-5.25 0.000316685
-5.24 0.000327782
-5.23 0.000339236
-5.22 0.000351055
-5.21 0.00036325
-5.2 0.000375832
-5.19 0.000388812
-5.18 0.000402201
-5.17 0.000416011
-5.16 0.000430252
-5.15 0.000444937
-5.14 0.000460078
-5.13 0.000475688
-5.12 0.000491779
-5.11 0.000508365
-5.1 0.000525459
-5.09 0.000543075
-5.08 0.000561226
-5.07 0.000579926
-5.06 0.000599192
-5.05 0.000619036
-5.04 0.000639475
-5.03 0.000660524
-5.02 0.0006822
-5.01 0.000704517
-5 0.000727493
-4.99 0.000751145
-4.98 0.00077549
-4.97 0.000800546
-4.96 0.00082633
-4.95 0.00085286
-4.94 0.000880157
-4.93 0.000908238
-4.92 0.000937123
-4.91 0.000966832
-4.9 0.000997385
-4.89 0.0010288
-4.88 0.00106111
-4.87 0.00109432
-4.86 0.00112846
-4.85 0.00116355
-4.84 0.00119961
-4.83 0.00123667
-4.82 0.00127475
-4.81 0.00131388
-4.8 0.00135407
-4.79 0.00139536
-4.78 0.00143776
-4.77 0.00148131
-4.76 0.00152602
-4.75 0.00157193
-4.74 0.00161907
-4.73 0.00166745
-4.72 0.00171712
-4.71 0.00176809
-4.7 0.00182039
-4.69 0.00187406
-4.68 0.00192912
-4.67 0.0019856
-4.66 0.00204354
-4.65 0.00210296
-4.64 0.0021639
-4.63 0.00222638
-4.62 0.00229045
-4.61 0.00235613
-4.6 0.00242345
-4.59 0.00249246
-4.58 0.00256318
-4.57 0.00263565
-4.56 0.0027099
-4.55 0.00278597
-4.54 0.00286389
-4.53 0.00294371
-4.52 0.00302546
-4.51 0.00310917
-4.5 0.00319489
-4.49 0.00328265
-4.48 0.00337249
-4.47 0.00346445
-4.46 0.00355857
-4.45 0.00365489
-4.44 0.00375345
-4.43 0.00385429
-4.42 0.00395746
-4.41 0.00406298
-4.4 0.00417092
-4.39 0.00428131
-4.38 0.00439418
-4.37 0.0045096
-4.36 0.00462759
-4.35 0.00474821
-4.34 0.0048715
-4.33 0.0049975
-4.32 0.00512626
-4.31 0.00525782
-4.3 0.00539224
-4.29 0.00552955
-4.28 0.00566981
-4.27 0.00581305
-4.26 0.00595934
-4.25 0.00610871
-4.24 0.00626122
-4.23 0.00641691
-4.22 0.00657584
-4.21 0.00673804
-4.2 0.00690357
-4.19 0.00707248
-4.18 0.00724482
-4.17 0.00742064
-4.16 0.00759998
-4.15 0.0077829
-4.14 0.00796946
-4.13 0.00815969
-4.12 0.00835365
-4.11 0.00855139
-4.1 0.00875296
-4.09 0.00895842
-4.08 0.0091678
-4.07 0.00938118
-4.06 0.00959858
-4.05 0.00982008
-4.04 0.0100457
-4.03 0.0102755
-4.02 0.0105096
-4.01 0.0107479
-4 0.0109906
-3.99 0.0112377
-3.98 0.0114893
-3.97 0.0117453
-3.96 0.0120058
-3.95 0.012271
-3.94 0.0125408
-3.93 0.0128153
-3.92 0.0130946
-3.91 0.0133786
-3.9 0.0136675
-3.89 0.0139613
-3.88 0.01426
-3.87 0.0145637
-3.86 0.0148724
-3.85 0.0151863
-3.84 0.0155052
-3.83 0.0158294
-3.82 0.0161587
-3.81 0.0164933
-3.8 0.0168333
-3.79 0.0171785
-3.78 0.0175292
-3.77 0.0178854
-3.76 0.018247
-3.75 0.0186141
-3.74 0.0189868
-3.73 0.0193651
-3.72 0.0197491
-3.71 0.0201387
-3.7 0.0205341
-3.69 0.0209352
-3.68 0.0213421
-3.67 0.0217549
-3.66 0.0221735
-3.65 0.022598
-3.64 0.0230285
-3.63 0.0234649
-3.62 0.0239073
-3.61 0.0243557
-3.6 0.0248102
-3.59 0.0252707
-3.58 0.0257374
-3.57 0.0262101
-3.56 0.0266891
-3.55 0.0271742
-3.54 0.0276655
-3.53 0.028163
-3.52 0.0286667
-3.51 0.0291767
-3.5 0.0296929
-3.49 0.0302154
-3.48 0.0307442
-3.47 0.0312793
-3.46 0.0318207
-3.45 0.0323685
-3.44 0.0329225
-3.43 0.0334829
-3.42 0.0340496
-3.41 0.0346227
-3.4 0.0352021
-3.39 0.0357878
-3.38 0.0363798
-3.37 0.0369782
-3.36 0.0375829
-3.35 0.0381939
-3.34 0.0388112
-3.33 0.0394348
-3.32 0.0400647
-3.31 0.0407009
-3.3 0.0413432
-3.29 0.0419919
-3.28 0.0426467
-3.27 0.0433077
-3.26 0.0439748
-3.25 0.0446481
-3.24 0.0453275
-3.23 0.0460129
-3.22 0.0467044
-3.21 0.0474019
-3.2 0.0481054
-3.19 0.0488148
-3.18 0.0495301
-3.17 0.0502512
-3.16 0.0509781
-3.15 0.0517108
-3.14 0.0524492
-3.13 0.0531933
-3.12 0.053943
-3.11 0.0546982
-3.1 0.055459
-3.09 0.0562251
-3.08 0.0569967
-3.07 0.0577736
-3.06 0.0585557
-3.05 0.059343
-3.04 0.0601354
-3.03 0.0609329
-3.02 0.0617354
-3.01 0.0625427
-3 0.0633549
-2.99 0.0641719
-2.98 0.0649935
-2.97 0.0658197
-2.96 0.0666504
-2.95 0.0674856
-2.94 0.068325
-2.93 0.0691687
-2.92 0.0700166
-2.91 0.0708685
-2.9 0.0717244
-2.89 0.0725842
-2.88 0.0734477
-2.87 0.0743149
-2.86 0.0751857
-2.85 0.07606
-2.84 0.0769376
-2.83 0.0778184
-2.82 0.0787024
-2.81 0.0795895
-2.8 0.0804795
-2.79 0.0813723
-2.78 0.0822678
-2.77 0.0831658
-2.76 0.0840664
-2.75 0.0849693
-2.74 0.0858744
-2.73 0.0867817
-2.72 0.0876909
-2.71 0.0886021
-2.7 0.0895149
-2.69 0.0904294
-2.68 0.0913453
-2.67 0.0922627
-2.66 0.0931812
-2.65 0.0941009
-2.64 0.0950215
-2.63 0.095943
-2.62 0.0968652
-2.61 0.097788
-2.6 0.0987113
-2.59 0.0996348
-2.58 0.100559
-2.57 0.101482
-2.56 0.102406
-2.55 0.10333
-2.54 0.104253
-2.53 0.105175
-2.52 0.106097
-2.51 0.107018
-2.5 0.107939
-2.49 0.108858
-2.48 0.109776
-2.47 0.110693
-2.46 0.111608
-2.45 0.112522
-2.44 0.113434
-2.43 0.114344
-2.42 0.115252
-2.41 0.116158
-2.4 0.117062
-2.39 0.117963
-2.38 0.118861
-2.37 0.119758
-2.36 0.120651
-2.35 0.121541
-2.34 0.122428
-2.33 0.123312
-2.32 0.124193
-2.31 0.12507
-2.3 0.125944
-2.29 0.126814
-2.28 0.12768
-2.27 0.128542
-2.26 0.129399
-2.25 0.130253
-2.24 0.131103
-2.23 0.131947
-2.22 0.132788
-2.21 0.133623
-2.2 0.134454
-2.19 0.13528
-2.18 0.136101
-2.17 0.136916
-2.16 0.137727
-2.15 0.138532
-2.14 0.139331
-2.13 0.140125
-2.12 0.140913
-2.11 0.141696
-2.1 0.142472
-2.09 0.143243
-2.08 0.144007
-2.07 0.144765
-2.06 0.145517
-2.05 0.146263
-2.04 0.147002
-2.03 0.147735
-2.02 0.148461
-2.01 0.14918
-2 0.149893
-1.99 0.150599
-1.98 0.151297
-1.97 0.151989
-1.96 0.152674
-1.95 0.153352
-1.94 0.154022
-1.93 0.154685
-1.92 0.155341
-1.91 0.15599
-1.9 0.156631
-1.89 0.157264
-1.88 0.15789
-1.87 0.158509
-1.86 0.15912
-1.85 0.159723
-1.84 0.160319
-1.83 0.160906
-1.82 0.161487
-1.81 0.162059
-1.8 0.162623
-1.79 0.16318
-1.78 0.163729
-1.77 0.164269
-1.76 0.164802
-1.75 0.165327
-1.74 0.165844
-1.73 0.166353
-1.72 0.166854
-1.71 0.167348
-1.7 0.167833
-1.69 0.16831
-1.68 0.168779
-1.67 0.16924
-1.66 0.169694
-1.65 0.170139
-1.64 0.170576
-1.63 0.171006
-1.62 0.171427
-1.61 0.171841
-1.6 0.172247
-1.59 0.172645
-1.58 0.173035
-1.57 0.173417
-1.56 0.173792
-1.55 0.174159
-1.54 0.174518
-1.53 0.174869
-1.52 0.175213
-1.51 0.175549
-1.5 0.175878
-1.49 0.176199
-1.48 0.176513
-1.47 0.17682
-1.46 0.177119
-1.45 0.17741
-1.44 0.177695
-1.43 0.177972
-1.42 0.178242
-1.41 0.178505
-1.4 0.178761
-1.39 0.179011
-1.38 0.179253
-1.37 0.179488
-1.36 0.179717
-1.35 0.179939
-1.34 0.180154
-1.33 0.180363
-1.32 0.180566
-1.31 0.180762
-1.3 0.180951
-1.29 0.181135
-1.28 0.181312
-1.27 0.181483
-1.26 0.181648
-1.25 0.181808
-1.24 0.181961
-1.23 0.182109
-1.22 0.182251
-1.21 0.182387
-1.2 0.182518
-1.19 0.182643
-1.18 0.182763
-1.17 0.182878
-1.16 0.182988
-1.15 0.183092
-1.14 0.183192
-1.13 0.183286
-1.12 0.183376
-1.11 0.183461
-1.1 0.183542
-1.09 0.183618
-1.08 0.183689
-1.07 0.183756
-1.06 0.183819
-1.05 0.183878
-1.04 0.183932
-1.03 0.183983
-1.02 0.184029
-1.01 0.184072
-1 0.184111
-0.99 0.184147
-0.98 0.184179
-0.97 0.184207
-0.96 0.184232
-0.95 0.184254
-0.94 0.184272
-0.93 0.184288
-0.92 0.1843
-0.91 0.18431
-0.9 0.184316
-0.89 0.18432
-0.88 0.184321
-0.87 0.18432
-0.86 0.184316
-0.85 0.18431
-0.84 0.184301
-0.83 0.18429
-0.82 0.184277
-0.81 0.184262
-0.8 0.184245
-0.79 0.184226
-0.78 0.184205
-0.77 0.184182
-0.76 0.184158
-0.75 0.184132
-0.74 0.184104
-0.73 0.184075
-0.72 0.184045
-0.71 0.184013
-0.7 0.18398
-0.69 0.183946
-0.68 0.183911
-0.67 0.183874
-0.66 0.183837
-0.65 0.183799
-0.64 0.18376
-0.63 0.18372
-0.62 0.18368
-0.61 0.183639
-0.6 0.183598
-0.59 0.183555
-0.58 0.183513
-0.57 0.18347
-0.56 0.183427
-0.55 0.183383
-0.54 0.18334
-0.53 0.183296
-0.52 0.183252
-0.51 0.183208
-0.5 0.183164
-0.49 0.18312
-0.48 0.183076
-0.47 0.183032
-0.46 0.182989
-0.45 0.182945
-0.44 0.182902
-0.43 0.18286
-0.42 0.182818
-0.41 0.182776
-0.4 0.182734
-0.39 0.182694
-0.38 0.182653
-0.37 0.182614
-0.36 0.182574
-0.35 0.182536
-0.34 0.182498
-0.33 0.182461
-0.32 0.182425
-0.31 0.18239
-0.3 0.182355
-0.29 0.182321
-0.28 0.182288
-0.27 0.182256
-0.26 0.182225
-0.25 0.182195
-0.24 0.182166
-0.23 0.182138
-0.22 0.182111
-0.21 0.182085
-0.2 0.18206
-0.19 0.182036
-0.18 0.182013
-0.17 0.181991
-0.16 0.181971
-0.15 0.181952
-0.14 0.181933
-0.13 0.181916
-0.12 0.181901
-0.11 0.181886
-0.1 0.181873
-0.09 0.181861
-0.08 0.18185
-0.07 0.18184
-0.06 0.181832
-0.05 0.181825
-0.04 0.181819
-0.03 0.181815
-0.02 0.181812
-0.01 0.18181
0 0.181809
0.01 0.18181
0.02 0.181812
0.03 0.181815
0.04 0.181819
0.05 0.181825
0.06 0.181832
0.07 0.18184
0.08 0.18185
0.09 0.181861
0.1 0.181873
0.11 0.181886
0.12 0.181901
0.13 0.181916
0.14 0.181933
0.15 0.181952
0.16 0.181971
0.17 0.181991
0.18 0.182013
0.19 0.182036
0.2 0.18206
0.21 0.182085
0.22 0.182111
0.23 0.182138
0.24 0.182166
0.25 0.182195
0.26 0.182225
0.27 0.182256
0.28 0.182288
0.29 0.182321
0.3 0.182355
0.31 0.18239
0.32 0.182425
0.33 0.182461
0.34 0.182498
0.35 0.182536
0.36 0.182574
0.37 0.182614
0.38 0.182653
0.39 0.182694
0.4 0.182734
0.41 0.182776
0.42 0.182818
0.43 0.18286
0.44 0.182902
0.45 0.182945
0.46 0.182989
0.47 0.183032
0.48 0.183076
0.49 0.18312
0.5 0.183164
0.51 0.183208
0.52 0.183252
0.53 0.183296
0.54 0.18334
0.55 0.183383
0.56 0.183427
0.57 0.18347
0.58 0.183513
0.59 0.183555
0.6 0.183598
0.61 0.183639
0.62 0.18368
0.63 0.18372
0.64 0.18376
0.65 0.183799
0.66 0.183837
0.67 0.183874
0.68 0.183911
0.69 0.183946
0.7 0.18398
0.71 0.184013
0.72 0.184045
0.73 0.184075
0.74 0.184104
0.75 0.184132
0.76 0.184158
0.77 0.184182
0.78 0.184205
0.79 0.184226
0.8 0.184245
0.81 0.184262
0.82 0.184277
0.83 0.18429
0.84 0.184301
0.85 0.18431
0.86 0.184316
0.87 0.18432
0.88 0.184321
0.89 0.18432
0.9 0.184316
0.91 0.18431
0.92 0.1843
0.93 0.184288
0.94 0.184272
0.95 0.184254
0.96 0.184232
0.97 0.184207
0.98 0.184179
0.99 0.184147
1 0.184111
1.01 0.184072
1.02 0.184029
1.03 0.183983
1.04 0.183932
1.05 0.183878
1.06 0.183819
1.07 0.183756
1.08 0.183689
1.09 0.183618
1.1 0.183542
1.11 0.183461
1.12 0.183376
1.13 0.183286
1.14 0.183192
1.15 0.183092
1.16 0.182988
1.17 0.182878
1.18 0.182763
1.19 0.182643
1.2 0.182518
1.21 0.182387
1.22 0.182251
1.23 0.182109
1.24 0.181961
1.25 0.181808
1.26 0.181648
1.27 0.181483
1.28 0.181312
1.29 0.181135
1.3 0.180951
1.31 0.180762
1.32 0.180566
1.33 0.180363
1.34 0.180154
1.35 0.179939
1.36 0.179717
1.37 0.179488
1.38 0.179253
1.39 0.179011
1.4 0.178761
1.41 0.178505
1.42 0.178242
1.43 0.177972
1.44 0.177695
1.45 0.17741
1.46 0.177119
1.47 0.17682
1.48 0.176513
1.49 0.176199
1.5 0.175878
1.51 0.175549
1.52 0.175213
1.53 0.174869
1.54 0.174518
1.55 0.174159
1.56 0.173792
1.57 0.173417
1.58 0.173035
1.59 0.172645
1.6 0.172247
1.61 0.171841
1.62 0.171427
1.63 0.171006
1.64 0.170576
1.65 0.170139
1.66 0.169694
1.67 0.16924
1.68 0.168779
1.69 0.16831
1.7 0.167833
1.71 0.167348
1.72 0.166854
1.73 0.166353
1.74 0.165844
1.75 0.165327
1.76 0.164802
1.77 0.164269
1.78 0.163729
1.79 0.16318
1.8 0.162623
1.81 0.162059
1.82 0.161487
1.83 0.160906
1.84 0.160319
1.85 0.159723
1.86 0.15912
1.87 0.158509
1.88 0.15789
1.89 0.157264
1.9 0.156631
1.91 0.15599
1.92 0.155341
1.93 0.154685
1.94 0.154022
1.95 0.153352
1.96 0.152674
1.97 0.151989
1.98 0.151297
1.99 0.150599
2 0.149893
2.01 0.14918
2.02 0.148461
2.03 0.147735
2.04 0.147002
2.05 0.146263
2.06 0.145517
2.07 0.144765
2.08 0.144007
2.09 0.143243
2.1 0.142472
2.11 0.141696
2.12 0.140913
2.13 0.140125
2.14 0.139331
2.15 0.138532
2.16 0.137727
2.17 0.136916
2.18 0.136101
2.19 0.13528
2.2 0.134454
2.21 0.133623
2.22 0.132788
2.23 0.131947
2.24 0.131103
2.25 0.130253
2.26 0.129399
2.27 0.128542
2.28 0.12768
2.29 0.126814
2.3 0.125944
2.31 0.12507
2.32 0.124193
2.33 0.123312
2.34 0.122428
2.35 0.121541
2.36 0.120651
2.37 0.119758
2.38 0.118861
2.39 0.117963
2.4 0.117062
2.41 0.116158
2.42 0.115252
2.43 0.114344
2.44 0.113434
2.45 0.112522
2.46 0.111608
2.47 0.110693
2.48 0.109776
2.49 0.108858
2.5 0.107939
2.51 0.107018
2.52 0.106097
2.53 0.105175
2.54 0.104253
2.55 0.10333
2.56 0.102406
2.57 0.101482
2.58 0.100559
2.59 0.0996348
2.6 0.0987113
2.61 0.097788
2.62 0.0968652
2.63 0.095943
2.64 0.0950215
2.65 0.0941009
2.66 0.0931812
2.67 0.0922627
2.68 0.0913453
2.69 0.0904294
2.7 0.0895149
2.71 0.0886021
2.72 0.0876909
2.73 0.0867817
2.74 0.0858744
2.75 0.0849693
2.76 0.0840664
2.77 0.0831658
2.78 0.0822678
2.79 0.0813723
2.8 0.0804795
2.81 0.0795895
2.82 0.0787024
2.83 0.0778184
2.84 0.0769376
2.85 0.07606
2.86 0.0751857
2.87 0.0743149
2.88 0.0734477
2.89 0.0725842
2.9 0.0717244
2.91 0.0708685
2.92 0.0700166
2.93 0.0691687
2.94 0.068325
2.95 0.0674856
2.96 0.0666504
2.97 0.0658197
2.98 0.0649935
2.99 0.0641719
3 0.0633549
3.01 0.0625427
3.02 0.0617354
3.03 0.0609329
3.04 0.0601354
3.05 0.059343
3.06 0.0585557
3.07 0.0577736
3.08 0.0569967
3.09 0.0562251
3.1 0.055459
3.11 0.0546982
3.12 0.053943
3.13 0.0531933
3.14 0.0524492
3.15 0.0517108
3.16 0.0509781
3.17 0.0502512
3.18 0.0495301
3.19 0.0488148
3.2 0.0481054
3.21 0.0474019
3.22 0.0467044
3.23 0.0460129
3.24 0.0453275
3.25 0.0446481
3.26 0.0439748
3.27 0.0433077
3.28 0.0426467
3.29 0.0419919
3.3 0.0413432
3.31 0.0407009
3.32 0.0400647
3.33 0.0394348
3.34 0.0388112
3.35 0.0381939
3.36 0.0375829
3.37 0.0369782
3.38 0.0363798
3.39 0.0357878
3.4 0.0352021
3.41 0.0346227
3.42 0.0340496
3.43 0.0334829
3.44 0.0329225
3.45 0.0323685
3.46 0.0318207
3.47 0.0312793
3.48 0.0307442
3.49 0.0302154
3.5 0.0296929
3.51 0.0291767
3.52 0.0286667
3.53 0.028163
3.54 0.0276655
3.55 0.0271742
3.56 0.0266891
3.57 0.0262101
3.58 0.0257374
3.59 0.0252707
3.6 0.0248102
3.61 0.0243557
3.62 0.0239073
3.63 0.0234649
3.64 0.0230285
3.65 0.022598
3.66 0.0221735
3.67 0.0217549
3.68 0.0213421
3.69 0.0209352
3.7 0.0205341
3.71 0.0201387
3.72 0.0197491
3.73 0.0193651
3.74 0.0189868
3.75 0.0186141
3.76 0.018247
3.77 0.0178854
3.78 0.0175292
3.79 0.0171785
3.8 0.0168333
3.81 0.0164933
3.82 0.0161587
3.83 0.0158294
3.84 0.0155052
3.85 0.0151863
3.86 0.0148724
3.87 0.0145637
3.88 0.01426
3.89 0.0139613
3.9 0.0136675
3.91 0.0133786
3.92 0.0130946
3.93 0.0128153
3.94 0.0125408
3.95 0.012271
3.96 0.0120058
3.97 0.0117453
3.98 0.0114893
3.99 0.0112377
4 0.0109906
4.01 0.0107479
4.02 0.0105096
4.03 0.0102755
4.04 0.0100457
4.05 0.00982008
4.06 0.00959858
4.07 0.00938118
4.08 0.0091678
4.09 0.00895842
4.1 0.00875296
4.11 0.00855139
4.12 0.00835365
4.13 0.00815969
4.14 0.00796946
4.15 0.0077829
4.16 0.00759998
4.17 0.00742064
4.18 0.00724482
4.19 0.00707248
4.2 0.00690357
4.21 0.00673804
4.22 0.00657584
4.23 0.00641691
4.24 0.00626122
4.25 0.00610871
4.26 0.00595934
4.27 0.00581305
4.28 0.00566981
4.29 0.00552955
4.3 0.00539224
4.31 0.00525782
4.32 0.00512626
4.33 0.0049975
4.34 0.0048715
4.35 0.00474821
4.36 0.00462759
4.37 0.0045096
4.38 0.00439418
4.39 0.00428131
4.4 0.00417092
4.41 0.00406298
4.42 0.00395746
4.43 0.00385429
4.44 0.00375345
4.45 0.00365489
4.46 0.00355857
4.47 0.00346445
4.48 0.00337249
4.49 0.00328265
4.5 0.00319489
4.51 0.00310917
4.52 0.00302546
4.53 0.00294371
4.54 0.00286389
4.55 0.00278597
4.56 0.0027099
4.57 0.00263565
4.58 0.00256318
4.59 0.00249246
4.6 0.00242345
4.61 0.00235613
4.62 0.00229045
4.63 0.00222638
4.64 0.0021639
4.65 0.00210296
4.66 0.00204354
4.67 0.0019856
4.68 0.00192912
4.69 0.00187406
4.7 0.00182039
4.71 0.00176809
4.72 0.00171712
4.73 0.00166745
4.74 0.00161907
4.75 0.00157193
4.76 0.00152602
4.77 0.00148131
4.78 0.00143776
4.79 0.00139536
4.8 0.00135407
4.81 0.00131388
4.82 0.00127475
4.83 0.00123667
4.84 0.00119961
4.85 0.00116355
4.86 0.00112846
4.87 0.00109432
4.88 0.00106111
4.89 0.0010288
4.9 0.000997385
4.91 0.000966832
4.92 0.000937123
4.93 0.000908238
4.94 0.000880157
4.95 0.00085286
4.96 0.00082633
4.97 0.000800546
4.98 0.00077549
4.99 0.000751145
5 0.000727493
5.01 0.000704517
5.02 0.0006822
5.03 0.000660524
5.04 0.000639475
5.05 0.000619036
5.06 0.000599192
5.07 0.000579926
5.08 0.000561226
5.09 0.000543075
5.1 0.000525459
5.11 0.000508365
5.12 0.000491779
5.13 0.000475688
5.14 0.000460078
5.15 0.000444937
5.16 0.000430252
5.17 0.000416011
5.18 0.000402201
5.19 0.000388812
5.2 0.000375832
5.21 0.00036325
5.22 0.000351055
5.23 0.000339236
5.24 0.000327782
5.25 0.000316685
5.26 0.000305933
5.27 0.000295517
5.28 0.000285428
5.29 0.000275656
5.3 0.000266193
5.31 0.00025703
5.32 0.000248157
5.33 0.000239568
5.34 0.000231253
5.35 0.000223205
5.36 0.000215416
5.37 0.000207879
5.38 0.000200585
5.39 0.000193529
5.4 0.000186702
5.41 0.000180099
5.42 0.000173713
5.43 0.000167536
5.44 0.000161563
5.45 0.000155788
5.46 0.000150205
5.47 0.000144808
5.48 0.000139591
5.49 0.000134548
5.5 0.000129676
5.51 0.000124967
5.52 0.000120418
5.53 0.000116023
5.54 0.000111778
5.55 0.000107677
5.56 0.000103717
5.57 9.98922e-05
5.58 9.61995e-05
5.59 9.26342e-05
5.6 8.91924e-05
5.61 8.58701e-05
5.62 8.26635e-05
5.63 7.95689e-05
5.64 7.65826e-05
5.65 7.37013e-05
5.66 7.09215e-05
5.67 6.82398e-05
5.68 6.56532e-05
5.69 6.31585e-05
5.7 6.07527e-05
5.71 5.84328e-05
5.72 5.6196e-05
5.73 5.40397e-05
5.74 5.1961e-05
5.75 4.99574e-05
5.76 4.80264e-05
5.77 4.61656e-05
5.78 4.43725e-05
5.79 4.2645e-05
5.8 4.09807e-05
5.81 3.93776e-05
5.82 3.78335e-05
5.83 3.63464e-05
5.84 3.49144e-05
5.85 3.35356e-05
5.86 3.22081e-05
5.87 3.09301e-05
5.88 2.97e-05
5.89 2.85161e-05
5.9 2.73767e-05
5.91 2.62802e-05
5.92 2.52253e-05
5.93 2.42103e-05
5.94 2.3234e-05
5.95 2.22949e-05
5.96 2.13916e-05
5.97 2.0523e-05
5.98 1.96877e-05
5.99 1.88847e-05
