-6 0.00958126
-5.99 0.00969512
-5.98 0.00981005
-5.97 0.00992605
-5.96 0.0100431
-5.95 0.0101613
-5.94 0.0102806
-5.93 0.010401
-5.92 0.0105225
-5.91 0.0106451
-5.9 0.0107688
-5.89 0.0108936
-5.88 0.0110196
-5.87 0.0111467
-5.86 0.0112749
-5.85 0.0114043
-5.84 0.0115349
-5.83 0.0116666
-5.82 0.0117995
-5.81 0.0119336
-5.8 0.0120688
-5.79 0.0122052
-5.78 0.0123428
-5.77 0.0124816
-5.76 0.0126216
-5.75 0.0127628
-5.74 0.0129052
-5.73 0.0130488
-5.72 0.0131936
-5.71 0.0133397
-5.7 0.013487
-5.69 0.0136355
-5.68 0.0137853
-5.67 0.0139363
-5.66 0.0140886
-5.65 0.0142421
-5.64 0.0143969
-5.63 0.014553
-5.62 0.0147103
-5.61 0.0148689
-5.6 0.0150287
-5.59 0.0151899
-5.58 0.0153524
-5.57 0.0155161
-5.56 0.0156811
-5.55 0.0158475
-5.54 0.0160151
-5.53 0.0161841
-5.52 0.0163544
-5.51 0.016526
-5.5 0.0166989
-5.49 0.0168731
-5.48 0.0170487
-5.47 0.0172256
-5.46 0.0174038
-5.45 0.0175834
-5.44 0.0177643
-5.43 0.0179466
-5.42 0.0181303
-5.41 0.0183153
-5.4 0.0185016
-5.39 0.0186893
-5.38 0.0188784
-5.37 0.0190688
-5.36 0.0192606
-5.35 0.0194538
-5.34 0.0196484
-5.33 0.0198443
-5.32 0.0200417
-5.31 0.0202404
-5.3 0.0204405
-5.29 0.020642
-5.28 0.0208448
-5.27 0.0210491
-5.26 0.0212548
-5.25 0.0214618
-5.24 0.0216703
-5.23 0.0218802
-5.22 0.0220915
-5.21 0.0223041
-5.2 0.0225182
-5.19 0.0227337
-5.18 0.0229506
-5.17 0.0231689
-5.16 0.0233886
-5.15 0.0236097
-5.14 0.0238323
-5.13 0.0240562
-5.12 0.0242816
-5.11 0.0245084
-5.1 0.0247366
-5.09 0.0249662
-5.08 0.0251972
-5.07 0.0254296
-5.06 0.0256635
-5.05 0.0258987
-5.04 0.0261354
-5.03 0.0263735
-5.02 0.026613
-5.01 0.0268539
-5 0.0270963
-4.99 0.02734
-4.98 0.0275852
-4.97 0.0278317
-4.96 0.0280797
-4.95 0.0283291
-4.94 0.0285798
-4.93 0.028832
-4.92 0.0290856
-4.91 0.0293406
-4.9 0.0295969
-4.89 0.0298547
-4.88 0.0301139
-4.87 0.0303744
-4.86 0.0306363
-4.85 0.0308997
-4.84 0.0311644
-4.83 0.0314304
-4.82 0.0316979
-4.81 0.0319667
-4.8 0.0322369
-4.79 0.0325085
-4.78 0.0327814
-4.77 0.0330557
-4.76 0.0333313
-4.75 0.0336083
-4.74 0.0338866
-4.73 0.0341663
-4.72 0.0344472
-4.71 0.0347296
-4.7 0.0350132
-4.69 0.0352982
-4.68 0.0355845
-4.67 0.0358721
-4.66 0.036161
-4.65 0.0364512
-4.64 0.0367427
-4.63 0.0370355
-4.62 0.0373296
-4.61 0.0376249
-4.6 0.0379215
-4.59 0.0382194
-4.58 0.0385186
-4.57 0.038819
-4.56 0.0391206
-4.55 0.0394235
-4.54 0.0397276
-4.53 0.0400329
-4.52 0.0403394
-4.51 0.0406471
-4.5 0.0409561
-4.49 0.0412662
-4.48 0.0415775
-4.47 0.04189
-4.46 0.0422037
-4.45 0.0425185
-4.44 0.0428344
-4.43 0.0431515
-4.42 0.0434698
-4.41 0.0437891
-4.4 0.0441096
-4.39 0.0444312
-4.38 0.0447538
-4.37 0.0450776
-4.36 0.0454024
-4.35 0.0457283
-4.34 0.0460552
-4.33 0.0463832
-4.32 0.0467123
-4.31 0.0470423
-4.3 0.0473734
-4.29 0.0477054
-4.28 0.0480385
-4.27 0.0483725
-4.26 0.0487075
-4.25 0.0490435
-4.24 0.0493804
-4.23 0.0497182
-4.22 0.050057
-4.21 0.0503966
-4.2 0.0507372
-4.19 0.0510787
-4.18 0.051421
-4.17 0.0517642
-4.16 0.0521082
-4.15 0.0524531
-4.14 0.0527988
-4.13 0.0531453
-4.12 0.0534926
-4.11 0.0538406
-4.1 0.0541895
-4.09 0.0545391
-4.08 0.0548894
-4.07 0.0552405
-4.06 0.0555923
-4.05 0.0559448
-4.04 0.056298
-4.03 0.0566518
-4.02 0.0570063
-4.01 0.0573615
-4 0.0577173
-3.99 0.0580736
-3.98 0.0584306
-3.97 0.0587882
-3.96 0.0591463
-3.95 0.059505
-3.94 0.0598643
-3.93 0.060224
-3.92 0.0605843
-3.91 0.060945
-3.9 0.0613062
-3.89 0.0616679
-3.88 0.0620301
-3.87 0.0623926
-3.86 0.0627556
-3.85 0.0631189
-3.84 0.0634827
-3.83 0.0638468
-3.82 0.0642112
-3.81 0.064576
-3.8 0.0649411
-3.79 0.0653064
-3.78 0.0656721
-3.77 0.066038
-3.76 0.0664042
-3.75 0.0667706
-3.74 0.0671371
-3.73 0.0675039
-3.72 0.0678709
-3.71 0.068238
-3.7 0.0686053
-3.69 0.0689727
-3.68 0.0693401
-3.67 0.0697077
-3.66 0.0700753
-3.65 0.070443
-3.64 0.0708108
-3.63 0.0711785
-3.62 0.0715462
-3.61 0.0719139
-3.6 0.0722816
-3.59 0.0726492
-3.58 0.0730168
-3.57 0.0733842
-3.56 0.0737515
-3.55 0.0741187
-3.54 0.0744858
-3.53 0.0748527
-3.52 0.0752194
-3.51 0.0755859
-3.5 0.0759521
-3.49 0.0763182
-3.48 0.0766839
-3.47 0.0770494
-3.46 0.0774146
-3.45 0.0777795
-3.44 0.078144
-3.43 0.0785082
-3.42 0.0788721
-3.41 0.0792355
-3.4 0.0795985
-3.39 0.0799611
-3.38 0.0803232
-3.37 0.0806849
-3.36 0.0810461
-3.35 0.0814068
-3.34 0.081767
-3.33 0.0821266
-3.32 0.0824857
-3.31 0.0828442
-3.3 0.0832021
-3.29 0.0835594
-3.28 0.0839161
-3.27 0.0842721
-3.26 0.0846274
-3.25 0.0849821
-3.24 0.085336
-3.23 0.0856892
-3.22 0.0860417
-3.21 0.0863934
-3.2 0.0867444
-3.19 0.0870945
-3.18 0.0874439
-3.17 0.0877924
-3.16 0.08814
-3.15 0.0884868
-3.14 0.0888327
-3.13 0.0891777
-3.12 0.0895218
-3.11 0.0898649
-3.1 0.0902071
-3.09 0.0905483
-3.08 0.0908885
-3.07 0.0912277
-3.06 0.0915659
-3.05 0.091903
-3.04 0.0922391
-3.03 0.0925741
-3.02 0.092908
-3.01 0.0932408
-3 0.0935724
-2.99 0.093903
-2.98 0.0942323
-2.97 0.0945605
-2.96 0.0948875
-2.95 0.0952133
-2.94 0.0955379
-2.93 0.0958612
-2.92 0.0961833
-2.91 0.0965041
-2.9 0.0968236
-2.89 0.0971418
-2.88 0.0974587
-2.87 0.0977742
-2.86 0.0980884
-2.85 0.0984013
-2.84 0.0987128
-2.83 0.0990228
-2.82 0.0993315
-2.81 0.0996388
-2.8 0.0999446
-2.79 0.100249
-2.78 0.100552
-2.77 0.100853
-2.76 0.101153
-2.75 0.101452
-2.74 0.101749
-2.73 0.102044
-2.72 0.102338
-2.71 0.10263
-2.7 0.102921
-2.69 0.10321
-2.68 0.103498
-2.67 0.103784
-2.66 0.104068
-2.65 0.104351
-2.64 0.104632
-2.63 0.104911
-2.62 0.105189
-2.61 0.105465
-2.6 0.10574
-2.59 0.106012
-2.58 0.106283
-2.57 0.106553
-2.56 0.10682
-2.55 0.107086
-2.54 0.10735
-2.53 0.107613
-2.52 0.107873
-2.51 0.108132
-2.5 0.108389
-2.49 0.108645
-2.48 0.108898
-2.47 0.10915
-2.46 0.1094
-2.45 0.109648
-2.44 0.109894
-2.43 0.110139
-2.42 0.110381
-2.41 0.110622
-2.4 0.110861
-2.39 0.111098
-2.38 0.111333
-2.37 0.111566
-2.36 0.111798
-2.35 0.112027
-2.34 0.112255
-2.33 0.112481
-2.32 0.112705
-2.31 0.112927
-2.3 0.113147
-2.29 0.113365
-2.28 0.113581
-2.27 0.113795
-2.26 0.114008
-2.25 0.114218
-2.24 0.114427
-2.23 0.114633
-2.22 0.114838
-2.21 0.115041
-2.2 0.115242
-2.19 0.115441
-2.18 0.115638
-2.17 0.115833
-2.16 0.116026
-2.15 0.116217
-2.14 0.116406
-2.13 0.116594
-2.12 0.116779
-2.11 0.116962
-2.1 0.117144
-2.09 0.117323
-2.08 0.117501
-2.07 0.117676
-2.06 0.11785
-2.05 0.118022
-2.04 0.118192
-2.03 0.11836
-2.02 0.118526
-2.01 0.11869
-2 0.118852
-1.99 0.119012
-1.98 0.11917
-1.97 0.119327
-1.96 0.119481
-1.95 0.119634
-1.94 0.119784
-1.93 0.119933
-1.92 0.12008
-1.91 0.120225
-1.9 0.120368
-1.89 0.120509
-1.88 0.120648
-1.87 0.120786
-1.86 0.120921
-1.85 0.121055
-1.84 0.121187
-1.83 0.121317
-1.82 0.121445
-1.81 0.121572
-1.8 0.121696
-1.79 0.121819
-1.78 0.12194
-1.77 0.122059
-1.76 0.122176
-1.75 0.122292
-1.74 0.122405
-1.73 0.122517
-1.72 0.122628
-1.71 0.122736
-1.7 0.122843
-1.69 0.122948
-1.68 0.123051
-1.67 0.123153
-1.66 0.123252
-1.65 0.123351
-1.64 0.123447
-1.63 0.123542
-1.62 0.123635
-1.61 0.123726
-1.6 0.123816
-1.59 0.123904
-1.58 0.123991
-1.57 0.124076
-1.56 0.124159
-1.55 0.124241
-1.54 0.124321
-1.53 0.1244
-1.52 0.124477
-1.51 0.124553
-1.5 0.124627
-1.49 0.124699
-1.48 0.12477
-1.47 0.12484
-1.46 0.124908
-1.45 0.124974
-1.44 0.12504
-1.43 0.125103
-1.42 0.125166
-1.41 0.125227
-1.4 0.125286
-1.39 0.125344
-1.38 0.125401
-1.37 0.125456
-1.36 0.12551
-1.35 0.125563
-1.34 0.125614
-1.33 0.125665
-1.32 0.125713
-1.31 0.125761
-1.3 0.125807
-1.29 0.125852
-1.28 0.125896
-1.27 0.125939
-1.26 0.12598
-1.25 0.126021
-1.24 0.12606
-1.23 0.126098
-1.22 0.126134
-1.21 0.12617
-1.2 0.126205
-1.19 0.126238
-1.18 0.126271
-1.17 0.126302
-1.16 0.126333
-1.15 0.126362
-1.14 0.12639
-1.13 0.126418
-1.12 0.126444
-1.11 0.126469
-1.1 0.126494
-1.09 0.126517
-1.08 0.12654
-1.07 0.126562
-1.06 0.126582
-1.05 0.126602
-1.04 0.126621
-1.03 0.12664
-1.02 0.126657
-1.01 0.126674
-1 0.12669
-0.99 0.126705
-0.98 0.126719
-0.97 0.126732
-0.96 0.126745
-0.95 0.126757
-0.94 0.126769
-0.93 0.12678
-0.92 0.12679
-0.91 0.126799
-0.9 0.126808
-0.89 0.126816
-0.88 0.126824
-0.87 0.126831
-0.86 0.126837
-0.85 0.126843
-0.84 0.126848
-0.83 0.126853
-0.82 0.126857
-0.81 0.126861
-0.8 0.126865
-0.79 0.126867
-0.78 0.12687
-0.77 0.126872
-0.76 0.126873
-0.75 0.126874
-0.74 0.126875
-0.73 0.126875
-0.72 0.126875
-0.71 0.126875
-0.7 0.126874
-0.69 0.126873
-0.68 0.126872
-0.67 0.12687
-0.66 0.126868
-0.65 0.126866
-0.64 0.126863
-0.63 0.126861
-0.62 0.126858
-0.61 0.126854
-0.6 0.126851
-0.59 0.126847
-0.58 0.126844
-0.57 0.12684
-0.56 0.126836
-0.55 0.126832
-0.54 0.126827
-0.53 0.126823
-0.52 0.126819
-0.51 0.126814
-0.5 0.12681
-0.49 0.126805
-0.48 0.126801
-0.47 0.126796
-0.46 0.126792
-0.45 0.126787
-0.44 0.126783
-0.43 0.126779
-0.42 0.126775
-0.41 0.126771
-0.4 0.126767
-0.39 0.126764
-0.38 0.12676
-0.37 0.126758
-0.36 0.126755
-0.35 0.126753
-0.34 0.126751
-0.33 0.126749
-0.32 0.126748
-0.31 0.126747
-0.3 0.126747
-0.29 0.126747
-0.28 0.126748
-0.27 0.126749
-0.26 0.12675
-0.25 0.126752
-0.24 0.126755
-0.23 0.126758
-0.22 0.126761
-0.21 0.126764
-0.2 0.126769
-0.19 0.126773
-0.18 0.126778
-0.17 0.126783
-0.16 0.126788
-0.15 0.126793
-0.14 0.126798
-0.13 0.126803
-0.12 0.126809
-0.11 0.126814
-0.1 0.126819
-0.09 0.126824
-0.08 0.126828
-0.07 0.126832
-0.06 0.126836
-0.05 0.126839
-0.04 0.126841
-0.03 0.126844
-0.02 0.126845
-0.01 0.126846
0 0.126846
0.01 0.126846
0.02 0.126845
0.03 0.126844
0.04 0.126841
0.05 0.126839
0.06 0.126836
0.07 0.126832
0.08 0.126828
0.09 0.126824
0.1 0.126819
0.11 0.126814
0.12 0.126809
0.13 0.126803
0.14 0.126798
0.15 0.126793
0.16 0.126788
0.17 0.126783
0.18 0.126778
0.19 0.126773
0.2 0.126769
0.21 0.126764
0.22 0.126761
0.23 0.126758
0.24 0.126755
0.25 0.126752
0.26 0.12675
0.27 0.126749
0.28 0.126748
0.29 0.126747
0.3 0.126747
0.31 0.126747
0.32 0.126748
0.33 0.126749
0.34 0.126751
0.35 0.126753
0.36 0.126755
0.37 0.126758
0.38 0.12676
0.39 0.126764
0.4 0.126767
0.41 0.126771
0.42 0.126775
0.43 0.126779
0.44 0.126783
0.45 0.126787
0.46 0.126792
0.47 0.126796
0.48 0.126801
0.49 0.126805
0.5 0.12681
0.51 0.126814
0.52 0.126819
0.53 0.126823
0.54 0.126827
0.55 0.126832
0.56 0.126836
0.57 0.12684
0.58 0.126844
0.59 0.126847
0.6 0.126851
0.61 0.126854
0.62 0.126858
0.63 0.126861
0.64 0.126863
0.65 0.126866
0.66 0.126868
0.67 0.12687
0.68 0.126872
0.69 0.126873
0.7 0.126874
0.71 0.126875
0.72 0.126875
0.73 0.126875
0.74 0.126875
0.75 0.126874
0.76 0.126873
0.77 0.126872
0.78 0.12687
0.79 0.126867
0.8 0.126865
0.81 0.126861
0.82 0.126857
0.83 0.126853
0.84 0.126848
0.85 0.126843
0.86 0.126837
0.87 0.126831
0.88 0.126824
0.89 0.126816
0.9 0.126808
0.91 0.126799
0.92 0.12679
0.93 0.12678
0.94 0.126769
0.95 0.126757
0.96 0.126745
0.97 0.126732
0.98 0.126719
0.99 0.126705
1 0.12669
1.01 0.126674
1.02 0.126657
1.03 0.12664
1.04 0.126621
1.05 0.126602
1.06 0.126582
1.07 0.126562
1.08 0.12654
1.09 0.126517
1.1 0.126494
1.11 0.126469
1.12 0.126444
1.13 0.126418
1.14 0.12639
1.15 0.126362
1.16 0.126333
1.17 0.126302
1.18 0.126271
1.19 0.126238
1.2 0.126205
1.21 0.12617
1.22 0.126134
1.23 0.126098
1.24 0.12606
1.25 0.126021
1.26 0.12598
1.27 0.125939
1.28 0.125896
1.29 0.125852
1.3 0.125807
1.31 0.125761
1.32 0.125713
1.33 0.125665
1.34 0.125614
1.35 0.125563
1.36 0.12551
1.37 0.125456
1.38 0.125401
1.39 0.125344
1.4 0.125286
1.41 0.125227
1.42 0.125166
1.43 0.125103
1.44 0.12504
1.45 0.124974
1.46 0.124908
1.47 0.12484
1.48 0.12477
1.49 0.124699
1.5 0.124627
1.51 0.124553
1.52 0.124477
1.53 0.1244
1.54 0.124321
1.55 0.124241
1.56 0.124159
1.57 0.124076
1.58 0.123991
1.59 0.123904
1.6 0.123816
1.61 0.123726
1.62 0.123635
1.63 0.123542
1.64 0.123447
1.65 0.123351
1.66 0.123252
1.67 0.123153
1.68 0.123051
1.69 0.122948
1.7 0.122843
1.71 0.122736
1.72 0.122628
1.73 0.122517
1.74 0.122405
1.75 0.122292
1.76 0.122176
1.77 0.122059
1.78 0.12194
1.79 0.121819
1.8 0.121696
1.81 0.121572
1.82 0.121445
1.83 0.121317
1.84 0.121187
1.85 0.121055
1.86 0.120921
1.87 0.120786
1.88 0.120648
1.89 0.120509
1.9 0.120368
1.91 0.120225
1.92 0.12008
1.93 0.119933
1.94 0.119784
1.95 0.119634
1.96 0.119481
1.97 0.119327
1.98 0.11917
1.99 0.119012
2 0.118852
2.01 0.11869
2.02 0.118526
2.03 0.11836
2.04 0.118192
2.05 0.118022
2.06 0.11785
2.07 0.117676
2.08 0.117501
2.09 0.117323
2.1 0.117144
2.11 0.116962
2.12 0.116779
2.13 0.116594
2.14 0.116406
2.15 0.116217
2.16 0.116026
2.17 0.115833
2.18 0.115638
2.19 0.115441
2.2 0.115242
2.21 0.115041
2.22 0.114838
2.23 0.114633
2.24 0.114427
2.25 0.114218
2.26 0.114008
2.27 0.113795
2.28 0.113581
2.29 0.113365
2.3 0.113147
2.31 0.112927
2.32 0.112705
2.33 0.112481
2.34 0.112255
2.35 0.112027
2.36 0.111798
2.37 0.111566
2.38 0.111333
2.39 0.111098
2.4 0.110861
2.41 0.110622
2.42 0.110381
2.43 0.110139
2.44 0.109894
2.45 0.109648
2.46 0.1094
2.47 0.10915
2.48 0.108898
2.49 0.108645
2.5 0.108389
2.51 0.108132
2.52 0.107873
2.53 0.107613
2.54 0.10735
2.55 0.107086
2.56 0.10682
2.57 0.106553
2.58 0.106283
2.59 0.106012
2.6 0.10574
2.61 0.105465
2.62 0.105189
2.63 0.104911
2.64 0.104632
2.65 0.104351
2.66 0.104068
2.67 0.103784
2.68 0.103498
2.69 0.10321
2.7 0.102921
2.71 0.10263
2.72 0.102338
2.73 0.102044
2.74 0.101749
2.75 0.101452
2.76 0.101153
2.77 0.100853
2.78 0.100552
2.79 0.100249
2.8 0.0999446
2.81 0.0996388
2.82 0.0993315
2.83 0.0990228
2.84 0.0987128
2.85 0.0984013
2.86 0.0980884
2.87 0.0977742
2.88 0.0974587
2.89 0.0971418
2.9 0.0968236
2.91 0.0965041
2.92 0.0961833
2.93 0.0958612
2.94 0.0955379
2.95 0.0952133
2.96 0.0948875
2.97 0.0945605
2.98 0.0942323
2.99 0.093903
3 0.0935724
3.01 0.0932408
3.02 0.092908
3.03 0.0925741
3.04 0.0922391
3.05 0.091903
3.06 0.0915659
3.07 0.0912277
3.08 0.0908885
3.09 0.0905483
3.1 0.0902071
3.11 0.0898649
3.12 0.0895218
3.13 0.0891777
3.14 0.0888327
3.15 0.0884868
3.16 0.08814
3.17 0.0877924
3.18 0.0874439
3.19 0.0870945
3.2 0.0867444
3.21 0.0863934
3.22 0.0860417
3.23 0.0856892
3.24 0.085336
3.25 0.0849821
3.26 0.0846274
3.27 0.0842721
3.28 0.0839161
3.29 0.0835594
3.3 0.0832021
3.31 0.0828442
3.32 0.0824857
3.33 0.0821266
3.34 0.081767
3.35 0.0814068
3.36 0.0810461
3.37 0.0806849
3.38 0.0803232
3.39 0.0799611
3.4 0.0795985
3.41 0.0792355
3.42 0.0788721
3.43 0.0785082
3.44 0.078144
3.45 0.0777795
3.46 0.0774146
3.47 0.0770494
3.48 0.0766839
3.49 0.0763182
3.5 0.0759521
3.51 0.0755859
3.52 0.0752194
3.53 0.0748527
3.54 0.0744858
3.55 0.0741187
3.56 0.0737515
3.57 0.0733842
3.58 0.0730168
3.59 0.0726492
3.6 0.0722816
3.61 0.0719139
3.62 0.0715462
3.63 0.0711785
3.64 0.0708108
3.65 0.070443
3.66 0.0700753
3.67 0.0697077
3.68 0.0693401
3.69 0.0689727
3.7 0.0686053
3.71 0.068238
3.72 0.0678709
3.73 0.0675039
3.74 0.0671371
3.75 0.0667706
3.76 0.0664042
3.77 0.066038
3.78 0.0656721
3.79 0.0653064
3.8 0.0649411
3.81 0.064576
3.82 0.0642112
3.83 0.0638468
3.84 0.0634827
3.85 0.0631189
3.86 0.0627556
3.87 0.0623926
3.88 0.0620301
3.89 0.0616679
3.9 0.0613062
3.91 0.060945
3.92 0.0605843
3.93 0.060224
3.94 0.0598643
3.95 0.059505
3.96 0.0591463
3.97 0.0587882
3.98 0.0584306
3.99 0.0580736
4 0.0577173
4.01 0.0573615
4.02 0.0570063
4.03 0.0566518
4.04 0.056298
4.05 0.0559448
4.06 0.0555923
4.07 0.0552405
4.08 0.0548894
4.09 0.0545391
4.1 0.0541895
4.11 0.0538406
4.12 0.0534926
4.13 0.0531453
4.14 0.0527988
4.15 0.0524531
4.16 0.0521082
4.17 0.0517642
4.18 0.051421
4.19 0.0510787
4.2 0.0507372
4.21 0.0503966
4.22 0.050057
4.23 0.0497182
4.24 0.0493804
4.25 0.0490435
4.26 0.0487075
4.27 0.0483725
4.28 0.0480385
4.29 0.0477054
4.3 0.0473734
4.31 0.0470423
4.32 0.0467123
4.33 0.0463832
4.34 0.0460552
4.35 0.0457283
4.36 0.0454024
4.37 0.0450776
4.38 0.0447538
4.39 0.0444312
4.4 0.0441096
4.41 0.0437891
4.42 0.0434698
4.43 0.0431515
4.44 0.0428344
4.45 0.0425185
4.46 0.0422037
4.47 0.04189
4.48 0.0415775
4.49 0.0412662
4.5 0.0409561
4.51 0.0406471
4.52 0.0403394
4.53 0.0400329
4.54 0.0397276
4.55 0.0394235
4.56 0.0391206
4.57 0.038819
4.58 0.0385186
4.59 0.0382194
4.6 0.0379215
4.61 0.0376249
4.62 0.0373296
4.63 0.0370355
4.64 0.0367427
4.65 0.0364512
4.66 0.036161
4.67 0.0358721
4.68 0.0355845
4.69 0.0352982
4.7 0.0350132
4.71 0.0347296
4.72 0.0344472
4.73 0.0341663
4.74 0.0338866
4.75 0.0336083
4.76 0.0333313
4.77 0.0330557
4.78 0.0327814
4.79 0.0325085
4.8 0.0322369
4.81 0.0319667
4.82 0.0316979
4.83 0.0314304
4.84 0.0311644
4.85 0.0308997
4.86 0.0306363
4.87 0.0303744
4.88 0.0301139
4.89 0.0298547
4.9 0.0295969
4.91 0.0293406
4.92 0.0290856
4.93 0.028832
4.94 0.0285798
4.95 0.0283291
4.96 0.0280797
4.97 0.0278317
4.98 0.0275852
4.99 0.02734
5 0.0270963
5.01 0.0268539
5.02 0.026613
5.03 0.0263735
5.04 0.0261354
5.05 0.0258987
5.06 0.0256635
5.07 0.0254296
5.08 0.0251972
5.09 0.0249662
5.1 0.0247366
5.11 0.0245084
5.12 0.0242816
5.13 0.0240562
5.14 0.0238323
5.15 0.0236097
5.16 0.0233886
5.17 0.0231689
5.18 0.0229506
5.19 0.0227337
5.2 0.0225182
5.21 0.0223041
5.22 0.0220915
5.23 0.0218802
5.24 0.0216703
5.25 0.0214618
5.26 0.0212548
5.27 0.0210491
5.28 0.0208448
5.29 0.020642
5.3 0.0204405
5.31 0.0202404
5.32 0.0200417
5.33 0.0198443
5.34 0.0196484
5.35 0.0194538
5.36 0.0192606
5.37 0.0190688
5.38 0.0188784
5.39 0.0186893
5.4 0.0185016
5.41 0.0183153
5.42 0.0181303
5.43 0.0179466
5.44 0.0177643
5.45 0.0175834
5.46 0.0174038
5.47 0.0172256
5.48 0.0170487
5.49 0.0168731
5.5 0.0166989
5.51 0.016526
5.52 0.0163544
5.53 0.0161841
5.54 0.0160151
5.55 0.0158475
5.56 0.0156811
5.57 0.0155161
5.58 0.0153524
5.59 0.0151899
5.6 0.0150287
5.61 0.0148689
5.62 0.0147103
5.63 0.014553
5.64 0.0143969
5.65 0.0142421
5.66 0.0140886
5.67 0.0139363
5.68 0.0137853
5.69 0.0136355
5.7 0.013487
5.71 0.0133397
5.72 0.0131936
5.73 0.0130488
5.74 0.0129052
5.75 0.0127628
5.76 0.0126216
5.77 0.0124816
5.78 0.0123428
5.79 0.0122052
5.8 0.0120688
5.81 0.0119336
5.82 0.0117995
5.83 0.0116666
5.84 0.0115349
5.85 0.0114043
5.86 0.0112749
5.87 0.0111467
5.88 0.0110196
5.89 0.0108936
5.9 0.0107688
5.91 0.0106451
5.92 0.0105225
5.93 0.010401
5.94 0.0102806
5.95 0.0101613
5.96 0.0100431
5.97 0.00992605
5.98 0.00981005
5.99 0.00969512
