-6 0.00138414
-5.99 0.00140904
-5.98 0.00143434
-5.97 0.00146004
-5.96 0.00148615
-5.95 0.00151267
-5.94 0.00153961
-5.93 0.00156698
-5.92 0.00159479
-5.91 0.00162302
-5.9 0.00165171
-5.89 0.00168084
-5.88 0.00171043
-5.87 0.00174047
-5.86 0.00177099
-5.85 0.00180197
-5.84 0.00183344
-5.83 0.00186539
-5.82 0.00189784
-5.81 0.00193078
-5.8 0.00196423
-5.79 0.00199818
-5.78 0.00203266
-5.77 0.00206765
-5.76 0.00210318
-5.75 0.00213925
-5.74 0.00217586
-5.73 0.00221302
-5.72 0.00225073
-5.71 0.00228902
-5.7 0.00232787
-5.69 0.0023673
-5.68 0.00240732
-5.67 0.00244793
-5.66 0.00248914
-5.65 0.00253095
-5.64 0.00257338
-5.63 0.00261643
-5.62 0.00266012
-5.61 0.00270443
-5.6 0.0027494
-5.59 0.00279501
-5.58 0.00284128
-5.57 0.00288822
-5.56 0.00293584
-5.55 0.00298414
-5.54 0.00303313
-5.53 0.00308282
-5.52 0.00313322
-5.51 0.00318433
-5.5 0.00323616
-5.49 0.00328873
-5.48 0.00334203
-5.47 0.00339609
-5.46 0.00345089
-5.45 0.00350647
-5.44 0.00356282
-5.43 0.00361995
-5.42 0.00367787
-5.41 0.00373659
-5.4 0.00379612
-5.39 0.00385646
-5.38 0.00391764
-5.37 0.00397964
-5.36 0.00404249
-5.35 0.00410619
-5.34 0.00417076
-5.33 0.00423619
-5.32 0.00430251
-5.31 0.00436971
-5.3 0.00443782
-5.29 0.00450683
-5.28 0.00457676
-5.27 0.00464762
-5.26 0.00471941
-5.25 0.00479215
-5.24 0.00486585
-5.23 0.00494051
-5.22 0.00501614
-5.21 0.00509277
-5.2 0.00517038
-5.19 0.005249
-5.18 0.00532864
-5.17 0.0054093
-5.16 0.005491
-5.15 0.00557374
-5.14 0.00565753
-5.13 0.00574239
-5.12 0.00582833
-5.11 0.00591535
-5.1 0.00600347
-5.09 0.0060927
-5.08 0.00618304
-5.07 0.00627451
-5.06 0.00636711
-5.05 0.00646087
-5.04 0.00655578
-5.03 0.00665187
-5.02 0.00674913
-5.01 0.00684759
-5 0.00694724
-4.99 0.00704811
-4.98 0.00715021
-4.97 0.00725353
-4.96 0.0073581
-4.95 0.00746393
-4.94 0.00757103
-4.93 0.0076794
-4.92 0.00778906
-4.91 0.00790002
-4.9 0.00801229
-4.89 0.00812589
-4.88 0.00824082
-4.87 0.00835709
-4.86 0.00847471
-4.85 0.00859371
-4.84 0.00871408
-4.83 0.00883584
-4.82 0.008959
-4.81 0.00908358
-4.8 0.00920957
-4.79 0.00933701
-4.78 0.00946588
-4.77 0.00959622
-4.76 0.00972802
-4.75 0.0098613
-4.74 0.00999607
-4.73 0.0101323
-4.72 0.0102701
-4.71 0.0104095
-4.7 0.0105503
-4.69 0.0106927
-4.68 0.0108367
-4.67 0.0109822
-4.66 0.0111293
-4.65 0.011278
-4.64 0.0114283
-4.63 0.0115803
-4.62 0.0117338
-4.61 0.011889
-4.6 0.0120459
-4.59 0.0122044
-4.58 0.0123646
-4.57 0.0125264
-4.56 0.01269
-4.55 0.0128553
-4.54 0.0130223
-4.53 0.013191
-4.52 0.0133614
-4.51 0.0135337
-4.5 0.0137076
-4.49 0.0138834
-4.48 0.0140609
-4.47 0.0142403
-4.46 0.0144214
-4.45 0.0146044
-4.44 0.0147892
-4.43 0.0149758
-4.42 0.0151643
-4.41 0.0153547
-4.4 0.0155469
-4.39 0.0157411
-4.38 0.0159371
-4.37 0.016135
-4.36 0.0163349
-4.35 0.0165366
-4.34 0.0167403
-4.33 0.016946
-4.32 0.0171536
-4.31 0.0173632
-4.3 0.0175748
-4.29 0.0177884
-4.28 0.0180039
-4.27 0.0182215
-4.26 0.0184411
-4.25 0.0186627
-4.24 0.0188864
-4.23 0.0191122
-4.22 0.01934
-4.21 0.0195698
-4.2 0.0198018
-4.19 0.0200358
-4.18 0.0202719
-4.17 0.0205102
-4.16 0.0207506
-4.15 0.0209931
-4.14 0.0212377
-4.13 0.0214845
-4.12 0.0217334
-4.11 0.0219845
-4.1 0.0222378
-4.09 0.0224933
-4.08 0.0227509
-4.07 0.0230108
-4.06 0.0232729
-4.05 0.0235372
-4.04 0.0238037
-4.03 0.0240724
-4.02 0.0243434
-4.01 0.0246166
-4 0.0248921
-3.99 0.0251699
-3.98 0.0254499
-3.97 0.0257322
-3.96 0.0260168
-3.95 0.0263037
-3.94 0.0265929
-3.93 0.0268844
-3.92 0.0271782
-3.91 0.0274743
-3.9 0.0277728
-3.89 0.0280736
-3.88 0.0283767
-3.87 0.0286822
-3.86 0.02899
-3.85 0.0293002
-3.84 0.0296128
-3.83 0.0299277
-3.82 0.030245
-3.81 0.0305646
-3.8 0.0308867
-3.79 0.0312111
-3.78 0.031538
-3.77 0.0318672
-3.76 0.0321989
-3.75 0.0325329
-3.74 0.0328694
-3.73 0.0332083
-3.72 0.0335496
-3.71 0.0338933
-3.7 0.0342394
-3.69 0.034588
-3.68 0.034939
-3.67 0.0352924
-3.66 0.0356483
-3.65 0.0360066
-3.64 0.0363673
-3.63 0.0367305
-3.62 0.0370962
-3.61 0.0374642
-3.6 0.0378348
-3.59 0.0382078
-3.58 0.0385832
-3.57 0.0389611
-3.56 0.0393414
-3.55 0.0397242
-3.54 0.0401094
-3.53 0.0404971
-3.52 0.0408872
-3.51 0.0412798
-3.5 0.0416749
-3.49 0.0420724
-3.48 0.0424723
-3.47 0.0428747
-3.46 0.0432796
-3.45 0.0436868
-3.44 0.0440966
-3.43 0.0445087
-3.42 0.0449233
-3.41 0.0453404
-3.4 0.0457599
-3.39 0.0461818
-3.38 0.0466061
-3.37 0.0470329
-3.36 0.047462
-3.35 0.0478936
-3.34 0.0483276
-3.33 0.048764
-3.32 0.0492029
-3.31 0.0496441
-3.3 0.0500877
-3.29 0.0505337
-3.28 0.050982
-3.27 0.0514328
-3.26 0.0518859
-3.25 0.0523414
-3.24 0.0527992
-3.23 0.0532594
-3.22 0.053722
-3.21 0.0541868
-3.2 0.054654
-3.19 0.0551236
-3.18 0.0555954
-3.17 0.0560695
-3.16 0.056546
-3.15 0.0570247
-3.14 0.0575057
-3.13 0.057989
-3.12 0.0584745
-3.11 0.0589623
-3.1 0.0594523
-3.09 0.0599445
-3.08 0.060439
-3.07 0.0609357
-3.06 0.0614346
-3.05 0.0619356
-3.04 0.0624389
-3.03 0.0629442
-3.02 0.0634518
-3.01 0.0639615
-3 0.0644733
-2.99 0.0649872
-2.98 0.0655033
-2.97 0.0660214
-2.96 0.0665416
-2.95 0.0670638
-2.94 0.0675881
-2.93 0.0681144
-2.92 0.0686428
-2.91 0.0691731
-2.9 0.0697055
-2.89 0.0702398
-2.88 0.070776
-2.87 0.0713142
-2.86 0.0718543
-2.85 0.0723964
-2.84 0.0729403
-2.83 0.0734861
-2.82 0.0740338
-2.81 0.0745833
-2.8 0.0751346
-2.79 0.0756877
-2.78 0.0762426
-2.77 0.0767993
-2.76 0.0773578
-2.75 0.0779179
-2.74 0.0784798
-2.73 0.0790434
-2.72 0.0796086
-2.71 0.0801755
-2.7 0.0807441
-2.69 0.0813142
-2.68 0.0818859
-2.67 0.0824593
-2.66 0.0830341
-2.65 0.0836105
-2.64 0.0841884
-2.63 0.0847678
-2.62 0.0853487
-2.61 0.085931
-2.6 0.0865148
-2.59 0.0870999
-2.58 0.0876864
-2.57 0.0882743
-2.56 0.0888634
-2.55 0.0894539
-2.54 0.0900457
-2.53 0.0906388
-2.52 0.0912331
-2.51 0.0918286
-2.5 0.0924252
-2.49 0.0930231
-2.48 0.0936221
-2.47 0.0942222
-2.46 0.0948233
-2.45 0.0954256
-2.44 0.0960289
-2.43 0.0966332
-2.42 0.0972384
-2.41 0.0978447
-2.4 0.0984518
-2.39 0.0990599
-2.38 0.0996689
-2.37 0.100279
-2.36 0.100889
-2.35 0.101501
-2.34 0.102113
-2.33 0.102726
-2.32 0.10334
-2.31 0.103954
-2.3 0.104569
-2.29 0.105184
-2.28 0.105801
-2.27 0.106418
-2.26 0.107035
-2.25 0.107653
-2.24 0.108271
-2.23 0.10889
-2.22 0.109509
-2.21 0.110129
-2.2 0.110749
-2.19 0.111369
-2.18 0.11199
-2.17 0.112611
-2.16 0.113232
-2.15 0.113853
-2.14 0.114475
-2.13 0.115096
-2.12 0.115718
-2.11 0.11634
-2.1 0.116962
-2.09 0.117584
-2.08 0.118206
-2.07 0.118828
-2.06 0.11945
-2.05 0.120072
-2.04 0.120694
-2.03 0.121315
-2.02 0.121937
-2.01 0.122558
-2 0.123179
-1.99 0.123799
-1.98 0.12442
-1.97 0.12504
-1.96 0.125659
-1.95 0.126278
-1.94 0.126897
-1.93 0.127515
-1.92 0.128133
-1.91 0.12875
-1.9 0.129367
-1.89 0.129983
-1.88 0.130598
-1.87 0.131213
-1.86 0.131827
-1.85 0.13244
-1.84 0.133052
-1.83 0.133664
-1.82 0.134275
-1.81 0.134885
-1.8 0.135494
-1.79 0.136102
-1.78 0.136709
-1.77 0.137315
-1.76 0.13792
-1.75 0.138524
-1.74 0.139127
-1.73 0.139729
-1.72 0.140329
-1.71 0.140928
-1.7 0.141527
-1.69 0.142123
-1.68 0.142719
-1.67 0.143313
-1.66 0.143906
-1.65 0.144497
-1.64 0.145087
-1.63 0.145676
-1.62 0.146263
-1.61 0.146848
-1.6 0.147432
-1.59 0.148014
-1.58 0.148595
-1.57 0.149174
-1.56 0.149751
-1.55 0.150327
-1.54 0.150901
-1.53 0.151473
-1.52 0.152043
-1.51 0.152611
-1.5 0.153177
-1.49 0.153742
-1.48 0.154304
-1.47 0.154865
-1.46 0.155423
-1.45 0.155979
-1.44 0.156534
-1.43 0.157086
-1.42 0.157636
-1.41 0.158184
-1.4 0.158729
-1.39 0.159273
-1.38 0.159814
-1.37 0.160352
-1.36 0.160889
-1.35 0.161423
-1.34 0.161955
-1.33 0.162484
-1.32 0.16301
-1.31 0.163535
-1.3 0.164056
-1.29 0.164575
-1.28 0.165092
-1.27 0.165606
-1.26 0.166117
-1.25 0.166626
-1.24 0.167131
-1.23 0.167635
-1.22 0.168135
-1.21 0.168632
-1.2 0.169127
-1.19 0.169619
-1.18 0.170108
-1.17 0.170594
-1.16 0.171077
-1.15 0.171557
-1.14 0.172034
-1.13 0.172508
-1.12 0.172979
-1.11 0.173447
-1.1 0.173912
-1.09 0.174374
-1.08 0.174832
-1.07 0.175287
-1.06 0.175739
-1.05 0.176188
-1.04 0.176634
-1.03 0.177076
-1.02 0.177515
-1.01 0.17795
-1 0.178383
-0.99 0.178811
-0.98 0.179237
-0.97 0.179658
-0.96 0.180077
-0.95 0.180492
-0.94 0.180903
-0.93 0.181311
-0.92 0.181715
-0.91 0.182116
-0.9 0.182512
-0.89 0.182906
-0.88 0.183295
-0.87 0.183681
-0.86 0.184063
-0.85 0.184442
-0.84 0.184816
-0.83 0.185187
-0.82 0.185554
-0.81 0.185918
-0.8 0.186277
-0.79 0.186632
-0.78 0.186984
-0.77 0.187332
-0.76 0.187675
-0.75 0.188015
-0.74 0.188351
-0.73 0.188682
-0.72 0.18901
-0.71 0.189334
-0.7 0.189653
-0.69 0.189969
-0.68 0.19028
-0.67 0.190588
-0.66 0.190891
-0.65 0.19119
-0.64 0.191485
-0.63 0.191775
-0.62 0.192062
-0.61 0.192344
-0.6 0.192622
-0.59 0.192896
-0.58 0.193165
-0.57 0.19343
-0.56 0.193691
-0.55 0.193947
-0.54 0.1942
-0.53 0.194447
-0.52 0.194691
-0.51 0.19493
-0.5 0.195165
-0.49 0.195395
-0.48 0.195621
-0.47 0.195842
-0.46 0.196059
-0.45 0.196271
-0.44 0.196479
-0.43 0.196683
-0.42 0.196882
-0.41 0.197076
-0.4 0.197266
-0.39 0.197451
-0.38 0.197632
-0.37 0.197808
-0.36 0.19798
-0.35 0.198147
-0.34 0.19831
-0.33 0.198468
-0.32 0.198621
-0.31 0.198769
-0.3 0.198914
-0.29 0.199053
-0.28 0.199188
-0.27 0.199318
-0.26 0.199443
-0.25 0.199564
-0.24 0.19968
-0.23 0.199791
-0.22 0.199898
-0.21 0.2
-0.2 0.200098
-0.19 0.20019
-0.18 0.200278
-0.17 0.200361
-0.16 0.20044
-0.15 0.200513
-0.14 0.200582
-0.13 0.200647
-0.12 0.200706
-0.11 0.200761
-0.1 0.200811
-0.09 0.200856
-0.08 0.200897
-0.07 0.200932
-0.06 0.200963
-0.05 0.200989
-0.04 0.201011
-0.03 0.201028
-0.02 0.201043
-0.01 0.201087
0 0.201138
0.01 0.201087
0.02 0.201043
0.03 0.201028
0.04 0.201011
0.05 0.200989
0.06 0.200963
0.07 0.200932
0.08 0.200897
0.09 0.200856
0.1 0.200811
0.11 0.200761
0.12 0.200706
0.13 0.200647
0.14 0.200582
0.15 0.200513
0.16 0.20044
0.17 0.200361
0.18 0.200278
0.19 0.20019
0.2 0.200098
0.21 0.2
0.22 0.199898
0.23 0.199791
0.24 0.19968
0.25 0.199564
0.26 0.199443
0.27 0.199318
0.28 0.199188
0.29 0.199053
0.3 0.198914
0.31 0.198769
0.32 0.198621
0.33 0.198468
0.34 0.19831
0.35 0.198147
0.36 0.19798
0.37 0.197808
0.38 0.197632
0.39 0.197451
0.4 0.197266
0.41 0.197076
0.42 0.196882
0.43 0.196683
0.44 0.196479
0.45 0.196271
0.46 0.196059
0.47 0.195842
0.48 0.195621
0.49 0.195395
0.5 0.195165
0.51 0.19493
0.52 0.194691
0.53 0.194447
0.54 0.1942
0.55 0.193947
0.56 0.193691
0.57 0.19343
0.58 0.193165
0.59 0.192896
0.6 0.192622
0.61 0.192344
0.62 0.192062
0.63 0.191775
0.64 0.191485
0.65 0.19119
0.66 0.190891
0.67 0.190588
0.68 0.19028
0.69 0.189969
0.7 0.189653
0.71 0.189334
0.72 0.18901
0.73 0.188682
0.74 0.188351
0.75 0.188015
0.76 0.187675
0.77 0.187332
0.78 0.186984
0.79 0.186632
0.8 0.186277
0.81 0.185918
0.82 0.185554
0.83 0.185187
0.84 0.184816
0.85 0.184442
0.86 0.184063
0.87 0.183681
0.88 0.183295
0.89 0.182906
0.9 0.182512
0.91 0.182116
0.92 0.181715
0.93 0.181311
0.94 0.180903
0.95 0.180492
0.96 0.180077
0.97 0.179658
0.98 0.179237
0.99 0.178811
1 0.178383
1.01 0.17795
1.02 0.177515
1.03 0.177076
1.04 0.176634
1.05 0.176188
1.06 0.175739
1.07 0.175287
1.08 0.174832
1.09 0.174374
1.1 0.173912
1.11 0.173447
1.12 0.172979
1.13 0.172508
1.14 0.172034
1.15 0.171557
1.16 0.171077
1.17 0.170594
1.18 0.170108
1.19 0.169619
1.2 0.169127
1.21 0.168632
1.22 0.168135
1.23 0.167635
1.24 0.167131
1.25 0.166626
1.26 0.166117
1.27 0.165606
1.28 0.165092
1.29 0.164575
1.3 0.164056
1.31 0.163535
1.32 0.16301
1.33 0.162484
1.34 0.161955
1.35 0.161423
1.36 0.160889
1.37 0.160352
1.38 0.159814
1.39 0.159273
1.4 0.158729
1.41 0.158184
1.42 0.157636
1.43 0.157086
1.44 0.156534
1.45 0.155979
1.46 0.155423
1.47 0.154865
1.48 0.154304
1.49 0.153742
1.5 0.153177
1.51 0.152611
1.52 0.152043
1.53 0.151473
1.54 0.150901
1.55 0.150327
1.56 0.149751
1.57 0.149174
1.58 0.148595
1.59 0.148014
1.6 0.147432
1.61 0.146848
1.62 0.146263
1.63 0.145676
1.64 0.145087
1.65 0.144497
1.66 0.143906
1.67 0.143313
1.68 0.142719
1.69 0.142123
1.7 0.141527
1.71 0.140928
1.72 0.140329
1.73 0.139729
1.74 0.139127
1.75 0.138524
1.76 0.13792
1.77 0.137315
1.78 0.136709
1.79 0.136102
1.8 0.135494
1.81 0.134885
1.82 0.134275
1.83 0.133664
1.84 0.133052
1.85 0.13244
1.86 0.131827
1.87 0.131213
1.88 0.130598
1.89 0.129983
1.9 0.129367
1.91 0.12875
1.92 0.128133
1.93 0.127515
1.94 0.126897
1.95 0.126278
1.96 0.125659
1.97 0.12504
1.98 0.12442
1.99 0.123799
2 0.123179
2.01 0.122558
2.02 0.121937
2.03 0.121315
2.04 0.120694
2.05 0.120072
2.06 0.11945
2.07 0.118828
2.08 0.118206
2.09 0.117584
2.1 0.116962
2.11 0.11634
2.12 0.115718
2.13 0.115096
2.14 0.114475
2.15 0.113853
2.16 0.113232
2.17 0.112611
2.18 0.11199
2.19 0.111369
2.2 0.110749
2.21 0.110129
2.22 0.109509
2.23 0.10889
2.24 0.108271
2.25 0.107653
2.26 0.107035
2.27 0.106418
2.28 0.105801
2.29 0.105184
2.3 0.104569
2.31 0.103954
2.32 0.10334
2.33 0.102726
2.34 0.102113
2.35 0.101501
2.36 0.100889
2.37 0.100279
2.38 0.0996689
2.39 0.0990599
2.4 0.0984518
2.41 0.0978447
2.42 0.0972384
2.43 0.0966332
2.44 0.0960289
2.45 0.0954256
2.46 0.0948233
2.47 0.0942222
2.48 0.0936221
2.49 0.0930231
2.5 0.0924252
2.51 0.0918286
2.52 0.0912331
2.53 0.0906388
2.54 0.0900457
2.55 0.0894539
2.56 0.0888634
2.57 0.0882743
2.58 0.0876864
2.59 0.0870999
2.6 0.0865148
2.61 0.085931
2.62 0.0853487
2.63 0.0847678
2.64 0.0841884
2.65 0.0836105
2.66 0.0830341
2.67 0.0824593
2.68 0.0818859
2.69 0.0813142
2.7 0.0807441
2.71 0.0801755
2.72 0.0796086
2.73 0.0790434
2.74 0.0784798
2.75 0.0779179
2.76 0.0773578
2.77 0.0767993
2.78 0.0762426
2.79 0.0756877
2.8 0.0751346
2.81 0.0745833
2.82 0.0740338
2.83 0.0734861
2.84 0.0729403
2.85 0.0723964
2.86 0.0718543
2.87 0.0713142
2.88 0.070776
2.89 0.0702398
2.9 0.0697055
2.91 0.0691731
2.92 0.0686428
2.93 0.0681144
2.94 0.0675881
2.95 0.0670638
2.96 0.0665416
2.97 0.0660214
2.98 0.0655033
2.99 0.0649872
3 0.0644733
3.01 0.0639615
3.02 0.0634518
3.03 0.0629442
3.04 0.0624389
3.05 0.0619356
3.06 0.0614346
3.07 0.0609357
3.08 0.060439
3.09 0.0599445
3.1 0.0594523
3.11 0.0589623
3.12 0.0584745
3.13 0.057989
3.14 0.0575057
3.15 0.0570247
3.16 0.056546
3.17 0.0560695
3.18 0.0555954
3.19 0.0551236
3.2 0.054654
3.21 0.0541868
3.22 0.053722
3.23 0.0532594
3.24 0.0527992
3.25 0.0523414
3.26 0.0518859
3.27 0.0514328
3.28 0.050982
3.29 0.0505337
3.3 0.0500877
3.31 0.0496441
3.32 0.0492029
3.33 0.048764
3.34 0.0483276
3.35 0.0478936
3.36 0.047462
3.37 0.0470329
3.38 0.0466061
3.39 0.0461818
3.4 0.0457599
3.41 0.0453404
3.42 0.0449233
3.43 0.0445087
3.44 0.0440966
3.45 0.0436868
3.46 0.0432796
3.47 0.0428747
3.48 0.0424723
3.49 0.0420724
3.5 0.0416749
3.51 0.0412798
3.52 0.0408872
3.53 0.0404971
3.54 0.0401094
3.55 0.0397242
3.56 0.0393414
3.57 0.0389611
3.58 0.0385832
3.59 0.0382078
3.6 0.0378348
3.61 0.0374642
3.62 0.0370962
3.63 0.0367305
3.64 0.0363673
3.65 0.0360066
3.66 0.0356483
3.67 0.0352924
3.68 0.034939
3.69 0.034588
3.7 0.0342394
3.71 0.0338933
3.72 0.0335496
3.73 0.0332083
3.74 0.0328694
3.75 0.0325329
3.76 0.0321989
3.77 0.0318672
3.78 0.031538
3.79 0.0312111
3.8 0.0308867
3.81 0.0305646
3.82 0.030245
3.83 0.0299277
3.84 0.0296128
3.85 0.0293002
3.86 0.02899
3.87 0.0286822
3.88 0.0283767
3.89 0.0280736
3.9 0.0277728
3.91 0.0274743
3.92 0.0271782
3.93 0.0268844
3.94 0.0265929
3.95 0.0263037
3.96 0.0260168
3.97 0.0257322
3.98 0.0254499
3.99 0.0251699
4 0.0248921
4.01 0.0246166
4.02 0.0243434
4.03 0.0240724
4.04 0.0238037
4.05 0.0235372
4.06 0.0232729
4.07 0.0230108
4.08 0.0227509
4.09 0.0224933
4.1 0.0222378
4.11 0.0219845
4.12 0.0217334
4.13 0.0214845
4.14 0.0212377
4.15 0.0209931
4.16 0.0207506
4.17 0.0205102
4.18 0.0202719
4.19 0.0200358
4.2 0.0198018
4.21 0.0195698
4.22 0.01934
4.23 0.0191122
4.24 0.0188864
4.25 0.0186627
4.26 0.0184411
4.27 0.0182215
4.28 0.0180039
4.29 0.0177884
4.3 0.0175748
4.31 0.0173632
4.32 0.0171536
4.33 0.016946
4.34 0.0167403
4.35 0.0165366
4.36 0.0163349
4.37 0.016135
4.38 0.0159371
4.39 0.0157411
4.4 0.0155469
4.41 0.0153547
4.42 0.0151643
4.43 0.0149758
4.44 0.0147892
4.45 0.0146044
4.46 0.0144214
4.47 0.0142403
4.48 0.0140609
4.49 0.0138834
4.5 0.0137076
4.51 0.0135337
4.52 0.0133614
4.53 0.013191
4.54 0.0130223
4.55 0.0128553
4.56 0.01269
4.57 0.0125264
4.58 0.0123646
4.59 0.0122044
4.6 0.0120459
4.61 0.011889
4.62 0.0117338
4.63 0.0115803
4.64 0.0114283
4.65 0.011278
4.66 0.0111293
4.67 0.0109822
4.68 0.0108367
4.69 0.0106927
4.7 0.0105503
4.71 0.0104095
4.72 0.0102701
4.73 0.0101323
4.74 0.00999607
4.75 0.0098613
4.76 0.00972802
4.77 0.00959622
4.78 0.00946588
4.79 0.00933701
4.8 0.00920957
4.81 0.00908358
4.82 0.008959
4.83 0.00883584
4.84 0.00871408
4.85 0.00859371
4.86 0.00847471
4.87 0.00835709
4.88 0.00824082
4.89 0.00812589
4.9 0.00801229
4.91 0.00790002
4.92 0.00778906
4.93 0.0076794
4.94 0.00757103
4.95 0.00746393
4.96 0.0073581
4.97 0.00725353
4.98 0.00715021
4.99 0.00704811
5 0.00694724
5.01 0.00684759
5.02 0.00674913
5.03 0.00665187
5.04 0.00655578
5.05 0.00646087
5.06 0.00636711
5.07 0.00627451
5.08 0.00618304
5.09 0.0060927
5.1 0.00600347
5.11 0.00591535
5.12 0.00582833
5.13 0.00574239
5.14 0.00565753
5.15 0.00557374
5.16 0.005491
5.17 0.0054093
5.18 0.00532864
5.19 0.005249
5.2 0.00517038
5.21 0.00509277
5.22 0.00501614
5.23 0.00494051
5.24 0.00486585
5.25 0.00479215
5.26 0.00471941
5.27 0.00464762
5.28 0.00457676
5.29 0.00450683
5.3 0.00443782
5.31 0.00436971
5.32 0.00430251
5.33 0.00423619
5.34 0.00417076
5.35 0.00410619
5.36 0.00404249
5.37 0.00397964
5.38 0.00391764
5.39 0.00385646
5.4 0.00379612
5.41 0.00373659
5.42 0.00367787
5.43 0.00361995
5.44 0.00356282
5.45 0.00350647
5.46 0.00345089
5.47 0.00339609
5.48 0.00334203
5.49 0.00328873
5.5 0.00323616
5.51 0.00318433
5.52 0.00313322
5.53 0.00308282
5.54 0.00303313
5.55 0.00298414
5.56 0.00293584
5.57 0.00288822
5.58 0.00284128
5.59 0.00279501
5.6 0.0027494
5.61 0.00270443
5.62 0.00266012
5.63 0.00261643
5.64 0.00257338
5.65 0.00253095
5.66 0.00248914
5.67 0.00244793
5.68 0.00240732
5.69 0.0023673
5.7 0.00232787
5.71 0.00228902
5.72 0.00225073
5.73 0.00221302
5.74 0.00217586
5.75 0.00213925
5.76 0.00210318
5.77 0.00206765
5.78 0.00203266
5.79 0.00199818
5.8 0.00196423
5.81 0.00193078
5.82 0.00189784
5.83 0.00186539
5.84 0.00183344
5.85 0.00180197
5.86 0.00177099
5.87 0.00174047
5.88 0.00171043
5.89 0.00168084
5.9 0.00165171
5.91 0.00162302
5.92 0.00159479
5.93 0.00156698
5.94 0.00153961
5.95 0.00151267
5.96 0.00148615
5.97 0.00146004
5.98 0.00143434
5.99 0.00140904
