-6 0.000339987
-5.99 0.00035244
-5.98 0.000365311
-5.97 0.000378614
-5.96 0.000392361
-5.95 0.000406564
-5.94 0.000421239
-5.93 0.000436398
-5.92 0.000452056
-5.91 0.000468227
-5.9 0.000484927
-5.89 0.000502171
-5.88 0.000519975
-5.87 0.000538354
-5.86 0.000557325
-5.85 0.000576905
-5.84 0.000597112
-5.83 0.000617962
-5.82 0.000639475
-5.81 0.000661668
-5.8 0.000684561
-5.79 0.000708173
-5.78 0.000732524
-5.77 0.000757634
-5.76 0.000783524
-5.75 0.000810215
-5.74 0.000837729
-5.73 0.000866088
-5.72 0.000895315
-5.71 0.000925433
-5.7 0.000956465
-5.69 0.000988435
-5.68 0.00102137
-5.67 0.00105529
-5.66 0.00109023
-5.65 0.00112621
-5.64 0.00116325
-5.63 0.00120139
-5.62 0.00124065
-5.61 0.00128106
-5.6 0.00132266
-5.59 0.00136546
-5.58 0.0014095
-5.57 0.00145481
-5.56 0.00150143
-5.55 0.00154937
-5.54 0.00159869
-5.53 0.0016494
-5.52 0.00170155
-5.51 0.00175516
-5.5 0.00181028
-5.49 0.00186694
-5.48 0.00192517
-5.47 0.00198501
-5.46 0.0020465
-5.45 0.00210968
-5.44 0.00217458
-5.43 0.00224125
-5.42 0.00230973
-5.41 0.00238005
-5.4 0.00245226
-5.39 0.0025264
-5.38 0.00260251
-5.37 0.00268064
-5.36 0.00276084
-5.35 0.00284313
-5.34 0.00292758
-5.33 0.00301423
-5.32 0.00310312
-5.31 0.0031943
-5.3 0.00328782
-5.29 0.00338374
-5.28 0.00348209
-5.27 0.00358293
-5.26 0.00368631
-5.25 0.00379228
-5.24 0.0039009
-5.23 0.00401221
-5.22 0.00412628
-5.21 0.00424315
-5.2 0.00436288
-5.19 0.00448552
-5.18 0.00461114
-5.17 0.00473979
-5.16 0.00487152
-5.15 0.0050064
-5.14 0.00514449
-5.13 0.00528584
-5.12 0.00543051
-5.11 0.00557856
-5.1 0.00573006
-5.09 0.00588507
-5.08 0.00604365
-5.07 0.00620586
-5.06 0.00637177
-5.05 0.00654144
-5.04 0.00671494
-5.03 0.00689233
-5.02 0.00707367
-5.01 0.00725904
-5 0.0074485
-4.99 0.00764211
-4.98 0.00783995
-4.97 0.00804208
-4.96 0.00824857
-4.95 0.00845949
-4.94 0.00867491
-4.93 0.0088949
-4.92 0.00911953
-4.91 0.00934887
-4.9 0.00958298
-4.89 0.00982195
-4.88 0.0100658
-4.87 0.0103147
-4.86 0.0105687
-4.85 0.0108277
-4.84 0.011092
-4.83 0.0113616
-4.82 0.0116365
-4.81 0.0119169
-4.8 0.0122027
-4.79 0.0124941
-4.78 0.0127912
-4.77 0.0130939
-4.76 0.0134025
-4.75 0.0137169
-4.74 0.0140372
-4.73 0.0143636
-4.72 0.014696
-4.71 0.0150345
-4.7 0.0153793
-4.69 0.0157303
-4.68 0.0160877
-4.67 0.0164516
-4.66 0.0168219
-4.65 0.0171988
-4.64 0.0175823
-4.63 0.0179725
-4.62 0.0183695
-4.61 0.0187734
-4.6 0.0191841
-4.59 0.0196018
-4.58 0.0200265
-4.57 0.0204583
-4.56 0.0208973
-4.55 0.0213435
-4.54 0.021797
-4.53 0.0222578
-4.52 0.022726
-4.51 0.0232017
-4.5 0.0236849
-4.49 0.0241757
-4.48 0.0246741
-4.47 0.0251801
-4.46 0.025694
-4.45 0.0262155
-4.44 0.026745
-4.43 0.0272823
-4.42 0.0278275
-4.41 0.0283808
-4.4 0.028942
-4.39 0.0295113
-4.38 0.0300887
-4.37 0.0306742
-4.36 0.0312679
-4.35 0.0318698
-4.34 0.03248
-4.33 0.0330984
-4.32 0.0337251
-4.31 0.0343602
-4.3 0.0350036
-4.29 0.0356554
-4.28 0.0363156
-4.27 0.0369842
-4.26 0.0376613
-4.25 0.0383468
-4.24 0.0390407
-4.23 0.0397432
-4.22 0.040454
-4.21 0.0411734
-4.2 0.0419013
-4.19 0.0426376
-4.18 0.0433824
-4.17 0.0441357
-4.16 0.0448974
-4.15 0.0456676
-4.14 0.0464462
-4.13 0.0472332
-4.12 0.0480287
-4.11 0.0488325
-4.1 0.0496446
-4.09 0.0504651
-4.08 0.0512938
-4.07 0.0521308
-4.06 0.052976
-4.05 0.0538294
-4.04 0.0546909
-4.03 0.0555604
-4.02 0.056438
-4.01 0.0573236
-4 0.0582171
-3.99 0.0591184
-3.98 0.0600275
-3.97 0.0609443
-3.96 0.0618687
-3.95 0.0628008
-3.94 0.0637403
-3.93 0.0646872
-3.92 0.0656414
-3.91 0.0666029
-3.9 0.0675715
-3.89 0.0685472
-3.88 0.0695298
-3.87 0.0705192
-3.86 0.0715154
-3.85 0.0725182
-3.84 0.0735275
-3.83 0.0745433
-3.82 0.0755652
-3.81 0.0765934
-3.8 0.0776275
-3.79 0.0786675
-3.78 0.0797133
-3.77 0.0807647
-3.76 0.0818216
-3.75 0.0828838
-3.74 0.0839512
-3.73 0.0850236
-3.72 0.0861008
-3.71 0.0871828
-3.7 0.0882693
-3.69 0.0893602
-3.68 0.0904553
-3.67 0.0915544
-3.66 0.0926574
-3.65 0.0937641
-3.64 0.0948742
-3.63 0.0959877
-3.62 0.0971042
-3.61 0.0982237
-3.6 0.099346
-3.59 0.100471
-3.58 0.101598
-3.57 0.102727
-3.56 0.103858
-3.55 0.104991
-3.54 0.106125
-3.53 0.107261
-3.52 0.108398
-3.51 0.109535
-3.5 0.110673
-3.49 0.111812
-3.48 0.11295
-3.47 0.114089
-3.46 0.115227
-3.45 0.116365
-3.44 0.117502
-3.43 0.118638
-3.42 0.119773
-3.41 0.120906
-3.4 0.122038
-3.39 0.123167
-3.38 0.124294
-3.37 0.125419
-3.36 0.126541
-3.35 0.12766
-3.34 0.128776
-3.33 0.129888
-3.32 0.130997
-3.31 0.132102
-3.3 0.133202
-3.29 0.134298
-3.28 0.135389
-3.27 0.136475
-3.26 0.137556
-3.25 0.138631
-3.24 0.1397
-3.23 0.140763
-3.22 0.14182
-3.21 0.142871
-3.2 0.143914
-3.19 0.144951
-3.18 0.14598
-3.17 0.147001
-3.16 0.148015
-3.15 0.14902
-3.14 0.150017
-3.13 0.151006
-3.12 0.151985
-3.11 0.152956
-3.1 0.153916
-3.09 0.154868
-3.08 0.155809
-3.07 0.156741
-3.06 0.157661
-3.05 0.158572
-3.04 0.159471
-3.03 0.160359
-3.02 0.161236
-3.01 0.162102
-3 0.162956
-2.99 0.163797
-2.98 0.164627
-2.97 0.165443
-2.96 0.166248
-2.95 0.167039
-2.94 0.167817
-2.93 0.168582
-2.92 0.169333
-2.91 0.170071
-2.9 0.170795
-2.89 0.171504
-2.88 0.172199
-2.87 0.17288
-2.86 0.173546
-2.85 0.174197
-2.84 0.174833
-2.83 0.175454
-2.82 0.17606
-2.81 0.17665
-2.8 0.177224
-2.79 0.177782
-2.78 0.178325
-2.77 0.178851
-2.76 0.179361
-2.75 0.179854
-2.74 0.180331
-2.73 0.180792
-2.72 0.181235
-2.71 0.181662
-2.7 0.182071
-2.69 0.182464
-2.68 0.182839
-2.67 0.183197
-2.66 0.183537
-2.65 0.18386
-2.64 0.184166
-2.63 0.184453
-2.62 0.184723
-2.61 0.184976
-2.6 0.18521
-2.59 0.185427
-2.58 0.185626
-2.57 0.185806
-2.56 0.185969
-2.55 0.186114
-2.54 0.186241
-2.53 0.186349
-2.52 0.18644
-2.51 0.186513
-2.5 0.186567
-2.49 0.186604
-2.48 0.186622
-2.47 0.186623
-2.46 0.186606
-2.45 0.18657
-2.44 0.186517
-2.43 0.186446
-2.42 0.186357
-2.41 0.18625
-2.4 0.186126
-2.39 0.185983
-2.38 0.185824
-2.37 0.185647
-2.36 0.185452
-2.35 0.18524
-2.34 0.185011
-2.33 0.184765
-2.32 0.184502
-2.31 0.184222
-2.3 0.183925
-2.29 0.183611
-2.28 0.183281
-2.27 0.182935
-2.26 0.182572
-2.25 0.182193
-2.24 0.181798
-2.23 0.181387
-2.22 0.18096
-2.21 0.180518
-2.2 0.180061
-2.19 0.179588
-2.18 0.1791
-2.17 0.178598
-2.16 0.178081
-2.15 0.177549
-2.14 0.177003
-2.13 0.176443
-2.12 0.175869
-2.11 0.175281
-2.1 0.17468
-2.09 0.174065
-2.08 0.173437
-2.07 0.172797
-2.06 0.172143
-2.05 0.171478
-2.04 0.1708
-2.03 0.17011
-2.02 0.169408
-2.01 0.168695
-2 0.16797
-1.99 0.167235
-1.98 0.166488
-1.97 0.165731
-1.96 0.164964
-1.95 0.164186
-1.94 0.163399
-1.93 0.162602
-1.92 0.161795
-1.91 0.16098
-1.9 0.160156
-1.89 0.159323
-1.88 0.158481
-1.87 0.157632
-1.86 0.156775
-1.85 0.15591
-1.84 0.155038
-1.83 0.154159
-1.82 0.153273
-1.81 0.15238
-1.8 0.151481
-1.79 0.150576
-1.78 0.149666
-1.77 0.14875
-1.76 0.147828
-1.75 0.146902
-1.74 0.145971
-1.73 0.145035
-1.72 0.144095
-1.71 0.143151
-1.7 0.142204
-1.69 0.141253
-1.68 0.140299
-1.67 0.139342
-1.66 0.138382
-1.65 0.13742
-1.64 0.136455
-1.63 0.135489
-1.62 0.134521
-1.61 0.133551
-1.6 0.132581
-1.59 0.131609
-1.58 0.130637
-1.57 0.129664
-1.56 0.12869
-1.55 0.127717
-1.54 0.126744
-1.53 0.125771
-1.52 0.124799
-1.51 0.123828
-1.5 0.122858
-1.49 0.121889
-1.48 0.120922
-1.47 0.119956
-1.46 0.118992
-1.45 0.118031
-1.44 0.117072
-1.43 0.116115
-1.42 0.115161
-1.41 0.11421
-1.4 0.113262
-1.39 0.112317
-1.38 0.111376
-1.37 0.110438
-1.36 0.109504
-1.35 0.108575
-1.34 0.107649
-1.33 0.106728
-1.32 0.105811
-1.31 0.104899
-1.3 0.103992
-1.29 0.103089
-1.28 0.102192
-1.27 0.1013
-1.26 0.100413
-1.25 0.0995322
-1.24 0.0986567
-1.23 0.097787
-1.22 0.0969233
-1.21 0.0960656
-1.2 0.095214
-1.19 0.0943687
-1.18 0.0935298
-1.17 0.0926974
-1.16 0.0918716
-1.15 0.0910524
-1.14 0.0902401
-1.13 0.0894346
-1.12 0.0886361
-1.11 0.0878446
-1.1 0.0870603
-1.09 0.0862833
-1.08 0.0855135
-1.07 0.084751
-1.06 0.083996
-1.05 0.0832486
-1.04 0.0825086
-1.03 0.0817763
-1.02 0.0810517
-1.01 0.0803348
-1 0.0796256
-0.99 0.0789243
-0.98 0.0782309
-0.97 0.0775453
-0.96 0.0768677
-0.95 0.0761981
-0.94 0.0755364
-0.93 0.0748828
-0.92 0.0742372
-0.91 0.0735997
-0.9 0.0729703
-0.89 0.072349
-0.88 0.0717359
-0.87 0.0711308
-0.86 0.0705339
-0.85 0.0699451
-0.84 0.0693645
-0.83 0.068792
-0.82 0.0682277
-0.81 0.0676715
-0.8 0.0671234
-0.79 0.0665835
-0.78 0.0660516
-0.77 0.0655279
-0.76 0.0650123
-0.75 0.0645047
-0.74 0.0640052
-0.73 0.0635137
-0.72 0.0630302
-0.71 0.0625547
-0.7 0.0620871
-0.69 0.0616275
-0.68 0.0611758
-0.67 0.0607319
-0.66 0.0602959
-0.65 0.0598677
-0.64 0.0594473
-0.63 0.0590346
-0.62 0.0586296
-0.61 0.0582323
-0.6 0.0578426
-0.59 0.0574605
-0.58 0.057086
-0.57 0.056719
-0.56 0.0563594
-0.55 0.0560073
-0.54 0.0556625
-0.53 0.0553251
-0.52 0.054995
-0.51 0.0546722
-0.5 0.0543565
-0.49 0.0540481
-0.48 0.0537467
-0.47 0.0534524
-0.46 0.0531652
-0.45 0.052885
-0.44 0.0526116
-0.43 0.0523452
-0.42 0.0520857
-0.41 0.051833
-0.4 0.051587
-0.39 0.0513477
-0.38 0.0511152
-0.37 0.0508893
-0.36 0.0506699
-0.35 0.0504571
-0.34 0.0502509
-0.33 0.0500511
-0.32 0.0498577
-0.31 0.0496707
-0.3 0.0494901
-0.29 0.0493158
-0.28 0.0491478
-0.27 0.048986
-0.26 0.0488304
-0.25 0.048681
-0.24 0.0485378
-0.23 0.0484006
-0.22 0.0482695
-0.21 0.0481445
-0.2 0.0480255
-0.19 0.0479125
-0.18 0.0478054
-0.17 0.0477043
-0.16 0.047609
-0.15 0.0475197
-0.14 0.0474362
-0.13 0.0473586
-0.12 0.0472868
-0.11 0.0472209
-0.1 0.0471607
-0.09 0.0471063
-0.08 0.0470576
-0.07 0.0470147
-0.06 0.0469776
-0.05 0.0469462
-0.04 0.0469205
-0.03 0.0469005
-0.02 0.0468862
-0.01 0.0468777
0 0.0468748
0.01 0.0468777
0.02 0.0468862
0.03 0.0469005
0.04 0.0469205
0.05 0.0469462
0.06 0.0469776
0.07 0.0470147
0.08 0.0470576
0.09 0.0471063
0.1 0.0471607
0.11 0.0472209
0.12 0.0472868
0.13 0.0473586
0.14 0.0474362
0.15 0.0475197
0.16 0.047609
0.17 0.0477043
0.18 0.0478054
0.19 0.0479125
0.2 0.0480255
0.21 0.0481445
0.22 0.0482695
0.23 0.0484006
0.24 0.0485378
0.25 0.048681
0.26 0.0488304
0.27 0.048986
0.28 0.0491478
0.29 0.0493158
0.3 0.0494901
0.31 0.0496707
0.32 0.0498577
0.33 0.0500511
0.34 0.0502509
0.35 0.0504571
0.36 0.0506699
0.37 0.0508893
0.38 0.0511152
0.39 0.0513477
0.4 0.051587
0.41 0.051833
0.42 0.0520857
0.43 0.0523452
0.44 0.0526116
0.45 0.052885
0.46 0.0531652
0.47 0.0534524
0.48 0.0537467
0.49 0.0540481
0.5 0.0543565
0.51 0.0546722
0.52 0.054995
0.53 0.0553251
0.54 0.0556625
0.55 0.0560073
0.56 0.0563594
0.57 0.056719
0.58 0.057086
0.59 0.0574605
0.6 0.0578426
0.61 0.0582323
0.62 0.0586296
0.63 0.0590346
0.64 0.0594473
0.65 0.0598677
0.66 0.0602959
0.67 0.0607319
0.68 0.0611758
0.69 0.0616275
0.7 0.0620871
0.71 0.0625547
0.72 0.0630302
0.73 0.0635137
0.74 0.0640052
0.75 0.0645047
0.76 0.0650123
0.77 0.0655279
0.78 0.0660516
0.79 0.0665835
0.8 0.0671234
0.81 0.0676715
0.82 0.0682277
0.83 0.068792
0.84 0.0693645
0.85 0.0699451
0.86 0.0705339
0.87 0.0711308
0.88 0.0717359
0.89 0.072349
0.9 0.0729703
0.91 0.0735997
0.92 0.0742372
0.93 0.0748828
0.94 0.0755364
0.95 0.0761981
0.96 0.0768677
0.97 0.0775453
0.98 0.0782309
0.99 0.0789243
1 0.0796256
1.01 0.0803348
1.02 0.0810517
1.03 0.0817763
1.04 0.0825086
1.05 0.0832486
1.06 0.083996
1.07 0.084751
1.08 0.0855135
1.09 0.0862833
1.1 0.0870603
1.11 0.0878446
1.12 0.0886361
1.13 0.0894346
1.14 0.0902401
1.15 0.0910524
1.16 0.0918716
1.17 0.0926974
1.18 0.0935298
1.19 0.0943687
1.2 0.095214
1.21 0.0960656
1.22 0.0969233
1.23 0.097787
1.24 0.0986567
1.25 0.0995322
1.26 0.100413
1.27 0.1013
1.28 0.102192
1.29 0.103089
1.3 0.103992
1.31 0.104899
1.32 0.105811
1.33 0.106728
1.34 0.107649
1.35 0.108575
1.36 0.109504
1.37 0.110438
1.38 0.111376
1.39 0.112317
1.4 0.113262
1.41 0.11421
1.42 0.115161
1.43 0.116115
1.44 0.117072
1.45 0.118031
1.46 0.118992
1.47 0.119956
1.48 0.120922
1.49 0.121889
1.5 0.122858
1.51 0.123828
1.52 0.124799
1.53 0.125771
1.54 0.126744
1.55 0.127717
1.56 0.12869
1.57 0.129664
1.58 0.130637
1.59 0.131609
1.6 0.132581
1.61 0.133551
1.62 0.134521
1.63 0.135489
1.64 0.136455
1.65 0.13742
1.66 0.138382
1.67 0.139342
1.68 0.140299
1.69 0.141253
1.7 0.142204
1.71 0.143151
1.72 0.144095
1.73 0.145035
1.74 0.145971
1.75 0.146902
1.76 0.147828
1.77 0.14875
1.78 0.149666
1.79 0.150576
1.8 0.151481
1.81 0.15238
1.82 0.153273
1.83 0.154159
1.84 0.155038
1.85 0.15591
1.86 0.156775
1.87 0.157632
1.88 0.158481
1.89 0.159323
1.9 0.160156
1.91 0.16098
1.92 0.161795
1.93 0.162602
1.94 0.163399
1.95 0.164186
1.96 0.164964
1.97 0.165731
1.98 0.166488
1.99 0.167235
2 0.16797
2.01 0.168695
2.02 0.169408
2.03 0.17011
2.04 0.1708
2.05 0.171478
2.06 0.172143
2.07 0.172797
2.08 0.173437
2.09 0.174065
2.1 0.17468
2.11 0.175281
2.12 0.175869
2.13 0.176443
2.14 0.177003
2.15 0.177549
2.16 0.178081
2.17 0.178598
2.18 0.1791
2.19 0.179588
2.2 0.180061
2.21 0.180518
2.22 0.18096
2.23 0.181387
2.24 0.181798
2.25 0.182193
2.26 0.182572
2.27 0.182935
2.28 0.183281
2.29 0.183611
2.3 0.183925
2.31 0.184222
2.32 0.184502
2.33 0.184765
2.34 0.185011
2.35 0.18524
2.36 0.185452
2.37 0.185647
2.38 0.185824
2.39 0.185983
2.4 0.186126
2.41 0.18625
2.42 0.186357
2.43 0.186446
2.44 0.186517
2.45 0.18657
2.46 0.186606
2.47 0.186623
2.48 0.186622
2.49 0.186604
2.5 0.186567
2.51 0.186513
2.52 0.18644
2.53 0.186349
2.54 0.186241
2.55 0.186114
2.56 0.185969
2.57 0.185806
2.58 0.185626
2.59 0.185427
2.6 0.18521
2.61 0.184976
2.62 0.184723
2.63 0.184453
2.64 0.184166
2.65 0.18386
2.66 0.183537
2.67 0.183197
2.68 0.182839
2.69 0.182464
2.7 0.182071
2.71 0.181662
2.72 0.181235
2.73 0.180792
2.74 0.180331
2.75 0.179854
2.76 0.179361
2.77 0.178851
2.78 0.178325
2.79 0.177782
2.8 0.177224
2.81 0.17665
2.82 0.17606
2.83 0.175454
2.84 0.174833
2.85 0.174197
2.86 0.173546
2.87 0.17288
2.88 0.172199
2.89 0.171504
2.9 0.170795
2.91 0.170071
2.92 0.169333
2.93 0.168582
2.94 0.167817
2.95 0.167039
2.96 0.166248
2.97 0.165443
2.98 0.164627
2.99 0.163797
3 0.162956
3.01 0.162102
3.02 0.161236
3.03 0.160359
3.04 0.159471
3.05 0.158572
3.06 0.157661
3.07 0.156741
3.08 0.155809
3.09 0.154868
3.1 0.153916
3.11 0.152956
3.12 0.151985
3.13 0.151006
3.14 0.150017
3.15 0.14902
3.16 0.148015
3.17 0.147001
3.18 0.14598
3.19 0.144951
3.2 0.143914
3.21 0.142871
3.22 0.14182
3.23 0.140763
3.24 0.1397
3.25 0.138631
3.26 0.137556
3.27 0.136475
3.28 0.135389
3.29 0.134298
3.3 0.133202
3.31 0.132102
3.32 0.130997
3.33 0.129888
3.34 0.128776
3.35 0.12766
3.36 0.126541
3.37 0.125419
3.38 0.124294
3.39 0.123167
3.4 0.122038
3.41 0.120906
3.42 0.119773
3.43 0.118638
3.44 0.117502
3.45 0.116365
3.46 0.115227
3.47 0.114089
3.48 0.11295
3.49 0.111812
3.5 0.110673
3.51 0.109535
3.52 0.108398
3.53 0.107261
3.54 0.106125
3.55 0.104991
3.56 0.103858
3.57 0.102727
3.58 0.101598
3.59 0.100471
3.6 0.099346
3.61 0.0982237
3.62 0.0971042
3.63 0.0959877
3.64 0.0948742
3.65 0.0937641
3.66 0.0926574
3.67 0.0915544
3.68 0.0904553
3.69 0.0893602
3.7 0.0882693
3.71 0.0871828
3.72 0.0861008
3.73 0.0850236
3.74 0.0839512
3.75 0.0828838
3.76 0.0818216
3.77 0.0807647
3.78 0.0797133
3.79 0.0786675
3.8 0.0776275
3.81 0.0765934
3.82 0.0755652
3.83 0.0745433
3.84 0.0735275
3.85 0.0725182
3.86 0.0715154
3.87 0.0705192
3.88 0.0695298
3.89 0.0685472
3.9 0.0675715
3.91 0.0666029
3.92 0.0656414
3.93 0.0646872
3.94 0.0637403
3.95 0.0628008
3.96 0.0618687
3.97 0.0609443
3.98 0.0600275
3.99 0.0591184
4 0.0582171
4.01 0.0573236
4.02 0.056438
4.03 0.0555604
4.04 0.0546909
4.05 0.0538294
4.06 0.052976
4.07 0.0521308
4.08 0.0512938
4.09 0.0504651
4.1 0.0496446
4.11 0.0488325
4.12 0.0480287
4.13 0.0472332
4.14 0.0464462
4.15 0.0456676
4.16 0.0448974
4.17 0.0441357
4.18 0.0433824
4.19 0.0426376
4.2 0.0419013
4.21 0.0411734
4.22 0.040454
4.23 0.0397432
4.24 0.0390407
4.25 0.0383468
4.26 0.0376613
4.27 0.0369842
4.28 0.0363156
4.29 0.0356554
4.3 0.0350036
4.31 0.0343602
4.32 0.0337251
4.33 0.0330984
4.34 0.03248
4.35 0.0318698
4.36 0.0312679
4.37 0.0306742
4.38 0.0300887
4.39 0.0295113
4.4 0.028942
4.41 0.0283808
4.42 0.0278275
4.43 0.0272823
4.44 0.026745
4.45 0.0262155
4.46 0.025694
4.47 0.0251801
4.48 0.0246741
4.49 0.0241757
4.5 0.0236849
4.51 0.0232017
4.52 0.022726
4.53 0.0222578
4.54 0.021797
4.55 0.0213435
4.56 0.0208973
4.57 0.0204583
4.58 0.0200265
4.59 0.0196018
4.6 0.0191841
4.61 0.0187734
4.62 0.0183695
4.63 0.0179725
4.64 0.0175823
4.65 0.0171988
4.66 0.0168219
4.67 0.0164516
4.68 0.0160877
4.69 0.0157303
4.7 0.0153793
4.71 0.0150345
4.72 0.014696
4.73 0.0143636
4.74 0.0140372
4.75 0.0137169
4.76 0.0134025
4.77 0.0130939
4.78 0.0127912
4.79 0.0124941
4.8 0.0122027
4.81 0.0119169
4.82 0.0116365
4.83 0.0113616
4.84 0.011092
4.85 0.0108277
4.86 0.0105687
4.87 0.0103147
4.88 0.0100658
4.89 0.00982195
4.9 0.00958298
4.91 0.00934887
4.92 0.00911953
4.93 0.0088949
4.94 0.00867491
4.95 0.00845949
4.96 0.00824857
4.97 0.00804208
4.98 0.00783995
4.99 0.00764211
5 0.0074485
5.01 0.00725904
5.02 0.00707367
5.03 0.00689233
5.04 0.00671494
5.05 0.00654144
5.06 0.00637177
5.07 0.00620586
5.08 0.00604365
5.09 0.00588507
5.1 0.00573006
5.11 0.00557856
5.12 0.00543051
5.13 0.00528584
5.14 0.00514449
5.15 0.0050064
5.16 0.00487152
5.17 0.00473979
5.18 0.00461114
5.19 0.00448552
5.2 0.00436288
5.21 0.00424315
5.22 0.00412628
5.23 0.00401221
5.24 0.0039009
5.25 0.00379228
5.26 0.00368631
5.27 0.00358293
5.28 0.00348209
5.29 0.00338374
5.3 0.00328782
5.31 0.0031943
5.32 0.00310312
5.33 0.00301423
5.34 0.00292758
5.35 0.00284313
5.36 0.00276084
5.37 0.00268064
5.38 0.00260251
5.39 0.0025264
5.4 0.00245226
5.41 0.00238005
5.42 0.00230973
5.43 0.00224125
5.44 0.00217458
5.45 0.00210968
5.46 0.0020465
5.47 0.00198501
5.48 0.00192517
5.49 0.00186694
5.5 0.00181028
5.51 0.00175516
5.52 0.00170155
5.53 0.0016494
5.54 0.00159869
5.55 0.00154937
5.56 0.00150143
5.57 0.00145481
5.58 0.0014095
5.59 0.00136546
5.6 0.00132266
5.61 0.00128106
5.62 0.00124065
5.63 0.00120139
5.64 0.00116325
5.65 0.00112621
5.66 0.00109023
5.67 0.00105529
5.68 0.00102137
5.69 0.000988435
5.7 0.000956465
5.71 0.000925433
5.72 0.000895315
5.73 0.000866088
5.74 0.000837729
5.75 0.000810215
5.76 0.000783524
5.77 0.000757634
5.78 0.000732524
5.79 0.000708173
5.8 0.000684561
5.81 0.000661668
5.82 0.000639475
5.83 0.000617962
5.84 0.000597112
5.85 0.000576905
5.86 0.000557325
5.87 0.000538354
5.88 0.000519975
5.89 0.000502171
5.9 0.000484927
5.91 0.000468227
5.92 0.000452056
5.93 0.000436398
5.94 0.000421239
5.95 0.000406564
5.96 0.000392361
5.97 0.000378614
5.98 0.000365311
5.99 0.00035244
