-6 0.00185224
-5.99 0.00190957
-5.98 0.00196847
-5.97 0.00202898
-5.96 0.00209114
-5.95 0.002155
-5.94 0.00222058
-5.93 0.00228793
-5.92 0.00235708
-5.91 0.00242808
-5.9 0.00250097
-5.89 0.00257579
-5.88 0.00265259
-5.87 0.0027314
-5.86 0.00281227
-5.85 0.00289524
-5.84 0.00298037
-5.83 0.00306769
-5.82 0.00315725
-5.81 0.00324911
-5.8 0.0033433
-5.79 0.00343987
-5.78 0.00353889
-5.77 0.00364039
-5.76 0.00374442
-5.75 0.00385104
-5.74 0.00396031
-5.73 0.00407226
-5.72 0.00418696
-5.71 0.00430446
-5.7 0.00442482
-5.69 0.00454809
-5.68 0.00467432
-5.67 0.00480358
-5.66 0.00493591
-5.65 0.00507139
-5.64 0.00521006
-5.63 0.00535199
-5.62 0.00549723
-5.61 0.00564585
-5.6 0.00579791
-5.59 0.00595347
-5.58 0.00611259
-5.57 0.00627534
-5.56 0.00644177
-5.55 0.00661196
-5.54 0.00678596
-5.53 0.00696385
-5.52 0.00714568
-5.51 0.00733153
-5.5 0.00752147
-5.49 0.00771554
-5.48 0.00791384
-5.47 0.00811642
-5.46 0.00832335
-5.45 0.00853471
-5.44 0.00875055
-5.43 0.00897096
-5.42 0.009196
-5.41 0.00942574
-5.4 0.00966025
-5.39 0.00989961
-5.38 0.0101439
-5.37 0.0103931
-5.36 0.0106475
-5.35 0.0109069
-5.34 0.0111716
-5.33 0.0114415
-5.32 0.0117168
-5.31 0.0119975
-5.3 0.0122837
-5.29 0.0125755
-5.28 0.0128729
-5.27 0.013176
-5.26 0.0134849
-5.25 0.0137997
-5.24 0.0141204
-5.23 0.0144472
-5.22 0.01478
-5.21 0.0151189
-5.2 0.0154641
-5.19 0.0158156
-5.18 0.0161735
-5.17 0.0165378
-5.16 0.0169086
-5.15 0.017286
-5.14 0.01767
-5.13 0.0180608
-5.12 0.0184584
-5.11 0.0188628
-5.1 0.0192742
-5.09 0.0196926
-5.08 0.020118
-5.07 0.0205506
-5.06 0.0209904
-5.05 0.0214374
-5.04 0.0218918
-5.03 0.0223536
-5.02 0.0228228
-5.01 0.0232996
-5 0.0237839
-4.99 0.0242758
-4.98 0.0247755
-4.97 0.0252829
-4.96 0.0257981
-4.95 0.0263212
-4.94 0.0268523
-4.93 0.0273912
-4.92 0.0279382
-4.91 0.0284933
-4.9 0.0290565
-4.89 0.0296279
-4.88 0.0302075
-4.87 0.0307953
-4.86 0.0313915
-4.85 0.031996
-4.84 0.0326088
-4.83 0.0332301
-4.82 0.0338598
-4.81 0.034498
-4.8 0.0351447
-4.79 0.0358
-4.78 0.0364638
-4.77 0.0371362
-4.76 0.0378172
-4.75 0.0385069
-4.74 0.0392052
-4.73 0.0399122
-4.72 0.0406279
-4.71 0.0413523
-4.7 0.0420854
-4.69 0.0428272
-4.68 0.0435777
-4.67 0.0443369
-4.66 0.0451048
-4.65 0.0458815
-4.64 0.0466668
-4.63 0.0474609
-4.62 0.0482636
-4.61 0.049075
-4.6 0.0498951
-4.59 0.0507237
-4.58 0.051561
-4.57 0.0524069
-4.56 0.0532613
-4.55 0.0541242
-4.54 0.0549956
-4.53 0.0558754
-4.52 0.0567636
-4.51 0.0576602
-4.5 0.0585651
-4.49 0.0594782
-4.48 0.0603996
-4.47 0.061329
-4.46 0.0622666
-4.45 0.0632121
-4.44 0.0641656
-4.43 0.0651269
-4.42 0.0660961
-4.41 0.0670729
-4.4 0.0680574
-4.39 0.0690494
-4.38 0.0700489
-4.37 0.0710557
-4.36 0.0720698
-4.35 0.073091
-4.34 0.0741193
-4.33 0.0751546
-4.32 0.0761967
-4.31 0.0772455
-4.3 0.0783009
-4.29 0.0793628
-4.28 0.080431
-4.27 0.0815055
-4.26 0.0825861
-4.25 0.0836726
-4.24 0.0847649
-4.23 0.0858629
-4.22 0.0869664
-4.21 0.0880753
-4.2 0.0891894
-4.19 0.0903085
-4.18 0.0914326
-4.17 0.0925614
-4.16 0.0936947
-4.15 0.0948325
-4.14 0.0959744
-4.13 0.0971204
-4.12 0.0982702
-4.11 0.0994237
-4.1 0.100581
-4.09 0.101741
-4.08 0.102904
-4.07 0.104071
-4.06 0.105239
-4.05 0.106411
-4.04 0.107585
-4.03 0.10876
-4.02 0.109938
-4.01 0.111117
-4 0.112298
-3.99 0.11348
-3.98 0.114662
-3.97 0.115846
-3.96 0.11703
-3.95 0.118214
-3.94 0.119399
-3.93 0.120583
-3.92 0.121767
-3.91 0.12295
-3.9 0.124132
-3.89 0.125313
-3.88 0.126492
-3.87 0.12767
-3.86 0.128846
-3.85 0.13002
-3.84 0.131191
-3.83 0.13236
-3.82 0.133525
-3.81 0.134688
-3.8 0.135847
-3.79 0.137002
-3.78 0.138153
-3.77 0.1393
-3.76 0.140443
-3.75 0.141581
-3.74 0.142713
-3.73 0.14384
-3.72 0.144962
-3.71 0.146078
-3.7 0.147188
-3.69 0.148291
-3.68 0.149387
-3.67 0.150477
-3.66 0.15156
-3.65 0.152634
-3.64 0.153702
-3.63 0.154761
-3.62 0.155812
-3.61 0.156854
-3.6 0.157888
-3.59 0.158912
-3.58 0.159927
-3.57 0.160932
-3.56 0.161928
-3.55 0.162913
-3.54 0.163888
-3.53 0.164853
-3.52 0.165806
-3.51 0.166749
-3.5 0.167679
-3.49 0.168599
-3.48 0.169506
-3.47 0.170401
-3.46 0.171284
-3.45 0.172154
-3.44 0.173011
-3.43 0.173855
-3.42 0.174685
-3.41 0.175503
-3.4 0.176306
-3.39 0.177095
-3.38 0.17787
-3.37 0.17863
-3.36 0.179376
-3.35 0.180107
-3.34 0.180823
-3.33 0.181523
-3.32 0.182208
-3.31 0.182877
-3.3 0.183531
-3.29 0.184168
-3.28 0.184789
-3.27 0.185393
-3.26 0.185981
-3.25 0.186552
-3.24 0.187106
-3.23 0.187643
-3.22 0.188163
-3.21 0.188665
-3.2 0.18915
-3.19 0.189616
-3.18 0.190066
-3.17 0.190497
-3.16 0.190909
-3.15 0.191304
-3.14 0.19168
-3.13 0.192038
-3.12 0.192378
-3.11 0.192698
-3.1 0.193
-3.09 0.193283
-3.08 0.193547
-3.07 0.193792
-3.06 0.194018
-3.05 0.194224
-3.04 0.194412
-3.03 0.19458
-3.02 0.194729
-3.01 0.194858
-3 0.194968
-2.99 0.195059
-2.98 0.19513
-2.97 0.195182
-2.96 0.195214
-2.95 0.195226
-2.94 0.195219
-2.93 0.195193
-2.92 0.195147
-2.91 0.195081
-2.9 0.194996
-2.89 0.194892
-2.88 0.194768
-2.87 0.194625
-2.86 0.194462
-2.85 0.19428
-2.84 0.194079
-2.83 0.193858
-2.82 0.193619
-2.81 0.19336
-2.8 0.193083
-2.79 0.192786
-2.78 0.192471
-2.77 0.192137
-2.76 0.191785
-2.75 0.191414
-2.74 0.191024
-2.73 0.190616
-2.72 0.19019
-2.71 0.189747
-2.7 0.189285
-2.69 0.188805
-2.68 0.188308
-2.67 0.187793
-2.66 0.187261
-2.65 0.186712
-2.64 0.186146
-2.63 0.185563
-2.62 0.184963
-2.61 0.184347
-2.6 0.183714
-2.59 0.183066
-2.58 0.182401
-2.57 0.18172
-2.56 0.181024
-2.55 0.180313
-2.54 0.179586
-2.53 0.178845
-2.52 0.178089
-2.51 0.177318
-2.5 0.176533
-2.49 0.175733
-2.48 0.17492
-2.47 0.174093
-2.46 0.173253
-2.45 0.1724
-2.44 0.171533
-2.43 0.170654
-2.42 0.169763
-2.41 0.168859
-2.4 0.167943
-2.39 0.167016
-2.38 0.166077
-2.37 0.165126
-2.36 0.164165
-2.35 0.163193
-2.34 0.162211
-2.33 0.161218
-2.32 0.160215
-2.31 0.159203
-2.3 0.158181
-2.29 0.15715
-2.28 0.156111
-2.27 0.155062
-2.26 0.154005
-2.25 0.15294
-2.24 0.151868
-2.23 0.150787
-2.22 0.1497
-2.21 0.148605
-2.2 0.147504
-2.19 0.146396
-2.18 0.145282
-2.17 0.144162
-2.16 0.143036
-2.15 0.141905
-2.14 0.140769
-2.13 0.139628
-2.12 0.138482
-2.11 0.137332
-2.1 0.136178
-2.09 0.13502
-2.08 0.133858
-2.07 0.132694
-2.06 0.131526
-2.05 0.130355
-2.04 0.129182
-2.03 0.128007
-2.02 0.12683
-2.01 0.125651
-2 0.12447
-1.99 0.123288
-1.98 0.122106
-1.97 0.120922
-1.96 0.119738
-1.95 0.118554
-1.94 0.11737
-1.93 0.116186
-1.92 0.115002
-1.91 0.113819
-1.9 0.112637
-1.89 0.111456
-1.88 0.110277
-1.87 0.109099
-1.86 0.107923
-1.85 0.106748
-1.84 0.105577
-1.83 0.104407
-1.82 0.10324
-1.81 0.102076
-1.8 0.100915
-1.79 0.0997576
-1.78 0.0986033
-1.77 0.0974527
-1.76 0.0963059
-1.75 0.0951631
-1.74 0.0940245
-1.73 0.0928903
-1.72 0.0917606
-1.71 0.0906357
-1.7 0.0895156
-1.69 0.0884005
-1.68 0.0872907
-1.67 0.0861863
-1.66 0.0850874
-1.65 0.0839941
-1.64 0.0829067
-1.63 0.0818253
-1.62 0.08075
-1.61 0.079681
-1.6 0.0786183
-1.59 0.0775622
-1.58 0.0765128
-1.57 0.0754701
-1.56 0.0744344
-1.55 0.0734057
-1.54 0.0723841
-1.53 0.0713699
-1.52 0.070363
-1.51 0.0693636
-1.5 0.0683718
-1.49 0.0673877
-1.48 0.0664115
-1.47 0.0654431
-1.46 0.0644827
-1.45 0.0635305
-1.44 0.0625864
-1.43 0.0616506
-1.42 0.0607232
-1.41 0.0598042
-1.4 0.0588938
-1.39 0.057992
-1.38 0.0570989
-1.37 0.0562145
-1.36 0.055339
-1.35 0.0544725
-1.34 0.0536149
-1.33 0.0527665
-1.32 0.0519272
-1.31 0.0510971
-1.3 0.0502762
-1.29 0.0494648
-1.28 0.0486627
-1.27 0.0478702
-1.26 0.0470872
-1.25 0.0463138
-1.24 0.0455501
-1.23 0.0447962
-1.22 0.0440521
-1.21 0.0433179
-1.2 0.0425936
-1.19 0.0418793
-1.18 0.0411751
-1.17 0.0404811
-1.16 0.0397973
-1.15 0.0391237
-1.14 0.0384605
-1.13 0.0378077
-1.12 0.0371654
-1.11 0.0365337
-1.1 0.0359125
-1.09 0.0353021
-1.08 0.0347024
-1.07 0.0341135
-1.06 0.0335356
-1.05 0.0329686
-1.04 0.0324127
-1.03 0.0318679
-1.02 0.0313343
-1.01 0.030812
-1 0.030301
-0.99 0.0298014
-0.98 0.0293133
-0.97 0.0288368
-0.96 0.0283719
-0.95 0.0279188
-0.94 0.0274774
-0.93 0.0270479
-0.92 0.0266303
-0.91 0.0262248
-0.9 0.0258312
-0.89 0.0254498
-0.88 0.0250806
-0.87 0.0247237
-0.86 0.024379
-0.85 0.0240467
-0.84 0.0237268
-0.83 0.0234194
-0.82 0.0231244
-0.81 0.022842
-0.8 0.0225721
-0.79 0.0223148
-0.78 0.0220701
-0.77 0.021838
-0.76 0.0216185
-0.75 0.0214116
-0.74 0.0212174
-0.73 0.0210357
-0.72 0.0208665
-0.71 0.0207098
-0.7 0.0205656
-0.69 0.0204338
-0.68 0.0203144
-0.67 0.0202072
-0.66 0.0201121
-0.65 0.0200291
-0.64 0.0199581
-0.63 0.0198988
-0.62 0.0198512
-0.61 0.0198152
-0.6 0.0197905
-0.59 0.0197769
-0.58 0.0197744
-0.57 0.0197826
-0.56 0.0198013
-0.55 0.0198304
-0.54 0.0198695
-0.53 0.0199183
-0.52 0.0199768
-0.51 0.0200444
-0.5 0.0201209
-0.49 0.020206
-0.48 0.0202994
-0.47 0.0204007
-0.46 0.0205095
-0.45 0.0206256
-0.44 0.0207484
-0.43 0.0208776
-0.42 0.0210128
-0.41 0.0211536
-0.4 0.0212995
-0.39 0.0214501
-0.38 0.0216051
-0.37 0.0217638
-0.36 0.0219259
-0.35 0.0220908
-0.34 0.0222582
-0.33 0.0224276
-0.32 0.0225984
-0.31 0.0227703
-0.3 0.0229426
-0.29 0.023115
-0.28 0.0232869
-0.27 0.023458
-0.26 0.0236276
-0.25 0.0237954
-0.24 0.0239609
-0.23 0.0241236
-0.22 0.024283
-0.21 0.0244388
-0.2 0.0245906
-0.19 0.0247378
-0.18 0.0248801
-0.17 0.0250171
-0.16 0.0251484
-0.15 0.0252737
-0.14 0.0253927
-0.13 0.0255048
-0.12 0.02561
-0.11 0.0257079
-0.1 0.0257982
-0.09 0.0258806
-0.08 0.025955
-0.07 0.0260212
-0.06 0.0260789
-0.05 0.026128
-0.04 0.0261683
-0.03 0.0261998
-0.02 0.0262224
-0.01 0.0262359
0 0.0262405
0.01 0.0262359
0.02 0.0262224
0.03 0.0261998
0.04 0.0261683
0.05 0.026128
0.06 0.0260789
0.07 0.0260212
0.08 0.025955
0.09 0.0258806
0.1 0.0257982
0.11 0.0257079
0.12 0.02561
0.13 0.0255048
0.14 0.0253927
0.15 0.0252737
0.16 0.0251484
0.17 0.0250171
0.18 0.0248801
0.19 0.0247378
0.2 0.0245906
0.21 0.0244388
0.22 0.024283
0.23 0.0241236
0.24 0.0239609
0.25 0.0237954
0.26 0.0236276
0.27 0.023458
0.28 0.0232869
0.29 0.023115
0.3 0.0229426
0.31 0.0227703
0.32 0.0225984
0.33 0.0224276
0.34 0.0222582
0.35 0.0220908
0.36 0.0219259
0.37 0.0217638
0.38 0.0216051
0.39 0.0214501
0.4 0.0212995
0.41 0.0211536
0.42 0.0210128
0.43 0.0208776
0.44 0.0207484
0.45 0.0206256
0.46 0.0205095
0.47 0.0204007
0.48 0.0202994
0.49 0.020206
0.5 0.0201209
0.51 0.0200444
0.52 0.0199768
0.53 0.0199183
0.54 0.0198695
0.55 0.0198304
0.56 0.0198013
0.57 0.0197826
0.58 0.0197744
0.59 0.0197769
0.6 0.0197905
0.61 0.0198152
0.62 0.0198512
0.63 0.0198988
0.64 0.0199581
0.65 0.0200291
0.66 0.0201121
0.67 0.0202072
0.68 0.0203144
0.69 0.0204338
0.7 0.0205656
0.71 0.0207098
0.72 0.0208665
0.73 0.0210357
0.74 0.0212174
0.75 0.0214116
0.76 0.0216185
0.77 0.021838
0.78 0.0220701
0.79 0.0223148
0.8 0.0225721
0.81 0.022842
0.82 0.0231244
0.83 0.0234194
0.84 0.0237268
0.85 0.0240467
0.86 0.024379
0.87 0.0247237
0.88 0.0250806
0.89 0.0254498
0.9 0.0258312
0.91 0.0262248
0.92 0.0266303
0.93 0.0270479
0.94 0.0274774
0.95 0.0279188
0.96 0.0283719
0.97 0.0288368
0.98 0.0293133
0.99 0.0298014
1 0.030301
1.01 0.030812
1.02 0.0313343
1.03 0.0318679
1.04 0.0324127
1.05 0.0329686
1.06 0.0335356
1.07 0.0341135
1.08 0.0347024
1.09 0.0353021
1.1 0.0359125
1.11 0.0365337
1.12 0.0371654
1.13 0.0378077
1.14 0.0384605
1.15 0.0391237
1.16 0.0397973
1.17 0.0404811
1.18 0.0411751
1.19 0.0418793
1.2 0.0425936
1.21 0.0433179
1.22 0.0440521
1.23 0.0447962
1.24 0.0455501
1.25 0.0463138
1.26 0.0470872
1.27 0.0478702
1.28 0.0486627
1.29 0.0494648
1.3 0.0502762
1.31 0.0510971
1.32 0.0519272
1.33 0.0527665
1.34 0.0536149
1.35 0.0544725
1.36 0.055339
1.37 0.0562145
1.38 0.0570989
1.39 0.057992
1.4 0.0588938
1.41 0.0598042
1.42 0.0607232
1.43 0.0616506
1.44 0.0625864
1.45 0.0635305
1.46 0.0644827
1.47 0.0654431
1.48 0.0664115
1.49 0.0673877
1.5 0.0683718
1.51 0.0693636
1.52 0.070363
1.53 0.0713699
1.54 0.0723841
1.55 0.0734057
1.56 0.0744344
1.57 0.0754701
1.58 0.0765128
1.59 0.0775622
1.6 0.0786183
1.61 0.079681
1.62 0.08075
1.63 0.0818253
1.64 0.0829067
1.65 0.0839941
1.66 0.0850874
1.67 0.0861863
1.68 0.0872907
1.69 0.0884005
1.7 0.0895156
1.71 0.0906357
1.72 0.0917606
1.73 0.0928903
1.74 0.0940245
1.75 0.0951631
1.76 0.0963059
1.77 0.0974527
1.78 0.0986033
1.79 0.0997576
1.8 0.100915
1.81 0.102076
1.82 0.10324
1.83 0.104407
1.84 0.105577
1.85 0.106748
1.86 0.107923
1.87 0.109099
1.88 0.110277
1.89 0.111456
1.9 0.112637
1.91 0.113819
1.92 0.115002
1.93 0.116186
1.94 0.11737
1.95 0.118554
1.96 0.119738
1.97 0.120922
1.98 0.122106
1.99 0.123288
2 0.12447
2.01 0.125651
2.02 0.12683
2.03 0.128007
2.04 0.129182
2.05 0.130355
2.06 0.131526
2.07 0.132694
2.08 0.133858
2.09 0.13502
2.1 0.136178
2.11 0.137332
2.12 0.138482
2.13 0.139628
2.14 0.140769
2.15 0.141905
2.16 0.143036
2.17 0.144162
2.18 0.145282
2.19 0.146396
2.2 0.147504
2.21 0.148605
2.22 0.1497
2.23 0.150787
2.24 0.151868
2.25 0.15294
2.26 0.154005
2.27 0.155062
2.28 0.156111
2.29 0.15715
2.3 0.158181
2.31 0.159203
2.32 0.160215
2.33 0.161218
2.34 0.162211
2.35 0.163193
2.36 0.164165
2.37 0.165126
2.38 0.166077
2.39 0.167016
2.4 0.167943
2.41 0.168859
2.42 0.169763
2.43 0.170654
2.44 0.171533
2.45 0.1724
2.46 0.173253
2.47 0.174093
2.48 0.17492
2.49 0.175733
2.5 0.176533
2.51 0.177318
2.52 0.178089
2.53 0.178845
2.54 0.179586
2.55 0.180313
2.56 0.181024
2.57 0.18172
2.58 0.182401
2.59 0.183066
2.6 0.183714
2.61 0.184347
2.62 0.184963
2.63 0.185563
2.64 0.186146
2.65 0.186712
2.66 0.187261
2.67 0.187793
2.68 0.188308
2.69 0.188805
2.7 0.189285
2.71 0.189747
2.72 0.19019
2.73 0.190616
2.74 0.191024
2.75 0.191414
2.76 0.191785
2.77 0.192137
2.78 0.192471
2.79 0.192786
2.8 0.193083
2.81 0.19336
2.82 0.193619
2.83 0.193858
2.84 0.194079
2.85 0.19428
2.86 0.194462
2.87 0.194625
2.88 0.194768
2.89 0.194892
2.9 0.194996
2.91 0.195081
2.92 0.195147
2.93 0.195193
2.94 0.195219
2.95 0.195226
2.96 0.195214
2.97 0.195182
2.98 0.19513
2.99 0.195059
3 0.194968
3.01 0.194858
3.02 0.194729
3.03 0.19458
3.04 0.194412
3.05 0.194224
3.06 0.194018
3.07 0.193792
3.08 0.193547
3.09 0.193283
3.1 0.193
3.11 0.192698
3.12 0.192378
3.13 0.192038
3.14 0.19168
3.15 0.191304
3.16 0.190909
3.17 0.190497
3.18 0.190066
3.19 0.189616
3.2 0.18915
3.21 0.188665
3.22 0.188163
3.23 0.187643
3.24 0.187106
3.25 0.186552
3.26 0.185981
3.27 0.185393
3.28 0.184789
3.29 0.184168
3.3 0.183531
3.31 0.182877
3.32 0.182208
3.33 0.181523
3.34 0.180823
3.35 0.180107
3.36 0.179376
3.37 0.17863
3.38 0.17787
3.39 0.177095
3.4 0.176306
3.41 0.175503
3.42 0.174685
3.43 0.173855
3.44 0.173011
3.45 0.172154
3.46 0.171284
3.47 0.170401
3.48 0.169506
3.49 0.168599
3.5 0.167679
3.51 0.166749
3.52 0.165806
3.53 0.164853
3.54 0.163888
3.55 0.162913
3.56 0.161928
3.57 0.160932
3.58 0.159927
3.59 0.158912
3.6 0.157888
3.61 0.156854
3.62 0.155812
3.63 0.154761
3.64 0.153702
3.65 0.152634
3.66 0.15156
3.67 0.150477
3.68 0.149387
3.69 0.148291
3.7 0.147188
3.71 0.146078
3.72 0.144962
3.73 0.14384
3.74 0.142713
3.75 0.141581
3.76 0.140443
3.77 0.1393
3.78 0.138153
3.79 0.137002
3.8 0.135847
3.81 0.134688
3.82 0.133525
3.83 0.13236
3.84 0.131191
3.85 0.13002
3.86 0.128846
3.87 0.12767
3.88 0.126492
3.89 0.125313
3.9 0.124132
3.91 0.12295
3.92 0.121767
3.93 0.120583
3.94 0.119399
3.95 0.118214
3.96 0.11703
3.97 0.115846
3.98 0.114662
3.99 0.11348
4 0.112298
4.01 0.111117
4.02 0.109938
4.03 0.10876
4.04 0.107585
4.05 0.106411
4.06 0.105239
4.07 0.104071
4.08 0.102904
4.09 0.101741
4.1 0.100581
4.11 0.0994237
4.12 0.0982702
4.13 0.0971204
4.14 0.0959744
4.15 0.0948325
4.16 0.0936947
4.17 0.0925614
4.18 0.0914326
4.19 0.0903085
4.2 0.0891894
4.21 0.0880753
4.22 0.0869664
4.23 0.0858629
4.24 0.0847649
4.25 0.0836726
4.26 0.0825861
4.27 0.0815055
4.28 0.080431
4.29 0.0793628
4.3 0.0783009
4.31 0.0772455
4.32 0.0761967
4.33 0.0751546
4.34 0.0741193
4.35 0.073091
4.36 0.0720698
4.37 0.0710557
4.38 0.0700489
4.39 0.0690494
4.4 0.0680574
4.41 0.0670729
4.42 0.0660961
4.43 0.0651269
4.44 0.0641656
4.45 0.0632121
4.46 0.0622666
4.47 0.061329
4.48 0.0603996
4.49 0.0594782
4.5 0.0585651
4.51 0.0576602
4.52 0.0567636
4.53 0.0558754
4.54 0.0549956
4.55 0.0541242
4.56 0.0532613
4.57 0.0524069
4.58 0.051561
4.59 0.0507237
4.6 0.0498951
4.61 0.049075
4.62 0.0482636
4.63 0.0474609
4.64 0.0466668
4.65 0.0458815
4.66 0.0451048
4.67 0.0443369
4.68 0.0435777
4.69 0.0428272
4.7 0.0420854
4.71 0.0413523
4.72 0.0406279
4.73 0.0399122
4.74 0.0392052
4.75 0.0385069
4.76 0.0378172
4.77 0.0371362
4.78 0.0364638
4.79 0.0358
4.8 0.0351447
4.81 0.034498
4.82 0.0338598
4.83 0.0332301
4.84 0.0326088
4.85 0.031996
4.86 0.0313915
4.87 0.0307953
4.88 0.0302075
4.89 0.0296279
4.9 0.0290565
4.91 0.0284933
4.92 0.0279382
4.93 0.0273912
4.94 0.0268523
4.95 0.0263212
4.96 0.0257981
4.97 0.0252829
4.98 0.0247755
4.99 0.0242758
5 0.0237839
5.01 0.0232996
5.02 0.0228228
5.03 0.0223536
5.04 0.0218918
5.05 0.0214374
5.06 0.0209904
5.07 0.0205506
5.08 0.020118
5.09 0.0196926
5.1 0.0192742
5.11 0.0188628
5.12 0.0184584
5.13 0.0180608
5.14 0.01767
5.15 0.017286
5.16 0.0169086
5.17 0.0165378
5.18 0.0161735
5.19 0.0158156
5.2 0.0154641
5.21 0.0151189
5.22 0.01478
5.23 0.0144472
5.24 0.0141204
5.25 0.0137997
5.26 0.0134849
5.27 0.013176
5.28 0.0128729
5.29 0.0125755
5.3 0.0122837
5.31 0.0119975
5.32 0.0117168
5.33 0.0114415
5.34 0.0111716
5.35 0.0109069
5.36 0.0106475
5.37 0.0103931
5.38 0.0101439
5.39 0.00989961
5.4 0.00966025
5.41 0.00942574
5.42 0.009196
5.43 0.00897096
5.44 0.00875055
5.45 0.00853471
5.46 0.00832335
5.47 0.00811642
5.48 0.00791384
5.49 0.00771554
5.5 0.00752147
5.51 0.00733153
5.52 0.00714568
5.53 0.00696385
5.54 0.00678596
5.55 0.00661196
5.56 0.00644177
5.57 0.00627534
5.58 0.00611259
5.59 0.00595347
5.6 0.00579791
5.61 0.00564585
5.62 0.00549723
5.63 0.00535199
5.64 0.00521006
5.65 0.00507139
5.66 0.00493591
5.67 0.00480358
5.68 0.00467432
5.69 0.00454809
5.7 0.00442482
5.71 0.00430446
5.72 0.00418696
5.73 0.00407226
5.74 0.00396031
5.75 0.00385104
5.76 0.00374442
5.77 0.00364039
5.78 0.00353889
5.79 0.00343987
5.8 0.0033433
5.81 0.00324911
5.82 0.00315725
5.83 0.00306769
5.84 0.00298037
5.85 0.00289524
5.86 0.00281227
5.87 0.0027314
5.88 0.00265259
5.89 0.00257579
5.9 0.00250097
5.91 0.00242808
5.92 0.00235708
5.93 0.00228793
5.94 0.00222058
5.95 0.002155
5.96 0.00209114
5.97 0.00202898
5.98 0.00196847
5.99 0.00190957
