-6 0.0130637
-5.99 0.0131977
-5.98 0.0133326
-5.97 0.0134686
-5.96 0.0136057
-5.95 0.0137438
-5.94 0.0138829
-5.93 0.0140231
-5.92 0.0141644
-5.91 0.0143067
-5.9 0.0144501
-5.89 0.0145946
-5.88 0.0147401
-5.87 0.0148867
-5.86 0.0150344
-5.85 0.0151832
-5.84 0.0153331
-5.83 0.015484
-5.82 0.0156361
-5.81 0.0157892
-5.8 0.0159435
-5.79 0.0160988
-5.78 0.0162553
-5.77 0.0164128
-5.76 0.0165715
-5.75 0.0167313
-5.74 0.0168922
-5.73 0.0170542
-5.72 0.0172173
-5.71 0.0173816
-5.7 0.017547
-5.69 0.0177135
-5.68 0.0178812
-5.67 0.01805
-5.66 0.0182199
-5.65 0.018391
-5.64 0.0185632
-5.63 0.0187365
-5.62 0.018911
-5.61 0.0190867
-5.6 0.0192634
-5.59 0.0194414
-5.58 0.0196205
-5.57 0.0198007
-5.56 0.0199821
-5.55 0.0201647
-5.54 0.0203484
-5.53 0.0205333
-5.52 0.0207193
-5.51 0.0209065
-5.5 0.0210949
-5.49 0.0212844
-5.48 0.0214751
-5.47 0.021667
-5.46 0.02186
-5.45 0.0220542
-5.44 0.0222495
-5.43 0.0224461
-5.42 0.0226438
-5.41 0.0228426
-5.4 0.0230427
-5.39 0.0232439
-5.38 0.0234463
-5.37 0.0236499
-5.36 0.0238546
-5.35 0.0240605
-5.34 0.0242676
-5.33 0.0244758
-5.32 0.0246852
-5.31 0.0248958
-5.3 0.0251076
-5.29 0.0253205
-5.28 0.0255346
-5.27 0.0257499
-5.26 0.0259663
-5.25 0.0261839
-5.24 0.0264027
-5.23 0.0266226
-5.22 0.0268437
-5.21 0.027066
-5.2 0.0272894
-5.19 0.027514
-5.18 0.0277397
-5.17 0.0279666
-5.16 0.0281947
-5.15 0.0284239
-5.14 0.0286542
-5.13 0.0288857
-5.12 0.0291184
-5.11 0.0293522
-5.1 0.0295871
-5.09 0.0298232
-5.08 0.0300604
-5.07 0.0302987
-5.06 0.0305382
-5.05 0.0307788
-5.04 0.0310206
-5.03 0.0312634
-5.02 0.0315074
-5.01 0.0317525
-5 0.0319987
-4.99 0.032246
-4.98 0.0324945
-4.97 0.032744
-4.96 0.0329946
-4.95 0.0332464
-4.94 0.0334992
-4.93 0.0337531
-4.92 0.0340081
-4.91 0.0342642
-4.9 0.0345213
-4.89 0.0347795
-4.88 0.0350388
-4.87 0.0352992
-4.86 0.0355606
-4.85 0.035823
-4.84 0.0360865
-4.83 0.0363511
-4.82 0.0366167
-4.81 0.0368833
-4.8 0.0371509
-4.79 0.0374196
-4.78 0.0376893
-4.77 0.0379599
-4.76 0.0382316
-4.75 0.0385043
-4.74 0.038778
-4.73 0.0390527
-4.72 0.0393283
-4.71 0.0396049
-4.7 0.0398825
-4.69 0.040161
-4.68 0.0404405
-4.67 0.040721
-4.66 0.0410024
-4.65 0.0412847
-4.64 0.0415679
-4.63 0.0418521
-4.62 0.0421371
-4.61 0.0424231
-4.6 0.04271
-4.59 0.0429977
-4.58 0.0432864
-4.57 0.0435759
-4.56 0.0438663
-4.55 0.0441575
-4.54 0.0444496
-4.53 0.0447425
-4.52 0.0450363
-4.51 0.0453309
-4.5 0.0456263
-4.49 0.0459225
-4.48 0.0462195
-4.47 0.0465172
-4.46 0.0468158
-4.45 0.0471152
-4.44 0.0474153
-4.43 0.0477161
-4.42 0.0480177
-4.41 0.04832
-4.4 0.0486231
-4.39 0.0489269
-4.38 0.0492313
-4.37 0.0495365
-4.36 0.0498424
-4.35 0.0501489
-4.34 0.0504561
-4.33 0.050764
-4.32 0.0510724
-4.31 0.0513816
-4.3 0.0516913
-4.29 0.0520017
-4.28 0.0523127
-4.27 0.0526242
-4.26 0.0529364
-4.25 0.0532491
-4.24 0.0535624
-4.23 0.0538762
-4.22 0.0541905
-4.21 0.0545054
-4.2 0.0548208
-4.19 0.0551367
-4.18 0.0554531
-4.17 0.05577
-4.16 0.0560873
-4.15 0.0564051
-4.14 0.0567233
-4.13 0.057042
-4.12 0.0573611
-4.11 0.0576806
-4.1 0.0580005
-4.09 0.0583207
-4.08 0.0586414
-4.07 0.0589624
-4.06 0.0592837
-4.05 0.0596054
-4.04 0.0599274
-4.03 0.0602498
-4.02 0.0605724
-4.01 0.0608953
-4 0.0612184
-3.99 0.0615419
-3.98 0.0618655
-3.97 0.0621894
-3.96 0.0625136
-3.95 0.0628379
-3.94 0.0631624
-3.93 0.0634871
-3.92 0.063812
-3.91 0.064137
-3.9 0.0644621
-3.89 0.0647874
-3.88 0.0651128
-3.87 0.0654383
-3.86 0.0657639
-3.85 0.0660895
-3.84 0.0664152
-3.83 0.066741
-3.82 0.0670668
-3.81 0.0673926
-3.8 0.0677184
-3.79 0.0680442
-3.78 0.0683699
-3.77 0.0686957
-3.76 0.0690214
-3.75 0.069347
-3.74 0.0696725
-3.73 0.0699979
-3.72 0.0703233
-3.71 0.0706485
-3.7 0.0709735
-3.69 0.0712984
-3.68 0.0716232
-3.67 0.0719478
-3.66 0.0722722
-3.65 0.0725963
-3.64 0.0729203
-3.63 0.073244
-3.62 0.0735675
-3.61 0.0738907
-3.6 0.0742136
-3.59 0.0745362
-3.58 0.0748585
-3.57 0.0751805
-3.56 0.0755022
-3.55 0.0758235
-3.54 0.0761445
-3.53 0.076465
-3.52 0.0767852
-3.51 0.077105
-3.5 0.0774244
-3.49 0.0777433
-3.48 0.0780618
-3.47 0.0783798
-3.46 0.0786973
-3.45 0.0790143
-3.44 0.0793309
-3.43 0.0796469
-3.42 0.0799624
-3.41 0.0802773
-3.4 0.0805917
-3.39 0.0809055
-3.38 0.0812187
-3.37 0.0815313
-3.36 0.0818433
-3.35 0.0821547
-3.34 0.0824654
-3.33 0.0827755
-3.32 0.0830849
-3.31 0.0833936
-3.3 0.0837016
-3.29 0.0840089
-3.28 0.0843154
-3.27 0.0846213
-3.26 0.0849263
-3.25 0.0852307
-3.24 0.0855342
-3.23 0.0858369
-3.22 0.0861389
-3.21 0.08644
-3.2 0.0867403
-3.19 0.0870397
-3.18 0.0873383
-3.17 0.087636
-3.16 0.0879329
-3.15 0.0882288
-3.14 0.0885238
-3.13 0.088818
-3.12 0.0891111
-3.11 0.0894034
-3.1 0.0896946
-3.09 0.089985
-3.08 0.0902743
-3.07 0.0905626
-3.06 0.0908499
-3.05 0.0911362
-3.04 0.0914215
-3.03 0.0917058
-3.02 0.091989
-3.01 0.0922711
-3 0.0925521
-2.99 0.0928321
-2.98 0.093111
-2.97 0.0933887
-2.96 0.0936654
-2.95 0.0939409
-2.94 0.0942152
-2.93 0.0944884
-2.92 0.0947605
-2.91 0.0950314
-2.9 0.0953011
-2.89 0.0955696
-2.88 0.0958369
-2.87 0.096103
-2.86 0.0963678
-2.85 0.0966315
-2.84 0.0968938
-2.83 0.097155
-2.82 0.0974149
-2.81 0.0976735
-2.8 0.0979308
-2.79 0.0981868
-2.78 0.0984416
-2.77 0.098695
-2.76 0.0989471
-2.75 0.0991979
-2.74 0.0994474
-2.73 0.0996955
-2.72 0.0999423
-2.71 0.100188
-2.7 0.100432
-2.69 0.100674
-2.68 0.100916
-2.67 0.101156
-2.66 0.101394
-2.65 0.101631
-2.64 0.101867
-2.63 0.102101
-2.62 0.102334
-2.61 0.102566
-2.6 0.102796
-2.59 0.103024
-2.58 0.103252
-2.57 0.103477
-2.56 0.103701
-2.55 0.103924
-2.54 0.104146
-2.53 0.104365
-2.52 0.104584
-2.51 0.104801
-2.5 0.105016
-2.49 0.10523
-2.48 0.105442
-2.47 0.105653
-2.46 0.105863
-2.45 0.10607
-2.44 0.106277
-2.43 0.106482
-2.42 0.106685
-2.41 0.106887
-2.4 0.107087
-2.39 0.107286
-2.38 0.107483
-2.37 0.107679
-2.36 0.107873
-2.35 0.108065
-2.34 0.108256
-2.33 0.108446
-2.32 0.108634
-2.31 0.10882
-2.3 0.109005
-2.29 0.109189
-2.28 0.10937
-2.27 0.10955
-2.26 0.109729
-2.25 0.109906
-2.24 0.110082
-2.23 0.110256
-2.22 0.110428
-2.21 0.110599
-2.2 0.110768
-2.19 0.110936
-2.18 0.111102
-2.17 0.111267
-2.16 0.11143
-2.15 0.111591
-2.14 0.111751
-2.13 0.11191
-2.12 0.112067
-2.11 0.112222
-2.1 0.112376
-2.09 0.112528
-2.08 0.112679
-2.07 0.112828
-2.06 0.112975
-2.05 0.113121
-2.04 0.113266
-2.03 0.113409
-2.02 0.11355
-2.01 0.11369
-2 0.113829
-1.99 0.113965
-1.98 0.114101
-1.97 0.114235
-1.96 0.114367
-1.95 0.114498
-1.94 0.114627
-1.93 0.114755
-1.92 0.114881
-1.91 0.115006
-1.9 0.115129
-1.89 0.115251
-1.88 0.115372
-1.87 0.115491
-1.86 0.115608
-1.85 0.115724
-1.84 0.115839
-1.83 0.115952
-1.82 0.116064
-1.81 0.116174
-1.8 0.116283
-1.79 0.11639
-1.78 0.116496
-1.77 0.116601
-1.76 0.116704
-1.75 0.116806
-1.74 0.116906
-1.73 0.117005
-1.72 0.117103
-1.71 0.117199
-1.7 0.117294
-1.69 0.117388
-1.68 0.11748
-1.67 0.117571
-1.66 0.11766
-1.65 0.117749
-1.64 0.117835
-1.63 0.117921
-1.62 0.118005
-1.61 0.118088
-1.6 0.11817
-1.59 0.118251
-1.58 0.11833
-1.57 0.118408
-1.56 0.118485
-1.55 0.11856
-1.54 0.118634
-1.53 0.118707
-1.52 0.118779
-1.51 0.11885
-1.5 0.118919
-1.49 0.118988
-1.48 0.119055
-1.47 0.119121
-1.46 0.119185
-1.45 0.119249
-1.44 0.119311
-1.43 0.119373
-1.42 0.119433
-1.41 0.119492
-1.4 0.11955
-1.39 0.119607
-1.38 0.119663
-1.37 0.119718
-1.36 0.119772
-1.35 0.119825
-1.34 0.119876
-1.33 0.119927
-1.32 0.119977
-1.31 0.120026
-1.3 0.120073
-1.29 0.12012
-1.28 0.120166
-1.27 0.120211
-1.26 0.120255
-1.25 0.120297
-1.24 0.12034
-1.23 0.120381
-1.22 0.120421
-1.21 0.12046
-1.2 0.120499
-1.19 0.120536
-1.18 0.120573
-1.17 0.120609
-1.16 0.120644
-1.15 0.120678
-1.14 0.120711
-1.13 0.120744
-1.12 0.120776
-1.11 0.120807
-1.1 0.120837
-1.09 0.120867
-1.08 0.120895
-1.07 0.120923
-1.06 0.120951
-1.05 0.120977
-1.04 0.121003
-1.03 0.121028
-1.02 0.121053
-1.01 0.121077
-1 0.1211
-0.99 0.121122
-0.98 0.121144
-0.97 0.121166
-0.96 0.121186
-0.95 0.121206
-0.94 0.121226
-0.93 0.121245
-0.92 0.121263
-0.91 0.121281
-0.9 0.121298
-0.89 0.121314
-0.88 0.121331
-0.87 0.121346
-0.86 0.121361
-0.85 0.121376
-0.84 0.12139
-0.83 0.121403
-0.82 0.121417
-0.81 0.121429
-0.8 0.121442
-0.79 0.121453
-0.78 0.121465
-0.77 0.121476
-0.76 0.121486
-0.75 0.121496
-0.74 0.121506
-0.73 0.121516
-0.72 0.121525
-0.71 0.121533
-0.7 0.121541
-0.69 0.121549
-0.68 0.121557
-0.67 0.121564
-0.66 0.121571
-0.65 0.121578
-0.64 0.121584
-0.63 0.12159
-0.62 0.121596
-0.61 0.121602
-0.6 0.121607
-0.59 0.121612
-0.58 0.121617
-0.57 0.121621
-0.56 0.121625
-0.55 0.12163
-0.54 0.121633
-0.53 0.121637
-0.52 0.12164
-0.51 0.121644
-0.5 0.121647
-0.49 0.12165
-0.48 0.121652
-0.47 0.121655
-0.46 0.121657
-0.45 0.121659
-0.44 0.121661
-0.43 0.121663
-0.42 0.121665
-0.41 0.121667
-0.4 0.121668
-0.39 0.12167
-0.38 0.121671
-0.37 0.121672
-0.36 0.121673
-0.35 0.121674
-0.34 0.121675
-0.33 0.121676
-0.32 0.121677
-0.31 0.121678
-0.3 0.121678
-0.29 0.121679
-0.28 0.121679
-0.27 0.12168
-0.26 0.12168
-0.25 0.12168
-0.24 0.121681
-0.23 0.121681
-0.22 0.121681
-0.21 0.121681
-0.2 0.121682
-0.19 0.121682
-0.18 0.121682
-0.17 0.121682
-0.16 0.121682
-0.15 0.121682
-0.14 0.121682
-0.13 0.121682
-0.12 0.121682
-0.11 0.121682
-0.1 0.121682
-0.09 0.121682
-0.08 0.121682
-0.07 0.121682
-0.06 0.121682
-0.05 0.121682
-0.04 0.121682
-0.03 0.121682
-0.02 0.121682
-0.01 0.121682
0 0.121682
0.01 0.121682
0.02 0.121682
0.03 0.121682
0.04 0.121682
0.05 0.121682
0.06 0.121682
0.07 0.121682
0.08 0.121682
0.09 0.121682
0.1 0.121682
0.11 0.121682
0.12 0.121682
0.13 0.121682
0.14 0.121682
0.15 0.121682
0.16 0.121682
0.17 0.121682
0.18 0.121682
0.19 0.121682
0.2 0.121682
0.21 0.121681
0.22 0.121681
0.23 0.121681
0.24 0.121681
0.25 0.12168
0.26 0.12168
0.27 0.12168
0.28 0.121679
0.29 0.121679
0.3 0.121678
0.31 0.121678
0.32 0.121677
0.33 0.121676
0.34 0.121675
0.35 0.121674
0.36 0.121673
0.37 0.121672
0.38 0.121671
0.39 0.12167
0.4 0.121668
0.41 0.121667
0.42 0.121665
0.43 0.121663
0.44 0.121661
0.45 0.121659
0.46 0.121657
0.47 0.121655
0.48 0.121652
0.49 0.12165
0.5 0.121647
0.51 0.121644
0.52 0.12164
0.53 0.121637
0.54 0.121633
0.55 0.12163
0.56 0.121625
0.57 0.121621
0.58 0.121617
0.59 0.121612
0.6 0.121607
0.61 0.121602
0.62 0.121596
0.63 0.12159
0.64 0.121584
0.65 0.121578
0.66 0.121571
0.67 0.121564
0.68 0.121557
0.69 0.121549
0.7 0.121541
0.71 0.121533
0.72 0.121525
0.73 0.121516
0.74 0.121506
0.75 0.121496
0.76 0.121486
0.77 0.121476
0.78 0.121465
0.79 0.121453
0.8 0.121442
0.81 0.121429
0.82 0.121417
0.83 0.121403
0.84 0.12139
0.85 0.121376
0.86 0.121361
0.87 0.121346
0.88 0.121331
0.89 0.121314
0.9 0.121298
0.91 0.121281
0.92 0.121263
0.93 0.121245
0.94 0.121226
0.95 0.121206
0.96 0.121186
0.97 0.121166
0.98 0.121144
0.99 0.121122
1 0.1211
1.01 0.121077
1.02 0.121053
1.03 0.121028
1.04 0.121003
1.05 0.120977
1.06 0.120951
1.07 0.120923
1.08 0.120895
1.09 0.120867
1.1 0.120837
1.11 0.120807
1.12 0.120776
1.13 0.120744
1.14 0.120711
1.15 0.120678
1.16 0.120644
1.17 0.120609
1.18 0.120573
1.19 0.120536
1.2 0.120499
1.21 0.12046
1.22 0.120421
1.23 0.120381
1.24 0.12034
1.25 0.120297
1.26 0.120255
1.27 0.120211
1.28 0.120166
1.29 0.12012
1.3 0.120073
1.31 0.120026
1.32 0.119977
1.33 0.119927
1.34 0.119876
1.35 0.119825
1.36 0.119772
1.37 0.119718
1.38 0.119663
1.39 0.119607
1.4 0.11955
1.41 0.119492
1.42 0.119433
1.43 0.119373
1.44 0.119311
1.45 0.119249
1.46 0.119185
1.47 0.119121
1.48 0.119055
1.49 0.118988
1.5 0.118919
1.51 0.11885
1.52 0.118779
1.53 0.118707
1.54 0.118634
1.55 0.11856
1.56 0.118485
1.57 0.118408
1.58 0.11833
1.59 0.118251
1.6 0.11817
1.61 0.118088
1.62 0.118005
1.63 0.117921
1.64 0.117835
1.65 0.117749
1.66 0.11766
1.67 0.117571
1.68 0.11748
1.69 0.117388
1.7 0.117294
1.71 0.117199
1.72 0.117103
1.73 0.117005
1.74 0.116906
1.75 0.116806
1.76 0.116704
1.77 0.116601
1.78 0.116496
1.79 0.11639
1.8 0.116283
1.81 0.116174
1.82 0.116064
1.83 0.115952
1.84 0.115839
1.85 0.115724
1.86 0.115608
1.87 0.115491
1.88 0.115372
1.89 0.115251
1.9 0.115129
1.91 0.115006
1.92 0.114881
1.93 0.114755
1.94 0.114627
1.95 0.114498
1.96 0.114367
1.97 0.114235
1.98 0.114101
1.99 0.113965
2 0.113829
2.01 0.11369
2.02 0.11355
2.03 0.113409
2.04 0.113266
2.05 0.113121
2.06 0.112975
2.07 0.112828
2.08 0.112679
2.09 0.112528
2.1 0.112376
2.11 0.112222
2.12 0.112067
2.13 0.11191
2.14 0.111751
2.15 0.111591
2.16 0.11143
2.17 0.111267
2.18 0.111102
2.19 0.110936
2.2 0.110768
2.21 0.110599
2.22 0.110428
2.23 0.110256
2.24 0.110082
2.25 0.109906
2.26 0.109729
2.27 0.10955
2.28 0.10937
2.29 0.109189
2.3 0.109005
2.31 0.10882
2.32 0.108634
2.33 0.108446
2.34 0.108256
2.35 0.108065
2.36 0.107873
2.37 0.107679
2.38 0.107483
2.39 0.107286
2.4 0.107087
2.41 0.106887
2.42 0.106685
2.43 0.106482
2.44 0.106277
2.45 0.10607
2.46 0.105863
2.47 0.105653
2.48 0.105442
2.49 0.10523
2.5 0.105016
2.51 0.104801
2.52 0.104584
2.53 0.104365
2.54 0.104146
2.55 0.103924
2.56 0.103701
2.57 0.103477
2.58 0.103252
2.59 0.103024
2.6 0.102796
2.61 0.102566
2.62 0.102334
2.63 0.102101
2.64 0.101867
2.65 0.101631
2.66 0.101394
2.67 0.101156
2.68 0.100916
2.69 0.100674
2.7 0.100432
2.71 0.100188
2.72 0.0999423
2.73 0.0996955
2.74 0.0994474
2.75 0.0991979
2.76 0.0989471
2.77 0.098695
2.78 0.0984416
2.79 0.0981868
2.8 0.0979308
2.81 0.0976735
2.82 0.0974149
2.83 0.097155
2.84 0.0968938
2.85 0.0966315
2.86 0.0963678
2.87 0.096103
2.88 0.0958369
2.89 0.0955696
2.9 0.0953011
2.91 0.0950314
2.92 0.0947605
2.93 0.0944884
2.94 0.0942152
2.95 0.0939409
2.96 0.0936654
2.97 0.0933887
2.98 0.093111
2.99 0.0928321
3 0.0925521
3.01 0.0922711
3.02 0.091989
3.03 0.0917058
3.04 0.0914215
3.05 0.0911362
3.06 0.0908499
3.07 0.0905626
3.08 0.0902743
3.09 0.089985
3.1 0.0896946
3.11 0.0894034
3.12 0.0891111
3.13 0.088818
3.14 0.0885238
3.15 0.0882288
3.16 0.0879329
3.17 0.087636
3.18 0.0873383
3.19 0.0870397
3.2 0.0867403
3.21 0.08644
3.22 0.0861389
3.23 0.0858369
3.24 0.0855342
3.25 0.0852307
3.26 0.0849263
3.27 0.0846213
3.28 0.0843154
3.29 0.0840089
3.3 0.0837016
3.31 0.0833936
3.32 0.0830849
3.33 0.0827755
3.34 0.0824654
3.35 0.0821547
3.36 0.0818433
3.37 0.0815313
3.38 0.0812187
3.39 0.0809055
3.4 0.0805917
3.41 0.0802773
3.42 0.0799624
3.43 0.0796469
3.44 0.0793309
3.45 0.0790143
3.46 0.0786973
3.47 0.0783798
3.48 0.0780618
3.49 0.0777433
3.5 0.0774244
3.51 0.077105
3.52 0.0767852
3.53 0.076465
3.54 0.0761445
3.55 0.0758235
3.56 0.0755022
3.57 0.0751805
3.58 0.0748585
3.59 0.0745362
3.6 0.0742136
3.61 0.0738907
3.62 0.0735675
3.63 0.073244
3.64 0.0729203
3.65 0.0725963
3.66 0.0722722
3.67 0.0719478
3.68 0.0716232
3.69 0.0712984
3.7 0.0709735
3.71 0.0706485
3.72 0.0703233
3.73 0.0699979
3.74 0.0696725
3.75 0.069347
3.76 0.0690214
3.77 0.0686957
3.78 0.0683699
3.79 0.0680442
3.8 0.0677184
3.81 0.0673926
3.82 0.0670668
3.83 0.066741
3.84 0.0664152
3.85 0.0660895
3.86 0.0657639
3.87 0.0654383
3.88 0.0651128
3.89 0.0647874
3.9 0.0644621
3.91 0.064137
3.92 0.063812
3.93 0.0634871
3.94 0.0631624
3.95 0.0628379
3.96 0.0625136
3.97 0.0621894
3.98 0.0618655
3.99 0.0615419
4 0.0612184
4.01 0.0608953
4.02 0.0605724
4.03 0.0602498
4.04 0.0599274
4.05 0.0596054
4.06 0.0592837
4.07 0.0589624
4.08 0.0586414
4.09 0.0583207
4.1 0.0580005
4.11 0.0576806
4.12 0.0573611
4.13 0.057042
4.14 0.0567233
4.15 0.0564051
4.16 0.0560873
4.17 0.05577
4.18 0.0554531
4.19 0.0551367
4.2 0.0548208
4.21 0.0545054
4.22 0.0541905
4.23 0.0538762
4.24 0.0535624
4.25 0.0532491
4.26 0.0529364
4.27 0.0526242
4.28 0.0523127
4.29 0.0520017
4.3 0.0516913
4.31 0.0513816
4.32 0.0510724
4.33 0.050764
4.34 0.0504561
4.35 0.0501489
4.36 0.0498424
4.37 0.0495365
4.38 0.0492313
4.39 0.0489269
4.4 0.0486231
4.41 0.04832
4.42 0.0480177
4.43 0.0477161
4.44 0.0474153
4.45 0.0471152
4.46 0.0468158
4.47 0.0465172
4.48 0.0462195
4.49 0.0459225
4.5 0.0456263
4.51 0.0453309
4.52 0.0450363
4.53 0.0447425
4.54 0.0444496
4.55 0.0441575
4.56 0.0438663
4.57 0.0435759
4.58 0.0432864
4.59 0.0429977
4.6 0.04271
4.61 0.0424231
4.62 0.0421371
4.63 0.0418521
4.64 0.0415679
4.65 0.0412847
4.66 0.0410024
4.67 0.040721
4.68 0.0404405
4.69 0.040161
4.7 0.0398825
4.71 0.0396049
4.72 0.0393283
4.73 0.0390527
4.74 0.038778
4.75 0.0385043
4.76 0.0382316
4.77 0.0379599
4.78 0.0376893
4.79 0.0374196
4.8 0.0371509
4.81 0.0368833
4.82 0.0366167
4.83 0.0363511
4.84 0.0360865
4.85 0.035823
4.86 0.0355606
4.87 0.0352992
4.88 0.0350388
4.89 0.0347795
4.9 0.0345213
4.91 0.0342642
4.92 0.0340081
4.93 0.0337531
4.94 0.0334992
4.95 0.0332464
4.96 0.0329946
4.97 0.032744
4.98 0.0324945
4.99 0.032246
5 0.0319987
5.01 0.0317525
5.02 0.0315074
5.03 0.0312634
5.04 0.0310206
5.05 0.0307788
5.06 0.0305382
5.07 0.0302987
5.08 0.0300604
5.09 0.0298232
5.1 0.0295871
5.11 0.0293522
5.12 0.0291184
5.13 0.0288857
5.14 0.0286542
5.15 0.0284239
5.16 0.0281947
5.17 0.0279666
5.18 0.0277397
5.19 0.027514
5.2 0.0272894
5.21 0.027066
5.22 0.0268437
5.23 0.0266226
5.24 0.0264027
5.25 0.0261839
5.26 0.0259663
5.27 0.0257499
5.28 0.0255346
5.29 0.0253205
5.3 0.0251076
5.31 0.0248958
5.32 0.0246852
5.33 0.0244758
5.34 0.0242676
5.35 0.0240605
5.36 0.0238546
5.37 0.0236499
5.38 0.0234463
5.39 0.0232439
5.4 0.0230427
5.41 0.0228426
5.42 0.0226438
5.43 0.0224461
5.44 0.0222495
5.45 0.0220542
5.46 0.02186
5.47 0.021667
5.48 0.0214751
5.49 0.0212844
5.5 0.0210949
5.51 0.0209065
5.52 0.0207193
5.53 0.0205333
5.54 0.0203484
5.55 0.0201647
5.56 0.0199821
5.57 0.0198007
5.58 0.0196205
5.59 0.0194414
5.6 0.0192634
5.61 0.0190867
5.62 0.018911
5.63 0.0187365
5.64 0.0185632
5.65 0.018391
5.66 0.0182199
5.67 0.01805
5.68 0.0178812
5.69 0.0177135
5.7 0.017547
5.71 0.0173816
5.72 0.0172173
5.73 0.0170542
5.74 0.0168922
5.75 0.0167313
5.76 0.0165715
5.77 0.0164128
5.78 0.0162553
5.79 0.0160988
5.8 0.0159435
5.81 0.0157892
5.82 0.0156361
5.83 0.015484
5.84 0.0153331
5.85 0.0151832
5.86 0.0150344
5.87 0.0148867
5.88 0.0147401
5.89 0.0145946
5.9 0.0144501
5.91 0.0143067
5.92 0.0141644
5.93 0.0140231
5.94 0.0138829
5.95 0.0137438
5.96 0.0136057
5.97 0.0134686
5.98 0.0133326
5.99 0.0131977
