-6 0.00939237
-5.99 0.00950833
-5.98 0.00962543
-5.97 0.00974367
-5.96 0.00986306
-5.95 0.00998361
-5.94 0.0101053
-5.93 0.0102282
-5.92 0.0103523
-5.91 0.0104775
-5.9 0.010604
-5.89 0.0107316
-5.88 0.0108605
-5.87 0.0109905
-5.86 0.0111218
-5.85 0.0112543
-5.84 0.011388
-5.83 0.011523
-5.82 0.0116592
-5.81 0.0117967
-5.8 0.0119354
-5.79 0.0120754
-5.78 0.0122167
-5.77 0.0123592
-5.76 0.012503
-5.75 0.0126482
-5.74 0.0127946
-5.73 0.0129423
-5.72 0.0130913
-5.71 0.0132416
-5.7 0.0133932
-5.69 0.0135462
-5.68 0.0137005
-5.67 0.0138561
-5.66 0.0140131
-5.65 0.0141714
-5.64 0.0143311
-5.63 0.0144921
-5.62 0.0146545
-5.61 0.0148183
-5.6 0.0149834
-5.59 0.0151499
-5.58 0.0153178
-5.57 0.0154871
-5.56 0.0156578
-5.55 0.0158299
-5.54 0.0160034
-5.53 0.0161783
-5.52 0.0163546
-5.51 0.0165323
-5.5 0.0167114
-5.49 0.016892
-5.48 0.017074
-5.47 0.0172575
-5.46 0.0174424
-5.45 0.0176287
-5.44 0.0178165
-5.43 0.0180057
-5.42 0.0181964
-5.41 0.0183886
-5.4 0.0185822
-5.39 0.0187773
-5.38 0.0189739
-5.37 0.0191719
-5.36 0.0193714
-5.35 0.0195724
-5.34 0.0197749
-5.33 0.0199789
-5.32 0.0201843
-5.31 0.0203913
-5.3 0.0205997
-5.29 0.0208097
-5.28 0.0210211
-5.27 0.0212341
-5.26 0.0214485
-5.25 0.0216645
-5.24 0.021882
-5.23 0.022101
-5.22 0.0223215
-5.21 0.0225435
-5.2 0.0227671
-5.19 0.0229921
-5.18 0.0232187
-5.17 0.0234468
-5.16 0.0236765
-5.15 0.0239076
-5.14 0.0241403
-5.13 0.0243745
-5.12 0.0246102
-5.11 0.0248475
-5.1 0.0250863
-5.09 0.0253266
-5.08 0.0255684
-5.07 0.0258118
-5.06 0.0260567
-5.05 0.0263031
-5.04 0.0265511
-5.03 0.0268006
-5.02 0.0270516
-5.01 0.0273041
-5 0.0275581
-4.99 0.0278137
-4.98 0.0280708
-4.97 0.0283294
-4.96 0.0285896
-4.95 0.0288512
-4.94 0.0291144
-4.93 0.0293791
-4.92 0.0296452
-4.91 0.0299129
-4.9 0.0301821
-4.89 0.0304528
-4.88 0.030725
-4.87 0.0309987
-4.86 0.0312739
-4.85 0.0315506
-4.84 0.0318288
-4.83 0.0321084
-4.82 0.0323896
-4.81 0.0326722
-4.8 0.0329563
-4.79 0.0332418
-4.78 0.0335288
-4.77 0.0338173
-4.76 0.0341072
-4.75 0.0343986
-4.74 0.0346914
-4.73 0.0349857
-4.72 0.0352814
-4.71 0.0355785
-4.7 0.035877
-4.69 0.036177
-4.68 0.0364784
-4.67 0.0367811
-4.66 0.0370853
-4.65 0.0373909
-4.64 0.0376978
-4.63 0.0380061
-4.62 0.0383158
-4.61 0.0386269
-4.6 0.0389393
-4.59 0.039253
-4.58 0.0395681
-4.57 0.0398846
-4.56 0.0402023
-4.55 0.0405214
-4.54 0.0408418
-4.53 0.0411634
-4.52 0.0414864
-4.51 0.0418106
-4.5 0.0421361
-4.49 0.0424629
-4.48 0.0427909
-4.47 0.0431202
-4.46 0.0434507
-4.45 0.0437824
-4.44 0.0441154
-4.43 0.0444495
-4.42 0.0447848
-4.41 0.0451213
-4.4 0.045459
-4.39 0.0457978
-4.38 0.0461378
-4.37 0.0464789
-4.36 0.0468212
-4.35 0.0471645
-4.34 0.047509
-4.33 0.0478545
-4.32 0.0482012
-4.31 0.0485488
-4.3 0.0488976
-4.29 0.0492473
-4.28 0.0495981
-4.27 0.0499499
-4.26 0.0503027
-4.25 0.0506565
-4.24 0.0510113
-4.23 0.051367
-4.22 0.0517236
-4.21 0.0520812
-4.2 0.0524397
-4.19 0.0527991
-4.18 0.0531594
-4.17 0.0535205
-4.16 0.0538825
-4.15 0.0542454
-4.14 0.054609
-4.13 0.0549735
-4.12 0.0553388
-4.11 0.0557048
-4.1 0.0560717
-4.09 0.0564392
-4.08 0.0568075
-4.07 0.0571765
-4.06 0.0575462
-4.05 0.0579166
-4.04 0.0582876
-4.03 0.0586593
-4.02 0.0590316
-4.01 0.0594045
-4 0.059778
-3.99 0.0601521
-3.98 0.0605268
-3.97 0.060902
-3.96 0.0612777
-3.95 0.0616539
-3.94 0.0620306
-3.93 0.0624078
-3.92 0.0627854
-3.91 0.0631635
-3.9 0.0635419
-3.89 0.0639208
-3.88 0.0643
-3.87 0.0646796
-3.86 0.0650596
-3.85 0.0654398
-3.84 0.0658204
-3.83 0.0662012
-3.82 0.0665823
-3.81 0.0669636
-3.8 0.0673451
-3.79 0.0677269
-3.78 0.0681088
-3.77 0.0684909
-3.76 0.0688731
-3.75 0.0692554
-3.74 0.0696379
-3.73 0.0700204
-3.72 0.0704029
-3.71 0.0707855
-3.7 0.0711682
-3.69 0.0715508
-3.68 0.0719334
-3.67 0.0723159
-3.66 0.0726984
-3.65 0.0730808
-3.64 0.073463
-3.63 0.0738452
-3.62 0.0742272
-3.61 0.074609
-3.6 0.0749906
-3.59 0.075372
-3.58 0.0757532
-3.57 0.0761341
-3.56 0.0765147
-3.55 0.0768951
-3.54 0.0772751
-3.53 0.0776547
-3.52 0.078034
-3.51 0.0784129
-3.5 0.0787914
-3.49 0.0791694
-3.48 0.079547
-3.47 0.0799241
-3.46 0.0803008
-3.45 0.0806769
-3.44 0.0810524
-3.43 0.0814274
-3.42 0.0818018
-3.41 0.0821756
-3.4 0.0825488
-3.39 0.0829213
-3.38 0.0832932
-3.37 0.0836643
-3.36 0.0840348
-3.35 0.0844045
-3.34 0.0847734
-3.33 0.0851416
-3.32 0.0855089
-3.31 0.0858755
-3.3 0.0862411
-3.29 0.086606
-3.28 0.0869699
-3.27 0.0873329
-3.26 0.087695
-3.25 0.0880561
-3.24 0.0884163
-3.23 0.0887754
-3.22 0.0891336
-3.21 0.0894907
-3.2 0.0898467
-3.19 0.0902017
-3.18 0.0905555
-3.17 0.0909083
-3.16 0.0912598
-3.15 0.0916103
-3.14 0.0919595
-3.13 0.0923076
-3.12 0.0926544
-3.11 0.093
-3.1 0.0933443
-3.09 0.0936873
-3.08 0.094029
-3.07 0.0943694
-3.06 0.0947084
-3.05 0.0950461
-3.04 0.0953824
-3.03 0.0957173
-3.02 0.0960508
-3.01 0.0963828
-3 0.0967134
-2.99 0.0970425
-2.98 0.0973701
-2.97 0.0976962
-2.96 0.0980207
-2.95 0.0983437
-2.94 0.0986651
-2.93 0.0989849
-2.92 0.0993032
-2.91 0.0996198
-2.9 0.0999347
-2.89 0.100248
-2.88 0.10056
-2.87 0.10087
-2.86 0.101178
-2.85 0.101484
-2.84 0.101789
-2.83 0.102092
-2.82 0.102393
-2.81 0.102693
-2.8 0.10299
-2.79 0.103286
-2.78 0.10358
-2.77 0.103872
-2.76 0.104162
-2.75 0.104451
-2.74 0.104737
-2.73 0.105022
-2.72 0.105305
-2.71 0.105585
-2.7 0.105864
-2.69 0.106141
-2.68 0.106416
-2.67 0.106688
-2.66 0.106959
-2.65 0.107228
-2.64 0.107495
-2.63 0.10776
-2.62 0.108022
-2.61 0.108283
-2.6 0.108542
-2.59 0.108798
-2.58 0.109052
-2.57 0.109305
-2.56 0.109555
-2.55 0.109803
-2.54 0.110049
-2.53 0.110293
-2.52 0.110534
-2.51 0.110774
-2.5 0.111011
-2.49 0.111246
-2.48 0.111479
-2.47 0.11171
-2.46 0.111938
-2.45 0.112165
-2.44 0.112389
-2.43 0.112611
-2.42 0.11283
-2.41 0.113048
-2.4 0.113263
-2.39 0.113476
-2.38 0.113687
-2.37 0.113895
-2.36 0.114101
-2.35 0.114305
-2.34 0.114507
-2.33 0.114706
-2.32 0.114903
-2.31 0.115098
-2.3 0.115291
-2.29 0.115481
-2.28 0.115669
-2.27 0.115855
-2.26 0.116038
-2.25 0.116219
-2.24 0.116398
-2.23 0.116574
-2.22 0.116749
-2.21 0.116921
-2.2 0.11709
-2.19 0.117258
-2.18 0.117423
-2.17 0.117585
-2.16 0.117746
-2.15 0.117904
-2.14 0.11806
-2.13 0.118213
-2.12 0.118365
-2.11 0.118514
-2.1 0.118661
-2.09 0.118805
-2.08 0.118947
-2.07 0.119087
-2.06 0.119225
-2.05 0.11936
-2.04 0.119493
-2.03 0.119624
-2.02 0.119753
-2.01 0.119879
-2 0.120003
-1.99 0.120125
-1.98 0.120245
-1.97 0.120363
-1.96 0.120478
-1.95 0.120591
-1.94 0.120702
-1.93 0.120811
-1.92 0.120917
-1.91 0.121022
-1.9 0.121124
-1.89 0.121224
-1.88 0.121322
-1.87 0.121418
-1.86 0.121512
-1.85 0.121603
-1.84 0.121693
-1.83 0.12178
-1.82 0.121865
-1.81 0.121949
-1.8 0.12203
-1.79 0.122109
-1.78 0.122186
-1.77 0.122261
-1.76 0.122334
-1.75 0.122405
-1.74 0.122474
-1.73 0.122542
-1.72 0.122607
-1.71 0.12267
-1.7 0.122731
-1.69 0.122791
-1.68 0.122848
-1.67 0.122904
-1.66 0.122957
-1.65 0.123009
-1.64 0.123059
-1.63 0.123108
-1.62 0.123154
-1.61 0.123199
-1.6 0.123241
-1.59 0.123282
-1.58 0.123322
-1.57 0.123359
-1.56 0.123395
-1.55 0.123429
-1.54 0.123462
-1.53 0.123493
-1.52 0.123522
-1.51 0.123549
-1.5 0.123575
-1.49 0.1236
-1.48 0.123623
-1.47 0.123644
-1.46 0.123664
-1.45 0.123682
-1.44 0.123698
-1.43 0.123714
-1.42 0.123727
-1.41 0.12374
-1.4 0.123751
-1.39 0.12376
-1.38 0.123768
-1.37 0.123775
-1.36 0.12378
-1.35 0.123785
-1.34 0.123787
-1.33 0.123789
-1.32 0.123789
-1.31 0.123788
-1.3 0.123786
-1.29 0.123783
-1.28 0.123778
-1.27 0.123772
-1.26 0.123765
-1.25 0.123757
-1.24 0.123748
-1.23 0.123738
-1.22 0.123727
-1.21 0.123715
-1.2 0.123702
-1.19 0.123687
-1.18 0.123672
-1.17 0.123656
-1.16 0.123639
-1.15 0.123621
-1.14 0.123602
-1.13 0.123583
-1.12 0.123562
-1.11 0.123541
-1.1 0.123519
-1.09 0.123496
-1.08 0.123472
-1.07 0.123448
-1.06 0.123423
-1.05 0.123397
-1.04 0.123371
-1.03 0.123344
-1.02 0.123316
-1.01 0.123288
-1 0.123259
-0.99 0.12323
-0.98 0.1232
-0.97 0.123169
-0.96 0.123138
-0.95 0.123107
-0.94 0.123075
-0.93 0.123043
-0.92 0.12301
-0.91 0.122977
-0.9 0.122944
-0.89 0.12291
-0.88 0.122876
-0.87 0.122842
-0.86 0.122807
-0.85 0.122772
-0.84 0.122737
-0.83 0.122702
-0.82 0.122666
-0.81 0.122631
-0.8 0.122595
-0.79 0.122559
-0.78 0.122523
-0.77 0.122486
-0.76 0.12245
-0.75 0.122414
-0.74 0.122377
-0.73 0.122341
-0.72 0.122305
-0.71 0.122268
-0.7 0.122232
-0.69 0.122196
-0.68 0.122159
-0.67 0.122123
-0.66 0.122087
-0.65 0.122052
-0.64 0.122016
-0.63 0.12198
-0.62 0.121945
-0.61 0.12191
-0.6 0.121875
-0.59 0.12184
-0.58 0.121805
-0.57 0.121771
-0.56 0.121737
-0.55 0.121704
-0.54 0.12167
-0.53 0.121637
-0.52 0.121605
-0.51 0.121572
-0.5 0.12154
-0.49 0.121509
-0.48 0.121478
-0.47 0.121447
-0.46 0.121417
-0.45 0.121387
-0.44 0.121358
-0.43 0.121329
-0.42 0.1213
-0.41 0.121273
-0.4 0.121245
-0.39 0.121219
-0.38 0.121193
-0.37 0.121168
-0.36 0.121143
-0.35 0.121119
-0.34 0.121097
-0.33 0.121075
-0.32 0.121054
-0.31 0.121034
-0.3 0.121016
-0.29 0.121
-0.28 0.120985
-0.27 0.120972
-0.26 0.120961
-0.25 0.120952
-0.24 0.120946
-0.23 0.120942
-0.22 0.120942
-0.21 0.120945
-0.2 0.120951
-0.19 0.12096
-0.18 0.120973
-0.17 0.120989
-0.16 0.121009
-0.15 0.121031
-0.14 0.121057
-0.13 0.121085
-0.12 0.121115
-0.11 0.121147
-0.1 0.121179
-0.09 0.121212
-0.08 0.121244
-0.07 0.121275
-0.06 0.121303
-0.05 0.121329
-0.04 0.121351
-0.03 0.121368
-0.02 0.121382
-0.01 0.12139
0 0.121392
0.01 0.12139
0.02 0.121382
0.03 0.121368
0.04 0.121351
0.05 0.121329
0.06 0.121303
0.07 0.121275
0.08 0.121244
0.09 0.121212
0.1 0.121179
0.11 0.121147
0.12 0.121115
0.13 0.121085
0.14 0.121057
0.15 0.121031
0.16 0.121009
0.17 0.120989
0.18 0.120973
0.19 0.12096
0.2 0.120951
0.21 0.120945
0.22 0.120942
0.23 0.120942
0.24 0.120946
0.25 0.120952
0.26 0.120961
0.27 0.120972
0.28 0.120985
0.29 0.121
0.3 0.121016
0.31 0.121034
0.32 0.121054
0.33 0.121075
0.34 0.121097
0.35 0.121119
0.36 0.121143
0.37 0.121168
0.38 0.121193
0.39 0.121219
0.4 0.121245
0.41 0.121273
0.42 0.1213
0.43 0.121329
0.44 0.121358
0.45 0.121387
0.46 0.121417
0.47 0.121447
0.48 0.121478
0.49 0.121509
0.5 0.12154
0.51 0.121572
0.52 0.121605
0.53 0.121637
0.54 0.12167
0.55 0.121704
0.56 0.121737
0.57 0.121771
0.58 0.121805
0.59 0.12184
0.6 0.121875
0.61 0.12191
0.62 0.121945
0.63 0.12198
0.64 0.122016
0.65 0.122052
0.66 0.122087
0.67 0.122123
0.68 0.122159
0.69 0.122196
0.7 0.122232
0.71 0.122268
0.72 0.122305
0.73 0.122341
0.74 0.122377
0.75 0.122414
0.76 0.12245
0.77 0.122486
0.78 0.122523
0.79 0.122559
0.8 0.122595
0.81 0.122631
0.82 0.122666
0.83 0.122702
0.84 0.122737
0.85 0.122772
0.86 0.122807
0.87 0.122842
0.88 0.122876
0.89 0.12291
0.9 0.122944
0.91 0.122977
0.92 0.12301
0.93 0.123043
0.94 0.123075
0.95 0.123107
0.96 0.123138
0.97 0.123169
0.98 0.1232
0.99 0.12323
1 0.123259
1.01 0.123288
1.02 0.123316
1.03 0.123344
1.04 0.123371
1.05 0.123397
1.06 0.123423
1.07 0.123448
1.08 0.123472
1.09 0.123496
1.1 0.123519
1.11 0.123541
1.12 0.123562
1.13 0.123583
1.14 0.123602
1.15 0.123621
1.16 0.123639
1.17 0.123656
1.18 0.123672
1.19 0.123687
1.2 0.123702
1.21 0.123715
1.22 0.123727
1.23 0.123738
1.24 0.123748
1.25 0.123757
1.26 0.123765
1.27 0.123772
1.28 0.123778
1.29 0.123783
1.3 0.123786
1.31 0.123788
1.32 0.123789
1.33 0.123789
1.34 0.123787
1.35 0.123785
1.36 0.12378
1.37 0.123775
1.38 0.123768
1.39 0.12376
1.4 0.123751
1.41 0.12374
1.42 0.123727
1.43 0.123714
1.44 0.123698
1.45 0.123682
1.46 0.123664
1.47 0.123644
1.48 0.123623
1.49 0.1236
1.5 0.123575
1.51 0.123549
1.52 0.123522
1.53 0.123493
1.54 0.123462
1.55 0.123429
1.56 0.123395
1.57 0.123359
1.58 0.123322
1.59 0.123282
1.6 0.123241
1.61 0.123199
1.62 0.123154
1.63 0.123108
1.64 0.123059
1.65 0.123009
1.66 0.122957
1.67 0.122904
1.68 0.122848
1.69 0.122791
1.7 0.122731
1.71 0.12267
1.72 0.122607
1.73 0.122542
1.74 0.122474
1.75 0.122405
1.76 0.122334
1.77 0.122261
1.78 0.122186
1.79 0.122109
1.8 0.12203
1.81 0.121949
1.82 0.121865
1.83 0.12178
1.84 0.121693
1.85 0.121603
1.86 0.121512
1.87 0.121418
1.88 0.121322
1.89 0.121224
1.9 0.121124
1.91 0.121022
1.92 0.120917
1.93 0.120811
1.94 0.120702
1.95 0.120591
1.96 0.120478
1.97 0.120363
1.98 0.120245
1.99 0.120125
2 0.120003
2.01 0.119879
2.02 0.119753
2.03 0.119624
2.04 0.119493
2.05 0.11936
2.06 0.119225
2.07 0.119087
2.08 0.118947
2.09 0.118805
2.1 0.118661
2.11 0.118514
2.12 0.118365
2.13 0.118213
2.14 0.11806
2.15 0.117904
2.16 0.117746
2.17 0.117585
2.18 0.117423
2.19 0.117258
2.2 0.11709
2.21 0.116921
2.22 0.116749
2.23 0.116574
2.24 0.116398
2.25 0.116219
2.26 0.116038
2.27 0.115855
2.28 0.115669
2.29 0.115481
2.3 0.115291
2.31 0.115098
2.32 0.114903
2.33 0.114706
2.34 0.114507
2.35 0.114305
2.36 0.114101
2.37 0.113895
2.38 0.113687
2.39 0.113476
2.4 0.113263
2.41 0.113048
2.42 0.11283
2.43 0.112611
2.44 0.112389
2.45 0.112165
2.46 0.111938
2.47 0.11171
2.48 0.111479
2.49 0.111246
2.5 0.111011
2.51 0.110774
2.52 0.110534
2.53 0.110293
2.54 0.110049
2.55 0.109803
2.56 0.109555
2.57 0.109305
2.58 0.109052
2.59 0.108798
2.6 0.108542
2.61 0.108283
2.62 0.108022
2.63 0.10776
2.64 0.107495
2.65 0.107228
2.66 0.106959
2.67 0.106688
2.68 0.106416
2.69 0.106141
2.7 0.105864
2.71 0.105585
2.72 0.105305
2.73 0.105022
2.74 0.104737
2.75 0.104451
2.76 0.104162
2.77 0.103872
2.78 0.10358
2.79 0.103286
2.8 0.10299
2.81 0.102693
2.82 0.102393
2.83 0.102092
2.84 0.101789
2.85 0.101484
2.86 0.101178
2.87 0.10087
2.88 0.10056
2.89 0.100248
2.9 0.0999347
2.91 0.0996198
2.92 0.0993032
2.93 0.0989849
2.94 0.0986651
2.95 0.0983437
2.96 0.0980207
2.97 0.0976962
2.98 0.0973701
2.99 0.0970425
3 0.0967134
3.01 0.0963828
3.02 0.0960508
3.03 0.0957173
3.04 0.0953824
3.05 0.0950461
3.06 0.0947084
3.07 0.0943694
3.08 0.094029
3.09 0.0936873
3.1 0.0933443
3.11 0.093
3.12 0.0926544
3.13 0.0923076
3.14 0.0919595
3.15 0.0916103
3.16 0.0912598
3.17 0.0909083
3.18 0.0905555
3.19 0.0902017
3.2 0.0898467
3.21 0.0894907
3.22 0.0891336
3.23 0.0887754
3.24 0.0884163
3.25 0.0880561
3.26 0.087695
3.27 0.0873329
3.28 0.0869699
3.29 0.086606
3.3 0.0862411
3.31 0.0858755
3.32 0.0855089
3.33 0.0851416
3.34 0.0847734
3.35 0.0844045
3.36 0.0840348
3.37 0.0836643
3.38 0.0832932
3.39 0.0829213
3.4 0.0825488
3.41 0.0821756
3.42 0.0818018
3.43 0.0814274
3.44 0.0810524
3.45 0.0806769
3.46 0.0803008
3.47 0.0799241
3.48 0.079547
3.49 0.0791694
3.5 0.0787914
3.51 0.0784129
3.52 0.078034
3.53 0.0776547
3.54 0.0772751
3.55 0.0768951
3.56 0.0765147
3.57 0.0761341
3.58 0.0757532
3.59 0.075372
3.6 0.0749906
3.61 0.074609
3.62 0.0742272
3.63 0.0738452
3.64 0.073463
3.65 0.0730808
3.66 0.0726984
3.67 0.0723159
3.68 0.0719334
3.69 0.0715508
3.7 0.0711682
3.71 0.0707855
3.72 0.0704029
3.73 0.0700204
3.74 0.0696379
3.75 0.0692554
3.76 0.0688731
3.77 0.0684909
3.78 0.0681088
3.79 0.0677269
3.8 0.0673451
3.81 0.0669636
3.82 0.0665823
3.83 0.0662012
3.84 0.0658204
3.85 0.0654398
3.86 0.0650596
3.87 0.0646796
3.88 0.0643
3.89 0.0639208
3.9 0.0635419
3.91 0.0631635
3.92 0.0627854
3.93 0.0624078
3.94 0.0620306
3.95 0.0616539
3.96 0.0612777
3.97 0.060902
3.98 0.0605268
3.99 0.0601521
4 0.059778
4.01 0.0594045
4.02 0.0590316
4.03 0.0586593
4.04 0.0582876
4.05 0.0579166
4.06 0.0575462
4.07 0.0571765
4.08 0.0568075
4.09 0.0564392
4.1 0.0560717
4.11 0.0557048
4.12 0.0553388
4.13 0.0549735
4.14 0.054609
4.15 0.0542454
4.16 0.0538825
4.17 0.0535205
4.18 0.0531594
4.19 0.0527991
4.2 0.0524397
4.21 0.0520812
4.22 0.0517236
4.23 0.051367
4.24 0.0510113
4.25 0.0506565
4.26 0.0503027
4.27 0.0499499
4.28 0.0495981
4.29 0.0492473
4.3 0.0488976
4.31 0.0485488
4.32 0.0482012
4.33 0.0478545
4.34 0.047509
4.35 0.0471645
4.36 0.0468212
4.37 0.0464789
4.38 0.0461378
4.39 0.0457978
4.4 0.045459
4.41 0.0451213
4.42 0.0447848
4.43 0.0444495
4.44 0.0441154
4.45 0.0437824
4.46 0.0434507
4.47 0.0431202
4.48 0.0427909
4.49 0.0424629
4.5 0.0421361
4.51 0.0418106
4.52 0.0414864
4.53 0.0411634
4.54 0.0408418
4.55 0.0405214
4.56 0.0402023
4.57 0.0398846
4.58 0.0395681
4.59 0.039253
4.6 0.0389393
4.61 0.0386269
4.62 0.0383158
4.63 0.0380061
4.64 0.0376978
4.65 0.0373909
4.66 0.0370853
4.67 0.0367811
4.68 0.0364784
4.69 0.036177
4.7 0.035877
4.71 0.0355785
4.72 0.0352814
4.73 0.0349857
4.74 0.0346914
4.75 0.0343986
4.76 0.0341072
4.77 0.0338173
4.78 0.0335288
4.79 0.0332418
4.8 0.0329563
4.81 0.0326722
4.82 0.0323896
4.83 0.0321084
4.84 0.0318288
4.85 0.0315506
4.86 0.0312739
4.87 0.0309987
4.88 0.030725
4.89 0.0304528
4.9 0.0301821
4.91 0.0299129
4.92 0.0296452
4.93 0.0293791
4.94 0.0291144
4.95 0.0288512
4.96 0.0285896
4.97 0.0283294
4.98 0.0280708
4.99 0.0278137
5 0.0275581
5.01 0.0273041
5.02 0.0270516
5.03 0.0268006
5.04 0.0265511
5.05 0.0263031
5.06 0.0260567
5.07 0.0258118
5.08 0.0255684
5.09 0.0253266
5.1 0.0250863
5.11 0.0248475
5.12 0.0246102
5.13 0.0243745
5.14 0.0241403
5.15 0.0239076
5.16 0.0236765
5.17 0.0234468
5.18 0.0232187
5.19 0.0229921
5.2 0.0227671
5.21 0.0225435
5.22 0.0223215
5.23 0.022101
5.24 0.021882
5.25 0.0216645
5.26 0.0214485
5.27 0.0212341
5.28 0.0210211
5.29 0.0208097
5.3 0.0205997
5.31 0.0203913
5.32 0.0201843
5.33 0.0199789
5.34 0.0197749
5.35 0.0195724
5.36 0.0193714
5.37 0.0191719
5.38 0.0189739
5.39 0.0187773
5.4 0.0185822
5.41 0.0183886
5.42 0.0181964
5.43 0.0180057
5.44 0.0178165
5.45 0.0176287
5.46 0.0174424
5.47 0.0172575
5.48 0.017074
5.49 0.016892
5.5 0.0167114
5.51 0.0165323
5.52 0.0163546
5.53 0.0161783
5.54 0.0160034
5.55 0.0158299
5.56 0.0156578
5.57 0.0154871
5.58 0.0153178
5.59 0.0151499
5.6 0.0149834
5.61 0.0148183
5.62 0.0146545
5.63 0.0144921
5.64 0.0143311
5.65 0.0141714
5.66 0.0140131
5.67 0.0138561
5.68 0.0137005
5.69 0.0135462
5.7 0.0133932
5.71 0.0132416
5.72 0.0130913
5.73 0.0129423
5.74 0.0127946
5.75 0.0126482
5.76 0.012503
5.77 0.0123592
5.78 0.0122167
5.79 0.0120754
5.8 0.0119354
5.81 0.0117967
5.82 0.0116592
5.83 0.011523
5.84 0.011388
5.85 0.0112543
5.86 0.0111218
5.87 0.0109905
5.88 0.0108605
5.89 0.0107316
5.9 0.010604
5.91 0.0104775
5.92 0.0103523
5.93 0.0102282
5.94 0.0101053
5.95 0.00998361
5.96 0.00986306
5.97 0.00974367
5.98 0.00962543
5.99 0.00950833
