-6 4.498e-08
-5.99 4.76169e-08
-5.98 5.04031e-08
-5.97 5.33466e-08
-5.96 5.6456e-08
-5.95 5.97402e-08
-5.94 6.32089e-08
-5.93 6.68718e-08
-5.92 7.07394e-08
-5.91 7.48228e-08
-5.9 7.91335e-08
-5.89 8.36836e-08
-5.88 8.8486e-08
-5.87 9.3554e-08
-5.86 9.89018e-08
-5.85 1.04544e-07
-5.84 1.10497e-07
-5.83 1.16776e-07
-5.82 1.23398e-07
-5.81 1.30383e-07
-5.8 1.37748e-07
-5.79 1.45514e-07
-5.78 1.53701e-07
-5.77 1.62331e-07
-5.76 1.71428e-07
-5.75 1.81015e-07
-5.74 1.91119e-07
-5.73 2.01765e-07
-5.72 2.12981e-07
-5.71 2.24797e-07
-5.7 2.37243e-07
-5.69 2.50351e-07
-5.68 2.64156e-07
-5.67 2.78692e-07
-5.66 2.93997e-07
-5.65 3.1011e-07
-5.64 3.27071e-07
-5.63 3.44923e-07
-5.62 3.6371e-07
-5.61 3.8348e-07
-5.6 4.04282e-07
-5.59 4.26167e-07
-5.58 4.49189e-07
-5.57 4.73404e-07
-5.56 4.98872e-07
-5.55 5.25654e-07
-5.54 5.53814e-07
-5.53 5.83422e-07
-5.52 6.14547e-07
-5.51 6.47263e-07
-5.5 6.81649e-07
-5.49 7.17786e-07
-5.48 7.55757e-07
-5.47 7.95653e-07
-5.46 8.37566e-07
-5.45 8.81594e-07
-5.44 9.27837e-07
-5.43 9.76401e-07
-5.42 1.0274e-06
-5.41 1.08095e-06
-5.4 1.13716e-06
-5.39 1.19617e-06
-5.38 1.25812e-06
-5.37 1.32313e-06
-5.36 1.39134e-06
-5.35 1.46293e-06
-5.34 1.53803e-06
-5.33 1.61681e-06
-5.32 1.69945e-06
-5.31 1.78613e-06
-5.3 1.87702e-06
-5.29 1.97233e-06
-5.28 2.07226e-06
-5.27 2.17703e-06
-5.26 2.28684e-06
-5.25 2.40194e-06
-5.24 2.52257e-06
-5.23 2.64897e-06
-5.22 2.78141e-06
-5.21 2.92016e-06
-5.2 3.06551e-06
-5.19 3.21775e-06
-5.18 3.3772e-06
-5.17 3.54416e-06
-5.16 3.71899e-06
-5.15 3.90202e-06
-5.14 4.09363e-06
-5.13 4.2942e-06
-5.12 4.50411e-06
-5.11 4.72378e-06
-5.1 4.95363e-06
-5.09 5.19412e-06
-5.08 5.44571e-06
-5.07 5.70888e-06
-5.06 5.98413e-06
-5.05 6.27198e-06
-5.04 6.57299e-06
-5.03 6.8877e-06
-5.02 7.21673e-06
-5.01 7.56066e-06
-5 7.92015e-06
-4.99 8.29584e-06
-4.98 8.68844e-06
-4.97 9.09865e-06
-4.96 9.52721e-06
-4.95 9.9749e-06
-4.94 1.04425e-05
-4.93 1.09309e-05
-4.92 1.14409e-05
-4.91 1.19735e-05
-4.9 1.25294e-05
-4.89 1.31099e-05
-4.88 1.37157e-05
-4.87 1.4348e-05
-4.86 1.50079e-05
-4.85 1.56965e-05
-4.84 1.64149e-05
-4.83 1.71644e-05
-4.82 1.79462e-05
-4.81 1.87616e-05
-4.8 1.9612e-05
-4.79 2.04987e-05
-4.78 2.14233e-05
-4.77 2.23872e-05
-4.76 2.3392e-05
-4.75 2.44393e-05
-4.74 2.55307e-05
-4.73 2.66681e-05
-4.72 2.78532e-05
-4.71 2.90879e-05
-4.7 3.03741e-05
-4.69 3.17138e-05
-4.68 3.3109e-05
-4.67 3.4562e-05
-4.66 3.6075e-05
-4.65 3.76501e-05
-4.64 3.92899e-05
-4.63 4.09968e-05
-4.62 4.27732e-05
-4.61 4.46219e-05
-4.6 4.65456e-05
-4.59 4.85471e-05
-4.58 5.06292e-05
-4.57 5.27951e-05
-4.56 5.50478e-05
-4.55 5.73905e-05
-4.54 5.98265e-05
-4.53 6.23594e-05
-4.52 6.49926e-05
-4.51 6.77298e-05
-4.5 7.05749e-05
-4.49 7.35316e-05
-4.48 7.66041e-05
-4.47 7.97966e-05
-4.46 8.31132e-05
-4.45 8.65586e-05
-4.44 9.01372e-05
-4.43 9.38538e-05
-4.42 9.77133e-05
-4.41 0.000101721
-4.4 0.000105881
-4.39 0.000110201
-4.38 0.000114684
-4.37 0.000119337
-4.36 0.000124165
-4.35 0.000129175
-4.34 0.000134374
-4.33 0.000139766
-4.32 0.00014536
-4.31 0.000151161
-4.3 0.000157177
-4.29 0.000163416
-4.28 0.000169884
-4.27 0.000176589
-4.26 0.00018354
-4.25 0.000190744
-4.24 0.00019821
-4.23 0.000205946
-4.22 0.000213962
-4.21 0.000222266
-4.2 0.000230868
-4.19 0.000239778
-4.18 0.000249005
-4.17 0.000258559
-4.16 0.000268452
-4.15 0.000278694
-4.14 0.000289297
-4.13 0.000300271
-4.12 0.000311628
-4.11 0.00032338
-4.1 0.00033554
-4.09 0.000348121
-4.08 0.000361136
-4.07 0.000374597
-4.06 0.000388519
-4.05 0.000402916
-4.04 0.000417802
-4.03 0.000433192
-4.02 0.000449102
-4.01 0.000465547
-4 0.000482544
-3.99 0.000500108
-3.98 0.000518256
-3.97 0.000537007
-3.96 0.000556377
-3.95 0.000576385
-3.94 0.00059705
-3.93 0.00061839
-3.92 0.000640425
-3.91 0.000663176
-3.9 0.000686662
-3.89 0.000710906
-3.88 0.000735927
-3.87 0.000761749
-3.86 0.000788394
-3.85 0.000815885
-3.84 0.000844245
-3.83 0.000873499
-3.82 0.000903672
-3.81 0.000934788
-3.8 0.000966874
-3.79 0.000999956
-3.78 0.00103406
-3.77 0.00106922
-3.76 0.00110545
-3.75 0.00114279
-3.74 0.00118127
-3.73 0.00122092
-3.72 0.00126176
-3.71 0.00130384
-3.7 0.00134717
-3.69 0.0013918
-3.68 0.00143775
-3.67 0.00148507
-3.66 0.00153378
-3.65 0.00158393
-3.64 0.00163554
-3.63 0.00168866
-3.62 0.00174331
-3.61 0.00179955
-3.6 0.00185741
-3.59 0.00191693
-3.58 0.00197814
-3.57 0.0020411
-3.56 0.00210583
-3.55 0.0021724
-3.54 0.00224083
-3.53 0.00231118
-3.52 0.00238348
-3.51 0.00245779
-3.5 0.00253415
-3.49 0.00261261
-3.48 0.00269321
-3.47 0.00277601
-3.46 0.00286106
-3.45 0.00294841
-3.44 0.0030381
-3.43 0.00313019
-3.42 0.00322474
-3.41 0.00332179
-3.4 0.00342141
-3.39 0.00352365
-3.38 0.00362856
-3.37 0.00373621
-3.36 0.00384664
-3.35 0.00395993
-3.34 0.00407613
-3.33 0.0041953
-3.32 0.0043175
-3.31 0.0044428
-3.3 0.00457126
-3.29 0.00470294
-3.28 0.00483791
-3.27 0.00497624
-3.26 0.00511799
-3.25 0.00526322
-3.24 0.00541201
-3.23 0.00556443
-3.22 0.00572055
-3.21 0.00588044
-3.2 0.00604416
-3.19 0.0062118
-3.18 0.00638342
-3.17 0.0065591
-3.16 0.00673891
-3.15 0.00692294
-3.14 0.00711125
-3.13 0.00730393
-3.12 0.00750105
-3.11 0.00770268
-3.1 0.00790892
-3.09 0.00811984
-3.08 0.00833552
-3.07 0.00855604
-3.06 0.00878148
-3.05 0.00901193
-3.04 0.00924747
-3.03 0.00948819
-3.02 0.00973416
-3.01 0.00998548
-3 0.0102422
-2.99 0.0105045
-2.98 0.0107724
-2.97 0.0110459
-2.96 0.0113252
-2.95 0.0116104
-2.94 0.0119016
-2.93 0.0121988
-2.92 0.0125021
-2.91 0.0128117
-2.9 0.0131275
-2.89 0.0134498
-2.88 0.0137786
-2.87 0.0141139
-2.86 0.0144559
-2.85 0.0148047
-2.84 0.0151604
-2.83 0.015523
-2.82 0.0158926
-2.81 0.0162694
-2.8 0.0166534
-2.79 0.0170447
-2.78 0.0174434
-2.77 0.0178497
-2.76 0.0182635
-2.75 0.018685
-2.74 0.0191143
-2.73 0.0195514
-2.72 0.0199965
-2.71 0.0204497
-2.7 0.0209109
-2.69 0.0213805
-2.68 0.0218583
-2.67 0.0223445
-2.66 0.0228392
-2.65 0.0233425
-2.64 0.0238545
-2.63 0.0243752
-2.62 0.0249048
-2.61 0.0254433
-2.6 0.0259908
-2.59 0.0265474
-2.58 0.0271131
-2.57 0.0276882
-2.56 0.0282725
-2.55 0.0288663
-2.54 0.0294696
-2.53 0.0300824
-2.52 0.0307049
-2.51 0.0313371
-2.5 0.0319792
-2.49 0.032631
-2.48 0.0332929
-2.47 0.0339647
-2.46 0.0346466
-2.45 0.0353387
-2.44 0.036041
-2.43 0.0367535
-2.42 0.0374764
-2.41 0.0382097
-2.4 0.0389535
-2.39 0.0397078
-2.38 0.0404726
-2.37 0.041248
-2.36 0.0420342
-2.35 0.042831
-2.34 0.0436386
-2.33 0.0444571
-2.32 0.0452864
-2.31 0.0461265
-2.3 0.0469777
-2.29 0.0478398
-2.28 0.0487129
-2.27 0.049597
-2.26 0.0504922
-2.25 0.0513985
-2.24 0.0523159
-2.23 0.0532445
-2.22 0.0541842
-2.21 0.055135
-2.2 0.0560971
-2.19 0.0570704
-2.18 0.0580548
-2.17 0.0590505
-2.16 0.0600574
-2.15 0.0610755
-2.14 0.0621048
-2.13 0.0631453
-2.12 0.064197
-2.11 0.0652599
-2.1 0.0663339
-2.09 0.0674191
-2.08 0.0685154
-2.07 0.0696229
-2.06 0.0707414
-2.05 0.0718709
-2.04 0.0730114
-2.03 0.0741629
-2.02 0.0753254
-2.01 0.0764987
-2 0.0776828
-1.99 0.0788778
-1.98 0.0800834
-1.97 0.0812998
-1.96 0.0825267
-1.95 0.0837643
-1.94 0.0850122
-1.93 0.0862706
-1.92 0.0875394
-1.91 0.0888184
-1.9 0.0901075
-1.89 0.0914068
-1.88 0.0927161
-1.87 0.0940352
-1.86 0.0953642
-1.85 0.0967029
-1.84 0.0980513
-1.83 0.0994091
-1.82 0.100776
-1.81 0.102153
-1.8 0.103539
-1.79 0.104933
-1.78 0.106337
-1.77 0.10775
-1.76 0.109171
-1.75 0.110601
-1.74 0.112039
-1.73 0.113485
-1.72 0.11494
-1.71 0.116402
-1.7 0.117873
-1.69 0.119351
-1.68 0.120836
-1.67 0.122329
-1.66 0.123829
-1.65 0.125337
-1.64 0.126851
-1.63 0.128372
-1.62 0.129899
-1.61 0.131433
-1.6 0.132973
-1.59 0.134519
-1.58 0.136071
-1.57 0.137628
-1.56 0.139191
-1.55 0.140759
-1.54 0.142333
-1.53 0.143911
-1.52 0.145493
-1.51 0.147081
-1.5 0.148672
-1.49 0.150268
-1.48 0.151867
-1.47 0.153471
-1.46 0.155077
-1.45 0.156687
-1.44 0.1583
-1.43 0.159915
-1.42 0.161533
-1.41 0.163154
-1.4 0.164777
-1.39 0.166401
-1.38 0.168028
-1.37 0.169655
-1.36 0.171284
-1.35 0.172914
-1.34 0.174545
-1.33 0.176176
-1.32 0.177808
-1.31 0.17944
-1.3 0.181071
-1.29 0.182702
-1.28 0.184333
-1.27 0.185962
-1.26 0.187591
-1.25 0.189218
-1.24 0.190844
-1.23 0.192468
-1.22 0.194089
-1.21 0.195709
-1.2 0.197326
-1.19 0.19894
-1.18 0.200551
-1.17 0.202159
-1.16 0.203763
-1.15 0.205364
-1.14 0.206961
-1.13 0.208553
-1.12 0.210142
-1.11 0.211725
-1.1 0.213304
-1.09 0.214877
-1.08 0.216445
-1.07 0.218007
-1.06 0.219564
-1.05 0.221114
-1.04 0.222659
-1.03 0.224196
-1.02 0.225727
-1.01 0.227251
-1 0.228768
-0.99 0.230277
-0.98 0.231778
-0.97 0.233272
-0.96 0.234758
-0.95 0.236235
-0.94 0.237703
-0.93 0.239163
-0.92 0.240614
-0.91 0.242056
-0.9 0.243488
-0.89 0.244911
-0.88 0.246323
-0.87 0.247726
-0.86 0.249119
-0.85 0.250501
-0.84 0.251872
-0.83 0.253233
-0.82 0.254582
-0.81 0.255921
-0.8 0.257248
-0.79 0.258563
-0.78 0.259866
-0.77 0.261158
-0.76 0.262437
-0.75 0.263704
-0.74 0.264959
-0.73 0.266201
-0.72 0.26743
-0.71 0.268646
-0.7 0.269848
-0.69 0.271038
-0.68 0.272214
-0.67 0.273376
-0.66 0.274524
-0.65 0.275658
-0.64 0.276778
-0.63 0.277884
-0.62 0.278976
-0.61 0.280052
-0.6 0.281114
-0.59 0.282161
-0.58 0.283193
-0.57 0.28421
-0.56 0.285212
-0.55 0.286198
-0.54 0.287169
-0.53 0.288124
-0.52 0.289063
-0.51 0.289987
-0.5 0.290894
-0.49 0.291786
-0.48 0.292662
-0.47 0.293521
-0.46 0.294366
-0.45 0.295194
-0.44 0.296008
-0.43 0.296808
-0.42 0.297595
-0.41 0.298371
-0.4 0.299138
-0.39 0.299899
-0.38 0.300658
-0.37 0.301423
-0.36 0.3022
-0.35 0.303
-0.34 0.303836
-0.33 0.304727
-0.32 0.305692
-0.31 0.306758
-0.3 0.307958
-0.29 0.30933
-0.28 0.310918
-0.27 0.312774
-0.26 0.314957
-0.25 0.317531
-0.24 0.320566
-0.23 0.324135
-0.22 0.328314
-0.21 0.333173
-0.2 0.338781
-0.19 0.345195
-0.18 0.352458
-0.17 0.360594
-0.16 0.369605
-0.15 0.379462
-0.14 0.390104
-0.13 0.401436
-0.12 0.413327
-0.11 0.425609
-0.1 0.438081
-0.09 0.450511
-0.08 0.462647
-0.07 0.47422
-0.06 0.484955
-0.05 0.494584
-0.04 0.502855
-0.03 0.509543
-0.02 0.514462
-0.01 0.517472
0 0.518484
0.01 0.517472
0.02 0.514462
0.03 0.509543
0.04 0.502855
0.05 0.494584
0.06 0.484955
0.07 0.47422
0.08 0.462647
0.09 0.450511
0.1 0.438081
0.11 0.425609
0.12 0.413327
0.13 0.401436
0.14 0.390104
0.15 0.379462
0.16 0.369605
0.17 0.360594
0.18 0.352458
0.19 0.345195
0.2 0.338781
0.21 0.333173
0.22 0.328314
0.23 0.324135
0.24 0.320566
0.25 0.317531
0.26 0.314957
0.27 0.312774
0.28 0.310918
0.29 0.30933
0.3 0.307958
0.31 0.306758
0.32 0.305692
0.33 0.304727
0.34 0.303836
0.35 0.303
0.36 0.3022
0.37 0.301423
0.38 0.300658
0.39 0.299899
0.4 0.299138
0.41 0.298371
0.42 0.297595
0.43 0.296808
0.44 0.296008
0.45 0.295194
0.46 0.294366
0.47 0.293521
0.48 0.292662
0.49 0.291786
0.5 0.290894
0.51 0.289987
0.52 0.289063
0.53 0.288124
0.54 0.287169
0.55 0.286198
0.56 0.285212
0.57 0.28421
0.58 0.283193
0.59 0.282161
0.6 0.281114
0.61 0.280052
0.62 0.278976
0.63 0.277884
0.64 0.276778
0.65 0.275658
0.66 0.274524
0.67 0.273376
0.68 0.272214
0.69 0.271038
0.7 0.269848
0.71 0.268646
0.72 0.26743
0.73 0.266201
0.74 0.264959
0.75 0.263704
0.76 0.262437
0.77 0.261158
0.78 0.259866
0.79 0.258563
0.8 0.257248
0.81 0.255921
0.82 0.254582
0.83 0.253233
0.84 0.251872
0.85 0.250501
0.86 0.249119
0.87 0.247726
0.88 0.246323
0.89 0.244911
0.9 0.243488
0.91 0.242056
0.92 0.240614
0.93 0.239163
0.94 0.237703
0.95 0.236235
0.96 0.234758
0.97 0.233272
0.98 0.231778
0.99 0.230277
1 0.228768
1.01 0.227251
1.02 0.225727
1.03 0.224196
1.04 0.222659
1.05 0.221114
1.06 0.219564
1.07 0.218007
1.08 0.216445
1.09 0.214877
1.1 0.213304
1.11 0.211725
1.12 0.210142
1.13 0.208553
1.14 0.206961
1.15 0.205364
1.16 0.203763
1.17 0.202159
1.18 0.200551
1.19 0.19894
1.2 0.197326
1.21 0.195709
1.22 0.194089
1.23 0.192468
1.24 0.190844
1.25 0.189218
1.26 0.187591
1.27 0.185962
1.28 0.184333
1.29 0.182702
1.3 0.181071
1.31 0.17944
1.32 0.177808
1.33 0.176176
1.34 0.174545
1.35 0.172914
1.36 0.171284
1.37 0.169655
1.38 0.168028
1.39 0.166401
1.4 0.164777
1.41 0.163154
1.42 0.161533
1.43 0.159915
1.44 0.1583
1.45 0.156687
1.46 0.155077
1.47 0.153471
1.48 0.151867
1.49 0.150268
1.5 0.148672
1.51 0.147081
1.52 0.145493
1.53 0.143911
1.54 0.142333
1.55 0.140759
1.56 0.139191
1.57 0.137628
1.58 0.136071
1.59 0.134519
1.6 0.132973
1.61 0.131433
1.62 0.129899
1.63 0.128372
1.64 0.126851
1.65 0.125337
1.66 0.123829
1.67 0.122329
1.68 0.120836
1.69 0.119351
1.7 0.117873
1.71 0.116402
1.72 0.11494
1.73 0.113485
1.74 0.112039
1.75 0.110601
1.76 0.109171
1.77 0.10775
1.78 0.106337
1.79 0.104933
1.8 0.103539
1.81 0.102153
1.82 0.100776
1.83 0.0994091
1.84 0.0980513
1.85 0.0967029
1.86 0.0953642
1.87 0.0940352
1.88 0.0927161
1.89 0.0914068
1.9 0.0901075
1.91 0.0888184
1.92 0.0875394
1.93 0.0862706
1.94 0.0850122
1.95 0.0837643
1.96 0.0825267
1.97 0.0812998
1.98 0.0800834
1.99 0.0788778
2 0.0776828
2.01 0.0764987
2.02 0.0753254
2.03 0.0741629
2.04 0.0730114
2.05 0.0718709
2.06 0.0707414
2.07 0.0696229
2.08 0.0685154
2.09 0.0674191
2.1 0.0663339
2.11 0.0652599
2.12 0.064197
2.13 0.0631453
2.14 0.0621048
2.15 0.0610755
2.16 0.0600574
2.17 0.0590505
2.18 0.0580548
2.19 0.0570704
2.2 0.0560971
2.21 0.055135
2.22 0.0541842
2.23 0.0532445
2.24 0.0523159
2.25 0.0513985
2.26 0.0504922
2.27 0.049597
2.28 0.0487129
2.29 0.0478398
2.3 0.0469777
2.31 0.0461265
2.32 0.0452864
2.33 0.0444571
2.34 0.0436386
2.35 0.042831
2.36 0.0420342
2.37 0.041248
2.38 0.0404726
2.39 0.0397078
2.4 0.0389535
2.41 0.0382097
2.42 0.0374764
2.43 0.0367535
2.44 0.036041
2.45 0.0353387
2.46 0.0346466
2.47 0.0339647
2.48 0.0332929
2.49 0.032631
2.5 0.0319792
2.51 0.0313371
2.52 0.0307049
2.53 0.0300824
2.54 0.0294696
2.55 0.0288663
2.56 0.0282725
2.57 0.0276882
2.58 0.0271131
2.59 0.0265474
2.6 0.0259908
2.61 0.0254433
2.62 0.0249048
2.63 0.0243752
2.64 0.0238545
2.65 0.0233425
2.66 0.0228392
2.67 0.0223445
2.68 0.0218583
2.69 0.0213805
2.7 0.0209109
2.71 0.0204497
2.72 0.0199965
2.73 0.0195514
2.74 0.0191143
2.75 0.018685
2.76 0.0182635
2.77 0.0178497
2.78 0.0174434
2.79 0.0170447
2.8 0.0166534
2.81 0.0162694
2.82 0.0158926
2.83 0.015523
2.84 0.0151604
2.85 0.0148047
2.86 0.0144559
2.87 0.0141139
2.88 0.0137786
2.89 0.0134498
2.9 0.0131275
2.91 0.0128117
2.92 0.0125021
2.93 0.0121988
2.94 0.0119016
2.95 0.0116104
2.96 0.0113252
2.97 0.0110459
2.98 0.0107724
2.99 0.0105045
3 0.0102422
3.01 0.00998548
3.02 0.00973416
3.03 0.00948819
3.04 0.00924747
3.05 0.00901193
3.06 0.00878148
3.07 0.00855604
3.08 0.00833552
3.09 0.00811984
3.1 0.00790892
3.11 0.00770268
3.12 0.00750105
3.13 0.00730393
3.14 0.00711125
3.15 0.00692294
3.16 0.00673891
3.17 0.0065591
3.18 0.00638342
3.19 0.0062118
3.2 0.00604416
3.21 0.00588044
3.22 0.00572055
3.23 0.00556443
3.24 0.00541201
3.25 0.00526322
3.26 0.00511799
3.27 0.00497624
3.28 0.00483791
3.29 0.00470294
3.3 0.00457126
3.31 0.0044428
3.32 0.0043175
3.33 0.0041953
3.34 0.00407613
3.35 0.00395993
3.36 0.00384664
3.37 0.00373621
3.38 0.00362856
3.39 0.00352365
3.4 0.00342141
3.41 0.00332179
3.42 0.00322474
3.43 0.00313019
3.44 0.0030381
3.45 0.00294841
3.46 0.00286106
3.47 0.00277601
3.48 0.00269321
3.49 0.00261261
3.5 0.00253415
3.51 0.00245779
3.52 0.00238348
3.53 0.00231118
3.54 0.00224083
3.55 0.0021724
3.56 0.00210583
3.57 0.0020411
3.58 0.00197814
3.59 0.00191693
3.6 0.00185741
3.61 0.00179955
3.62 0.00174331
3.63 0.00168866
3.64 0.00163554
3.65 0.00158393
3.66 0.00153378
3.67 0.00148507
3.68 0.00143775
3.69 0.0013918
3.7 0.00134717
3.71 0.00130384
3.72 0.00126176
3.73 0.00122092
3.74 0.00118127
3.75 0.00114279
3.76 0.00110545
3.77 0.00106922
3.78 0.00103406
3.79 0.000999956
3.8 0.000966874
3.81 0.000934788
3.82 0.000903672
3.83 0.000873499
3.84 0.000844245
3.85 0.000815885
3.86 0.000788394
3.87 0.000761749
3.88 0.000735927
3.89 0.000710906
3.9 0.000686662
3.91 0.000663176
3.92 0.000640425
3.93 0.00061839
3.94 0.00059705
3.95 0.000576385
3.96 0.000556377
3.97 0.000537007
3.98 0.000518256
3.99 0.000500108
4 0.000482544
4.01 0.000465547
4.02 0.000449102
4.03 0.000433192
4.04 0.000417802
4.05 0.000402916
4.06 0.000388519
4.07 0.000374597
4.08 0.000361136
4.09 0.000348121
4.1 0.00033554
4.11 0.00032338
4.12 0.000311628
4.13 0.000300271
4.14 0.000289297
4.15 0.000278694
4.16 0.000268452
4.17 0.000258559
4.18 0.000249005
4.19 0.000239778
4.2 0.000230868
4.21 0.000222266
4.22 0.000213962
4.23 0.000205946
4.24 0.00019821
4.25 0.000190744
4.26 0.00018354
4.27 0.000176589
4.28 0.000169884
4.29 0.000163416
4.3 0.000157177
4.31 0.000151161
4.32 0.00014536
4.33 0.000139766
4.34 0.000134374
4.35 0.000129175
4.36 0.000124165
4.37 0.000119337
4.38 0.000114684
4.39 0.000110201
4.4 0.000105881
4.41 0.000101721
4.42 9.77133e-05
4.43 9.38538e-05
4.44 9.01372e-05
4.45 8.65586e-05
4.46 8.31132e-05
4.47 7.97966e-05
4.48 7.66041e-05
4.49 7.35316e-05
4.5 7.05749e-05
4.51 6.77298e-05
4.52 6.49926e-05
4.53 6.23594e-05
4.54 5.98265e-05
4.55 5.73905e-05
4.56 5.50478e-05
4.57 5.27951e-05
4.58 5.06292e-05
4.59 4.85471e-05
4.6 4.65456e-05
4.61 4.46219e-05
4.62 4.27732e-05
4.63 4.09968e-05
4.64 3.92899e-05
4.65 3.76501e-05
4.66 3.6075e-05
4.67 3.4562e-05
4.68 3.3109e-05
4.69 3.17138e-05
4.7 3.03741e-05
4.71 2.90879e-05
4.72 2.78532e-05
4.73 2.66681e-05
4.74 2.55307e-05
4.75 2.44393e-05
4.76 2.3392e-05
4.77 2.23872e-05
4.78 2.14233e-05
4.79 2.04987e-05
4.8 1.9612e-05
4.81 1.87616e-05
4.82 1.79462e-05
4.83 1.71644e-05
4.84 1.64149e-05
4.85 1.56965e-05
4.86 1.50079e-05
4.87 1.4348e-05
4.88 1.37157e-05
4.89 1.31099e-05
4.9 1.25294e-05
4.91 1.19735e-05
4.92 1.14409e-05
4.93 1.09309e-05
4.94 1.04425e-05
4.95 9.9749e-06
4.96 9.52721e-06
4.97 9.09865e-06
4.98 8.68844e-06
4.99 8.29584e-06
5 7.92015e-06
5.01 7.56066e-06
5.02 7.21673e-06
5.03 6.8877e-06
5.04 6.57299e-06
5.05 6.27198e-06
5.06 5.98413e-06
5.07 5.70888e-06
5.08 5.44571e-06
5.09 5.19412e-06
5.1 4.95363e-06
5.11 4.72378e-06
5.12 4.50411e-06
5.13 4.2942e-06
5.14 4.09363e-06
5.15 3.90202e-06
5.16 3.71899e-06
5.17 3.54416e-06
5.18 3.3772e-06
5.19 3.21775e-06
5.2 3.06551e-06
5.21 2.92016e-06
5.22 2.78141e-06
5.23 2.64897e-06
5.24 2.52257e-06
5.25 2.40194e-06
5.26 2.28684e-06
5.27 2.17703e-06
5.28 2.07226e-06
5.29 1.97233e-06
5.3 1.87702e-06
5.31 1.78613e-06
5.32 1.69945e-06
5.33 1.61681e-06
5.34 1.53803e-06
5.35 1.46293e-06
5.36 1.39134e-06
5.37 1.32313e-06
5.38 1.25812e-06
5.39 1.19617e-06
5.4 1.13716e-06
5.41 1.08095e-06
5.42 1.0274e-06
5.43 9.76401e-07
5.44 9.27837e-07
5.45 8.81594e-07
5.46 8.37566e-07
5.47 7.95653e-07
5.48 7.55757e-07
5.49 7.17786e-07
5.5 6.81649e-07
5.51 6.47263e-07
5.52 6.14547e-07
5.53 5.83422e-07
5.54 5.53814e-07
5.55 5.25654e-07
5.56 4.98872e-07
5.57 4.73404e-07
5.58 4.49189e-07
5.59 4.26167e-07
5.6 4.04282e-07
5.61 3.8348e-07
5.62 3.6371e-07
5.63 3.44923e-07
5.64 3.27071e-07
5.65 3.1011e-07
5.66 2.93997e-07
5.67 2.78692e-07
5.68 2.64156e-07
5.69 2.50351e-07
5.7 2.37243e-07
5.71 2.24797e-07
5.72 2.12981e-07
5.73 2.01765e-07
5.74 1.91119e-07
5.75 1.81015e-07
5.76 1.71428e-07
5.77 1.62331e-07
5.78 1.53701e-07
5.79 1.45514e-07
5.8 1.37748e-07
5.81 1.30383e-07
5.82 1.23398e-07
5.83 1.16776e-07
5.84 1.10497e-07
5.85 1.04544e-07
5.86 9.89018e-08
5.87 9.3554e-08
5.88 8.8486e-08
5.89 8.36836e-08
5.9 7.91335e-08
5.91 7.48228e-08
5.92 7.07394e-08
5.93 6.68718e-08
5.94 6.32089e-08
5.95 5.97402e-08
5.96 5.6456e-08
5.97 5.33466e-08
5.98 5.04031e-08
5.99 4.76169e-08
