-6 8.83997e-05
-5.99 9.20145e-05
-5.98 9.57671e-05
-5.97 9.96624e-05
-5.96 0.000103705
-5.95 0.000107901
-5.94 0.000112255
-5.93 0.000116772
-5.92 0.000121459
-5.91 0.00012632
-5.9 0.000131362
-5.89 0.000136592
-5.88 0.000142015
-5.87 0.000147637
-5.86 0.000153467
-5.85 0.00015951
-5.84 0.000165774
-5.83 0.000172265
-5.82 0.000178993
-5.81 0.000185963
-5.8 0.000193185
-5.79 0.000200667
-5.78 0.000208417
-5.77 0.000216444
-5.76 0.000224756
-5.75 0.000233363
-5.74 0.000242275
-5.73 0.000251501
-5.72 0.000261051
-5.71 0.000270935
-5.7 0.000281164
-5.69 0.00029175
-5.68 0.000302702
-5.67 0.000314033
-5.66 0.000325754
-5.65 0.000337878
-5.64 0.000350416
-5.63 0.000363382
-5.62 0.000376788
-5.61 0.000390648
-5.6 0.000404976
-5.59 0.000419786
-5.58 0.000435092
-5.57 0.000450909
-5.56 0.000467253
-5.55 0.000484138
-5.54 0.000501582
-5.53 0.0005196
-5.52 0.00053821
-5.51 0.000557428
-5.5 0.000577272
-5.49 0.000597761
-5.48 0.000618912
-5.47 0.000640745
-5.46 0.000663279
-5.45 0.000686535
-5.44 0.000710531
-5.43 0.00073529
-5.42 0.000760833
-5.41 0.000787181
-5.4 0.000814357
-5.39 0.000842384
-5.38 0.000871284
-5.37 0.000901082
-5.36 0.000931802
-5.35 0.00096347
-5.34 0.00099611
-5.33 0.00102975
-5.32 0.00106441
-5.31 0.00110013
-5.3 0.00113693
-5.29 0.00117483
-5.28 0.00121387
-5.27 0.00125408
-5.26 0.00129549
-5.25 0.00133812
-5.24 0.00138202
-5.23 0.0014272
-5.22 0.00147371
-5.21 0.00152158
-5.2 0.00157084
-5.19 0.00162152
-5.18 0.00167367
-5.17 0.00172731
-5.16 0.00178249
-5.15 0.00183924
-5.14 0.00189759
-5.13 0.0019576
-5.12 0.00201929
-5.11 0.00208271
-5.1 0.0021479
-5.09 0.0022149
-5.08 0.00228375
-5.07 0.0023545
-5.06 0.00242718
-5.05 0.00250185
-5.04 0.00257855
-5.03 0.00265732
-5.02 0.00273822
-5.01 0.00282128
-5 0.00290656
-4.99 0.00299411
-4.98 0.00308397
-4.97 0.0031762
-4.96 0.00327085
-4.95 0.00336797
-4.94 0.00346761
-4.93 0.00356983
-4.92 0.00367468
-4.91 0.00378222
-4.9 0.00389249
-4.89 0.00400557
-4.88 0.0041215
-4.87 0.00424035
-4.86 0.00436217
-4.85 0.00448702
-4.84 0.00461497
-4.83 0.00474607
-4.82 0.00488038
-4.81 0.00501798
-4.8 0.00515892
-4.79 0.00530327
-4.78 0.00545108
-4.77 0.00560244
-4.76 0.0057574
-4.75 0.00591603
-4.74 0.0060784
-4.73 0.00624457
-4.72 0.00641462
-4.71 0.00658862
-4.7 0.00676663
-4.69 0.00694873
-4.68 0.00713499
-4.67 0.00732547
-4.66 0.00752027
-4.65 0.00771943
-4.64 0.00792305
-4.63 0.00813119
-4.62 0.00834394
-4.61 0.00856136
-4.6 0.00878353
-4.59 0.00901053
-4.58 0.00924243
-4.57 0.00947932
-4.56 0.00972126
-4.55 0.00996835
-4.54 0.0102207
-4.53 0.0104783
-4.52 0.0107412
-4.51 0.0110097
-4.5 0.0112836
-4.49 0.0115632
-4.48 0.0118485
-4.47 0.0121395
-4.46 0.0124364
-4.45 0.0127393
-4.44 0.0130481
-4.43 0.0133631
-4.42 0.0136842
-4.41 0.0140116
-4.4 0.0143453
-4.39 0.0146855
-4.38 0.0150321
-4.37 0.0153854
-4.36 0.0157453
-4.35 0.0161119
-4.34 0.0164854
-4.33 0.0168658
-4.32 0.0172531
-4.31 0.0176475
-4.3 0.0180491
-4.29 0.0184579
-4.28 0.0188739
-4.27 0.0192973
-4.26 0.0197282
-4.25 0.0201666
-4.24 0.0206126
-4.23 0.0210663
-4.22 0.0215277
-4.21 0.021997
-4.2 0.0224741
-4.19 0.0229592
-4.18 0.0234523
-4.17 0.0239536
-4.16 0.024463
-4.15 0.0249806
-4.14 0.0255065
-4.13 0.0260408
-4.12 0.0265835
-4.11 0.0271347
-4.1 0.0276945
-4.09 0.0282628
-4.08 0.0288399
-4.07 0.0294256
-4.06 0.0300201
-4.05 0.0306235
-4.04 0.0312357
-4.03 0.0318568
-4.02 0.0324869
-4.01 0.0331261
-4 0.0337743
-3.99 0.0344316
-3.98 0.035098
-3.97 0.0357736
-3.96 0.0364585
-3.95 0.0371526
-3.94 0.0378559
-3.93 0.0385686
-3.92 0.0392906
-3.91 0.0400219
-3.9 0.0407626
-3.89 0.0415127
-3.88 0.0422722
-3.87 0.0430412
-3.86 0.0438195
-3.85 0.0446073
-3.84 0.0454045
-3.83 0.0462112
-3.82 0.0470273
-3.81 0.0478529
-3.8 0.0486879
-3.79 0.0495323
-3.78 0.0503861
-3.77 0.0512492
-3.76 0.0521218
-3.75 0.0530037
-3.74 0.0538949
-3.73 0.0547954
-3.72 0.0557051
-3.71 0.0566241
-3.7 0.0575522
-3.69 0.0584895
-3.68 0.0594358
-3.67 0.0603912
-3.66 0.0613556
-3.65 0.0623288
-3.64 0.0633109
-3.63 0.0643018
-3.62 0.0653015
-3.61 0.0663097
-3.6 0.0673266
-3.59 0.0683519
-3.58 0.0693856
-3.57 0.0704276
-3.56 0.0714778
-3.55 0.0725362
-3.54 0.0736025
-3.53 0.0746768
-3.52 0.0757589
-3.51 0.0768486
-3.5 0.0779459
-3.49 0.0790507
-3.48 0.0801628
-3.47 0.0812821
-3.46 0.0824084
-3.45 0.0835416
-3.44 0.0846817
-3.43 0.0858283
-3.42 0.0869815
-3.41 0.0881409
-3.4 0.0893065
-3.39 0.0904782
-3.38 0.0916556
-3.37 0.0928388
-3.36 0.0940274
-3.35 0.0952213
-3.34 0.0964204
-3.33 0.0976244
-3.32 0.0988332
-3.31 0.100046
-3.3 0.101264
-3.29 0.102486
-3.28 0.103712
-3.27 0.104941
-3.26 0.106174
-3.25 0.107411
-3.24 0.10865
-3.23 0.109893
-3.22 0.111138
-3.21 0.112385
-3.2 0.113635
-3.19 0.114886
-3.18 0.11614
-3.17 0.117394
-3.16 0.11865
-3.15 0.119907
-3.14 0.121165
-3.13 0.122423
-3.12 0.123681
-3.11 0.124939
-3.1 0.126197
-3.09 0.127454
-3.08 0.128711
-3.07 0.129966
-3.06 0.13122
-3.05 0.132472
-3.04 0.133722
-3.03 0.13497
-3.02 0.136216
-3.01 0.137459
-3 0.138698
-2.99 0.139934
-2.98 0.141167
-2.97 0.142395
-2.96 0.14362
-2.95 0.14484
-2.94 0.146055
-2.93 0.147264
-2.92 0.148469
-2.91 0.149668
-2.9 0.15086
-2.89 0.152047
-2.88 0.153226
-2.87 0.154399
-2.86 0.155565
-2.85 0.156723
-2.84 0.157873
-2.83 0.159016
-2.82 0.16015
-2.81 0.161275
-2.8 0.162391
-2.79 0.163498
-2.78 0.164595
-2.77 0.165683
-2.76 0.16676
-2.75 0.167827
-2.74 0.168883
-2.73 0.169928
-2.72 0.170962
-2.71 0.171984
-2.7 0.172994
-2.69 0.173992
-2.68 0.174978
-2.67 0.175951
-2.66 0.176911
-2.65 0.177858
-2.64 0.178791
-2.63 0.179711
-2.62 0.180616
-2.61 0.181507
-2.6 0.182383
-2.59 0.183245
-2.58 0.184092
-2.57 0.184923
-2.56 0.185739
-2.55 0.186538
-2.54 0.187322
-2.53 0.18809
-2.52 0.188841
-2.51 0.189575
-2.5 0.190293
-2.49 0.190993
-2.48 0.191676
-2.47 0.192341
-2.46 0.192989
-2.45 0.193619
-2.44 0.19423
-2.43 0.194823
-2.42 0.195398
-2.41 0.195954
-2.4 0.196491
-2.39 0.197009
-2.38 0.197508
-2.37 0.197988
-2.36 0.198448
-2.35 0.198889
-2.34 0.19931
-2.33 0.199711
-2.32 0.200092
-2.31 0.200453
-2.3 0.200793
-2.29 0.201114
-2.28 0.201414
-2.27 0.201693
-2.26 0.201952
-2.25 0.20219
-2.24 0.202407
-2.23 0.202604
-2.22 0.202779
-2.21 0.202934
-2.2 0.203068
-2.19 0.20318
-2.18 0.203272
-2.17 0.203343
-2.16 0.203392
-2.15 0.20342
-2.14 0.203428
-2.13 0.203414
-2.12 0.203379
-2.11 0.203322
-2.1 0.203245
-2.09 0.203147
-2.08 0.203027
-2.07 0.202887
-2.06 0.202726
-2.05 0.202544
-2.04 0.202341
-2.03 0.202117
-2.02 0.201872
-2.01 0.201607
-2 0.201321
-1.99 0.201015
-1.98 0.200689
-1.97 0.200342
-1.96 0.199975
-1.95 0.199588
-1.94 0.199181
-1.93 0.198755
-1.92 0.198309
-1.91 0.197843
-1.9 0.197358
-1.89 0.196853
-1.88 0.19633
-1.87 0.195788
-1.86 0.195227
-1.85 0.194647
-1.84 0.19405
-1.83 0.193434
-1.82 0.1928
-1.81 0.192148
-1.8 0.191478
-1.79 0.190792
-1.78 0.190088
-1.77 0.189367
-1.76 0.188629
-1.75 0.187875
-1.74 0.187104
-1.73 0.186318
-1.72 0.185515
-1.71 0.184697
-1.7 0.183864
-1.69 0.183016
-1.68 0.182152
-1.67 0.181275
-1.66 0.180382
-1.65 0.179476
-1.64 0.178556
-1.63 0.177623
-1.62 0.176676
-1.61 0.175716
-1.6 0.174744
-1.59 0.173759
-1.58 0.172762
-1.57 0.171753
-1.56 0.170733
-1.55 0.169701
-1.54 0.168659
-1.53 0.167605
-1.52 0.166542
-1.51 0.165468
-1.5 0.164384
-1.49 0.163291
-1.48 0.162189
-1.47 0.161078
-1.46 0.159958
-1.45 0.15883
-1.44 0.157694
-1.43 0.156551
-1.42 0.1554
-1.41 0.154242
-1.4 0.153077
-1.39 0.151906
-1.38 0.150729
-1.37 0.149546
-1.36 0.148358
-1.35 0.147164
-1.34 0.145966
-1.33 0.144762
-1.32 0.143555
-1.31 0.142344
-1.3 0.141129
-1.29 0.139911
-1.28 0.138689
-1.27 0.137465
-1.26 0.136239
-1.25 0.13501
-1.24 0.13378
-1.23 0.132548
-1.22 0.131315
-1.21 0.130081
-1.2 0.128846
-1.19 0.127611
-1.18 0.126376
-1.17 0.125141
-1.16 0.123907
-1.15 0.122673
-1.14 0.121441
-1.13 0.12021
-1.12 0.11898
-1.11 0.117753
-1.1 0.116527
-1.09 0.115304
-1.08 0.114084
-1.07 0.112867
-1.06 0.111653
-1.05 0.110442
-1.04 0.109236
-1.03 0.108033
-1.02 0.106835
-1.01 0.105641
-1 0.104452
-0.99 0.103267
-0.98 0.102088
-0.97 0.100915
-0.96 0.0997471
-0.95 0.0985853
-0.94 0.0974296
-0.93 0.0962803
-0.92 0.0951376
-0.91 0.0940017
-0.9 0.0928728
-0.89 0.0917511
-0.88 0.0906369
-0.87 0.0895304
-0.86 0.0884316
-0.85 0.087341
-0.84 0.0862585
-0.83 0.0851845
-0.82 0.084119
-0.81 0.0830624
-0.8 0.0820147
-0.79 0.0809761
-0.78 0.0799469
-0.77 0.0789271
-0.76 0.077917
-0.75 0.0769167
-0.74 0.0759264
-0.73 0.0749462
-0.72 0.0739762
-0.71 0.0730167
-0.7 0.0720677
-0.69 0.0711295
-0.68 0.0702021
-0.67 0.0692857
-0.66 0.0683804
-0.65 0.0674863
-0.64 0.0666036
-0.63 0.0657324
-0.62 0.0648729
-0.61 0.064025
-0.6 0.063189
-0.59 0.062365
-0.58 0.061553
-0.57 0.0607532
-0.56 0.0599657
-0.55 0.0591905
-0.54 0.0584279
-0.53 0.0576777
-0.52 0.0569403
-0.51 0.0562155
-0.5 0.0555036
-0.49 0.0548047
-0.48 0.0541187
-0.47 0.0534457
-0.46 0.052786
-0.45 0.0521394
-0.44 0.0515062
-0.43 0.0508863
-0.42 0.0502798
-0.41 0.0496868
-0.4 0.0491074
-0.39 0.0485415
-0.38 0.0479894
-0.37 0.0474509
-0.36 0.0469263
-0.35 0.0464155
-0.34 0.0459185
-0.33 0.0454355
-0.32 0.0449664
-0.31 0.0445114
-0.3 0.0440704
-0.29 0.0436436
-0.28 0.0432308
-0.27 0.0428322
-0.26 0.0424479
-0.25 0.0420778
-0.24 0.0417219
-0.23 0.0413804
-0.22 0.0410531
-0.21 0.0407403
-0.2 0.0404418
-0.19 0.0401578
-0.18 0.0398881
-0.17 0.039633
-0.16 0.0393923
-0.15 0.0391661
-0.14 0.0389544
-0.13 0.0387572
-0.12 0.0385746
-0.11 0.0384066
-0.1 0.0382531
-0.09 0.0381142
-0.08 0.0379899
-0.07 0.0378801
-0.06 0.037785
-0.05 0.0377046
-0.04 0.0376387
-0.03 0.0375875
-0.02 0.0375509
-0.01 0.0375289
0 0.0375216
0.01 0.0375289
0.02 0.0375509
0.03 0.0375875
0.04 0.0376387
0.05 0.0377046
0.06 0.037785
0.07 0.0378801
0.08 0.0379899
0.09 0.0381142
0.1 0.0382531
0.11 0.0384066
0.12 0.0385746
0.13 0.0387572
0.14 0.0389544
0.15 0.0391661
0.16 0.0393923
0.17 0.039633
0.18 0.0398881
0.19 0.0401578
0.2 0.0404418
0.21 0.0407403
0.22 0.0410531
0.23 0.0413804
0.24 0.0417219
0.25 0.0420778
0.26 0.0424479
0.27 0.0428322
0.28 0.0432308
0.29 0.0436436
0.3 0.0440704
0.31 0.0445114
0.32 0.0449664
0.33 0.0454355
0.34 0.0459185
0.35 0.0464155
0.36 0.0469263
0.37 0.0474509
0.38 0.0479894
0.39 0.0485415
0.4 0.0491074
0.41 0.0496868
0.42 0.0502798
0.43 0.0508863
0.44 0.0515062
0.45 0.0521394
0.46 0.052786
0.47 0.0534457
0.48 0.0541187
0.49 0.0548047
0.5 0.0555036
0.51 0.0562155
0.52 0.0569403
0.53 0.0576777
0.54 0.0584279
0.55 0.0591905
0.56 0.0599657
0.57 0.0607532
0.58 0.061553
0.59 0.062365
0.6 0.063189
0.61 0.064025
0.62 0.0648729
0.63 0.0657324
0.64 0.0666036
0.65 0.0674863
0.66 0.0683804
0.67 0.0692857
0.68 0.0702021
0.69 0.0711295
0.7 0.0720677
0.71 0.0730167
0.72 0.0739762
0.73 0.0749462
0.74 0.0759264
0.75 0.0769167
0.76 0.077917
0.77 0.0789271
0.78 0.0799469
0.79 0.0809761
0.8 0.0820147
0.81 0.0830624
0.82 0.084119
0.83 0.0851845
0.84 0.0862585
0.85 0.087341
0.86 0.0884316
0.87 0.0895304
0.88 0.0906369
0.89 0.0917511
0.9 0.0928728
0.91 0.0940017
0.92 0.0951376
0.93 0.0962803
0.94 0.0974296
0.95 0.0985853
0.96 0.0997471
0.97 0.100915
0.98 0.102088
0.99 0.103267
1 0.104452
1.01 0.105641
1.02 0.106835
1.03 0.108033
1.04 0.109236
1.05 0.110442
1.06 0.111653
1.07 0.112867
1.08 0.114084
1.09 0.115304
1.1 0.116527
1.11 0.117753
1.12 0.11898
1.13 0.12021
1.14 0.121441
1.15 0.122673
1.16 0.123907
1.17 0.125141
1.18 0.126376
1.19 0.127611
1.2 0.128846
1.21 0.130081
1.22 0.131315
1.23 0.132548
1.24 0.13378
1.25 0.13501
1.26 0.136239
1.27 0.137465
1.28 0.138689
1.29 0.139911
1.3 0.141129
1.31 0.142344
1.32 0.143555
1.33 0.144762
1.34 0.145966
1.35 0.147164
1.36 0.148358
1.37 0.149546
1.38 0.150729
1.39 0.151906
1.4 0.153077
1.41 0.154242
1.42 0.1554
1.43 0.156551
1.44 0.157694
1.45 0.15883
1.46 0.159958
1.47 0.161078
1.48 0.162189
1.49 0.163291
1.5 0.164384
1.51 0.165468
1.52 0.166542
1.53 0.167605
1.54 0.168659
1.55 0.169701
1.56 0.170733
1.57 0.171753
1.58 0.172762
1.59 0.173759
1.6 0.174744
1.61 0.175716
1.62 0.176676
1.63 0.177623
1.64 0.178556
1.65 0.179476
1.66 0.180382
1.67 0.181275
1.68 0.182152
1.69 0.183016
1.7 0.183864
1.71 0.184697
1.72 0.185515
1.73 0.186318
1.74 0.187104
1.75 0.187875
1.76 0.188629
1.77 0.189367
1.78 0.190088
1.79 0.190792
1.8 0.191478
1.81 0.192148
1.82 0.1928
1.83 0.193434
1.84 0.19405
1.85 0.194647
1.86 0.195227
1.87 0.195788
1.88 0.19633
1.89 0.196853
1.9 0.197358
1.91 0.197843
1.92 0.198309
1.93 0.198755
1.94 0.199181
1.95 0.199588
1.96 0.199975
1.97 0.200342
1.98 0.200689
1.99 0.201015
2 0.201321
2.01 0.201607
2.02 0.201872
2.03 0.202117
2.04 0.202341
2.05 0.202544
2.06 0.202726
2.07 0.202887
2.08 0.203027
2.09 0.203147
2.1 0.203245
2.11 0.203322
2.12 0.203379
2.13 0.203414
2.14 0.203428
2.15 0.20342
2.16 0.203392
2.17 0.203343
2.18 0.203272
2.19 0.20318
2.2 0.203068
2.21 0.202934
2.22 0.202779
2.23 0.202604
2.24 0.202407
2.25 0.20219
2.26 0.201952
2.27 0.201693
2.28 0.201414
2.29 0.201114
2.3 0.200793
2.31 0.200453
2.32 0.200092
2.33 0.199711
2.34 0.19931
2.35 0.198889
2.36 0.198448
2.37 0.197988
2.38 0.197508
2.39 0.197009
2.4 0.196491
2.41 0.195954
2.42 0.195398
2.43 0.194823
2.44 0.19423
2.45 0.193619
2.46 0.192989
2.47 0.192341
2.48 0.191676
2.49 0.190993
2.5 0.190293
2.51 0.189575
2.52 0.188841
2.53 0.18809
2.54 0.187322
2.55 0.186538
2.56 0.185739
2.57 0.184923
2.58 0.184092
2.59 0.183245
2.6 0.182383
2.61 0.181507
2.62 0.180616
2.63 0.179711
2.64 0.178791
2.65 0.177858
2.66 0.176911
2.67 0.175951
2.68 0.174978
2.69 0.173992
2.7 0.172994
2.71 0.171984
2.72 0.170962
2.73 0.169928
2.74 0.168883
2.75 0.167827
2.76 0.16676
2.77 0.165683
2.78 0.164595
2.79 0.163498
2.8 0.162391
2.81 0.161275
2.82 0.16015
2.83 0.159016
2.84 0.157873
2.85 0.156723
2.86 0.155565
2.87 0.154399
2.88 0.153226
2.89 0.152047
2.9 0.15086
2.91 0.149668
2.92 0.148469
2.93 0.147264
2.94 0.146055
2.95 0.14484
2.96 0.14362
2.97 0.142395
2.98 0.141167
2.99 0.139934
3 0.138698
3.01 0.137459
3.02 0.136216
3.03 0.13497
3.04 0.133722
3.05 0.132472
3.06 0.13122
3.07 0.129966
3.08 0.128711
3.09 0.127454
3.1 0.126197
3.11 0.124939
3.12 0.123681
3.13 0.122423
3.14 0.121165
3.15 0.119907
3.16 0.11865
3.17 0.117394
3.18 0.11614
3.19 0.114886
3.2 0.113635
3.21 0.112385
3.22 0.111138
3.23 0.109893
3.24 0.10865
3.25 0.107411
3.26 0.106174
3.27 0.104941
3.28 0.103712
3.29 0.102486
3.3 0.101264
3.31 0.100046
3.32 0.0988332
3.33 0.0976244
3.34 0.0964204
3.35 0.0952213
3.36 0.0940274
3.37 0.0928388
3.38 0.0916556
3.39 0.0904782
3.4 0.0893065
3.41 0.0881409
3.42 0.0869815
3.43 0.0858283
3.44 0.0846817
3.45 0.0835416
3.46 0.0824084
3.47 0.0812821
3.48 0.0801628
3.49 0.0790507
3.5 0.0779459
3.51 0.0768486
3.52 0.0757589
3.53 0.0746768
3.54 0.0736025
3.55 0.0725362
3.56 0.0714778
3.57 0.0704276
3.58 0.0693856
3.59 0.0683519
3.6 0.0673266
3.61 0.0663097
3.62 0.0653015
3.63 0.0643018
3.64 0.0633109
3.65 0.0623288
3.66 0.0613556
3.67 0.0603912
3.68 0.0594358
3.69 0.0584895
3.7 0.0575522
3.71 0.0566241
3.72 0.0557051
3.73 0.0547954
3.74 0.0538949
3.75 0.0530037
3.76 0.0521218
3.77 0.0512492
3.78 0.0503861
3.79 0.0495323
3.8 0.0486879
3.81 0.0478529
3.82 0.0470273
3.83 0.0462112
3.84 0.0454045
3.85 0.0446073
3.86 0.0438195
3.87 0.0430412
3.88 0.0422722
3.89 0.0415127
3.9 0.0407626
3.91 0.0400219
3.92 0.0392906
3.93 0.0385686
3.94 0.0378559
3.95 0.0371526
3.96 0.0364585
3.97 0.0357736
3.98 0.035098
3.99 0.0344316
4 0.0337743
4.01 0.0331261
4.02 0.0324869
4.03 0.0318568
4.04 0.0312357
4.05 0.0306235
4.06 0.0300201
4.07 0.0294256
4.08 0.0288399
4.09 0.0282628
4.1 0.0276945
4.11 0.0271347
4.12 0.0265835
4.13 0.0260408
4.14 0.0255065
4.15 0.0249806
4.16 0.024463
4.17 0.0239536
4.18 0.0234523
4.19 0.0229592
4.2 0.0224741
4.21 0.021997
4.22 0.0215277
4.23 0.0210663
4.24 0.0206126
4.25 0.0201666
4.26 0.0197282
4.27 0.0192973
4.28 0.0188739
4.29 0.0184579
4.3 0.0180491
4.31 0.0176475
4.32 0.0172531
4.33 0.0168658
4.34 0.0164854
4.35 0.0161119
4.36 0.0157453
4.37 0.0153854
4.38 0.0150321
4.39 0.0146855
4.4 0.0143453
4.41 0.0140116
4.42 0.0136842
4.43 0.0133631
4.44 0.0130481
4.45 0.0127393
4.46 0.0124364
4.47 0.0121395
4.48 0.0118485
4.49 0.0115632
4.5 0.0112836
4.51 0.0110097
4.52 0.0107412
4.53 0.0104783
4.54 0.0102207
4.55 0.00996835
4.56 0.00972126
4.57 0.00947932
4.58 0.00924243
4.59 0.00901053
4.6 0.00878353
4.61 0.00856136
4.62 0.00834394
4.63 0.00813119
4.64 0.00792305
4.65 0.00771943
4.66 0.00752027
4.67 0.00732547
4.68 0.00713499
4.69 0.00694873
4.7 0.00676663
4.71 0.00658862
4.72 0.00641462
4.73 0.00624457
4.74 0.0060784
4.75 0.00591603
4.76 0.0057574
4.77 0.00560244
4.78 0.00545108
4.79 0.00530327
4.8 0.00515892
4.81 0.00501798
4.82 0.00488038
4.83 0.00474607
4.84 0.00461497
4.85 0.00448702
4.86 0.00436217
4.87 0.00424035
4.88 0.0041215
4.89 0.00400557
4.9 0.00389249
4.91 0.00378222
4.92 0.00367468
4.93 0.00356983
4.94 0.00346761
4.95 0.00336797
4.96 0.00327085
4.97 0.0031762
4.98 0.00308397
4.99 0.00299411
5 0.00290656
5.01 0.00282128
5.02 0.00273822
5.03 0.00265732
5.04 0.00257855
5.05 0.00250185
5.06 0.00242718
5.07 0.0023545
5.08 0.00228375
5.09 0.0022149
5.1 0.0021479
5.11 0.00208271
5.12 0.00201929
5.13 0.0019576
5.14 0.00189759
5.15 0.00183924
5.16 0.00178249
5.17 0.00172731
5.18 0.00167367
5.19 0.00162152
5.2 0.00157084
5.21 0.00152158
5.22 0.00147371
5.23 0.0014272
5.24 0.00138202
5.25 0.00133812
5.26 0.00129549
5.27 0.00125408
5.28 0.00121387
5.29 0.00117483
5.3 0.00113693
5.31 0.00110013
5.32 0.00106441
5.33 0.00102975
5.34 0.00099611
5.35 0.00096347
5.36 0.000931802
5.37 0.000901082
5.38 0.000871284
5.39 0.000842384
5.4 0.000814357
5.41 0.000787181
5.42 0.000760833
5.43 0.00073529
5.44 0.000710531
5.45 0.000686535
5.46 0.000663279
5.47 0.000640745
5.48 0.000618912
5.49 0.000597761
5.5 0.000577272
5.51 0.000557428
5.52 0.00053821
5.53 0.0005196
5.54 0.000501582
5.55 0.000484138
5.56 0.000467253
5.57 0.000450909
5.58 0.000435092
5.59 0.000419786
5.6 0.000404976
5.61 0.000390648
5.62 0.000376788
5.63 0.000363382
5.64 0.000350416
5.65 0.000337878
5.66 0.000325754
5.67 0.000314033
5.68 0.000302702
5.69 0.00029175
5.7 0.000281164
5.71 0.000270935
5.72 0.000261051
5.73 0.000251501
5.74 0.000242275
5.75 0.000233363
5.76 0.000224756
5.77 0.000216444
5.78 0.000208417
5.79 0.000200667
5.8 0.000193185
5.81 0.000185963
5.82 0.000178993
5.83 0.000172265
5.84 0.000165774
5.85 0.00015951
5.86 0.000153467
5.87 0.000147637
5.88 0.000142015
5.89 0.000136592
5.9 0.000131362
5.91 0.00012632
5.92 0.000121459
5.93 0.000116772
5.94 0.000112255
5.95 0.000107901
5.96 0.000103705
5.97 9.96624e-05
5.98 9.57671e-05
5.99 9.20145e-05
