-6 0.00906559
-5.99 0.00918012
-5.98 0.0092958
-5.97 0.00941265
-5.96 0.00953067
-5.95 0.00964986
-5.94 0.00977024
-5.93 0.00989181
-5.92 0.0100146
-5.91 0.0101386
-5.9 0.0102638
-5.89 0.0103902
-5.88 0.0105178
-5.87 0.0106467
-5.86 0.0107768
-5.85 0.0109082
-5.84 0.0110408
-5.83 0.0111747
-5.82 0.0113098
-5.81 0.0114462
-5.8 0.011584
-5.79 0.011723
-5.78 0.0118633
-5.77 0.0120049
-5.76 0.0121478
-5.75 0.012292
-5.74 0.0124375
-5.73 0.0125844
-5.72 0.0127326
-5.71 0.0128822
-5.7 0.0130331
-5.69 0.0131854
-5.68 0.013339
-5.67 0.013494
-5.66 0.0136504
-5.65 0.0138081
-5.64 0.0139672
-5.63 0.0141278
-5.62 0.0142897
-5.61 0.014453
-5.6 0.0146177
-5.59 0.0147839
-5.58 0.0149515
-5.57 0.0151205
-5.56 0.0152909
-5.55 0.0154628
-5.54 0.0156361
-5.53 0.0158108
-5.52 0.0159871
-5.51 0.0161647
-5.5 0.0163439
-5.49 0.0165245
-5.48 0.0167066
-5.47 0.0168901
-5.46 0.0170752
-5.45 0.0172617
-5.44 0.0174497
-5.43 0.0176392
-5.42 0.0178302
-5.41 0.0180228
-5.4 0.0182168
-5.39 0.0184124
-5.38 0.0186094
-5.37 0.018808
-5.36 0.0190081
-5.35 0.0192098
-5.34 0.0194129
-5.33 0.0196177
-5.32 0.0198239
-5.31 0.0200317
-5.3 0.0202411
-5.29 0.0204519
-5.28 0.0206644
-5.27 0.0208784
-5.26 0.021094
-5.25 0.0213111
-5.24 0.0215298
-5.23 0.02175
-5.22 0.0219718
-5.21 0.0221952
-5.2 0.0224202
-5.19 0.0226467
-5.18 0.0228748
-5.17 0.0231045
-5.16 0.0233358
-5.15 0.0235686
-5.14 0.023803
-5.13 0.024039
-5.12 0.0242766
-5.11 0.0245158
-5.1 0.0247566
-5.09 0.0249989
-5.08 0.0252428
-5.07 0.0254884
-5.06 0.0257355
-5.05 0.0259842
-5.04 0.0262344
-5.03 0.0264863
-5.02 0.0267398
-5.01 0.0269948
-5 0.0272514
-4.99 0.0275096
-4.98 0.0277694
-4.97 0.0280308
-4.96 0.0282937
-4.95 0.0285583
-4.94 0.0288244
-4.93 0.0290921
-4.92 0.0293613
-4.91 0.0296321
-4.9 0.0299045
-4.89 0.0301785
-4.88 0.030454
-4.87 0.0307311
-4.86 0.0310097
-4.85 0.0312899
-4.84 0.0315717
-4.83 0.031855
-4.82 0.0321398
-4.81 0.0324262
-4.8 0.0327141
-4.79 0.0330035
-4.78 0.0332945
-4.77 0.033587
-4.76 0.033881
-4.75 0.0341766
-4.74 0.0344736
-4.73 0.0347722
-4.72 0.0350722
-4.71 0.0353737
-4.7 0.0356768
-4.69 0.0359813
-4.68 0.0362872
-4.67 0.0365947
-4.66 0.0369036
-4.65 0.037214
-4.64 0.0375258
-4.63 0.037839
-4.62 0.0381537
-4.61 0.0384698
-4.6 0.0387874
-4.59 0.0391063
-4.58 0.0394267
-4.57 0.0397484
-4.56 0.0400716
-4.55 0.0403961
-4.54 0.040722
-4.53 0.0410492
-4.52 0.0413778
-4.51 0.0417077
-4.5 0.042039
-4.49 0.0423716
-4.48 0.0427055
-4.47 0.0430407
-4.46 0.0433773
-4.45 0.043715
-4.44 0.0440541
-4.43 0.0443944
-4.42 0.044736
-4.41 0.0450788
-4.4 0.0454229
-4.39 0.0457681
-4.38 0.0461146
-4.37 0.0464623
-4.36 0.0468111
-4.35 0.0471611
-4.34 0.0475123
-4.33 0.0478646
-4.32 0.048218
-4.31 0.0485726
-4.3 0.0489282
-4.29 0.049285
-4.28 0.0496428
-4.27 0.0500017
-4.26 0.0503617
-4.25 0.0507226
-4.24 0.0510846
-4.23 0.0514476
-4.22 0.0518116
-4.21 0.0521766
-4.2 0.0525425
-4.19 0.0529094
-4.18 0.0532772
-4.17 0.053646
-4.16 0.0540156
-4.15 0.0543861
-4.14 0.0547575
-4.13 0.0551298
-4.12 0.0555028
-4.11 0.0558767
-4.1 0.0562514
-4.09 0.0566269
-4.08 0.0570031
-4.07 0.0573801
-4.06 0.0577579
-4.05 0.0581363
-4.04 0.0585155
-4.03 0.0588953
-4.02 0.0592758
-4.01 0.0596569
-4 0.0600387
-3.99 0.060421
-3.98 0.060804
-3.97 0.0611875
-3.96 0.0615716
-3.95 0.0619562
-3.94 0.0623413
-3.93 0.0627269
-3.92 0.063113
-3.91 0.0634995
-3.9 0.0638865
-3.89 0.0642739
-3.88 0.0646616
-3.87 0.0650498
-3.86 0.0654383
-3.85 0.0658271
-3.84 0.0662163
-3.83 0.0666057
-3.82 0.0669954
-3.81 0.0673854
-3.8 0.0677756
-3.79 0.068166
-3.78 0.0685566
-3.77 0.0689473
-3.76 0.0693382
-3.75 0.0697292
-3.74 0.0701204
-3.73 0.0705116
-3.72 0.0709028
-3.71 0.0712941
-3.7 0.0716854
-3.69 0.0720767
-3.68 0.0724679
-3.67 0.0728591
-3.66 0.0732503
-3.65 0.0736413
-3.64 0.0740322
-3.63 0.074423
-3.62 0.0748136
-3.61 0.075204
-3.6 0.0755942
-3.59 0.0759842
-3.58 0.0763739
-3.57 0.0767633
-3.56 0.0771524
-3.55 0.0775412
-3.54 0.0779297
-3.53 0.0783177
-3.52 0.0787054
-3.51 0.0790927
-3.5 0.0794795
-3.49 0.0798658
-3.48 0.0802517
-3.47 0.0806371
-3.46 0.0810219
-3.45 0.0814061
-3.44 0.0817898
-3.43 0.0821729
-3.42 0.0825553
-3.41 0.0829371
-3.4 0.0833183
-3.39 0.0836987
-3.38 0.0840784
-3.37 0.0844573
-3.36 0.0848355
-3.35 0.0852129
-3.34 0.0855895
-3.33 0.0859652
-3.32 0.0863401
-3.31 0.0867141
-3.3 0.0870872
-3.29 0.0874594
-3.28 0.0878306
-3.27 0.0882008
-3.26 0.0885701
-3.25 0.0889383
-3.24 0.0893054
-3.23 0.0896715
-3.22 0.0900366
-3.21 0.0904005
-3.2 0.0907632
-3.19 0.0911248
-3.18 0.0914853
-3.17 0.0918445
-3.16 0.0922025
-3.15 0.0925592
-3.14 0.0929147
-3.13 0.0932689
-3.12 0.0936218
-3.11 0.0939734
-3.1 0.0943236
-3.09 0.0946724
-3.08 0.0950198
-3.07 0.0953658
-3.06 0.0957104
-3.05 0.0960535
-3.04 0.0963951
-3.03 0.0967352
-3.02 0.0970738
-3.01 0.0974109
-3 0.0977464
-2.99 0.0980803
-2.98 0.0984126
-2.97 0.0987433
-2.96 0.0990723
-2.95 0.0993997
-2.94 0.0997254
-2.93 0.100049
-2.92 0.100372
-2.91 0.100692
-2.9 0.101011
-2.89 0.101328
-2.88 0.101643
-2.87 0.101957
-2.86 0.102268
-2.85 0.102578
-2.84 0.102886
-2.83 0.103192
-2.82 0.103496
-2.81 0.103798
-2.8 0.104098
-2.79 0.104396
-2.78 0.104693
-2.77 0.104987
-2.76 0.105279
-2.75 0.10557
-2.74 0.105858
-2.73 0.106144
-2.72 0.106428
-2.71 0.10671
-2.7 0.10699
-2.69 0.107268
-2.68 0.107544
-2.67 0.107818
-2.66 0.108089
-2.65 0.108359
-2.64 0.108626
-2.63 0.108891
-2.62 0.109154
-2.61 0.109414
-2.6 0.109673
-2.59 0.109929
-2.58 0.110183
-2.57 0.110435
-2.56 0.110684
-2.55 0.110931
-2.54 0.111176
-2.53 0.111419
-2.52 0.111659
-2.51 0.111897
-2.5 0.112133
-2.49 0.112366
-2.48 0.112597
-2.47 0.112826
-2.46 0.113052
-2.45 0.113276
-2.44 0.113497
-2.43 0.113717
-2.42 0.113933
-2.41 0.114148
-2.4 0.11436
-2.39 0.114569
-2.38 0.114777
-2.37 0.114981
-2.36 0.115184
-2.35 0.115384
-2.34 0.115581
-2.33 0.115777
-2.32 0.115969
-2.31 0.11616
-2.3 0.116347
-2.29 0.116533
-2.28 0.116716
-2.27 0.116896
-2.26 0.117074
-2.25 0.11725
-2.24 0.117423
-2.23 0.117594
-2.22 0.117762
-2.21 0.117928
-2.2 0.118091
-2.19 0.118252
-2.18 0.118411
-2.17 0.118567
-2.16 0.118721
-2.15 0.118872
-2.14 0.11902
-2.13 0.119167
-2.12 0.119311
-2.11 0.119452
-2.1 0.119591
-2.09 0.119728
-2.08 0.119862
-2.07 0.119994
-2.06 0.120123
-2.05 0.12025
-2.04 0.120374
-2.03 0.120497
-2.02 0.120616
-2.01 0.120734
-2 0.120849
-1.99 0.120961
-1.98 0.121072
-1.97 0.12118
-1.96 0.121285
-1.95 0.121388
-1.94 0.121489
-1.93 0.121588
-1.92 0.121684
-1.91 0.121778
-1.9 0.12187
-1.89 0.12196
-1.88 0.122047
-1.87 0.122132
-1.86 0.122214
-1.85 0.122295
-1.84 0.122373
-1.83 0.122449
-1.82 0.122523
-1.81 0.122595
-1.8 0.122664
-1.79 0.122731
-1.78 0.122796
-1.77 0.122859
-1.76 0.12292
-1.75 0.122979
-1.74 0.123036
-1.73 0.123091
-1.72 0.123143
-1.71 0.123194
-1.7 0.123242
-1.69 0.123289
-1.68 0.123333
-1.67 0.123376
-1.66 0.123416
-1.65 0.123455
-1.64 0.123491
-1.63 0.123526
-1.62 0.123559
-1.61 0.12359
-1.6 0.123619
-1.59 0.123646
-1.58 0.123672
-1.57 0.123695
-1.56 0.123717
-1.55 0.123737
-1.54 0.123756
-1.53 0.123772
-1.52 0.123787
-1.51 0.1238
-1.5 0.123812
-1.49 0.123822
-1.48 0.12383
-1.47 0.123837
-1.46 0.123842
-1.45 0.123845
-1.44 0.123847
-1.43 0.123847
-1.42 0.123846
-1.41 0.123844
-1.4 0.12384
-1.39 0.123834
-1.38 0.123827
-1.37 0.123819
-1.36 0.123809
-1.35 0.123798
-1.34 0.123786
-1.33 0.123772
-1.32 0.123757
-1.31 0.123741
-1.3 0.123724
-1.29 0.123705
-1.28 0.123685
-1.27 0.123664
-1.26 0.123642
-1.25 0.123619
-1.24 0.123594
-1.23 0.123569
-1.22 0.123542
-1.21 0.123515
-1.2 0.123486
-1.19 0.123457
-1.18 0.123426
-1.17 0.123395
-1.16 0.123363
-1.15 0.12333
-1.14 0.123296
-1.13 0.123261
-1.12 0.123225
-1.11 0.123189
-1.1 0.123151
-1.09 0.123113
-1.08 0.123075
-1.07 0.123035
-1.06 0.122995
-1.05 0.122955
-1.04 0.122913
-1.03 0.122871
-1.02 0.122829
-1.01 0.122786
-1 0.122742
-0.99 0.122698
-0.98 0.122654
-0.97 0.122609
-0.96 0.122564
-0.95 0.122518
-0.94 0.122472
-0.93 0.122425
-0.92 0.122378
-0.91 0.122331
-0.9 0.122284
-0.89 0.122236
-0.88 0.122188
-0.87 0.12214
-0.86 0.122092
-0.85 0.122043
-0.84 0.121994
-0.83 0.121946
-0.82 0.121897
-0.81 0.121848
-0.8 0.121799
-0.79 0.12175
-0.78 0.121701
-0.77 0.121651
-0.76 0.121602
-0.75 0.121553
-0.74 0.121505
-0.73 0.121456
-0.72 0.121407
-0.71 0.121359
-0.7 0.12131
-0.69 0.121262
-0.68 0.121214
-0.67 0.121166
-0.66 0.121118
-0.65 0.121071
-0.64 0.121024
-0.63 0.120977
-0.62 0.120931
-0.61 0.120885
-0.6 0.120839
-0.59 0.120794
-0.58 0.120749
-0.57 0.120704
-0.56 0.12066
-0.55 0.120616
-0.54 0.120573
-0.53 0.12053
-0.52 0.120488
-0.51 0.120446
-0.5 0.120405
-0.49 0.120365
-0.48 0.120324
-0.47 0.120285
-0.46 0.120246
-0.45 0.120208
-0.44 0.12017
-0.43 0.120133
-0.42 0.120096
-0.41 0.120061
-0.4 0.120025
-0.39 0.119991
-0.38 0.119957
-0.37 0.119924
-0.36 0.119892
-0.35 0.11986
-0.34 0.11983
-0.33 0.1198
-0.32 0.11977
-0.31 0.119742
-0.3 0.119714
-0.29 0.119687
-0.28 0.119661
-0.27 0.119636
-0.26 0.119612
-0.25 0.119588
-0.24 0.119566
-0.23 0.119544
-0.22 0.119523
-0.21 0.119503
-0.2 0.119484
-0.19 0.119465
-0.18 0.119448
-0.17 0.119431
-0.16 0.119416
-0.15 0.119401
-0.14 0.119387
-0.13 0.119375
-0.12 0.119363
-0.11 0.119352
-0.1 0.119342
-0.09 0.119333
-0.08 0.119325
-0.07 0.119317
-0.06 0.119311
-0.05 0.119306
-0.04 0.119302
-0.03 0.119298
-0.02 0.119296
-0.01 0.119299
0 0.121229
0.01 0.119299
0.02 0.119296
0.03 0.119298
0.04 0.119302
0.05 0.119306
0.06 0.119311
0.07 0.119317
0.08 0.119325
0.09 0.119333
0.1 0.119342
0.11 0.119352
0.12 0.119363
0.13 0.119375
0.14 0.119387
0.15 0.119401
0.16 0.119416
0.17 0.119431
0.18 0.119448
0.19 0.119465
0.2 0.119484
0.21 0.119503
0.22 0.119523
0.23 0.119544
0.24 0.119566
0.25 0.119588
0.26 0.119612
0.27 0.119636
0.28 0.119661
0.29 0.119687
0.3 0.119714
0.31 0.119742
0.32 0.11977
0.33 0.1198
0.34 0.11983
0.35 0.11986
0.36 0.119892
0.37 0.119924
0.38 0.119957
0.39 0.119991
0.4 0.120025
0.41 0.120061
0.42 0.120096
0.43 0.120133
0.44 0.12017
0.45 0.120208
0.46 0.120246
0.47 0.120285
0.48 0.120324
0.49 0.120365
0.5 0.120405
0.51 0.120446
0.52 0.120488
0.53 0.12053
0.54 0.120573
0.55 0.120616
0.56 0.12066
0.57 0.120704
0.58 0.120749
0.59 0.120794
0.6 0.120839
0.61 0.120885
0.62 0.120931
0.63 0.120977
0.64 0.121024
0.65 0.121071
0.66 0.121118
0.67 0.121166
0.68 0.121214
0.69 0.121262
0.7 0.12131
0.71 0.121359
0.72 0.121407
0.73 0.121456
0.74 0.121505
0.75 0.121553
0.76 0.121602
0.77 0.121651
0.78 0.121701
0.79 0.12175
0.8 0.121799
0.81 0.121848
0.82 0.121897
0.83 0.121946
0.84 0.121994
0.85 0.122043
0.86 0.122092
0.87 0.12214
0.88 0.122188
0.89 0.122236
0.9 0.122284
0.91 0.122331
0.92 0.122378
0.93 0.122425
0.94 0.122472
0.95 0.122518
0.96 0.122564
0.97 0.122609
0.98 0.122654
0.99 0.122698
1 0.122742
1.01 0.122786
1.02 0.122829
1.03 0.122871
1.04 0.122913
1.05 0.122955
1.06 0.122995
1.07 0.123035
1.08 0.123075
1.09 0.123113
1.1 0.123151
1.11 0.123189
1.12 0.123225
1.13 0.123261
1.14 0.123296
1.15 0.12333
1.16 0.123363
1.17 0.123395
1.18 0.123426
1.19 0.123457
1.2 0.123486
1.21 0.123515
1.22 0.123542
1.23 0.123569
1.24 0.123594
1.25 0.123619
1.26 0.123642
1.27 0.123664
1.28 0.123685
1.29 0.123705
1.3 0.123724
1.31 0.123741
1.32 0.123757
1.33 0.123772
1.34 0.123786
1.35 0.123798
1.36 0.123809
1.37 0.123819
1.38 0.123827
1.39 0.123834
1.4 0.12384
1.41 0.123844
1.42 0.123846
1.43 0.123847
1.44 0.123847
1.45 0.123845
1.46 0.123842
1.47 0.123837
1.48 0.12383
1.49 0.123822
1.5 0.123812
1.51 0.1238
1.52 0.123787
1.53 0.123772
1.54 0.123756
1.55 0.123737
1.56 0.123717
1.57 0.123695
1.58 0.123672
1.59 0.123646
1.6 0.123619
1.61 0.12359
1.62 0.123559
1.63 0.123526
1.64 0.123491
1.65 0.123455
1.66 0.123416
1.67 0.123376
1.68 0.123333
1.69 0.123289
1.7 0.123242
1.71 0.123194
1.72 0.123143
1.73 0.123091
1.74 0.123036
1.75 0.122979
1.76 0.12292
1.77 0.122859
1.78 0.122796
1.79 0.122731
1.8 0.122664
1.81 0.122595
1.82 0.122523
1.83 0.122449
1.84 0.122373
1.85 0.122295
1.86 0.122214
1.87 0.122132
1.88 0.122047
1.89 0.12196
1.9 0.12187
1.91 0.121778
1.92 0.121684
1.93 0.121588
1.94 0.121489
1.95 0.121388
1.96 0.121285
1.97 0.12118
1.98 0.121072
1.99 0.120961
2 0.120849
2.01 0.120734
2.02 0.120616
2.03 0.120497
2.04 0.120374
2.05 0.12025
2.06 0.120123
2.07 0.119994
2.08 0.119862
2.09 0.119728
2.1 0.119591
2.11 0.119452
2.12 0.119311
2.13 0.119167
2.14 0.11902
2.15 0.118872
2.16 0.118721
2.17 0.118567
2.18 0.118411
2.19 0.118252
2.2 0.118091
2.21 0.117928
2.22 0.117762
2.23 0.117594
2.24 0.117423
2.25 0.11725
2.26 0.117074
2.27 0.116896
2.28 0.116716
2.29 0.116533
2.3 0.116347
2.31 0.11616
2.32 0.115969
2.33 0.115777
2.34 0.115581
2.35 0.115384
2.36 0.115184
2.37 0.114981
2.38 0.114777
2.39 0.114569
2.4 0.11436
2.41 0.114148
2.42 0.113933
2.43 0.113717
2.44 0.113497
2.45 0.113276
2.46 0.113052
2.47 0.112826
2.48 0.112597
2.49 0.112366
2.5 0.112133
2.51 0.111897
2.52 0.111659
2.53 0.111419
2.54 0.111176
2.55 0.110931
2.56 0.110684
2.57 0.110435
2.58 0.110183
2.59 0.109929
2.6 0.109673
2.61 0.109414
2.62 0.109154
2.63 0.108891
2.64 0.108626
2.65 0.108359
2.66 0.108089
2.67 0.107818
2.68 0.107544
2.69 0.107268
2.7 0.10699
2.71 0.10671
2.72 0.106428
2.73 0.106144
2.74 0.105858
2.75 0.10557
2.76 0.105279
2.77 0.104987
2.78 0.104693
2.79 0.104396
2.8 0.104098
2.81 0.103798
2.82 0.103496
2.83 0.103192
2.84 0.102886
2.85 0.102578
2.86 0.102268
2.87 0.101957
2.88 0.101643
2.89 0.101328
2.9 0.101011
2.91 0.100692
2.92 0.100372
2.93 0.100049
2.94 0.0997254
2.95 0.0993997
2.96 0.0990723
2.97 0.0987433
2.98 0.0984126
2.99 0.0980803
3 0.0977464
3.01 0.0974109
3.02 0.0970738
3.03 0.0967352
3.04 0.0963951
3.05 0.0960535
3.06 0.0957104
3.07 0.0953658
3.08 0.0950198
3.09 0.0946724
3.1 0.0943236
3.11 0.0939734
3.12 0.0936218
3.13 0.0932689
3.14 0.0929147
3.15 0.0925592
3.16 0.0922025
3.17 0.0918445
3.18 0.0914853
3.19 0.0911248
3.2 0.0907632
3.21 0.0904005
3.22 0.0900366
3.23 0.0896715
3.24 0.0893054
3.25 0.0889383
3.26 0.0885701
3.27 0.0882008
3.28 0.0878306
3.29 0.0874594
3.3 0.0870872
3.31 0.0867141
3.32 0.0863401
3.33 0.0859652
3.34 0.0855895
3.35 0.0852129
3.36 0.0848355
3.37 0.0844573
3.38 0.0840784
3.39 0.0836987
3.4 0.0833183
3.41 0.0829371
3.42 0.0825553
3.43 0.0821729
3.44 0.0817898
3.45 0.0814061
3.46 0.0810219
3.47 0.0806371
3.48 0.0802517
3.49 0.0798658
3.5 0.0794795
3.51 0.0790927
3.52 0.0787054
3.53 0.0783177
3.54 0.0779297
3.55 0.0775412
3.56 0.0771524
3.57 0.0767633
3.58 0.0763739
3.59 0.0759842
3.6 0.0755942
3.61 0.075204
3.62 0.0748136
3.63 0.074423
3.64 0.0740322
3.65 0.0736413
3.66 0.0732503
3.67 0.0728591
3.68 0.0724679
3.69 0.0720767
3.7 0.0716854
3.71 0.0712941
3.72 0.0709028
3.73 0.0705116
3.74 0.0701204
3.75 0.0697292
3.76 0.0693382
3.77 0.0689473
3.78 0.0685566
3.79 0.068166
3.8 0.0677756
3.81 0.0673854
3.82 0.0669954
3.83 0.0666057
3.84 0.0662163
3.85 0.0658271
3.86 0.0654383
3.87 0.0650498
3.88 0.0646616
3.89 0.0642739
3.9 0.0638865
3.91 0.0634995
3.92 0.063113
3.93 0.0627269
3.94 0.0623413
3.95 0.0619562
3.96 0.0615716
3.97 0.0611875
3.98 0.060804
3.99 0.060421
4 0.0600387
4.01 0.0596569
4.02 0.0592758
4.03 0.0588953
4.04 0.0585155
4.05 0.0581363
4.06 0.0577579
4.07 0.0573801
4.08 0.0570031
4.09 0.0566269
4.1 0.0562514
4.11 0.0558767
4.12 0.0555028
4.13 0.0551298
4.14 0.0547575
4.15 0.0543861
4.16 0.0540156
4.17 0.053646
4.18 0.0532772
4.19 0.0529094
4.2 0.0525425
4.21 0.0521766
4.22 0.0518116
4.23 0.0514476
4.24 0.0510846
4.25 0.0507226
4.26 0.0503617
4.27 0.0500017
4.28 0.0496428
4.29 0.049285
4.3 0.0489282
4.31 0.0485726
4.32 0.048218
4.33 0.0478646
4.34 0.0475123
4.35 0.0471611
4.36 0.0468111
4.37 0.0464623
4.38 0.0461146
4.39 0.0457681
4.4 0.0454229
4.41 0.0450788
4.42 0.044736
4.43 0.0443944
4.44 0.0440541
4.45 0.043715
4.46 0.0433773
4.47 0.0430407
4.48 0.0427055
4.49 0.0423716
4.5 0.042039
4.51 0.0417077
4.52 0.0413778
4.53 0.0410492
4.54 0.040722
4.55 0.0403961
4.56 0.0400716
4.57 0.0397484
4.58 0.0394267
4.59 0.0391063
4.6 0.0387874
4.61 0.0384698
4.62 0.0381537
4.63 0.037839
4.64 0.0375258
4.65 0.037214
4.66 0.0369036
4.67 0.0365947
4.68 0.0362872
4.69 0.0359813
4.7 0.0356768
4.71 0.0353737
4.72 0.0350722
4.73 0.0347722
4.74 0.0344736
4.75 0.0341766
4.76 0.033881
4.77 0.033587
4.78 0.0332945
4.79 0.0330035
4.8 0.0327141
4.81 0.0324262
4.82 0.0321398
4.83 0.031855
4.84 0.0315717
4.85 0.0312899
4.86 0.0310097
4.87 0.0307311
4.88 0.030454
4.89 0.0301785
4.9 0.0299045
4.91 0.0296321
4.92 0.0293613
4.93 0.0290921
4.94 0.0288244
4.95 0.0285583
4.96 0.0282937
4.97 0.0280308
4.98 0.0277694
4.99 0.0275096
5 0.0272514
5.01 0.0269948
5.02 0.0267398
5.03 0.0264863
5.04 0.0262344
5.05 0.0259842
5.06 0.0257355
5.07 0.0254884
5.08 0.0252428
5.09 0.0249989
5.1 0.0247566
5.11 0.0245158
5.12 0.0242766
5.13 0.024039
5.14 0.023803
5.15 0.0235686
5.16 0.0233358
5.17 0.0231045
5.18 0.0228748
5.19 0.0226467
5.2 0.0224202
5.21 0.0221952
5.22 0.0219718
5.23 0.02175
5.24 0.0215298
5.25 0.0213111
5.26 0.021094
5.27 0.0208784
5.28 0.0206644
5.29 0.0204519
5.3 0.0202411
5.31 0.0200317
5.32 0.0198239
5.33 0.0196177
5.34 0.0194129
5.35 0.0192098
5.36 0.0190081
5.37 0.018808
5.38 0.0186094
5.39 0.0184124
5.4 0.0182168
5.41 0.0180228
5.42 0.0178302
5.43 0.0176392
5.44 0.0174497
5.45 0.0172617
5.46 0.0170752
5.47 0.0168901
5.48 0.0167066
5.49 0.0165245
5.5 0.0163439
5.51 0.0161647
5.52 0.0159871
5.53 0.0158108
5.54 0.0156361
5.55 0.0154628
5.56 0.0152909
5.57 0.0151205
5.58 0.0149515
5.59 0.0147839
5.6 0.0146177
5.61 0.014453
5.62 0.0142897
5.63 0.0141278
5.64 0.0139672
5.65 0.0138081
5.66 0.0136504
5.67 0.013494
5.68 0.013339
5.69 0.0131854
5.7 0.0130331
5.71 0.0128822
5.72 0.0127326
5.73 0.0125844
5.74 0.0124375
5.75 0.012292
5.76 0.0121478
5.77 0.0120049
5.78 0.0118633
5.79 0.011723
5.8 0.011584
5.81 0.0114462
5.82 0.0113098
5.83 0.0111747
5.84 0.0110408
5.85 0.0109082
5.86 0.0107768
5.87 0.0106467
5.88 0.0105178
5.89 0.0103902
5.9 0.0102638
5.91 0.0101386
5.92 0.0100146
5.93 0.00989181
5.94 0.00977024
5.95 0.00964986
5.96 0.00953067
5.97 0.00941265
5.98 0.0092958
5.99 0.00918012
