-6 6.76726e-06
-5.99 7.0867e-06
-5.98 7.42044e-06
-5.97 7.76909e-06
-5.96 8.13329e-06
-5.95 8.51367e-06
-5.94 8.91092e-06
-5.93 9.32575e-06
-5.92 9.75887e-06
-5.91 1.02111e-05
-5.9 1.06831e-05
-5.89 1.11758e-05
-5.88 1.169e-05
-5.87 1.22266e-05
-5.86 1.27865e-05
-5.85 1.33707e-05
-5.84 1.39801e-05
-5.83 1.46157e-05
-5.82 1.52787e-05
-5.81 1.59701e-05
-5.8 1.66911e-05
-5.79 1.74428e-05
-5.78 1.82265e-05
-5.77 1.90434e-05
-5.76 1.98949e-05
-5.75 2.07823e-05
-5.74 2.1707e-05
-5.73 2.26706e-05
-5.72 2.36744e-05
-5.71 2.47201e-05
-5.7 2.58094e-05
-5.69 2.69439e-05
-5.68 2.81253e-05
-5.67 2.93555e-05
-5.66 3.06363e-05
-5.65 3.19697e-05
-5.64 3.33577e-05
-5.63 3.48023e-05
-5.62 3.63058e-05
-5.61 3.78702e-05
-5.6 3.9498e-05
-5.59 4.11915e-05
-5.58 4.29532e-05
-5.57 4.47856e-05
-5.56 4.66913e-05
-5.55 4.8673e-05
-5.54 5.07337e-05
-5.53 5.28761e-05
-5.52 5.51032e-05
-5.51 5.74182e-05
-5.5 5.98243e-05
-5.49 6.23248e-05
-5.48 6.4923e-05
-5.47 6.76226e-05
-5.46 7.04271e-05
-5.45 7.33403e-05
-5.44 7.63662e-05
-5.43 7.95087e-05
-5.42 8.27719e-05
-5.41 8.61601e-05
-5.4 8.96777e-05
-5.39 9.33293e-05
-5.38 9.71195e-05
-5.37 0.000101053
-5.36 0.000105135
-5.35 0.000109371
-5.34 0.000113766
-5.33 0.000118324
-5.32 0.000123053
-5.31 0.000127958
-5.3 0.000133044
-5.29 0.000138318
-5.28 0.000143787
-5.27 0.000149456
-5.26 0.000155332
-5.25 0.000161423
-5.24 0.000167735
-5.23 0.000174277
-5.22 0.000181054
-5.21 0.000188076
-5.2 0.000195349
-5.19 0.000202883
-5.18 0.000210686
-5.17 0.000218766
-5.16 0.000227133
-5.15 0.000235795
-5.14 0.000244762
-5.13 0.000254044
-5.12 0.00026365
-5.11 0.000273592
-5.1 0.000283879
-5.09 0.000294522
-5.08 0.000305532
-5.07 0.000316922
-5.06 0.000328702
-5.05 0.000340884
-5.04 0.000353482
-5.03 0.000366507
-5.02 0.000379973
-5.01 0.000393892
-5 0.00040828
-4.99 0.000423149
-4.98 0.000438514
-4.97 0.00045439
-4.96 0.000470792
-4.95 0.000487736
-4.94 0.000505237
-4.93 0.000523312
-4.92 0.000541978
-4.91 0.000561251
-4.9 0.000581149
-4.89 0.000601691
-4.88 0.000622894
-4.87 0.000644778
-4.86 0.000667361
-4.85 0.000690664
-4.84 0.000714707
-4.83 0.00073951
-4.82 0.000765094
-4.81 0.000791482
-4.8 0.000818695
-4.79 0.000846756
-4.78 0.000875689
-4.77 0.000905516
-4.76 0.000936262
-4.75 0.000967952
-4.74 0.00100061
-4.73 0.00103426
-4.72 0.00106894
-4.71 0.00110466
-4.7 0.00114146
-4.69 0.00117936
-4.68 0.0012184
-4.67 0.0012586
-4.66 0.00129999
-4.65 0.0013426
-4.64 0.00138646
-4.63 0.00143161
-4.62 0.00147807
-4.61 0.00152589
-4.6 0.00157509
-4.59 0.00162571
-4.58 0.00167778
-4.57 0.00173134
-4.56 0.00178642
-4.55 0.00184307
-4.54 0.00190131
-4.53 0.0019612
-4.52 0.00202276
-4.51 0.00208603
-4.5 0.00215107
-4.49 0.0022179
-4.48 0.00228657
-4.47 0.00235712
-4.46 0.0024296
-4.45 0.00250405
-4.44 0.00258051
-4.43 0.00265903
-4.42 0.00273966
-4.41 0.00282243
-4.4 0.00290741
-4.39 0.00299464
-4.38 0.00308417
-4.37 0.00317604
-4.36 0.00327031
-4.35 0.00336704
-4.34 0.00346626
-4.33 0.00356804
-4.32 0.00367242
-4.31 0.00377947
-4.3 0.00388924
-4.29 0.00400178
-4.28 0.00411715
-4.27 0.00423541
-4.26 0.00435662
-4.25 0.00448082
-4.24 0.0046081
-4.23 0.0047385
-4.22 0.00487208
-4.21 0.00500891
-4.2 0.00514905
-4.19 0.00529257
-4.18 0.00543952
-4.17 0.00558997
-4.16 0.00574399
-4.15 0.00590164
-4.14 0.00606299
-4.13 0.00622811
-4.12 0.00639706
-4.11 0.00656992
-4.1 0.00674675
-4.09 0.00692762
-4.08 0.0071126
-4.07 0.00730177
-4.06 0.00749519
-4.05 0.00769294
-4.04 0.00789509
-4.03 0.00810171
-4.02 0.00831288
-4.01 0.00852867
-4 0.00874916
-3.99 0.00897442
-3.98 0.00920452
-3.97 0.00943955
-3.96 0.00967958
-3.95 0.00992468
-3.94 0.0101749
-3.93 0.0104304
-3.92 0.0106912
-3.91 0.0109574
-3.9 0.011229
-3.89 0.0115062
-3.88 0.0117891
-3.87 0.0120776
-3.86 0.0123719
-3.85 0.012672
-3.84 0.0129781
-3.83 0.0132902
-3.82 0.0136084
-3.81 0.0139328
-3.8 0.0142634
-3.79 0.0146004
-3.78 0.0149438
-3.77 0.0152937
-3.76 0.0156501
-3.75 0.0160132
-3.74 0.0163831
-3.73 0.0167597
-3.72 0.0171432
-3.71 0.0175337
-3.7 0.0179313
-3.69 0.0183359
-3.68 0.0187477
-3.67 0.0191668
-3.66 0.0195933
-3.65 0.0200271
-3.64 0.0204684
-3.63 0.0209173
-3.62 0.0213739
-3.61 0.0218381
-3.6 0.0223101
-3.59 0.02279
-3.58 0.0232777
-3.57 0.0237735
-3.56 0.0242773
-3.55 0.0247892
-3.54 0.0253092
-3.53 0.0258376
-3.52 0.0263742
-3.51 0.0269191
-3.5 0.0274725
-3.49 0.0280344
-3.48 0.0286048
-3.47 0.0291837
-3.46 0.0297713
-3.45 0.0303676
-3.44 0.0309727
-3.43 0.0315865
-3.42 0.0322091
-3.41 0.0328407
-3.4 0.0334811
-3.39 0.0341305
-3.38 0.0347889
-3.37 0.0354563
-3.36 0.0361328
-3.35 0.0368184
-3.34 0.0375132
-3.33 0.038217
-3.32 0.0389301
-3.31 0.0396523
-3.3 0.0403838
-3.29 0.0411245
-3.28 0.0418745
-3.27 0.0426337
-3.26 0.0434022
-3.25 0.04418
-3.24 0.044967
-3.23 0.0457634
-3.22 0.046569
-3.21 0.0473839
-3.2 0.0482081
-3.19 0.0490415
-3.18 0.0498842
-3.17 0.0507362
-3.16 0.0515973
-3.15 0.0524676
-3.14 0.0533471
-3.13 0.0542357
-3.12 0.0551334
-3.11 0.0560402
-3.1 0.056956
-3.09 0.0578807
-3.08 0.0588144
-3.07 0.059757
-3.06 0.0607084
-3.05 0.0616686
-3.04 0.0626375
-3.03 0.063615
-3.02 0.0646011
-3.01 0.0655956
-3 0.0665987
-2.99 0.06761
-2.98 0.0686296
-2.97 0.0696574
-2.96 0.0706933
-2.95 0.0717371
-2.94 0.0727888
-2.93 0.0738484
-2.92 0.0749155
-2.91 0.0759903
-2.9 0.0770725
-2.89 0.078162
-2.88 0.0792587
-2.87 0.0803626
-2.86 0.0814733
-2.85 0.0825909
-2.84 0.0837151
-2.83 0.0848459
-2.82 0.0859831
-2.81 0.0871264
-2.8 0.0882759
-2.79 0.0894313
-2.78 0.0905924
-2.77 0.0917592
-2.76 0.0929313
-2.75 0.0941087
-2.74 0.0952912
-2.73 0.0964786
-2.72 0.0976706
-2.71 0.0988672
-2.7 0.100068
-2.69 0.101273
-2.68 0.102482
-2.67 0.103695
-2.66 0.104911
-2.65 0.10613
-2.64 0.107353
-2.63 0.108578
-2.62 0.109806
-2.61 0.111037
-2.6 0.11227
-2.59 0.113504
-2.58 0.114741
-2.57 0.115978
-2.56 0.117218
-2.55 0.118458
-2.54 0.119699
-2.53 0.12094
-2.52 0.122182
-2.51 0.123423
-2.5 0.124665
-2.49 0.125906
-2.48 0.127146
-2.47 0.128385
-2.46 0.129623
-2.45 0.130859
-2.44 0.132094
-2.43 0.133326
-2.42 0.134556
-2.41 0.135784
-2.4 0.137008
-2.39 0.138229
-2.38 0.139447
-2.37 0.140661
-2.36 0.141871
-2.35 0.143077
-2.34 0.144278
-2.33 0.145474
-2.32 0.146665
-2.31 0.14785
-2.3 0.14903
-2.29 0.150204
-2.28 0.151371
-2.27 0.152532
-2.26 0.153686
-2.25 0.154833
-2.24 0.155972
-2.23 0.157103
-2.22 0.158227
-2.21 0.159342
-2.2 0.160448
-2.19 0.161546
-2.18 0.162635
-2.17 0.163714
-2.16 0.164783
-2.15 0.165842
-2.14 0.166891
-2.13 0.16793
-2.12 0.168957
-2.11 0.169974
-2.1 0.170979
-2.09 0.171972
-2.08 0.172954
-2.07 0.173923
-2.06 0.17488
-2.05 0.175824
-2.04 0.176756
-2.03 0.177674
-2.02 0.178579
-2.01 0.17947
-2 0.180347
-1.99 0.18121
-1.98 0.182058
-1.97 0.182892
-1.96 0.183711
-1.95 0.184515
-1.94 0.185304
-1.93 0.186077
-1.92 0.186835
-1.91 0.187576
-1.9 0.188302
-1.89 0.189011
-1.88 0.189704
-1.87 0.19038
-1.86 0.191039
-1.85 0.191681
-1.84 0.192306
-1.83 0.192913
-1.82 0.193503
-1.81 0.194075
-1.8 0.19463
-1.79 0.195166
-1.78 0.195685
-1.77 0.196185
-1.76 0.196666
-1.75 0.19713
-1.74 0.197574
-1.73 0.198
-1.72 0.198407
-1.71 0.198795
-1.7 0.199164
-1.69 0.199514
-1.68 0.199845
-1.67 0.200157
-1.66 0.20045
-1.65 0.200723
-1.64 0.200976
-1.63 0.201211
-1.62 0.201425
-1.61 0.201621
-1.6 0.201797
-1.59 0.201953
-1.58 0.20209
-1.57 0.202207
-1.56 0.202305
-1.55 0.202383
-1.54 0.202442
-1.53 0.202482
-1.52 0.202502
-1.51 0.202502
-1.5 0.202483
-1.49 0.202445
-1.48 0.202388
-1.47 0.202312
-1.46 0.202217
-1.45 0.202103
-1.44 0.201969
-1.43 0.201817
-1.42 0.201647
-1.41 0.201458
-1.4 0.20125
-1.39 0.201025
-1.38 0.200781
-1.37 0.200519
-1.36 0.200239
-1.35 0.199941
-1.34 0.199626
-1.33 0.199294
-1.32 0.198944
-1.31 0.198577
-1.3 0.198194
-1.29 0.197794
-1.28 0.197377
-1.27 0.196944
-1.26 0.196495
-1.25 0.196031
-1.24 0.19555
-1.23 0.195055
-1.22 0.194544
-1.21 0.194019
-1.2 0.193478
-1.19 0.192924
-1.18 0.192355
-1.17 0.191773
-1.16 0.191177
-1.15 0.190567
-1.14 0.189945
-1.13 0.18931
-1.12 0.188662
-1.11 0.188002
-1.1 0.187331
-1.09 0.186647
-1.08 0.185953
-1.07 0.185248
-1.06 0.184532
-1.05 0.183805
-1.04 0.183069
-1.03 0.182323
-1.02 0.181568
-1.01 0.180804
-1 0.180031
-0.99 0.17925
-0.98 0.178461
-0.97 0.177664
-0.96 0.17686
-0.95 0.176049
-0.94 0.175231
-0.93 0.174407
-0.92 0.173578
-0.91 0.172742
-0.9 0.171902
-0.89 0.171057
-0.88 0.170207
-0.87 0.169354
-0.86 0.168497
-0.85 0.167636
-0.84 0.166773
-0.83 0.165906
-0.82 0.165038
-0.81 0.164168
-0.8 0.163296
-0.79 0.162424
-0.78 0.16155
-0.77 0.160677
-0.76 0.159803
-0.75 0.158929
-0.74 0.158057
-0.73 0.157185
-0.72 0.156315
-0.71 0.155447
-0.7 0.154581
-0.69 0.153718
-0.68 0.152857
-0.67 0.152
-0.66 0.151147
-0.65 0.150297
-0.64 0.149452
-0.63 0.148612
-0.62 0.147777
-0.61 0.146947
-0.6 0.146123
-0.59 0.145306
-0.58 0.144494
-0.57 0.14369
-0.56 0.142892
-0.55 0.142103
-0.54 0.141321
-0.53 0.140547
-0.52 0.139781
-0.51 0.139025
-0.5 0.138277
-0.49 0.137539
-0.48 0.136811
-0.47 0.136093
-0.46 0.135385
-0.45 0.134689
-0.44 0.134004
-0.43 0.133331
-0.42 0.13267
-0.41 0.132023
-0.4 0.131391
-0.39 0.130773
-0.38 0.130173
-0.37 0.129591
-0.36 0.12903
-0.35 0.128492
-0.34 0.12798
-0.33 0.127499
-0.32 0.127053
-0.31 0.126648
-0.3 0.126291
-0.29 0.125988
-0.28 0.12575
-0.27 0.125585
-0.26 0.125505
-0.25 0.12552
-0.24 0.125644
-0.23 0.125887
-0.22 0.126263
-0.21 0.126783
-0.2 0.127455
-0.19 0.128289
-0.18 0.12929
-0.17 0.130458
-0.16 0.13179
-0.15 0.13328
-0.14 0.134915
-0.13 0.136675
-0.12 0.138537
-0.11 0.14047
-0.1 0.142441
-0.09 0.14441
-0.08 0.146334
-0.07 0.14817
-0.06 0.149874
-0.05 0.151401
-0.04 0.152713
-0.03 0.153774
-0.02 0.154553
-0.01 0.15503
0 0.155191
0.01 0.15503
0.02 0.154553
0.03 0.153774
0.04 0.152713
0.05 0.151401
0.06 0.149874
0.07 0.14817
0.08 0.146334
0.09 0.14441
0.1 0.142441
0.11 0.14047
0.12 0.138537
0.13 0.136675
0.14 0.134915
0.15 0.13328
0.16 0.13179
0.17 0.130458
0.18 0.12929
0.19 0.128289
0.2 0.127455
0.21 0.126783
0.22 0.126263
0.23 0.125887
0.24 0.125644
0.25 0.12552
0.26 0.125505
0.27 0.125585
0.28 0.12575
0.29 0.125988
0.3 0.126291
0.31 0.126648
0.32 0.127053
0.33 0.127499
0.34 0.12798
0.35 0.128492
0.36 0.12903
0.37 0.129591
0.38 0.130173
0.39 0.130773
0.4 0.131391
0.41 0.132023
0.42 0.13267
0.43 0.133331
0.44 0.134004
0.45 0.134689
0.46 0.135385
0.47 0.136093
0.48 0.136811
0.49 0.137539
0.5 0.138277
0.51 0.139025
0.52 0.139781
0.53 0.140547
0.54 0.141321
0.55 0.142103
0.56 0.142892
0.57 0.14369
0.58 0.144494
0.59 0.145306
0.6 0.146123
0.61 0.146947
0.62 0.147777
0.63 0.148612
0.64 0.149452
0.65 0.150297
0.66 0.151147
0.67 0.152
0.68 0.152857
0.69 0.153718
0.7 0.154581
0.71 0.155447
0.72 0.156315
0.73 0.157185
0.74 0.158057
0.75 0.158929
0.76 0.159803
0.77 0.160677
0.78 0.16155
0.79 0.162424
0.8 0.163296
0.81 0.164168
0.82 0.165038
0.83 0.165906
0.84 0.166773
0.85 0.167636
0.86 0.168497
0.87 0.169354
0.88 0.170207
0.89 0.171057
0.9 0.171902
0.91 0.172742
0.92 0.173578
0.93 0.174407
0.94 0.175231
0.95 0.176049
0.96 0.17686
0.97 0.177664
0.98 0.178461
0.99 0.17925
1 0.180031
1.01 0.180804
1.02 0.181568
1.03 0.182323
1.04 0.183069
1.05 0.183805
1.06 0.184532
1.07 0.185248
1.08 0.185953
1.09 0.186647
1.1 0.187331
1.11 0.188002
1.12 0.188662
1.13 0.18931
1.14 0.189945
1.15 0.190567
1.16 0.191177
1.17 0.191773
1.18 0.192355
1.19 0.192924
1.2 0.193478
1.21 0.194019
1.22 0.194544
1.23 0.195055
1.24 0.19555
1.25 0.196031
1.26 0.196495
1.27 0.196944
1.28 0.197377
1.29 0.197794
1.3 0.198194
1.31 0.198577
1.32 0.198944
1.33 0.199294
1.34 0.199626
1.35 0.199941
1.36 0.200239
1.37 0.200519
1.38 0.200781
1.39 0.201025
1.4 0.20125
1.41 0.201458
1.42 0.201647
1.43 0.201817
1.44 0.201969
1.45 0.202103
1.46 0.202217
1.47 0.202312
1.48 0.202388
1.49 0.202445
1.5 0.202483
1.51 0.202502
1.52 0.202502
1.53 0.202482
1.54 0.202442
1.55 0.202383
1.56 0.202305
1.57 0.202207
1.58 0.20209
1.59 0.201953
1.6 0.201797
1.61 0.201621
1.62 0.201425
1.63 0.201211
1.64 0.200976
1.65 0.200723
1.66 0.20045
1.67 0.200157
1.68 0.199845
1.69 0.199514
1.7 0.199164
1.71 0.198795
1.72 0.198407
1.73 0.198
1.74 0.197574
1.75 0.19713
1.76 0.196666
1.77 0.196185
1.78 0.195685
1.79 0.195166
1.8 0.19463
1.81 0.194075
1.82 0.193503
1.83 0.192913
1.84 0.192306
1.85 0.191681
1.86 0.191039
1.87 0.19038
1.88 0.189704
1.89 0.189011
1.9 0.188302
1.91 0.187576
1.92 0.186835
1.93 0.186077
1.94 0.185304
1.95 0.184515
1.96 0.183711
1.97 0.182892
1.98 0.182058
1.99 0.18121
2 0.180347
2.01 0.17947
2.02 0.178579
2.03 0.177674
2.04 0.176756
2.05 0.175824
2.06 0.17488
2.07 0.173923
2.08 0.172954
2.09 0.171972
2.1 0.170979
2.11 0.169974
2.12 0.168957
2.13 0.16793
2.14 0.166891
2.15 0.165842
2.16 0.164783
2.17 0.163714
2.18 0.162635
2.19 0.161546
2.2 0.160448
2.21 0.159342
2.22 0.158227
2.23 0.157103
2.24 0.155972
2.25 0.154833
2.26 0.153686
2.27 0.152532
2.28 0.151371
2.29 0.150204
2.3 0.14903
2.31 0.14785
2.32 0.146665
2.33 0.145474
2.34 0.144278
2.35 0.143077
2.36 0.141871
2.37 0.140661
2.38 0.139447
2.39 0.138229
2.4 0.137008
2.41 0.135784
2.42 0.134556
2.43 0.133326
2.44 0.132094
2.45 0.130859
2.46 0.129623
2.47 0.128385
2.48 0.127146
2.49 0.125906
2.5 0.124665
2.51 0.123423
2.52 0.122182
2.53 0.12094
2.54 0.119699
2.55 0.118458
2.56 0.117218
2.57 0.115978
2.58 0.114741
2.59 0.113504
2.6 0.11227
2.61 0.111037
2.62 0.109806
2.63 0.108578
2.64 0.107353
2.65 0.10613
2.66 0.104911
2.67 0.103695
2.68 0.102482
2.69 0.101273
2.7 0.100068
2.71 0.0988672
2.72 0.0976706
2.73 0.0964786
2.74 0.0952912
2.75 0.0941087
2.76 0.0929313
2.77 0.0917592
2.78 0.0905924
2.79 0.0894313
2.8 0.0882759
2.81 0.0871264
2.82 0.0859831
2.83 0.0848459
2.84 0.0837151
2.85 0.0825909
2.86 0.0814733
2.87 0.0803626
2.88 0.0792587
2.89 0.078162
2.9 0.0770725
2.91 0.0759903
2.92 0.0749155
2.93 0.0738484
2.94 0.0727888
2.95 0.0717371
2.96 0.0706933
2.97 0.0696574
2.98 0.0686296
2.99 0.06761
3 0.0665987
3.01 0.0655956
3.02 0.0646011
3.03 0.063615
3.04 0.0626375
3.05 0.0616686
3.06 0.0607084
3.07 0.059757
3.08 0.0588144
3.09 0.0578807
3.1 0.056956
3.11 0.0560402
3.12 0.0551334
3.13 0.0542357
3.14 0.0533471
3.15 0.0524676
3.16 0.0515973
3.17 0.0507362
3.18 0.0498842
3.19 0.0490415
3.2 0.0482081
3.21 0.0473839
3.22 0.046569
3.23 0.0457634
3.24 0.044967
3.25 0.04418
3.26 0.0434022
3.27 0.0426337
3.28 0.0418745
3.29 0.0411245
3.3 0.0403838
3.31 0.0396523
3.32 0.0389301
3.33 0.038217
3.34 0.0375132
3.35 0.0368184
3.36 0.0361328
3.37 0.0354563
3.38 0.0347889
3.39 0.0341305
3.4 0.0334811
3.41 0.0328407
3.42 0.0322091
3.43 0.0315865
3.44 0.0309727
3.45 0.0303676
3.46 0.0297713
3.47 0.0291837
3.48 0.0286048
3.49 0.0280344
3.5 0.0274725
3.51 0.0269191
3.52 0.0263742
3.53 0.0258376
3.54 0.0253092
3.55 0.0247892
3.56 0.0242773
3.57 0.0237735
3.58 0.0232777
3.59 0.02279
3.6 0.0223101
3.61 0.0218381
3.62 0.0213739
3.63 0.0209173
3.64 0.0204684
3.65 0.0200271
3.66 0.0195933
3.67 0.0191668
3.68 0.0187477
3.69 0.0183359
3.7 0.0179313
3.71 0.0175337
3.72 0.0171432
3.73 0.0167597
3.74 0.0163831
3.75 0.0160132
3.76 0.0156501
3.77 0.0152937
3.78 0.0149438
3.79 0.0146004
3.8 0.0142634
3.81 0.0139328
3.82 0.0136084
3.83 0.0132902
3.84 0.0129781
3.85 0.012672
3.86 0.0123719
3.87 0.0120776
3.88 0.0117891
3.89 0.0115062
3.9 0.011229
3.91 0.0109574
3.92 0.0106912
3.93 0.0104304
3.94 0.0101749
3.95 0.00992468
3.96 0.00967958
3.97 0.00943955
3.98 0.00920452
3.99 0.00897442
4 0.00874916
4.01 0.00852867
4.02 0.00831288
4.03 0.00810171
4.04 0.00789509
4.05 0.00769294
4.06 0.00749519
4.07 0.00730177
4.08 0.0071126
4.09 0.00692762
4.1 0.00674675
4.11 0.00656992
4.12 0.00639706
4.13 0.00622811
4.14 0.00606299
4.15 0.00590164
4.16 0.00574399
4.17 0.00558997
4.18 0.00543952
4.19 0.00529257
4.2 0.00514905
4.21 0.00500891
4.22 0.00487208
4.23 0.0047385
4.24 0.0046081
4.25 0.00448082
4.26 0.00435662
4.27 0.00423541
4.28 0.00411715
4.29 0.00400178
4.3 0.00388924
4.31 0.00377947
4.32 0.00367242
4.33 0.00356804
4.34 0.00346626
4.35 0.00336704
4.36 0.00327031
4.37 0.00317604
4.38 0.00308417
4.39 0.00299464
4.4 0.00290741
4.41 0.00282243
4.42 0.00273966
4.43 0.00265903
4.44 0.00258051
4.45 0.00250405
4.46 0.0024296
4.47 0.00235712
4.48 0.00228657
4.49 0.0022179
4.5 0.00215107
4.51 0.00208603
4.52 0.00202276
4.53 0.0019612
4.54 0.00190131
4.55 0.00184307
4.56 0.00178642
4.57 0.00173134
4.58 0.00167778
4.59 0.00162571
4.6 0.00157509
4.61 0.00152589
4.62 0.00147807
4.63 0.00143161
4.64 0.00138646
4.65 0.0013426
4.66 0.00129999
4.67 0.0012586
4.68 0.0012184
4.69 0.00117936
4.7 0.00114146
4.71 0.00110466
4.72 0.00106894
4.73 0.00103426
4.74 0.00100061
4.75 0.000967952
4.76 0.000936262
4.77 0.000905516
4.78 0.000875689
4.79 0.000846756
4.8 0.000818695
4.81 0.000791482
4.82 0.000765094
4.83 0.00073951
4.84 0.000714707
4.85 0.000690664
4.86 0.000667361
4.87 0.000644778
4.88 0.000622894
4.89 0.000601691
4.9 0.000581149
4.91 0.000561251
4.92 0.000541978
4.93 0.000523312
4.94 0.000505237
4.95 0.000487736
4.96 0.000470792
4.97 0.00045439
4.98 0.000438514
4.99 0.000423149
5 0.00040828
5.01 0.000393892
5.02 0.000379973
5.03 0.000366507
5.04 0.000353482
5.05 0.000340884
5.06 0.000328702
5.07 0.000316922
5.08 0.000305532
5.09 0.000294522
5.1 0.000283879
5.11 0.000273592
5.12 0.00026365
5.13 0.000254044
5.14 0.000244762
5.15 0.000235795
5.16 0.000227133
5.17 0.000218766
5.18 0.000210686
5.19 0.000202883
5.2 0.000195349
5.21 0.000188076
5.22 0.000181054
5.23 0.000174277
5.24 0.000167735
5.25 0.000161423
5.26 0.000155332
5.27 0.000149456
5.28 0.000143787
5.29 0.000138318
5.3 0.000133044
5.31 0.000127958
5.32 0.000123053
5.33 0.000118324
5.34 0.000113766
5.35 0.000109371
5.36 0.000105135
5.37 0.000101053
5.38 9.71195e-05
5.39 9.33293e-05
5.4 8.96777e-05
5.41 8.61601e-05
5.42 8.27719e-05
5.43 7.95087e-05
5.44 7.63662e-05
5.45 7.33403e-05
5.46 7.04271e-05
5.47 6.76226e-05
5.48 6.4923e-05
5.49 6.23248e-05
5.5 5.98243e-05
5.51 5.74182e-05
5.52 5.51032e-05
5.53 5.28761e-05
5.54 5.07337e-05
5.55 4.8673e-05
5.56 4.66913e-05
5.57 4.47856e-05
5.58 4.29532e-05
5.59 4.11915e-05
5.6 3.9498e-05
5.61 3.78702e-05
5.62 3.63058e-05
5.63 3.48023e-05
5.64 3.33577e-05
5.65 3.19697e-05
5.66 3.06363e-05
5.67 2.93555e-05
5.68 2.81253e-05
5.69 2.69439e-05
5.7 2.58094e-05
5.71 2.47201e-05
5.72 2.36744e-05
5.73 2.26706e-05
5.74 2.1707e-05
5.75 2.07823e-05
5.76 1.98949e-05
5.77 1.90434e-05
5.78 1.82265e-05
5.79 1.74428e-05
5.8 1.66911e-05
5.81 1.59701e-05
5.82 1.52787e-05
5.83 1.46157e-05
5.84 1.39801e-05
5.85 1.33707e-05
5.86 1.27865e-05
5.87 1.22266e-05
5.88 1.169e-05
5.89 1.11758e-05
5.9 1.06831e-05
5.91 1.02111e-05
5.92 9.75887e-06
5.93 9.32575e-06
5.94 8.91092e-06
5.95 8.51367e-06
5.96 8.13329e-06
5.97 7.76909e-06
5.98 7.42044e-06
5.99 7.0867e-06
