-6 0.0115161
-5.99 0.0116428
-5.98 0.0117705
-5.97 0.0118993
-5.96 0.0120291
-5.95 0.0121601
-5.94 0.0122922
-5.93 0.0124253
-5.92 0.0125596
-5.91 0.0126949
-5.9 0.0128314
-5.89 0.012969
-5.88 0.0131077
-5.87 0.0132476
-5.86 0.0133886
-5.85 0.0135307
-5.84 0.013674
-5.83 0.0138184
-5.82 0.0139639
-5.81 0.0141106
-5.8 0.0142585
-5.79 0.0144075
-5.78 0.0145577
-5.77 0.0147091
-5.76 0.0148616
-5.75 0.0150153
-5.74 0.0151702
-5.73 0.0153263
-5.72 0.0154835
-5.71 0.015642
-5.7 0.0158017
-5.69 0.0159625
-5.68 0.0161246
-5.67 0.0162878
-5.66 0.0164523
-5.65 0.016618
-5.64 0.0167849
-5.63 0.0169531
-5.62 0.0171224
-5.61 0.017293
-5.6 0.0174648
-5.59 0.0176379
-5.58 0.0178122
-5.57 0.0179877
-5.56 0.0181644
-5.55 0.0183425
-5.54 0.0185217
-5.53 0.0187022
-5.52 0.018884
-5.51 0.019067
-5.5 0.0192513
-5.49 0.0194368
-5.48 0.0196236
-5.47 0.0198117
-5.46 0.020001
-5.45 0.0201916
-5.44 0.0203834
-5.43 0.0205766
-5.42 0.020771
-5.41 0.0209666
-5.4 0.0211636
-5.39 0.0213618
-5.38 0.0215613
-5.37 0.0217621
-5.36 0.0219642
-5.35 0.0221676
-5.34 0.0223722
-5.33 0.0225781
-5.32 0.0227853
-5.31 0.0229938
-5.3 0.0232036
-5.29 0.0234147
-5.28 0.0236271
-5.27 0.0238407
-5.26 0.0240556
-5.25 0.0242719
-5.24 0.0244894
-5.23 0.0247082
-5.22 0.0249283
-5.21 0.0251497
-5.2 0.0253723
-5.19 0.0255963
-5.18 0.0258215
-5.17 0.0260481
-5.16 0.0262759
-5.15 0.026505
-5.14 0.0267354
-5.13 0.026967
-5.12 0.0272
-5.11 0.0274342
-5.1 0.0276697
-5.09 0.0279065
-5.08 0.0281446
-5.07 0.0283839
-5.06 0.0286245
-5.05 0.0288664
-5.04 0.0291096
-5.03 0.029354
-5.02 0.0295997
-5.01 0.0298466
-5 0.0300948
-4.99 0.0303443
-4.98 0.030595
-4.97 0.030847
-4.96 0.0311002
-4.95 0.0313546
-4.94 0.0316103
-4.93 0.0318673
-4.92 0.0321254
-4.91 0.0323849
-4.9 0.0326455
-4.89 0.0329073
-4.88 0.0331704
-4.87 0.0334347
-4.86 0.0337002
-4.85 0.0339669
-4.84 0.0342348
-4.83 0.034504
-4.82 0.0347743
-4.81 0.0350458
-4.8 0.0353184
-4.79 0.0355923
-4.78 0.0358673
-4.77 0.0361435
-4.76 0.0364209
-4.75 0.0366994
-4.74 0.0369791
-4.73 0.0372599
-4.72 0.0375419
-4.71 0.037825
-4.7 0.0381092
-4.69 0.0383946
-4.68 0.038681
-4.67 0.0389686
-4.66 0.0392573
-4.65 0.039547
-4.64 0.0398379
-4.63 0.0401298
-4.62 0.0404228
-4.61 0.0407169
-4.6 0.0410121
-4.59 0.0413082
-4.58 0.0416055
-4.57 0.0419038
-4.56 0.0422031
-4.55 0.0425034
-4.54 0.0428047
-4.53 0.043107
-4.52 0.0434104
-4.51 0.0437147
-4.5 0.04402
-4.49 0.0443263
-4.48 0.0446335
-4.47 0.0449417
-4.46 0.0452508
-4.45 0.0455608
-4.44 0.0458718
-4.43 0.0461837
-4.42 0.0464965
-4.41 0.0468102
-4.4 0.0471248
-4.39 0.0474402
-4.38 0.0477565
-4.37 0.0480737
-4.36 0.0483917
-4.35 0.0487105
-4.34 0.0490302
-4.33 0.0493507
-4.32 0.049672
-4.31 0.049994
-4.3 0.0503169
-4.29 0.0506405
-4.28 0.0509648
-4.27 0.05129
-4.26 0.0516158
-4.25 0.0519424
-4.24 0.0522696
-4.23 0.0525976
-4.22 0.0529263
-4.21 0.0532556
-4.2 0.0535856
-4.19 0.0539162
-4.18 0.0542475
-4.17 0.0545794
-4.16 0.0549119
-4.15 0.055245
-4.14 0.0555787
-4.13 0.055913
-4.12 0.0562478
-4.11 0.0565832
-4.1 0.0569191
-4.09 0.0572555
-4.08 0.0575924
-4.07 0.0579299
-4.06 0.0582678
-4.05 0.0586061
-4.04 0.0589449
-4.03 0.0592842
-4.02 0.0596239
-4.01 0.059964
-4 0.0603044
-3.99 0.0606453
-3.98 0.0609865
-3.97 0.0613281
-3.96 0.06167
-3.95 0.0620122
-3.94 0.0623548
-3.93 0.0626976
-3.92 0.0630407
-3.91 0.0633841
-3.9 0.0637278
-3.89 0.0640716
-3.88 0.0644157
-3.87 0.06476
-3.86 0.0651044
-3.85 0.0654491
-3.84 0.0657939
-3.83 0.0661388
-3.82 0.0664839
-3.81 0.0668291
-3.8 0.0671743
-3.79 0.0675197
-3.78 0.0678651
-3.77 0.0682106
-3.76 0.0685561
-3.75 0.0689016
-3.74 0.0692471
-3.73 0.0695926
-3.72 0.069938
-3.71 0.0702834
-3.7 0.0706288
-3.69 0.070974
-3.68 0.0713192
-3.67 0.0716643
-3.66 0.0720092
-3.65 0.072354
-3.64 0.0726986
-3.63 0.073043
-3.62 0.0733873
-3.61 0.0737313
-3.6 0.0740751
-3.59 0.0744187
-3.58 0.074762
-3.57 0.075105
-3.56 0.0754478
-3.55 0.0757902
-3.54 0.0761323
-3.53 0.0764741
-3.52 0.0768155
-3.51 0.0771565
-3.5 0.0774971
-3.49 0.0778373
-3.48 0.0781771
-3.47 0.0785165
-3.46 0.0788554
-3.45 0.0791938
-3.44 0.0795318
-3.43 0.0798692
-3.42 0.0802061
-3.41 0.0805425
-3.4 0.0808783
-3.39 0.0812135
-3.38 0.0815482
-3.37 0.0818822
-3.36 0.0822156
-3.35 0.0825484
-3.34 0.0828806
-3.33 0.083212
-3.32 0.0835428
-3.31 0.0838729
-3.3 0.0842022
-3.29 0.0845309
-3.28 0.0848587
-3.27 0.0851858
-3.26 0.0855122
-3.25 0.0858377
-3.24 0.0861624
-3.23 0.0864863
-3.22 0.0868093
-3.21 0.0871315
-3.2 0.0874528
-3.19 0.0877732
-3.18 0.0880927
-3.17 0.0884113
-3.16 0.088729
-3.15 0.0890457
-3.14 0.0893614
-3.13 0.0896762
-3.12 0.0899899
-3.11 0.0903026
-3.1 0.0906144
-3.09 0.090925
-3.08 0.0912347
-3.07 0.0915432
-3.06 0.0918507
-3.05 0.092157
-3.04 0.0924623
-3.03 0.0927664
-3.02 0.0930694
-3.01 0.0933712
-3 0.0936719
-2.99 0.0939714
-2.98 0.0942697
-2.97 0.0945668
-2.96 0.0948626
-2.95 0.0951572
-2.94 0.0954506
-2.93 0.0957427
-2.92 0.0960336
-2.91 0.0963231
-2.9 0.0966114
-2.89 0.0968983
-2.88 0.0971839
-2.87 0.0974682
-2.86 0.0977511
-2.85 0.0980327
-2.84 0.0983129
-2.83 0.0985917
-2.82 0.0988692
-2.81 0.0991452
-2.8 0.0994198
-2.79 0.099693
-2.78 0.0999647
-2.77 0.100235
-2.76 0.100504
-2.75 0.100771
-2.74 0.101037
-2.73 0.101301
-2.72 0.101564
-2.71 0.101826
-2.7 0.102085
-2.69 0.102344
-2.68 0.102601
-2.67 0.102856
-2.66 0.103109
-2.65 0.103362
-2.64 0.103612
-2.63 0.103861
-2.62 0.104108
-2.61 0.104354
-2.6 0.104598
-2.59 0.104841
-2.58 0.105082
-2.57 0.105321
-2.56 0.105559
-2.55 0.105795
-2.54 0.106029
-2.53 0.106262
-2.52 0.106493
-2.51 0.106722
-2.5 0.10695
-2.49 0.107176
-2.48 0.1074
-2.47 0.107623
-2.46 0.107843
-2.45 0.108063
-2.44 0.10828
-2.43 0.108496
-2.42 0.10871
-2.41 0.108922
-2.4 0.109133
-2.39 0.109342
-2.38 0.109549
-2.37 0.109754
-2.36 0.109958
-2.35 0.11016
-2.34 0.11036
-2.33 0.110558
-2.32 0.110755
-2.31 0.11095
-2.3 0.111143
-2.29 0.111334
-2.28 0.111524
-2.27 0.111712
-2.26 0.111898
-2.25 0.112082
-2.24 0.112265
-2.23 0.112445
-2.22 0.112624
-2.21 0.112801
-2.2 0.112977
-2.19 0.113151
-2.18 0.113322
-2.17 0.113493
-2.16 0.113661
-2.15 0.113827
-2.14 0.113992
-2.13 0.114155
-2.12 0.114317
-2.11 0.114476
-2.1 0.114634
-2.09 0.11479
-2.08 0.114944
-2.07 0.115096
-2.06 0.115247
-2.05 0.115396
-2.04 0.115543
-2.03 0.115689
-2.02 0.115832
-2.01 0.115974
-2 0.116115
-1.99 0.116253
-1.98 0.11639
-1.97 0.116525
-1.96 0.116658
-1.95 0.11679
-1.94 0.11692
-1.93 0.117048
-1.92 0.117175
-1.91 0.117299
-1.9 0.117423
-1.89 0.117544
-1.88 0.117664
-1.87 0.117782
-1.86 0.117898
-1.85 0.118013
-1.84 0.118126
-1.83 0.118238
-1.82 0.118347
-1.81 0.118456
-1.8 0.118562
-1.79 0.118667
-1.78 0.11877
-1.77 0.118872
-1.76 0.118972
-1.75 0.119071
-1.74 0.119168
-1.73 0.119263
-1.72 0.119357
-1.71 0.11945
-1.7 0.11954
-1.69 0.11963
-1.68 0.119717
-1.67 0.119804
-1.66 0.119888
-1.65 0.119971
-1.64 0.120053
-1.63 0.120133
-1.62 0.120212
-1.61 0.120289
-1.6 0.120365
-1.59 0.12044
-1.58 0.120513
-1.57 0.120584
-1.56 0.120655
-1.55 0.120723
-1.54 0.120791
-1.53 0.120857
-1.52 0.120922
-1.51 0.120985
-1.5 0.121047
-1.49 0.121108
-1.48 0.121167
-1.47 0.121225
-1.46 0.121282
-1.45 0.121338
-1.44 0.121392
-1.43 0.121445
-1.42 0.121497
-1.41 0.121547
-1.4 0.121597
-1.39 0.121645
-1.38 0.121692
-1.37 0.121737
-1.36 0.121782
-1.35 0.121826
-1.34 0.121868
-1.33 0.121909
-1.32 0.121949
-1.31 0.121988
-1.3 0.122026
-1.29 0.122063
-1.28 0.122099
-1.27 0.122134
-1.26 0.122167
-1.25 0.1222
-1.24 0.122232
-1.23 0.122262
-1.22 0.122292
-1.21 0.122321
-1.2 0.122349
-1.19 0.122376
-1.18 0.122402
-1.17 0.122427
-1.16 0.122451
-1.15 0.122474
-1.14 0.122497
-1.13 0.122518
-1.12 0.122539
-1.11 0.122559
-1.1 0.122578
-1.09 0.122596
-1.08 0.122614
-1.07 0.122631
-1.06 0.122647
-1.05 0.122662
-1.04 0.122677
-1.03 0.12269
-1.02 0.122704
-1.01 0.122716
-1 0.122728
-0.99 0.122739
-0.98 0.12275
-0.97 0.122759
-0.96 0.122769
-0.95 0.122777
-0.94 0.122786
-0.93 0.122793
-0.92 0.1228
-0.91 0.122806
-0.9 0.122812
-0.89 0.122818
-0.88 0.122822
-0.87 0.122827
-0.86 0.122831
-0.85 0.122834
-0.84 0.122837
-0.83 0.12284
-0.82 0.122842
-0.81 0.122843
-0.8 0.122845
-0.79 0.122846
-0.78 0.122846
-0.77 0.122846
-0.76 0.122846
-0.75 0.122846
-0.74 0.122845
-0.73 0.122844
-0.72 0.122842
-0.71 0.12284
-0.7 0.122838
-0.69 0.122836
-0.68 0.122833
-0.67 0.122831
-0.66 0.122828
-0.65 0.122824
-0.64 0.122821
-0.63 0.122817
-0.62 0.122814
-0.61 0.12281
-0.6 0.122805
-0.59 0.122801
-0.58 0.122797
-0.57 0.122792
-0.56 0.122787
-0.55 0.122782
-0.54 0.122778
-0.53 0.122773
-0.52 0.122767
-0.51 0.122762
-0.5 0.122757
-0.49 0.122752
-0.48 0.122746
-0.47 0.122741
-0.46 0.122736
-0.45 0.12273
-0.44 0.122725
-0.43 0.122719
-0.42 0.122714
-0.41 0.122709
-0.4 0.122703
-0.39 0.122698
-0.38 0.122693
-0.37 0.122687
-0.36 0.122682
-0.35 0.122677
-0.34 0.122672
-0.33 0.122667
-0.32 0.122662
-0.31 0.122657
-0.3 0.122652
-0.29 0.122648
-0.28 0.122643
-0.27 0.122639
-0.26 0.122634
-0.25 0.12263
-0.24 0.122626
-0.23 0.122622
-0.22 0.122618
-0.21 0.122615
-0.2 0.122611
-0.19 0.122608
-0.18 0.122604
-0.17 0.122601
-0.16 0.122599
-0.15 0.122596
-0.14 0.122594
-0.13 0.122592
-0.12 0.122592
-0.11 0.122594
-0.1 0.122599
-0.09 0.122611
-0.08 0.122631
-0.07 0.122661
-0.06 0.122704
-0.05 0.122758
-0.04 0.12282
-0.03 0.122882
-0.02 0.122937
-0.01 0.122974
0 0.122988
0.01 0.122974
0.02 0.122937
0.03 0.122882
0.04 0.12282
0.05 0.122758
0.06 0.122704
0.07 0.122661
0.08 0.122631
0.09 0.122611
0.1 0.122599
0.11 0.122594
0.12 0.122592
0.13 0.122592
0.14 0.122594
0.15 0.122596
0.16 0.122599
0.17 0.122601
0.18 0.122604
0.19 0.122608
0.2 0.122611
0.21 0.122615
0.22 0.122618
0.23 0.122622
0.24 0.122626
0.25 0.12263
0.26 0.122634
0.27 0.122639
0.28 0.122643
0.29 0.122648
0.3 0.122652
0.31 0.122657
0.32 0.122662
0.33 0.122667
0.34 0.122672
0.35 0.122677
0.36 0.122682
0.37 0.122687
0.38 0.122693
0.39 0.122698
0.4 0.122703
0.41 0.122709
0.42 0.122714
0.43 0.122719
0.44 0.122725
0.45 0.12273
0.46 0.122736
0.47 0.122741
0.48 0.122746
0.49 0.122752
0.5 0.122757
0.51 0.122762
0.52 0.122767
0.53 0.122773
0.54 0.122778
0.55 0.122782
0.56 0.122787
0.57 0.122792
0.58 0.122797
0.59 0.122801
0.6 0.122805
0.61 0.12281
0.62 0.122814
0.63 0.122817
0.64 0.122821
0.65 0.122824
0.66 0.122828
0.67 0.122831
0.68 0.122833
0.69 0.122836
0.7 0.122838
0.71 0.12284
0.72 0.122842
0.73 0.122844
0.74 0.122845
0.75 0.122846
0.76 0.122846
0.77 0.122846
0.78 0.122846
0.79 0.122846
0.8 0.122845
0.81 0.122843
0.82 0.122842
0.83 0.12284
0.84 0.122837
0.85 0.122834
0.86 0.122831
0.87 0.122827
0.88 0.122822
0.89 0.122818
0.9 0.122812
0.91 0.122806
0.92 0.1228
0.93 0.122793
0.94 0.122786
0.95 0.122777
0.96 0.122769
0.97 0.122759
0.98 0.12275
0.99 0.122739
1 0.122728
1.01 0.122716
1.02 0.122704
1.03 0.12269
1.04 0.122677
1.05 0.122662
1.06 0.122647
1.07 0.122631
1.08 0.122614
1.09 0.122596
1.1 0.122578
1.11 0.122559
1.12 0.122539
1.13 0.122518
1.14 0.122497
1.15 0.122474
1.16 0.122451
1.17 0.122427
1.18 0.122402
1.19 0.122376
1.2 0.122349
1.21 0.122321
1.22 0.122292
1.23 0.122262
1.24 0.122232
1.25 0.1222
1.26 0.122167
1.27 0.122134
1.28 0.122099
1.29 0.122063
1.3 0.122026
1.31 0.121988
1.32 0.121949
1.33 0.121909
1.34 0.121868
1.35 0.121826
1.36 0.121782
1.37 0.121737
1.38 0.121692
1.39 0.121645
1.4 0.121597
1.41 0.121547
1.42 0.121497
1.43 0.121445
1.44 0.121392
1.45 0.121338
1.46 0.121282
1.47 0.121225
1.48 0.121167
1.49 0.121108
1.5 0.121047
1.51 0.120985
1.52 0.120922
1.53 0.120857
1.54 0.120791
1.55 0.120723
1.56 0.120655
1.57 0.120584
1.58 0.120513
1.59 0.12044
1.6 0.120365
1.61 0.120289
1.62 0.120212
1.63 0.120133
1.64 0.120053
1.65 0.119971
1.66 0.119888
1.67 0.119804
1.68 0.119717
1.69 0.11963
1.7 0.11954
1.71 0.11945
1.72 0.119357
1.73 0.119263
1.74 0.119168
1.75 0.119071
1.76 0.118972
1.77 0.118872
1.78 0.11877
1.79 0.118667
1.8 0.118562
1.81 0.118456
1.82 0.118347
1.83 0.118238
1.84 0.118126
1.85 0.118013
1.86 0.117898
1.87 0.117782
1.88 0.117664
1.89 0.117544
1.9 0.117423
1.91 0.117299
1.92 0.117175
1.93 0.117048
1.94 0.11692
1.95 0.11679
1.96 0.116658
1.97 0.116525
1.98 0.11639
1.99 0.116253
2 0.116115
2.01 0.115974
2.02 0.115832
2.03 0.115689
2.04 0.115543
2.05 0.115396
2.06 0.115247
2.07 0.115096
2.08 0.114944
2.09 0.11479
2.1 0.114634
2.11 0.114476
2.12 0.114317
2.13 0.114155
2.14 0.113992
2.15 0.113827
2.16 0.113661
2.17 0.113493
2.18 0.113322
2.19 0.113151
2.2 0.112977
2.21 0.112801
2.22 0.112624
2.23 0.112445
2.24 0.112265
2.25 0.112082
2.26 0.111898
2.27 0.111712
2.28 0.111524
2.29 0.111334
2.3 0.111143
2.31 0.11095
2.32 0.110755
2.33 0.110558
2.34 0.11036
2.35 0.11016
2.36 0.109958
2.37 0.109754
2.38 0.109549
2.39 0.109342
2.4 0.109133
2.41 0.108922
2.42 0.10871
2.43 0.108496
2.44 0.10828
2.45 0.108063
2.46 0.107843
2.47 0.107623
2.48 0.1074
2.49 0.107176
2.5 0.10695
2.51 0.106722
2.52 0.106493
2.53 0.106262
2.54 0.106029
2.55 0.105795
2.56 0.105559
2.57 0.105321
2.58 0.105082
2.59 0.104841
2.6 0.104598
2.61 0.104354
2.62 0.104108
2.63 0.103861
2.64 0.103612
2.65 0.103362
2.66 0.103109
2.67 0.102856
2.68 0.102601
2.69 0.102344
2.7 0.102085
2.71 0.101826
2.72 0.101564
2.73 0.101301
2.74 0.101037
2.75 0.100771
2.76 0.100504
2.77 0.100235
2.78 0.0999647
2.79 0.099693
2.8 0.0994198
2.81 0.0991452
2.82 0.0988692
2.83 0.0985917
2.84 0.0983129
2.85 0.0980327
2.86 0.0977511
2.87 0.0974682
2.88 0.0971839
2.89 0.0968983
2.9 0.0966114
2.91 0.0963231
2.92 0.0960336
2.93 0.0957427
2.94 0.0954506
2.95 0.0951572
2.96 0.0948626
2.97 0.0945668
2.98 0.0942697
2.99 0.0939714
3 0.0936719
3.01 0.0933712
3.02 0.0930694
3.03 0.0927664
3.04 0.0924623
3.05 0.092157
3.06 0.0918507
3.07 0.0915432
3.08 0.0912347
3.09 0.090925
3.1 0.0906144
3.11 0.0903026
3.12 0.0899899
3.13 0.0896762
3.14 0.0893614
3.15 0.0890457
3.16 0.088729
3.17 0.0884113
3.18 0.0880927
3.19 0.0877732
3.2 0.0874528
3.21 0.0871315
3.22 0.0868093
3.23 0.0864863
3.24 0.0861624
3.25 0.0858377
3.26 0.0855122
3.27 0.0851858
3.28 0.0848587
3.29 0.0845309
3.3 0.0842022
3.31 0.0838729
3.32 0.0835428
3.33 0.083212
3.34 0.0828806
3.35 0.0825484
3.36 0.0822156
3.37 0.0818822
3.38 0.0815482
3.39 0.0812135
3.4 0.0808783
3.41 0.0805425
3.42 0.0802061
3.43 0.0798692
3.44 0.0795318
3.45 0.0791938
3.46 0.0788554
3.47 0.0785165
3.48 0.0781771
3.49 0.0778373
3.5 0.0774971
3.51 0.0771565
3.52 0.0768155
3.53 0.0764741
3.54 0.0761323
3.55 0.0757902
3.56 0.0754478
3.57 0.075105
3.58 0.074762
3.59 0.0744187
3.6 0.0740751
3.61 0.0737313
3.62 0.0733873
3.63 0.073043
3.64 0.0726986
3.65 0.072354
3.66 0.0720092
3.67 0.0716643
3.68 0.0713192
3.69 0.070974
3.7 0.0706288
3.71 0.0702834
3.72 0.069938
3.73 0.0695926
3.74 0.0692471
3.75 0.0689016
3.76 0.0685561
3.77 0.0682106
3.78 0.0678651
3.79 0.0675197
3.8 0.0671743
3.81 0.0668291
3.82 0.0664839
3.83 0.0661388
3.84 0.0657939
3.85 0.0654491
3.86 0.0651044
3.87 0.06476
3.88 0.0644157
3.89 0.0640716
3.9 0.0637278
3.91 0.0633841
3.92 0.0630407
3.93 0.0626976
3.94 0.0623548
3.95 0.0620122
3.96 0.06167
3.97 0.0613281
3.98 0.0609865
3.99 0.0606453
4 0.0603044
4.01 0.059964
4.02 0.0596239
4.03 0.0592842
4.04 0.0589449
4.05 0.0586061
4.06 0.0582678
4.07 0.0579299
4.08 0.0575924
4.09 0.0572555
4.1 0.0569191
4.11 0.0565832
4.12 0.0562478
4.13 0.055913
4.14 0.0555787
4.15 0.055245
4.16 0.0549119
4.17 0.0545794
4.18 0.0542475
4.19 0.0539162
4.2 0.0535856
4.21 0.0532556
4.22 0.0529263
4.23 0.0525976
4.24 0.0522696
4.25 0.0519424
4.26 0.0516158
4.27 0.05129
4.28 0.0509648
4.29 0.0506405
4.3 0.0503169
4.31 0.049994
4.32 0.049672
4.33 0.0493507
4.34 0.0490302
4.35 0.0487105
4.36 0.0483917
4.37 0.0480737
4.38 0.0477565
4.39 0.0474402
4.4 0.0471248
4.41 0.0468102
4.42 0.0464965
4.43 0.0461837
4.44 0.0458718
4.45 0.0455608
4.46 0.0452508
4.47 0.0449417
4.48 0.0446335
4.49 0.0443263
4.5 0.04402
4.51 0.0437147
4.52 0.0434104
4.53 0.043107
4.54 0.0428047
4.55 0.0425034
4.56 0.0422031
4.57 0.0419038
4.58 0.0416055
4.59 0.0413082
4.6 0.0410121
4.61 0.0407169
4.62 0.0404228
4.63 0.0401298
4.64 0.0398379
4.65 0.039547
4.66 0.0392573
4.67 0.0389686
4.68 0.038681
4.69 0.0383946
4.7 0.0381092
4.71 0.037825
4.72 0.0375419
4.73 0.0372599
4.74 0.0369791
4.75 0.0366994
4.76 0.0364209
4.77 0.0361435
4.78 0.0358673
4.79 0.0355923
4.8 0.0353184
4.81 0.0350458
4.82 0.0347743
4.83 0.034504
4.84 0.0342348
4.85 0.0339669
4.86 0.0337002
4.87 0.0334347
4.88 0.0331704
4.89 0.0329073
4.9 0.0326455
4.91 0.0323849
4.92 0.0321254
4.93 0.0318673
4.94 0.0316103
4.95 0.0313546
4.96 0.0311002
4.97 0.030847
4.98 0.030595
4.99 0.0303443
5 0.0300948
5.01 0.0298466
5.02 0.0295997
5.03 0.029354
5.04 0.0291096
5.05 0.0288664
5.06 0.0286245
5.07 0.0283839
5.08 0.0281446
5.09 0.0279065
5.1 0.0276697
5.11 0.0274342
5.12 0.0272
5.13 0.026967
5.14 0.0267354
5.15 0.026505
5.16 0.0262759
5.17 0.0260481
5.18 0.0258215
5.19 0.0255963
5.2 0.0253723
5.21 0.0251497
5.22 0.0249283
5.23 0.0247082
5.24 0.0244894
5.25 0.0242719
5.26 0.0240556
5.27 0.0238407
5.28 0.0236271
5.29 0.0234147
5.3 0.0232036
5.31 0.0229938
5.32 0.0227853
5.33 0.0225781
5.34 0.0223722
5.35 0.0221676
5.36 0.0219642
5.37 0.0217621
5.38 0.0215613
5.39 0.0213618
5.4 0.0211636
5.41 0.0209666
5.42 0.020771
5.43 0.0205766
5.44 0.0203834
5.45 0.0201916
5.46 0.020001
5.47 0.0198117
5.48 0.0196236
5.49 0.0194368
5.5 0.0192513
5.51 0.019067
5.52 0.018884
5.53 0.0187022
5.54 0.0185217
5.55 0.0183425
5.56 0.0181644
5.57 0.0179877
5.58 0.0178122
5.59 0.0176379
5.6 0.0174648
5.61 0.017293
5.62 0.0171224
5.63 0.0169531
5.64 0.0167849
5.65 0.016618
5.66 0.0164523
5.67 0.0162878
5.68 0.0161246
5.69 0.0159625
5.7 0.0158017
5.71 0.015642
5.72 0.0154835
5.73 0.0153263
5.74 0.0151702
5.75 0.0150153
5.76 0.0148616
5.77 0.0147091
5.78 0.0145577
5.79 0.0144075
5.8 0.0142585
5.81 0.0141106
5.82 0.0139639
5.83 0.0138184
5.84 0.013674
5.85 0.0135307
5.86 0.0133886
5.87 0.0132476
5.88 0.0131077
5.89 0.012969
5.9 0.0128314
5.91 0.0126949
5.92 0.0125596
5.93 0.0124253
5.94 0.0122922
5.95 0.0121601
5.96 0.0120291
5.97 0.0118993
5.98 0.0117705
5.99 0.0116428
