-6 0.000397296
-5.99 0.000410907
-5.98 0.000424941
-5.97 0.00043941
-5.96 0.000454327
-5.95 0.000469703
-5.94 0.000485551
-5.93 0.000501883
-5.92 0.000518712
-5.91 0.000536053
-5.9 0.000553917
-5.89 0.00057232
-5.88 0.000591274
-5.87 0.000610795
-5.86 0.000630898
-5.85 0.000651597
-5.84 0.000672907
-5.83 0.000694845
-5.82 0.000717426
-5.81 0.000740667
-5.8 0.000764585
-5.79 0.000789195
-5.78 0.000814517
-5.77 0.000840566
-5.76 0.000867362
-5.75 0.000894922
-5.74 0.000923266
-5.73 0.000952412
-5.72 0.00098238
-5.71 0.00101319
-5.7 0.00104486
-5.69 0.00107741
-5.68 0.00111087
-5.67 0.00114525
-5.66 0.00118058
-5.65 0.00121687
-5.64 0.00125415
-5.63 0.00129245
-5.62 0.00133179
-5.61 0.00137218
-5.6 0.00141366
-5.59 0.00145624
-5.58 0.00149996
-5.57 0.00154483
-5.56 0.00159089
-5.55 0.00163816
-5.54 0.00168667
-5.53 0.00173643
-5.52 0.00178749
-5.51 0.00183986
-5.5 0.00189358
-5.49 0.00194867
-5.48 0.00200517
-5.47 0.0020631
-5.46 0.00212248
-5.45 0.00218336
-5.44 0.00224576
-5.43 0.00230971
-5.42 0.00237525
-5.41 0.0024424
-5.4 0.0025112
-5.39 0.00258168
-5.38 0.00265387
-5.37 0.00272781
-5.36 0.00280353
-5.35 0.00288106
-5.34 0.00296044
-5.33 0.0030417
-5.32 0.00312488
-5.31 0.00321001
-5.3 0.00329714
-5.29 0.00338629
-5.28 0.00347751
-5.27 0.00357082
-5.26 0.00366627
-5.25 0.0037639
-5.24 0.00386374
-5.23 0.00396584
-5.22 0.00407022
-5.21 0.00417694
-5.2 0.00428603
-5.19 0.00439752
-5.18 0.00451147
-5.17 0.00462791
-5.16 0.00474688
-5.15 0.00486842
-5.14 0.00499257
-5.13 0.00511938
-5.12 0.00524889
-5.11 0.00538114
-5.1 0.00551616
-5.09 0.00565402
-5.08 0.00579474
-5.07 0.00593837
-5.06 0.00608495
-5.05 0.00623453
-5.04 0.00638715
-5.03 0.00654285
-5.02 0.00670169
-5.01 0.00686369
-5 0.00702891
-4.99 0.00719739
-4.98 0.00736917
-4.97 0.0075443
-4.96 0.00772282
-4.95 0.00790478
-4.94 0.00809023
-4.93 0.00827919
-4.92 0.00847173
-4.91 0.00866789
-4.9 0.0088677
-4.89 0.00907121
-4.88 0.00927848
-4.87 0.00948953
-4.86 0.00970442
-4.85 0.00992319
-4.84 0.0101459
-4.83 0.0103725
-4.82 0.0106032
-4.81 0.0108379
-4.8 0.0110767
-4.79 0.0113197
-4.78 0.0115668
-4.77 0.0118182
-4.76 0.0120738
-4.75 0.0123337
-4.74 0.0125979
-4.73 0.0128666
-4.72 0.0131396
-4.71 0.0134172
-4.7 0.0136992
-4.69 0.0139858
-4.68 0.0142769
-4.67 0.0145727
-4.66 0.0148731
-4.65 0.0151782
-4.64 0.015488
-4.63 0.0158026
-4.62 0.016122
-4.61 0.0164462
-4.6 0.0167753
-4.59 0.0171092
-4.58 0.0174481
-4.57 0.0177919
-4.56 0.0181407
-4.55 0.0184945
-4.54 0.0188533
-4.53 0.0192172
-4.52 0.0195862
-4.51 0.0199603
-4.5 0.0203395
-4.49 0.0207239
-4.48 0.0211135
-4.47 0.0215082
-4.46 0.0219082
-4.45 0.0223134
-4.44 0.0227239
-4.43 0.0231396
-4.42 0.0235607
-4.41 0.023987
-4.4 0.0244186
-4.39 0.0248555
-4.38 0.0252977
-4.37 0.0257453
-4.36 0.0261983
-4.35 0.0266565
-4.34 0.0271201
-4.33 0.0275891
-4.32 0.0280634
-4.31 0.028543
-4.3 0.029028
-4.29 0.0295184
-4.28 0.030014
-4.27 0.030515
-4.26 0.0310214
-4.25 0.031533
-4.24 0.0320499
-4.23 0.0325721
-4.22 0.0330995
-4.21 0.0336322
-4.2 0.0341701
-4.19 0.0347133
-4.18 0.0352616
-4.17 0.035815
-4.16 0.0363736
-4.15 0.0369373
-4.14 0.0375061
-4.13 0.0380799
-4.12 0.0386587
-4.11 0.0392424
-4.1 0.0398311
-4.09 0.0404247
-4.08 0.0410231
-4.07 0.0416264
-4.06 0.0422344
-4.05 0.0428471
-4.04 0.0434644
-4.03 0.0440864
-4.02 0.0447129
-4.01 0.0453439
-4 0.0459794
-3.99 0.0466192
-3.98 0.0472634
-3.97 0.0479118
-3.96 0.0485645
-3.95 0.0492212
-3.94 0.049882
-3.93 0.0505468
-3.92 0.0512155
-3.91 0.051888
-3.9 0.0525643
-3.89 0.0532443
-3.88 0.0539278
-3.87 0.0546149
-3.86 0.0553054
-3.85 0.0559993
-3.84 0.0566964
-3.83 0.0573967
-3.82 0.0581
-3.81 0.0588064
-3.8 0.0595156
-3.79 0.0602276
-3.78 0.0609423
-3.77 0.0616596
-3.76 0.0623793
-3.75 0.0631015
-3.74 0.0638259
-3.73 0.0645525
-3.72 0.0652811
-3.71 0.0660117
-3.7 0.0667442
-3.69 0.0674783
-3.68 0.0682141
-3.67 0.0689514
-3.66 0.06969
-3.65 0.0704299
-3.64 0.0711709
-3.63 0.071913
-3.62 0.0726559
-3.61 0.0733996
-3.6 0.0741439
-3.59 0.0748888
-3.58 0.075634
-3.57 0.0763795
-3.56 0.0771252
-3.55 0.0778708
-3.54 0.0786163
-3.53 0.0793616
-3.52 0.0801064
-3.51 0.0808507
-3.5 0.0815944
-3.49 0.0823373
-3.48 0.0830792
-3.47 0.0838201
-3.46 0.0845598
-3.45 0.0852982
-3.44 0.086035
-3.43 0.0867703
-3.42 0.0875038
-3.41 0.0882355
-3.4 0.0889651
-3.39 0.0896926
-3.38 0.0904178
-3.37 0.0911405
-3.36 0.0918607
-3.35 0.0925782
-3.34 0.0932928
-3.33 0.0940045
-3.32 0.0947131
-3.31 0.0954184
-3.3 0.0961204
-3.29 0.0968188
-3.28 0.0975136
-3.27 0.0982046
-3.26 0.0988917
-3.25 0.0995748
-3.24 0.100254
-3.23 0.100928
-3.22 0.101598
-3.21 0.102264
-3.2 0.102925
-3.19 0.103581
-3.18 0.104232
-3.17 0.104879
-3.16 0.10552
-3.15 0.106155
-3.14 0.106786
-3.13 0.10741
-3.12 0.10803
-3.11 0.108643
-3.1 0.109251
-3.09 0.109852
-3.08 0.110448
-3.07 0.111037
-3.06 0.11162
-3.05 0.112197
-3.04 0.112767
-3.03 0.113331
-3.02 0.113888
-3.01 0.114439
-3 0.114982
-2.99 0.115518
-2.98 0.116048
-2.97 0.11657
-2.96 0.117086
-2.95 0.117594
-2.94 0.118094
-2.93 0.118588
-2.92 0.119073
-2.91 0.119552
-2.9 0.120022
-2.89 0.120485
-2.88 0.12094
-2.87 0.121388
-2.86 0.121828
-2.85 0.122259
-2.84 0.122683
-2.83 0.123099
-2.82 0.123507
-2.81 0.123907
-2.8 0.124299
-2.79 0.124683
-2.78 0.125058
-2.77 0.125425
-2.76 0.125785
-2.75 0.126136
-2.74 0.126478
-2.73 0.126813
-2.72 0.127139
-2.71 0.127457
-2.7 0.127767
-2.69 0.128069
-2.68 0.128362
-2.67 0.128647
-2.66 0.128924
-2.65 0.129193
-2.64 0.129453
-2.63 0.129705
-2.62 0.129949
-2.61 0.130185
-2.6 0.130413
-2.59 0.130633
-2.58 0.130845
-2.57 0.131048
-2.56 0.131244
-2.55 0.131432
-2.54 0.131612
-2.53 0.131784
-2.52 0.131949
-2.51 0.132105
-2.5 0.132254
-2.49 0.132396
-2.48 0.13253
-2.47 0.132656
-2.46 0.132775
-2.45 0.132887
-2.44 0.132992
-2.43 0.133089
-2.42 0.133179
-2.41 0.133263
-2.4 0.133339
-2.39 0.133408
-2.38 0.133471
-2.37 0.133528
-2.36 0.133577
-2.35 0.13362
-2.34 0.133657
-2.33 0.133688
-2.32 0.133712
-2.31 0.133731
-2.3 0.133743
-2.29 0.13375
-2.28 0.133751
-2.27 0.133747
-2.26 0.133737
-2.25 0.133721
-2.24 0.133701
-2.23 0.133675
-2.22 0.133644
-2.21 0.133609
-2.2 0.133569
-2.19 0.133524
-2.18 0.133474
-2.17 0.133421
-2.16 0.133363
-2.15 0.133301
-2.14 0.133235
-2.13 0.133165
-2.12 0.133091
-2.11 0.133014
-2.1 0.132934
-2.09 0.13285
-2.08 0.132763
-2.07 0.132673
-2.06 0.13258
-2.05 0.132485
-2.04 0.132387
-2.03 0.132286
-2.02 0.132183
-2.01 0.132078
-2 0.131971
-1.99 0.131862
-1.98 0.131751
-1.97 0.131638
-1.96 0.131524
-1.95 0.131409
-1.94 0.131292
-1.93 0.131174
-1.92 0.131056
-1.91 0.130936
-1.9 0.130816
-1.89 0.130695
-1.88 0.130574
-1.87 0.130453
-1.86 0.130331
-1.85 0.130209
-1.84 0.130088
-1.83 0.129966
-1.82 0.129845
-1.81 0.129725
-1.8 0.129605
-1.79 0.129485
-1.78 0.129367
-1.77 0.12925
-1.76 0.129133
-1.75 0.129018
-1.74 0.128904
-1.73 0.128791
-1.72 0.12868
-1.71 0.128571
-1.7 0.128463
-1.69 0.128357
-1.68 0.128253
-1.67 0.128151
-1.66 0.128051
-1.65 0.127953
-1.64 0.127858
-1.63 0.127765
-1.62 0.127674
-1.61 0.127586
-1.6 0.127501
-1.59 0.127419
-1.58 0.127339
-1.57 0.127262
-1.56 0.127188
-1.55 0.127117
-1.54 0.127049
-1.53 0.126985
-1.52 0.126923
-1.51 0.126865
-1.5 0.126811
-1.49 0.126759
-1.48 0.126711
-1.47 0.126667
-1.46 0.126626
-1.45 0.126589
-1.44 0.126555
-1.43 0.126525
-1.42 0.126499
-1.41 0.126476
-1.4 0.126458
-1.39 0.126443
-1.38 0.126431
-1.37 0.126424
-1.36 0.126421
-1.35 0.126421
-1.34 0.126426
-1.33 0.126434
-1.32 0.126446
-1.31 0.126462
-1.3 0.126483
-1.29 0.126507
-1.28 0.126534
-1.27 0.126566
-1.26 0.126602
-1.25 0.126642
-1.24 0.126685
-1.23 0.126733
-1.22 0.126784
-1.21 0.126839
-1.2 0.126898
-1.19 0.126961
-1.18 0.127028
-1.17 0.127098
-1.16 0.127172
-1.15 0.12725
-1.14 0.127331
-1.13 0.127416
-1.12 0.127505
-1.11 0.127597
-1.1 0.127692
-1.09 0.127791
-1.08 0.127893
-1.07 0.127999
-1.06 0.128107
-1.05 0.128219
-1.04 0.128335
-1.03 0.128453
-1.02 0.128574
-1.01 0.128698
-1 0.128825
-0.99 0.128955
-0.98 0.129088
-0.97 0.129223
-0.96 0.129361
-0.95 0.129502
-0.94 0.129645
-0.93 0.12979
-0.92 0.129938
-0.91 0.130087
-0.9 0.130239
-0.89 0.130393
-0.88 0.130549
-0.87 0.130707
-0.86 0.130867
-0.85 0.131029
-0.84 0.131192
-0.83 0.131356
-0.82 0.131522
-0.81 0.13169
-0.8 0.131858
-0.79 0.132028
-0.78 0.132199
-0.77 0.132371
-0.76 0.132544
-0.75 0.132718
-0.74 0.132892
-0.73 0.133067
-0.72 0.133243
-0.71 0.133419
-0.7 0.133595
-0.69 0.133771
-0.68 0.133948
-0.67 0.134125
-0.66 0.134301
-0.65 0.134478
-0.64 0.134654
-0.63 0.13483
-0.62 0.135005
-0.61 0.13518
-0.6 0.135354
-0.59 0.135528
-0.58 0.135701
-0.57 0.135873
-0.56 0.136043
-0.55 0.136213
-0.54 0.136382
-0.53 0.136549
-0.52 0.136715
-0.51 0.136879
-0.5 0.137042
-0.49 0.137203
-0.48 0.137363
-0.47 0.13752
-0.46 0.137676
-0.45 0.13783
-0.44 0.137982
-0.43 0.138131
-0.42 0.138279
-0.41 0.138424
-0.4 0.138566
-0.39 0.138706
-0.38 0.138844
-0.37 0.138979
-0.36 0.139112
-0.35 0.139241
-0.34 0.139368
-0.33 0.139492
-0.32 0.139613
-0.31 0.139731
-0.3 0.139846
-0.29 0.139957
-0.28 0.140066
-0.27 0.140171
-0.26 0.140273
-0.25 0.140371
-0.24 0.140466
-0.23 0.140558
-0.22 0.140646
-0.21 0.140731
-0.2 0.140811
-0.19 0.140889
-0.18 0.140962
-0.17 0.141032
-0.16 0.141098
-0.15 0.14116
-0.14 0.141218
-0.13 0.141273
-0.12 0.141323
-0.11 0.14137
-0.1 0.141412
-0.09 0.141451
-0.08 0.141486
-0.07 0.141516
-0.06 0.141543
-0.05 0.141565
-0.04 0.141583
-0.03 0.141598
-0.02 0.141608
-0.01 0.141614
0 0.141616
0.01 0.141614
0.02 0.141608
0.03 0.141598
0.04 0.141583
0.05 0.141565
0.06 0.141543
0.07 0.141516
0.08 0.141486
0.09 0.141451
0.1 0.141412
0.11 0.14137
0.12 0.141323
0.13 0.141273
0.14 0.141218
0.15 0.14116
0.16 0.141098
0.17 0.141032
0.18 0.140962
0.19 0.140889
0.2 0.140811
0.21 0.140731
0.22 0.140646
0.23 0.140558
0.24 0.140466
0.25 0.140371
0.26 0.140273
0.27 0.140171
0.28 0.140066
0.29 0.139957
0.3 0.139846
0.31 0.139731
0.32 0.139613
0.33 0.139492
0.34 0.139368
0.35 0.139241
0.36 0.139112
0.37 0.138979
0.38 0.138844
0.39 0.138706
0.4 0.138566
0.41 0.138424
0.42 0.138279
0.43 0.138131
0.44 0.137982
0.45 0.13783
0.46 0.137676
0.47 0.13752
0.48 0.137363
0.49 0.137203
0.5 0.137042
0.51 0.136879
0.52 0.136715
0.53 0.136549
0.54 0.136382
0.55 0.136213
0.56 0.136043
0.57 0.135873
0.58 0.135701
0.59 0.135528
0.6 0.135354
0.61 0.13518
0.62 0.135005
0.63 0.13483
0.64 0.134654
0.65 0.134478
0.66 0.134301
0.67 0.134125
0.68 0.133948
0.69 0.133771
0.7 0.133595
0.71 0.133419
0.72 0.133243
0.73 0.133067
0.74 0.132892
0.75 0.132718
0.76 0.132544
0.77 0.132371
0.78 0.132199
0.79 0.132028
0.8 0.131858
0.81 0.13169
0.82 0.131522
0.83 0.131356
0.84 0.131192
0.85 0.131029
0.86 0.130867
0.87 0.130707
0.88 0.130549
0.89 0.130393
0.9 0.130239
0.91 0.130087
0.92 0.129938
0.93 0.12979
0.94 0.129645
0.95 0.129502
0.96 0.129361
0.97 0.129223
0.98 0.129088
0.99 0.128955
1 0.128825
1.01 0.128698
1.02 0.128574
1.03 0.128453
1.04 0.128335
1.05 0.128219
1.06 0.128107
1.07 0.127999
1.08 0.127893
1.09 0.127791
1.1 0.127692
1.11 0.127597
1.12 0.127505
1.13 0.127416
1.14 0.127331
1.15 0.12725
1.16 0.127172
1.17 0.127098
1.18 0.127028
1.19 0.126961
1.2 0.126898
1.21 0.126839
1.22 0.126784
1.23 0.126733
1.24 0.126685
1.25 0.126642
1.26 0.126602
1.27 0.126566
1.28 0.126534
1.29 0.126507
1.3 0.126483
1.31 0.126462
1.32 0.126446
1.33 0.126434
1.34 0.126426
1.35 0.126421
1.36 0.126421
1.37 0.126424
1.38 0.126431
1.39 0.126443
1.4 0.126458
1.41 0.126476
1.42 0.126499
1.43 0.126525
1.44 0.126555
1.45 0.126589
1.46 0.126626
1.47 0.126667
1.48 0.126711
1.49 0.126759
1.5 0.126811
1.51 0.126865
1.52 0.126923
1.53 0.126985
1.54 0.127049
1.55 0.127117
1.56 0.127188
1.57 0.127262
1.58 0.127339
1.59 0.127419
1.6 0.127501
1.61 0.127586
1.62 0.127674
1.63 0.127765
1.64 0.127858
1.65 0.127953
1.66 0.128051
1.67 0.128151
1.68 0.128253
1.69 0.128357
1.7 0.128463
1.71 0.128571
1.72 0.12868
1.73 0.128791
1.74 0.128904
1.75 0.129018
1.76 0.129133
1.77 0.12925
1.78 0.129367
1.79 0.129485
1.8 0.129605
1.81 0.129725
1.82 0.129845
1.83 0.129966
1.84 0.130088
1.85 0.130209
1.86 0.130331
1.87 0.130453
1.88 0.130574
1.89 0.130695
1.9 0.130816
1.91 0.130936
1.92 0.131056
1.93 0.131174
1.94 0.131292
1.95 0.131409
1.96 0.131524
1.97 0.131638
1.98 0.131751
1.99 0.131862
2 0.131971
2.01 0.132078
2.02 0.132183
2.03 0.132286
2.04 0.132387
2.05 0.132485
2.06 0.13258
2.07 0.132673
2.08 0.132763
2.09 0.13285
2.1 0.132934
2.11 0.133014
2.12 0.133091
2.13 0.133165
2.14 0.133235
2.15 0.133301
2.16 0.133363
2.17 0.133421
2.18 0.133474
2.19 0.133524
2.2 0.133569
2.21 0.133609
2.22 0.133644
2.23 0.133675
2.24 0.133701
2.25 0.133721
2.26 0.133737
2.27 0.133747
2.28 0.133751
2.29 0.13375
2.3 0.133743
2.31 0.133731
2.32 0.133712
2.33 0.133688
2.34 0.133657
2.35 0.13362
2.36 0.133577
2.37 0.133528
2.38 0.133471
2.39 0.133408
2.4 0.133339
2.41 0.133263
2.42 0.133179
2.43 0.133089
2.44 0.132992
2.45 0.132887
2.46 0.132775
2.47 0.132656
2.48 0.13253
2.49 0.132396
2.5 0.132254
2.51 0.132105
2.52 0.131949
2.53 0.131784
2.54 0.131612
2.55 0.131432
2.56 0.131244
2.57 0.131048
2.58 0.130845
2.59 0.130633
2.6 0.130413
2.61 0.130185
2.62 0.129949
2.63 0.129705
2.64 0.129453
2.65 0.129193
2.66 0.128924
2.67 0.128647
2.68 0.128362
2.69 0.128069
2.7 0.127767
2.71 0.127457
2.72 0.127139
2.73 0.126813
2.74 0.126478
2.75 0.126136
2.76 0.125785
2.77 0.125425
2.78 0.125058
2.79 0.124683
2.8 0.124299
2.81 0.123907
2.82 0.123507
2.83 0.123099
2.84 0.122683
2.85 0.122259
2.86 0.121828
2.87 0.121388
2.88 0.12094
2.89 0.120485
2.9 0.120022
2.91 0.119552
2.92 0.119073
2.93 0.118588
2.94 0.118094
2.95 0.117594
2.96 0.117086
2.97 0.11657
2.98 0.116048
2.99 0.115518
3 0.114982
3.01 0.114439
3.02 0.113888
3.03 0.113331
3.04 0.112767
3.05 0.112197
3.06 0.11162
3.07 0.111037
3.08 0.110448
3.09 0.109852
3.1 0.109251
3.11 0.108643
3.12 0.10803
3.13 0.10741
3.14 0.106786
3.15 0.106155
3.16 0.10552
3.17 0.104879
3.18 0.104232
3.19 0.103581
3.2 0.102925
3.21 0.102264
3.22 0.101598
3.23 0.100928
3.24 0.100254
3.25 0.0995748
3.26 0.0988917
3.27 0.0982046
3.28 0.0975136
3.29 0.0968188
3.3 0.0961204
3.31 0.0954184
3.32 0.0947131
3.33 0.0940045
3.34 0.0932928
3.35 0.0925782
3.36 0.0918607
3.37 0.0911405
3.38 0.0904178
3.39 0.0896926
3.4 0.0889651
3.41 0.0882355
3.42 0.0875038
3.43 0.0867703
3.44 0.086035
3.45 0.0852982
3.46 0.0845598
3.47 0.0838201
3.48 0.0830792
3.49 0.0823373
3.5 0.0815944
3.51 0.0808507
3.52 0.0801064
3.53 0.0793616
3.54 0.0786163
3.55 0.0778708
3.56 0.0771252
3.57 0.0763795
3.58 0.075634
3.59 0.0748888
3.6 0.0741439
3.61 0.0733996
3.62 0.0726559
3.63 0.071913
3.64 0.0711709
3.65 0.0704299
3.66 0.06969
3.67 0.0689514
3.68 0.0682141
3.69 0.0674783
3.7 0.0667442
3.71 0.0660117
3.72 0.0652811
3.73 0.0645525
3.74 0.0638259
3.75 0.0631015
3.76 0.0623793
3.77 0.0616596
3.78 0.0609423
3.79 0.0602276
3.8 0.0595156
3.81 0.0588064
3.82 0.0581
3.83 0.0573967
3.84 0.0566964
3.85 0.0559993
3.86 0.0553054
3.87 0.0546149
3.88 0.0539278
3.89 0.0532443
3.9 0.0525643
3.91 0.051888
3.92 0.0512155
3.93 0.0505468
3.94 0.049882
3.95 0.0492212
3.96 0.0485645
3.97 0.0479118
3.98 0.0472634
3.99 0.0466192
4 0.0459794
4.01 0.0453439
4.02 0.0447129
4.03 0.0440864
4.04 0.0434644
4.05 0.0428471
4.06 0.0422344
4.07 0.0416264
4.08 0.0410231
4.09 0.0404247
4.1 0.0398311
4.11 0.0392424
4.12 0.0386587
4.13 0.0380799
4.14 0.0375061
4.15 0.0369373
4.16 0.0363736
4.17 0.035815
4.18 0.0352616
4.19 0.0347133
4.2 0.0341701
4.21 0.0336322
4.22 0.0330995
4.23 0.0325721
4.24 0.0320499
4.25 0.031533
4.26 0.0310214
4.27 0.030515
4.28 0.030014
4.29 0.0295184
4.3 0.029028
4.31 0.028543
4.32 0.0280634
4.33 0.0275891
4.34 0.0271201
4.35 0.0266565
4.36 0.0261983
4.37 0.0257453
4.38 0.0252977
4.39 0.0248555
4.4 0.0244186
4.41 0.023987
4.42 0.0235607
4.43 0.0231396
4.44 0.0227239
4.45 0.0223134
4.46 0.0219082
4.47 0.0215082
4.48 0.0211135
4.49 0.0207239
4.5 0.0203395
4.51 0.0199603
4.52 0.0195862
4.53 0.0192172
4.54 0.0188533
4.55 0.0184945
4.56 0.0181407
4.57 0.0177919
4.58 0.0174481
4.59 0.0171092
4.6 0.0167753
4.61 0.0164462
4.62 0.016122
4.63 0.0158026
4.64 0.015488
4.65 0.0151782
4.66 0.0148731
4.67 0.0145727
4.68 0.0142769
4.69 0.0139858
4.7 0.0136992
4.71 0.0134172
4.72 0.0131396
4.73 0.0128666
4.74 0.0125979
4.75 0.0123337
4.76 0.0120738
4.77 0.0118182
4.78 0.0115668
4.79 0.0113197
4.8 0.0110767
4.81 0.0108379
4.82 0.0106032
4.83 0.0103725
4.84 0.0101459
4.85 0.00992319
4.86 0.00970442
4.87 0.00948953
4.88 0.00927848
4.89 0.00907121
4.9 0.0088677
4.91 0.00866789
4.92 0.00847173
4.93 0.00827919
4.94 0.00809023
4.95 0.00790478
4.96 0.00772282
4.97 0.0075443
4.98 0.00736917
4.99 0.00719739
5 0.00702891
5.01 0.00686369
5.02 0.00670169
5.03 0.00654285
5.04 0.00638715
5.05 0.00623453
5.06 0.00608495
5.07 0.00593837
5.08 0.00579474
5.09 0.00565402
5.1 0.00551616
5.11 0.00538114
5.12 0.00524889
5.13 0.00511938
5.14 0.00499257
5.15 0.00486842
5.16 0.00474688
5.17 0.00462791
5.18 0.00451147
5.19 0.00439752
5.2 0.00428603
5.21 0.00417694
5.22 0.00407022
5.23 0.00396584
5.24 0.00386374
5.25 0.0037639
5.26 0.00366627
5.27 0.00357082
5.28 0.00347751
5.29 0.00338629
5.3 0.00329714
5.31 0.00321001
5.32 0.00312488
5.33 0.0030417
5.34 0.00296044
5.35 0.00288106
5.36 0.00280353
5.37 0.00272781
5.38 0.00265387
5.39 0.00258168
5.4 0.0025112
5.41 0.0024424
5.42 0.00237525
5.43 0.00230971
5.44 0.00224576
5.45 0.00218336
5.46 0.00212248
5.47 0.0020631
5.48 0.00200517
5.49 0.00194867
5.5 0.00189358
5.51 0.00183986
5.52 0.00178749
5.53 0.00173643
5.54 0.00168667
5.55 0.00163816
5.56 0.00159089
5.57 0.00154483
5.58 0.00149996
5.59 0.00145624
5.6 0.00141366
5.61 0.00137218
5.62 0.00133179
5.63 0.00129245
5.64 0.00125415
5.65 0.00121687
5.66 0.00118058
5.67 0.00114525
5.68 0.00111087
5.69 0.00107741
5.7 0.00104486
5.71 0.00101319
5.72 0.00098238
5.73 0.000952412
5.74 0.000923266
5.75 0.000894922
5.76 0.000867362
5.77 0.000840566
5.78 0.000814517
5.79 0.000789195
5.8 0.000764585
5.81 0.000740667
5.82 0.000717426
5.83 0.000694845
5.84 0.000672907
5.85 0.000651597
5.86 0.000630898
5.87 0.000610795
5.88 0.000591274
5.89 0.00057232
5.9 0.000553917
5.91 0.000536053
5.92 0.000518712
5.93 0.000501883
5.94 0.000485551
5.95 0.000469703
5.96 0.000454327
5.97 0.00043941
5.98 0.000424941
5.99 0.000410907
