-6 1.08346e-07
-5.99 1.16042e-07
-5.98 1.24264e-07
-5.97 1.33047e-07
-5.96 1.42428e-07
-5.95 1.52446e-07
-5.94 1.63142e-07
-5.93 1.74561e-07
-5.92 1.86748e-07
-5.91 1.99755e-07
-5.9 2.13633e-07
-5.89 2.28438e-07
-5.88 2.4423e-07
-5.87 2.61072e-07
-5.86 2.7903e-07
-5.85 2.98176e-07
-5.84 3.18583e-07
-5.83 3.40333e-07
-5.82 3.63509e-07
-5.81 3.88201e-07
-5.8 4.14503e-07
-5.79 4.42516e-07
-5.78 4.72346e-07
-5.77 5.04105e-07
-5.76 5.37914e-07
-5.75 5.73897e-07
-5.74 6.12189e-07
-5.73 6.52931e-07
-5.72 6.96272e-07
-5.71 7.4237e-07
-5.7 7.91393e-07
-5.69 8.43517e-07
-5.68 8.9893e-07
-5.67 9.57828e-07
-5.66 1.02042e-06
-5.65 1.08693e-06
-5.64 1.15759e-06
-5.63 1.23264e-06
-5.62 1.31234e-06
-5.61 1.39698e-06
-5.6 1.48683e-06
-5.59 1.58221e-06
-5.58 1.68344e-06
-5.57 1.79085e-06
-5.56 1.90481e-06
-5.55 2.02569e-06
-5.54 2.1539e-06
-5.53 2.28986e-06
-5.52 2.43401e-06
-5.51 2.58681e-06
-5.5 2.74876e-06
-5.49 2.92038e-06
-5.48 3.10222e-06
-5.47 3.29485e-06
-5.46 3.49887e-06
-5.45 3.71494e-06
-5.44 3.9437e-06
-5.43 4.18589e-06
-5.42 4.44223e-06
-5.41 4.7135e-06
-5.4 5.00054e-06
-5.39 5.30421e-06
-5.38 5.6254e-06
-5.37 5.96509e-06
-5.36 6.32427e-06
-5.35 6.704e-06
-5.34 7.10539e-06
-5.33 7.52959e-06
-5.32 7.97783e-06
-5.31 8.4514e-06
-5.3 8.95164e-06
-5.29 9.47995e-06
-5.28 1.00378e-05
-5.27 1.06268e-05
-5.26 1.12486e-05
-5.25 1.19048e-05
-5.24 1.25973e-05
-5.23 1.33279e-05
-5.22 1.40986e-05
-5.21 1.49114e-05
-5.2 1.57686e-05
-5.19 1.66724e-05
-5.18 1.76251e-05
-5.17 1.86293e-05
-5.16 1.96875e-05
-5.15 2.08025e-05
-5.14 2.19771e-05
-5.13 2.32142e-05
-5.12 2.45171e-05
-5.11 2.58889e-05
-5.1 2.73331e-05
-5.09 2.88532e-05
-5.08 3.04529e-05
-5.07 3.21361e-05
-5.06 3.39069e-05
-5.05 3.57696e-05
-5.04 3.77284e-05
-5.03 3.97882e-05
-5.02 4.19536e-05
-5.01 4.42297e-05
-5 4.66219e-05
-4.99 4.91355e-05
-4.98 5.17763e-05
-4.97 5.45502e-05
-4.96 5.74634e-05
-4.95 6.05226e-05
-4.94 6.37343e-05
-4.93 6.71056e-05
-4.92 7.06438e-05
-4.91 7.43567e-05
-4.9 7.82521e-05
-4.89 8.23383e-05
-4.88 8.66239e-05
-4.87 9.11179e-05
-4.86 9.58297e-05
-4.85 0.000100769
-4.84 0.000105945
-4.83 0.00011137
-4.82 0.000117054
-4.81 0.000123007
-4.8 0.000129243
-4.79 0.000135773
-4.78 0.00014261
-4.77 0.000149767
-4.76 0.000157258
-4.75 0.000165097
-4.74 0.000173299
-4.73 0.000181879
-4.72 0.000190854
-4.71 0.000200238
-4.7 0.000210051
-4.69 0.000220308
-4.68 0.00023103
-4.67 0.000242234
-4.66 0.000253941
-4.65 0.00026617
-4.64 0.000278944
-4.63 0.000292283
-4.62 0.000306211
-4.61 0.000320751
-4.6 0.000335928
-4.59 0.000351766
-4.58 0.000368291
-4.57 0.00038553
-4.56 0.000403512
-4.55 0.000422264
-4.54 0.000441816
-4.53 0.0004622
-4.52 0.000483445
-4.51 0.000505586
-4.5 0.000528656
-4.49 0.00055269
-4.48 0.000577723
-4.47 0.000603792
-4.46 0.000630936
-4.45 0.000659195
-4.44 0.000688608
-4.43 0.000719218
-4.42 0.000751067
-4.41 0.000784201
-4.4 0.000818664
-4.39 0.000854504
-4.38 0.00089177
-4.37 0.000930511
-4.36 0.000970779
-4.35 0.00101263
-4.34 0.00105611
-4.33 0.00110128
-4.32 0.00114819
-4.31 0.00119692
-4.3 0.00124751
-4.29 0.00130003
-4.28 0.00135454
-4.27 0.00141111
-4.26 0.00146981
-4.25 0.0015307
-4.24 0.00159386
-4.23 0.00165935
-4.22 0.00172726
-4.21 0.00179766
-4.2 0.00187063
-4.19 0.00194624
-4.18 0.00202459
-4.17 0.00210574
-4.16 0.00218981
-4.15 0.00227685
-4.14 0.00236698
-4.13 0.00246028
-4.12 0.00255685
-4.11 0.00265678
-4.1 0.00276017
-4.09 0.00286712
-4.08 0.00297773
-4.07 0.00309212
-4.06 0.00321038
-4.05 0.00333263
-4.04 0.00345897
-4.03 0.00358953
-4.02 0.00372442
-4.01 0.00386375
-4 0.00400765
-3.99 0.00415623
-3.98 0.00430964
-3.97 0.00446798
-3.96 0.0046314
-3.95 0.00480002
-3.94 0.00497398
-3.93 0.00515342
-3.92 0.00533847
-3.91 0.00552927
-3.9 0.00572597
-3.89 0.00592871
-3.88 0.00613764
-3.87 0.00635291
-3.86 0.00657467
-3.85 0.00680308
-3.84 0.00703829
-3.83 0.00728046
-3.82 0.00752975
-3.81 0.00778632
-3.8 0.00805034
-3.79 0.00832196
-3.78 0.00860137
-3.77 0.00888873
-3.76 0.00918421
-3.75 0.00948798
-3.74 0.00980022
-3.73 0.0101211
-3.72 0.0104508
-3.71 0.0107895
-3.7 0.0111374
-3.69 0.0114947
-3.68 0.0118615
-3.67 0.0122381
-3.66 0.0126245
-3.65 0.0130211
-3.64 0.013428
-3.63 0.0138453
-3.62 0.0142733
-3.61 0.0147122
-3.6 0.0151622
-3.59 0.0156234
-3.58 0.016096
-3.57 0.0165802
-3.56 0.0170763
-3.55 0.0175844
-3.54 0.0181047
-3.53 0.0186373
-3.52 0.0191826
-3.51 0.0197406
-3.5 0.0203116
-3.49 0.0208957
-3.48 0.0214932
-3.47 0.0221042
-3.46 0.0227289
-3.45 0.0233675
-3.44 0.0240202
-3.43 0.0246871
-3.42 0.0253685
-3.41 0.0260645
-3.4 0.0267752
-3.39 0.0275009
-3.38 0.0282418
-3.37 0.0289979
-3.36 0.0297694
-3.35 0.0305566
-3.34 0.0313595
-3.33 0.0321784
-3.32 0.0330133
-3.31 0.0338644
-3.3 0.0347319
-3.29 0.0356159
-3.28 0.0365164
-3.27 0.0374338
-3.26 0.038368
-3.25 0.0393191
-3.24 0.0402874
-3.23 0.0412728
-3.22 0.0422756
-3.21 0.0432958
-3.2 0.0443334
-3.19 0.0453886
-3.18 0.0464614
-3.17 0.0475519
-3.16 0.0486602
-3.15 0.0497863
-3.14 0.0509302
-3.13 0.0520921
-3.12 0.0532719
-3.11 0.0544696
-3.1 0.0556853
-3.09 0.0569189
-3.08 0.0581706
-3.07 0.0594401
-3.06 0.0607276
-3.05 0.062033
-3.04 0.0633563
-3.03 0.0646974
-3.02 0.0660562
-3.01 0.0674327
-3 0.0688268
-2.99 0.0702385
-2.98 0.0716675
-2.97 0.0731139
-2.96 0.0745774
-2.95 0.076058
-2.94 0.0775554
-2.93 0.0790697
-2.92 0.0806005
-2.91 0.0821478
-2.9 0.0837112
-2.89 0.0852907
-2.88 0.0868861
-2.87 0.088497
-2.86 0.0901232
-2.85 0.0917646
-2.84 0.0934209
-2.83 0.0950917
-2.82 0.0967768
-2.81 0.098476
-2.8 0.100189
-2.79 0.101915
-2.78 0.103654
-2.77 0.105406
-2.76 0.107171
-2.75 0.108947
-2.74 0.110735
-2.73 0.112534
-2.72 0.114345
-2.71 0.116165
-2.7 0.117996
-2.69 0.119836
-2.68 0.121685
-2.67 0.123543
-2.66 0.125409
-2.65 0.127282
-2.64 0.129163
-2.63 0.131051
-2.62 0.132945
-2.61 0.134844
-2.6 0.136749
-2.59 0.138658
-2.58 0.140571
-2.57 0.142488
-2.56 0.144408
-2.55 0.14633
-2.54 0.148254
-2.53 0.150179
-2.52 0.152104
-2.51 0.154029
-2.5 0.155954
-2.49 0.157877
-2.48 0.159799
-2.47 0.161717
-2.46 0.163633
-2.45 0.165544
-2.44 0.167451
-2.43 0.169353
-2.42 0.171248
-2.41 0.173137
-2.4 0.175019
-2.39 0.176893
-2.38 0.178758
-2.37 0.180614
-2.36 0.18246
-2.35 0.184295
-2.34 0.186118
-2.33 0.18793
-2.32 0.189728
-2.31 0.191513
-2.3 0.193284
-2.29 0.195039
-2.28 0.196779
-2.27 0.198503
-2.26 0.20021
-2.25 0.201899
-2.24 0.203569
-2.23 0.205221
-2.22 0.206852
-2.21 0.208463
-2.2 0.210053
-2.19 0.211621
-2.18 0.213167
-2.17 0.214689
-2.16 0.216187
-2.15 0.217662
-2.14 0.219111
-2.13 0.220534
-2.12 0.221931
-2.11 0.223301
-2.1 0.224643
-2.09 0.225957
-2.08 0.227243
-2.07 0.228499
-2.06 0.229725
-2.05 0.230921
-2.04 0.232086
-2.03 0.233219
-2.02 0.234321
-2.01 0.23539
-2 0.236425
-1.99 0.237428
-1.98 0.238397
-1.97 0.239331
-1.96 0.24023
-1.95 0.241094
-1.94 0.241923
-1.93 0.242716
-1.92 0.243472
-1.91 0.244192
-1.9 0.244874
-1.89 0.24552
-1.88 0.246127
-1.87 0.246697
-1.86 0.247229
-1.85 0.247722
-1.84 0.248177
-1.83 0.248592
-1.82 0.248969
-1.81 0.249307
-1.8 0.249605
-1.79 0.249864
-1.78 0.250083
-1.77 0.250262
-1.76 0.250402
-1.75 0.250502
-1.74 0.250562
-1.73 0.250582
-1.72 0.250563
-1.71 0.250503
-1.7 0.250404
-1.69 0.250265
-1.68 0.250087
-1.67 0.249869
-1.66 0.249611
-1.65 0.249315
-1.64 0.248979
-1.63 0.248604
-1.62 0.24819
-1.61 0.247738
-1.6 0.247248
-1.59 0.24672
-1.58 0.246154
-1.57 0.24555
-1.56 0.24491
-1.55 0.244232
-1.54 0.243518
-1.53 0.242768
-1.52 0.241982
-1.51 0.241161
-1.5 0.240305
-1.49 0.239414
-1.48 0.238489
-1.47 0.23753
-1.46 0.236539
-1.45 0.235514
-1.44 0.234458
-1.43 0.233369
-1.42 0.23225
-1.41 0.2311
-1.4 0.229919
-1.39 0.22871
-1.38 0.227471
-1.37 0.226204
-1.36 0.224909
-1.35 0.223587
-1.34 0.222239
-1.33 0.220864
-1.32 0.219464
-1.31 0.21804
-1.3 0.216592
-1.29 0.21512
-1.28 0.213626
-1.27 0.212109
-1.26 0.210572
-1.25 0.209013
-1.24 0.207435
-1.23 0.205838
-1.22 0.204222
-1.21 0.202588
-1.2 0.200937
-1.19 0.19927
-1.18 0.197587
-1.17 0.195889
-1.16 0.194176
-1.15 0.192451
-1.14 0.190712
-1.13 0.188961
-1.12 0.187199
-1.11 0.185426
-1.1 0.183644
-1.09 0.181852
-1.08 0.180052
-1.07 0.178244
-1.06 0.176428
-1.05 0.174607
-1.04 0.17278
-1.03 0.170948
-1.02 0.169112
-1.01 0.167272
-1 0.165429
-0.99 0.163584
-0.98 0.161738
-0.97 0.159891
-0.96 0.158044
-0.95 0.156198
-0.94 0.154352
-0.93 0.152509
-0.92 0.150668
-0.91 0.14883
-0.9 0.146996
-0.89 0.145166
-0.88 0.143342
-0.87 0.141523
-0.86 0.13971
-0.85 0.137904
-0.84 0.136106
-0.83 0.134315
-0.82 0.132533
-0.81 0.13076
-0.8 0.128997
-0.79 0.127244
-0.78 0.125502
-0.77 0.123771
-0.76 0.122051
-0.75 0.120344
-0.74 0.11865
-0.73 0.116969
-0.72 0.115301
-0.71 0.113648
-0.7 0.112009
-0.69 0.110385
-0.68 0.108777
-0.67 0.107184
-0.66 0.105608
-0.65 0.104049
-0.64 0.102506
-0.63 0.100981
-0.62 0.099474
-0.61 0.097985
-0.6 0.0965146
-0.59 0.095063
-0.58 0.0936305
-0.57 0.0922177
-0.56 0.0908246
-0.55 0.0894517
-0.54 0.0880991
-0.53 0.0867673
-0.52 0.0854565
-0.51 0.084167
-0.5 0.0828989
-0.49 0.0816526
-0.48 0.0804283
-0.47 0.0792262
-0.46 0.0780466
-0.45 0.0768897
-0.44 0.0757556
-0.43 0.0746446
-0.42 0.0735569
-0.41 0.0724926
-0.4 0.0714519
-0.39 0.0704351
-0.38 0.0694422
-0.37 0.0684735
-0.36 0.067529
-0.35 0.066609
-0.34 0.0657135
-0.33 0.0648427
-0.32 0.0639967
-0.31 0.0631757
-0.3 0.0623797
-0.29 0.0616089
-0.28 0.0608633
-0.27 0.0601431
-0.26 0.0594483
-0.25 0.0587791
-0.24 0.0581356
-0.23 0.0575177
-0.22 0.0569256
-0.21 0.0563594
-0.2 0.0558191
-0.19 0.0553048
-0.18 0.0548165
-0.17 0.0543543
-0.16 0.0539183
-0.15 0.0535084
-0.14 0.0531249
-0.13 0.0527675
-0.12 0.0524366
-0.11 0.0521319
-0.1 0.0518537
-0.09 0.0516018
-0.08 0.0513765
-0.07 0.0511775
-0.06 0.0510051
-0.05 0.0508591
-0.04 0.0507397
-0.03 0.0506468
-0.02 0.0505805
-0.01 0.0505406
0 0.0505274
0.01 0.0505406
0.02 0.0505805
0.03 0.0506468
0.04 0.0507397
0.05 0.0508591
0.06 0.0510051
0.07 0.0511775
0.08 0.0513765
0.09 0.0516018
0.1 0.0518537
0.11 0.0521319
0.12 0.0524366
0.13 0.0527675
0.14 0.0531249
0.15 0.0535084
0.16 0.0539183
0.17 0.0543543
0.18 0.0548165
0.19 0.0553048
0.2 0.0558191
0.21 0.0563594
0.22 0.0569256
0.23 0.0575177
0.24 0.0581356
0.25 0.0587791
0.26 0.0594483
0.27 0.0601431
0.28 0.0608633
0.29 0.0616089
0.3 0.0623797
0.31 0.0631757
0.32 0.0639967
0.33 0.0648427
0.34 0.0657135
0.35 0.066609
0.36 0.067529
0.37 0.0684735
0.38 0.0694422
0.39 0.0704351
0.4 0.0714519
0.41 0.0724926
0.42 0.0735569
0.43 0.0746446
0.44 0.0757556
0.45 0.0768897
0.46 0.0780466
0.47 0.0792262
0.48 0.0804283
0.49 0.0816526
0.5 0.0828989
0.51 0.084167
0.52 0.0854565
0.53 0.0867673
0.54 0.0880991
0.55 0.0894517
0.56 0.0908246
0.57 0.0922177
0.58 0.0936305
0.59 0.095063
0.6 0.0965146
0.61 0.097985
0.62 0.099474
0.63 0.100981
0.64 0.102506
0.65 0.104049
0.66 0.105608
0.67 0.107184
0.68 0.108777
0.69 0.110385
0.7 0.112009
0.71 0.113648
0.72 0.115301
0.73 0.116969
0.74 0.11865
0.75 0.120344
0.76 0.122051
0.77 0.123771
0.78 0.125502
0.79 0.127244
0.8 0.128997
0.81 0.13076
0.82 0.132533
0.83 0.134315
0.84 0.136106
0.85 0.137904
0.86 0.13971
0.87 0.141523
0.88 0.143342
0.89 0.145166
0.9 0.146996
0.91 0.14883
0.92 0.150668
0.93 0.152509
0.94 0.154352
0.95 0.156198
0.96 0.158044
0.97 0.159891
0.98 0.161738
0.99 0.163584
1 0.165429
1.01 0.167272
1.02 0.169112
1.03 0.170948
1.04 0.17278
1.05 0.174607
1.06 0.176428
1.07 0.178244
1.08 0.180052
1.09 0.181852
1.1 0.183644
1.11 0.185426
1.12 0.187199
1.13 0.188961
1.14 0.190712
1.15 0.192451
1.16 0.194176
1.17 0.195889
1.18 0.197587
1.19 0.19927
1.2 0.200937
1.21 0.202588
1.22 0.204222
1.23 0.205838
1.24 0.207435
1.25 0.209013
1.26 0.210572
1.27 0.212109
1.28 0.213626
1.29 0.21512
1.3 0.216592
1.31 0.21804
1.32 0.219464
1.33 0.220864
1.34 0.222239
1.35 0.223587
1.36 0.224909
1.37 0.226204
1.38 0.227471
1.39 0.22871
1.4 0.229919
1.41 0.2311
1.42 0.23225
1.43 0.233369
1.44 0.234458
1.45 0.235514
1.46 0.236539
1.47 0.23753
1.48 0.238489
1.49 0.239414
1.5 0.240305
1.51 0.241161
1.52 0.241982
1.53 0.242768
1.54 0.243518
1.55 0.244232
1.56 0.24491
1.57 0.24555
1.58 0.246154
1.59 0.24672
1.6 0.247248
1.61 0.247738
1.62 0.24819
1.63 0.248604
1.64 0.248979
1.65 0.249315
1.66 0.249611
1.67 0.249869
1.68 0.250087
1.69 0.250265
1.7 0.250404
1.71 0.250503
1.72 0.250563
1.73 0.250582
1.74 0.250562
1.75 0.250502
1.76 0.250402
1.77 0.250262
1.78 0.250083
1.79 0.249864
1.8 0.249605
1.81 0.249307
1.82 0.248969
1.83 0.248592
1.84 0.248177
1.85 0.247722
1.86 0.247229
1.87 0.246697
1.88 0.246127
1.89 0.24552
1.9 0.244874
1.91 0.244192
1.92 0.243472
1.93 0.242716
1.94 0.241923
1.95 0.241094
1.96 0.24023
1.97 0.239331
1.98 0.238397
1.99 0.237428
2 0.236425
2.01 0.23539
2.02 0.234321
2.03 0.233219
2.04 0.232086
2.05 0.230921
2.06 0.229725
2.07 0.228499
2.08 0.227243
2.09 0.225957
2.1 0.224643
2.11 0.223301
2.12 0.221931
2.13 0.220534
2.14 0.219111
2.15 0.217662
2.16 0.216187
2.17 0.214689
2.18 0.213167
2.19 0.211621
2.2 0.210053
2.21 0.208463
2.22 0.206852
2.23 0.205221
2.24 0.203569
2.25 0.201899
2.26 0.20021
2.27 0.198503
2.28 0.196779
2.29 0.195039
2.3 0.193284
2.31 0.191513
2.32 0.189728
2.33 0.18793
2.34 0.186118
2.35 0.184295
2.36 0.18246
2.37 0.180614
2.38 0.178758
2.39 0.176893
2.4 0.175019
2.41 0.173137
2.42 0.171248
2.43 0.169353
2.44 0.167451
2.45 0.165544
2.46 0.163633
2.47 0.161717
2.48 0.159799
2.49 0.157877
2.5 0.155954
2.51 0.154029
2.52 0.152104
2.53 0.150179
2.54 0.148254
2.55 0.14633
2.56 0.144408
2.57 0.142488
2.58 0.140571
2.59 0.138658
2.6 0.136749
2.61 0.134844
2.62 0.132945
2.63 0.131051
2.64 0.129163
2.65 0.127282
2.66 0.125409
2.67 0.123543
2.68 0.121685
2.69 0.119836
2.7 0.117996
2.71 0.116165
2.72 0.114345
2.73 0.112534
2.74 0.110735
2.75 0.108947
2.76 0.107171
2.77 0.105406
2.78 0.103654
2.79 0.101915
2.8 0.100189
2.81 0.098476
2.82 0.0967768
2.83 0.0950917
2.84 0.0934209
2.85 0.0917646
2.86 0.0901232
2.87 0.088497
2.88 0.0868861
2.89 0.0852907
2.9 0.0837112
2.91 0.0821478
2.92 0.0806005
2.93 0.0790697
2.94 0.0775554
2.95 0.076058
2.96 0.0745774
2.97 0.0731139
2.98 0.0716675
2.99 0.0702385
3 0.0688268
3.01 0.0674327
3.02 0.0660562
3.03 0.0646974
3.04 0.0633563
3.05 0.062033
3.06 0.0607276
3.07 0.0594401
3.08 0.0581706
3.09 0.0569189
3.1 0.0556853
3.11 0.0544696
3.12 0.0532719
3.13 0.0520921
3.14 0.0509302
3.15 0.0497863
3.16 0.0486602
3.17 0.0475519
3.18 0.0464614
3.19 0.0453886
3.2 0.0443334
3.21 0.0432958
3.22 0.0422756
3.23 0.0412728
3.24 0.0402874
3.25 0.0393191
3.26 0.038368
3.27 0.0374338
3.28 0.0365164
3.29 0.0356159
3.3 0.0347319
3.31 0.0338644
3.32 0.0330133
3.33 0.0321784
3.34 0.0313595
3.35 0.0305566
3.36 0.0297694
3.37 0.0289979
3.38 0.0282418
3.39 0.0275009
3.4 0.0267752
3.41 0.0260645
3.42 0.0253685
3.43 0.0246871
3.44 0.0240202
3.45 0.0233675
3.46 0.0227289
3.47 0.0221042
3.48 0.0214932
3.49 0.0208957
3.5 0.0203116
3.51 0.0197406
3.52 0.0191826
3.53 0.0186373
3.54 0.0181047
3.55 0.0175844
3.56 0.0170763
3.57 0.0165802
3.58 0.016096
3.59 0.0156234
3.6 0.0151622
3.61 0.0147122
3.62 0.0142733
3.63 0.0138453
3.64 0.013428
3.65 0.0130211
3.66 0.0126245
3.67 0.0122381
3.68 0.0118615
3.69 0.0114947
3.7 0.0111374
3.71 0.0107895
3.72 0.0104508
3.73 0.0101211
3.74 0.00980022
3.75 0.00948798
3.76 0.00918421
3.77 0.00888873
3.78 0.00860137
3.79 0.00832196
3.8 0.00805034
3.81 0.00778632
3.82 0.00752975
3.83 0.00728046
3.84 0.00703829
3.85 0.00680308
3.86 0.00657467
3.87 0.00635291
3.88 0.00613764
3.89 0.00592871
3.9 0.00572597
3.91 0.00552927
3.92 0.00533847
3.93 0.00515342
3.94 0.00497398
3.95 0.00480002
3.96 0.0046314
3.97 0.00446798
3.98 0.00430964
3.99 0.00415623
4 0.00400765
4.01 0.00386375
4.02 0.00372442
4.03 0.00358953
4.04 0.00345897
4.05 0.00333263
4.06 0.00321038
4.07 0.00309212
4.08 0.00297773
4.09 0.00286712
4.1 0.00276017
4.11 0.00265678
4.12 0.00255685
4.13 0.00246028
4.14 0.00236698
4.15 0.00227685
4.16 0.00218981
4.17 0.00210574
4.18 0.00202459
4.19 0.00194624
4.2 0.00187063
4.21 0.00179766
4.22 0.00172726
4.23 0.00165935
4.24 0.00159386
4.25 0.0015307
4.26 0.00146981
4.27 0.00141111
4.28 0.00135454
4.29 0.00130003
4.3 0.00124751
4.31 0.00119692
4.32 0.00114819
4.33 0.00110128
4.34 0.00105611
4.35 0.00101263
4.36 0.000970779
4.37 0.000930511
4.38 0.00089177
4.39 0.000854504
4.4 0.000818664
4.41 0.000784201
4.42 0.000751067
4.43 0.000719218
4.44 0.000688608
4.45 0.000659195
4.46 0.000630936
4.47 0.000603792
4.48 0.000577723
4.49 0.00055269
4.5 0.000528656
4.51 0.000505586
4.52 0.000483445
4.53 0.0004622
4.54 0.000441816
4.55 0.000422264
4.56 0.000403512
4.57 0.00038553
4.58 0.000368291
4.59 0.000351766
4.6 0.000335928
4.61 0.000320751
4.62 0.000306211
4.63 0.000292283
4.64 0.000278944
4.65 0.00026617
4.66 0.000253941
4.67 0.000242234
4.68 0.00023103
4.69 0.000220308
4.7 0.000210051
4.71 0.000200238
4.72 0.000190854
4.73 0.000181879
4.74 0.000173299
4.75 0.000165097
4.76 0.000157258
4.77 0.000149767
4.78 0.00014261
4.79 0.000135773
4.8 0.000129243
4.81 0.000123007
4.82 0.000117054
4.83 0.00011137
4.84 0.000105945
4.85 0.000100769
4.86 9.58297e-05
4.87 9.11179e-05
4.88 8.66239e-05
4.89 8.23383e-05
4.9 7.82521e-05
4.91 7.43567e-05
4.92 7.06438e-05
4.93 6.71056e-05
4.94 6.37343e-05
4.95 6.05226e-05
4.96 5.74634e-05
4.97 5.45502e-05
4.98 5.17763e-05
4.99 4.91355e-05
5 4.66219e-05
5.01 4.42297e-05
5.02 4.19536e-05
5.03 3.97882e-05
5.04 3.77284e-05
5.05 3.57696e-05
5.06 3.39069e-05
5.07 3.21361e-05
5.08 3.04529e-05
5.09 2.88532e-05
5.1 2.73331e-05
5.11 2.58889e-05
5.12 2.45171e-05
5.13 2.32142e-05
5.14 2.19771e-05
5.15 2.08025e-05
5.16 1.96875e-05
5.17 1.86293e-05
5.18 1.76251e-05
5.19 1.66724e-05
5.2 1.57686e-05
5.21 1.49114e-05
5.22 1.40986e-05
5.23 1.33279e-05
5.24 1.25973e-05
5.25 1.19048e-05
5.26 1.12486e-05
5.27 1.06268e-05
5.28 1.00378e-05
5.29 9.47995e-06
5.3 8.95164e-06
5.31 8.4514e-06
5.32 7.97783e-06
5.33 7.52959e-06
5.34 7.10539e-06
5.35 6.704e-06
5.36 6.32427e-06
5.37 5.96509e-06
5.38 5.6254e-06
5.39 5.30421e-06
5.4 5.00054e-06
5.41 4.7135e-06
5.42 4.44223e-06
5.43 4.18589e-06
5.44 3.9437e-06
5.45 3.71494e-06
5.46 3.49887e-06
5.47 3.29485e-06
5.48 3.10222e-06
5.49 2.92038e-06
5.5 2.74876e-06
5.51 2.58681e-06
5.52 2.43401e-06
5.53 2.28986e-06
5.54 2.1539e-06
5.55 2.02569e-06
5.56 1.90481e-06
5.57 1.79085e-06
5.58 1.68344e-06
5.59 1.58221e-06
5.6 1.48683e-06
5.61 1.39698e-06
5.62 1.31234e-06
5.63 1.23264e-06
5.64 1.15759e-06
5.65 1.08693e-06
5.66 1.02042e-06
5.67 9.57828e-07
5.68 8.9893e-07
5.69 8.43517e-07
5.7 7.91393e-07
5.71 7.4237e-07
5.72 6.96272e-07
5.73 6.52931e-07
5.74 6.12189e-07
5.75 5.73897e-07
5.76 5.37914e-07
5.77 5.04105e-07
5.78 4.72346e-07
5.79 4.42516e-07
5.8 4.14503e-07
5.81 3.88201e-07
5.82 3.63509e-07
5.83 3.40333e-07
5.84 3.18583e-07
5.85 2.98176e-07
5.86 2.7903e-07
5.87 2.61072e-07
5.88 2.4423e-07
5.89 2.28438e-07
5.9 2.13633e-07
5.91 1.99755e-07
5.92 1.86748e-07
5.93 1.74561e-07
5.94 1.63142e-07
5.95 1.52446e-07
5.96 1.42428e-07
5.97 1.33047e-07
5.98 1.24264e-07
5.99 1.16042e-07
