-6 0.0010849
-5.99 0.00110432
-5.98 0.00112407
-5.97 0.00114412
-5.96 0.00116451
-5.95 0.00118521
-5.94 0.00120625
-5.93 0.00122763
-5.92 0.00124935
-5.91 0.00127141
-5.9 0.00129383
-5.89 0.0013166
-5.88 0.00133973
-5.87 0.00136322
-5.86 0.00138709
-5.85 0.00141132
-5.84 0.00143594
-5.83 0.00146095
-5.82 0.00148635
-5.81 0.00151214
-5.8 0.00153833
-5.79 0.00156493
-5.78 0.00159194
-5.77 0.00161937
-5.76 0.00164722
-5.75 0.00167549
-5.74 0.00170421
-5.73 0.00173336
-5.72 0.00176296
-5.71 0.00179301
-5.7 0.00182351
-5.69 0.00185448
-5.68 0.00188592
-5.67 0.00191783
-5.66 0.00195023
-5.65 0.00198311
-5.64 0.00201648
-5.63 0.00205036
-5.62 0.00208474
-5.61 0.00211963
-5.6 0.00215504
-5.59 0.00219098
-5.58 0.00222745
-5.57 0.00226446
-5.56 0.00230201
-5.55 0.00234012
-5.54 0.00237878
-5.53 0.00241801
-5.52 0.00245782
-5.51 0.0024982
-5.5 0.00253917
-5.49 0.00258073
-5.48 0.0026229
-5.47 0.00266567
-5.46 0.00270906
-5.45 0.00275307
-5.44 0.00279772
-5.43 0.002843
-5.42 0.00288893
-5.41 0.00293551
-5.4 0.00298275
-5.39 0.00303066
-5.38 0.00307925
-5.37 0.00312852
-5.36 0.00317849
-5.35 0.00322915
-5.34 0.00328053
-5.33 0.00333262
-5.32 0.00338544
-5.31 0.00343899
-5.3 0.00349328
-5.29 0.00354832
-5.28 0.00360412
-5.27 0.00366069
-5.26 0.00371803
-5.25 0.00377616
-5.24 0.00383508
-5.23 0.00389481
-5.22 0.00395534
-5.21 0.0040167
-5.2 0.00407888
-5.19 0.0041419
-5.18 0.00420577
-5.17 0.0042705
-5.16 0.00433609
-5.15 0.00440256
-5.14 0.00446991
-5.13 0.00453815
-5.12 0.0046073
-5.11 0.00467736
-5.1 0.00474834
-5.09 0.00482026
-5.08 0.00489312
-5.07 0.00496693
-5.06 0.0050417
-5.05 0.00511744
-5.04 0.00519416
-5.03 0.00527188
-5.02 0.0053506
-5.01 0.00543033
-5 0.00551108
-4.99 0.00559287
-4.98 0.0056757
-4.97 0.00575958
-4.96 0.00584453
-4.95 0.00593055
-4.94 0.00601766
-4.93 0.00610586
-4.92 0.00619517
-4.91 0.0062856
-4.9 0.00637715
-4.89 0.00646985
-4.88 0.0065637
-4.87 0.0066587
-4.86 0.00675488
-4.85 0.00685225
-4.84 0.0069508
-4.83 0.00705057
-4.82 0.00715155
-4.81 0.00725376
-4.8 0.00735721
-4.79 0.00746191
-4.78 0.00756788
-4.77 0.00767512
-4.76 0.00778364
-4.75 0.00789346
-4.74 0.0080046
-4.73 0.00811705
-4.72 0.00823084
-4.71 0.00834597
-4.7 0.00846246
-4.69 0.00858032
-4.68 0.00869956
-4.67 0.00882019
-4.66 0.00894222
-4.65 0.00906568
-4.64 0.00919056
-4.63 0.00931688
-4.62 0.00944466
-4.61 0.0095739
-4.6 0.00970462
-4.59 0.00983683
-4.58 0.00997054
-4.57 0.0101058
-4.56 0.0102425
-4.55 0.0103808
-4.54 0.0105207
-4.53 0.0106621
-4.52 0.0108051
-4.51 0.0109497
-4.5 0.0110958
-4.49 0.0112436
-4.48 0.0113931
-4.47 0.0115441
-4.46 0.0116968
-4.45 0.0118512
-4.44 0.0120073
-4.43 0.012165
-4.42 0.0123245
-4.41 0.0124857
-4.4 0.0126486
-4.39 0.0128132
-4.38 0.0129796
-4.37 0.0131478
-4.36 0.0133178
-4.35 0.0134895
-4.34 0.0136631
-4.33 0.0138384
-4.32 0.0140156
-4.31 0.0141947
-4.3 0.0143756
-4.29 0.0145584
-4.28 0.014743
-4.27 0.0149296
-4.26 0.0151181
-4.25 0.0153084
-4.24 0.0155008
-4.23 0.015695
-4.22 0.0158913
-4.21 0.0160895
-4.2 0.0162897
-4.19 0.0164919
-4.18 0.0166961
-4.17 0.0169023
-4.16 0.0171105
-4.15 0.0173209
-4.14 0.0175332
-4.13 0.0177477
-4.12 0.0179642
-4.11 0.0181828
-4.1 0.0184036
-4.09 0.0186265
-4.08 0.0188515
-4.07 0.0190786
-4.06 0.019308
-4.05 0.0195394
-4.04 0.0197731
-4.03 0.020009
-4.02 0.0202471
-4.01 0.0204874
-4 0.02073
-3.99 0.0209747
-3.98 0.0212218
-3.97 0.0214711
-3.96 0.0217227
-3.95 0.0219766
-3.94 0.0222328
-3.93 0.0224913
-3.92 0.0227522
-3.91 0.0230154
-3.9 0.0232809
-3.89 0.0235488
-3.88 0.0238191
-3.87 0.0240918
-3.86 0.0243668
-3.85 0.0246443
-3.84 0.0249242
-3.83 0.0252065
-3.82 0.0254912
-3.81 0.0257784
-3.8 0.0260681
-3.79 0.0263602
-3.78 0.0266548
-3.77 0.0269519
-3.76 0.0272515
-3.75 0.0275536
-3.74 0.0278583
-3.73 0.0281655
-3.72 0.0284752
-3.71 0.0287874
-3.7 0.0291022
-3.69 0.0294196
-3.68 0.0297396
-3.67 0.0300621
-3.66 0.0303873
-3.65 0.030715
-3.64 0.0310454
-3.63 0.0313784
-3.62 0.031714
-3.61 0.0320523
-3.6 0.0323931
-3.59 0.0327367
-3.58 0.0330829
-3.57 0.0334318
-3.56 0.0337834
-3.55 0.0341376
-3.54 0.0344945
-3.53 0.0348542
-3.52 0.0352165
-3.51 0.0355815
-3.5 0.0359493
-3.49 0.0363198
-3.48 0.036693
-3.47 0.037069
-3.46 0.0374477
-3.45 0.0378291
-3.44 0.0382133
-3.43 0.0386002
-3.42 0.0389899
-3.41 0.0393824
-3.4 0.0397777
-3.39 0.0401757
-3.38 0.0405765
-3.37 0.0409801
-3.36 0.0413865
-3.35 0.0417956
-3.34 0.0422076
-3.33 0.0426224
-3.32 0.0430399
-3.31 0.0434603
-3.3 0.0438835
-3.29 0.0443095
-3.28 0.0447382
-3.27 0.0451698
-3.26 0.0456043
-3.25 0.0460415
-3.24 0.0464815
-3.23 0.0469244
-3.22 0.0473701
-3.21 0.0478186
-3.2 0.0482699
-3.19 0.048724
-3.18 0.049181
-3.17 0.0496407
-3.16 0.0501033
-3.15 0.0505687
-3.14 0.0510369
-3.13 0.0515079
-3.12 0.0519818
-3.11 0.0524584
-3.1 0.0529379
-3.09 0.0534201
-3.08 0.0539051
-3.07 0.054393
-3.06 0.0548836
-3.05 0.055377
-3.04 0.0558732
-3.03 0.0563722
-3.02 0.056874
-3.01 0.0573785
-3 0.0578858
-2.99 0.0583959
-2.98 0.0589087
-2.97 0.0594242
-2.96 0.0599425
-2.95 0.0604636
-2.94 0.0609873
-2.93 0.0615138
-2.92 0.062043
-2.91 0.0625749
-2.9 0.0631095
-2.89 0.0636468
-2.88 0.0641867
-2.87 0.0647294
-2.86 0.0652747
-2.85 0.0658226
-2.84 0.0663732
-2.83 0.0669264
-2.82 0.0674823
-2.81 0.0680407
-2.8 0.0686017
-2.79 0.0691654
-2.78 0.0697316
-2.77 0.0703003
-2.76 0.0708716
-2.75 0.0714455
-2.74 0.0720218
-2.73 0.0726007
-2.72 0.0731821
-2.71 0.0737659
-2.7 0.0743523
-2.69 0.074941
-2.68 0.0755322
-2.67 0.0761259
-2.66 0.0767219
-2.65 0.0773203
-2.64 0.0779211
-2.63 0.0785242
-2.62 0.0791297
-2.61 0.0797375
-2.6 0.0803476
-2.59 0.08096
-2.58 0.0815746
-2.57 0.0821915
-2.56 0.0828107
-2.55 0.083432
-2.54 0.0840555
-2.53 0.0846812
-2.52 0.085309
-2.51 0.0859389
-2.5 0.086571
-2.49 0.0872051
-2.48 0.0878413
-2.47 0.0884796
-2.46 0.0891198
-2.45 0.089762
-2.44 0.0904062
-2.43 0.0910524
-2.42 0.0917004
-2.41 0.0923504
-2.4 0.0930022
-2.39 0.0936559
-2.38 0.0943114
-2.37 0.0949687
-2.36 0.0956278
-2.35 0.0962886
-2.34 0.0969511
-2.33 0.0976153
-2.32 0.0982812
-2.31 0.0989487
-2.3 0.0996178
-2.29 0.100288
-2.28 0.100961
-2.27 0.101634
-2.26 0.10231
-2.25 0.102986
-2.24 0.103664
-2.23 0.104344
-2.22 0.105025
-2.21 0.105707
-2.2 0.106391
-2.19 0.107075
-2.18 0.107761
-2.17 0.108449
-2.16 0.109137
-2.15 0.109827
-2.14 0.110517
-2.13 0.111209
-2.12 0.111902
-2.11 0.112596
-2.1 0.113291
-2.09 0.113986
-2.08 0.114683
-2.07 0.115381
-2.06 0.116079
-2.05 0.116778
-2.04 0.117478
-2.03 0.118179
-2.02 0.11888
-2.01 0.119582
-2 0.120285
-1.99 0.120988
-1.98 0.121691
-1.97 0.122396
-1.96 0.1231
-1.95 0.123805
-1.94 0.124511
-1.93 0.125217
-1.92 0.125923
-1.91 0.126629
-1.9 0.127336
-1.89 0.128043
-1.88 0.12875
-1.87 0.129457
-1.86 0.130164
-1.85 0.130871
-1.84 0.131578
-1.83 0.132286
-1.82 0.132993
-1.81 0.133699
-1.8 0.134406
-1.79 0.135113
-1.78 0.135819
-1.77 0.136525
-1.76 0.13723
-1.75 0.137935
-1.74 0.13864
-1.73 0.139344
-1.72 0.140048
-1.71 0.140751
-1.7 0.141454
-1.69 0.142156
-1.68 0.142857
-1.67 0.143557
-1.66 0.144257
-1.65 0.144956
-1.64 0.145653
-1.63 0.14635
-1.62 0.147046
-1.61 0.147741
-1.6 0.148435
-1.59 0.149128
-1.58 0.14982
-1.57 0.15051
-1.56 0.1512
-1.55 0.151887
-1.54 0.152574
-1.53 0.153259
-1.52 0.153943
-1.51 0.154625
-1.5 0.155306
-1.49 0.155985
-1.48 0.156663
-1.47 0.157339
-1.46 0.158013
-1.45 0.158686
-1.44 0.159356
-1.43 0.160025
-1.42 0.160692
-1.41 0.161357
-1.4 0.16202
-1.39 0.162681
-1.38 0.16334
-1.37 0.163997
-1.36 0.164652
-1.35 0.165304
-1.34 0.165954
-1.33 0.166602
-1.32 0.167247
-1.31 0.16789
-1.3 0.168531
-1.29 0.169169
-1.28 0.169805
-1.27 0.170438
-1.26 0.171068
-1.25 0.171696
-1.24 0.17232
-1.23 0.172942
-1.22 0.173562
-1.21 0.174178
-1.2 0.174792
-1.19 0.175402
-1.18 0.17601
-1.17 0.176614
-1.16 0.177215
-1.15 0.177814
-1.14 0.178409
-1.13 0.179
-1.12 0.179589
-1.11 0.180174
-1.1 0.180756
-1.09 0.181334
-1.08 0.181909
-1.07 0.18248
-1.06 0.183048
-1.05 0.183612
-1.04 0.184173
-1.03 0.18473
-1.02 0.185283
-1.01 0.185833
-1 0.186378
-0.99 0.18692
-0.98 0.187458
-0.97 0.187992
-0.96 0.188521
-0.95 0.189047
-0.94 0.189569
-0.93 0.190087
-0.92 0.1906
-0.91 0.19111
-0.9 0.191615
-0.89 0.192116
-0.88 0.192612
-0.87 0.193105
-0.86 0.193592
-0.85 0.194076
-0.84 0.194555
-0.83 0.195029
-0.82 0.195499
-0.81 0.195964
-0.8 0.196425
-0.79 0.196881
-0.78 0.197332
-0.77 0.197778
-0.76 0.19822
-0.75 0.198657
-0.74 0.199089
-0.73 0.199516
-0.72 0.199939
-0.71 0.200356
-0.7 0.200768
-0.69 0.201176
-0.68 0.201578
-0.67 0.201975
-0.66 0.202367
-0.65 0.202754
-0.64 0.203136
-0.63 0.203512
-0.62 0.203884
-0.61 0.204249
-0.6 0.20461
-0.59 0.204965
-0.58 0.205315
-0.57 0.20566
-0.56 0.205999
-0.55 0.206333
-0.54 0.206661
-0.53 0.206983
-0.52 0.207301
-0.51 0.207612
-0.5 0.207918
-0.49 0.208218
-0.48 0.208513
-0.47 0.208802
-0.46 0.209085
-0.45 0.209363
-0.44 0.209635
-0.43 0.209901
-0.42 0.210162
-0.41 0.210416
-0.4 0.210665
-0.39 0.210909
-0.38 0.211146
-0.37 0.211378
-0.36 0.211604
-0.35 0.211825
-0.34 0.21204
-0.33 0.21225
-0.32 0.212454
-0.31 0.212654
-0.3 0.212848
-0.29 0.213037
-0.28 0.213222
-0.27 0.213403
-0.26 0.213579
-0.25 0.213752
-0.24 0.213921
-0.23 0.214086
-0.22 0.214248
-0.21 0.214408
-0.2 0.214564
-0.19 0.214718
-0.18 0.21487
-0.17 0.215018
-0.16 0.215164
-0.15 0.215306
-0.14 0.215445
-0.13 0.21558
-0.12 0.21571
-0.11 0.215835
-0.1 0.215954
-0.09 0.216065
-0.08 0.216168
-0.07 0.216263
-0.06 0.216347
-0.05 0.21642
-0.04 0.216481
-0.03 0.216529
-0.02 0.216564
-0.01 0.216585
0 0.216592
0.01 0.216585
0.02 0.216564
0.03 0.216529
0.04 0.216481
0.05 0.21642
0.06 0.216347
0.07 0.216263
0.08 0.216168
0.09 0.216065
0.1 0.215954
0.11 0.215835
0.12 0.21571
0.13 0.21558
0.14 0.215445
0.15 0.215306
0.16 0.215164
0.17 0.215018
0.18 0.21487
0.19 0.214718
0.2 0.214564
0.21 0.214408
0.22 0.214248
0.23 0.214086
0.24 0.213921
0.25 0.213752
0.26 0.213579
0.27 0.213403
0.28 0.213222
0.29 0.213037
0.3 0.212848
0.31 0.212654
0.32 0.212454
0.33 0.21225
0.34 0.21204
0.35 0.211825
0.36 0.211604
0.37 0.211378
0.38 0.211146
0.39 0.210909
0.4 0.210665
0.41 0.210416
0.42 0.210162
0.43 0.209901
0.44 0.209635
0.45 0.209363
0.46 0.209085
0.47 0.208802
0.48 0.208513
0.49 0.208218
0.5 0.207918
0.51 0.207612
0.52 0.207301
0.53 0.206983
0.54 0.206661
0.55 0.206333
0.56 0.205999
0.57 0.20566
0.58 0.205315
0.59 0.204965
0.6 0.20461
0.61 0.204249
0.62 0.203884
0.63 0.203512
0.64 0.203136
0.65 0.202754
0.66 0.202367
0.67 0.201975
0.68 0.201578
0.69 0.201176
0.7 0.200768
0.71 0.200356
0.72 0.199939
0.73 0.199516
0.74 0.199089
0.75 0.198657
0.76 0.19822
0.77 0.197778
0.78 0.197332
0.79 0.196881
0.8 0.196425
0.81 0.195964
0.82 0.195499
0.83 0.195029
0.84 0.194555
0.85 0.194076
0.86 0.193592
0.87 0.193105
0.88 0.192612
0.89 0.192116
0.9 0.191615
0.91 0.19111
0.92 0.1906
0.93 0.190087
0.94 0.189569
0.95 0.189047
0.96 0.188521
0.97 0.187992
0.98 0.187458
0.99 0.18692
1 0.186378
1.01 0.185833
1.02 0.185283
1.03 0.18473
1.04 0.184173
1.05 0.183612
1.06 0.183048
1.07 0.18248
1.08 0.181909
1.09 0.181334
1.1 0.180756
1.11 0.180174
1.12 0.179589
1.13 0.179
1.14 0.178409
1.15 0.177814
1.16 0.177215
1.17 0.176614
1.18 0.17601
1.19 0.175402
1.2 0.174792
1.21 0.174178
1.22 0.173562
1.23 0.172942
1.24 0.17232
1.25 0.171696
1.26 0.171068
1.27 0.170438
1.28 0.169805
1.29 0.169169
1.3 0.168531
1.31 0.16789
1.32 0.167247
1.33 0.166602
1.34 0.165954
1.35 0.165304
1.36 0.164652
1.37 0.163997
1.38 0.16334
1.39 0.162681
1.4 0.16202
1.41 0.161357
1.42 0.160692
1.43 0.160025
1.44 0.159356
1.45 0.158686
1.46 0.158013
1.47 0.157339
1.48 0.156663
1.49 0.155985
1.5 0.155306
1.51 0.154625
1.52 0.153943
1.53 0.153259
1.54 0.152574
1.55 0.151887
1.56 0.1512
1.57 0.15051
1.58 0.14982
1.59 0.149128
1.6 0.148435
1.61 0.147741
1.62 0.147046
1.63 0.14635
1.64 0.145653
1.65 0.144956
1.66 0.144257
1.67 0.143557
1.68 0.142857
1.69 0.142156
1.7 0.141454
1.71 0.140751
1.72 0.140048
1.73 0.139344
1.74 0.13864
1.75 0.137935
1.76 0.13723
1.77 0.136525
1.78 0.135819
1.79 0.135113
1.8 0.134406
1.81 0.133699
1.82 0.132993
1.83 0.132286
1.84 0.131578
1.85 0.130871
1.86 0.130164
1.87 0.129457
1.88 0.12875
1.89 0.128043
1.9 0.127336
1.91 0.126629
1.92 0.125923
1.93 0.125217
1.94 0.124511
1.95 0.123805
1.96 0.1231
1.97 0.122396
1.98 0.121691
1.99 0.120988
2 0.120285
2.01 0.119582
2.02 0.11888
2.03 0.118179
2.04 0.117478
2.05 0.116778
2.06 0.116079
2.07 0.115381
2.08 0.114683
2.09 0.113986
2.1 0.113291
2.11 0.112596
2.12 0.111902
2.13 0.111209
2.14 0.110517
2.15 0.109827
2.16 0.109137
2.17 0.108449
2.18 0.107761
2.19 0.107075
2.2 0.106391
2.21 0.105707
2.22 0.105025
2.23 0.104344
2.24 0.103664
2.25 0.102986
2.26 0.10231
2.27 0.101634
2.28 0.100961
2.29 0.100288
2.3 0.0996178
2.31 0.0989487
2.32 0.0982812
2.33 0.0976153
2.34 0.0969511
2.35 0.0962886
2.36 0.0956278
2.37 0.0949687
2.38 0.0943114
2.39 0.0936559
2.4 0.0930022
2.41 0.0923504
2.42 0.0917004
2.43 0.0910524
2.44 0.0904062
2.45 0.089762
2.46 0.0891198
2.47 0.0884796
2.48 0.0878413
2.49 0.0872051
2.5 0.086571
2.51 0.0859389
2.52 0.085309
2.53 0.0846812
2.54 0.0840555
2.55 0.083432
2.56 0.0828107
2.57 0.0821915
2.58 0.0815746
2.59 0.08096
2.6 0.0803476
2.61 0.0797375
2.62 0.0791297
2.63 0.0785242
2.64 0.0779211
2.65 0.0773203
2.66 0.0767219
2.67 0.0761259
2.68 0.0755322
2.69 0.074941
2.7 0.0743523
2.71 0.0737659
2.72 0.0731821
2.73 0.0726007
2.74 0.0720218
2.75 0.0714455
2.76 0.0708716
2.77 0.0703003
2.78 0.0697316
2.79 0.0691654
2.8 0.0686017
2.81 0.0680407
2.82 0.0674823
2.83 0.0669264
2.84 0.0663732
2.85 0.0658226
2.86 0.0652747
2.87 0.0647294
2.88 0.0641867
2.89 0.0636468
2.9 0.0631095
2.91 0.0625749
2.92 0.062043
2.93 0.0615138
2.94 0.0609873
2.95 0.0604636
2.96 0.0599425
2.97 0.0594242
2.98 0.0589087
2.99 0.0583959
3 0.0578858
3.01 0.0573785
3.02 0.056874
3.03 0.0563722
3.04 0.0558732
3.05 0.055377
3.06 0.0548836
3.07 0.054393
3.08 0.0539051
3.09 0.0534201
3.1 0.0529379
3.11 0.0524584
3.12 0.0519818
3.13 0.0515079
3.14 0.0510369
3.15 0.0505687
3.16 0.0501033
3.17 0.0496407
3.18 0.049181
3.19 0.048724
3.2 0.0482699
3.21 0.0478186
3.22 0.0473701
3.23 0.0469244
3.24 0.0464815
3.25 0.0460415
3.26 0.0456043
3.27 0.0451698
3.28 0.0447382
3.29 0.0443095
3.3 0.0438835
3.31 0.0434603
3.32 0.0430399
3.33 0.0426224
3.34 0.0422076
3.35 0.0417956
3.36 0.0413865
3.37 0.0409801
3.38 0.0405765
3.39 0.0401757
3.4 0.0397777
3.41 0.0393824
3.42 0.0389899
3.43 0.0386002
3.44 0.0382133
3.45 0.0378291
3.46 0.0374477
3.47 0.037069
3.48 0.036693
3.49 0.0363198
3.5 0.0359493
3.51 0.0355815
3.52 0.0352165
3.53 0.0348542
3.54 0.0344945
3.55 0.0341376
3.56 0.0337834
3.57 0.0334318
3.58 0.0330829
3.59 0.0327367
3.6 0.0323931
3.61 0.0320523
3.62 0.031714
3.63 0.0313784
3.64 0.0310454
3.65 0.030715
3.66 0.0303873
3.67 0.0300621
3.68 0.0297396
3.69 0.0294196
3.7 0.0291022
3.71 0.0287874
3.72 0.0284752
3.73 0.0281655
3.74 0.0278583
3.75 0.0275536
3.76 0.0272515
3.77 0.0269519
3.78 0.0266548
3.79 0.0263602
3.8 0.0260681
3.81 0.0257784
3.82 0.0254912
3.83 0.0252065
3.84 0.0249242
3.85 0.0246443
3.86 0.0243668
3.87 0.0240918
3.88 0.0238191
3.89 0.0235488
3.9 0.0232809
3.91 0.0230154
3.92 0.0227522
3.93 0.0224913
3.94 0.0222328
3.95 0.0219766
3.96 0.0217227
3.97 0.0214711
3.98 0.0212218
3.99 0.0209747
4 0.02073
4.01 0.0204874
4.02 0.0202471
4.03 0.020009
4.04 0.0197731
4.05 0.0195394
4.06 0.019308
4.07 0.0190786
4.08 0.0188515
4.09 0.0186265
4.1 0.0184036
4.11 0.0181828
4.12 0.0179642
4.13 0.0177477
4.14 0.0175332
4.15 0.0173209
4.16 0.0171105
4.17 0.0169023
4.18 0.0166961
4.19 0.0164919
4.2 0.0162897
4.21 0.0160895
4.22 0.0158913
4.23 0.015695
4.24 0.0155008
4.25 0.0153084
4.26 0.0151181
4.27 0.0149296
4.28 0.014743
4.29 0.0145584
4.3 0.0143756
4.31 0.0141947
4.32 0.0140156
4.33 0.0138384
4.34 0.0136631
4.35 0.0134895
4.36 0.0133178
4.37 0.0131478
4.38 0.0129796
4.39 0.0128132
4.4 0.0126486
4.41 0.0124857
4.42 0.0123245
4.43 0.012165
4.44 0.0120073
4.45 0.0118512
4.46 0.0116968
4.47 0.0115441
4.48 0.0113931
4.49 0.0112436
4.5 0.0110958
4.51 0.0109497
4.52 0.0108051
4.53 0.0106621
4.54 0.0105207
4.55 0.0103808
4.56 0.0102425
4.57 0.0101058
4.58 0.00997054
4.59 0.00983683
4.6 0.00970462
4.61 0.0095739
4.62 0.00944466
4.63 0.00931688
4.64 0.00919056
4.65 0.00906568
4.66 0.00894222
4.67 0.00882019
4.68 0.00869956
4.69 0.00858032
4.7 0.00846246
4.71 0.00834597
4.72 0.00823084
4.73 0.00811705
4.74 0.0080046
4.75 0.00789346
4.76 0.00778364
4.77 0.00767512
4.78 0.00756788
4.79 0.00746191
4.8 0.00735721
4.81 0.00725376
4.82 0.00715155
4.83 0.00705057
4.84 0.0069508
4.85 0.00685225
4.86 0.00675488
4.87 0.0066587
4.88 0.0065637
4.89 0.00646985
4.9 0.00637715
4.91 0.0062856
4.92 0.00619517
4.93 0.00610586
4.94 0.00601766
4.95 0.00593055
4.96 0.00584453
4.97 0.00575958
4.98 0.0056757
4.99 0.00559287
5 0.00551108
5.01 0.00543033
5.02 0.0053506
5.03 0.00527188
5.04 0.00519416
5.05 0.00511744
5.06 0.0050417
5.07 0.00496693
5.08 0.00489312
5.09 0.00482026
5.1 0.00474834
5.11 0.00467736
5.12 0.0046073
5.13 0.00453815
5.14 0.00446991
5.15 0.00440256
5.16 0.00433609
5.17 0.0042705
5.18 0.00420577
5.19 0.0041419
5.2 0.00407888
5.21 0.0040167
5.22 0.00395534
5.23 0.00389481
5.24 0.00383508
5.25 0.00377616
5.26 0.00371803
5.27 0.00366069
5.28 0.00360412
5.29 0.00354832
5.3 0.00349328
5.31 0.00343899
5.32 0.00338544
5.33 0.00333262
5.34 0.00328053
5.35 0.00322915
5.36 0.00317849
5.37 0.00312852
5.38 0.00307925
5.39 0.00303066
5.4 0.00298275
5.41 0.00293551
5.42 0.00288893
5.43 0.002843
5.44 0.00279772
5.45 0.00275307
5.46 0.00270906
5.47 0.00266567
5.48 0.0026229
5.49 0.00258073
5.5 0.00253917
5.51 0.0024982
5.52 0.00245782
5.53 0.00241801
5.54 0.00237878
5.55 0.00234012
5.56 0.00230201
5.57 0.00226446
5.58 0.00222745
5.59 0.00219098
5.6 0.00215504
5.61 0.00211963
5.62 0.00208474
5.63 0.00205036
5.64 0.00201648
5.65 0.00198311
5.66 0.00195023
5.67 0.00191783
5.68 0.00188592
5.69 0.00185448
5.7 0.00182351
5.71 0.00179301
5.72 0.00176296
5.73 0.00173336
5.74 0.00170421
5.75 0.00167549
5.76 0.00164722
5.77 0.00161937
5.78 0.00159194
5.79 0.00156493
5.8 0.00153833
5.81 0.00151214
5.82 0.00148635
5.83 0.00146095
5.84 0.00143594
5.85 0.00141132
5.86 0.00138709
5.87 0.00136322
5.88 0.00133973
5.89 0.0013166
5.9 0.00129383
5.91 0.00127141
5.92 0.00124935
5.93 0.00122763
5.94 0.00120625
5.95 0.00118521
5.96 0.00116451
5.97 0.00114412
5.98 0.00112407
5.99 0.00110432
