-6 1.74198e-06
-5.99 1.82787e-06
-5.98 1.91781e-06
-5.97 2.01197e-06
-5.96 2.11054e-06
-5.95 2.21371e-06
-5.94 2.3217e-06
-5.93 2.43472e-06
-5.92 2.55297e-06
-5.91 2.67671e-06
-5.9 2.80616e-06
-5.89 2.94157e-06
-5.88 3.08321e-06
-5.87 3.23135e-06
-5.86 3.38626e-06
-5.85 3.54825e-06
-5.84 3.71761e-06
-5.83 3.89467e-06
-5.82 4.07975e-06
-5.81 4.2732e-06
-5.8 4.47537e-06
-5.79 4.68664e-06
-5.78 4.90739e-06
-5.77 5.13802e-06
-5.76 5.37895e-06
-5.75 5.63061e-06
-5.74 5.89346e-06
-5.73 6.16796e-06
-5.72 6.4546e-06
-5.71 6.75389e-06
-5.7 7.06634e-06
-5.69 7.39251e-06
-5.68 7.73296e-06
-5.67 8.08828e-06
-5.66 8.45907e-06
-5.65 8.84598e-06
-5.64 9.24966e-06
-5.63 9.67079e-06
-5.62 1.01101e-05
-5.61 1.05683e-05
-5.6 1.10461e-05
-5.59 1.15444e-05
-5.58 1.2064e-05
-5.57 1.26056e-05
-5.56 1.31703e-05
-5.55 1.37589e-05
-5.54 1.43724e-05
-5.53 1.50117e-05
-5.52 1.56779e-05
-5.51 1.6372e-05
-5.5 1.70951e-05
-5.49 1.78484e-05
-5.48 1.8633e-05
-5.47 1.94501e-05
-5.46 2.03011e-05
-5.45 2.11871e-05
-5.44 2.21096e-05
-5.43 2.307e-05
-5.42 2.40697e-05
-5.41 2.51101e-05
-5.4 2.61929e-05
-5.39 2.73197e-05
-5.38 2.84921e-05
-5.37 2.97118e-05
-5.36 3.09807e-05
-5.35 3.23004e-05
-5.34 3.36731e-05
-5.33 3.51005e-05
-5.32 3.65848e-05
-5.31 3.81281e-05
-5.3 3.97324e-05
-5.29 4.14001e-05
-5.28 4.31335e-05
-5.27 4.4935e-05
-5.26 4.6807e-05
-5.25 4.87521e-05
-5.24 5.0773e-05
-5.23 5.28723e-05
-5.22 5.50529e-05
-5.21 5.73178e-05
-5.2 5.96698e-05
-5.19 6.21121e-05
-5.18 6.46478e-05
-5.17 6.72804e-05
-5.16 7.00132e-05
-5.15 7.28496e-05
-5.14 7.57934e-05
-5.13 7.88482e-05
-5.12 8.2018e-05
-5.11 8.53066e-05
-5.1 8.87182e-05
-5.09 9.22569e-05
-5.08 9.59273e-05
-5.07 9.97336e-05
-5.06 0.000103681
-5.05 0.000107773
-5.04 0.000112016
-5.03 0.000116414
-5.02 0.000120972
-5.01 0.000125697
-5 0.000130593
-4.99 0.000135666
-4.98 0.000140922
-4.97 0.000146367
-4.96 0.000152007
-4.95 0.000157849
-4.94 0.000163899
-4.93 0.000170163
-4.92 0.000176649
-4.91 0.000183365
-4.9 0.000190316
-4.89 0.000197511
-4.88 0.000204958
-4.87 0.000212664
-4.86 0.000220638
-4.85 0.000228887
-4.84 0.000237422
-4.83 0.00024625
-4.82 0.00025538
-4.81 0.000264823
-4.8 0.000274587
-4.79 0.000284683
-4.78 0.00029512
-4.77 0.00030591
-4.76 0.000317062
-4.75 0.000328588
-4.74 0.000340498
-4.73 0.000352805
-4.72 0.00036552
-4.71 0.000378656
-4.7 0.000392224
-4.69 0.000406238
-4.68 0.00042071
-4.67 0.000435654
-4.66 0.000451084
-4.65 0.000467014
-4.64 0.000483457
-4.63 0.00050043
-4.62 0.000517946
-4.61 0.000536022
-4.6 0.000554673
-4.59 0.000573916
-4.58 0.000593767
-4.57 0.000614242
-4.56 0.000635361
-4.55 0.000657139
-4.54 0.000679596
-4.53 0.00070275
-4.52 0.00072662
-4.51 0.000751225
-4.5 0.000776586
-4.49 0.000802723
-4.48 0.000829656
-4.47 0.000857407
-4.46 0.000885998
-4.45 0.00091545
-4.44 0.000945786
-4.43 0.00097703
-4.42 0.0010092
-4.41 0.00104233
-4.4 0.00107644
-4.39 0.00111156
-4.38 0.0011477
-4.37 0.00118491
-4.36 0.00122319
-4.35 0.00126259
-4.34 0.00130312
-4.33 0.00134482
-4.32 0.00138772
-4.31 0.00143184
-4.3 0.00147721
-4.29 0.00152388
-4.28 0.00157185
-4.27 0.00162118
-4.26 0.00167188
-4.25 0.001724
-4.24 0.00177757
-4.23 0.00183262
-4.22 0.00188918
-4.21 0.00194729
-4.2 0.00200699
-4.19 0.00206831
-4.18 0.0021313
-4.17 0.00219598
-4.16 0.0022624
-4.15 0.00233059
-4.14 0.0024006
-4.13 0.00247246
-4.12 0.00254622
-4.11 0.00262192
-4.1 0.00269959
-4.09 0.00277929
-4.08 0.00286106
-4.07 0.00294494
-4.06 0.00303097
-4.05 0.00311921
-4.04 0.00320969
-4.03 0.00330246
-4.02 0.00339758
-4.01 0.00349508
-4 0.00359503
-3.99 0.00369746
-3.98 0.00380243
-3.97 0.00390999
-3.96 0.00402019
-3.95 0.00413308
-3.94 0.00424872
-3.93 0.00436715
-3.92 0.00448844
-3.91 0.00461263
-3.9 0.00473979
-3.89 0.00486996
-3.88 0.00500321
-3.87 0.00513959
-3.86 0.00527915
-3.85 0.00542197
-3.84 0.00556809
-3.83 0.00571758
-3.82 0.00587049
-3.81 0.00602689
-3.8 0.00618683
-3.79 0.00635039
-3.78 0.00651762
-3.77 0.00668858
-3.76 0.00686334
-3.75 0.00704196
-3.74 0.00722451
-3.73 0.00741105
-3.72 0.00760164
-3.71 0.00779636
-3.7 0.00799526
-3.69 0.00819842
-3.68 0.0084059
-3.67 0.00861777
-3.66 0.0088341
-3.65 0.00905495
-3.64 0.0092804
-3.63 0.0095105
-3.62 0.00974534
-3.61 0.00998498
-3.6 0.0102295
-3.59 0.0104789
-3.58 0.0107334
-3.57 0.0109929
-3.56 0.0112576
-3.55 0.0115275
-3.54 0.0118027
-3.53 0.0120833
-3.52 0.0123693
-3.51 0.0126608
-3.5 0.0129579
-3.49 0.0132606
-3.48 0.013569
-3.47 0.0138833
-3.46 0.0142033
-3.45 0.0145294
-3.44 0.0148614
-3.43 0.0151995
-3.42 0.0155437
-3.41 0.0158941
-3.4 0.0162508
-3.39 0.0166139
-3.38 0.0169834
-3.37 0.0173593
-3.36 0.0177418
-3.35 0.018131
-3.34 0.0185268
-3.33 0.0189293
-3.32 0.0193387
-3.31 0.019755
-3.3 0.0201782
-3.29 0.0206085
-3.28 0.0210458
-3.27 0.0214902
-3.26 0.0219419
-3.25 0.0224008
-3.24 0.022867
-3.23 0.0233406
-3.22 0.0238216
-3.21 0.0243102
-3.2 0.0248063
-3.19 0.02531
-3.18 0.0258213
-3.17 0.0263404
-3.16 0.0268672
-3.15 0.0274018
-3.14 0.0279443
-3.13 0.0284947
-3.12 0.029053
-3.11 0.0296193
-3.1 0.0301937
-3.09 0.0307762
-3.08 0.0313668
-3.07 0.0319655
-3.06 0.0325724
-3.05 0.0331876
-3.04 0.033811
-3.03 0.0344427
-3.02 0.0350827
-3.01 0.0357311
-3 0.0363879
-2.99 0.037053
-2.98 0.0377266
-2.97 0.0384086
-2.96 0.0390991
-2.95 0.039798
-2.94 0.0405054
-2.93 0.0412213
-2.92 0.0419458
-2.91 0.0426787
-2.9 0.0434201
-2.89 0.0441701
-2.88 0.0449285
-2.87 0.0456955
-2.86 0.046471
-2.85 0.047255
-2.84 0.0480474
-2.83 0.0488484
-2.82 0.0496577
-2.81 0.0504756
-2.8 0.0513018
-2.79 0.0521364
-2.78 0.0529794
-2.77 0.0538307
-2.76 0.0546903
-2.75 0.0555582
-2.74 0.0564342
-2.73 0.0573185
-2.72 0.0582109
-2.71 0.0591114
-2.7 0.06002
-2.69 0.0609365
-2.68 0.061861
-2.67 0.0627933
-2.66 0.0637335
-2.65 0.0646814
-2.64 0.0656369
-2.63 0.0666001
-2.62 0.0675708
-2.61 0.068549
-2.6 0.0695345
-2.59 0.0705273
-2.58 0.0715273
-2.57 0.0725345
-2.56 0.0735486
-2.55 0.0745697
-2.54 0.0755976
-2.53 0.0766322
-2.52 0.0776735
-2.51 0.0787212
-2.5 0.0797754
-2.49 0.0808358
-2.48 0.0819024
-2.47 0.082975
-2.46 0.0840536
-2.45 0.085138
-2.44 0.086228
-2.43 0.0873236
-2.42 0.0884245
-2.41 0.0895307
-2.4 0.0906421
-2.39 0.0917584
-2.38 0.0928796
-2.37 0.0940054
-2.36 0.0951358
-2.35 0.0962705
-2.34 0.0974095
-2.33 0.0985525
-2.32 0.0996994
-2.31 0.10085
-2.3 0.102004
-2.29 0.103162
-2.28 0.104323
-2.27 0.105487
-2.26 0.106653
-2.25 0.107823
-2.24 0.108995
-2.23 0.110169
-2.22 0.111346
-2.21 0.112524
-2.2 0.113704
-2.19 0.114886
-2.18 0.116069
-2.17 0.117254
-2.16 0.118439
-2.15 0.119625
-2.14 0.120812
-2.13 0.121999
-2.12 0.123187
-2.11 0.124374
-2.1 0.125561
-2.09 0.126748
-2.08 0.127934
-2.07 0.12912
-2.06 0.130304
-2.05 0.131488
-2.04 0.132669
-2.03 0.13385
-2.02 0.135028
-2.01 0.136204
-2 0.137378
-1.99 0.13855
-1.98 0.139719
-1.97 0.140885
-1.96 0.142047
-1.95 0.143207
-1.94 0.144363
-1.93 0.145515
-1.92 0.146664
-1.91 0.147808
-1.9 0.148948
-1.89 0.150084
-1.88 0.151214
-1.87 0.15234
-1.86 0.153461
-1.85 0.154576
-1.84 0.155685
-1.83 0.156789
-1.82 0.157887
-1.81 0.158979
-1.8 0.160065
-1.79 0.161144
-1.78 0.162216
-1.77 0.163282
-1.76 0.16434
-1.75 0.165391
-1.74 0.166435
-1.73 0.167471
-1.72 0.168499
-1.71 0.169519
-1.7 0.170531
-1.69 0.171535
-1.68 0.172531
-1.67 0.173517
-1.66 0.174495
-1.65 0.175464
-1.64 0.176424
-1.63 0.177375
-1.62 0.178316
-1.61 0.179248
-1.6 0.18017
-1.59 0.181082
-1.58 0.181984
-1.57 0.182877
-1.56 0.183759
-1.55 0.184631
-1.54 0.185492
-1.53 0.186343
-1.52 0.187183
-1.51 0.188012
-1.5 0.188831
-1.49 0.189638
-1.48 0.190435
-1.47 0.19122
-1.46 0.191994
-1.45 0.192757
-1.44 0.193509
-1.43 0.194249
-1.42 0.194978
-1.41 0.195695
-1.4 0.1964
-1.39 0.197094
-1.38 0.197776
-1.37 0.198446
-1.36 0.199104
-1.35 0.199751
-1.34 0.200386
-1.33 0.201009
-1.32 0.20162
-1.31 0.202219
-1.3 0.202806
-1.29 0.203381
-1.28 0.203944
-1.27 0.204495
-1.26 0.205035
-1.25 0.205562
-1.24 0.206078
-1.23 0.206581
-1.22 0.207073
-1.21 0.207553
-1.2 0.208021
-1.19 0.208477
-1.18 0.208922
-1.17 0.209355
-1.16 0.209777
-1.15 0.210186
-1.14 0.210585
-1.13 0.210972
-1.12 0.211347
-1.11 0.211712
-1.1 0.212065
-1.09 0.212407
-1.08 0.212738
-1.07 0.213058
-1.06 0.213367
-1.05 0.213666
-1.04 0.213954
-1.03 0.214231
-1.02 0.214498
-1.01 0.214754
-1 0.215001
-0.99 0.215237
-0.98 0.215464
-0.97 0.21568
-0.96 0.215887
-0.95 0.216084
-0.94 0.216272
-0.93 0.216451
-0.92 0.21662
-0.91 0.216781
-0.9 0.216932
-0.89 0.217075
-0.88 0.217209
-0.87 0.217335
-0.86 0.217453
-0.85 0.217563
-0.84 0.217664
-0.83 0.217758
-0.82 0.217844
-0.81 0.217923
-0.8 0.217995
-0.79 0.218059
-0.78 0.218117
-0.77 0.218168
-0.76 0.218212
-0.75 0.21825
-0.74 0.218282
-0.73 0.218308
-0.72 0.218327
-0.71 0.218341
-0.7 0.21835
-0.69 0.218353
-0.68 0.218351
-0.67 0.218344
-0.66 0.218333
-0.65 0.218317
-0.64 0.218296
-0.63 0.218271
-0.62 0.218242
-0.61 0.218209
-0.6 0.218173
-0.59 0.218132
-0.58 0.218089
-0.57 0.218042
-0.56 0.217993
-0.55 0.21794
-0.54 0.217885
-0.53 0.217828
-0.52 0.217768
-0.51 0.217706
-0.5 0.217642
-0.49 0.217576
-0.48 0.217509
-0.47 0.21744
-0.46 0.21737
-0.45 0.217299
-0.44 0.217227
-0.43 0.217154
-0.42 0.21708
-0.41 0.217006
-0.4 0.216932
-0.39 0.216857
-0.38 0.216782
-0.37 0.216708
-0.36 0.216633
-0.35 0.216559
-0.34 0.216485
-0.33 0.216412
-0.32 0.21634
-0.31 0.216269
-0.3 0.216198
-0.29 0.216129
-0.28 0.216061
-0.27 0.215994
-0.26 0.215929
-0.25 0.215865
-0.24 0.215803
-0.23 0.215743
-0.22 0.215685
-0.21 0.215628
-0.2 0.215574
-0.19 0.215521
-0.18 0.215471
-0.17 0.215423
-0.16 0.215378
-0.15 0.215335
-0.14 0.215294
-0.13 0.215256
-0.12 0.215221
-0.11 0.215188
-0.1 0.215158
-0.09 0.21513
-0.08 0.215106
-0.07 0.215084
-0.06 0.215065
-0.05 0.215049
-0.04 0.215035
-0.03 0.215025
-0.02 0.215018
-0.01 0.215013
0 0.215012
0.01 0.215013
0.02 0.215018
0.03 0.215025
0.04 0.215035
0.05 0.215049
0.06 0.215065
0.07 0.215084
0.08 0.215106
0.09 0.21513
0.1 0.215158
0.11 0.215188
0.12 0.215221
0.13 0.215256
0.14 0.215294
0.15 0.215335
0.16 0.215378
0.17 0.215423
0.18 0.215471
0.19 0.215521
0.2 0.215574
0.21 0.215628
0.22 0.215685
0.23 0.215743
0.24 0.215803
0.25 0.215865
0.26 0.215929
0.27 0.215994
0.28 0.216061
0.29 0.216129
0.3 0.216198
0.31 0.216269
0.32 0.21634
0.33 0.216412
0.34 0.216485
0.35 0.216559
0.36 0.216633
0.37 0.216708
0.38 0.216782
0.39 0.216857
0.4 0.216932
0.41 0.217006
0.42 0.21708
0.43 0.217154
0.44 0.217227
0.45 0.217299
0.46 0.21737
0.47 0.21744
0.48 0.217509
0.49 0.217576
0.5 0.217642
0.51 0.217706
0.52 0.217768
0.53 0.217828
0.54 0.217885
0.55 0.21794
0.56 0.217993
0.57 0.218042
0.58 0.218089
0.59 0.218132
0.6 0.218173
0.61 0.218209
0.62 0.218242
0.63 0.218271
0.64 0.218296
0.65 0.218317
0.66 0.218333
0.67 0.218344
0.68 0.218351
0.69 0.218353
0.7 0.21835
0.71 0.218341
0.72 0.218327
0.73 0.218308
0.74 0.218282
0.75 0.21825
0.76 0.218212
0.77 0.218168
0.78 0.218117
0.79 0.218059
0.8 0.217995
0.81 0.217923
0.82 0.217844
0.83 0.217758
0.84 0.217664
0.85 0.217563
0.86 0.217453
0.87 0.217335
0.88 0.217209
0.89 0.217075
0.9 0.216932
0.91 0.216781
0.92 0.21662
0.93 0.216451
0.94 0.216272
0.95 0.216084
0.96 0.215887
0.97 0.21568
0.98 0.215464
0.99 0.215237
1 0.215001
1.01 0.214754
1.02 0.214498
1.03 0.214231
1.04 0.213954
1.05 0.213666
1.06 0.213367
1.07 0.213058
1.08 0.212738
1.09 0.212407
1.1 0.212065
1.11 0.211712
1.12 0.211347
1.13 0.210972
1.14 0.210585
1.15 0.210186
1.16 0.209777
1.17 0.209355
1.18 0.208922
1.19 0.208477
1.2 0.208021
1.21 0.207553
1.22 0.207073
1.23 0.206581
1.24 0.206078
1.25 0.205562
1.26 0.205035
1.27 0.204495
1.28 0.203944
1.29 0.203381
1.3 0.202806
1.31 0.202219
1.32 0.20162
1.33 0.201009
1.34 0.200386
1.35 0.199751
1.36 0.199104
1.37 0.198446
1.38 0.197776
1.39 0.197094
1.4 0.1964
1.41 0.195695
1.42 0.194978
1.43 0.194249
1.44 0.193509
1.45 0.192757
1.46 0.191994
1.47 0.19122
1.48 0.190435
1.49 0.189638
1.5 0.188831
1.51 0.188012
1.52 0.187183
1.53 0.186343
1.54 0.185492
1.55 0.184631
1.56 0.183759
1.57 0.182877
1.58 0.181984
1.59 0.181082
1.6 0.18017
1.61 0.179248
1.62 0.178316
1.63 0.177375
1.64 0.176424
1.65 0.175464
1.66 0.174495
1.67 0.173517
1.68 0.172531
1.69 0.171535
1.7 0.170531
1.71 0.169519
1.72 0.168499
1.73 0.167471
1.74 0.166435
1.75 0.165391
1.76 0.16434
1.77 0.163282
1.78 0.162216
1.79 0.161144
1.8 0.160065
1.81 0.158979
1.82 0.157887
1.83 0.156789
1.84 0.155685
1.85 0.154576
1.86 0.153461
1.87 0.15234
1.88 0.151214
1.89 0.150084
1.9 0.148948
1.91 0.147808
1.92 0.146664
1.93 0.145515
1.94 0.144363
1.95 0.143207
1.96 0.142047
1.97 0.140885
1.98 0.139719
1.99 0.13855
2 0.137378
2.01 0.136204
2.02 0.135028
2.03 0.13385
2.04 0.132669
2.05 0.131488
2.06 0.130304
2.07 0.12912
2.08 0.127934
2.09 0.126748
2.1 0.125561
2.11 0.124374
2.12 0.123187
2.13 0.121999
2.14 0.120812
2.15 0.119625
2.16 0.118439
2.17 0.117254
2.18 0.116069
2.19 0.114886
2.2 0.113704
2.21 0.112524
2.22 0.111346
2.23 0.110169
2.24 0.108995
2.25 0.107823
2.26 0.106653
2.27 0.105487
2.28 0.104323
2.29 0.103162
2.3 0.102004
2.31 0.10085
2.32 0.0996994
2.33 0.0985525
2.34 0.0974095
2.35 0.0962705
2.36 0.0951358
2.37 0.0940054
2.38 0.0928796
2.39 0.0917584
2.4 0.0906421
2.41 0.0895307
2.42 0.0884245
2.43 0.0873236
2.44 0.086228
2.45 0.085138
2.46 0.0840536
2.47 0.082975
2.48 0.0819024
2.49 0.0808358
2.5 0.0797754
2.51 0.0787212
2.52 0.0776735
2.53 0.0766322
2.54 0.0755976
2.55 0.0745697
2.56 0.0735486
2.57 0.0725345
2.58 0.0715273
2.59 0.0705273
2.6 0.0695345
2.61 0.068549
2.62 0.0675708
2.63 0.0666001
2.64 0.0656369
2.65 0.0646814
2.66 0.0637335
2.67 0.0627933
2.68 0.061861
2.69 0.0609365
2.7 0.06002
2.71 0.0591114
2.72 0.0582109
2.73 0.0573185
2.74 0.0564342
2.75 0.0555582
2.76 0.0546903
2.77 0.0538307
2.78 0.0529794
2.79 0.0521364
2.8 0.0513018
2.81 0.0504756
2.82 0.0496577
2.83 0.0488484
2.84 0.0480474
2.85 0.047255
2.86 0.046471
2.87 0.0456955
2.88 0.0449285
2.89 0.0441701
2.9 0.0434201
2.91 0.0426787
2.92 0.0419458
2.93 0.0412213
2.94 0.0405054
2.95 0.039798
2.96 0.0390991
2.97 0.0384086
2.98 0.0377266
2.99 0.037053
3 0.0363879
3.01 0.0357311
3.02 0.0350827
3.03 0.0344427
3.04 0.033811
3.05 0.0331876
3.06 0.0325724
3.07 0.0319655
3.08 0.0313668
3.09 0.0307762
3.1 0.0301937
3.11 0.0296193
3.12 0.029053
3.13 0.0284947
3.14 0.0279443
3.15 0.0274018
3.16 0.0268672
3.17 0.0263404
3.18 0.0258213
3.19 0.02531
3.2 0.0248063
3.21 0.0243102
3.22 0.0238216
3.23 0.0233406
3.24 0.022867
3.25 0.0224008
3.26 0.0219419
3.27 0.0214902
3.28 0.0210458
3.29 0.0206085
3.3 0.0201782
3.31 0.019755
3.32 0.0193387
3.33 0.0189293
3.34 0.0185268
3.35 0.018131
3.36 0.0177418
3.37 0.0173593
3.38 0.0169834
3.39 0.0166139
3.4 0.0162508
3.41 0.0158941
3.42 0.0155437
3.43 0.0151995
3.44 0.0148614
3.45 0.0145294
3.46 0.0142033
3.47 0.0138833
3.48 0.013569
3.49 0.0132606
3.5 0.0129579
3.51 0.0126608
3.52 0.0123693
3.53 0.0120833
3.54 0.0118027
3.55 0.0115275
3.56 0.0112576
3.57 0.0109929
3.58 0.0107334
3.59 0.0104789
3.6 0.0102295
3.61 0.00998498
3.62 0.00974534
3.63 0.0095105
3.64 0.0092804
3.65 0.00905495
3.66 0.0088341
3.67 0.00861777
3.68 0.0084059
3.69 0.00819842
3.7 0.00799526
3.71 0.00779636
3.72 0.00760164
3.73 0.00741105
3.74 0.00722451
3.75 0.00704196
3.76 0.00686334
3.77 0.00668858
3.78 0.00651762
3.79 0.00635039
3.8 0.00618683
3.81 0.00602689
3.82 0.00587049
3.83 0.00571758
3.84 0.00556809
3.85 0.00542197
3.86 0.00527915
3.87 0.00513959
3.88 0.00500321
3.89 0.00486996
3.9 0.00473979
3.91 0.00461263
3.92 0.00448844
3.93 0.00436715
3.94 0.00424872
3.95 0.00413308
3.96 0.00402019
3.97 0.00390999
3.98 0.00380243
3.99 0.00369746
4 0.00359503
4.01 0.00349508
4.02 0.00339758
4.03 0.00330246
4.04 0.00320969
4.05 0.00311921
4.06 0.00303097
4.07 0.00294494
4.08 0.00286106
4.09 0.00277929
4.1 0.00269959
4.11 0.00262192
4.12 0.00254622
4.13 0.00247246
4.14 0.0024006
4.15 0.00233059
4.16 0.0022624
4.17 0.00219598
4.18 0.0021313
4.19 0.00206831
4.2 0.00200699
4.21 0.00194729
4.22 0.00188918
4.23 0.00183262
4.24 0.00177757
4.25 0.001724
4.26 0.00167188
4.27 0.00162118
4.28 0.00157185
4.29 0.00152388
4.3 0.00147721
4.31 0.00143184
4.32 0.00138772
4.33 0.00134482
4.34 0.00130312
4.35 0.00126259
4.36 0.00122319
4.37 0.00118491
4.38 0.0011477
4.39 0.00111156
4.4 0.00107644
4.41 0.00104233
4.42 0.0010092
4.43 0.00097703
4.44 0.000945786
4.45 0.00091545
4.46 0.000885998
4.47 0.000857407
4.48 0.000829656
4.49 0.000802723
4.5 0.000776586
4.51 0.000751225
4.52 0.00072662
4.53 0.00070275
4.54 0.000679596
4.55 0.000657139
4.56 0.000635361
4.57 0.000614242
4.58 0.000593767
4.59 0.000573916
4.6 0.000554673
4.61 0.000536022
4.62 0.000517946
4.63 0.00050043
4.64 0.000483457
4.65 0.000467014
4.66 0.000451084
4.67 0.000435654
4.68 0.00042071
4.69 0.000406238
4.7 0.000392224
4.71 0.000378656
4.72 0.00036552
4.73 0.000352805
4.74 0.000340498
4.75 0.000328588
4.76 0.000317062
4.77 0.00030591
4.78 0.00029512
4.79 0.000284683
4.8 0.000274587
4.81 0.000264823
4.82 0.00025538
4.83 0.00024625
4.84 0.000237422
4.85 0.000228887
4.86 0.000220638
4.87 0.000212664
4.88 0.000204958
4.89 0.000197511
4.9 0.000190316
4.91 0.000183365
4.92 0.000176649
4.93 0.000170163
4.94 0.000163899
4.95 0.000157849
4.96 0.000152007
4.97 0.000146367
4.98 0.000140922
4.99 0.000135666
5 0.000130593
5.01 0.000125697
5.02 0.000120972
5.03 0.000116414
5.04 0.000112016
5.05 0.000107773
5.06 0.000103681
5.07 9.97336e-05
5.08 9.59273e-05
5.09 9.22569e-05
5.1 8.87182e-05
5.11 8.53066e-05
5.12 8.2018e-05
5.13 7.88482e-05
5.14 7.57934e-05
5.15 7.28496e-05
5.16 7.00132e-05
5.17 6.72804e-05
5.18 6.46478e-05
5.19 6.21121e-05
5.2 5.96698e-05
5.21 5.73178e-05
5.22 5.50529e-05
5.23 5.28723e-05
5.24 5.0773e-05
5.25 4.87521e-05
5.26 4.6807e-05
5.27 4.4935e-05
5.28 4.31335e-05
5.29 4.14001e-05
5.3 3.97324e-05
5.31 3.81281e-05
5.32 3.65848e-05
5.33 3.51005e-05
5.34 3.36731e-05
5.35 3.23004e-05
5.36 3.09807e-05
5.37 2.97118e-05
5.38 2.84921e-05
5.39 2.73197e-05
5.4 2.61929e-05
5.41 2.51101e-05
5.42 2.40697e-05
5.43 2.307e-05
5.44 2.21096e-05
5.45 2.11871e-05
5.46 2.03011e-05
5.47 1.94501e-05
5.48 1.8633e-05
5.49 1.78484e-05
5.5 1.70951e-05
5.51 1.6372e-05
5.52 1.56779e-05
5.53 1.50117e-05
5.54 1.43724e-05
5.55 1.37589e-05
5.56 1.31703e-05
5.57 1.26056e-05
5.58 1.2064e-05
5.59 1.15444e-05
5.6 1.10461e-05
5.61 1.05683e-05
5.62 1.01101e-05
5.63 9.67079e-06
5.64 9.24966e-06
5.65 8.84598e-06
5.66 8.45907e-06
5.67 8.08828e-06
5.68 7.73296e-06
5.69 7.39251e-06
5.7 7.06634e-06
5.71 6.75389e-06
5.72 6.4546e-06
5.73 6.16796e-06
5.74 5.89346e-06
5.75 5.63061e-06
5.76 5.37895e-06
5.77 5.13802e-06
5.78 4.90739e-06
5.79 4.68664e-06
5.8 4.47537e-06
5.81 4.2732e-06
5.82 4.07975e-06
5.83 3.89467e-06
5.84 3.71761e-06
5.85 3.54825e-06
5.86 3.38626e-06
5.87 3.23135e-06
5.88 3.08321e-06
5.89 2.94157e-06
5.9 2.80616e-06
5.91 2.67671e-06
5.92 2.55297e-06
5.93 2.43472e-06
5.94 2.3217e-06
5.95 2.21371e-06
5.96 2.11054e-06
5.97 2.01197e-06
5.98 1.91781e-06
5.99 1.82787e-06
