-6 0.00388641
-5.99 0.00394656
-5.98 0.0040075
-5.97 0.00406924
-5.96 0.00413179
-5.95 0.00419516
-5.94 0.00425935
-5.93 0.00432438
-5.92 0.00439025
-5.91 0.00445697
-5.9 0.00452455
-5.89 0.00459299
-5.88 0.00466231
-5.87 0.00473251
-5.86 0.0048036
-5.85 0.0048756
-5.84 0.0049485
-5.83 0.00502232
-5.82 0.00509707
-5.81 0.00517275
-5.8 0.00524937
-5.79 0.00532695
-5.78 0.00540549
-5.77 0.00548499
-5.76 0.00556548
-5.75 0.00564695
-5.74 0.00572941
-5.73 0.00581288
-5.72 0.00589737
-5.71 0.00598288
-5.7 0.00606942
-5.69 0.00615699
-5.68 0.00624562
-5.67 0.00633531
-5.66 0.00642606
-5.65 0.00651789
-5.64 0.00661081
-5.63 0.00670481
-5.62 0.00679993
-5.61 0.00689615
-5.6 0.0069935
-5.59 0.00709198
-5.58 0.00719159
-5.57 0.00729236
-5.56 0.00739428
-5.55 0.00749737
-5.54 0.00760164
-5.53 0.0077071
-5.52 0.00781375
-5.51 0.0079216
-5.5 0.00803066
-5.49 0.00814095
-5.48 0.00825247
-5.47 0.00836523
-5.46 0.00847924
-5.45 0.00859451
-5.44 0.00871105
-5.43 0.00882887
-5.42 0.00894797
-5.41 0.00906837
-5.4 0.00919008
-5.39 0.00931309
-5.38 0.00943744
-5.37 0.00956311
-5.36 0.00969013
-5.35 0.00981849
-5.34 0.00994822
-5.33 0.0100793
-5.32 0.0102118
-5.31 0.0103457
-5.3 0.0104809
-5.29 0.0106176
-5.28 0.0107556
-5.27 0.0108951
-5.26 0.0110361
-5.25 0.0111784
-5.24 0.0113223
-5.23 0.0114675
-5.22 0.0116143
-5.21 0.0117625
-5.2 0.0119122
-5.19 0.0120634
-5.18 0.0122161
-5.17 0.0123703
-5.16 0.0125261
-5.15 0.0126833
-5.14 0.0128421
-5.13 0.0130024
-5.12 0.0131643
-5.11 0.0133278
-5.1 0.0134928
-5.09 0.0136594
-5.08 0.0138276
-5.07 0.0139974
-5.06 0.0141687
-5.05 0.0143417
-5.04 0.0145163
-5.03 0.0146925
-5.02 0.0148704
-5.01 0.0150499
-5 0.015231
-4.99 0.0154138
-4.98 0.0155983
-4.97 0.0157844
-4.96 0.0159722
-4.95 0.0161617
-4.94 0.0163529
-4.93 0.0165458
-4.92 0.0167404
-4.91 0.0169367
-4.9 0.0171347
-4.89 0.0173345
-4.88 0.0175359
-4.87 0.0177392
-4.86 0.0179441
-4.85 0.0181508
-4.84 0.0183593
-4.83 0.0185695
-4.82 0.0187815
-4.81 0.0189953
-4.8 0.0192109
-4.79 0.0194282
-4.78 0.0196474
-4.77 0.0198683
-4.76 0.020091
-4.75 0.0203156
-4.74 0.0205419
-4.73 0.0207701
-4.72 0.0210001
-4.71 0.0212319
-4.7 0.0214656
-4.69 0.0217011
-4.68 0.0219384
-4.67 0.0221776
-4.66 0.0224186
-4.65 0.0226615
-4.64 0.0229062
-4.63 0.0231528
-4.62 0.0234013
-4.61 0.0236516
-4.6 0.0239038
-4.59 0.0241579
-4.58 0.0244138
-4.57 0.0246716
-4.56 0.0249313
-4.55 0.0251929
-4.54 0.0254564
-4.53 0.0257218
-4.52 0.025989
-4.51 0.0262581
-4.5 0.0265292
-4.49 0.0268021
-4.48 0.0270769
-4.47 0.0273536
-4.46 0.0276322
-4.45 0.0279128
-4.44 0.0281952
-4.43 0.0284795
-4.42 0.0287657
-4.41 0.0290538
-4.4 0.0293438
-4.39 0.0296357
-4.38 0.0299295
-4.37 0.0302252
-4.36 0.0305228
-4.35 0.0308223
-4.34 0.0311237
-4.33 0.031427
-4.32 0.0317321
-4.31 0.0320392
-4.3 0.0323481
-4.29 0.032659
-4.28 0.0329717
-4.27 0.0332863
-4.26 0.0336028
-4.25 0.0339211
-4.24 0.0342413
-4.23 0.0345634
-4.22 0.0348874
-4.21 0.0352132
-4.2 0.0355408
-4.19 0.0358704
-4.18 0.0362017
-4.17 0.0365349
-4.16 0.03687
-4.15 0.0372069
-4.14 0.0375456
-4.13 0.0378861
-4.12 0.0382284
-4.11 0.0385726
-4.1 0.0389186
-4.09 0.0392663
-4.08 0.0396159
-4.07 0.0399672
-4.06 0.0403203
-4.05 0.0406752
-4.04 0.0410318
-4.03 0.0413902
-4.02 0.0417504
-4.01 0.0421123
-4 0.0424759
-3.99 0.0428412
-3.98 0.0432083
-3.97 0.043577
-3.96 0.0439475
-3.95 0.0443196
-3.94 0.0446934
-3.93 0.0450689
-3.92 0.045446
-3.91 0.0458248
-3.9 0.0462052
-3.89 0.0465873
-3.88 0.0469709
-3.87 0.0473562
-3.86 0.047743
-3.85 0.0481314
-3.84 0.0485214
-3.83 0.048913
-3.82 0.049306
-3.81 0.0497007
-3.8 0.0500968
-3.79 0.0504944
-3.78 0.0508936
-3.77 0.0512942
-3.76 0.0516963
-3.75 0.0520998
-3.74 0.0525047
-3.73 0.0529111
-3.72 0.0533189
-3.71 0.0537281
-3.7 0.0541386
-3.69 0.0545506
-3.68 0.0549638
-3.67 0.0553784
-3.66 0.0557944
-3.65 0.0562116
-3.64 0.0566301
-3.63 0.0570498
-3.62 0.0574709
-3.61 0.0578931
-3.6 0.0583166
-3.59 0.0587413
-3.58 0.0591671
-3.57 0.0595941
-3.56 0.0600223
-3.55 0.0604516
-3.54 0.060882
-3.53 0.0613135
-3.52 0.0617461
-3.51 0.0621797
-3.5 0.0626144
-3.49 0.0630501
-3.48 0.0634867
-3.47 0.0639244
-3.46 0.064363
-3.45 0.0648026
-3.44 0.0652431
-3.43 0.0656844
-3.42 0.0661267
-3.41 0.0665698
-3.4 0.0670138
-3.39 0.0674585
-3.38 0.0679041
-3.37 0.0683504
-3.36 0.0687975
-3.35 0.0692454
-3.34 0.0696939
-3.33 0.0701431
-3.32 0.070593
-3.31 0.0710435
-3.3 0.0714947
-3.29 0.0719465
-3.28 0.0723988
-3.27 0.0728517
-3.26 0.0733051
-3.25 0.0737591
-3.24 0.0742135
-3.23 0.0746684
-3.22 0.0751237
-3.21 0.0755795
-3.2 0.0760356
-3.19 0.0764921
-3.18 0.076949
-3.17 0.0774062
-3.16 0.0778637
-3.15 0.0783214
-3.14 0.0787794
-3.13 0.0792377
-3.12 0.0796961
-3.11 0.0801547
-3.1 0.0806135
-3.09 0.0810724
-3.08 0.0815315
-3.07 0.0819906
-3.06 0.0824497
-3.05 0.0829089
-3.04 0.0833681
-3.03 0.0838273
-3.02 0.0842864
-3.01 0.0847455
-3 0.0852045
-2.99 0.0856634
-2.98 0.0861221
-2.97 0.0865807
-2.96 0.0870391
-2.95 0.0874972
-2.94 0.0879551
-2.93 0.0884128
-2.92 0.0888702
-2.91 0.0893272
-2.9 0.0897839
-2.89 0.0902403
-2.88 0.0906962
-2.87 0.0911517
-2.86 0.0916068
-2.85 0.0920615
-2.84 0.0925156
-2.83 0.0929692
-2.82 0.0934223
-2.81 0.0938748
-2.8 0.0943268
-2.79 0.0947781
-2.78 0.0952288
-2.77 0.0956788
-2.76 0.0961281
-2.75 0.0965767
-2.74 0.0970246
-2.73 0.0974717
-2.72 0.097918
-2.71 0.0983635
-2.7 0.0988082
-2.69 0.099252
-2.68 0.0996949
-2.67 0.100137
-2.66 0.100578
-2.65 0.101018
-2.64 0.101457
-2.63 0.101895
-2.62 0.102333
-2.61 0.102769
-2.6 0.103204
-2.59 0.103638
-2.58 0.10407
-2.57 0.104502
-2.56 0.104933
-2.55 0.105362
-2.54 0.10579
-2.53 0.106217
-2.52 0.106642
-2.51 0.107067
-2.5 0.10749
-2.49 0.107911
-2.48 0.108332
-2.47 0.108751
-2.46 0.109168
-2.45 0.109585
-2.44 0.109999
-2.43 0.110413
-2.42 0.110825
-2.41 0.111235
-2.4 0.111644
-2.39 0.112051
-2.38 0.112457
-2.37 0.112861
-2.36 0.113264
-2.35 0.113665
-2.34 0.114065
-2.33 0.114462
-2.32 0.114858
-2.31 0.115253
-2.3 0.115646
-2.29 0.116037
-2.28 0.116426
-2.27 0.116814
-2.26 0.117199
-2.25 0.117583
-2.24 0.117966
-2.23 0.118346
-2.22 0.118725
-2.21 0.119101
-2.2 0.119476
-2.19 0.119849
-2.18 0.12022
-2.17 0.120589
-2.16 0.120957
-2.15 0.121322
-2.14 0.121685
-2.13 0.122047
-2.12 0.122406
-2.11 0.122764
-2.1 0.123119
-2.09 0.123472
-2.08 0.123824
-2.07 0.124173
-2.06 0.12452
-2.05 0.124865
-2.04 0.125209
-2.03 0.12555
-2.02 0.125888
-2.01 0.126225
-2 0.12656
-1.99 0.126893
-1.98 0.127223
-1.97 0.127551
-1.96 0.127877
-1.95 0.128201
-1.94 0.128523
-1.93 0.128843
-1.92 0.12916
-1.91 0.129475
-1.9 0.129788
-1.89 0.130099
-1.88 0.130408
-1.87 0.130714
-1.86 0.131018
-1.85 0.13132
-1.84 0.13162
-1.83 0.131917
-1.82 0.132212
-1.81 0.132505
-1.8 0.132795
-1.79 0.133084
-1.78 0.13337
-1.77 0.133654
-1.76 0.133935
-1.75 0.134214
-1.74 0.134491
-1.73 0.134766
-1.72 0.135038
-1.71 0.135308
-1.7 0.135576
-1.69 0.135842
-1.68 0.136105
-1.67 0.136366
-1.66 0.136624
-1.65 0.136881
-1.64 0.137135
-1.63 0.137387
-1.62 0.137636
-1.61 0.137883
-1.6 0.138128
-1.59 0.138371
-1.58 0.138611
-1.57 0.138849
-1.56 0.139085
-1.55 0.139318
-1.54 0.139549
-1.53 0.139778
-1.52 0.140005
-1.51 0.14023
-1.5 0.140452
-1.49 0.140672
-1.48 0.140889
-1.47 0.141105
-1.46 0.141318
-1.45 0.141529
-1.44 0.141738
-1.43 0.141944
-1.42 0.142148
-1.41 0.14235
-1.4 0.14255
-1.39 0.142748
-1.38 0.142943
-1.37 0.143137
-1.36 0.143328
-1.35 0.143517
-1.34 0.143704
-1.33 0.143888
-1.32 0.144071
-1.31 0.144251
-1.3 0.14443
-1.29 0.144606
-1.28 0.14478
-1.27 0.144952
-1.26 0.145122
-1.25 0.14529
-1.24 0.145455
-1.23 0.145619
-1.22 0.145781
-1.21 0.14594
-1.2 0.146098
-1.19 0.146254
-1.18 0.146407
-1.17 0.146559
-1.16 0.146708
-1.15 0.146856
-1.14 0.147002
-1.13 0.147146
-1.12 0.147287
-1.11 0.147427
-1.1 0.147565
-1.09 0.147701
-1.08 0.147836
-1.07 0.147968
-1.06 0.148098
-1.05 0.148227
-1.04 0.148354
-1.03 0.148479
-1.02 0.148602
-1.01 0.148723
-1 0.148843
-0.99 0.148961
-0.98 0.149077
-0.97 0.149191
-0.96 0.149304
-0.95 0.149415
-0.94 0.149524
-0.93 0.149631
-0.92 0.149737
-0.91 0.149841
-0.9 0.149944
-0.89 0.150045
-0.88 0.150144
-0.87 0.150242
-0.86 0.150338
-0.85 0.150432
-0.84 0.150525
-0.83 0.150616
-0.82 0.150706
-0.81 0.150794
-0.8 0.150881
-0.79 0.150966
-0.78 0.15105
-0.77 0.151132
-0.76 0.151213
-0.75 0.151293
-0.74 0.151371
-0.73 0.151447
-0.72 0.151522
-0.71 0.151596
-0.7 0.151668
-0.69 0.151739
-0.68 0.151809
-0.67 0.151877
-0.66 0.151944
-0.65 0.15201
-0.64 0.152074
-0.63 0.152137
-0.62 0.152199
-0.61 0.152259
-0.6 0.152319
-0.59 0.152377
-0.58 0.152434
-0.57 0.152489
-0.56 0.152543
-0.55 0.152597
-0.54 0.152649
-0.53 0.152699
-0.52 0.152749
-0.51 0.152798
-0.5 0.152845
-0.49 0.152891
-0.48 0.152936
-0.47 0.15298
-0.46 0.153023
-0.45 0.153065
-0.44 0.153106
-0.43 0.153146
-0.42 0.153184
-0.41 0.153222
-0.4 0.153258
-0.39 0.153294
-0.38 0.153329
-0.37 0.153362
-0.36 0.153395
-0.35 0.153426
-0.34 0.153457
-0.33 0.153486
-0.32 0.153515
-0.31 0.153542
-0.3 0.153569
-0.29 0.153595
-0.28 0.15362
-0.27 0.153644
-0.26 0.153666
-0.25 0.153689
-0.24 0.15371
-0.23 0.15373
-0.22 0.153749
-0.21 0.153768
-0.2 0.153785
-0.19 0.153802
-0.18 0.153818
-0.17 0.153833
-0.16 0.153847
-0.15 0.153861
-0.14 0.153875
-0.13 0.153889
-0.12 0.153904
-0.11 0.153922
-0.1 0.153943
-0.09 0.15397
-0.08 0.154002
-0.07 0.154042
-0.06 0.154088
-0.05 0.154138
-0.04 0.15419
-0.03 0.154238
-0.02 0.154278
-0.01 0.154304
0 0.154313
0.01 0.154304
0.02 0.154278
0.03 0.154238
0.04 0.15419
0.05 0.154138
0.06 0.154088
0.07 0.154042
0.08 0.154002
0.09 0.15397
0.1 0.153943
0.11 0.153922
0.12 0.153904
0.13 0.153889
0.14 0.153875
0.15 0.153861
0.16 0.153847
0.17 0.153833
0.18 0.153818
0.19 0.153802
0.2 0.153785
0.21 0.153768
0.22 0.153749
0.23 0.15373
0.24 0.15371
0.25 0.153689
0.26 0.153666
0.27 0.153644
0.28 0.15362
0.29 0.153595
0.3 0.153569
0.31 0.153542
0.32 0.153515
0.33 0.153486
0.34 0.153457
0.35 0.153426
0.36 0.153395
0.37 0.153362
0.38 0.153329
0.39 0.153294
0.4 0.153258
0.41 0.153222
0.42 0.153184
0.43 0.153146
0.44 0.153106
0.45 0.153065
0.46 0.153023
0.47 0.15298
0.48 0.152936
0.49 0.152891
0.5 0.152845
0.51 0.152798
0.52 0.152749
0.53 0.152699
0.54 0.152649
0.55 0.152597
0.56 0.152543
0.57 0.152489
0.58 0.152434
0.59 0.152377
0.6 0.152319
0.61 0.152259
0.62 0.152199
0.63 0.152137
0.64 0.152074
0.65 0.15201
0.66 0.151944
0.67 0.151877
0.68 0.151809
0.69 0.151739
0.7 0.151668
0.71 0.151596
0.72 0.151522
0.73 0.151447
0.74 0.151371
0.75 0.151293
0.76 0.151213
0.77 0.151132
0.78 0.15105
0.79 0.150966
0.8 0.150881
0.81 0.150794
0.82 0.150706
0.83 0.150616
0.84 0.150525
0.85 0.150432
0.86 0.150338
0.87 0.150242
0.88 0.150144
0.89 0.150045
0.9 0.149944
0.91 0.149841
0.92 0.149737
0.93 0.149631
0.94 0.149524
0.95 0.149415
0.96 0.149304
0.97 0.149191
0.98 0.149077
0.99 0.148961
1 0.148843
1.01 0.148723
1.02 0.148602
1.03 0.148479
1.04 0.148354
1.05 0.148227
1.06 0.148098
1.07 0.147968
1.08 0.147836
1.09 0.147701
1.1 0.147565
1.11 0.147427
1.12 0.147287
1.13 0.147146
1.14 0.147002
1.15 0.146856
1.16 0.146708
1.17 0.146559
1.18 0.146407
1.19 0.146254
1.2 0.146098
1.21 0.14594
1.22 0.145781
1.23 0.145619
1.24 0.145455
1.25 0.14529
1.26 0.145122
1.27 0.144952
1.28 0.14478
1.29 0.144606
1.3 0.14443
1.31 0.144251
1.32 0.144071
1.33 0.143888
1.34 0.143704
1.35 0.143517
1.36 0.143328
1.37 0.143137
1.38 0.142943
1.39 0.142748
1.4 0.14255
1.41 0.14235
1.42 0.142148
1.43 0.141944
1.44 0.141738
1.45 0.141529
1.46 0.141318
1.47 0.141105
1.48 0.140889
1.49 0.140672
1.5 0.140452
1.51 0.14023
1.52 0.140005
1.53 0.139778
1.54 0.139549
1.55 0.139318
1.56 0.139085
1.57 0.138849
1.58 0.138611
1.59 0.138371
1.6 0.138128
1.61 0.137883
1.62 0.137636
1.63 0.137387
1.64 0.137135
1.65 0.136881
1.66 0.136624
1.67 0.136366
1.68 0.136105
1.69 0.135842
1.7 0.135576
1.71 0.135308
1.72 0.135038
1.73 0.134766
1.74 0.134491
1.75 0.134214
1.76 0.133935
1.77 0.133654
1.78 0.13337
1.79 0.133084
1.8 0.132795
1.81 0.132505
1.82 0.132212
1.83 0.131917
1.84 0.13162
1.85 0.13132
1.86 0.131018
1.87 0.130714
1.88 0.130408
1.89 0.130099
1.9 0.129788
1.91 0.129475
1.92 0.12916
1.93 0.128843
1.94 0.128523
1.95 0.128201
1.96 0.127877
1.97 0.127551
1.98 0.127223
1.99 0.126893
2 0.12656
2.01 0.126225
2.02 0.125888
2.03 0.12555
2.04 0.125209
2.05 0.124865
2.06 0.12452
2.07 0.124173
2.08 0.123824
2.09 0.123472
2.1 0.123119
2.11 0.122764
2.12 0.122406
2.13 0.122047
2.14 0.121685
2.15 0.121322
2.16 0.120957
2.17 0.120589
2.18 0.12022
2.19 0.119849
2.2 0.119476
2.21 0.119101
2.22 0.118725
2.23 0.118346
2.24 0.117966
2.25 0.117583
2.26 0.117199
2.27 0.116814
2.28 0.116426
2.29 0.116037
2.3 0.115646
2.31 0.115253
2.32 0.114858
2.33 0.114462
2.34 0.114065
2.35 0.113665
2.36 0.113264
2.37 0.112861
2.38 0.112457
2.39 0.112051
2.4 0.111644
2.41 0.111235
2.42 0.110825
2.43 0.110413
2.44 0.109999
2.45 0.109585
2.46 0.109168
2.47 0.108751
2.48 0.108332
2.49 0.107911
2.5 0.10749
2.51 0.107067
2.52 0.106642
2.53 0.106217
2.54 0.10579
2.55 0.105362
2.56 0.104933
2.57 0.104502
2.58 0.10407
2.59 0.103638
2.6 0.103204
2.61 0.102769
2.62 0.102333
2.63 0.101895
2.64 0.101457
2.65 0.101018
2.66 0.100578
2.67 0.100137
2.68 0.0996949
2.69 0.099252
2.7 0.0988082
2.71 0.0983635
2.72 0.097918
2.73 0.0974717
2.74 0.0970246
2.75 0.0965767
2.76 0.0961281
2.77 0.0956788
2.78 0.0952288
2.79 0.0947781
2.8 0.0943268
2.81 0.0938748
2.82 0.0934223
2.83 0.0929692
2.84 0.0925156
2.85 0.0920615
2.86 0.0916068
2.87 0.0911517
2.88 0.0906962
2.89 0.0902403
2.9 0.0897839
2.91 0.0893272
2.92 0.0888702
2.93 0.0884128
2.94 0.0879551
2.95 0.0874972
2.96 0.0870391
2.97 0.0865807
2.98 0.0861221
2.99 0.0856634
3 0.0852045
3.01 0.0847455
3.02 0.0842864
3.03 0.0838273
3.04 0.0833681
3.05 0.0829089
3.06 0.0824497
3.07 0.0819906
3.08 0.0815315
3.09 0.0810724
3.1 0.0806135
3.11 0.0801547
3.12 0.0796961
3.13 0.0792377
3.14 0.0787794
3.15 0.0783214
3.16 0.0778637
3.17 0.0774062
3.18 0.076949
3.19 0.0764921
3.2 0.0760356
3.21 0.0755795
3.22 0.0751237
3.23 0.0746684
3.24 0.0742135
3.25 0.0737591
3.26 0.0733051
3.27 0.0728517
3.28 0.0723988
3.29 0.0719465
3.3 0.0714947
3.31 0.0710435
3.32 0.070593
3.33 0.0701431
3.34 0.0696939
3.35 0.0692454
3.36 0.0687975
3.37 0.0683504
3.38 0.0679041
3.39 0.0674585
3.4 0.0670138
3.41 0.0665698
3.42 0.0661267
3.43 0.0656844
3.44 0.0652431
3.45 0.0648026
3.46 0.064363
3.47 0.0639244
3.48 0.0634867
3.49 0.0630501
3.5 0.0626144
3.51 0.0621797
3.52 0.0617461
3.53 0.0613135
3.54 0.060882
3.55 0.0604516
3.56 0.0600223
3.57 0.0595941
3.58 0.0591671
3.59 0.0587413
3.6 0.0583166
3.61 0.0578931
3.62 0.0574709
3.63 0.0570498
3.64 0.0566301
3.65 0.0562116
3.66 0.0557944
3.67 0.0553784
3.68 0.0549638
3.69 0.0545506
3.7 0.0541386
3.71 0.0537281
3.72 0.0533189
3.73 0.0529111
3.74 0.0525047
3.75 0.0520998
3.76 0.0516963
3.77 0.0512942
3.78 0.0508936
3.79 0.0504944
3.8 0.0500968
3.81 0.0497007
3.82 0.049306
3.83 0.048913
3.84 0.0485214
3.85 0.0481314
3.86 0.047743
3.87 0.0473562
3.88 0.0469709
3.89 0.0465873
3.9 0.0462052
3.91 0.0458248
3.92 0.045446
3.93 0.0450689
3.94 0.0446934
3.95 0.0443196
3.96 0.0439475
3.97 0.043577
3.98 0.0432083
3.99 0.0428412
4 0.0424759
4.01 0.0421123
4.02 0.0417504
4.03 0.0413902
4.04 0.0410318
4.05 0.0406752
4.06 0.0403203
4.07 0.0399672
4.08 0.0396159
4.09 0.0392663
4.1 0.0389186
4.11 0.0385726
4.12 0.0382284
4.13 0.0378861
4.14 0.0375456
4.15 0.0372069
4.16 0.03687
4.17 0.0365349
4.18 0.0362017
4.19 0.0358704
4.2 0.0355408
4.21 0.0352132
4.22 0.0348874
4.23 0.0345634
4.24 0.0342413
4.25 0.0339211
4.26 0.0336028
4.27 0.0332863
4.28 0.0329717
4.29 0.032659
4.3 0.0323481
4.31 0.0320392
4.32 0.0317321
4.33 0.031427
4.34 0.0311237
4.35 0.0308223
4.36 0.0305228
4.37 0.0302252
4.38 0.0299295
4.39 0.0296357
4.4 0.0293438
4.41 0.0290538
4.42 0.0287657
4.43 0.0284795
4.44 0.0281952
4.45 0.0279128
4.46 0.0276322
4.47 0.0273536
4.48 0.0270769
4.49 0.0268021
4.5 0.0265292
4.51 0.0262581
4.52 0.025989
4.53 0.0257218
4.54 0.0254564
4.55 0.0251929
4.56 0.0249313
4.57 0.0246716
4.58 0.0244138
4.59 0.0241579
4.6 0.0239038
4.61 0.0236516
4.62 0.0234013
4.63 0.0231528
4.64 0.0229062
4.65 0.0226615
4.66 0.0224186
4.67 0.0221776
4.68 0.0219384
4.69 0.0217011
4.7 0.0214656
4.71 0.0212319
4.72 0.0210001
4.73 0.0207701
4.74 0.0205419
4.75 0.0203156
4.76 0.020091
4.77 0.0198683
4.78 0.0196474
4.79 0.0194282
4.8 0.0192109
4.81 0.0189953
4.82 0.0187815
4.83 0.0185695
4.84 0.0183593
4.85 0.0181508
4.86 0.0179441
4.87 0.0177392
4.88 0.0175359
4.89 0.0173345
4.9 0.0171347
4.91 0.0169367
4.92 0.0167404
4.93 0.0165458
4.94 0.0163529
4.95 0.0161617
4.96 0.0159722
4.97 0.0157844
4.98 0.0155983
4.99 0.0154138
5 0.015231
5.01 0.0150499
5.02 0.0148704
5.03 0.0146925
5.04 0.0145163
5.05 0.0143417
5.06 0.0141687
5.07 0.0139974
5.08 0.0138276
5.09 0.0136594
5.1 0.0134928
5.11 0.0133278
5.12 0.0131643
5.13 0.0130024
5.14 0.0128421
5.15 0.0126833
5.16 0.0125261
5.17 0.0123703
5.18 0.0122161
5.19 0.0120634
5.2 0.0119122
5.21 0.0117625
5.22 0.0116143
5.23 0.0114675
5.24 0.0113223
5.25 0.0111784
5.26 0.0110361
5.27 0.0108951
5.28 0.0107556
5.29 0.0106176
5.3 0.0104809
5.31 0.0103457
5.32 0.0102118
5.33 0.0100793
5.34 0.00994822
5.35 0.00981849
5.36 0.00969013
5.37 0.00956311
5.38 0.00943744
5.39 0.00931309
5.4 0.00919008
5.41 0.00906837
5.42 0.00894797
5.43 0.00882887
5.44 0.00871105
5.45 0.00859451
5.46 0.00847924
5.47 0.00836523
5.48 0.00825247
5.49 0.00814095
5.5 0.00803066
5.51 0.0079216
5.52 0.00781375
5.53 0.0077071
5.54 0.00760164
5.55 0.00749737
5.56 0.00739428
5.57 0.00729236
5.58 0.00719159
5.59 0.00709198
5.6 0.0069935
5.61 0.00689615
5.62 0.00679993
5.63 0.00670481
5.64 0.00661081
5.65 0.00651789
5.66 0.00642606
5.67 0.00633531
5.68 0.00624562
5.69 0.00615699
5.7 0.00606942
5.71 0.00598288
5.72 0.00589737
5.73 0.00581288
5.74 0.00572941
5.75 0.00564695
5.76 0.00556548
5.77 0.00548499
5.78 0.00540549
5.79 0.00532695
5.8 0.00524937
5.81 0.00517275
5.82 0.00509707
5.83 0.00502232
5.84 0.0049485
5.85 0.0048756
5.86 0.0048036
5.87 0.00473251
5.88 0.00466231
5.89 0.00459299
5.9 0.00452455
5.91 0.00445697
5.92 0.00439025
5.93 0.00432438
5.94 0.00425935
5.95 0.00419516
5.96 0.00413179
5.97 0.00406924
5.98 0.0040075
5.99 0.00394656
