-6 1.15605e-05
-5.99 1.21142e-05
-5.98 1.2693e-05
-5.97 1.32979e-05
-5.96 1.39301e-05
-5.95 1.45906e-05
-5.94 1.52808e-05
-5.93 1.60018e-05
-5.92 1.6755e-05
-5.91 1.75416e-05
-5.9 1.8363e-05
-5.89 1.92208e-05
-5.88 2.01163e-05
-5.87 2.10512e-05
-5.86 2.2027e-05
-5.85 2.30455e-05
-5.84 2.41083e-05
-5.83 2.52173e-05
-5.82 2.63744e-05
-5.81 2.75814e-05
-5.8 2.88404e-05
-5.79 3.01534e-05
-5.78 3.15227e-05
-5.77 3.29504e-05
-5.76 3.44388e-05
-5.75 3.59905e-05
-5.74 3.76078e-05
-5.73 3.92933e-05
-5.72 4.10497e-05
-5.71 4.28798e-05
-5.7 4.47864e-05
-5.69 4.67726e-05
-5.68 4.88412e-05
-5.67 5.09956e-05
-5.66 5.3239e-05
-5.65 5.55748e-05
-5.64 5.80065e-05
-5.63 6.05378e-05
-5.62 6.31724e-05
-5.61 6.59142e-05
-5.6 6.87673e-05
-5.59 7.17357e-05
-5.58 7.48237e-05
-5.57 7.80359e-05
-5.56 8.13768e-05
-5.55 8.48511e-05
-5.54 8.84638e-05
-5.53 9.22198e-05
-5.52 9.61245e-05
-5.51 0.000100183
-5.5 0.000104401
-5.49 0.000108785
-5.48 0.00011334
-5.47 0.000118072
-5.46 0.000122987
-5.45 0.000128093
-5.44 0.000133396
-5.43 0.000138903
-5.42 0.00014462
-5.41 0.000150556
-5.4 0.000156718
-5.39 0.000163114
-5.38 0.000169751
-5.37 0.000176639
-5.36 0.000183785
-5.35 0.000191199
-5.34 0.000198889
-5.33 0.000206865
-5.32 0.000215137
-5.31 0.000223714
-5.3 0.000232607
-5.29 0.000241826
-5.28 0.000251381
-5.27 0.000261285
-5.26 0.000271549
-5.25 0.000282184
-5.24 0.000293202
-5.23 0.000304615
-5.22 0.000316438
-5.21 0.000328682
-5.2 0.000341361
-5.19 0.000354489
-5.18 0.000368081
-5.17 0.00038215
-5.16 0.000396712
-5.15 0.000411783
-5.14 0.000427378
-5.13 0.000443513
-5.12 0.000460205
-5.11 0.000477472
-5.1 0.00049533
-5.09 0.000513799
-5.08 0.000532895
-5.07 0.000552639
-5.06 0.00057305
-5.05 0.000594147
-5.04 0.000615951
-5.03 0.000638484
-5.02 0.000661765
-5.01 0.000685818
-5 0.000710665
-4.99 0.000736329
-4.98 0.000762834
-4.97 0.000790203
-4.96 0.000818461
-4.95 0.000847635
-4.94 0.000877748
-4.93 0.000908829
-4.92 0.000940904
-4.91 0.000974001
-4.9 0.00100815
-4.89 0.00104337
-4.88 0.00107971
-4.87 0.00111718
-4.86 0.00115583
-4.85 0.00119567
-4.84 0.00123675
-4.83 0.0012791
-4.82 0.00132275
-4.81 0.00136773
-4.8 0.00141408
-4.79 0.00146183
-4.78 0.00151103
-4.77 0.00156171
-4.76 0.0016139
-4.75 0.00166765
-4.74 0.001723
-4.73 0.00177998
-4.72 0.00183864
-4.71 0.00189901
-4.7 0.00196115
-4.69 0.00202509
-4.68 0.00209088
-4.67 0.00215856
-4.66 0.00222818
-4.65 0.00229979
-4.64 0.00237343
-4.63 0.00244915
-4.62 0.002527
-4.61 0.00260703
-4.6 0.00268929
-4.59 0.00277384
-4.58 0.00286071
-4.57 0.00294998
-4.56 0.00304168
-4.55 0.00313588
-4.54 0.00323264
-4.53 0.003332
-4.52 0.00343403
-4.51 0.00353878
-4.5 0.00364632
-4.49 0.00375669
-4.48 0.00386998
-4.47 0.00398622
-4.46 0.0041055
-4.45 0.00422786
-4.44 0.00435338
-4.43 0.00448212
-4.42 0.00461415
-4.41 0.00474953
-4.4 0.00488832
-4.39 0.00503061
-4.38 0.00517645
-4.37 0.00532591
-4.36 0.00547907
-4.35 0.005636
-4.34 0.00579677
-4.33 0.00596145
-4.32 0.00613011
-4.31 0.00630284
-4.3 0.00647969
-4.29 0.00666076
-4.28 0.00684611
-4.27 0.00703583
-4.26 0.00722998
-4.25 0.00742866
-4.24 0.00763193
-4.23 0.00783987
-4.22 0.00805257
-4.21 0.0082701
-4.2 0.00849256
-4.19 0.00872
-4.18 0.00895253
-4.17 0.00919022
-4.16 0.00943315
-4.15 0.00968141
-4.14 0.00993508
-4.13 0.0101942
-4.12 0.010459
-4.11 0.0107294
-4.1 0.0110055
-4.09 0.0112875
-4.08 0.0115754
-4.07 0.0118693
-4.06 0.0121693
-4.05 0.0124755
-4.04 0.0127879
-4.03 0.0131066
-4.02 0.0134318
-4.01 0.0137635
-4 0.0141018
-3.99 0.0144467
-3.98 0.0147985
-3.97 0.0151571
-3.96 0.0155226
-3.95 0.0158951
-3.94 0.0162747
-3.93 0.0166616
-3.92 0.0170556
-3.91 0.0174571
-3.9 0.0178659
-3.89 0.0182823
-3.88 0.0187062
-3.87 0.0191379
-3.86 0.0195772
-3.85 0.0200244
-3.84 0.0204795
-3.83 0.0209426
-3.82 0.0214137
-3.81 0.0218929
-3.8 0.0223803
-3.79 0.022876
-3.78 0.02338
-3.77 0.0238925
-3.76 0.0244134
-3.75 0.0249428
-3.74 0.0254809
-3.73 0.0260276
-3.72 0.026583
-3.71 0.0271472
-3.7 0.0277202
-3.69 0.0283022
-3.68 0.0288931
-3.67 0.029493
-3.66 0.0301019
-3.65 0.03072
-3.64 0.0313472
-3.63 0.0319835
-3.62 0.0326291
-3.61 0.033284
-3.6 0.0339482
-3.59 0.0346217
-3.58 0.0353046
-3.57 0.0359969
-3.56 0.0366986
-3.55 0.0374098
-3.54 0.0381304
-3.53 0.0388606
-3.52 0.0396002
-3.51 0.0403494
-3.5 0.041108
-3.49 0.0418762
-3.48 0.042654
-3.47 0.0434412
-3.46 0.044238
-3.45 0.0450443
-3.44 0.0458602
-3.43 0.0466855
-3.42 0.0475203
-3.41 0.0483646
-3.4 0.0492183
-3.39 0.0500814
-3.38 0.0509539
-3.37 0.0518357
-3.36 0.0527268
-3.35 0.0536272
-3.34 0.0545368
-3.33 0.0554556
-3.32 0.0563834
-3.31 0.0573204
-3.3 0.0582662
-3.29 0.0592211
-3.28 0.0601847
-3.27 0.0611571
-3.26 0.0621382
-3.25 0.0631279
-3.24 0.0641262
-3.23 0.0651328
-3.22 0.0661478
-3.21 0.067171
-3.2 0.0682023
-3.19 0.0692417
-3.18 0.0702889
-3.17 0.0713439
-3.16 0.0724066
-3.15 0.0734767
-3.14 0.0745543
-3.13 0.0756392
-3.12 0.0767311
-3.11 0.0778301
-3.1 0.0789358
-3.09 0.0800482
-3.08 0.0811672
-3.07 0.0822924
-3.06 0.0834239
-3.05 0.0845614
-3.04 0.0857047
-3.03 0.0868536
-3.02 0.088008
-3.01 0.0891677
-3 0.0903325
-2.99 0.0915021
-2.98 0.0926765
-2.97 0.0938553
-2.96 0.0950384
-2.95 0.0962255
-2.94 0.0974165
-2.93 0.0986111
-2.92 0.0998091
-2.91 0.10101
-2.9 0.102214
-2.89 0.103421
-2.88 0.10463
-2.87 0.105842
-2.86 0.107055
-2.85 0.10827
-2.84 0.109487
-2.83 0.110704
-2.82 0.111923
-2.81 0.113142
-2.8 0.114362
-2.79 0.115582
-2.78 0.116802
-2.77 0.118021
-2.76 0.11924
-2.75 0.120457
-2.74 0.121673
-2.73 0.122888
-2.72 0.124101
-2.71 0.125312
-2.7 0.126521
-2.69 0.127726
-2.68 0.128929
-2.67 0.130129
-2.66 0.131325
-2.65 0.132517
-2.64 0.133704
-2.63 0.134888
-2.62 0.136066
-2.61 0.13724
-2.6 0.138408
-2.59 0.13957
-2.58 0.140726
-2.57 0.141876
-2.56 0.14302
-2.55 0.144156
-2.54 0.145286
-2.53 0.146407
-2.52 0.147521
-2.51 0.148627
-2.5 0.149724
-2.49 0.150813
-2.48 0.151893
-2.47 0.152963
-2.46 0.154024
-2.45 0.155074
-2.44 0.156115
-2.43 0.157145
-2.42 0.158164
-2.41 0.159172
-2.4 0.160169
-2.39 0.161155
-2.38 0.162128
-2.37 0.163089
-2.36 0.164038
-2.35 0.164974
-2.34 0.165897
-2.33 0.166806
-2.32 0.167702
-2.31 0.168585
-2.3 0.169453
-2.29 0.170308
-2.28 0.171147
-2.27 0.171972
-2.26 0.172782
-2.25 0.173577
-2.24 0.174356
-2.23 0.17512
-2.22 0.175868
-2.21 0.1766
-2.2 0.177316
-2.19 0.178015
-2.18 0.178698
-2.17 0.179363
-2.16 0.180012
-2.15 0.180644
-2.14 0.181258
-2.13 0.181855
-2.12 0.182434
-2.11 0.182996
-2.1 0.183539
-2.09 0.184065
-2.08 0.184572
-2.07 0.185061
-2.06 0.185532
-2.05 0.185984
-2.04 0.186417
-2.03 0.186832
-2.02 0.187228
-2.01 0.187606
-2 0.187964
-1.99 0.188304
-1.98 0.188624
-1.97 0.188926
-1.96 0.189208
-1.95 0.189471
-1.94 0.189715
-1.93 0.18994
-1.92 0.190146
-1.91 0.190333
-1.9 0.190501
-1.89 0.190649
-1.88 0.190779
-1.87 0.190889
-1.86 0.190981
-1.85 0.191053
-1.84 0.191107
-1.83 0.191142
-1.82 0.191159
-1.81 0.191156
-1.8 0.191135
-1.79 0.191096
-1.78 0.191039
-1.77 0.190963
-1.76 0.190869
-1.75 0.190757
-1.74 0.190628
-1.73 0.190481
-1.72 0.190316
-1.71 0.190134
-1.7 0.189935
-1.69 0.189719
-1.68 0.189486
-1.67 0.189237
-1.66 0.188971
-1.65 0.188689
-1.64 0.188391
-1.63 0.188078
-1.62 0.187748
-1.61 0.187404
-1.6 0.187045
-1.59 0.18667
-1.58 0.186281
-1.57 0.185878
-1.56 0.185461
-1.55 0.18503
-1.54 0.184586
-1.53 0.184128
-1.52 0.183658
-1.51 0.183175
-1.5 0.182679
-1.49 0.182172
-1.48 0.181653
-1.47 0.181122
-1.46 0.18058
-1.45 0.180028
-1.44 0.179465
-1.43 0.178891
-1.42 0.178308
-1.41 0.177716
-1.4 0.177114
-1.39 0.176503
-1.38 0.175884
-1.37 0.175256
-1.36 0.174621
-1.35 0.173978
-1.34 0.173328
-1.33 0.172671
-1.32 0.172008
-1.31 0.171338
-1.3 0.170663
-1.29 0.169982
-1.28 0.169296
-1.27 0.168605
-1.26 0.16791
-1.25 0.16721
-1.24 0.166507
-1.23 0.1658
-1.22 0.165091
-1.21 0.164378
-1.2 0.163663
-1.19 0.162946
-1.18 0.162227
-1.17 0.161507
-1.16 0.160785
-1.15 0.160063
-1.14 0.15934
-1.13 0.158617
-1.12 0.157895
-1.11 0.157172
-1.1 0.156451
-1.09 0.15573
-1.08 0.155011
-1.07 0.154293
-1.06 0.153577
-1.05 0.152864
-1.04 0.152153
-1.03 0.151445
-1.02 0.150739
-1.01 0.150037
-1 0.149339
-0.99 0.148644
-0.98 0.147954
-0.97 0.147267
-0.96 0.146585
-0.95 0.145908
-0.94 0.145236
-0.93 0.144569
-0.92 0.143907
-0.91 0.143251
-0.9 0.142601
-0.89 0.141956
-0.88 0.141318
-0.87 0.140686
-0.86 0.14006
-0.85 0.139442
-0.84 0.13883
-0.83 0.138224
-0.82 0.137626
-0.81 0.137036
-0.8 0.136452
-0.79 0.135876
-0.78 0.135308
-0.77 0.134747
-0.76 0.134194
-0.75 0.133649
-0.74 0.133112
-0.73 0.132583
-0.72 0.132062
-0.71 0.131549
-0.7 0.131045
-0.69 0.130549
-0.68 0.130061
-0.67 0.129582
-0.66 0.129111
-0.65 0.128648
-0.64 0.128194
-0.63 0.127749
-0.62 0.127312
-0.61 0.126884
-0.6 0.126464
-0.59 0.126052
-0.58 0.12565
-0.57 0.125255
-0.56 0.12487
-0.55 0.124492
-0.54 0.124123
-0.53 0.123763
-0.52 0.123411
-0.51 0.123067
-0.5 0.122731
-0.49 0.122404
-0.48 0.122085
-0.47 0.121774
-0.46 0.121471
-0.45 0.121177
-0.44 0.12089
-0.43 0.120611
-0.42 0.12034
-0.41 0.120077
-0.4 0.119821
-0.39 0.119573
-0.38 0.119333
-0.37 0.1191
-0.36 0.118874
-0.35 0.118656
-0.34 0.118445
-0.33 0.118241
-0.32 0.118044
-0.31 0.117855
-0.3 0.117672
-0.29 0.117496
-0.28 0.117327
-0.27 0.117165
-0.26 0.117009
-0.25 0.11686
-0.24 0.116717
-0.23 0.116581
-0.22 0.116451
-0.21 0.116328
-0.2 0.116211
-0.19 0.116099
-0.18 0.115994
-0.17 0.115895
-0.16 0.115802
-0.15 0.115715
-0.14 0.115634
-0.13 0.115558
-0.12 0.115489
-0.11 0.115425
-0.1 0.115366
-0.09 0.115314
-0.08 0.115267
-0.07 0.115226
-0.06 0.11519
-0.05 0.11516
-0.04 0.115135
-0.03 0.115116
-0.02 0.115102
-0.01 0.115094
0 0.115091
0.01 0.115094
0.02 0.115102
0.03 0.115116
0.04 0.115135
0.05 0.11516
0.06 0.11519
0.07 0.115226
0.08 0.115267
0.09 0.115314
0.1 0.115366
0.11 0.115425
0.12 0.115489
0.13 0.115558
0.14 0.115634
0.15 0.115715
0.16 0.115802
0.17 0.115895
0.18 0.115994
0.19 0.116099
0.2 0.116211
0.21 0.116328
0.22 0.116451
0.23 0.116581
0.24 0.116717
0.25 0.11686
0.26 0.117009
0.27 0.117165
0.28 0.117327
0.29 0.117496
0.3 0.117672
0.31 0.117855
0.32 0.118044
0.33 0.118241
0.34 0.118445
0.35 0.118656
0.36 0.118874
0.37 0.1191
0.38 0.119333
0.39 0.119573
0.4 0.119821
0.41 0.120077
0.42 0.12034
0.43 0.120611
0.44 0.12089
0.45 0.121177
0.46 0.121471
0.47 0.121774
0.48 0.122085
0.49 0.122404
0.5 0.122731
0.51 0.123067
0.52 0.123411
0.53 0.123763
0.54 0.124123
0.55 0.124492
0.56 0.12487
0.57 0.125255
0.58 0.12565
0.59 0.126052
0.6 0.126464
0.61 0.126884
0.62 0.127312
0.63 0.127749
0.64 0.128194
0.65 0.128648
0.66 0.129111
0.67 0.129582
0.68 0.130061
0.69 0.130549
0.7 0.131045
0.71 0.131549
0.72 0.132062
0.73 0.132583
0.74 0.133112
0.75 0.133649
0.76 0.134194
0.77 0.134747
0.78 0.135308
0.79 0.135876
0.8 0.136452
0.81 0.137036
0.82 0.137626
0.83 0.138224
0.84 0.13883
0.85 0.139442
0.86 0.14006
0.87 0.140686
0.88 0.141318
0.89 0.141956
0.9 0.142601
0.91 0.143251
0.92 0.143907
0.93 0.144569
0.94 0.145236
0.95 0.145908
0.96 0.146585
0.97 0.147267
0.98 0.147954
0.99 0.148644
1 0.149339
1.01 0.150037
1.02 0.150739
1.03 0.151445
1.04 0.152153
1.05 0.152864
1.06 0.153577
1.07 0.154293
1.08 0.155011
1.09 0.15573
1.1 0.156451
1.11 0.157172
1.12 0.157895
1.13 0.158617
1.14 0.15934
1.15 0.160063
1.16 0.160785
1.17 0.161507
1.18 0.162227
1.19 0.162946
1.2 0.163663
1.21 0.164378
1.22 0.165091
1.23 0.1658
1.24 0.166507
1.25 0.16721
1.26 0.16791
1.27 0.168605
1.28 0.169296
1.29 0.169982
1.3 0.170663
1.31 0.171338
1.32 0.172008
1.33 0.172671
1.34 0.173328
1.35 0.173978
1.36 0.174621
1.37 0.175256
1.38 0.175884
1.39 0.176503
1.4 0.177114
1.41 0.177716
1.42 0.178308
1.43 0.178891
1.44 0.179465
1.45 0.180028
1.46 0.18058
1.47 0.181122
1.48 0.181653
1.49 0.182172
1.5 0.182679
1.51 0.183175
1.52 0.183658
1.53 0.184128
1.54 0.184586
1.55 0.18503
1.56 0.185461
1.57 0.185878
1.58 0.186281
1.59 0.18667
1.6 0.187045
1.61 0.187404
1.62 0.187748
1.63 0.188078
1.64 0.188391
1.65 0.188689
1.66 0.188971
1.67 0.189237
1.68 0.189486
1.69 0.189719
1.7 0.189935
1.71 0.190134
1.72 0.190316
1.73 0.190481
1.74 0.190628
1.75 0.190757
1.76 0.190869
1.77 0.190963
1.78 0.191039
1.79 0.191096
1.8 0.191135
1.81 0.191156
1.82 0.191159
1.83 0.191142
1.84 0.191107
1.85 0.191053
1.86 0.190981
1.87 0.190889
1.88 0.190779
1.89 0.190649
1.9 0.190501
1.91 0.190333
1.92 0.190146
1.93 0.18994
1.94 0.189715
1.95 0.189471
1.96 0.189208
1.97 0.188926
1.98 0.188624
1.99 0.188304
2 0.187964
2.01 0.187606
2.02 0.187228
2.03 0.186832
2.04 0.186417
2.05 0.185984
2.06 0.185532
2.07 0.185061
2.08 0.184572
2.09 0.184065
2.1 0.183539
2.11 0.182996
2.12 0.182434
2.13 0.181855
2.14 0.181258
2.15 0.180644
2.16 0.180012
2.17 0.179363
2.18 0.178698
2.19 0.178015
2.2 0.177316
2.21 0.1766
2.22 0.175868
2.23 0.17512
2.24 0.174356
2.25 0.173577
2.26 0.172782
2.27 0.171972
2.28 0.171147
2.29 0.170308
2.3 0.169453
2.31 0.168585
2.32 0.167702
2.33 0.166806
2.34 0.165897
2.35 0.164974
2.36 0.164038
2.37 0.163089
2.38 0.162128
2.39 0.161155
2.4 0.160169
2.41 0.159172
2.42 0.158164
2.43 0.157145
2.44 0.156115
2.45 0.155074
2.46 0.154024
2.47 0.152963
2.48 0.151893
2.49 0.150813
2.5 0.149724
2.51 0.148627
2.52 0.147521
2.53 0.146407
2.54 0.145286
2.55 0.144156
2.56 0.14302
2.57 0.141876
2.58 0.140726
2.59 0.13957
2.6 0.138408
2.61 0.13724
2.62 0.136066
2.63 0.134888
2.64 0.133704
2.65 0.132517
2.66 0.131325
2.67 0.130129
2.68 0.128929
2.69 0.127726
2.7 0.126521
2.71 0.125312
2.72 0.124101
2.73 0.122888
2.74 0.121673
2.75 0.120457
2.76 0.11924
2.77 0.118021
2.78 0.116802
2.79 0.115582
2.8 0.114362
2.81 0.113142
2.82 0.111923
2.83 0.110704
2.84 0.109487
2.85 0.10827
2.86 0.107055
2.87 0.105842
2.88 0.10463
2.89 0.103421
2.9 0.102214
2.91 0.10101
2.92 0.0998091
2.93 0.0986111
2.94 0.0974165
2.95 0.0962255
2.96 0.0950384
2.97 0.0938553
2.98 0.0926765
2.99 0.0915021
3 0.0903325
3.01 0.0891677
3.02 0.088008
3.03 0.0868536
3.04 0.0857047
3.05 0.0845614
3.06 0.0834239
3.07 0.0822924
3.08 0.0811672
3.09 0.0800482
3.1 0.0789358
3.11 0.0778301
3.12 0.0767311
3.13 0.0756392
3.14 0.0745543
3.15 0.0734767
3.16 0.0724066
3.17 0.0713439
3.18 0.0702889
3.19 0.0692417
3.2 0.0682023
3.21 0.067171
3.22 0.0661478
3.23 0.0651328
3.24 0.0641262
3.25 0.0631279
3.26 0.0621382
3.27 0.0611571
3.28 0.0601847
3.29 0.0592211
3.3 0.0582662
3.31 0.0573204
3.32 0.0563834
3.33 0.0554556
3.34 0.0545368
3.35 0.0536272
3.36 0.0527268
3.37 0.0518357
3.38 0.0509539
3.39 0.0500814
3.4 0.0492183
3.41 0.0483646
3.42 0.0475203
3.43 0.0466855
3.44 0.0458602
3.45 0.0450443
3.46 0.044238
3.47 0.0434412
3.48 0.042654
3.49 0.0418762
3.5 0.041108
3.51 0.0403494
3.52 0.0396002
3.53 0.0388606
3.54 0.0381304
3.55 0.0374098
3.56 0.0366986
3.57 0.0359969
3.58 0.0353046
3.59 0.0346217
3.6 0.0339482
3.61 0.033284
3.62 0.0326291
3.63 0.0319835
3.64 0.0313472
3.65 0.03072
3.66 0.0301019
3.67 0.029493
3.68 0.0288931
3.69 0.0283022
3.7 0.0277202
3.71 0.0271472
3.72 0.026583
3.73 0.0260276
3.74 0.0254809
3.75 0.0249428
3.76 0.0244134
3.77 0.0238925
3.78 0.02338
3.79 0.022876
3.8 0.0223803
3.81 0.0218929
3.82 0.0214137
3.83 0.0209426
3.84 0.0204795
3.85 0.0200244
3.86 0.0195772
3.87 0.0191379
3.88 0.0187062
3.89 0.0182823
3.9 0.0178659
3.91 0.0174571
3.92 0.0170556
3.93 0.0166616
3.94 0.0162747
3.95 0.0158951
3.96 0.0155226
3.97 0.0151571
3.98 0.0147985
3.99 0.0144467
4 0.0141018
4.01 0.0137635
4.02 0.0134318
4.03 0.0131066
4.04 0.0127879
4.05 0.0124755
4.06 0.0121693
4.07 0.0118693
4.08 0.0115754
4.09 0.0112875
4.1 0.0110055
4.11 0.0107294
4.12 0.010459
4.13 0.0101942
4.14 0.00993508
4.15 0.00968141
4.16 0.00943315
4.17 0.00919022
4.18 0.00895253
4.19 0.00872
4.2 0.00849256
4.21 0.0082701
4.22 0.00805257
4.23 0.00783987
4.24 0.00763193
4.25 0.00742866
4.26 0.00722998
4.27 0.00703583
4.28 0.00684611
4.29 0.00666076
4.3 0.00647969
4.31 0.00630284
4.32 0.00613011
4.33 0.00596145
4.34 0.00579677
4.35 0.005636
4.36 0.00547907
4.37 0.00532591
4.38 0.00517645
4.39 0.00503061
4.4 0.00488832
4.41 0.00474953
4.42 0.00461415
4.43 0.00448212
4.44 0.00435338
4.45 0.00422786
4.46 0.0041055
4.47 0.00398622
4.48 0.00386998
4.49 0.00375669
4.5 0.00364632
4.51 0.00353878
4.52 0.00343403
4.53 0.003332
4.54 0.00323264
4.55 0.00313588
4.56 0.00304168
4.57 0.00294998
4.58 0.00286071
4.59 0.00277384
4.6 0.00268929
4.61 0.00260703
4.62 0.002527
4.63 0.00244915
4.64 0.00237343
4.65 0.00229979
4.66 0.00222818
4.67 0.00215856
4.68 0.00209088
4.69 0.00202509
4.7 0.00196115
4.71 0.00189901
4.72 0.00183864
4.73 0.00177998
4.74 0.001723
4.75 0.00166765
4.76 0.0016139
4.77 0.00156171
4.78 0.00151103
4.79 0.00146183
4.8 0.00141408
4.81 0.00136773
4.82 0.00132275
4.83 0.0012791
4.84 0.00123675
4.85 0.00119567
4.86 0.00115583
4.87 0.00111718
4.88 0.00107971
4.89 0.00104337
4.9 0.00100815
4.91 0.000974001
4.92 0.000940904
4.93 0.000908829
4.94 0.000877748
4.95 0.000847635
4.96 0.000818461
4.97 0.000790203
4.98 0.000762834
4.99 0.000736329
5 0.000710665
5.01 0.000685818
5.02 0.000661765
5.03 0.000638484
5.04 0.000615951
5.05 0.000594147
5.06 0.00057305
5.07 0.000552639
5.08 0.000532895
5.09 0.000513799
5.1 0.00049533
5.11 0.000477472
5.12 0.000460205
5.13 0.000443513
5.14 0.000427378
5.15 0.000411783
5.16 0.000396712
5.17 0.00038215
5.18 0.000368081
5.19 0.000354489
5.2 0.000341361
5.21 0.000328682
5.22 0.000316438
5.23 0.000304615
5.24 0.000293202
5.25 0.000282184
5.26 0.000271549
5.27 0.000261285
5.28 0.000251381
5.29 0.000241826
5.3 0.000232607
5.31 0.000223714
5.32 0.000215137
5.33 0.000206865
5.34 0.000198889
5.35 0.000191199
5.36 0.000183785
5.37 0.000176639
5.38 0.000169751
5.39 0.000163114
5.4 0.000156718
5.41 0.000150556
5.42 0.00014462
5.43 0.000138903
5.44 0.000133396
5.45 0.000128093
5.46 0.000122987
5.47 0.000118072
5.48 0.00011334
5.49 0.000108785
5.5 0.000104401
5.51 0.000100183
5.52 9.61245e-05
5.53 9.22198e-05
5.54 8.84638e-05
5.55 8.48511e-05
5.56 8.13768e-05
5.57 7.80359e-05
5.58 7.48237e-05
5.59 7.17357e-05
5.6 6.87673e-05
5.61 6.59142e-05
5.62 6.31724e-05
5.63 6.05378e-05
5.64 5.80065e-05
5.65 5.55748e-05
5.66 5.3239e-05
5.67 5.09956e-05
5.68 4.88412e-05
5.69 4.67726e-05
5.7 4.47864e-05
5.71 4.28798e-05
5.72 4.10497e-05
5.73 3.92933e-05
5.74 3.76078e-05
5.75 3.59905e-05
5.76 3.44388e-05
5.77 3.29504e-05
5.78 3.15227e-05
5.79 3.01534e-05
5.8 2.88404e-05
5.81 2.75814e-05
5.82 2.63744e-05
5.83 2.52173e-05
5.84 2.41083e-05
5.85 2.30455e-05
5.86 2.2027e-05
5.87 2.10512e-05
5.88 2.01163e-05
5.89 1.92208e-05
5.9 1.8363e-05
5.91 1.75416e-05
5.92 1.6755e-05
5.93 1.60018e-05
5.94 1.52808e-05
5.95 1.45906e-05
5.96 1.39301e-05
5.97 1.32979e-05
5.98 1.2693e-05
5.99 1.21142e-05
