-6 1.42965e-52
-5.99 2.07685e-52
-5.98 3.01516e-52
-5.97 4.37466e-52
-5.96 6.3432e-52
-5.95 9.19184e-52
-5.94 1.33115e-51
-5.93 1.92654e-51
-5.92 2.78651e-51
-5.91 4.02784e-51
-5.9 5.81853e-51
-5.89 8.40008e-51
-5.88 1.21195e-50
-5.87 1.74748e-50
-5.86 2.5181e-50
-5.85 3.62628e-50
-5.84 5.2189e-50
-5.83 7.50631e-50
-5.82 1.07895e-49
-5.81 1.54992e-49
-5.8 2.22508e-49
-5.79 3.19235e-49
-5.78 4.57726e-49
-5.77 6.55889e-49
-5.76 9.39256e-49
-5.75 1.34421e-48
-5.74 1.92256e-48
-5.73 2.74804e-48
-5.72 3.92549e-48
-5.71 5.60397e-48
-5.7 7.99515e-48
-5.69 1.13995e-47
-5.68 1.62434e-47
-5.67 2.31311e-47
-5.66 3.29188e-47
-5.65 4.6819e-47
-5.64 6.65472e-47
-5.63 9.45294e-47
-5.62 1.34194e-46
-5.61 1.90384e-46
-5.6 2.69933e-46
-5.59 3.82481e-46
-5.58 5.4162e-46
-5.57 7.66494e-46
-5.56 1.08406e-45
-5.55 1.53223e-45
-5.54 2.16435e-45
-5.53 3.05534e-45
-5.52 4.31043e-45
-5.51 6.07732e-45
-5.5 8.56313e-45
-5.49 1.20582e-44
-5.48 1.69692e-44
-5.47 2.38655e-44
-5.46 3.35435e-44
-5.45 4.71169e-44
-5.44 6.61414e-44
-5.43 9.27898e-44
-5.42 1.30094e-43
-5.41 1.82281e-43
-5.4 2.55245e-43
-5.39 3.57192e-43
-5.38 4.99547e-43
-5.37 6.982e-43
-5.36 9.75244e-43
-5.35 1.36137e-42
-5.34 1.89919e-42
-5.33 2.64783e-42
-5.32 3.68927e-42
-5.31 5.13713e-42
-5.3 7.14876e-42
-5.29 9.94192e-42
-5.28 1.38178e-41
-5.27 1.91928e-41
-5.26 2.66419e-41
-5.25 3.69593e-41
-5.24 5.12401e-41
-5.23 7.09948e-41
-5.22 9.83042e-41
-5.21 1.36034e-40
-5.2 1.88128e-40
-5.19 2.60008e-40
-5.18 3.59129e-40
-5.17 4.95728e-40
-5.16 6.83859e-40
-5.15 9.42798e-40
-5.14 1.29897e-39
-5.13 1.78859e-39
-5.12 2.46123e-39
-5.11 3.38472e-39
-5.1 4.65181e-39
-5.09 6.38927e-39
-5.08 8.77021e-39
-5.07 1.20309e-38
-5.06 1.64936e-38
-5.05 2.25976e-38
-5.04 3.09413e-38
-5.03 4.23394e-38
-5.02 5.79003e-38
-5.01 7.91308e-38
-5 1.08079e-37
-4.99 1.47524e-37
-4.98 2.01241e-37
-4.97 2.74347e-37
-4.96 3.73777e-37
-4.95 5.08926e-37
-4.94 6.9251e-37
-4.93 9.41731e-37
-4.92 1.27984e-36
-4.91 1.73827e-36
-4.9 2.35942e-36
-4.89 3.20055e-36
-4.88 4.33883e-36
-4.87 5.87829e-36
-4.86 7.95899e-36
-4.85 1.07695e-35
-4.84 1.45633e-35
-4.83 1.96814e-35
-4.82 2.65816e-35
-4.81 3.58787e-35
-4.8 4.83972e-35
-4.79 6.5243e-35
-4.78 8.78976e-35
-4.77 1.18345e-34
-4.76 1.5924e-34
-4.75 2.14133e-34
-4.74 2.87769e-34
-4.73 3.86486e-34
-4.72 5.18745e-34
-4.71 6.95831e-34
-4.7 9.32787e-34
-4.69 1.24966e-33
-4.68 1.67313e-33
-4.67 2.2387e-33
-4.66 2.99359e-33
-4.65 4.00055e-33
-4.64 5.34288e-33
-4.63 7.13116e-33
-4.62 9.51207e-33
-4.61 1.268e-32
-4.6 1.68925e-32
-4.59 2.24904e-32
-4.58 2.99246e-32
-4.57 3.97916e-32
-4.56 5.28789e-32
-4.55 7.0227e-32
-4.54 9.32083e-32
-4.53 1.23633e-31
-4.52 1.63887e-31
-4.51 2.17112e-31
-4.5 2.87443e-31
-4.49 3.8032e-31
-4.48 5.02895e-31
-4.47 6.6456e-31
-4.46 8.77649e-31
-4.45 1.15834e-30
-4.44 1.52785e-30
-4.43 2.01399e-30
-4.42 2.65315e-30
-4.41 3.49297e-30
-4.4 4.59577e-30
-4.39 6.04298e-30
-4.38 7.94097e-30
-4.37 1.04286e-29
-4.36 1.3687e-29
-4.35 1.79522e-29
-4.34 2.35319e-29
-4.33 3.08267e-29
-4.32 4.03577e-29
-4.31 5.28026e-29
-4.3 6.9042e-29
-4.29 9.02197e-29
-4.28 1.1782e-28
-4.27 1.53768e-28
-4.26 2.00558e-28
-4.25 2.61425e-28
-4.24 3.40551e-28
-4.23 4.43349e-28
-4.22 5.7682e-28
-4.21 7.50004e-28
-4.2 9.74578e-28
-4.19 1.26561e-27
-4.18 1.64252e-27
-4.17 2.13036e-27
-4.16 2.76136e-27
-4.15 3.57704e-27
-4.14 4.63077e-27
-4.13 5.99119e-27
-4.12 7.74643e-27
-4.11 1.00097e-26
-4.1 1.29261e-26
-4.09 1.66819e-26
-4.08 2.15155e-26
-4.07 2.77325e-26
-4.06 3.57235e-26
-4.05 4.59885e-26
-4.04 5.91662e-26
-4.03 7.60726e-26
-4.02 9.77489e-26
-4.01 1.25523e-25
-4 1.6109e-25
-3.99 2.06604e-25
-3.98 2.64814e-25
-3.97 3.39213e-25
-3.96 4.34243e-25
-3.95 5.55549e-25
-3.94 7.10301e-25
-3.93 9.07593e-25
-3.92 1.15896e-24
-3.91 1.47903e-24
-3.9 1.88632e-24
-3.89 2.40426e-24
-3.88 3.06252e-24
-3.87 3.89856e-24
-3.86 4.95975e-24
-3.85 6.30586e-24
-3.84 8.01233e-24
-3.83 1.01743e-23
-3.82 1.29115e-23
-3.81 1.63749e-23
-3.8 2.07544e-23
-3.79 2.62889e-23
-3.78 3.32785e-23
-3.77 4.21002e-23
-3.76 5.32273e-23
-3.75 6.72534e-23
-3.74 8.49226e-23
-3.73 1.07167e-22
-3.72 1.35154e-22
-3.71 1.70344e-22
-3.7 2.14563e-22
-3.69 2.70092e-22
-3.68 3.3978e-22
-3.67 4.27182e-22
-3.66 5.36732e-22
-3.65 6.73957e-22
-3.64 8.45739e-22
-3.63 1.06064e-21
-3.62 1.32933e-21
-3.61 1.66504e-21
-3.6 2.08424e-21
-3.59 2.60734e-21
-3.58 3.25971e-21
-3.57 4.07277e-21
-3.56 5.08545e-21
-3.55 6.34598e-21
-3.54 7.91402e-21
-3.53 9.86338e-21
-3.52 1.22852e-20
-3.51 1.52922e-20
-3.5 1.90234e-20
-3.49 2.36501e-20
-3.48 2.93839e-20
-3.47 3.6485e-20
-3.46 4.5274e-20
-3.45 5.61452e-20
-3.44 6.95835e-20
-3.43 8.61846e-20
-3.42 1.0668e-19
-3.41 1.31967e-19
-3.4 1.63146e-19
-3.39 2.01566e-19
-3.38 2.48878e-19
-3.37 3.07105e-19
-3.36 3.78718e-19
-3.35 4.6674e-19
-3.34 5.74862e-19
-3.33 7.0759e-19
-3.32 8.7042e-19
-3.31 1.07005e-18
-3.3 1.31466e-18
-3.29 1.61417e-18
-3.28 1.98068e-18
-3.27 2.42889e-18
-3.26 2.97668e-18
-3.25 3.64574e-18
-3.24 4.46241e-18
-3.23 5.45861e-18
-3.22 6.67305e-18
-3.21 8.1526e-18
-3.2 9.95399e-18
-3.19 1.21458e-17
-3.18 1.48111e-17
-3.17 1.805e-17
-3.16 2.19835e-17
-3.15 2.67575e-17
-3.14 3.25479e-17
-3.13 3.95668e-17
-3.12 4.80693e-17
-3.11 5.83625e-17
-3.1 7.08158e-17
-3.09 8.58728e-17
-3.08 1.04066e-16
-3.07 1.26036e-16
-3.06 1.52549e-16
-3.05 1.84524e-16
-3.04 2.23062e-16
-3.03 2.6948e-16
-3.02 3.25356e-16
-3.01 3.92573e-16
-3 4.73381e-16
-2.99 5.70468e-16
-2.98 6.87038e-16
-2.97 8.26914e-16
-2.96 9.94647e-16
-2.95 1.19566e-15
-2.94 1.4364e-15
-2.93 1.72453e-15
-2.92 2.06918e-15
-2.91 2.48116e-15
-2.9 2.97331e-15
-2.89 3.56086e-15
-2.88 4.26187e-15
-2.87 5.0977e-15
-2.86 6.09365e-15
-2.85 7.27965e-15
-2.84 8.69106e-15
-2.83 1.03697e-14
-2.82 1.23648e-14
-2.81 1.47346e-14
-2.8 1.75476e-14
-2.79 2.08847e-14
-2.78 2.48409e-14
-2.77 2.95281e-14
-2.76 3.50779e-14
-2.75 4.16449e-14
-2.74 4.94105e-14
-2.73 5.85876e-14
-2.72 6.9426e-14
-2.71 8.22182e-14
-2.7 9.73068e-14
-2.69 1.15093e-13
-2.68 1.36045e-13
-2.67 1.60711e-13
-2.66 1.89731e-13
-2.65 2.23852e-13
-2.64 2.63945e-13
-2.63 3.11025e-13
-2.62 3.66274e-13
-2.61 4.31069e-13
-2.6 5.07011e-13
-2.59 5.95959e-13
-2.58 7.00076e-13
-2.57 8.21872e-13
-2.56 9.64255e-13
-2.55 1.1306e-12
-2.54 1.32482e-12
-2.53 1.55143e-12
-2.52 1.81568e-12
-2.51 2.12361e-12
-2.5 2.48221e-12
-2.49 2.89957e-12
-2.48 3.38499e-12
-2.47 3.94921e-12
-2.46 4.60461e-12
-2.45 5.36544e-12
-2.44 6.24809e-12
-2.43 7.2714e-12
-2.42 8.45705e-12
-2.41 9.8299e-12
-2.4 1.14185e-11
-2.39 1.32556e-11
-2.38 1.53786e-11
-2.37 1.78306e-11
-2.36 2.06606e-11
-2.35 2.39249e-11
-2.34 2.76876e-11
-2.33 3.20223e-11
-2.32 3.70124e-11
-2.31 4.27536e-11
-2.3 4.93545e-11
-2.29 5.69392e-11
-2.28 6.56485e-11
-2.27 7.56428e-11
-2.26 8.71044e-11
-2.25 1.0024e-10
-2.24 1.15285e-10
-2.23 1.32506e-10
-2.22 1.52203e-10
-2.21 1.74721e-10
-2.2 2.00444e-10
-2.19 2.29812e-10
-2.18 2.63318e-10
-2.17 3.01522e-10
-2.16 3.45053e-10
-2.15 3.94623e-10
-2.14 4.51033e-10
-2.13 5.15186e-10
-2.12 5.88097e-10
-2.11 6.70909e-10
-2.1 7.64906e-10
-2.09 8.71529e-10
-2.08 9.92395e-10
-2.07 1.12932e-09
-2.06 1.28434e-09
-2.05 1.45972e-09
-2.04 1.65803e-09
-2.03 1.8821e-09
-2.02 2.13512e-09
-2.01 2.42065e-09
-2 2.74265e-09
-1.99 3.10555e-09
-1.98 3.51429e-09
-1.97 3.97433e-09
-1.96 4.49181e-09
-1.95 5.0735e-09
-1.94 5.72695e-09
-1.93 6.46054e-09
-1.92 7.28356e-09
-1.91 8.20631e-09
-1.9 9.2402e-09
-1.89 1.03979e-08
-1.88 1.16933e-08
-1.87 1.31419e-08
-1.86 1.47609e-08
-1.85 1.65689e-08
-1.84 1.85867e-08
-1.83 2.08374e-08
-1.82 2.3346e-08
-1.81 2.61404e-08
-1.8 2.9251e-08
-1.79 3.27114e-08
-1.78 3.65583e-08
-1.77 4.08322e-08
-1.76 4.55774e-08
-1.75 5.08424e-08
-1.74 5.66802e-08
-1.73 6.31489e-08
-1.72 7.03122e-08
-1.71 7.82392e-08
-1.7 8.70057e-08
-1.69 9.66942e-08
-1.68 1.07395e-07
-1.67 1.19205e-07
-1.66 1.32232e-07
-1.65 1.46591e-07
-1.64 1.62408e-07
-1.63 1.7982e-07
-1.62 1.98974e-07
-1.61 2.20032e-07
-1.6 2.43166e-07
-1.59 2.68566e-07
-1.58 2.96434e-07
-1.57 3.2699e-07
-1.56 3.60471e-07
-1.55 3.97133e-07
-1.54 4.37252e-07
-1.53 4.81123e-07
-1.52 5.29066e-07
-1.51 5.81425e-07
-1.5 6.38567e-07
-1.49 7.00889e-07
-1.48 7.68814e-07
-1.47 8.42796e-07
-1.46 9.23323e-07
-1.45 1.01091e-06
-1.44 1.10612e-06
-1.43 1.20955e-06
-1.42 1.32182e-06
-1.41 1.44361e-06
-1.4 1.57564e-06
-1.39 1.71868e-06
-1.38 1.87354e-06
-1.37 2.04107e-06
-1.36 2.22221e-06
-1.35 2.41791e-06
-1.34 2.6292e-06
-1.33 2.85719e-06
-1.32 3.103e-06
-1.31 3.36787e-06
-1.3 3.65307e-06
-1.29 3.95995e-06
-1.28 4.28995e-06
-1.27 4.64454e-06
-1.26 5.02532e-06
-1.25 5.43392e-06
-1.24 5.8721e-06
-1.23 6.34165e-06
-1.22 6.84448e-06
-1.21 7.38259e-06
-1.2 7.95804e-06
-1.19 8.573e-06
-1.18 9.22974e-06
-1.17 9.9306e-06
-1.16 1.0678e-05
-1.15 1.14746e-05
-1.14 1.23228e-05
-1.13 1.32256e-05
-1.12 1.41856e-05
-1.11 1.52058e-05
-1.1 1.62893e-05
-1.09 1.74391e-05
-1.08 1.86585e-05
-1.07 1.99507e-05
-1.06 2.13191e-05
-1.05 2.27672e-05
-1.04 2.42986e-05
-1.03 2.59169e-05
-1.02 2.76259e-05
-1.01 2.94295e-05
-1 3.13315e-05
-0.99 3.33362e-05
-0.98 3.54478e-05
-0.97 3.76707e-05
-0.96 4.00099e-05
-0.95 4.24705e-05
-0.94 4.50584e-05
-0.93 4.77805e-05
-0.92 5.06447e-05
-0.91 5.36613e-05
-0.9 5.68431e-05
-0.89 6.02071e-05
-0.88 6.37762e-05
-0.87 6.75819e-05
-0.86 7.16674e-05
-0.85 7.60931e-05
-0.84 8.09431e-05
-0.83 8.63346e-05
-0.82 9.24306e-05
-0.81 9.9457e-05
-0.8 0.000107726
-0.79 0.000117664
-0.78 0.000129857
-0.77 0.000145096
-0.76 0.000164451
-0.75 0.000189354
-0.74 0.00022171
-0.73 0.000264042
-0.72 0.000319662
-0.71 0.00039289
-0.7 0.000489326
-0.69 0.00061617
-0.68 0.000782623
-0.67 0.00100036
-0.66 0.00128406
-0.65 0.0016521
-0.64 0.00212725
-0.63 0.00273756
-0.62 0.00351729
-0.61 0.00450796
-0.6 0.0057595
-0.59 0.00733144
-0.58 0.00929418
-0.57 0.0117302
-0.56 0.0147355
-0.55 0.0184203
-0.54 0.0229106
-0.53 0.0283484
-0.52 0.0348923
-0.51 0.0427178
-0.5 0.0520164
-0.49 0.0629945
-0.48 0.0758717
-0.47 0.090878
-0.46 0.108251
-0.45 0.128229
-0.44 0.151051
-0.43 0.176942
-0.42 0.206116
-0.41 0.238759
-0.4 0.275028
-0.39 0.315036
-0.38 0.358847
-0.37 0.40647
-0.36 0.457843
-0.35 0.512836
-0.34 0.571238
-0.33 0.632758
-0.32 0.697019
-0.31 0.763566
-0.3 0.831863
-0.29 0.901304
-0.28 0.971219
-0.27 1.04089
-0.26 1.10956
-0.25 1.17647
-0.24 1.24084
-0.23 1.30194
-0.22 1.35905
-0.21 1.41155
-0.2 1.45888
-0.19 1.5006
-0.18 1.53639
-0.17 1.56604
-0.16 1.58951
-0.15 1.60689
-0.14 1.61842
-0.13 1.62448
-0.12 1.62557
-0.11 1.62231
-0.1 1.61543
-0.09 1.6057
-0.08 1.59397
-0.07 1.58108
-0.06 1.56787
-0.05 1.55514
-0.04 1.54363
-0.03 1.53397
-0.02 1.52668
-0.01 1.52215
0 1.52062
0.01 1.52215
0.02 1.52668
0.03 1.53397
0.04 1.54363
0.05 1.55514
0.06 1.56787
0.07 1.58108
0.08 1.59397
0.09 1.6057
0.1 1.61543
0.11 1.62231
0.12 1.62557
0.13 1.62448
0.14 1.61842
0.15 1.60689
0.16 1.58951
0.17 1.56604
0.18 1.53639
0.19 1.5006
0.2 1.45888
0.21 1.41155
0.22 1.35905
0.23 1.30194
0.24 1.24084
0.25 1.17647
0.26 1.10956
0.27 1.04089
0.28 0.971219
0.29 0.901304
0.3 0.831863
0.31 0.763566
0.32 0.697019
0.33 0.632758
0.34 0.571238
0.35 0.512836
0.36 0.457843
0.37 0.40647
0.38 0.358847
0.39 0.315036
0.4 0.275028
0.41 0.238759
0.42 0.206116
0.43 0.176942
0.44 0.151051
0.45 0.128229
0.46 0.108251
0.47 0.090878
0.48 0.0758717
0.49 0.0629945
0.5 0.0520164
0.51 0.0427178
0.52 0.0348923
0.53 0.0283484
0.54 0.0229106
0.55 0.0184203
0.56 0.0147355
0.57 0.0117302
0.58 0.00929418
0.59 0.00733144
0.6 0.0057595
0.61 0.00450796
0.62 0.00351729
0.63 0.00273756
0.64 0.00212725
0.65 0.0016521
0.66 0.00128406
0.67 0.00100036
0.68 0.000782623
0.69 0.00061617
0.7 0.000489326
0.71 0.00039289
0.72 0.000319662
0.73 0.000264042
0.74 0.00022171
0.75 0.000189354
0.76 0.000164451
0.77 0.000145096
0.78 0.000129857
0.79 0.000117664
0.8 0.000107726
0.81 9.9457e-05
0.82 9.24306e-05
0.83 8.63346e-05
0.84 8.09431e-05
0.85 7.60931e-05
0.86 7.16674e-05
0.87 6.75819e-05
0.88 6.37762e-05
0.89 6.02071e-05
0.9 5.68431e-05
0.91 5.36613e-05
0.92 5.06447e-05
0.93 4.77805e-05
0.94 4.50584e-05
0.95 4.24705e-05
0.96 4.00099e-05
0.97 3.76707e-05
0.98 3.54478e-05
0.99 3.33362e-05
1 3.13315e-05
1.01 2.94295e-05
1.02 2.76259e-05
1.03 2.59169e-05
1.04 2.42986e-05
1.05 2.27672e-05
1.06 2.13191e-05
1.07 1.99507e-05
1.08 1.86585e-05
1.09 1.74391e-05
1.1 1.62893e-05
1.11 1.52058e-05
1.12 1.41856e-05
1.13 1.32256e-05
1.14 1.23228e-05
1.15 1.14746e-05
1.16 1.0678e-05
1.17 9.9306e-06
1.18 9.22974e-06
1.19 8.573e-06
1.2 7.95804e-06
1.21 7.38259e-06
1.22 6.84448e-06
1.23 6.34165e-06
1.24 5.8721e-06
1.25 5.43392e-06
1.26 5.02532e-06
1.27 4.64454e-06
1.28 4.28995e-06
1.29 3.95995e-06
1.3 3.65307e-06
1.31 3.36787e-06
1.32 3.103e-06
1.33 2.85719e-06
1.34 2.6292e-06
1.35 2.41791e-06
1.36 2.22221e-06
1.37 2.04107e-06
1.38 1.87354e-06
1.39 1.71868e-06
1.4 1.57564e-06
1.41 1.44361e-06
1.42 1.32182e-06
1.43 1.20955e-06
1.44 1.10612e-06
1.45 1.01091e-06
1.46 9.23323e-07
1.47 8.42796e-07
1.48 7.68814e-07
1.49 7.00889e-07
1.5 6.38567e-07
1.51 5.81425e-07
1.52 5.29066e-07
1.53 4.81123e-07
1.54 4.37252e-07
1.55 3.97133e-07
1.56 3.60471e-07
1.57 3.2699e-07
1.58 2.96434e-07
1.59 2.68566e-07
1.6 2.43166e-07
1.61 2.20032e-07
1.62 1.98974e-07
1.63 1.7982e-07
1.64 1.62408e-07
1.65 1.46591e-07
1.66 1.32232e-07
1.67 1.19205e-07
1.68 1.07395e-07
1.69 9.66942e-08
1.7 8.70057e-08
1.71 7.82392e-08
1.72 7.03122e-08
1.73 6.31489e-08
1.74 5.66802e-08
1.75 5.08424e-08
1.76 4.55774e-08
1.77 4.08322e-08
1.78 3.65583e-08
1.79 3.27114e-08
1.8 2.9251e-08
1.81 2.61404e-08
1.82 2.3346e-08
1.83 2.08374e-08
1.84 1.85867e-08
1.85 1.65689e-08
1.86 1.47609e-08
1.87 1.31419e-08
1.88 1.16933e-08
1.89 1.03979e-08
1.9 9.2402e-09
1.91 8.20631e-09
1.92 7.28356e-09
1.93 6.46054e-09
1.94 5.72695e-09
1.95 5.0735e-09
1.96 4.49181e-09
1.97 3.97433e-09
1.98 3.51429e-09
1.99 3.10555e-09
2 2.74265e-09
2.01 2.42065e-09
2.02 2.13512e-09
2.03 1.8821e-09
2.04 1.65803e-09
2.05 1.45972e-09
2.06 1.28434e-09
2.07 1.12932e-09
2.08 9.92395e-10
2.09 8.71529e-10
2.1 7.64906e-10
2.11 6.70909e-10
2.12 5.88097e-10
2.13 5.15186e-10
2.14 4.51033e-10
2.15 3.94623e-10
2.16 3.45053e-10
2.17 3.01522e-10
2.18 2.63318e-10
2.19 2.29812e-10
2.2 2.00444e-10
2.21 1.74721e-10
2.22 1.52203e-10
2.23 1.32506e-10
2.24 1.15285e-10
2.25 1.0024e-10
2.26 8.71044e-11
2.27 7.56428e-11
2.28 6.56485e-11
2.29 5.69392e-11
2.3 4.93545e-11
2.31 4.27536e-11
2.32 3.70124e-11
2.33 3.20223e-11
2.34 2.76876e-11
2.35 2.39249e-11
2.36 2.06606e-11
2.37 1.78306e-11
2.38 1.53786e-11
2.39 1.32556e-11
2.4 1.14185e-11
2.41 9.8299e-12
2.42 8.45705e-12
2.43 7.2714e-12
2.44 6.24809e-12
2.45 5.36544e-12
2.46 4.60461e-12
2.47 3.94921e-12
2.48 3.38499e-12
2.49 2.89957e-12
2.5 2.48221e-12
2.51 2.12361e-12
2.52 1.81568e-12
2.53 1.55143e-12
2.54 1.32482e-12
2.55 1.1306e-12
2.56 9.64255e-13
2.57 8.21872e-13
2.58 7.00076e-13
2.59 5.95959e-13
2.6 5.07011e-13
2.61 4.31069e-13
2.62 3.66274e-13
2.63 3.11025e-13
2.64 2.63945e-13
2.65 2.23852e-13
2.66 1.89731e-13
2.67 1.60711e-13
2.68 1.36045e-13
2.69 1.15093e-13
2.7 9.73068e-14
2.71 8.22182e-14
2.72 6.9426e-14
2.73 5.85876e-14
2.74 4.94105e-14
2.75 4.16449e-14
2.76 3.50779e-14
2.77 2.95281e-14
2.78 2.48409e-14
2.79 2.08847e-14
2.8 1.75476e-14
2.81 1.47346e-14
2.82 1.23648e-14
2.83 1.03697e-14
2.84 8.69106e-15
2.85 7.27965e-15
2.86 6.09365e-15
2.87 5.0977e-15
2.88 4.26187e-15
2.89 3.56086e-15
2.9 2.97331e-15
2.91 2.48116e-15
2.92 2.06918e-15
2.93 1.72453e-15
2.94 1.4364e-15
2.95 1.19566e-15
2.96 9.94647e-16
2.97 8.26914e-16
2.98 6.87038e-16
2.99 5.70468e-16
3 4.73381e-16
3.01 3.92573e-16
3.02 3.25356e-16
3.03 2.6948e-16
3.04 2.23062e-16
3.05 1.84524e-16
3.06 1.52549e-16
3.07 1.26036e-16
3.08 1.04066e-16
3.09 8.58728e-17
3.1 7.08158e-17
3.11 5.83625e-17
3.12 4.80693e-17
3.13 3.95668e-17
3.14 3.25479e-17
3.15 2.67575e-17
3.16 2.19835e-17
3.17 1.805e-17
3.18 1.48111e-17
3.19 1.21458e-17
3.2 9.95399e-18
3.21 8.1526e-18
3.22 6.67305e-18
3.23 5.45861e-18
3.24 4.46241e-18
3.25 3.64574e-18
3.26 2.97668e-18
3.27 2.42889e-18
3.28 1.98068e-18
3.29 1.61417e-18
3.3 1.31466e-18
3.31 1.07005e-18
3.32 8.7042e-19
3.33 7.0759e-19
3.34 5.74862e-19
3.35 4.6674e-19
3.36 3.78718e-19
3.37 3.07105e-19
3.38 2.48878e-19
3.39 2.01566e-19
3.4 1.63146e-19
3.41 1.31967e-19
3.42 1.0668e-19
3.43 8.61846e-20
3.44 6.95835e-20
3.45 5.61452e-20
3.46 4.5274e-20
3.47 3.6485e-20
3.48 2.93839e-20
3.49 2.36501e-20
3.5 1.90234e-20
3.51 1.52922e-20
3.52 1.22852e-20
3.53 9.86338e-21
3.54 7.91402e-21
3.55 6.34598e-21
3.56 5.08545e-21
3.57 4.07277e-21
3.58 3.25971e-21
3.59 2.60734e-21
3.6 2.08424e-21
3.61 1.66504e-21
3.62 1.32933e-21
3.63 1.06064e-21
3.64 8.45739e-22
3.65 6.73957e-22
3.66 5.36732e-22
3.67 4.27182e-22
3.68 3.3978e-22
3.69 2.70092e-22
3.7 2.14563e-22
3.71 1.70344e-22
3.72 1.35154e-22
3.73 1.07167e-22
3.74 8.49226e-23
3.75 6.72534e-23
3.76 5.32273e-23
3.77 4.21002e-23
3.78 3.32785e-23
3.79 2.62889e-23
3.8 2.07544e-23
3.81 1.63749e-23
3.82 1.29115e-23
3.83 1.01743e-23
3.84 8.01233e-24
3.85 6.30586e-24
3.86 4.95975e-24
3.87 3.89856e-24
3.88 3.06252e-24
3.89 2.40426e-24
3.9 1.88632e-24
3.91 1.47903e-24
3.92 1.15896e-24
3.93 9.07593e-25
3.94 7.10301e-25
3.95 5.55549e-25
3.96 4.34243e-25
3.97 3.39213e-25
3.98 2.64814e-25
3.99 2.06604e-25
4 1.6109e-25
4.01 1.25523e-25
4.02 9.77489e-26
4.03 7.60726e-26
4.04 5.91662e-26
4.05 4.59885e-26
4.06 3.57235e-26
4.07 2.77325e-26
4.08 2.15155e-26
4.09 1.66819e-26
4.1 1.29261e-26
4.11 1.00097e-26
4.12 7.74643e-27
4.13 5.99119e-27
4.14 4.63077e-27
4.15 3.57704e-27
4.16 2.76136e-27
4.17 2.13036e-27
4.18 1.64252e-27
4.19 1.26561e-27
4.2 9.74578e-28
4.21 7.50004e-28
4.22 5.7682e-28
4.23 4.43349e-28
4.24 3.40551e-28
4.25 2.61425e-28
4.26 2.00558e-28
4.27 1.53768e-28
4.28 1.1782e-28
4.29 9.02197e-29
4.3 6.9042e-29
4.31 5.28026e-29
4.32 4.03577e-29
4.33 3.08267e-29
4.34 2.35319e-29
4.35 1.79522e-29
4.36 1.3687e-29
4.37 1.04286e-29
4.38 7.94097e-30
4.39 6.04298e-30
4.4 4.59577e-30
4.41 3.49297e-30
4.42 2.65315e-30
4.43 2.01399e-30
4.44 1.52785e-30
4.45 1.15834e-30
4.46 8.77649e-31
4.47 6.6456e-31
4.48 5.02895e-31
4.49 3.8032e-31
4.5 2.87443e-31
4.51 2.17112e-31
4.52 1.63887e-31
4.53 1.23633e-31
4.54 9.32083e-32
4.55 7.0227e-32
4.56 5.28789e-32
4.57 3.97916e-32
4.58 2.99246e-32
4.59 2.24904e-32
4.6 1.68925e-32
4.61 1.268e-32
4.62 9.51207e-33
4.63 7.13116e-33
4.64 5.34288e-33
4.65 4.00055e-33
4.66 2.99359e-33
4.67 2.2387e-33
4.68 1.67313e-33
4.69 1.24966e-33
4.7 9.32787e-34
4.71 6.95831e-34
4.72 5.18745e-34
4.73 3.86486e-34
4.74 2.87769e-34
4.75 2.14133e-34
4.76 1.5924e-34
4.77 1.18345e-34
4.78 8.78976e-35
4.79 6.5243e-35
4.8 4.83972e-35
4.81 3.58787e-35
4.82 2.65816e-35
4.83 1.96814e-35
4.84 1.45633e-35
4.85 1.07695e-35
4.86 7.95899e-36
4.87 5.87829e-36
4.88 4.33883e-36
4.89 3.20055e-36
4.9 2.35942e-36
4.91 1.73827e-36
4.92 1.27984e-36
4.93 9.41731e-37
4.94 6.9251e-37
4.95 5.08926e-37
4.96 3.73777e-37
4.97 2.74347e-37
4.98 2.01241e-37
4.99 1.47524e-37
5 1.08079e-37
5.01 7.91308e-38
5.02 5.79003e-38
5.03 4.23394e-38
5.04 3.09413e-38
5.05 2.25976e-38
5.06 1.64936e-38
5.07 1.20309e-38
5.08 8.77021e-39
5.09 6.38927e-39
5.1 4.65181e-39
5.11 3.38472e-39
5.12 2.46123e-39
5.13 1.78859e-39
5.14 1.29897e-39
5.15 9.42798e-40
5.16 6.83859e-40
5.17 4.95728e-40
5.18 3.59129e-40
5.19 2.60008e-40
5.2 1.88128e-40
5.21 1.36034e-40
5.22 9.83042e-41
5.23 7.09948e-41
5.24 5.12401e-41
5.25 3.69593e-41
5.26 2.66419e-41
5.27 1.91928e-41
5.28 1.38178e-41
5.29 9.94192e-42
5.3 7.14876e-42
5.31 5.13713e-42
5.32 3.68927e-42
5.33 2.64783e-42
5.34 1.89919e-42
5.35 1.36137e-42
5.36 9.75244e-43
5.37 6.982e-43
5.38 4.99547e-43
5.39 3.57192e-43
5.4 2.55245e-43
5.41 1.82281e-43
5.42 1.30094e-43
5.43 9.27898e-44
5.44 6.61414e-44
5.45 4.71169e-44
5.46 3.35435e-44
5.47 2.38655e-44
5.48 1.69692e-44
5.49 1.20582e-44
5.5 8.56313e-45
5.51 6.07732e-45
5.52 4.31043e-45
5.53 3.05534e-45
5.54 2.16435e-45
5.55 1.53223e-45
5.56 1.08406e-45
5.57 7.66494e-46
5.58 5.4162e-46
5.59 3.82481e-46
5.6 2.69933e-46
5.61 1.90384e-46
5.62 1.34194e-46
5.63 9.45294e-47
5.64 6.65472e-47
5.65 4.6819e-47
5.66 3.29188e-47
5.67 2.31311e-47
5.68 1.62434e-47
5.69 1.13995e-47
5.7 7.99515e-48
5.71 5.60397e-48
5.72 3.92549e-48
5.73 2.74804e-48
5.74 1.92256e-48
5.75 1.34421e-48
5.76 9.39256e-49
5.77 6.55889e-49
5.78 4.57726e-49
5.79 3.19235e-49
5.8 2.22508e-49
5.81 1.54992e-49
5.82 1.07895e-49
5.83 7.50631e-50
5.84 5.2189e-50
5.85 3.62628e-50
5.86 2.5181e-50
5.87 1.74748e-50
5.88 1.21195e-50
5.89 8.40008e-51
5.9 5.81853e-51
5.91 4.02784e-51
5.92 2.78651e-51
5.93 1.92654e-51
5.94 1.33115e-51
5.95 9.19184e-52
5.96 6.3432e-52
5.97 4.37466e-52
5.98 3.01516e-52
5.99 2.07685e-52
