-6 0.0019903
-5.99 0.00202285
-5.98 0.00205587
-5.97 0.00208937
-5.96 0.00212334
-5.95 0.00215781
-5.94 0.00219276
-5.93 0.00222821
-5.92 0.00226417
-5.91 0.00230063
-5.9 0.00233761
-5.89 0.00237511
-5.88 0.00241314
-5.87 0.0024517
-5.86 0.0024908
-5.85 0.00253044
-5.84 0.00257064
-5.83 0.00261139
-5.82 0.00265271
-5.81 0.0026946
-5.8 0.00273707
-5.79 0.00278012
-5.78 0.00282376
-5.77 0.002868
-5.76 0.00291284
-5.75 0.00295829
-5.74 0.00300436
-5.73 0.00305105
-5.72 0.00309837
-5.71 0.00314633
-5.7 0.00319493
-5.69 0.00324419
-5.68 0.0032941
-5.67 0.00334467
-5.66 0.00339592
-5.65 0.00344785
-5.64 0.00350047
-5.63 0.00355377
-5.62 0.00360778
-5.61 0.0036625
-5.6 0.00371793
-5.59 0.00377409
-5.58 0.00383098
-5.57 0.0038886
-5.56 0.00394698
-5.55 0.0040061
-5.54 0.00406599
-5.53 0.00412664
-5.52 0.00418807
-5.51 0.00425029
-5.5 0.00431329
-5.49 0.0043771
-5.48 0.00444171
-5.47 0.00450715
-5.46 0.0045734
-5.45 0.00464049
-5.44 0.00470841
-5.43 0.00477719
-5.42 0.00484682
-5.41 0.00491732
-5.4 0.00498869
-5.39 0.00506094
-5.38 0.00513407
-5.37 0.00520811
-5.36 0.00528306
-5.35 0.00535892
-5.34 0.0054357
-5.33 0.00551341
-5.32 0.00559207
-5.31 0.00567167
-5.3 0.00575223
-5.29 0.00583376
-5.28 0.00591626
-5.27 0.00599975
-5.26 0.00608423
-5.25 0.00616971
-5.24 0.00625621
-5.23 0.00634372
-5.22 0.00643226
-5.21 0.00652184
-5.2 0.00661246
-5.19 0.00670414
-5.18 0.00679688
-5.17 0.0068907
-5.16 0.0069856
-5.15 0.0070816
-5.14 0.00717869
-5.13 0.00727689
-5.12 0.00737622
-5.11 0.00747667
-5.1 0.00757826
-5.09 0.007681
-5.08 0.00778489
-5.07 0.00788996
-5.06 0.00799619
-5.05 0.00810361
-5.04 0.00821223
-5.03 0.00832205
-5.02 0.00843309
-5.01 0.00854534
-5 0.00865883
-4.99 0.00877356
-4.98 0.00888955
-4.97 0.00900679
-4.96 0.00912531
-4.95 0.0092451
-4.94 0.00936619
-4.93 0.00948857
-4.92 0.00961226
-4.91 0.00973728
-4.9 0.00986362
-4.89 0.0099913
-4.88 0.0101203
-4.87 0.0102507
-4.86 0.0103825
-4.85 0.0105156
-4.84 0.0106501
-4.83 0.010786
-4.82 0.0109233
-4.81 0.0110621
-4.8 0.0112022
-4.79 0.0113438
-4.78 0.0114869
-4.77 0.0116313
-4.76 0.0117773
-4.75 0.0119247
-4.74 0.0120736
-4.73 0.012224
-4.72 0.012376
-4.71 0.0125294
-4.7 0.0126843
-4.69 0.0128408
-4.68 0.0129988
-4.67 0.0131584
-4.66 0.0133195
-4.65 0.0134822
-4.64 0.0136465
-4.63 0.0138123
-4.62 0.0139798
-4.61 0.0141489
-4.6 0.0143196
-4.59 0.0144919
-4.58 0.0146658
-4.57 0.0148414
-4.56 0.0150187
-4.55 0.0151976
-4.54 0.0153782
-4.53 0.0155605
-4.52 0.0157444
-4.51 0.0159301
-4.5 0.0161175
-4.49 0.0163066
-4.48 0.0164974
-4.47 0.0166899
-4.46 0.0168842
-4.45 0.0170803
-4.44 0.0172781
-4.43 0.0174777
-4.42 0.0176791
-4.41 0.0178823
-4.4 0.0180872
-4.39 0.018294
-4.38 0.0185026
-4.37 0.018713
-4.36 0.0189253
-4.35 0.0191394
-4.34 0.0193553
-4.33 0.0195731
-4.32 0.0197928
-4.31 0.0200143
-4.3 0.0202377
-4.29 0.0204631
-4.28 0.0206903
-4.27 0.0209194
-4.26 0.0211504
-4.25 0.0213834
-4.24 0.0216183
-4.23 0.0218551
-4.22 0.0220938
-4.21 0.0223346
-4.2 0.0225772
-4.19 0.0228219
-4.18 0.0230685
-4.17 0.0233171
-4.16 0.0235677
-4.15 0.0238202
-4.14 0.0240748
-4.13 0.0243314
-4.12 0.02459
-4.11 0.0248506
-4.1 0.0251133
-4.09 0.025378
-4.08 0.0256447
-4.07 0.0259135
-4.06 0.0261843
-4.05 0.0264572
-4.04 0.0267321
-4.03 0.0270092
-4.02 0.0272883
-4.01 0.0275694
-4 0.0278527
-3.99 0.028138
-3.98 0.0284255
-3.97 0.028715
-3.96 0.0290067
-3.95 0.0293005
-3.94 0.0295963
-3.93 0.0298944
-3.92 0.0301945
-3.91 0.0304967
-3.9 0.0308011
-3.89 0.0311077
-3.88 0.0314163
-3.87 0.0317271
-3.86 0.0320401
-3.85 0.0323552
-3.84 0.0326725
-3.83 0.0329919
-3.82 0.0333135
-3.81 0.0336373
-3.8 0.0339632
-3.79 0.0342913
-3.78 0.0346215
-3.77 0.034954
-3.76 0.0352886
-3.75 0.0356254
-3.74 0.0359644
-3.73 0.0363055
-3.72 0.0366489
-3.71 0.0369944
-3.7 0.0373421
-3.69 0.037692
-3.68 0.0380441
-3.67 0.0383984
-3.66 0.0387549
-3.65 0.0391135
-3.64 0.0394744
-3.63 0.0398374
-3.62 0.0402027
-3.61 0.0405701
-3.6 0.0409397
-3.59 0.0413115
-3.58 0.0416855
-3.57 0.0420617
-3.56 0.0424401
-3.55 0.0428206
-3.54 0.0432034
-3.53 0.0435883
-3.52 0.0439754
-3.51 0.0443647
-3.5 0.0447562
-3.49 0.0451498
-3.48 0.0455456
-3.47 0.0459436
-3.46 0.0463437
-3.45 0.046746
-3.44 0.0471505
-3.43 0.0475571
-3.42 0.0479659
-3.41 0.0483769
-3.4 0.0487899
-3.39 0.0492052
-3.38 0.0496225
-3.37 0.050042
-3.36 0.0504636
-3.35 0.0508873
-3.34 0.0513132
-3.33 0.0517412
-3.32 0.0521712
-3.31 0.0526034
-3.3 0.0530377
-3.29 0.053474
-3.28 0.0539125
-3.27 0.054353
-3.26 0.0547956
-3.25 0.0552402
-3.24 0.0556869
-3.23 0.0561356
-3.22 0.0565864
-3.21 0.0570392
-3.2 0.0574941
-3.19 0.0579509
-3.18 0.0584098
-3.17 0.0588707
-3.16 0.0593335
-3.15 0.0597983
-3.14 0.0602651
-3.13 0.0607339
-3.12 0.0612046
-3.11 0.0616773
-3.1 0.0621518
-3.09 0.0626284
-3.08 0.0631068
-3.07 0.0635871
-3.06 0.0640693
-3.05 0.0645534
-3.04 0.0650394
-3.03 0.0655272
-3.02 0.0660168
-3.01 0.0665083
-3 0.0670016
-2.99 0.0674967
-2.98 0.0679936
-2.97 0.0684923
-2.96 0.0689928
-2.95 0.069495
-2.94 0.069999
-2.93 0.0705047
-2.92 0.0710121
-2.91 0.0715212
-2.9 0.072032
-2.89 0.0725444
-2.88 0.0730585
-2.87 0.0735743
-2.86 0.0740917
-2.85 0.0746107
-2.84 0.0751313
-2.83 0.0756535
-2.82 0.0761772
-2.81 0.0767025
-2.8 0.0772293
-2.79 0.0777577
-2.78 0.0782875
-2.77 0.0788188
-2.76 0.0793516
-2.75 0.0798859
-2.74 0.0804215
-2.73 0.0809586
-2.72 0.0814971
-2.71 0.082037
-2.7 0.0825782
-2.69 0.0831207
-2.68 0.0836646
-2.67 0.0842098
-2.66 0.0847563
-2.65 0.085304
-2.64 0.085853
-2.63 0.0864032
-2.62 0.0869546
-2.61 0.0875072
-2.6 0.0880609
-2.59 0.0886158
-2.58 0.0891718
-2.57 0.089729
-2.56 0.0902872
-2.55 0.0908465
-2.54 0.0914068
-2.53 0.0919681
-2.52 0.0925304
-2.51 0.0930937
-2.5 0.093658
-2.49 0.0942232
-2.48 0.0947893
-2.47 0.0953563
-2.46 0.0959241
-2.45 0.0964928
-2.44 0.0970624
-2.43 0.0976327
-2.42 0.0982038
-2.41 0.0987756
-2.4 0.0993481
-2.39 0.0999214
-2.38 0.100495
-2.37 0.10107
-2.36 0.101645
-2.35 0.102221
-2.34 0.102797
-2.33 0.103374
-2.32 0.103952
-2.31 0.10453
-2.3 0.105108
-2.29 0.105687
-2.28 0.106267
-2.27 0.106846
-2.26 0.107427
-2.25 0.108007
-2.24 0.108588
-2.23 0.109169
-2.22 0.10975
-2.21 0.110332
-2.2 0.110914
-2.19 0.111496
-2.18 0.112078
-2.17 0.112661
-2.16 0.113243
-2.15 0.113826
-2.14 0.114408
-2.13 0.114991
-2.12 0.115574
-2.11 0.116157
-2.1 0.116739
-2.09 0.117322
-2.08 0.117904
-2.07 0.118487
-2.06 0.119069
-2.05 0.119651
-2.04 0.120233
-2.03 0.120814
-2.02 0.121395
-2.01 0.121976
-2 0.122557
-1.99 0.123137
-1.98 0.123717
-1.97 0.124297
-1.96 0.124876
-1.95 0.125454
-1.94 0.126032
-1.93 0.12661
-1.92 0.127187
-1.91 0.127763
-1.9 0.128339
-1.89 0.128914
-1.88 0.129489
-1.87 0.130063
-1.86 0.130636
-1.85 0.131208
-1.84 0.13178
-1.83 0.13235
-1.82 0.13292
-1.81 0.133489
-1.8 0.134057
-1.79 0.134625
-1.78 0.135191
-1.77 0.135756
-1.76 0.13632
-1.75 0.136883
-1.74 0.137445
-1.73 0.138006
-1.72 0.138566
-1.71 0.139125
-1.7 0.139682
-1.69 0.140238
-1.68 0.140793
-1.67 0.141347
-1.66 0.141899
-1.65 0.14245
-1.64 0.143
-1.63 0.143548
-1.62 0.144095
-1.61 0.14464
-1.6 0.145184
-1.59 0.145726
-1.58 0.146267
-1.57 0.146806
-1.56 0.147344
-1.55 0.147879
-1.54 0.148414
-1.53 0.148946
-1.52 0.149477
-1.51 0.150006
-1.5 0.150533
-1.49 0.151059
-1.48 0.151582
-1.47 0.152104
-1.46 0.152624
-1.45 0.153142
-1.44 0.153658
-1.43 0.154172
-1.42 0.154683
-1.41 0.155193
-1.4 0.155701
-1.39 0.156207
-1.38 0.15671
-1.37 0.157212
-1.36 0.157711
-1.35 0.158208
-1.34 0.158703
-1.33 0.159195
-1.32 0.159685
-1.31 0.160173
-1.3 0.160659
-1.29 0.161142
-1.28 0.161622
-1.27 0.162101
-1.26 0.162576
-1.25 0.16305
-1.24 0.16352
-1.23 0.163989
-1.22 0.164454
-1.21 0.164917
-1.2 0.165378
-1.19 0.165835
-1.18 0.166291
-1.17 0.166743
-1.16 0.167193
-1.15 0.167639
-1.14 0.168083
-1.13 0.168525
-1.12 0.168963
-1.11 0.169399
-1.1 0.169831
-1.09 0.170261
-1.08 0.170688
-1.07 0.171112
-1.06 0.171533
-1.05 0.17195
-1.04 0.172365
-1.03 0.172777
-1.02 0.173186
-1.01 0.173591
-1 0.173994
-0.99 0.174393
-0.98 0.174789
-0.97 0.175182
-0.96 0.175571
-0.95 0.175958
-0.94 0.176341
-0.93 0.176721
-0.92 0.177097
-0.91 0.17747
-0.9 0.17784
-0.89 0.178206
-0.88 0.178569
-0.87 0.178929
-0.86 0.179285
-0.85 0.179637
-0.84 0.179986
-0.83 0.180332
-0.82 0.180674
-0.81 0.181012
-0.8 0.181347
-0.79 0.181679
-0.78 0.182006
-0.77 0.18233
-0.76 0.182651
-0.75 0.182967
-0.74 0.18328
-0.73 0.183589
-0.72 0.183895
-0.71 0.184197
-0.7 0.184495
-0.69 0.184789
-0.68 0.185079
-0.67 0.185366
-0.66 0.185648
-0.65 0.185927
-0.64 0.186202
-0.63 0.186473
-0.62 0.18674
-0.61 0.187004
-0.6 0.187263
-0.59 0.187518
-0.58 0.18777
-0.57 0.188017
-0.56 0.18826
-0.55 0.188499
-0.54 0.188735
-0.53 0.188966
-0.52 0.189193
-0.51 0.189416
-0.5 0.189635
-0.49 0.18985
-0.48 0.190061
-0.47 0.190267
-0.46 0.19047
-0.45 0.190668
-0.44 0.190862
-0.43 0.191052
-0.42 0.191238
-0.41 0.191419
-0.4 0.191596
-0.39 0.191769
-0.38 0.191938
-0.37 0.192103
-0.36 0.192263
-0.35 0.192419
-0.34 0.192571
-0.33 0.192718
-0.32 0.192861
-0.31 0.193
-0.3 0.193135
-0.29 0.193265
-0.28 0.193391
-0.27 0.193512
-0.26 0.193629
-0.25 0.193742
-0.24 0.193851
-0.23 0.193955
-0.22 0.194054
-0.21 0.19415
-0.2 0.194241
-0.19 0.194327
-0.18 0.194409
-0.17 0.194487
-0.16 0.19456
-0.15 0.194629
-0.14 0.194693
-0.13 0.194753
-0.12 0.194809
-0.11 0.19486
-0.1 0.194907
-0.09 0.194949
-0.08 0.194987
-0.07 0.19502
-0.06 0.195049
-0.05 0.195074
-0.04 0.195094
-0.03 0.195109
-0.02 0.195121
-0.01 0.195127
0 0.195129
0.01 0.195127
0.02 0.195121
0.03 0.195109
0.04 0.195094
0.05 0.195074
0.06 0.195049
0.07 0.19502
0.08 0.194987
0.09 0.194949
0.1 0.194907
0.11 0.19486
0.12 0.194809
0.13 0.194753
0.14 0.194693
0.15 0.194629
0.16 0.19456
0.17 0.194487
0.18 0.194409
0.19 0.194327
0.2 0.194241
0.21 0.19415
0.22 0.194054
0.23 0.193955
0.24 0.193851
0.25 0.193742
0.26 0.193629
0.27 0.193512
0.28 0.193391
0.29 0.193265
0.3 0.193135
0.31 0.193
0.32 0.192861
0.33 0.192718
0.34 0.192571
0.35 0.192419
0.36 0.192263
0.37 0.192103
0.38 0.191938
0.39 0.191769
0.4 0.191596
0.41 0.191419
0.42 0.191238
0.43 0.191052
0.44 0.190862
0.45 0.190668
0.46 0.19047
0.47 0.190267
0.48 0.190061
0.49 0.18985
0.5 0.189635
0.51 0.189416
0.52 0.189193
0.53 0.188966
0.54 0.188735
0.55 0.188499
0.56 0.18826
0.57 0.188017
0.58 0.18777
0.59 0.187518
0.6 0.187263
0.61 0.187004
0.62 0.18674
0.63 0.186473
0.64 0.186202
0.65 0.185927
0.66 0.185648
0.67 0.185366
0.68 0.185079
0.69 0.184789
0.7 0.184495
0.71 0.184197
0.72 0.183895
0.73 0.183589
0.74 0.18328
0.75 0.182967
0.76 0.182651
0.77 0.18233
0.78 0.182006
0.79 0.181679
0.8 0.181347
0.81 0.181012
0.82 0.180674
0.83 0.180332
0.84 0.179986
0.85 0.179637
0.86 0.179285
0.87 0.178929
0.88 0.178569
0.89 0.178206
0.9 0.17784
0.91 0.17747
0.92 0.177097
0.93 0.176721
0.94 0.176341
0.95 0.175958
0.96 0.175571
0.97 0.175182
0.98 0.174789
0.99 0.174393
1 0.173994
1.01 0.173591
1.02 0.173186
1.03 0.172777
1.04 0.172365
1.05 0.17195
1.06 0.171533
1.07 0.171112
1.08 0.170688
1.09 0.170261
1.1 0.169831
1.11 0.169399
1.12 0.168963
1.13 0.168525
1.14 0.168083
1.15 0.167639
1.16 0.167193
1.17 0.166743
1.18 0.166291
1.19 0.165835
1.2 0.165378
1.21 0.164917
1.22 0.164454
1.23 0.163989
1.24 0.16352
1.25 0.16305
1.26 0.162576
1.27 0.162101
1.28 0.161622
1.29 0.161142
1.3 0.160659
1.31 0.160173
1.32 0.159685
1.33 0.159195
1.34 0.158703
1.35 0.158208
1.36 0.157711
1.37 0.157212
1.38 0.15671
1.39 0.156207
1.4 0.155701
1.41 0.155193
1.42 0.154683
1.43 0.154172
1.44 0.153658
1.45 0.153142
1.46 0.152624
1.47 0.152104
1.48 0.151582
1.49 0.151059
1.5 0.150533
1.51 0.150006
1.52 0.149477
1.53 0.148946
1.54 0.148414
1.55 0.147879
1.56 0.147344
1.57 0.146806
1.58 0.146267
1.59 0.145726
1.6 0.145184
1.61 0.14464
1.62 0.144095
1.63 0.143548
1.64 0.143
1.65 0.14245
1.66 0.141899
1.67 0.141347
1.68 0.140793
1.69 0.140238
1.7 0.139682
1.71 0.139125
1.72 0.138566
1.73 0.138006
1.74 0.137445
1.75 0.136883
1.76 0.13632
1.77 0.135756
1.78 0.135191
1.79 0.134625
1.8 0.134057
1.81 0.133489
1.82 0.13292
1.83 0.13235
1.84 0.13178
1.85 0.131208
1.86 0.130636
1.87 0.130063
1.88 0.129489
1.89 0.128914
1.9 0.128339
1.91 0.127763
1.92 0.127187
1.93 0.12661
1.94 0.126032
1.95 0.125454
1.96 0.124876
1.97 0.124297
1.98 0.123717
1.99 0.123137
2 0.122557
2.01 0.121976
2.02 0.121395
2.03 0.120814
2.04 0.120233
2.05 0.119651
2.06 0.119069
2.07 0.118487
2.08 0.117904
2.09 0.117322
2.1 0.116739
2.11 0.116157
2.12 0.115574
2.13 0.114991
2.14 0.114408
2.15 0.113826
2.16 0.113243
2.17 0.112661
2.18 0.112078
2.19 0.111496
2.2 0.110914
2.21 0.110332
2.22 0.10975
2.23 0.109169
2.24 0.108588
2.25 0.108007
2.26 0.107427
2.27 0.106846
2.28 0.106267
2.29 0.105687
2.3 0.105108
2.31 0.10453
2.32 0.103952
2.33 0.103374
2.34 0.102797
2.35 0.102221
2.36 0.101645
2.37 0.10107
2.38 0.100495
2.39 0.0999214
2.4 0.0993481
2.41 0.0987756
2.42 0.0982038
2.43 0.0976327
2.44 0.0970624
2.45 0.0964928
2.46 0.0959241
2.47 0.0953563
2.48 0.0947893
2.49 0.0942232
2.5 0.093658
2.51 0.0930937
2.52 0.0925304
2.53 0.0919681
2.54 0.0914068
2.55 0.0908465
2.56 0.0902872
2.57 0.089729
2.58 0.0891718
2.59 0.0886158
2.6 0.0880609
2.61 0.0875072
2.62 0.0869546
2.63 0.0864032
2.64 0.085853
2.65 0.085304
2.66 0.0847563
2.67 0.0842098
2.68 0.0836646
2.69 0.0831207
2.7 0.0825782
2.71 0.082037
2.72 0.0814971
2.73 0.0809586
2.74 0.0804215
2.75 0.0798859
2.76 0.0793516
2.77 0.0788188
2.78 0.0782875
2.79 0.0777577
2.8 0.0772293
2.81 0.0767025
2.82 0.0761772
2.83 0.0756535
2.84 0.0751313
2.85 0.0746107
2.86 0.0740917
2.87 0.0735743
2.88 0.0730585
2.89 0.0725444
2.9 0.072032
2.91 0.0715212
2.92 0.0710121
2.93 0.0705047
2.94 0.069999
2.95 0.069495
2.96 0.0689928
2.97 0.0684923
2.98 0.0679936
2.99 0.0674967
3 0.0670016
3.01 0.0665083
3.02 0.0660168
3.03 0.0655272
3.04 0.0650394
3.05 0.0645534
3.06 0.0640693
3.07 0.0635871
3.08 0.0631068
3.09 0.0626284
3.1 0.0621518
3.11 0.0616773
3.12 0.0612046
3.13 0.0607339
3.14 0.0602651
3.15 0.0597983
3.16 0.0593335
3.17 0.0588707
3.18 0.0584098
3.19 0.0579509
3.2 0.0574941
3.21 0.0570392
3.22 0.0565864
3.23 0.0561356
3.24 0.0556869
3.25 0.0552402
3.26 0.0547956
3.27 0.054353
3.28 0.0539125
3.29 0.053474
3.3 0.0530377
3.31 0.0526034
3.32 0.0521712
3.33 0.0517412
3.34 0.0513132
3.35 0.0508873
3.36 0.0504636
3.37 0.050042
3.38 0.0496225
3.39 0.0492052
3.4 0.0487899
3.41 0.0483769
3.42 0.0479659
3.43 0.0475571
3.44 0.0471505
3.45 0.046746
3.46 0.0463437
3.47 0.0459436
3.48 0.0455456
3.49 0.0451498
3.5 0.0447562
3.51 0.0443647
3.52 0.0439754
3.53 0.0435883
3.54 0.0432034
3.55 0.0428206
3.56 0.0424401
3.57 0.0420617
3.58 0.0416855
3.59 0.0413115
3.6 0.0409397
3.61 0.0405701
3.62 0.0402027
3.63 0.0398374
3.64 0.0394744
3.65 0.0391135
3.66 0.0387549
3.67 0.0383984
3.68 0.0380441
3.69 0.037692
3.7 0.0373421
3.71 0.0369944
3.72 0.0366489
3.73 0.0363055
3.74 0.0359644
3.75 0.0356254
3.76 0.0352886
3.77 0.034954
3.78 0.0346215
3.79 0.0342913
3.8 0.0339632
3.81 0.0336373
3.82 0.0333135
3.83 0.0329919
3.84 0.0326725
3.85 0.0323552
3.86 0.0320401
3.87 0.0317271
3.88 0.0314163
3.89 0.0311077
3.9 0.0308011
3.91 0.0304967
3.92 0.0301945
3.93 0.0298944
3.94 0.0295963
3.95 0.0293005
3.96 0.0290067
3.97 0.028715
3.98 0.0284255
3.99 0.028138
4 0.0278527
4.01 0.0275694
4.02 0.0272883
4.03 0.0270092
4.04 0.0267321
4.05 0.0264572
4.06 0.0261843
4.07 0.0259135
4.08 0.0256447
4.09 0.025378
4.1 0.0251133
4.11 0.0248506
4.12 0.02459
4.13 0.0243314
4.14 0.0240748
4.15 0.0238202
4.16 0.0235677
4.17 0.0233171
4.18 0.0230685
4.19 0.0228219
4.2 0.0225772
4.21 0.0223346
4.22 0.0220938
4.23 0.0218551
4.24 0.0216183
4.25 0.0213834
4.26 0.0211504
4.27 0.0209194
4.28 0.0206903
4.29 0.0204631
4.3 0.0202377
4.31 0.0200143
4.32 0.0197928
4.33 0.0195731
4.34 0.0193553
4.35 0.0191394
4.36 0.0189253
4.37 0.018713
4.38 0.0185026
4.39 0.018294
4.4 0.0180872
4.41 0.0178823
4.42 0.0176791
4.43 0.0174777
4.44 0.0172781
4.45 0.0170803
4.46 0.0168842
4.47 0.0166899
4.48 0.0164974
4.49 0.0163066
4.5 0.0161175
4.51 0.0159301
4.52 0.0157444
4.53 0.0155605
4.54 0.0153782
4.55 0.0151976
4.56 0.0150187
4.57 0.0148414
4.58 0.0146658
4.59 0.0144919
4.6 0.0143196
4.61 0.0141489
4.62 0.0139798
4.63 0.0138123
4.64 0.0136465
4.65 0.0134822
4.66 0.0133195
4.67 0.0131584
4.68 0.0129988
4.69 0.0128408
4.7 0.0126843
4.71 0.0125294
4.72 0.012376
4.73 0.012224
4.74 0.0120736
4.75 0.0119247
4.76 0.0117773
4.77 0.0116313
4.78 0.0114869
4.79 0.0113438
4.8 0.0112022
4.81 0.0110621
4.82 0.0109233
4.83 0.010786
4.84 0.0106501
4.85 0.0105156
4.86 0.0103825
4.87 0.0102507
4.88 0.0101203
4.89 0.0099913
4.9 0.00986362
4.91 0.00973728
4.92 0.00961226
4.93 0.00948857
4.94 0.00936619
4.95 0.0092451
4.96 0.00912531
4.97 0.00900679
4.98 0.00888955
4.99 0.00877356
5 0.00865883
5.01 0.00854534
5.02 0.00843309
5.03 0.00832205
5.04 0.00821223
5.05 0.00810361
5.06 0.00799619
5.07 0.00788996
5.08 0.00778489
5.09 0.007681
5.1 0.00757826
5.11 0.00747667
5.12 0.00737622
5.13 0.00727689
5.14 0.00717869
5.15 0.0070816
5.16 0.0069856
5.17 0.0068907
5.18 0.00679688
5.19 0.00670414
5.2 0.00661246
5.21 0.00652184
5.22 0.00643226
5.23 0.00634372
5.24 0.00625621
5.25 0.00616971
5.26 0.00608423
5.27 0.00599975
5.28 0.00591626
5.29 0.00583376
5.3 0.00575223
5.31 0.00567167
5.32 0.00559207
5.33 0.00551341
5.34 0.0054357
5.35 0.00535892
5.36 0.00528306
5.37 0.00520811
5.38 0.00513407
5.39 0.00506094
5.4 0.00498869
5.41 0.00491732
5.42 0.00484682
5.43 0.00477719
5.44 0.00470841
5.45 0.00464049
5.46 0.0045734
5.47 0.00450715
5.48 0.00444171
5.49 0.0043771
5.5 0.00431329
5.51 0.00425029
5.52 0.00418807
5.53 0.00412664
5.54 0.00406599
5.55 0.0040061
5.56 0.00394698
5.57 0.0038886
5.58 0.00383098
5.59 0.00377409
5.6 0.00371793
5.61 0.0036625
5.62 0.00360778
5.63 0.00355377
5.64 0.00350047
5.65 0.00344785
5.66 0.00339592
5.67 0.00334467
5.68 0.0032941
5.69 0.00324419
5.7 0.00319493
5.71 0.00314633
5.72 0.00309837
5.73 0.00305105
5.74 0.00300436
5.75 0.00295829
5.76 0.00291284
5.77 0.002868
5.78 0.00282376
5.79 0.00278012
5.8 0.00273707
5.81 0.0026946
5.82 0.00265271
5.83 0.00261139
5.84 0.00257064
5.85 0.00253044
5.86 0.0024908
5.87 0.0024517
5.88 0.00241314
5.89 0.00237511
5.9 0.00233761
5.91 0.00230063
5.92 0.00226417
5.93 0.00222821
5.94 0.00219276
5.95 0.00215781
5.96 0.00212334
5.97 0.00208937
5.98 0.00205587
5.99 0.00202285
