-6 0.00900457
-5.99 0.00911803
-5.98 0.00923263
-5.97 0.00934839
-5.96 0.0094653
-5.95 0.00958337
-5.94 0.00970261
-5.93 0.00982304
-5.92 0.00994465
-5.91 0.0100674
-5.9 0.0101914
-5.89 0.0103167
-5.88 0.0104431
-5.87 0.0105707
-5.86 0.0106996
-5.85 0.0108297
-5.84 0.010961
-5.83 0.0110936
-5.82 0.0112275
-5.81 0.0113626
-5.8 0.011499
-5.79 0.0116366
-5.78 0.0117755
-5.77 0.0119158
-5.76 0.0120573
-5.75 0.0122001
-5.74 0.0123442
-5.73 0.0124897
-5.72 0.0126364
-5.71 0.0127845
-5.7 0.0129339
-5.69 0.0130847
-5.68 0.0132368
-5.67 0.0133903
-5.66 0.0135451
-5.65 0.0137013
-5.64 0.0138588
-5.63 0.0140178
-5.62 0.0141781
-5.61 0.0143398
-5.6 0.0145029
-5.59 0.0146674
-5.58 0.0148333
-5.57 0.0150006
-5.56 0.0151693
-5.55 0.0153395
-5.54 0.015511
-5.53 0.0156841
-5.52 0.0158585
-5.51 0.0160344
-5.5 0.0162117
-5.49 0.0163905
-5.48 0.0165708
-5.47 0.0167525
-5.46 0.0169356
-5.45 0.0171203
-5.44 0.0173064
-5.43 0.017494
-5.42 0.0176831
-5.41 0.0178737
-5.4 0.0180658
-5.39 0.0182593
-5.38 0.0184544
-5.37 0.018651
-5.36 0.0188491
-5.35 0.0190487
-5.34 0.0192498
-5.33 0.0194525
-5.32 0.0196566
-5.31 0.0198623
-5.3 0.0200695
-5.29 0.0202783
-5.28 0.0204886
-5.27 0.0207004
-5.26 0.0209138
-5.25 0.0211287
-5.24 0.0213452
-5.23 0.0215632
-5.22 0.0217828
-5.21 0.0220039
-5.2 0.0222266
-5.19 0.0224508
-5.18 0.0226766
-5.17 0.022904
-5.16 0.0231329
-5.15 0.0233634
-5.14 0.0235955
-5.13 0.0238291
-5.12 0.0240643
-5.11 0.024301
-5.1 0.0245394
-5.09 0.0247793
-5.08 0.0250208
-5.07 0.0252638
-5.06 0.0255084
-5.05 0.0257546
-5.04 0.0260024
-5.03 0.0262517
-5.02 0.0265026
-5.01 0.0267551
-5 0.0270092
-4.99 0.0272648
-4.98 0.027522
-4.97 0.0277808
-4.96 0.0280411
-4.95 0.028303
-4.94 0.0285665
-4.93 0.0288315
-4.92 0.0290981
-4.91 0.0293662
-4.9 0.0296359
-4.89 0.0299072
-4.88 0.03018
-4.87 0.0304543
-4.86 0.0307302
-4.85 0.0310077
-4.84 0.0312866
-4.83 0.0315672
-4.82 0.0318492
-4.81 0.0321328
-4.8 0.0324179
-4.79 0.0327046
-4.78 0.0329927
-4.77 0.0332824
-4.76 0.0335736
-4.75 0.0338663
-4.74 0.0341604
-4.73 0.0344561
-4.72 0.0347533
-4.71 0.0350519
-4.7 0.0353521
-4.69 0.0356537
-4.68 0.0359568
-4.67 0.0362613
-4.66 0.0365673
-4.65 0.0368747
-4.64 0.0371836
-4.63 0.0374939
-4.62 0.0378057
-4.61 0.0381189
-4.6 0.0384334
-4.59 0.0387494
-4.58 0.0390668
-4.57 0.0393856
-4.56 0.0397058
-4.55 0.0400273
-4.54 0.0403502
-4.53 0.0406745
-4.52 0.0410001
-4.51 0.0413271
-4.5 0.0416554
-4.49 0.041985
-4.48 0.0423159
-4.47 0.0426481
-4.46 0.0429817
-4.45 0.0433165
-4.44 0.0436526
-4.43 0.0439899
-4.42 0.0443285
-4.41 0.0446683
-4.4 0.0450094
-4.39 0.0453517
-4.38 0.0456952
-4.37 0.0460398
-4.36 0.0463857
-4.35 0.0467328
-4.34 0.047081
-4.33 0.0474303
-4.32 0.0477808
-4.31 0.0481324
-4.3 0.0484851
-4.29 0.048839
-4.28 0.0491939
-4.27 0.0495498
-4.26 0.0499069
-4.25 0.0502649
-4.24 0.050624
-4.23 0.0509842
-4.22 0.0513453
-4.21 0.0517074
-4.2 0.0520705
-4.19 0.0524345
-4.18 0.0527995
-4.17 0.0531654
-4.16 0.0535322
-4.15 0.0538999
-4.14 0.0542685
-4.13 0.054638
-4.12 0.0550083
-4.11 0.0553794
-4.1 0.0557514
-4.09 0.0561242
-4.08 0.0564977
-4.07 0.056872
-4.06 0.0572471
-4.05 0.0576229
-4.04 0.0579994
-4.03 0.0583766
-4.02 0.0587545
-4.01 0.059133
-4 0.0595122
-3.99 0.0598921
-3.98 0.0602725
-3.97 0.0606535
-3.96 0.0610351
-3.95 0.0614173
-3.94 0.0617999
-3.93 0.0621832
-3.92 0.0625668
-3.91 0.062951
-3.9 0.0633357
-3.89 0.0637207
-3.88 0.0641062
-3.87 0.0644921
-3.86 0.0648784
-3.85 0.065265
-3.84 0.065652
-3.83 0.0660393
-3.82 0.0664269
-3.81 0.0668147
-3.8 0.0672029
-3.79 0.0675912
-3.78 0.0679798
-3.77 0.0683686
-3.76 0.0687576
-3.75 0.0691467
-3.74 0.0695359
-3.73 0.0699253
-3.72 0.0703147
-3.71 0.0707042
-3.7 0.0710938
-3.69 0.0714834
-3.68 0.071873
-3.67 0.0722626
-3.66 0.0726521
-3.65 0.0730416
-3.64 0.073431
-3.63 0.0738203
-3.62 0.0742094
-3.61 0.0745985
-3.6 0.0749873
-3.59 0.075376
-3.58 0.0757644
-3.57 0.0761526
-3.56 0.0765405
-3.55 0.0769282
-3.54 0.0773155
-3.53 0.0777025
-3.52 0.0780892
-3.51 0.0784755
-3.5 0.0788614
-3.49 0.0792468
-3.48 0.0796319
-3.47 0.0800164
-3.46 0.0804005
-3.45 0.0807841
-3.44 0.0811671
-3.43 0.0815496
-3.42 0.0819315
-3.41 0.0823128
-3.4 0.0826935
-3.39 0.0830735
-3.38 0.0834529
-3.37 0.0838315
-3.36 0.0842095
-3.35 0.0845867
-3.34 0.0849631
-3.33 0.0853388
-3.32 0.0857136
-3.31 0.0860876
-3.3 0.0864608
-3.29 0.0868331
-3.28 0.0872045
-3.27 0.087575
-3.26 0.0879445
-3.25 0.0883131
-3.24 0.0886807
-3.23 0.0890473
-3.22 0.0894128
-3.21 0.0897773
-3.2 0.0901407
-3.19 0.090503
-3.18 0.0908642
-3.17 0.0912243
-3.16 0.0915832
-3.15 0.0919409
-3.14 0.0922974
-3.13 0.0926526
-3.12 0.0930066
-3.11 0.0933594
-3.1 0.0937108
-3.09 0.094061
-3.08 0.0944098
-3.07 0.0947572
-3.06 0.0951033
-3.05 0.095448
-3.04 0.0957912
-3.03 0.096133
-3.02 0.0964734
-3.01 0.0968123
-3 0.0971497
-2.99 0.0974855
-2.98 0.0978199
-2.97 0.0981526
-2.96 0.0984838
-2.95 0.0988134
-2.94 0.0991414
-2.93 0.0994677
-2.92 0.0997924
-2.91 0.100115
-2.9 0.100437
-2.89 0.100756
-2.88 0.101074
-2.87 0.10139
-2.86 0.101705
-2.85 0.102017
-2.84 0.102328
-2.83 0.102637
-2.82 0.102944
-2.81 0.10325
-2.8 0.103553
-2.79 0.103855
-2.78 0.104154
-2.77 0.104452
-2.76 0.104748
-2.75 0.105042
-2.74 0.105334
-2.73 0.105624
-2.72 0.105912
-2.71 0.106198
-2.7 0.106482
-2.69 0.106764
-2.68 0.107043
-2.67 0.107321
-2.66 0.107597
-2.65 0.107871
-2.64 0.108142
-2.63 0.108412
-2.62 0.108679
-2.61 0.108944
-2.6 0.109207
-2.59 0.109468
-2.58 0.109727
-2.57 0.109983
-2.56 0.110238
-2.55 0.11049
-2.54 0.11074
-2.53 0.110987
-2.52 0.111233
-2.51 0.111476
-2.5 0.111717
-2.49 0.111956
-2.48 0.112192
-2.47 0.112426
-2.46 0.112658
-2.45 0.112888
-2.44 0.113115
-2.43 0.11334
-2.42 0.113562
-2.41 0.113783
-2.4 0.114001
-2.39 0.114216
-2.38 0.11443
-2.37 0.114641
-2.36 0.114849
-2.35 0.115056
-2.34 0.115259
-2.33 0.115461
-2.32 0.11566
-2.31 0.115857
-2.3 0.116051
-2.29 0.116243
-2.28 0.116433
-2.27 0.11662
-2.26 0.116805
-2.25 0.116988
-2.24 0.117168
-2.23 0.117346
-2.22 0.117521
-2.21 0.117694
-2.2 0.117865
-2.19 0.118033
-2.18 0.118199
-2.17 0.118362
-2.16 0.118523
-2.15 0.118682
-2.14 0.118838
-2.13 0.118992
-2.12 0.119143
-2.11 0.119292
-2.1 0.119439
-2.09 0.119584
-2.08 0.119726
-2.07 0.119865
-2.06 0.120003
-2.05 0.120137
-2.04 0.12027
-2.03 0.1204
-2.02 0.120528
-2.01 0.120654
-2 0.120777
-1.99 0.120898
-1.98 0.121016
-1.97 0.121133
-1.96 0.121247
-1.95 0.121358
-1.94 0.121468
-1.93 0.121575
-1.92 0.12168
-1.91 0.121783
-1.9 0.121883
-1.89 0.121981
-1.88 0.122077
-1.87 0.122171
-1.86 0.122262
-1.85 0.122351
-1.84 0.122438
-1.83 0.122523
-1.82 0.122606
-1.81 0.122687
-1.8 0.122765
-1.79 0.122841
-1.78 0.122916
-1.77 0.122988
-1.76 0.123058
-1.75 0.123126
-1.74 0.123192
-1.73 0.123255
-1.72 0.123317
-1.71 0.123377
-1.7 0.123435
-1.69 0.12349
-1.68 0.123544
-1.67 0.123596
-1.66 0.123646
-1.65 0.123694
-1.64 0.12374
-1.63 0.123784
-1.62 0.123826
-1.61 0.123867
-1.6 0.123905
-1.59 0.123942
-1.58 0.123977
-1.57 0.12401
-1.56 0.124041
-1.55 0.124071
-1.54 0.124098
-1.53 0.124124
-1.52 0.124149
-1.51 0.124172
-1.5 0.124193
-1.49 0.124212
-1.48 0.12423
-1.47 0.124246
-1.46 0.12426
-1.45 0.124273
-1.44 0.124285
-1.43 0.124295
-1.42 0.124303
-1.41 0.12431
-1.4 0.124315
-1.39 0.124319
-1.38 0.124322
-1.37 0.124323
-1.36 0.124323
-1.35 0.124321
-1.34 0.124318
-1.33 0.124314
-1.32 0.124309
-1.31 0.124302
-1.3 0.124294
-1.29 0.124284
-1.28 0.124274
-1.27 0.124262
-1.26 0.124249
-1.25 0.124235
-1.24 0.12422
-1.23 0.124204
-1.22 0.124187
-1.21 0.124168
-1.2 0.124149
-1.19 0.124128
-1.18 0.124107
-1.17 0.124085
-1.16 0.124061
-1.15 0.124037
-1.14 0.124012
-1.13 0.123986
-1.12 0.123959
-1.11 0.123932
-1.1 0.123903
-1.09 0.123874
-1.08 0.123844
-1.07 0.123814
-1.06 0.123782
-1.05 0.12375
-1.04 0.123717
-1.03 0.123684
-1.02 0.12365
-1.01 0.123616
-1 0.12358
-0.99 0.123545
-0.98 0.123508
-0.97 0.123472
-0.96 0.123435
-0.95 0.123397
-0.94 0.123359
-0.93 0.12332
-0.92 0.123282
-0.91 0.123242
-0.9 0.123203
-0.89 0.123163
-0.88 0.123123
-0.87 0.123082
-0.86 0.123042
-0.85 0.123001
-0.84 0.122959
-0.83 0.122918
-0.82 0.122877
-0.81 0.122835
-0.8 0.122793
-0.79 0.122751
-0.78 0.122709
-0.77 0.122667
-0.76 0.122625
-0.75 0.122583
-0.74 0.122541
-0.73 0.122499
-0.72 0.122457
-0.71 0.122415
-0.7 0.122373
-0.69 0.122332
-0.68 0.12229
-0.67 0.122249
-0.66 0.122207
-0.65 0.122166
-0.64 0.122125
-0.63 0.122085
-0.62 0.122044
-0.61 0.122004
-0.6 0.121964
-0.59 0.121924
-0.58 0.121885
-0.57 0.121846
-0.56 0.121807
-0.55 0.121769
-0.54 0.121731
-0.53 0.121693
-0.52 0.121656
-0.51 0.121619
-0.5 0.121583
-0.49 0.121547
-0.48 0.121512
-0.47 0.121477
-0.46 0.121443
-0.45 0.121409
-0.44 0.121376
-0.43 0.121343
-0.42 0.121311
-0.41 0.121279
-0.4 0.121248
-0.39 0.121217
-0.38 0.121188
-0.37 0.121158
-0.36 0.12113
-0.35 0.121102
-0.34 0.121074
-0.33 0.121048
-0.32 0.121022
-0.31 0.120997
-0.3 0.120972
-0.29 0.120948
-0.28 0.120925
-0.27 0.120903
-0.26 0.120881
-0.25 0.12086
-0.24 0.12084
-0.23 0.12082
-0.22 0.120802
-0.21 0.120784
-0.2 0.120767
-0.19 0.12075
-0.18 0.120735
-0.17 0.12072
-0.16 0.120707
-0.15 0.120694
-0.14 0.120683
-0.13 0.120674
-0.12 0.120667
-0.11 0.120664
-0.1 0.120665
-0.09 0.120673
-0.08 0.120688
-0.07 0.120712
-0.06 0.120743
-0.05 0.120781
-0.04 0.120823
-0.03 0.120863
-0.02 0.120897
-0.01 0.12092
0 0.120928
0.01 0.12092
0.02 0.120897
0.03 0.120863
0.04 0.120823
0.05 0.120781
0.06 0.120743
0.07 0.120712
0.08 0.120688
0.09 0.120673
0.1 0.120665
0.11 0.120664
0.12 0.120667
0.13 0.120674
0.14 0.120683
0.15 0.120694
0.16 0.120707
0.17 0.12072
0.18 0.120735
0.19 0.12075
0.2 0.120767
0.21 0.120784
0.22 0.120802
0.23 0.12082
0.24 0.12084
0.25 0.12086
0.26 0.120881
0.27 0.120903
0.28 0.120925
0.29 0.120948
0.3 0.120972
0.31 0.120997
0.32 0.121022
0.33 0.121048
0.34 0.121074
0.35 0.121102
0.36 0.12113
0.37 0.121158
0.38 0.121188
0.39 0.121217
0.4 0.121248
0.41 0.121279
0.42 0.121311
0.43 0.121343
0.44 0.121376
0.45 0.121409
0.46 0.121443
0.47 0.121477
0.48 0.121512
0.49 0.121547
0.5 0.121583
0.51 0.121619
0.52 0.121656
0.53 0.121693
0.54 0.121731
0.55 0.121769
0.56 0.121807
0.57 0.121846
0.58 0.121885
0.59 0.121924
0.6 0.121964
0.61 0.122004
0.62 0.122044
0.63 0.122085
0.64 0.122125
0.65 0.122166
0.66 0.122207
0.67 0.122249
0.68 0.12229
0.69 0.122332
0.7 0.122373
0.71 0.122415
0.72 0.122457
0.73 0.122499
0.74 0.122541
0.75 0.122583
0.76 0.122625
0.77 0.122667
0.78 0.122709
0.79 0.122751
0.8 0.122793
0.81 0.122835
0.82 0.122877
0.83 0.122918
0.84 0.122959
0.85 0.123001
0.86 0.123042
0.87 0.123082
0.88 0.123123
0.89 0.123163
0.9 0.123203
0.91 0.123242
0.92 0.123282
0.93 0.12332
0.94 0.123359
0.95 0.123397
0.96 0.123435
0.97 0.123472
0.98 0.123508
0.99 0.123545
1 0.12358
1.01 0.123616
1.02 0.12365
1.03 0.123684
1.04 0.123717
1.05 0.12375
1.06 0.123782
1.07 0.123814
1.08 0.123844
1.09 0.123874
1.1 0.123903
1.11 0.123932
1.12 0.123959
1.13 0.123986
1.14 0.124012
1.15 0.124037
1.16 0.124061
1.17 0.124085
1.18 0.124107
1.19 0.124128
1.2 0.124149
1.21 0.124168
1.22 0.124187
1.23 0.124204
1.24 0.12422
1.25 0.124235
1.26 0.124249
1.27 0.124262
1.28 0.124274
1.29 0.124284
1.3 0.124294
1.31 0.124302
1.32 0.124309
1.33 0.124314
1.34 0.124318
1.35 0.124321
1.36 0.124323
1.37 0.124323
1.38 0.124322
1.39 0.124319
1.4 0.124315
1.41 0.12431
1.42 0.124303
1.43 0.124295
1.44 0.124285
1.45 0.124273
1.46 0.12426
1.47 0.124246
1.48 0.12423
1.49 0.124212
1.5 0.124193
1.51 0.124172
1.52 0.124149
1.53 0.124124
1.54 0.124098
1.55 0.124071
1.56 0.124041
1.57 0.12401
1.58 0.123977
1.59 0.123942
1.6 0.123905
1.61 0.123867
1.62 0.123826
1.63 0.123784
1.64 0.12374
1.65 0.123694
1.66 0.123646
1.67 0.123596
1.68 0.123544
1.69 0.12349
1.7 0.123435
1.71 0.123377
1.72 0.123317
1.73 0.123255
1.74 0.123192
1.75 0.123126
1.76 0.123058
1.77 0.122988
1.78 0.122916
1.79 0.122841
1.8 0.122765
1.81 0.122687
1.82 0.122606
1.83 0.122523
1.84 0.122438
1.85 0.122351
1.86 0.122262
1.87 0.122171
1.88 0.122077
1.89 0.121981
1.9 0.121883
1.91 0.121783
1.92 0.12168
1.93 0.121575
1.94 0.121468
1.95 0.121358
1.96 0.121247
1.97 0.121133
1.98 0.121016
1.99 0.120898
2 0.120777
2.01 0.120654
2.02 0.120528
2.03 0.1204
2.04 0.12027
2.05 0.120137
2.06 0.120003
2.07 0.119865
2.08 0.119726
2.09 0.119584
2.1 0.119439
2.11 0.119292
2.12 0.119143
2.13 0.118992
2.14 0.118838
2.15 0.118682
2.16 0.118523
2.17 0.118362
2.18 0.118199
2.19 0.118033
2.2 0.117865
2.21 0.117694
2.22 0.117521
2.23 0.117346
2.24 0.117168
2.25 0.116988
2.26 0.116805
2.27 0.11662
2.28 0.116433
2.29 0.116243
2.3 0.116051
2.31 0.115857
2.32 0.11566
2.33 0.115461
2.34 0.115259
2.35 0.115056
2.36 0.114849
2.37 0.114641
2.38 0.11443
2.39 0.114216
2.4 0.114001
2.41 0.113783
2.42 0.113562
2.43 0.11334
2.44 0.113115
2.45 0.112888
2.46 0.112658
2.47 0.112426
2.48 0.112192
2.49 0.111956
2.5 0.111717
2.51 0.111476
2.52 0.111233
2.53 0.110987
2.54 0.11074
2.55 0.11049
2.56 0.110238
2.57 0.109983
2.58 0.109727
2.59 0.109468
2.6 0.109207
2.61 0.108944
2.62 0.108679
2.63 0.108412
2.64 0.108142
2.65 0.107871
2.66 0.107597
2.67 0.107321
2.68 0.107043
2.69 0.106764
2.7 0.106482
2.71 0.106198
2.72 0.105912
2.73 0.105624
2.74 0.105334
2.75 0.105042
2.76 0.104748
2.77 0.104452
2.78 0.104154
2.79 0.103855
2.8 0.103553
2.81 0.10325
2.82 0.102944
2.83 0.102637
2.84 0.102328
2.85 0.102017
2.86 0.101705
2.87 0.10139
2.88 0.101074
2.89 0.100756
2.9 0.100437
2.91 0.100115
2.92 0.0997924
2.93 0.0994677
2.94 0.0991414
2.95 0.0988134
2.96 0.0984838
2.97 0.0981526
2.98 0.0978199
2.99 0.0974855
3 0.0971497
3.01 0.0968123
3.02 0.0964734
3.03 0.096133
3.04 0.0957912
3.05 0.095448
3.06 0.0951033
3.07 0.0947572
3.08 0.0944098
3.09 0.094061
3.1 0.0937108
3.11 0.0933594
3.12 0.0930066
3.13 0.0926526
3.14 0.0922974
3.15 0.0919409
3.16 0.0915832
3.17 0.0912243
3.18 0.0908642
3.19 0.090503
3.2 0.0901407
3.21 0.0897773
3.22 0.0894128
3.23 0.0890473
3.24 0.0886807
3.25 0.0883131
3.26 0.0879445
3.27 0.087575
3.28 0.0872045
3.29 0.0868331
3.3 0.0864608
3.31 0.0860876
3.32 0.0857136
3.33 0.0853388
3.34 0.0849631
3.35 0.0845867
3.36 0.0842095
3.37 0.0838315
3.38 0.0834529
3.39 0.0830735
3.4 0.0826935
3.41 0.0823128
3.42 0.0819315
3.43 0.0815496
3.44 0.0811671
3.45 0.0807841
3.46 0.0804005
3.47 0.0800164
3.48 0.0796319
3.49 0.0792468
3.5 0.0788614
3.51 0.0784755
3.52 0.0780892
3.53 0.0777025
3.54 0.0773155
3.55 0.0769282
3.56 0.0765405
3.57 0.0761526
3.58 0.0757644
3.59 0.075376
3.6 0.0749873
3.61 0.0745985
3.62 0.0742094
3.63 0.0738203
3.64 0.073431
3.65 0.0730416
3.66 0.0726521
3.67 0.0722626
3.68 0.071873
3.69 0.0714834
3.7 0.0710938
3.71 0.0707042
3.72 0.0703147
3.73 0.0699253
3.74 0.0695359
3.75 0.0691467
3.76 0.0687576
3.77 0.0683686
3.78 0.0679798
3.79 0.0675912
3.8 0.0672029
3.81 0.0668147
3.82 0.0664269
3.83 0.0660393
3.84 0.065652
3.85 0.065265
3.86 0.0648784
3.87 0.0644921
3.88 0.0641062
3.89 0.0637207
3.9 0.0633357
3.91 0.062951
3.92 0.0625668
3.93 0.0621832
3.94 0.0617999
3.95 0.0614173
3.96 0.0610351
3.97 0.0606535
3.98 0.0602725
3.99 0.0598921
4 0.0595122
4.01 0.059133
4.02 0.0587545
4.03 0.0583766
4.04 0.0579994
4.05 0.0576229
4.06 0.0572471
4.07 0.056872
4.08 0.0564977
4.09 0.0561242
4.1 0.0557514
4.11 0.0553794
4.12 0.0550083
4.13 0.054638
4.14 0.0542685
4.15 0.0538999
4.16 0.0535322
4.17 0.0531654
4.18 0.0527995
4.19 0.0524345
4.2 0.0520705
4.21 0.0517074
4.22 0.0513453
4.23 0.0509842
4.24 0.050624
4.25 0.0502649
4.26 0.0499069
4.27 0.0495498
4.28 0.0491939
4.29 0.048839
4.3 0.0484851
4.31 0.0481324
4.32 0.0477808
4.33 0.0474303
4.34 0.047081
4.35 0.0467328
4.36 0.0463857
4.37 0.0460398
4.38 0.0456952
4.39 0.0453517
4.4 0.0450094
4.41 0.0446683
4.42 0.0443285
4.43 0.0439899
4.44 0.0436526
4.45 0.0433165
4.46 0.0429817
4.47 0.0426481
4.48 0.0423159
4.49 0.041985
4.5 0.0416554
4.51 0.0413271
4.52 0.0410001
4.53 0.0406745
4.54 0.0403502
4.55 0.0400273
4.56 0.0397058
4.57 0.0393856
4.58 0.0390668
4.59 0.0387494
4.6 0.0384334
4.61 0.0381189
4.62 0.0378057
4.63 0.0374939
4.64 0.0371836
4.65 0.0368747
4.66 0.0365673
4.67 0.0362613
4.68 0.0359568
4.69 0.0356537
4.7 0.0353521
4.71 0.0350519
4.72 0.0347533
4.73 0.0344561
4.74 0.0341604
4.75 0.0338663
4.76 0.0335736
4.77 0.0332824
4.78 0.0329927
4.79 0.0327046
4.8 0.0324179
4.81 0.0321328
4.82 0.0318492
4.83 0.0315672
4.84 0.0312866
4.85 0.0310077
4.86 0.0307302
4.87 0.0304543
4.88 0.03018
4.89 0.0299072
4.9 0.0296359
4.91 0.0293662
4.92 0.0290981
4.93 0.0288315
4.94 0.0285665
4.95 0.028303
4.96 0.0280411
4.97 0.0277808
4.98 0.027522
4.99 0.0272648
5 0.0270092
5.01 0.0267551
5.02 0.0265026
5.03 0.0262517
5.04 0.0260024
5.05 0.0257546
5.06 0.0255084
5.07 0.0252638
5.08 0.0250208
5.09 0.0247793
5.1 0.0245394
5.11 0.024301
5.12 0.0240643
5.13 0.0238291
5.14 0.0235955
5.15 0.0233634
5.16 0.0231329
5.17 0.022904
5.18 0.0226766
5.19 0.0224508
5.2 0.0222266
5.21 0.0220039
5.22 0.0217828
5.23 0.0215632
5.24 0.0213452
5.25 0.0211287
5.26 0.0209138
5.27 0.0207004
5.28 0.0204886
5.29 0.0202783
5.3 0.0200695
5.31 0.0198623
5.32 0.0196566
5.33 0.0194525
5.34 0.0192498
5.35 0.0190487
5.36 0.0188491
5.37 0.018651
5.38 0.0184544
5.39 0.0182593
5.4 0.0180658
5.41 0.0178737
5.42 0.0176831
5.43 0.017494
5.44 0.0173064
5.45 0.0171203
5.46 0.0169356
5.47 0.0167525
5.48 0.0165708
5.49 0.0163905
5.5 0.0162117
5.51 0.0160344
5.52 0.0158585
5.53 0.0156841
5.54 0.015511
5.55 0.0153395
5.56 0.0151693
5.57 0.0150006
5.58 0.0148333
5.59 0.0146674
5.6 0.0145029
5.61 0.0143398
5.62 0.0141781
5.63 0.0140178
5.64 0.0138588
5.65 0.0137013
5.66 0.0135451
5.67 0.0133903
5.68 0.0132368
5.69 0.0130847
5.7 0.0129339
5.71 0.0127845
5.72 0.0126364
5.73 0.0124897
5.74 0.0123442
5.75 0.0122001
5.76 0.0120573
5.77 0.0119158
5.78 0.0117755
5.79 0.0116366
5.8 0.011499
5.81 0.0113626
5.82 0.0112275
5.83 0.0110936
5.84 0.010961
5.85 0.0108297
5.86 0.0106996
5.87 0.0105707
5.88 0.0104431
5.89 0.0103167
5.9 0.0101914
5.91 0.0100674
5.92 0.00994465
5.93 0.00982304
5.94 0.00970261
5.95 0.00958337
5.96 0.0094653
5.97 0.00934839
5.98 0.00923263
5.99 0.00911803
