-6 0.000103833
-5.99 0.000107906
-5.98 0.000112127
-5.97 0.000116502
-5.96 0.000121035
-5.95 0.000125732
-5.94 0.000130598
-5.93 0.000135639
-5.92 0.00014086
-5.91 0.000146267
-5.9 0.000151867
-5.89 0.000157665
-5.88 0.000163668
-5.87 0.000169883
-5.86 0.000176315
-5.85 0.000182973
-5.84 0.000189864
-5.83 0.000196993
-5.82 0.00020437
-5.81 0.000212002
-5.8 0.000219897
-5.79 0.000228063
-5.78 0.000236508
-5.77 0.000245242
-5.76 0.000254272
-5.75 0.000263608
-5.74 0.00027326
-5.73 0.000283236
-5.72 0.000293548
-5.71 0.000304203
-5.7 0.000315214
-5.69 0.000326591
-5.68 0.000338344
-5.67 0.000350485
-5.66 0.000363025
-5.65 0.000375976
-5.64 0.00038935
-5.63 0.000403159
-5.62 0.000417415
-5.61 0.000432133
-5.6 0.000447324
-5.59 0.000463002
-5.58 0.000479182
-5.57 0.000495877
-5.56 0.000513103
-5.55 0.000530873
-5.54 0.000549204
-5.53 0.00056811
-5.52 0.000587608
-5.51 0.000607714
-5.5 0.000628445
-5.49 0.000649818
-5.48 0.000671849
-5.47 0.000694558
-5.46 0.000717963
-5.45 0.000742081
-5.44 0.000766932
-5.43 0.000792535
-5.42 0.000818911
-5.41 0.00084608
-5.4 0.000874062
-5.39 0.000902879
-5.38 0.000932552
-5.37 0.000963103
-5.36 0.000994555
-5.35 0.00102693
-5.34 0.00106025
-5.33 0.00109455
-5.32 0.00112984
-5.31 0.00116615
-5.3 0.0012035
-5.29 0.00124193
-5.28 0.00128146
-5.27 0.00132211
-5.26 0.00136391
-5.25 0.00140689
-5.24 0.00145108
-5.23 0.00149651
-5.22 0.00154321
-5.21 0.0015912
-5.2 0.00164052
-5.19 0.0016912
-5.18 0.00174327
-5.17 0.00179676
-5.16 0.0018517
-5.15 0.00190814
-5.14 0.00196609
-5.13 0.00202561
-5.12 0.00208671
-5.11 0.00214944
-5.1 0.00221383
-5.09 0.00227993
-5.08 0.00234776
-5.07 0.00241736
-5.06 0.00248878
-5.05 0.00256205
-5.04 0.00263722
-5.03 0.00271431
-5.02 0.00279338
-5.01 0.00287446
-5 0.00295759
-4.99 0.00304283
-4.98 0.0031302
-4.97 0.00321977
-4.96 0.00331156
-4.95 0.00340562
-4.94 0.00350201
-4.93 0.00360075
-4.92 0.00370192
-4.91 0.00380554
-4.9 0.00391166
-4.89 0.00402035
-4.88 0.00413163
-4.87 0.00424557
-4.86 0.00436221
-4.85 0.00448161
-4.84 0.00460381
-4.83 0.00472887
-4.82 0.00485683
-4.81 0.00498776
-4.8 0.0051217
-4.79 0.00525871
-4.78 0.00539884
-4.77 0.00554214
-4.76 0.00568868
-4.75 0.0058385
-4.74 0.00599167
-4.73 0.00614824
-4.72 0.00630826
-4.71 0.0064718
-4.7 0.0066389
-4.69 0.00680964
-4.68 0.00698407
-4.67 0.00716224
-4.66 0.00734422
-4.65 0.00753006
-4.64 0.00771983
-4.63 0.00791359
-4.62 0.0081114
-4.61 0.00831331
-4.6 0.00851939
-4.59 0.0087297
-4.58 0.0089443
-4.57 0.00916325
-4.56 0.00938662
-4.55 0.00961447
-4.54 0.00984686
-4.53 0.0100838
-4.52 0.0103255
-4.51 0.0105719
-4.5 0.0108231
-4.49 0.0110791
-4.48 0.01134
-4.47 0.0116059
-4.46 0.0118769
-4.45 0.0121529
-4.44 0.0124342
-4.43 0.0127206
-4.42 0.0130124
-4.41 0.0133095
-4.4 0.013612
-4.39 0.0139199
-4.38 0.0142335
-4.37 0.0145526
-4.36 0.0148773
-4.35 0.0152078
-4.34 0.0155441
-4.33 0.0158862
-4.32 0.0162342
-4.31 0.0165882
-4.3 0.0169481
-4.29 0.0173141
-4.28 0.0176863
-4.27 0.0180646
-4.26 0.0184492
-4.25 0.0188401
-4.24 0.0192373
-4.23 0.0196409
-4.22 0.020051
-4.21 0.0204675
-4.2 0.0208906
-4.19 0.0213204
-4.18 0.0217567
-4.17 0.0221998
-4.16 0.0226496
-4.15 0.0231062
-4.14 0.0235696
-4.13 0.0240399
-4.12 0.0245171
-4.11 0.0250013
-4.1 0.0254925
-4.09 0.0259907
-4.08 0.0264959
-4.07 0.0270083
-4.06 0.0275278
-4.05 0.0280545
-4.04 0.0285884
-4.03 0.0291295
-4.02 0.0296779
-4.01 0.0302335
-4 0.0307965
-3.99 0.0313668
-3.98 0.0319444
-3.97 0.0325294
-3.96 0.0331217
-3.95 0.0337215
-3.94 0.0343287
-3.93 0.0349433
-3.92 0.0355653
-3.91 0.0361947
-3.9 0.0368316
-3.89 0.0374759
-3.88 0.0381276
-3.87 0.0387868
-3.86 0.0394534
-3.85 0.0401274
-3.84 0.0408088
-3.83 0.0414976
-3.82 0.0421938
-3.81 0.0428974
-3.8 0.0436083
-3.79 0.0443265
-3.78 0.045052
-3.77 0.0457848
-3.76 0.0465248
-3.75 0.047272
-3.74 0.0480264
-3.73 0.0487879
-3.72 0.0495566
-3.71 0.0503322
-3.7 0.0511149
-3.69 0.0519044
-3.68 0.0527009
-3.67 0.0535043
-3.66 0.0543144
-3.65 0.0551312
-3.64 0.0559547
-3.63 0.0567847
-3.62 0.0576213
-3.61 0.0584643
-3.6 0.0593137
-3.59 0.0601694
-3.58 0.0610312
-3.57 0.0618992
-3.56 0.0627732
-3.55 0.0636532
-3.54 0.064539
-3.53 0.0654305
-3.52 0.0663277
-3.51 0.0672304
-3.5 0.0681385
-3.49 0.0690519
-3.48 0.0699706
-3.47 0.0708943
-3.46 0.071823
-3.45 0.0727566
-3.44 0.0736949
-3.43 0.0746377
-3.42 0.075585
-3.41 0.0765367
-3.4 0.0774925
-3.39 0.0784524
-3.38 0.0794161
-3.37 0.0803836
-3.36 0.0813547
-3.35 0.0823293
-3.34 0.0833071
-3.33 0.0842881
-3.32 0.085272
-3.31 0.0862588
-3.3 0.0872482
-3.29 0.08824
-3.28 0.0892342
-3.27 0.0902305
-3.26 0.0912287
-3.25 0.0922287
-3.24 0.0932302
-3.23 0.0942332
-3.22 0.0952373
-3.21 0.0962425
-3.2 0.0972485
-3.19 0.0982551
-3.18 0.0992621
-3.17 0.100269
-3.16 0.101277
-3.15 0.102284
-3.14 0.103291
-3.13 0.104297
-3.12 0.105302
-3.11 0.106307
-3.1 0.10731
-3.09 0.108311
-3.08 0.109311
-3.07 0.11031
-3.06 0.111306
-3.05 0.1123
-3.04 0.113291
-3.03 0.114279
-3.02 0.115265
-3.01 0.116247
-3 0.117226
-2.99 0.118201
-2.98 0.119173
-2.97 0.12014
-2.96 0.121103
-2.95 0.122062
-2.94 0.123015
-2.93 0.123964
-2.92 0.124907
-2.91 0.125845
-2.9 0.126777
-2.89 0.127703
-2.88 0.128623
-2.87 0.129537
-2.86 0.130444
-2.85 0.131344
-2.84 0.132237
-2.83 0.133122
-2.82 0.134
-2.81 0.134871
-2.8 0.135733
-2.79 0.136587
-2.78 0.137433
-2.77 0.13827
-2.76 0.139098
-2.75 0.139917
-2.74 0.140726
-2.73 0.141526
-2.72 0.142317
-2.71 0.143097
-2.7 0.143867
-2.69 0.144627
-2.68 0.145376
-2.67 0.146114
-2.66 0.146841
-2.65 0.147557
-2.64 0.148262
-2.63 0.148955
-2.62 0.149636
-2.61 0.150305
-2.6 0.150962
-2.59 0.151606
-2.58 0.152238
-2.57 0.152857
-2.56 0.153464
-2.55 0.154057
-2.54 0.154637
-2.53 0.155203
-2.52 0.155756
-2.51 0.156295
-2.5 0.156821
-2.49 0.157332
-2.48 0.157829
-2.47 0.158311
-2.46 0.158779
-2.45 0.159233
-2.44 0.159672
-2.43 0.160095
-2.42 0.160504
-2.41 0.160898
-2.4 0.161276
-2.39 0.161639
-2.38 0.161987
-2.37 0.162319
-2.36 0.162635
-2.35 0.162936
-2.34 0.16322
-2.33 0.163489
-2.32 0.163742
-2.31 0.163978
-2.3 0.164199
-2.29 0.164403
-2.28 0.164591
-2.27 0.164762
-2.26 0.164917
-2.25 0.165056
-2.24 0.165178
-2.23 0.165284
-2.22 0.165373
-2.21 0.165446
-2.2 0.165502
-2.19 0.165541
-2.18 0.165564
-2.17 0.16557
-2.16 0.165559
-2.15 0.165532
-2.14 0.165488
-2.13 0.165428
-2.12 0.165351
-2.11 0.165257
-2.1 0.165147
-2.09 0.16502
-2.08 0.164877
-2.07 0.164717
-2.06 0.164542
-2.05 0.164349
-2.04 0.164141
-2.03 0.163916
-2.02 0.163675
-2.01 0.163419
-2 0.163146
-1.99 0.162857
-1.98 0.162553
-1.97 0.162233
-1.96 0.161897
-1.95 0.161546
-1.94 0.161179
-1.93 0.160797
-1.92 0.1604
-1.91 0.159988
-1.9 0.15956
-1.89 0.159119
-1.88 0.158662
-1.87 0.158191
-1.86 0.157705
-1.85 0.157206
-1.84 0.156692
-1.83 0.156164
-1.82 0.155623
-1.81 0.155067
-1.8 0.154499
-1.79 0.153917
-1.78 0.153322
-1.77 0.152714
-1.76 0.152093
-1.75 0.15146
-1.74 0.150814
-1.73 0.150156
-1.72 0.149486
-1.71 0.148804
-1.7 0.148111
-1.69 0.147406
-1.68 0.14669
-1.67 0.145962
-1.66 0.145224
-1.65 0.144476
-1.64 0.143717
-1.63 0.142948
-1.62 0.142169
-1.61 0.14138
-1.6 0.140581
-1.59 0.139773
-1.58 0.138957
-1.57 0.138131
-1.56 0.137297
-1.55 0.136454
-1.54 0.135603
-1.53 0.134744
-1.52 0.133877
-1.51 0.133003
-1.5 0.132122
-1.49 0.131234
-1.48 0.130339
-1.47 0.129437
-1.46 0.128529
-1.45 0.127615
-1.44 0.126695
-1.43 0.12577
-1.42 0.124839
-1.41 0.123903
-1.4 0.122962
-1.39 0.122017
-1.38 0.121067
-1.37 0.120113
-1.36 0.119155
-1.35 0.118194
-1.34 0.117229
-1.33 0.116261
-1.32 0.11529
-1.31 0.114316
-1.3 0.11334
-1.29 0.112361
-1.28 0.111381
-1.27 0.110399
-1.26 0.109415
-1.25 0.10843
-1.24 0.107444
-1.23 0.106456
-1.22 0.105469
-1.21 0.104481
-1.2 0.103492
-1.19 0.102504
-1.18 0.101516
-1.17 0.100529
-1.16 0.0995423
-1.15 0.0985565
-1.14 0.0975719
-1.13 0.0965886
-1.12 0.0956069
-1.11 0.094627
-1.1 0.0936492
-1.09 0.0926735
-1.08 0.0917002
-1.07 0.0907295
-1.06 0.0897616
-1.05 0.0887968
-1.04 0.0878351
-1.03 0.0868769
-1.02 0.0859222
-1.01 0.0849713
-1 0.0840244
-0.99 0.0830816
-0.98 0.0821431
-0.97 0.0812092
-0.96 0.0802799
-0.95 0.0793555
-0.94 0.0784362
-0.93 0.077522
-0.92 0.0766133
-0.91 0.07571
-0.9 0.0748125
-0.89 0.0739208
-0.88 0.0730351
-0.87 0.0721557
-0.86 0.0712825
-0.85 0.0704158
-0.84 0.0695557
-0.83 0.0687025
-0.82 0.0678561
-0.81 0.0670167
-0.8 0.0661846
-0.79 0.0653598
-0.78 0.0645425
-0.77 0.0637327
-0.76 0.0629308
-0.75 0.0621366
-0.74 0.0613505
-0.73 0.0605726
-0.72 0.059803
-0.71 0.0590418
-0.7 0.0582893
-0.69 0.0575457
-0.68 0.0568111
-0.67 0.0560859
-0.66 0.0553703
-0.65 0.0546648
-0.64 0.0539697
-0.63 0.0532857
-0.62 0.0526135
-0.61 0.0519539
-0.6 0.0513082
-0.59 0.0506776
-0.58 0.050064
-0.57 0.0494695
-0.56 0.0488968
-0.55 0.0483494
-0.54 0.0478313
-0.53 0.0473476
-0.52 0.0469045
-0.51 0.0465094
-0.5 0.0461714
-0.49 0.0459011
-0.48 0.0457113
-0.47 0.045617
-0.46 0.0456358
-0.45 0.0457882
-0.44 0.0460977
-0.43 0.0465914
-0.42 0.0472997
-0.41 0.0482572
-0.4 0.0495024
-0.39 0.0510777
-0.38 0.0530297
-0.37 0.0554088
-0.36 0.058269
-0.35 0.0616676
-0.34 0.0656642
-0.33 0.0703203
-0.32 0.0756985
-0.31 0.0818605
-0.3 0.0888665
-0.29 0.0967733
-0.28 0.105633
-0.27 0.115489
-0.26 0.126379
-0.25 0.138327
-0.24 0.151344
-0.23 0.165427
-0.22 0.180557
-0.21 0.196693
-0.2 0.213779
-0.19 0.231733
-0.18 0.250456
-0.17 0.269824
-0.16 0.289694
-0.15 0.309902
-0.14 0.330265
-0.13 0.350587
-0.12 0.370655
-0.11 0.390247
-0.1 0.409137
-0.09 0.427094
-0.08 0.443893
-0.07 0.459313
-0.06 0.473148
-0.05 0.485207
-0.04 0.49532
-0.03 0.503343
-0.02 0.509159
-0.01 0.512684
0 0.513864
0.01 0.512684
0.02 0.509159
0.03 0.503343
0.04 0.49532
0.05 0.485207
0.06 0.473148
0.07 0.459313
0.08 0.443893
0.09 0.427094
0.1 0.409137
0.11 0.390247
0.12 0.370655
0.13 0.350587
0.14 0.330265
0.15 0.309902
0.16 0.289694
0.17 0.269824
0.18 0.250456
0.19 0.231733
0.2 0.213779
0.21 0.196693
0.22 0.180557
0.23 0.165427
0.24 0.151344
0.25 0.138327
0.26 0.126379
0.27 0.115489
0.28 0.105633
0.29 0.0967733
0.3 0.0888665
0.31 0.0818605
0.32 0.0756985
0.33 0.0703203
0.34 0.0656642
0.35 0.0616676
0.36 0.058269
0.37 0.0554088
0.38 0.0530297
0.39 0.0510777
0.4 0.0495024
0.41 0.0482572
0.42 0.0472997
0.43 0.0465914
0.44 0.0460977
0.45 0.0457882
0.46 0.0456358
0.47 0.045617
0.48 0.0457113
0.49 0.0459011
0.5 0.0461714
0.51 0.0465094
0.52 0.0469045
0.53 0.0473476
0.54 0.0478313
0.55 0.0483494
0.56 0.0488968
0.57 0.0494695
0.58 0.050064
0.59 0.0506776
0.6 0.0513082
0.61 0.0519539
0.62 0.0526135
0.63 0.0532857
0.64 0.0539697
0.65 0.0546648
0.66 0.0553703
0.67 0.0560859
0.68 0.0568111
0.69 0.0575457
0.7 0.0582893
0.71 0.0590418
0.72 0.059803
0.73 0.0605726
0.74 0.0613505
0.75 0.0621366
0.76 0.0629308
0.77 0.0637327
0.78 0.0645425
0.79 0.0653598
0.8 0.0661846
0.81 0.0670167
0.82 0.0678561
0.83 0.0687025
0.84 0.0695557
0.85 0.0704158
0.86 0.0712825
0.87 0.0721557
0.88 0.0730351
0.89 0.0739208
0.9 0.0748125
0.91 0.07571
0.92 0.0766133
0.93 0.077522
0.94 0.0784362
0.95 0.0793555
0.96 0.0802799
0.97 0.0812092
0.98 0.0821431
0.99 0.0830816
1 0.0840244
1.01 0.0849713
1.02 0.0859222
1.03 0.0868769
1.04 0.0878351
1.05 0.0887968
1.06 0.0897616
1.07 0.0907295
1.08 0.0917002
1.09 0.0926735
1.1 0.0936492
1.11 0.094627
1.12 0.0956069
1.13 0.0965886
1.14 0.0975719
1.15 0.0985565
1.16 0.0995423
1.17 0.100529
1.18 0.101516
1.19 0.102504
1.2 0.103492
1.21 0.104481
1.22 0.105469
1.23 0.106456
1.24 0.107444
1.25 0.10843
1.26 0.109415
1.27 0.110399
1.28 0.111381
1.29 0.112361
1.3 0.11334
1.31 0.114316
1.32 0.11529
1.33 0.116261
1.34 0.117229
1.35 0.118194
1.36 0.119155
1.37 0.120113
1.38 0.121067
1.39 0.122017
1.4 0.122962
1.41 0.123903
1.42 0.124839
1.43 0.12577
1.44 0.126695
1.45 0.127615
1.46 0.128529
1.47 0.129437
1.48 0.130339
1.49 0.131234
1.5 0.132122
1.51 0.133003
1.52 0.133877
1.53 0.134744
1.54 0.135603
1.55 0.136454
1.56 0.137297
1.57 0.138131
1.58 0.138957
1.59 0.139773
1.6 0.140581
1.61 0.14138
1.62 0.142169
1.63 0.142948
1.64 0.143717
1.65 0.144476
1.66 0.145224
1.67 0.145962
1.68 0.14669
1.69 0.147406
1.7 0.148111
1.71 0.148804
1.72 0.149486
1.73 0.150156
1.74 0.150814
1.75 0.15146
1.76 0.152093
1.77 0.152714
1.78 0.153322
1.79 0.153917
1.8 0.154499
1.81 0.155067
1.82 0.155623
1.83 0.156164
1.84 0.156692
1.85 0.157206
1.86 0.157705
1.87 0.158191
1.88 0.158662
1.89 0.159119
1.9 0.15956
1.91 0.159988
1.92 0.1604
1.93 0.160797
1.94 0.161179
1.95 0.161546
1.96 0.161897
1.97 0.162233
1.98 0.162553
1.99 0.162857
2 0.163146
2.01 0.163419
2.02 0.163675
2.03 0.163916
2.04 0.164141
2.05 0.164349
2.06 0.164542
2.07 0.164717
2.08 0.164877
2.09 0.16502
2.1 0.165147
2.11 0.165257
2.12 0.165351
2.13 0.165428
2.14 0.165488
2.15 0.165532
2.16 0.165559
2.17 0.16557
2.18 0.165564
2.19 0.165541
2.2 0.165502
2.21 0.165446
2.22 0.165373
2.23 0.165284
2.24 0.165178
2.25 0.165056
2.26 0.164917
2.27 0.164762
2.28 0.164591
2.29 0.164403
2.3 0.164199
2.31 0.163978
2.32 0.163742
2.33 0.163489
2.34 0.16322
2.35 0.162936
2.36 0.162635
2.37 0.162319
2.38 0.161987
2.39 0.161639
2.4 0.161276
2.41 0.160898
2.42 0.160504
2.43 0.160095
2.44 0.159672
2.45 0.159233
2.46 0.158779
2.47 0.158311
2.48 0.157829
2.49 0.157332
2.5 0.156821
2.51 0.156295
2.52 0.155756
2.53 0.155203
2.54 0.154637
2.55 0.154057
2.56 0.153464
2.57 0.152857
2.58 0.152238
2.59 0.151606
2.6 0.150962
2.61 0.150305
2.62 0.149636
2.63 0.148955
2.64 0.148262
2.65 0.147557
2.66 0.146841
2.67 0.146114
2.68 0.145376
2.69 0.144627
2.7 0.143867
2.71 0.143097
2.72 0.142317
2.73 0.141526
2.74 0.140726
2.75 0.139917
2.76 0.139098
2.77 0.13827
2.78 0.137433
2.79 0.136587
2.8 0.135733
2.81 0.134871
2.82 0.134
2.83 0.133122
2.84 0.132237
2.85 0.131344
2.86 0.130444
2.87 0.129537
2.88 0.128623
2.89 0.127703
2.9 0.126777
2.91 0.125845
2.92 0.124907
2.93 0.123964
2.94 0.123015
2.95 0.122062
2.96 0.121103
2.97 0.12014
2.98 0.119173
2.99 0.118201
3 0.117226
3.01 0.116247
3.02 0.115265
3.03 0.114279
3.04 0.113291
3.05 0.1123
3.06 0.111306
3.07 0.11031
3.08 0.109311
3.09 0.108311
3.1 0.10731
3.11 0.106307
3.12 0.105302
3.13 0.104297
3.14 0.103291
3.15 0.102284
3.16 0.101277
3.17 0.100269
3.18 0.0992621
3.19 0.0982551
3.2 0.0972485
3.21 0.0962425
3.22 0.0952373
3.23 0.0942332
3.24 0.0932302
3.25 0.0922287
3.26 0.0912287
3.27 0.0902305
3.28 0.0892342
3.29 0.08824
3.3 0.0872482
3.31 0.0862588
3.32 0.085272
3.33 0.0842881
3.34 0.0833071
3.35 0.0823293
3.36 0.0813547
3.37 0.0803836
3.38 0.0794161
3.39 0.0784524
3.4 0.0774925
3.41 0.0765367
3.42 0.075585
3.43 0.0746377
3.44 0.0736949
3.45 0.0727566
3.46 0.071823
3.47 0.0708943
3.48 0.0699706
3.49 0.0690519
3.5 0.0681385
3.51 0.0672304
3.52 0.0663277
3.53 0.0654305
3.54 0.064539
3.55 0.0636532
3.56 0.0627732
3.57 0.0618992
3.58 0.0610312
3.59 0.0601694
3.6 0.0593137
3.61 0.0584643
3.62 0.0576213
3.63 0.0567847
3.64 0.0559547
3.65 0.0551312
3.66 0.0543144
3.67 0.0535043
3.68 0.0527009
3.69 0.0519044
3.7 0.0511149
3.71 0.0503322
3.72 0.0495566
3.73 0.0487879
3.74 0.0480264
3.75 0.047272
3.76 0.0465248
3.77 0.0457848
3.78 0.045052
3.79 0.0443265
3.8 0.0436083
3.81 0.0428974
3.82 0.0421938
3.83 0.0414976
3.84 0.0408088
3.85 0.0401274
3.86 0.0394534
3.87 0.0387868
3.88 0.0381276
3.89 0.0374759
3.9 0.0368316
3.91 0.0361947
3.92 0.0355653
3.93 0.0349433
3.94 0.0343287
3.95 0.0337215
3.96 0.0331217
3.97 0.0325294
3.98 0.0319444
3.99 0.0313668
4 0.0307965
4.01 0.0302335
4.02 0.0296779
4.03 0.0291295
4.04 0.0285884
4.05 0.0280545
4.06 0.0275278
4.07 0.0270083
4.08 0.0264959
4.09 0.0259907
4.1 0.0254925
4.11 0.0250013
4.12 0.0245171
4.13 0.0240399
4.14 0.0235696
4.15 0.0231062
4.16 0.0226496
4.17 0.0221998
4.18 0.0217567
4.19 0.0213204
4.2 0.0208906
4.21 0.0204675
4.22 0.020051
4.23 0.0196409
4.24 0.0192373
4.25 0.0188401
4.26 0.0184492
4.27 0.0180646
4.28 0.0176863
4.29 0.0173141
4.3 0.0169481
4.31 0.0165882
4.32 0.0162342
4.33 0.0158862
4.34 0.0155441
4.35 0.0152078
4.36 0.0148773
4.37 0.0145526
4.38 0.0142335
4.39 0.0139199
4.4 0.013612
4.41 0.0133095
4.42 0.0130124
4.43 0.0127206
4.44 0.0124342
4.45 0.0121529
4.46 0.0118769
4.47 0.0116059
4.48 0.01134
4.49 0.0110791
4.5 0.0108231
4.51 0.0105719
4.52 0.0103255
4.53 0.0100838
4.54 0.00984686
4.55 0.00961447
4.56 0.00938662
4.57 0.00916325
4.58 0.0089443
4.59 0.0087297
4.6 0.00851939
4.61 0.00831331
4.62 0.0081114
4.63 0.00791359
4.64 0.00771983
4.65 0.00753006
4.66 0.00734422
4.67 0.00716224
4.68 0.00698407
4.69 0.00680964
4.7 0.0066389
4.71 0.0064718
4.72 0.00630826
4.73 0.00614824
4.74 0.00599167
4.75 0.0058385
4.76 0.00568868
4.77 0.00554214
4.78 0.00539884
4.79 0.00525871
4.8 0.0051217
4.81 0.00498776
4.82 0.00485683
4.83 0.00472887
4.84 0.00460381
4.85 0.00448161
4.86 0.00436221
4.87 0.00424557
4.88 0.00413163
4.89 0.00402035
4.9 0.00391166
4.91 0.00380554
4.92 0.00370192
4.93 0.00360075
4.94 0.00350201
4.95 0.00340562
4.96 0.00331156
4.97 0.00321977
4.98 0.0031302
4.99 0.00304283
5 0.00295759
5.01 0.00287446
5.02 0.00279338
5.03 0.00271431
5.04 0.00263722
5.05 0.00256205
5.06 0.00248878
5.07 0.00241736
5.08 0.00234776
5.09 0.00227993
5.1 0.00221383
5.11 0.00214944
5.12 0.00208671
5.13 0.00202561
5.14 0.00196609
5.15 0.00190814
5.16 0.0018517
5.17 0.00179676
5.18 0.00174327
5.19 0.0016912
5.2 0.00164052
5.21 0.0015912
5.22 0.00154321
5.23 0.00149651
5.24 0.00145108
5.25 0.00140689
5.26 0.00136391
5.27 0.00132211
5.28 0.00128146
5.29 0.00124193
5.3 0.0012035
5.31 0.00116615
5.32 0.00112984
5.33 0.00109455
5.34 0.00106025
5.35 0.00102693
5.36 0.000994555
5.37 0.000963103
5.38 0.000932552
5.39 0.000902879
5.4 0.000874062
5.41 0.00084608
5.42 0.000818911
5.43 0.000792535
5.44 0.000766932
5.45 0.000742081
5.46 0.000717963
5.47 0.000694558
5.48 0.000671849
5.49 0.000649818
5.5 0.000628445
5.51 0.000607714
5.52 0.000587608
5.53 0.00056811
5.54 0.000549204
5.55 0.000530873
5.56 0.000513103
5.57 0.000495877
5.58 0.000479182
5.59 0.000463002
5.6 0.000447324
5.61 0.000432133
5.62 0.000417415
5.63 0.000403159
5.64 0.00038935
5.65 0.000375976
5.66 0.000363025
5.67 0.000350485
5.68 0.000338344
5.69 0.000326591
5.7 0.000315214
5.71 0.000304203
5.72 0.000293548
5.73 0.000283236
5.74 0.00027326
5.75 0.000263608
5.76 0.000254272
5.77 0.000245242
5.78 0.000236508
5.79 0.000228063
5.8 0.000219897
5.81 0.000212002
5.82 0.00020437
5.83 0.000196993
5.84 0.000189864
5.85 0.000182973
5.86 0.000176315
5.87 0.000169883
5.88 0.000163668
5.89 0.000157665
5.9 0.000151867
5.91 0.000146267
5.92 0.00014086
5.93 0.000135639
5.94 0.000130598
5.95 0.000125732
5.96 0.000121035
5.97 0.000116502
5.98 0.000112127
5.99 0.000107906
