-6 0.00142513
-5.99 0.0014692
-5.98 0.00151449
-5.97 0.00156101
-5.96 0.0016088
-5.95 0.00165789
-5.94 0.0017083
-5.93 0.00176007
-5.92 0.00181323
-5.91 0.0018678
-5.9 0.00192381
-5.89 0.00198131
-5.88 0.00204032
-5.87 0.00210088
-5.86 0.00216301
-5.85 0.00222676
-5.84 0.00229216
-5.83 0.00235923
-5.82 0.00242803
-5.81 0.00249858
-5.8 0.00257092
-5.79 0.00264508
-5.78 0.00272111
-5.77 0.00279905
-5.76 0.00287892
-5.75 0.00296078
-5.74 0.00304465
-5.73 0.00313059
-5.72 0.00321862
-5.71 0.0033088
-5.7 0.00340116
-5.69 0.00349575
-5.68 0.0035926
-5.67 0.00369177
-5.66 0.00379329
-5.65 0.0038972
-5.64 0.00400356
-5.63 0.00411241
-5.62 0.00422379
-5.61 0.00433775
-5.6 0.00445433
-5.59 0.00457358
-5.58 0.00469556
-5.57 0.0048203
-5.56 0.00494785
-5.55 0.00507827
-5.54 0.0052116
-5.53 0.00534788
-5.52 0.00548718
-5.51 0.00562954
-5.5 0.00577501
-5.49 0.00592364
-5.48 0.00607548
-5.47 0.00623059
-5.46 0.00638901
-5.45 0.00655079
-5.44 0.006716
-5.43 0.00688468
-5.42 0.00705688
-5.41 0.00723266
-5.4 0.00741207
-5.39 0.00759516
-5.38 0.00778199
-5.37 0.00797261
-5.36 0.00816707
-5.35 0.00836544
-5.34 0.00856776
-5.33 0.00877408
-5.32 0.00898447
-5.31 0.00919897
-5.3 0.00941765
-5.29 0.00964055
-5.28 0.00986773
-5.27 0.0100992
-5.26 0.0103351
-5.25 0.0105755
-5.24 0.0108203
-5.23 0.0110697
-5.22 0.0113237
-5.21 0.0115824
-5.2 0.0118458
-5.19 0.0121139
-5.18 0.0123869
-5.17 0.0126647
-5.16 0.0129474
-5.15 0.0132352
-5.14 0.0135279
-5.13 0.0138258
-5.12 0.0141288
-5.11 0.0144369
-5.1 0.0147503
-5.09 0.015069
-5.08 0.015393
-5.07 0.0157224
-5.06 0.0160572
-5.05 0.0163975
-5.04 0.0167433
-5.03 0.0170947
-5.02 0.0174517
-5.01 0.0178144
-5 0.0181827
-4.99 0.0185568
-4.98 0.0189367
-4.97 0.0193224
-4.96 0.019714
-4.95 0.0201115
-4.94 0.020515
-4.93 0.0209244
-4.92 0.0213399
-4.91 0.0217614
-4.9 0.022189
-4.89 0.0226227
-4.88 0.0230625
-4.87 0.0235086
-4.86 0.0239608
-4.85 0.0244193
-4.84 0.0248841
-4.83 0.0253552
-4.82 0.0258325
-4.81 0.0263162
-4.8 0.0268063
-4.79 0.0273027
-4.78 0.0278055
-4.77 0.0283148
-4.76 0.0288304
-4.75 0.0293525
-4.74 0.0298811
-4.73 0.030416
-4.72 0.0309575
-4.71 0.0315054
-4.7 0.0320598
-4.69 0.0326206
-4.68 0.0331879
-4.67 0.0337617
-4.66 0.0343419
-4.65 0.0349286
-4.64 0.0355218
-4.63 0.0361214
-4.62 0.0367274
-4.61 0.0373398
-4.6 0.0379586
-4.59 0.0385837
-4.58 0.0392153
-4.57 0.0398531
-4.56 0.0404973
-4.55 0.0411477
-4.54 0.0418043
-4.53 0.0424672
-4.52 0.0431362
-4.51 0.0438114
-4.5 0.0444927
-4.49 0.04518
-4.48 0.0458733
-4.47 0.0465726
-4.46 0.0472777
-4.45 0.0479888
-4.44 0.0487056
-4.43 0.0494282
-4.42 0.0501564
-4.41 0.0508903
-4.4 0.0516297
-4.39 0.0523746
-4.38 0.0531249
-4.37 0.0538805
-4.36 0.0546414
-4.35 0.0554075
-4.34 0.0561786
-4.33 0.0569548
-4.32 0.0577359
-4.31 0.0585219
-4.3 0.0593126
-4.29 0.060108
-4.28 0.0609079
-4.27 0.0617122
-4.26 0.062521
-4.25 0.0633339
-4.24 0.064151
-4.23 0.0649722
-4.22 0.0657972
-4.21 0.066626
-4.2 0.0674586
-4.19 0.0682946
-4.18 0.0691342
-4.17 0.069977
-4.16 0.070823
-4.15 0.0716721
-4.14 0.0725241
-4.13 0.0733788
-4.12 0.0742363
-4.11 0.0750962
-4.1 0.0759585
-4.09 0.076823
-4.08 0.0776896
-4.07 0.0785581
-4.06 0.0794284
-4.05 0.0803002
-4.04 0.0811736
-4.03 0.0820483
-4.02 0.0829241
-4.01 0.0838009
-4 0.0846785
-3.99 0.0855568
-3.98 0.0864355
-3.97 0.0873146
-3.96 0.0881939
-3.95 0.0890731
-3.94 0.0899521
-3.93 0.0908307
-3.92 0.0917088
-3.91 0.0925862
-3.9 0.0934627
-3.89 0.0943381
-3.88 0.0952122
-3.87 0.0960849
-3.86 0.0969559
-3.85 0.0978252
-3.84 0.0986924
-3.83 0.0995574
-3.82 0.10042
-3.81 0.10128
-3.8 0.102138
-3.79 0.102992
-3.78 0.103843
-3.77 0.104691
-3.76 0.105535
-3.75 0.106376
-3.74 0.107213
-3.73 0.108046
-3.72 0.108874
-3.71 0.109698
-3.7 0.110517
-3.69 0.111332
-3.68 0.112141
-3.67 0.112945
-3.66 0.113744
-3.65 0.114537
-3.64 0.115325
-3.63 0.116106
-3.62 0.116881
-3.61 0.11765
-3.6 0.118412
-3.59 0.119168
-3.58 0.119916
-3.57 0.120658
-3.56 0.121392
-3.55 0.122119
-3.54 0.122838
-3.53 0.123549
-3.52 0.124252
-3.51 0.124947
-3.5 0.125634
-3.49 0.126313
-3.48 0.126982
-3.47 0.127643
-3.46 0.128295
-3.45 0.128938
-3.44 0.129571
-3.43 0.130195
-3.42 0.130809
-3.41 0.131414
-3.4 0.132008
-3.39 0.132593
-3.38 0.133167
-3.37 0.133731
-3.36 0.134284
-3.35 0.134827
-3.34 0.135359
-3.33 0.135881
-3.32 0.136391
-3.31 0.13689
-3.3 0.137378
-3.29 0.137854
-3.28 0.138319
-3.27 0.138773
-3.26 0.139215
-3.25 0.139645
-3.24 0.140063
-3.23 0.140469
-3.22 0.140863
-3.21 0.141245
-3.2 0.141615
-3.19 0.141972
-3.18 0.142318
-3.17 0.14265
-3.16 0.14297
-3.15 0.143278
-3.14 0.143573
-3.13 0.143856
-3.12 0.144125
-3.11 0.144382
-3.1 0.144626
-3.09 0.144858
-3.08 0.145076
-3.07 0.145282
-3.06 0.145474
-3.05 0.145654
-3.04 0.145821
-3.03 0.145975
-3.02 0.146115
-3.01 0.146243
-3 0.146358
-2.99 0.14646
-2.98 0.14655
-2.97 0.146626
-2.96 0.146689
-2.95 0.14674
-2.94 0.146778
-2.93 0.146802
-2.92 0.146815
-2.91 0.146814
-2.9 0.146801
-2.89 0.146775
-2.88 0.146737
-2.87 0.146687
-2.86 0.146623
-2.85 0.146548
-2.84 0.14646
-2.83 0.146361
-2.82 0.146249
-2.81 0.146125
-2.8 0.145989
-2.79 0.145841
-2.78 0.145682
-2.77 0.145511
-2.76 0.145329
-2.75 0.145135
-2.74 0.14493
-2.73 0.144714
-2.72 0.144487
-2.71 0.144249
-2.7 0.144
-2.69 0.143741
-2.68 0.143471
-2.67 0.143191
-2.66 0.142901
-2.65 0.142601
-2.64 0.14229
-2.63 0.14197
-2.62 0.141641
-2.61 0.141302
-2.6 0.140954
-2.59 0.140597
-2.58 0.140231
-2.57 0.139856
-2.56 0.139473
-2.55 0.139081
-2.54 0.138681
-2.53 0.138273
-2.52 0.137857
-2.51 0.137434
-2.5 0.137003
-2.49 0.136565
-2.48 0.13612
-2.47 0.135668
-2.46 0.13521
-2.45 0.134745
-2.44 0.134273
-2.43 0.133796
-2.42 0.133313
-2.41 0.132824
-2.4 0.13233
-2.39 0.13183
-2.38 0.131326
-2.37 0.130817
-2.36 0.130303
-2.35 0.129785
-2.34 0.129262
-2.33 0.128736
-2.32 0.128206
-2.31 0.127672
-2.3 0.127135
-2.29 0.126595
-2.28 0.126052
-2.27 0.125506
-2.26 0.124958
-2.25 0.124408
-2.24 0.123856
-2.23 0.123302
-2.22 0.122746
-2.21 0.122189
-2.2 0.12163
-2.19 0.121071
-2.18 0.120511
-2.17 0.11995
-2.16 0.119389
-2.15 0.118828
-2.14 0.118267
-2.13 0.117707
-2.12 0.117146
-2.11 0.116587
-2.1 0.116028
-2.09 0.115471
-2.08 0.114914
-2.07 0.11436
-2.06 0.113806
-2.05 0.113255
-2.04 0.112706
-2.03 0.112159
-2.02 0.111614
-2.01 0.111072
-2 0.110533
-1.99 0.109997
-1.98 0.109464
-1.97 0.108934
-1.96 0.108408
-1.95 0.107885
-1.94 0.107366
-1.93 0.106851
-1.92 0.106341
-1.91 0.105834
-1.9 0.105332
-1.89 0.104835
-1.88 0.104342
-1.87 0.103854
-1.86 0.103372
-1.85 0.102894
-1.84 0.102422
-1.83 0.101955
-1.82 0.101494
-1.81 0.101039
-1.8 0.100589
-1.79 0.100146
-1.78 0.0997081
-1.77 0.0992767
-1.76 0.0988516
-1.75 0.0984329
-1.74 0.0980207
-1.73 0.0976151
-1.72 0.0972161
-1.71 0.096824
-1.7 0.0964387
-1.69 0.0960604
-1.68 0.0956891
-1.67 0.0953249
-1.66 0.0949679
-1.65 0.0946181
-1.64 0.0942757
-1.63 0.0939407
-1.62 0.0936131
-1.61 0.093293
-1.6 0.0929804
-1.59 0.0926755
-1.58 0.0923782
-1.57 0.0920886
-1.56 0.0918067
-1.55 0.0915325
-1.54 0.0912661
-1.53 0.0910076
-1.52 0.0907568
-1.51 0.090514
-1.5 0.0902789
-1.49 0.0900518
-1.48 0.0898325
-1.47 0.0896212
-1.46 0.0894177
-1.45 0.0892221
-1.44 0.0890344
-1.43 0.0888545
-1.42 0.0886826
-1.41 0.0885184
-1.4 0.0883621
-1.39 0.0882136
-1.38 0.0880728
-1.37 0.0879398
-1.36 0.0878145
-1.35 0.0876969
-1.34 0.0875869
-1.33 0.0874845
-1.32 0.0873897
-1.31 0.0873024
-1.3 0.0872225
-1.29 0.08715
-1.28 0.0870848
-1.27 0.0870269
-1.26 0.0869763
-1.25 0.0869328
-1.24 0.0868963
-1.23 0.0868669
-1.22 0.0868444
-1.21 0.0868288
-1.2 0.08682
-1.19 0.0868178
-1.18 0.0868223
-1.17 0.0868333
-1.16 0.0868508
-1.15 0.0868746
-1.14 0.0869046
-1.13 0.0869409
-1.12 0.0869832
-1.11 0.0870314
-1.1 0.0870856
-1.09 0.0871455
-1.08 0.0872111
-1.07 0.0872822
-1.06 0.0873588
-1.05 0.0874407
-1.04 0.0875278
-1.03 0.0876201
-1.02 0.0877174
-1.01 0.0878195
-1 0.0879264
-0.99 0.0880379
-0.98 0.088154
-0.97 0.0882745
-0.96 0.0883993
-0.95 0.0885282
-0.94 0.0886612
-0.93 0.088798
-0.92 0.0889387
-0.91 0.089083
-0.9 0.0892309
-0.89 0.0893821
-0.88 0.0895366
-0.87 0.0896943
-0.86 0.089855
-0.85 0.0900185
-0.84 0.0901848
-0.83 0.0903537
-0.82 0.0905251
-0.81 0.0906989
-0.8 0.0908748
-0.79 0.0910529
-0.78 0.0912329
-0.77 0.0914148
-0.76 0.0915983
-0.75 0.0917834
-0.74 0.0919699
-0.73 0.0921577
-0.72 0.0923466
-0.71 0.0925366
-0.7 0.0927275
-0.69 0.0929192
-0.68 0.0931115
-0.67 0.0933043
-0.66 0.0934975
-0.65 0.0936909
-0.64 0.0938845
-0.63 0.094078
-0.62 0.0942714
-0.61 0.0944646
-0.6 0.0946574
-0.59 0.0948497
-0.58 0.0950414
-0.57 0.0952323
-0.56 0.0954223
-0.55 0.0956114
-0.54 0.0957994
-0.53 0.0959861
-0.52 0.0961715
-0.51 0.0963555
-0.5 0.0965379
-0.49 0.0967186
-0.48 0.0968976
-0.47 0.0970746
-0.46 0.0972497
-0.45 0.0974227
-0.44 0.0975934
-0.43 0.0977619
-0.42 0.097928
-0.41 0.0980915
-0.4 0.0982525
-0.39 0.0984107
-0.38 0.0985662
-0.37 0.0987188
-0.36 0.0988684
-0.35 0.099015
-0.34 0.0991585
-0.33 0.0992987
-0.32 0.0994356
-0.31 0.0995692
-0.3 0.0996993
-0.29 0.0998258
-0.28 0.0999488
-0.27 0.100068
-0.26 0.100184
-0.25 0.100295
-0.24 0.100403
-0.23 0.100507
-0.22 0.100607
-0.21 0.100703
-0.2 0.100795
-0.19 0.100883
-0.18 0.100966
-0.17 0.101045
-0.16 0.10112
-0.15 0.101191
-0.14 0.101257
-0.13 0.101319
-0.12 0.101376
-0.11 0.101429
-0.1 0.101478
-0.09 0.101522
-0.08 0.101561
-0.07 0.101596
-0.06 0.101626
-0.05 0.101651
-0.04 0.101672
-0.03 0.101689
-0.02 0.1017
-0.01 0.101707
0 0.10171
0.01 0.101707
0.02 0.1017
0.03 0.101689
0.04 0.101672
0.05 0.101651
0.06 0.101626
0.07 0.101596
0.08 0.101561
0.09 0.101522
0.1 0.101478
0.11 0.101429
0.12 0.101376
0.13 0.101319
0.14 0.101257
0.15 0.101191
0.16 0.10112
0.17 0.101045
0.18 0.100966
0.19 0.100883
0.2 0.100795
0.21 0.100703
0.22 0.100607
0.23 0.100507
0.24 0.100403
0.25 0.100295
0.26 0.100184
0.27 0.100068
0.28 0.0999488
0.29 0.0998258
0.3 0.0996993
0.31 0.0995692
0.32 0.0994356
0.33 0.0992987
0.34 0.0991585
0.35 0.099015
0.36 0.0988684
0.37 0.0987188
0.38 0.0985662
0.39 0.0984107
0.4 0.0982525
0.41 0.0980915
0.42 0.097928
0.43 0.0977619
0.44 0.0975934
0.45 0.0974227
0.46 0.0972497
0.47 0.0970746
0.48 0.0968976
0.49 0.0967186
0.5 0.0965379
0.51 0.0963555
0.52 0.0961715
0.53 0.0959861
0.54 0.0957994
0.55 0.0956114
0.56 0.0954223
0.57 0.0952323
0.58 0.0950414
0.59 0.0948497
0.6 0.0946574
0.61 0.0944646
0.62 0.0942714
0.63 0.094078
0.64 0.0938845
0.65 0.0936909
0.66 0.0934975
0.67 0.0933043
0.68 0.0931115
0.69 0.0929192
0.7 0.0927275
0.71 0.0925366
0.72 0.0923466
0.73 0.0921577
0.74 0.0919699
0.75 0.0917834
0.76 0.0915983
0.77 0.0914148
0.78 0.0912329
0.79 0.0910529
0.8 0.0908748
0.81 0.0906989
0.82 0.0905251
0.83 0.0903537
0.84 0.0901848
0.85 0.0900185
0.86 0.089855
0.87 0.0896943
0.88 0.0895366
0.89 0.0893821
0.9 0.0892309
0.91 0.089083
0.92 0.0889387
0.93 0.088798
0.94 0.0886612
0.95 0.0885282
0.96 0.0883993
0.97 0.0882745
0.98 0.088154
0.99 0.0880379
1 0.0879264
1.01 0.0878195
1.02 0.0877174
1.03 0.0876201
1.04 0.0875278
1.05 0.0874407
1.06 0.0873588
1.07 0.0872822
1.08 0.0872111
1.09 0.0871455
1.1 0.0870856
1.11 0.0870314
1.12 0.0869832
1.13 0.0869409
1.14 0.0869046
1.15 0.0868746
1.16 0.0868508
1.17 0.0868333
1.18 0.0868223
1.19 0.0868178
1.2 0.08682
1.21 0.0868288
1.22 0.0868444
1.23 0.0868669
1.24 0.0868963
1.25 0.0869328
1.26 0.0869763
1.27 0.0870269
1.28 0.0870848
1.29 0.08715
1.3 0.0872225
1.31 0.0873024
1.32 0.0873897
1.33 0.0874845
1.34 0.0875869
1.35 0.0876969
1.36 0.0878145
1.37 0.0879398
1.38 0.0880728
1.39 0.0882136
1.4 0.0883621
1.41 0.0885184
1.42 0.0886826
1.43 0.0888545
1.44 0.0890344
1.45 0.0892221
1.46 0.0894177
1.47 0.0896212
1.48 0.0898325
1.49 0.0900518
1.5 0.0902789
1.51 0.090514
1.52 0.0907568
1.53 0.0910076
1.54 0.0912661
1.55 0.0915325
1.56 0.0918067
1.57 0.0920886
1.58 0.0923782
1.59 0.0926755
1.6 0.0929804
1.61 0.093293
1.62 0.0936131
1.63 0.0939407
1.64 0.0942757
1.65 0.0946181
1.66 0.0949679
1.67 0.0953249
1.68 0.0956891
1.69 0.0960604
1.7 0.0964387
1.71 0.096824
1.72 0.0972161
1.73 0.0976151
1.74 0.0980207
1.75 0.0984329
1.76 0.0988516
1.77 0.0992767
1.78 0.0997081
1.79 0.100146
1.8 0.100589
1.81 0.101039
1.82 0.101494
1.83 0.101955
1.84 0.102422
1.85 0.102894
1.86 0.103372
1.87 0.103854
1.88 0.104342
1.89 0.104835
1.9 0.105332
1.91 0.105834
1.92 0.106341
1.93 0.106851
1.94 0.107366
1.95 0.107885
1.96 0.108408
1.97 0.108934
1.98 0.109464
1.99 0.109997
2 0.110533
2.01 0.111072
2.02 0.111614
2.03 0.112159
2.04 0.112706
2.05 0.113255
2.06 0.113806
2.07 0.11436
2.08 0.114914
2.09 0.115471
2.1 0.116028
2.11 0.116587
2.12 0.117146
2.13 0.117707
2.14 0.118267
2.15 0.118828
2.16 0.119389
2.17 0.11995
2.18 0.120511
2.19 0.121071
2.2 0.12163
2.21 0.122189
2.22 0.122746
2.23 0.123302
2.24 0.123856
2.25 0.124408
2.26 0.124958
2.27 0.125506
2.28 0.126052
2.29 0.126595
2.3 0.127135
2.31 0.127672
2.32 0.128206
2.33 0.128736
2.34 0.129262
2.35 0.129785
2.36 0.130303
2.37 0.130817
2.38 0.131326
2.39 0.13183
2.4 0.13233
2.41 0.132824
2.42 0.133313
2.43 0.133796
2.44 0.134273
2.45 0.134745
2.46 0.13521
2.47 0.135668
2.48 0.13612
2.49 0.136565
2.5 0.137003
2.51 0.137434
2.52 0.137857
2.53 0.138273
2.54 0.138681
2.55 0.139081
2.56 0.139473
2.57 0.139856
2.58 0.140231
2.59 0.140597
2.6 0.140954
2.61 0.141302
2.62 0.141641
2.63 0.14197
2.64 0.14229
2.65 0.142601
2.66 0.142901
2.67 0.143191
2.68 0.143471
2.69 0.143741
2.7 0.144
2.71 0.144249
2.72 0.144487
2.73 0.144714
2.74 0.14493
2.75 0.145135
2.76 0.145329
2.77 0.145511
2.78 0.145682
2.79 0.145841
2.8 0.145989
2.81 0.146125
2.82 0.146249
2.83 0.146361
2.84 0.14646
2.85 0.146548
2.86 0.146623
2.87 0.146687
2.88 0.146737
2.89 0.146775
2.9 0.146801
2.91 0.146814
2.92 0.146815
2.93 0.146802
2.94 0.146778
2.95 0.14674
2.96 0.146689
2.97 0.146626
2.98 0.14655
2.99 0.14646
3 0.146358
3.01 0.146243
3.02 0.146115
3.03 0.145975
3.04 0.145821
3.05 0.145654
3.06 0.145474
3.07 0.145282
3.08 0.145076
3.09 0.144858
3.1 0.144626
3.11 0.144382
3.12 0.144125
3.13 0.143856
3.14 0.143573
3.15 0.143278
3.16 0.14297
3.17 0.14265
3.18 0.142318
3.19 0.141972
3.2 0.141615
3.21 0.141245
3.22 0.140863
3.23 0.140469
3.24 0.140063
3.25 0.139645
3.26 0.139215
3.27 0.138773
3.28 0.138319
3.29 0.137854
3.3 0.137378
3.31 0.13689
3.32 0.136391
3.33 0.135881
3.34 0.135359
3.35 0.134827
3.36 0.134284
3.37 0.133731
3.38 0.133167
3.39 0.132593
3.4 0.132008
3.41 0.131414
3.42 0.130809
3.43 0.130195
3.44 0.129571
3.45 0.128938
3.46 0.128295
3.47 0.127643
3.48 0.126982
3.49 0.126313
3.5 0.125634
3.51 0.124947
3.52 0.124252
3.53 0.123549
3.54 0.122838
3.55 0.122119
3.56 0.121392
3.57 0.120658
3.58 0.119916
3.59 0.119168
3.6 0.118412
3.61 0.11765
3.62 0.116881
3.63 0.116106
3.64 0.115325
3.65 0.114537
3.66 0.113744
3.67 0.112945
3.68 0.112141
3.69 0.111332
3.7 0.110517
3.71 0.109698
3.72 0.108874
3.73 0.108046
3.74 0.107213
3.75 0.106376
3.76 0.105535
3.77 0.104691
3.78 0.103843
3.79 0.102992
3.8 0.102138
3.81 0.10128
3.82 0.10042
3.83 0.0995574
3.84 0.0986924
3.85 0.0978252
3.86 0.0969559
3.87 0.0960849
3.88 0.0952122
3.89 0.0943381
3.9 0.0934627
3.91 0.0925862
3.92 0.0917088
3.93 0.0908307
3.94 0.0899521
3.95 0.0890731
3.96 0.0881939
3.97 0.0873146
3.98 0.0864355
3.99 0.0855568
4 0.0846785
4.01 0.0838009
4.02 0.0829241
4.03 0.0820483
4.04 0.0811736
4.05 0.0803002
4.06 0.0794284
4.07 0.0785581
4.08 0.0776896
4.09 0.076823
4.1 0.0759585
4.11 0.0750962
4.12 0.0742363
4.13 0.0733788
4.14 0.0725241
4.15 0.0716721
4.16 0.070823
4.17 0.069977
4.18 0.0691342
4.19 0.0682946
4.2 0.0674586
4.21 0.066626
4.22 0.0657972
4.23 0.0649722
4.24 0.064151
4.25 0.0633339
4.26 0.062521
4.27 0.0617122
4.28 0.0609079
4.29 0.060108
4.3 0.0593126
4.31 0.0585219
4.32 0.0577359
4.33 0.0569548
4.34 0.0561786
4.35 0.0554075
4.36 0.0546414
4.37 0.0538805
4.38 0.0531249
4.39 0.0523746
4.4 0.0516297
4.41 0.0508903
4.42 0.0501564
4.43 0.0494282
4.44 0.0487056
4.45 0.0479888
4.46 0.0472777
4.47 0.0465726
4.48 0.0458733
4.49 0.04518
4.5 0.0444927
4.51 0.0438114
4.52 0.0431362
4.53 0.0424672
4.54 0.0418043
4.55 0.0411477
4.56 0.0404973
4.57 0.0398531
4.58 0.0392153
4.59 0.0385837
4.6 0.0379586
4.61 0.0373398
4.62 0.0367274
4.63 0.0361214
4.64 0.0355218
4.65 0.0349286
4.66 0.0343419
4.67 0.0337617
4.68 0.0331879
4.69 0.0326206
4.7 0.0320598
4.71 0.0315054
4.72 0.0309575
4.73 0.030416
4.74 0.0298811
4.75 0.0293525
4.76 0.0288304
4.77 0.0283148
4.78 0.0278055
4.79 0.0273027
4.8 0.0268063
4.81 0.0263162
4.82 0.0258325
4.83 0.0253552
4.84 0.0248841
4.85 0.0244193
4.86 0.0239608
4.87 0.0235086
4.88 0.0230625
4.89 0.0226227
4.9 0.022189
4.91 0.0217614
4.92 0.0213399
4.93 0.0209244
4.94 0.020515
4.95 0.0201115
4.96 0.019714
4.97 0.0193224
4.98 0.0189367
4.99 0.0185568
5 0.0181827
5.01 0.0178144
5.02 0.0174517
5.03 0.0170947
5.04 0.0167433
5.05 0.0163975
5.06 0.0160572
5.07 0.0157224
5.08 0.015393
5.09 0.015069
5.1 0.0147503
5.11 0.0144369
5.12 0.0141288
5.13 0.0138258
5.14 0.0135279
5.15 0.0132352
5.16 0.0129474
5.17 0.0126647
5.18 0.0123869
5.19 0.0121139
5.2 0.0118458
5.21 0.0115824
5.22 0.0113237
5.23 0.0110697
5.24 0.0108203
5.25 0.0105755
5.26 0.0103351
5.27 0.0100992
5.28 0.00986773
5.29 0.00964055
5.3 0.00941765
5.31 0.00919897
5.32 0.00898447
5.33 0.00877408
5.34 0.00856776
5.35 0.00836544
5.36 0.00816707
5.37 0.00797261
5.38 0.00778199
5.39 0.00759516
5.4 0.00741207
5.41 0.00723266
5.42 0.00705688
5.43 0.00688468
5.44 0.006716
5.45 0.00655079
5.46 0.00638901
5.47 0.00623059
5.48 0.00607548
5.49 0.00592364
5.5 0.00577501
5.51 0.00562954
5.52 0.00548718
5.53 0.00534788
5.54 0.0052116
5.55 0.00507827
5.56 0.00494785
5.57 0.0048203
5.58 0.00469556
5.59 0.00457358
5.6 0.00445433
5.61 0.00433775
5.62 0.00422379
5.63 0.00411241
5.64 0.00400356
5.65 0.0038972
5.66 0.00379329
5.67 0.00369177
5.68 0.0035926
5.69 0.00349575
5.7 0.00340116
5.71 0.0033088
5.72 0.00321862
5.73 0.00313059
5.74 0.00304465
5.75 0.00296078
5.76 0.00287892
5.77 0.00279905
5.78 0.00272111
5.79 0.00264508
5.8 0.00257092
5.81 0.00249858
5.82 0.00242803
5.83 0.00235923
5.84 0.00229216
5.85 0.00222676
5.86 0.00216301
5.87 0.00210088
5.88 0.00204032
5.89 0.00198131
5.9 0.00192381
5.91 0.0018678
5.92 0.00181323
5.93 0.00176007
5.94 0.0017083
5.95 0.00165789
5.96 0.0016088
5.97 0.00156101
5.98 0.00151449
5.99 0.0014692
