-6 1.44208e-05
-5.99 1.50368e-05
-5.98 1.56775e-05
-5.97 1.63438e-05
-5.96 1.70367e-05
-5.95 1.77572e-05
-5.94 1.85063e-05
-5.93 1.9285e-05
-5.92 2.00945e-05
-5.91 2.09358e-05
-5.9 2.18102e-05
-5.89 2.27188e-05
-5.88 2.36628e-05
-5.87 2.46436e-05
-5.86 2.56624e-05
-5.85 2.67207e-05
-5.84 2.78198e-05
-5.83 2.89611e-05
-5.82 3.01463e-05
-5.81 3.13768e-05
-5.8 3.26541e-05
-5.79 3.39801e-05
-5.78 3.53563e-05
-5.77 3.67846e-05
-5.76 3.82666e-05
-5.75 3.98044e-05
-5.74 4.13998e-05
-5.73 4.30548e-05
-5.72 4.47713e-05
-5.71 4.65517e-05
-5.7 4.83979e-05
-5.69 5.03123e-05
-5.68 5.22971e-05
-5.67 5.43547e-05
-5.66 5.64875e-05
-5.65 5.86981e-05
-5.64 6.09891e-05
-5.63 6.33631e-05
-5.62 6.58228e-05
-5.61 6.83711e-05
-5.6 7.10108e-05
-5.59 7.37451e-05
-5.58 7.65768e-05
-5.57 7.95093e-05
-5.56 8.25457e-05
-5.55 8.56894e-05
-5.54 8.89439e-05
-5.53 9.23126e-05
-5.52 9.57992e-05
-5.51 9.94075e-05
-5.5 0.000103141
-5.49 0.000107004
-5.48 0.000111001
-5.47 0.000115135
-5.46 0.000119411
-5.45 0.000123834
-5.44 0.000128407
-5.43 0.000133136
-5.42 0.000138025
-5.41 0.000143079
-5.4 0.000148303
-5.39 0.000153702
-5.38 0.000159282
-5.37 0.000165047
-5.36 0.000171004
-5.35 0.000177158
-5.34 0.000183515
-5.33 0.000190081
-5.32 0.000196862
-5.31 0.000203864
-5.3 0.000211094
-5.29 0.000218559
-5.28 0.000226264
-5.27 0.000234217
-5.26 0.000242425
-5.25 0.000250896
-5.24 0.000259636
-5.23 0.000268654
-5.22 0.000277957
-5.21 0.000287552
-5.2 0.000297449
-5.19 0.000307656
-5.18 0.000318181
-5.17 0.000329032
-5.16 0.000340219
-5.15 0.000351751
-5.14 0.000363637
-5.13 0.000375886
-5.12 0.000388509
-5.11 0.000401516
-5.1 0.000414915
-5.09 0.000428719
-5.08 0.000442937
-5.07 0.00045758
-5.06 0.00047266
-5.05 0.000488187
-5.04 0.000504174
-5.03 0.000520631
-5.02 0.000537571
-5.01 0.000555006
-5 0.000572949
-4.99 0.000591412
-4.98 0.000610408
-4.97 0.000629951
-4.96 0.000650053
-4.95 0.00067073
-4.94 0.000691994
-4.93 0.00071386
-4.92 0.000736342
-4.91 0.000759456
-4.9 0.000783216
-4.89 0.000807638
-4.88 0.000832738
-4.87 0.00085853
-4.86 0.000885032
-4.85 0.00091226
-4.84 0.00094023
-4.83 0.00096896
-4.82 0.000998467
-4.81 0.00102877
-4.8 0.00105988
-4.79 0.00109183
-4.78 0.00112462
-4.77 0.00115828
-4.76 0.00119283
-4.75 0.00122829
-4.74 0.00126467
-4.73 0.00130199
-4.72 0.00134029
-4.71 0.00137957
-4.7 0.00141985
-4.69 0.00146117
-4.68 0.00150354
-4.67 0.00154698
-4.66 0.00159151
-4.65 0.00163716
-4.64 0.00168395
-4.63 0.0017319
-4.62 0.00178103
-4.61 0.00183138
-4.6 0.00188296
-4.59 0.00193579
-4.58 0.00198991
-4.57 0.00204533
-4.56 0.00210208
-4.55 0.00216019
-4.54 0.00221968
-4.53 0.00228058
-4.52 0.00234292
-4.51 0.00240671
-4.5 0.00247199
-4.49 0.00253879
-4.48 0.00260712
-4.47 0.00267703
-4.46 0.00274853
-4.45 0.00282166
-4.44 0.00289644
-4.43 0.0029729
-4.42 0.00305107
-4.41 0.00313098
-4.4 0.00321266
-4.39 0.00329614
-4.38 0.00338144
-4.37 0.0034686
-4.36 0.00355765
-4.35 0.00364862
-4.34 0.00374153
-4.33 0.00383643
-4.32 0.00393333
-4.31 0.00403227
-4.3 0.00413328
-4.29 0.0042364
-4.28 0.00434165
-4.27 0.00444906
-4.26 0.00455867
-4.25 0.00467052
-4.24 0.00478462
-4.23 0.00490101
-4.22 0.00501973
-4.21 0.0051408
-4.2 0.00526427
-4.19 0.00539015
-4.18 0.00551849
-4.17 0.00564931
-4.16 0.00578265
-4.15 0.00591854
-4.14 0.00605701
-4.13 0.0061981
-4.12 0.00634183
-4.11 0.00648824
-4.1 0.00663736
-4.09 0.00678922
-4.08 0.00694386
-4.07 0.0071013
-4.06 0.00726157
-4.05 0.00742472
-4.04 0.00759077
-4.03 0.00775974
-4.02 0.00793168
-4.01 0.00810661
-4 0.00828456
-3.99 0.00846556
-3.98 0.00864965
-3.97 0.00883685
-3.96 0.00902719
-3.95 0.0092207
-3.94 0.00941741
-3.93 0.00961734
-3.92 0.00982053
-3.91 0.010027
-3.9 0.0102368
-3.89 0.0104499
-3.88 0.0106664
-3.87 0.0108863
-3.86 0.0111095
-3.85 0.0113363
-3.84 0.0115664
-3.83 0.0118001
-3.82 0.0120373
-3.81 0.012278
-3.8 0.0125222
-3.79 0.0127701
-3.78 0.0130215
-3.77 0.0132766
-3.76 0.0135352
-3.75 0.0137976
-3.74 0.0140636
-3.73 0.0143333
-3.72 0.0146067
-3.71 0.0148838
-3.7 0.0151646
-3.69 0.0154492
-3.68 0.0157376
-3.67 0.0160297
-3.66 0.0163257
-3.65 0.0166254
-3.64 0.0169289
-3.63 0.0172362
-3.62 0.0175474
-3.61 0.0178624
-3.6 0.0181812
-3.59 0.0185038
-3.58 0.0188303
-3.57 0.0191607
-3.56 0.0194949
-3.55 0.0198329
-3.54 0.0201748
-3.53 0.0205205
-3.52 0.0208701
-3.51 0.0212235
-3.5 0.0215807
-3.49 0.0219418
-3.48 0.0223067
-3.47 0.0226754
-3.46 0.0230478
-3.45 0.0234241
-3.44 0.0238042
-3.43 0.024188
-3.42 0.0245756
-3.41 0.0249669
-3.4 0.0253619
-3.39 0.0257606
-3.38 0.026163
-3.37 0.026569
-3.36 0.0269787
-3.35 0.027392
-3.34 0.0278088
-3.33 0.0282293
-3.32 0.0286532
-3.31 0.0290807
-3.3 0.0295116
-3.29 0.029946
-3.28 0.0303838
-3.27 0.0308249
-3.26 0.0312694
-3.25 0.0317172
-3.24 0.0321683
-3.23 0.0326226
-3.22 0.0330801
-3.21 0.0335407
-3.2 0.0340044
-3.19 0.0344712
-3.18 0.034941
-3.17 0.0354138
-3.16 0.0358895
-3.15 0.0363681
-3.14 0.0368495
-3.13 0.0373336
-3.12 0.0378205
-3.11 0.0383101
-3.1 0.0388022
-3.09 0.0392969
-3.08 0.0397942
-3.07 0.0402938
-3.06 0.0407959
-3.05 0.0413003
-3.04 0.0418069
-3.03 0.0423158
-3.02 0.0428268
-3.01 0.0433399
-3 0.043855
-2.99 0.0443721
-2.98 0.0448911
-2.97 0.0454119
-2.96 0.0459345
-2.95 0.0464587
-2.94 0.0469846
-2.93 0.0475121
-2.92 0.0480411
-2.91 0.0485715
-2.9 0.0491032
-2.89 0.0496363
-2.88 0.0501705
-2.87 0.050706
-2.86 0.0512425
-2.85 0.05178
-2.84 0.0523185
-2.83 0.0528579
-2.82 0.0533981
-2.81 0.053939
-2.8 0.0544806
-2.79 0.0550229
-2.78 0.0555656
-2.77 0.0561089
-2.76 0.0566525
-2.75 0.0571965
-2.74 0.0577407
-2.73 0.0582852
-2.72 0.0588298
-2.71 0.0593746
-2.7 0.0599193
-2.69 0.060464
-2.68 0.0610086
-2.67 0.061553
-2.66 0.0620973
-2.65 0.0626412
-2.64 0.0631849
-2.63 0.0637281
-2.62 0.064271
-2.61 0.0648133
-2.6 0.0653551
-2.59 0.0658964
-2.58 0.066437
-2.57 0.0669769
-2.56 0.0675162
-2.55 0.0680547
-2.54 0.0685924
-2.53 0.0691293
-2.52 0.0696654
-2.51 0.0702005
-2.5 0.0707348
-2.49 0.0712681
-2.48 0.0718005
-2.47 0.0723319
-2.46 0.0728623
-2.45 0.0733917
-2.44 0.0739201
-2.43 0.0744474
-2.42 0.0749737
-2.41 0.075499
-2.4 0.0760232
-2.39 0.0765464
-2.38 0.0770686
-2.37 0.0775898
-2.36 0.0781099
-2.35 0.0786291
-2.34 0.0791473
-2.33 0.0796646
-2.32 0.0801809
-2.31 0.0806964
-2.3 0.081211
-2.29 0.0817248
-2.28 0.0822379
-2.27 0.0827503
-2.26 0.083262
-2.25 0.083773
-2.24 0.0842836
-2.23 0.0847936
-2.22 0.0853032
-2.21 0.0858125
-2.2 0.0863215
-2.19 0.0868303
-2.18 0.087339
-2.17 0.0878477
-2.16 0.0883565
-2.15 0.0888654
-2.14 0.0893746
-2.13 0.0898841
-2.12 0.0903942
-2.11 0.0909048
-2.1 0.0914162
-2.09 0.0919284
-2.08 0.0924416
-2.07 0.0929558
-2.06 0.0934713
-2.05 0.0939881
-2.04 0.0945065
-2.03 0.0950265
-2.02 0.0955483
-2.01 0.0960721
-2 0.0965979
-1.99 0.0971261
-1.98 0.0976567
-1.97 0.0981899
-1.96 0.098726
-1.95 0.0992649
-1.94 0.0998071
-1.93 0.100353
-1.92 0.100902
-1.91 0.101454
-1.9 0.102011
-1.89 0.102571
-1.88 0.103136
-1.87 0.103706
-1.86 0.10428
-1.85 0.104859
-1.84 0.105443
-1.83 0.106033
-1.82 0.106628
-1.81 0.107229
-1.8 0.107836
-1.79 0.108449
-1.78 0.109068
-1.77 0.109695
-1.76 0.110328
-1.75 0.110968
-1.74 0.111615
-1.73 0.11227
-1.72 0.112933
-1.71 0.113604
-1.7 0.114283
-1.69 0.11497
-1.68 0.115666
-1.67 0.116371
-1.66 0.117086
-1.65 0.117809
-1.64 0.118542
-1.63 0.119285
-1.62 0.120038
-1.61 0.120802
-1.6 0.121575
-1.59 0.12236
-1.58 0.123155
-1.57 0.123961
-1.56 0.124779
-1.55 0.125608
-1.54 0.126449
-1.53 0.127302
-1.52 0.128167
-1.51 0.129044
-1.5 0.129934
-1.49 0.130836
-1.48 0.131751
-1.47 0.13268
-1.46 0.133621
-1.45 0.134576
-1.44 0.135544
-1.43 0.136525
-1.42 0.137521
-1.41 0.13853
-1.4 0.139554
-1.39 0.140591
-1.38 0.141643
-1.37 0.142709
-1.36 0.143789
-1.35 0.144884
-1.34 0.145994
-1.33 0.147118
-1.32 0.148257
-1.31 0.149411
-1.3 0.150579
-1.29 0.151763
-1.28 0.152961
-1.27 0.154174
-1.26 0.155402
-1.25 0.156645
-1.24 0.157903
-1.23 0.159176
-1.22 0.160463
-1.21 0.161765
-1.2 0.163082
-1.19 0.164414
-1.18 0.16576
-1.17 0.16712
-1.16 0.168495
-1.15 0.169884
-1.14 0.171287
-1.13 0.172704
-1.12 0.174135
-1.11 0.175579
-1.1 0.177037
-1.09 0.178508
-1.08 0.179992
-1.07 0.181489
-1.06 0.182998
-1.05 0.18452
-1.04 0.186054
-1.03 0.1876
-1.02 0.189157
-1.01 0.190725
-1 0.192304
-0.99 0.193894
-0.98 0.195495
-0.97 0.197105
-0.96 0.198725
-0.95 0.200354
-0.94 0.201991
-0.93 0.203638
-0.92 0.205292
-0.91 0.206954
-0.9 0.208623
-0.89 0.210299
-0.88 0.211981
-0.87 0.213669
-0.86 0.215362
-0.85 0.21706
-0.84 0.218763
-0.83 0.220469
-0.82 0.222179
-0.81 0.223892
-0.8 0.225607
-0.79 0.227324
-0.78 0.229042
-0.77 0.23076
-0.76 0.232479
-0.75 0.234197
-0.74 0.235914
-0.73 0.23763
-0.72 0.239343
-0.71 0.241053
-0.7 0.24276
-0.69 0.244463
-0.68 0.24616
-0.67 0.247853
-0.66 0.249539
-0.65 0.251219
-0.64 0.252892
-0.63 0.254556
-0.62 0.256212
-0.61 0.257859
-0.6 0.259496
-0.59 0.261122
-0.58 0.262737
-0.57 0.26434
-0.56 0.26593
-0.55 0.267508
-0.54 0.269071
-0.53 0.27062
-0.52 0.272153
-0.51 0.273671
-0.5 0.275172
-0.49 0.276656
-0.48 0.278122
-0.47 0.27957
-0.46 0.280999
-0.45 0.282408
-0.44 0.283796
-0.43 0.285163
-0.42 0.286509
-0.41 0.287832
-0.4 0.289133
-0.39 0.29041
-0.38 0.291663
-0.37 0.292892
-0.36 0.294095
-0.35 0.295272
-0.34 0.296423
-0.33 0.297547
-0.32 0.298644
-0.31 0.299713
-0.3 0.300753
-0.29 0.301765
-0.28 0.302746
-0.27 0.303698
-0.26 0.30462
-0.25 0.30551
-0.24 0.30637
-0.23 0.307198
-0.22 0.307993
-0.21 0.308756
-0.2 0.309486
-0.19 0.310183
-0.18 0.310846
-0.17 0.311476
-0.16 0.312071
-0.15 0.312631
-0.14 0.313157
-0.13 0.313648
-0.12 0.314103
-0.11 0.314523
-0.1 0.314907
-0.09 0.315254
-0.08 0.315566
-0.07 0.315842
-0.06 0.316081
-0.05 0.316283
-0.04 0.316449
-0.03 0.316578
-0.02 0.31667
-0.01 0.316726
0 0.316744
0.01 0.316726
0.02 0.31667
0.03 0.316578
0.04 0.316449
0.05 0.316283
0.06 0.316081
0.07 0.315842
0.08 0.315566
0.09 0.315254
0.1 0.314907
0.11 0.314523
0.12 0.314103
0.13 0.313648
0.14 0.313157
0.15 0.312631
0.16 0.312071
0.17 0.311476
0.18 0.310846
0.19 0.310183
0.2 0.309486
0.21 0.308756
0.22 0.307993
0.23 0.307198
0.24 0.30637
0.25 0.30551
0.26 0.30462
0.27 0.303698
0.28 0.302746
0.29 0.301765
0.3 0.300753
0.31 0.299713
0.32 0.298644
0.33 0.297547
0.34 0.296423
0.35 0.295272
0.36 0.294095
0.37 0.292892
0.38 0.291663
0.39 0.29041
0.4 0.289133
0.41 0.287832
0.42 0.286509
0.43 0.285163
0.44 0.283796
0.45 0.282408
0.46 0.280999
0.47 0.27957
0.48 0.278122
0.49 0.276656
0.5 0.275172
0.51 0.273671
0.52 0.272153
0.53 0.27062
0.54 0.269071
0.55 0.267508
0.56 0.26593
0.57 0.26434
0.58 0.262737
0.59 0.261122
0.6 0.259496
0.61 0.257859
0.62 0.256212
0.63 0.254556
0.64 0.252892
0.65 0.251219
0.66 0.249539
0.67 0.247853
0.68 0.24616
0.69 0.244463
0.7 0.24276
0.71 0.241053
0.72 0.239343
0.73 0.23763
0.74 0.235914
0.75 0.234197
0.76 0.232479
0.77 0.23076
0.78 0.229042
0.79 0.227324
0.8 0.225607
0.81 0.223892
0.82 0.222179
0.83 0.220469
0.84 0.218763
0.85 0.21706
0.86 0.215362
0.87 0.213669
0.88 0.211981
0.89 0.210299
0.9 0.208623
0.91 0.206954
0.92 0.205292
0.93 0.203638
0.94 0.201991
0.95 0.200354
0.96 0.198725
0.97 0.197105
0.98 0.195495
0.99 0.193894
1 0.192304
1.01 0.190725
1.02 0.189157
1.03 0.1876
1.04 0.186054
1.05 0.18452
1.06 0.182998
1.07 0.181489
1.08 0.179992
1.09 0.178508
1.1 0.177037
1.11 0.175579
1.12 0.174135
1.13 0.172704
1.14 0.171287
1.15 0.169884
1.16 0.168495
1.17 0.16712
1.18 0.16576
1.19 0.164414
1.2 0.163082
1.21 0.161765
1.22 0.160463
1.23 0.159176
1.24 0.157903
1.25 0.156645
1.26 0.155402
1.27 0.154174
1.28 0.152961
1.29 0.151763
1.3 0.150579
1.31 0.149411
1.32 0.148257
1.33 0.147118
1.34 0.145994
1.35 0.144884
1.36 0.143789
1.37 0.142709
1.38 0.141643
1.39 0.140591
1.4 0.139554
1.41 0.13853
1.42 0.137521
1.43 0.136525
1.44 0.135544
1.45 0.134576
1.46 0.133621
1.47 0.13268
1.48 0.131751
1.49 0.130836
1.5 0.129934
1.51 0.129044
1.52 0.128167
1.53 0.127302
1.54 0.126449
1.55 0.125608
1.56 0.124779
1.57 0.123961
1.58 0.123155
1.59 0.12236
1.6 0.121575
1.61 0.120802
1.62 0.120038
1.63 0.119285
1.64 0.118542
1.65 0.117809
1.66 0.117086
1.67 0.116371
1.68 0.115666
1.69 0.11497
1.7 0.114283
1.71 0.113604
1.72 0.112933
1.73 0.11227
1.74 0.111615
1.75 0.110968
1.76 0.110328
1.77 0.109695
1.78 0.109068
1.79 0.108449
1.8 0.107836
1.81 0.107229
1.82 0.106628
1.83 0.106033
1.84 0.105443
1.85 0.104859
1.86 0.10428
1.87 0.103706
1.88 0.103136
1.89 0.102571
1.9 0.102011
1.91 0.101454
1.92 0.100902
1.93 0.100353
1.94 0.0998071
1.95 0.0992649
1.96 0.098726
1.97 0.0981899
1.98 0.0976567
1.99 0.0971261
2 0.0965979
2.01 0.0960721
2.02 0.0955483
2.03 0.0950265
2.04 0.0945065
2.05 0.0939881
2.06 0.0934713
2.07 0.0929558
2.08 0.0924416
2.09 0.0919284
2.1 0.0914162
2.11 0.0909048
2.12 0.0903942
2.13 0.0898841
2.14 0.0893746
2.15 0.0888654
2.16 0.0883565
2.17 0.0878477
2.18 0.087339
2.19 0.0868303
2.2 0.0863215
2.21 0.0858125
2.22 0.0853032
2.23 0.0847936
2.24 0.0842836
2.25 0.083773
2.26 0.083262
2.27 0.0827503
2.28 0.0822379
2.29 0.0817248
2.3 0.081211
2.31 0.0806964
2.32 0.0801809
2.33 0.0796646
2.34 0.0791473
2.35 0.0786291
2.36 0.0781099
2.37 0.0775898
2.38 0.0770686
2.39 0.0765464
2.4 0.0760232
2.41 0.075499
2.42 0.0749737
2.43 0.0744474
2.44 0.0739201
2.45 0.0733917
2.46 0.0728623
2.47 0.0723319
2.48 0.0718005
2.49 0.0712681
2.5 0.0707348
2.51 0.0702005
2.52 0.0696654
2.53 0.0691293
2.54 0.0685924
2.55 0.0680547
2.56 0.0675162
2.57 0.0669769
2.58 0.066437
2.59 0.0658964
2.6 0.0653551
2.61 0.0648133
2.62 0.064271
2.63 0.0637281
2.64 0.0631849
2.65 0.0626412
2.66 0.0620973
2.67 0.061553
2.68 0.0610086
2.69 0.060464
2.7 0.0599193
2.71 0.0593746
2.72 0.0588298
2.73 0.0582852
2.74 0.0577407
2.75 0.0571965
2.76 0.0566525
2.77 0.0561089
2.78 0.0555656
2.79 0.0550229
2.8 0.0544806
2.81 0.053939
2.82 0.0533981
2.83 0.0528579
2.84 0.0523185
2.85 0.05178
2.86 0.0512425
2.87 0.050706
2.88 0.0501705
2.89 0.0496363
2.9 0.0491032
2.91 0.0485715
2.92 0.0480411
2.93 0.0475121
2.94 0.0469846
2.95 0.0464587
2.96 0.0459345
2.97 0.0454119
2.98 0.0448911
2.99 0.0443721
3 0.043855
3.01 0.0433399
3.02 0.0428268
3.03 0.0423158
3.04 0.0418069
3.05 0.0413003
3.06 0.0407959
3.07 0.0402938
3.08 0.0397942
3.09 0.0392969
3.1 0.0388022
3.11 0.0383101
3.12 0.0378205
3.13 0.0373336
3.14 0.0368495
3.15 0.0363681
3.16 0.0358895
3.17 0.0354138
3.18 0.034941
3.19 0.0344712
3.2 0.0340044
3.21 0.0335407
3.22 0.0330801
3.23 0.0326226
3.24 0.0321683
3.25 0.0317172
3.26 0.0312694
3.27 0.0308249
3.28 0.0303838
3.29 0.029946
3.3 0.0295116
3.31 0.0290807
3.32 0.0286532
3.33 0.0282293
3.34 0.0278088
3.35 0.027392
3.36 0.0269787
3.37 0.026569
3.38 0.026163
3.39 0.0257606
3.4 0.0253619
3.41 0.0249669
3.42 0.0245756
3.43 0.024188
3.44 0.0238042
3.45 0.0234241
3.46 0.0230478
3.47 0.0226754
3.48 0.0223067
3.49 0.0219418
3.5 0.0215807
3.51 0.0212235
3.52 0.0208701
3.53 0.0205205
3.54 0.0201748
3.55 0.0198329
3.56 0.0194949
3.57 0.0191607
3.58 0.0188303
3.59 0.0185038
3.6 0.0181812
3.61 0.0178624
3.62 0.0175474
3.63 0.0172362
3.64 0.0169289
3.65 0.0166254
3.66 0.0163257
3.67 0.0160297
3.68 0.0157376
3.69 0.0154492
3.7 0.0151646
3.71 0.0148838
3.72 0.0146067
3.73 0.0143333
3.74 0.0140636
3.75 0.0137976
3.76 0.0135352
3.77 0.0132766
3.78 0.0130215
3.79 0.0127701
3.8 0.0125222
3.81 0.012278
3.82 0.0120373
3.83 0.0118001
3.84 0.0115664
3.85 0.0113363
3.86 0.0111095
3.87 0.0108863
3.88 0.0106664
3.89 0.0104499
3.9 0.0102368
3.91 0.010027
3.92 0.00982053
3.93 0.00961734
3.94 0.00941741
3.95 0.0092207
3.96 0.00902719
3.97 0.00883685
3.98 0.00864965
3.99 0.00846556
4 0.00828456
4.01 0.00810661
4.02 0.00793168
4.03 0.00775974
4.04 0.00759077
4.05 0.00742472
4.06 0.00726157
4.07 0.0071013
4.08 0.00694386
4.09 0.00678922
4.1 0.00663736
4.11 0.00648824
4.12 0.00634183
4.13 0.0061981
4.14 0.00605701
4.15 0.00591854
4.16 0.00578265
4.17 0.00564931
4.18 0.00551849
4.19 0.00539015
4.2 0.00526427
4.21 0.0051408
4.22 0.00501973
4.23 0.00490101
4.24 0.00478462
4.25 0.00467052
4.26 0.00455867
4.27 0.00444906
4.28 0.00434165
4.29 0.0042364
4.3 0.00413328
4.31 0.00403227
4.32 0.00393333
4.33 0.00383643
4.34 0.00374153
4.35 0.00364862
4.36 0.00355765
4.37 0.0034686
4.38 0.00338144
4.39 0.00329614
4.4 0.00321266
4.41 0.00313098
4.42 0.00305107
4.43 0.0029729
4.44 0.00289644
4.45 0.00282166
4.46 0.00274853
4.47 0.00267703
4.48 0.00260712
4.49 0.00253879
4.5 0.00247199
4.51 0.00240671
4.52 0.00234292
4.53 0.00228058
4.54 0.00221968
4.55 0.00216019
4.56 0.00210208
4.57 0.00204533
4.58 0.00198991
4.59 0.00193579
4.6 0.00188296
4.61 0.00183138
4.62 0.00178103
4.63 0.0017319
4.64 0.00168395
4.65 0.00163716
4.66 0.00159151
4.67 0.00154698
4.68 0.00150354
4.69 0.00146117
4.7 0.00141985
4.71 0.00137957
4.72 0.00134029
4.73 0.00130199
4.74 0.00126467
4.75 0.00122829
4.76 0.00119283
4.77 0.00115828
4.78 0.00112462
4.79 0.00109183
4.8 0.00105988
4.81 0.00102877
4.82 0.000998467
4.83 0.00096896
4.84 0.00094023
4.85 0.00091226
4.86 0.000885032
4.87 0.00085853
4.88 0.000832738
4.89 0.000807638
4.9 0.000783216
4.91 0.000759456
4.92 0.000736342
4.93 0.00071386
4.94 0.000691994
4.95 0.00067073
4.96 0.000650053
4.97 0.000629951
4.98 0.000610408
4.99 0.000591412
5 0.000572949
5.01 0.000555006
5.02 0.000537571
5.03 0.000520631
5.04 0.000504174
5.05 0.000488187
5.06 0.00047266
5.07 0.00045758
5.08 0.000442937
5.09 0.000428719
5.1 0.000414915
5.11 0.000401516
5.12 0.000388509
5.13 0.000375886
5.14 0.000363637
5.15 0.000351751
5.16 0.000340219
5.17 0.000329032
5.18 0.000318181
5.19 0.000307656
5.2 0.000297449
5.21 0.000287552
5.22 0.000277957
5.23 0.000268654
5.24 0.000259636
5.25 0.000250896
5.26 0.000242425
5.27 0.000234217
5.28 0.000226264
5.29 0.000218559
5.3 0.000211094
5.31 0.000203864
5.32 0.000196862
5.33 0.000190081
5.34 0.000183515
5.35 0.000177158
5.36 0.000171004
5.37 0.000165047
5.38 0.000159282
5.39 0.000153702
5.4 0.000148303
5.41 0.000143079
5.42 0.000138025
5.43 0.000133136
5.44 0.000128407
5.45 0.000123834
5.46 0.000119411
5.47 0.000115135
5.48 0.000111001
5.49 0.000107004
5.5 0.000103141
5.51 9.94075e-05
5.52 9.57992e-05
5.53 9.23126e-05
5.54 8.89439e-05
5.55 8.56894e-05
5.56 8.25457e-05
5.57 7.95093e-05
5.58 7.65768e-05
5.59 7.37451e-05
5.6 7.10108e-05
5.61 6.83711e-05
5.62 6.58228e-05
5.63 6.33631e-05
5.64 6.09891e-05
5.65 5.86981e-05
5.66 5.64875e-05
5.67 5.43547e-05
5.68 5.22971e-05
5.69 5.03123e-05
5.7 4.83979e-05
5.71 4.65517e-05
5.72 4.47713e-05
5.73 4.30548e-05
5.74 4.13998e-05
5.75 3.98044e-05
5.76 3.82666e-05
5.77 3.67846e-05
5.78 3.53563e-05
5.79 3.39801e-05
5.8 3.26541e-05
5.81 3.13768e-05
5.82 3.01463e-05
5.83 2.89611e-05
5.84 2.78198e-05
5.85 2.67207e-05
5.86 2.56624e-05
5.87 2.46436e-05
5.88 2.36628e-05
5.89 2.27188e-05
5.9 2.18102e-05
5.91 2.09358e-05
5.92 2.00945e-05
5.93 1.9285e-05
5.94 1.85063e-05
5.95 1.77572e-05
5.96 1.70367e-05
5.97 1.63438e-05
5.98 1.56775e-05
5.99 1.50368e-05
