-6 0.00594814
-5.99 0.00603491
-5.98 0.00612274
-5.97 0.00621162
-5.96 0.00630157
-5.95 0.00639261
-5.94 0.00648472
-5.93 0.00657794
-5.92 0.00667226
-5.91 0.0067677
-5.9 0.00686426
-5.89 0.00696196
-5.88 0.0070608
-5.87 0.00716079
-5.86 0.00726194
-5.85 0.00736426
-5.84 0.00746776
-5.83 0.00757246
-5.82 0.00767835
-5.81 0.00778544
-5.8 0.00789376
-5.79 0.0080033
-5.78 0.00811408
-5.77 0.0082261
-5.76 0.00833938
-5.75 0.00845392
-5.74 0.00856973
-5.73 0.00868683
-5.72 0.00880521
-5.71 0.0089249
-5.7 0.0090459
-5.69 0.00916821
-5.68 0.00929186
-5.67 0.00941684
-5.66 0.00954317
-5.65 0.00967085
-5.64 0.0097999
-5.63 0.00993032
-5.62 0.0100621
-5.61 0.0101953
-5.6 0.0103299
-5.59 0.0104659
-5.58 0.0106034
-5.57 0.0107422
-5.56 0.0108825
-5.55 0.0110243
-5.54 0.0111675
-5.53 0.0113121
-5.52 0.0114583
-5.51 0.0116059
-5.5 0.011755
-5.49 0.0119056
-5.48 0.0120577
-5.47 0.0122113
-5.46 0.0123665
-5.45 0.0125232
-5.44 0.0126814
-5.43 0.0128412
-5.42 0.0130025
-5.41 0.0131654
-5.4 0.0133299
-5.39 0.0134959
-5.38 0.0136636
-5.37 0.0138328
-5.36 0.0140037
-5.35 0.0141761
-5.34 0.0143502
-5.33 0.0145259
-5.32 0.0147033
-5.31 0.0148823
-5.3 0.0150629
-5.29 0.0152452
-5.28 0.0154292
-5.27 0.0156149
-5.26 0.0158022
-5.25 0.0159912
-5.24 0.0161819
-5.23 0.0163744
-5.22 0.0165685
-5.21 0.0167643
-5.2 0.0169619
-5.19 0.0171612
-5.18 0.0173622
-5.17 0.017565
-5.16 0.0177695
-5.15 0.0179758
-5.14 0.0181838
-5.13 0.0183936
-5.12 0.0186052
-5.11 0.0188185
-5.1 0.0190336
-5.09 0.0192505
-5.08 0.0194692
-5.07 0.0196897
-5.06 0.019912
-5.05 0.0201361
-5.04 0.020362
-5.03 0.0205898
-5.02 0.0208193
-5.01 0.0210507
-5 0.0212839
-4.99 0.021519
-4.98 0.0217558
-4.97 0.0219945
-4.96 0.0222351
-4.95 0.0224775
-4.94 0.0227218
-4.93 0.0229679
-4.92 0.0232158
-4.91 0.0234657
-4.9 0.0237173
-4.89 0.0239709
-4.88 0.0242263
-4.87 0.0244836
-4.86 0.0247427
-4.85 0.0250038
-4.84 0.0252667
-4.83 0.0255314
-4.82 0.0257981
-4.81 0.0260666
-4.8 0.026337
-4.79 0.0266093
-4.78 0.0268834
-4.77 0.0271595
-4.76 0.0274374
-4.75 0.0277172
-4.74 0.0279989
-4.73 0.0282824
-4.72 0.0285678
-4.71 0.0288551
-4.7 0.0291443
-4.69 0.0294354
-4.68 0.0297283
-4.67 0.0300231
-4.66 0.0303198
-4.65 0.0306183
-4.64 0.0309187
-4.63 0.031221
-4.62 0.0315251
-4.61 0.0318311
-4.6 0.0321389
-4.59 0.0324486
-4.58 0.0327601
-4.57 0.0330735
-4.56 0.0333887
-4.55 0.0337057
-4.54 0.0340246
-4.53 0.0343453
-4.52 0.0346678
-4.51 0.0349922
-4.5 0.0353183
-4.49 0.0356462
-4.48 0.035976
-4.47 0.0363075
-4.46 0.0366408
-4.45 0.0369759
-4.44 0.0373128
-4.43 0.0376514
-4.42 0.0379918
-4.41 0.038334
-4.4 0.0386779
-4.39 0.0390235
-4.38 0.0393708
-4.37 0.0397199
-4.36 0.0400706
-4.35 0.0404231
-4.34 0.0407773
-4.33 0.0411331
-4.32 0.0414906
-4.31 0.0418498
-4.3 0.0422106
-4.29 0.0425731
-4.28 0.0429372
-4.27 0.0433029
-4.26 0.0436702
-4.25 0.0440391
-4.24 0.0444096
-4.23 0.0447817
-4.22 0.0451553
-4.21 0.0455305
-4.2 0.0459072
-4.19 0.0462855
-4.18 0.0466652
-4.17 0.0470465
-4.16 0.0474292
-4.15 0.0478134
-4.14 0.048199
-4.13 0.0485861
-4.12 0.0489746
-4.11 0.0493645
-4.1 0.0497559
-4.09 0.0501485
-4.08 0.0505426
-4.07 0.050938
-4.06 0.0513347
-4.05 0.0517328
-4.04 0.0521321
-4.03 0.0525328
-4.02 0.0529346
-4.01 0.0533378
-4 0.0537421
-3.99 0.0541477
-3.98 0.0545545
-3.97 0.0549624
-3.96 0.0553715
-3.95 0.0557818
-3.94 0.0561931
-3.93 0.0566056
-3.92 0.0570191
-3.91 0.0574337
-3.9 0.0578493
-3.89 0.058266
-3.88 0.0586836
-3.87 0.0591022
-3.86 0.0595218
-3.85 0.0599423
-3.84 0.0603638
-3.83 0.0607861
-3.82 0.0612093
-3.81 0.0616333
-3.8 0.0620582
-3.79 0.0624839
-3.78 0.0629103
-3.77 0.0633376
-3.76 0.0637655
-3.75 0.0641942
-3.74 0.0646236
-3.73 0.0650536
-3.72 0.0654842
-3.71 0.0659155
-3.7 0.0663474
-3.69 0.0667799
-3.68 0.0672129
-3.67 0.0676464
-3.66 0.0680804
-3.65 0.0685149
-3.64 0.0689498
-3.63 0.0693852
-3.62 0.069821
-3.61 0.0702571
-3.6 0.0706935
-3.59 0.0711303
-3.58 0.0715674
-3.57 0.0720047
-3.56 0.0724423
-3.55 0.0728801
-3.54 0.0733181
-3.53 0.0737562
-3.52 0.0741945
-3.51 0.0746329
-3.5 0.0750713
-3.49 0.0755098
-3.48 0.0759483
-3.47 0.0763869
-3.46 0.0768254
-3.45 0.0772638
-3.44 0.0777021
-3.43 0.0781403
-3.42 0.0785784
-3.41 0.0790163
-3.4 0.079454
-3.39 0.0798915
-3.38 0.0803287
-3.37 0.0807657
-3.36 0.0812023
-3.35 0.0816386
-3.34 0.0820745
-3.33 0.08251
-3.32 0.0829451
-3.31 0.0833797
-3.3 0.0838138
-3.29 0.0842474
-3.28 0.0846805
-3.27 0.085113
-3.26 0.0855449
-3.25 0.0859762
-3.24 0.0864068
-3.23 0.0868367
-3.22 0.0872659
-3.21 0.0876943
-3.2 0.088122
-3.19 0.0885489
-3.18 0.0889749
-3.17 0.0894001
-3.16 0.0898244
-3.15 0.0902477
-3.14 0.0906701
-3.13 0.0910916
-3.12 0.091512
-3.11 0.0919314
-3.1 0.0923497
-3.09 0.0927669
-3.08 0.093183
-3.07 0.093598
-3.06 0.0940117
-3.05 0.0944243
-3.04 0.0948356
-3.03 0.0952457
-3.02 0.0956545
-3.01 0.0960619
-3 0.096468
-2.99 0.0968727
-2.98 0.0972761
-2.97 0.097678
-2.96 0.0980784
-2.95 0.0984773
-2.94 0.0988748
-2.93 0.0992707
-2.92 0.099665
-2.91 0.100058
-2.9 0.100449
-2.89 0.100838
-2.88 0.101226
-2.87 0.101612
-2.86 0.101997
-2.85 0.102379
-2.84 0.10276
-2.83 0.103139
-2.82 0.103516
-2.81 0.103892
-2.8 0.104265
-2.79 0.104637
-2.78 0.105006
-2.77 0.105374
-2.76 0.10574
-2.75 0.106103
-2.74 0.106465
-2.73 0.106825
-2.72 0.107182
-2.71 0.107538
-2.7 0.107891
-2.69 0.108243
-2.68 0.108592
-2.67 0.108939
-2.66 0.109283
-2.65 0.109626
-2.64 0.109966
-2.63 0.110304
-2.62 0.11064
-2.61 0.110973
-2.6 0.111304
-2.59 0.111633
-2.58 0.111959
-2.57 0.112283
-2.56 0.112605
-2.55 0.112924
-2.54 0.113241
-2.53 0.113555
-2.52 0.113867
-2.51 0.114176
-2.5 0.114483
-2.49 0.114787
-2.48 0.115089
-2.47 0.115388
-2.46 0.115685
-2.45 0.115979
-2.44 0.11627
-2.43 0.116559
-2.42 0.116846
-2.41 0.117129
-2.4 0.11741
-2.39 0.117688
-2.38 0.117964
-2.37 0.118237
-2.36 0.118507
-2.35 0.118774
-2.34 0.119039
-2.33 0.119301
-2.32 0.119561
-2.31 0.119817
-2.3 0.120071
-2.29 0.120322
-2.28 0.12057
-2.27 0.120815
-2.26 0.121058
-2.25 0.121298
-2.24 0.121535
-2.23 0.121769
-2.22 0.122
-2.21 0.122229
-2.2 0.122455
-2.19 0.122678
-2.18 0.122898
-2.17 0.123115
-2.16 0.123329
-2.15 0.123541
-2.14 0.123749
-2.13 0.123955
-2.12 0.124158
-2.11 0.124358
-2.1 0.124555
-2.09 0.124749
-2.08 0.124941
-2.07 0.125129
-2.06 0.125315
-2.05 0.125498
-2.04 0.125678
-2.03 0.125855
-2.02 0.126029
-2.01 0.126201
-2 0.126369
-1.99 0.126535
-1.98 0.126698
-1.97 0.126858
-1.96 0.127015
-1.95 0.127169
-1.94 0.127321
-1.93 0.12747
-1.92 0.127615
-1.91 0.127759
-1.9 0.127899
-1.89 0.128036
-1.88 0.128171
-1.87 0.128303
-1.86 0.128432
-1.85 0.128559
-1.84 0.128682
-1.83 0.128803
-1.82 0.128921
-1.81 0.129037
-1.8 0.12915
-1.79 0.12926
-1.78 0.129367
-1.77 0.129472
-1.76 0.129574
-1.75 0.129674
-1.74 0.129771
-1.73 0.129865
-1.72 0.129956
-1.71 0.130045
-1.7 0.130132
-1.69 0.130216
-1.68 0.130297
-1.67 0.130376
-1.66 0.130453
-1.65 0.130526
-1.64 0.130598
-1.63 0.130667
-1.62 0.130733
-1.61 0.130798
-1.6 0.130859
-1.59 0.130919
-1.58 0.130976
-1.57 0.13103
-1.56 0.131083
-1.55 0.131133
-1.54 0.131181
-1.53 0.131226
-1.52 0.131269
-1.51 0.131311
-1.5 0.131349
-1.49 0.131386
-1.48 0.131421
-1.47 0.131453
-1.46 0.131484
-1.45 0.131512
-1.44 0.131538
-1.43 0.131562
-1.42 0.131585
-1.41 0.131605
-1.4 0.131623
-1.39 0.13164
-1.38 0.131654
-1.37 0.131667
-1.36 0.131677
-1.35 0.131686
-1.34 0.131693
-1.33 0.131699
-1.32 0.131702
-1.31 0.131704
-1.3 0.131704
-1.29 0.131703
-1.28 0.1317
-1.27 0.131695
-1.26 0.131689
-1.25 0.131681
-1.24 0.131671
-1.23 0.13166
-1.22 0.131648
-1.21 0.131634
-1.2 0.131619
-1.19 0.131602
-1.18 0.131584
-1.17 0.131565
-1.16 0.131544
-1.15 0.131522
-1.14 0.131499
-1.13 0.131475
-1.12 0.131449
-1.11 0.131423
-1.1 0.131395
-1.09 0.131366
-1.08 0.131336
-1.07 0.131305
-1.06 0.131273
-1.05 0.13124
-1.04 0.131206
-1.03 0.131171
-1.02 0.131135
-1.01 0.131098
-1 0.131061
-0.99 0.131022
-0.98 0.130983
-0.97 0.130943
-0.96 0.130903
-0.95 0.130862
-0.94 0.13082
-0.93 0.130777
-0.92 0.130734
-0.91 0.13069
-0.9 0.130646
-0.89 0.130602
-0.88 0.130556
-0.87 0.130511
-0.86 0.130465
-0.85 0.130418
-0.84 0.130371
-0.83 0.130324
-0.82 0.130277
-0.81 0.130229
-0.8 0.130181
-0.79 0.130132
-0.78 0.130084
-0.77 0.130035
-0.76 0.129987
-0.75 0.129938
-0.74 0.129889
-0.73 0.12984
-0.72 0.129791
-0.71 0.129742
-0.7 0.129692
-0.69 0.129643
-0.68 0.129594
-0.67 0.129546
-0.66 0.129497
-0.65 0.129448
-0.64 0.1294
-0.63 0.129352
-0.62 0.129304
-0.61 0.129256
-0.6 0.129208
-0.59 0.129161
-0.58 0.129114
-0.57 0.129068
-0.56 0.129021
-0.55 0.128976
-0.54 0.12893
-0.53 0.128885
-0.52 0.128841
-0.51 0.128797
-0.5 0.128753
-0.49 0.12871
-0.48 0.128667
-0.47 0.128625
-0.46 0.128584
-0.45 0.128543
-0.44 0.128503
-0.43 0.128463
-0.42 0.128424
-0.41 0.128386
-0.4 0.128348
-0.39 0.128312
-0.38 0.128275
-0.37 0.12824
-0.36 0.128205
-0.35 0.128171
-0.34 0.128138
-0.33 0.128106
-0.32 0.128074
-0.31 0.128043
-0.3 0.128014
-0.29 0.127984
-0.28 0.127956
-0.27 0.127929
-0.26 0.127903
-0.25 0.127877
-0.24 0.127852
-0.23 0.127829
-0.22 0.127806
-0.21 0.127784
-0.2 0.127763
-0.19 0.127743
-0.18 0.127724
-0.17 0.127706
-0.16 0.127689
-0.15 0.127673
-0.14 0.127658
-0.13 0.127644
-0.12 0.127631
-0.11 0.12762
-0.1 0.127609
-0.09 0.127599
-0.08 0.12759
-0.07 0.127582
-0.06 0.127575
-0.05 0.127569
-0.04 0.127565
-0.03 0.127561
-0.02 0.127558
-0.01 0.127557
0 0.127556
0.01 0.127557
0.02 0.127558
0.03 0.127561
0.04 0.127565
0.05 0.127569
0.06 0.127575
0.07 0.127582
0.08 0.12759
0.09 0.127599
0.1 0.127609
0.11 0.12762
0.12 0.127631
0.13 0.127644
0.14 0.127658
0.15 0.127673
0.16 0.127689
0.17 0.127706
0.18 0.127724
0.19 0.127743
0.2 0.127763
0.21 0.127784
0.22 0.127806
0.23 0.127829
0.24 0.127852
0.25 0.127877
0.26 0.127903
0.27 0.127929
0.28 0.127956
0.29 0.127984
0.3 0.128014
0.31 0.128043
0.32 0.128074
0.33 0.128106
0.34 0.128138
0.35 0.128171
0.36 0.128205
0.37 0.12824
0.38 0.128275
0.39 0.128312
0.4 0.128348
0.41 0.128386
0.42 0.128424
0.43 0.128463
0.44 0.128503
0.45 0.128543
0.46 0.128584
0.47 0.128625
0.48 0.128667
0.49 0.12871
0.5 0.128753
0.51 0.128797
0.52 0.128841
0.53 0.128885
0.54 0.12893
0.55 0.128976
0.56 0.129021
0.57 0.129068
0.58 0.129114
0.59 0.129161
0.6 0.129208
0.61 0.129256
0.62 0.129304
0.63 0.129352
0.64 0.1294
0.65 0.129448
0.66 0.129497
0.67 0.129546
0.68 0.129594
0.69 0.129643
0.7 0.129692
0.71 0.129742
0.72 0.129791
0.73 0.12984
0.74 0.129889
0.75 0.129938
0.76 0.129987
0.77 0.130035
0.78 0.130084
0.79 0.130132
0.8 0.130181
0.81 0.130229
0.82 0.130277
0.83 0.130324
0.84 0.130371
0.85 0.130418
0.86 0.130465
0.87 0.130511
0.88 0.130556
0.89 0.130602
0.9 0.130646
0.91 0.13069
0.92 0.130734
0.93 0.130777
0.94 0.13082
0.95 0.130862
0.96 0.130903
0.97 0.130943
0.98 0.130983
0.99 0.131022
1 0.131061
1.01 0.131098
1.02 0.131135
1.03 0.131171
1.04 0.131206
1.05 0.13124
1.06 0.131273
1.07 0.131305
1.08 0.131336
1.09 0.131366
1.1 0.131395
1.11 0.131423
1.12 0.131449
1.13 0.131475
1.14 0.131499
1.15 0.131522
1.16 0.131544
1.17 0.131565
1.18 0.131584
1.19 0.131602
1.2 0.131619
1.21 0.131634
1.22 0.131648
1.23 0.13166
1.24 0.131671
1.25 0.131681
1.26 0.131689
1.27 0.131695
1.28 0.1317
1.29 0.131703
1.3 0.131704
1.31 0.131704
1.32 0.131702
1.33 0.131699
1.34 0.131693
1.35 0.131686
1.36 0.131677
1.37 0.131667
1.38 0.131654
1.39 0.13164
1.4 0.131623
1.41 0.131605
1.42 0.131585
1.43 0.131562
1.44 0.131538
1.45 0.131512
1.46 0.131484
1.47 0.131453
1.48 0.131421
1.49 0.131386
1.5 0.131349
1.51 0.131311
1.52 0.131269
1.53 0.131226
1.54 0.131181
1.55 0.131133
1.56 0.131083
1.57 0.13103
1.58 0.130976
1.59 0.130919
1.6 0.130859
1.61 0.130798
1.62 0.130733
1.63 0.130667
1.64 0.130598
1.65 0.130526
1.66 0.130453
1.67 0.130376
1.68 0.130297
1.69 0.130216
1.7 0.130132
1.71 0.130045
1.72 0.129956
1.73 0.129865
1.74 0.129771
1.75 0.129674
1.76 0.129574
1.77 0.129472
1.78 0.129367
1.79 0.12926
1.8 0.12915
1.81 0.129037
1.82 0.128921
1.83 0.128803
1.84 0.128682
1.85 0.128559
1.86 0.128432
1.87 0.128303
1.88 0.128171
1.89 0.128036
1.9 0.127899
1.91 0.127759
1.92 0.127615
1.93 0.12747
1.94 0.127321
1.95 0.127169
1.96 0.127015
1.97 0.126858
1.98 0.126698
1.99 0.126535
2 0.126369
2.01 0.126201
2.02 0.126029
2.03 0.125855
2.04 0.125678
2.05 0.125498
2.06 0.125315
2.07 0.125129
2.08 0.124941
2.09 0.124749
2.1 0.124555
2.11 0.124358
2.12 0.124158
2.13 0.123955
2.14 0.123749
2.15 0.123541
2.16 0.123329
2.17 0.123115
2.18 0.122898
2.19 0.122678
2.2 0.122455
2.21 0.122229
2.22 0.122
2.23 0.121769
2.24 0.121535
2.25 0.121298
2.26 0.121058
2.27 0.120815
2.28 0.12057
2.29 0.120322
2.3 0.120071
2.31 0.119817
2.32 0.119561
2.33 0.119301
2.34 0.119039
2.35 0.118774
2.36 0.118507
2.37 0.118237
2.38 0.117964
2.39 0.117688
2.4 0.11741
2.41 0.117129
2.42 0.116846
2.43 0.116559
2.44 0.11627
2.45 0.115979
2.46 0.115685
2.47 0.115388
2.48 0.115089
2.49 0.114787
2.5 0.114483
2.51 0.114176
2.52 0.113867
2.53 0.113555
2.54 0.113241
2.55 0.112924
2.56 0.112605
2.57 0.112283
2.58 0.111959
2.59 0.111633
2.6 0.111304
2.61 0.110973
2.62 0.11064
2.63 0.110304
2.64 0.109966
2.65 0.109626
2.66 0.109283
2.67 0.108939
2.68 0.108592
2.69 0.108243
2.7 0.107891
2.71 0.107538
2.72 0.107182
2.73 0.106825
2.74 0.106465
2.75 0.106103
2.76 0.10574
2.77 0.105374
2.78 0.105006
2.79 0.104637
2.8 0.104265
2.81 0.103892
2.82 0.103516
2.83 0.103139
2.84 0.10276
2.85 0.102379
2.86 0.101997
2.87 0.101612
2.88 0.101226
2.89 0.100838
2.9 0.100449
2.91 0.100058
2.92 0.099665
2.93 0.0992707
2.94 0.0988748
2.95 0.0984773
2.96 0.0980784
2.97 0.097678
2.98 0.0972761
2.99 0.0968727
3 0.096468
3.01 0.0960619
3.02 0.0956545
3.03 0.0952457
3.04 0.0948356
3.05 0.0944243
3.06 0.0940117
3.07 0.093598
3.08 0.093183
3.09 0.0927669
3.1 0.0923497
3.11 0.0919314
3.12 0.091512
3.13 0.0910916
3.14 0.0906701
3.15 0.0902477
3.16 0.0898244
3.17 0.0894001
3.18 0.0889749
3.19 0.0885489
3.2 0.088122
3.21 0.0876943
3.22 0.0872659
3.23 0.0868367
3.24 0.0864068
3.25 0.0859762
3.26 0.0855449
3.27 0.085113
3.28 0.0846805
3.29 0.0842474
3.3 0.0838138
3.31 0.0833797
3.32 0.0829451
3.33 0.08251
3.34 0.0820745
3.35 0.0816386
3.36 0.0812023
3.37 0.0807657
3.38 0.0803287
3.39 0.0798915
3.4 0.079454
3.41 0.0790163
3.42 0.0785784
3.43 0.0781403
3.44 0.0777021
3.45 0.0772638
3.46 0.0768254
3.47 0.0763869
3.48 0.0759483
3.49 0.0755098
3.5 0.0750713
3.51 0.0746329
3.52 0.0741945
3.53 0.0737562
3.54 0.0733181
3.55 0.0728801
3.56 0.0724423
3.57 0.0720047
3.58 0.0715674
3.59 0.0711303
3.6 0.0706935
3.61 0.0702571
3.62 0.069821
3.63 0.0693852
3.64 0.0689498
3.65 0.0685149
3.66 0.0680804
3.67 0.0676464
3.68 0.0672129
3.69 0.0667799
3.7 0.0663474
3.71 0.0659155
3.72 0.0654842
3.73 0.0650536
3.74 0.0646236
3.75 0.0641942
3.76 0.0637655
3.77 0.0633376
3.78 0.0629103
3.79 0.0624839
3.8 0.0620582
3.81 0.0616333
3.82 0.0612093
3.83 0.0607861
3.84 0.0603638
3.85 0.0599423
3.86 0.0595218
3.87 0.0591022
3.88 0.0586836
3.89 0.058266
3.9 0.0578493
3.91 0.0574337
3.92 0.0570191
3.93 0.0566056
3.94 0.0561931
3.95 0.0557818
3.96 0.0553715
3.97 0.0549624
3.98 0.0545545
3.99 0.0541477
4 0.0537421
4.01 0.0533378
4.02 0.0529346
4.03 0.0525328
4.04 0.0521321
4.05 0.0517328
4.06 0.0513347
4.07 0.050938
4.08 0.0505426
4.09 0.0501485
4.1 0.0497559
4.11 0.0493645
4.12 0.0489746
4.13 0.0485861
4.14 0.048199
4.15 0.0478134
4.16 0.0474292
4.17 0.0470465
4.18 0.0466652
4.19 0.0462855
4.2 0.0459072
4.21 0.0455305
4.22 0.0451553
4.23 0.0447817
4.24 0.0444096
4.25 0.0440391
4.26 0.0436702
4.27 0.0433029
4.28 0.0429372
4.29 0.0425731
4.3 0.0422106
4.31 0.0418498
4.32 0.0414906
4.33 0.0411331
4.34 0.0407773
4.35 0.0404231
4.36 0.0400706
4.37 0.0397199
4.38 0.0393708
4.39 0.0390235
4.4 0.0386779
4.41 0.038334
4.42 0.0379918
4.43 0.0376514
4.44 0.0373128
4.45 0.0369759
4.46 0.0366408
4.47 0.0363075
4.48 0.035976
4.49 0.0356462
4.5 0.0353183
4.51 0.0349922
4.52 0.0346678
4.53 0.0343453
4.54 0.0340246
4.55 0.0337057
4.56 0.0333887
4.57 0.0330735
4.58 0.0327601
4.59 0.0324486
4.6 0.0321389
4.61 0.0318311
4.62 0.0315251
4.63 0.031221
4.64 0.0309187
4.65 0.0306183
4.66 0.0303198
4.67 0.0300231
4.68 0.0297283
4.69 0.0294354
4.7 0.0291443
4.71 0.0288551
4.72 0.0285678
4.73 0.0282824
4.74 0.0279989
4.75 0.0277172
4.76 0.0274374
4.77 0.0271595
4.78 0.0268834
4.79 0.0266093
4.8 0.026337
4.81 0.0260666
4.82 0.0257981
4.83 0.0255314
4.84 0.0252667
4.85 0.0250038
4.86 0.0247427
4.87 0.0244836
4.88 0.0242263
4.89 0.0239709
4.9 0.0237173
4.91 0.0234657
4.92 0.0232158
4.93 0.0229679
4.94 0.0227218
4.95 0.0224775
4.96 0.0222351
4.97 0.0219945
4.98 0.0217558
4.99 0.021519
5 0.0212839
5.01 0.0210507
5.02 0.0208193
5.03 0.0205898
5.04 0.020362
5.05 0.0201361
5.06 0.019912
5.07 0.0196897
5.08 0.0194692
5.09 0.0192505
5.1 0.0190336
5.11 0.0188185
5.12 0.0186052
5.13 0.0183936
5.14 0.0181838
5.15 0.0179758
5.16 0.0177695
5.17 0.017565
5.18 0.0173622
5.19 0.0171612
5.2 0.0169619
5.21 0.0167643
5.22 0.0165685
5.23 0.0163744
5.24 0.0161819
5.25 0.0159912
5.26 0.0158022
5.27 0.0156149
5.28 0.0154292
5.29 0.0152452
5.3 0.0150629
5.31 0.0148823
5.32 0.0147033
5.33 0.0145259
5.34 0.0143502
5.35 0.0141761
5.36 0.0140037
5.37 0.0138328
5.38 0.0136636
5.39 0.0134959
5.4 0.0133299
5.41 0.0131654
5.42 0.0130025
5.43 0.0128412
5.44 0.0126814
5.45 0.0125232
5.46 0.0123665
5.47 0.0122113
5.48 0.0120577
5.49 0.0119056
5.5 0.011755
5.51 0.0116059
5.52 0.0114583
5.53 0.0113121
5.54 0.0111675
5.55 0.0110243
5.56 0.0108825
5.57 0.0107422
5.58 0.0106034
5.59 0.0104659
5.6 0.0103299
5.61 0.0101953
5.62 0.0100621
5.63 0.00993032
5.64 0.0097999
5.65 0.00967085
5.66 0.00954317
5.67 0.00941684
5.68 0.00929186
5.69 0.00916821
5.7 0.0090459
5.71 0.0089249
5.72 0.00880521
5.73 0.00868683
5.74 0.00856973
5.75 0.00845392
5.76 0.00833938
5.77 0.0082261
5.78 0.00811408
5.79 0.0080033
5.8 0.00789376
5.81 0.00778544
5.82 0.00767835
5.83 0.00757246
5.84 0.00746776
5.85 0.00736426
5.86 0.00726194
5.87 0.00716079
5.88 0.0070608
5.89 0.00696196
5.9 0.00686426
5.91 0.0067677
5.92 0.00667226
5.93 0.00657794
5.94 0.00648472
5.95 0.00639261
5.96 0.00630157
5.97 0.00621162
5.98 0.00612274
5.99 0.00603491
