-6 1.06002e-36
-5.99 1.53408e-36
-5.98 2.21829e-36
-5.97 3.205e-36
-5.96 4.62675e-36
-5.95 6.67364e-36
-5.94 9.61808e-36
-5.93 1.38501e-35
-5.92 1.99276e-35
-5.91 2.86482e-35
-5.9 4.11507e-35
-5.89 5.90603e-35
-5.88 8.4694e-35
-5.87 1.21352e-34
-5.86 1.73733e-34
-5.85 2.48517e-34
-5.84 3.55196e-34
-5.83 5.07245e-34
-5.82 7.2378e-34
-5.81 1.03189e-33
-5.8 1.46994e-33
-5.79 2.09221e-33
-5.78 2.97542e-33
-5.77 4.22795e-33
-5.76 6.00275e-33
-5.75 8.51548e-33
-5.74 1.207e-32
-5.73 1.7094e-32
-5.72 2.4189e-32
-5.71 3.42004e-32
-5.7 4.83152e-32
-5.69 6.81984e-32
-5.68 9.61841e-32
-5.67 1.35541e-31
-5.66 1.90844e-31
-5.65 2.68487e-31
-5.64 3.77404e-31
-5.63 5.30065e-31
-5.62 7.43857e-31
-5.61 1.04301e-30
-5.6 1.46126e-30
-5.59 2.04552e-30
-5.58 2.86101e-30
-5.57 3.99828e-30
-5.56 5.58297e-30
-5.55 7.78927e-30
-5.54 1.08584e-29
-5.53 1.51243e-29
-5.52 2.10485e-29
-5.51 2.9269e-29
-5.5 4.0666e-29
-5.49 5.64539e-29
-5.48 7.83061e-29
-5.47 1.08526e-28
-5.46 1.50284e-28
-5.45 2.07937e-28
-5.44 2.87466e-28
-5.43 3.97083e-28
-5.42 5.48042e-28
-5.41 7.55763e-28
-5.4 1.04135e-27
-5.39 1.43365e-27
-5.38 1.97211e-27
-5.37 2.71055e-27
-5.36 3.72239e-27
-5.35 5.1077e-27
-5.34 7.00273e-27
-5.33 9.59285e-27
-5.32 1.31301e-26
-5.31 1.79566e-26
-5.3 2.45369e-26
-5.29 3.35008e-26
-5.28 4.57013e-26
-5.27 6.22932e-26
-5.26 8.48382e-26
-5.25 1.15446e-25
-5.24 1.56967e-25
-5.23 2.13243e-25
-5.22 2.89454e-25
-5.21 3.92576e-25
-5.2 5.31993e-25
-5.19 7.20322e-25
-5.18 9.74509e-25
-5.17 1.3173e-24
-5.16 1.77918e-24
-5.15 2.40102e-24
-5.14 3.2375e-24
-5.13 4.36176e-24
-5.12 5.87156e-24
-5.11 7.89738e-24
-5.1 1.06133e-23
-5.09 1.42514e-23
-5.08 1.91207e-23
-5.07 2.56323e-23
-5.06 3.43329e-23
-5.05 4.59485e-23
-5.04 6.14429e-23
-5.03 8.20937e-23
-5.02 1.09594e-22
-5.01 1.46185e-22
-5 1.94831e-22
-4.99 2.59448e-22
-4.98 3.45208e-22
-4.97 4.58935e-22
-4.96 6.09621e-22
-4.95 8.0911e-22
-4.94 1.07298e-21
-4.93 1.42173e-21
-4.92 1.88227e-21
-4.91 2.48991e-21
-4.9 3.29096e-21
-4.89 4.34612e-21
-4.88 5.73482e-21
-4.87 7.56094e-21
-4.86 9.96026e-21
-4.85 1.311e-20
-4.84 1.72415e-20
-4.83 2.26562e-20
-4.82 2.97465e-20
-4.81 3.90232e-20
-4.8 5.11505e-20
-4.79 6.69907e-20
-4.78 8.76634e-20
-4.77 1.1462e-19
-4.76 1.49741e-19
-4.75 1.95461e-19
-4.74 2.54929e-19
-4.73 3.32212e-19
-4.72 4.32564e-19
-4.71 5.62761e-19
-4.7 7.31537e-19
-4.69 9.5014e-19
-4.68 1.23304e-18
-4.67 1.59884e-18
-4.66 2.07144e-18
-4.65 2.6815e-18
-4.64 3.46834e-18
-4.63 4.48233e-18
-4.62 5.78796e-18
-4.61 7.46767e-18
-4.6 9.62684e-18
-4.59 1.24e-17
-4.58 1.59587e-17
-4.57 2.05216e-17
-4.56 2.63672e-17
-4.55 3.38497e-17
-4.54 4.34195e-17
-4.53 5.56485e-17
-4.52 7.12625e-17
-4.51 9.11815e-17
-4.5 1.16571e-16
-4.49 1.48907e-16
-4.48 1.90054e-16
-4.47 2.42369e-16
-4.46 3.08827e-16
-4.45 3.93181e-16
-4.44 5.0016e-16
-4.43 6.35716e-16
-4.42 8.0734e-16
-4.41 1.02444e-15
-4.4 1.29885e-15
-4.39 1.64539e-15
-4.38 2.08265e-15
-4.37 2.63392e-15
-4.36 3.32834e-15
-4.35 4.20233e-15
-4.34 5.30143e-15
-4.33 6.68241e-15
-4.32 8.41614e-15
-4.31 1.05908e-14
-4.3 1.33164e-14
-4.29 1.67295e-14
-4.28 2.09998e-14
-4.27 2.63383e-14
-4.26 3.30065e-14
-4.25 4.13284e-14
-4.24 5.17055e-14
-4.23 6.46344e-14
-4.22 8.07289e-14
-4.21 1.00747e-13
-4.2 1.25625e-13
-4.19 1.56515e-13
-4.18 1.94839e-13
-4.17 2.42346e-13
-4.16 3.01184e-13
-4.15 3.73997e-13
-4.14 4.64025e-13
-4.13 5.75247e-13
-4.12 7.12535e-13
-4.11 8.81853e-13
-4.1 1.0905e-12
-4.09 1.34739e-12
-4.08 1.6634e-12
-4.07 2.05183e-12
-4.06 2.52886e-12
-4.05 3.1142e-12
-4.04 3.83184e-12
-4.03 4.71092e-12
-4.02 5.78686e-12
-4.01 7.10263e-12
-4 8.71031e-12
-3.99 1.0673e-11
-3.98 1.30671e-11
-3.97 1.59849e-11
-3.96 1.95379e-11
-3.95 2.38609e-11
-3.94 2.9116e-11
-3.93 3.54991e-11
-3.92 4.32455e-11
-3.91 5.26384e-11
-3.9 6.40182e-11
-3.89 7.77934e-11
-3.88 9.4454e-11
-3.87 1.14587e-10
-3.86 1.38897e-10
-3.85 1.68223e-10
-3.84 2.03572e-10
-3.83 2.46144e-10
-3.82 2.97371e-10
-3.81 3.5896e-10
-3.8 4.32946e-10
-3.79 5.21745e-10
-3.78 6.28236e-10
-3.77 7.55832e-10
-3.76 9.08586e-10
-3.75 1.0913e-09
-3.74 1.30968e-09
-3.73 1.57044e-09
-3.72 1.88155e-09
-3.71 2.25243e-09
-3.7 2.69416e-09
-3.69 3.21984e-09
-3.68 3.8449e-09
-3.67 4.58747e-09
-3.66 5.46891e-09
-3.65 6.51428e-09
-3.64 7.75301e-09
-3.63 9.21963e-09
-3.62 1.09546e-08
-3.61 1.30051e-08
-3.6 1.54267e-08
-3.59 1.8284e-08
-3.58 2.16525e-08
-3.57 2.56202e-08
-3.56 3.02897e-08
-3.55 3.57805e-08
-3.54 4.22316e-08
-3.53 4.98042e-08
-3.52 5.86859e-08
-3.51 6.9094e-08
-3.5 8.12802e-08
-3.49 9.55363e-08
-3.48 1.12199e-07
-3.47 1.31659e-07
-3.46 1.54365e-07
-3.45 1.80837e-07
-3.44 2.11673e-07
-3.43 2.47559e-07
-3.42 2.8929e-07
-3.41 3.37773e-07
-3.4 3.94054e-07
-3.39 4.59331e-07
-3.38 5.34975e-07
-3.37 6.22559e-07
-3.36 7.23878e-07
-3.35 8.40987e-07
-3.34 9.7623e-07
-3.33 1.13228e-06
-3.32 1.31218e-06
-3.31 1.5194e-06
-3.3 1.75787e-06
-3.29 2.03209e-06
-3.28 2.34713e-06
-3.27 2.70876e-06
-3.26 3.1235e-06
-3.25 3.59875e-06
-3.24 4.14286e-06
-3.23 4.76526e-06
-3.22 5.47662e-06
-3.21 6.28893e-06
-3.2 7.21572e-06
-3.19 8.2722e-06
-3.18 9.47548e-06
-3.17 1.08448e-05
-3.16 1.24016e-05
-3.15 1.41701e-05
-3.14 1.61774e-05
-3.13 1.84536e-05
-3.12 2.10326e-05
-3.11 2.39521e-05
-3.1 2.72541e-05
-3.09 3.09856e-05
-3.08 3.51986e-05
-3.07 3.99513e-05
-3.06 4.53079e-05
-3.05 5.134e-05
-3.04 5.81268e-05
-3.03 6.5756e-05
-3.02 7.43247e-05
-3.01 8.39401e-05
-3 9.47206e-05
-2.99 0.000106797
-2.98 0.000120312
-2.97 0.000135426
-2.96 0.000152311
-2.95 0.000171159
-2.94 0.000192179
-2.93 0.000215601
-2.92 0.000241676
-2.91 0.00027068
-2.9 0.000302913
-2.89 0.000338702
-2.88 0.000378404
-2.87 0.000422408
-2.86 0.000471137
-2.85 0.000525051
-2.84 0.000584648
-2.83 0.000650467
-2.82 0.000723095
-2.81 0.000803163
-2.8 0.000891355
-2.79 0.000988409
-2.78 0.00109512
-2.77 0.00121234
-2.76 0.00134099
-2.75 0.00148206
-2.74 0.0016366
-2.73 0.00180576
-2.72 0.00199075
-2.71 0.00219286
-2.7 0.00241348
-2.69 0.00265409
-2.68 0.00291626
-2.67 0.00320166
-2.66 0.00351207
-2.65 0.00384936
-2.64 0.00421554
-2.63 0.00461272
-2.62 0.00504311
-2.61 0.00550908
-2.6 0.0060131
-2.59 0.00655777
-2.58 0.00714583
-2.57 0.00778014
-2.56 0.00846371
-2.55 0.00919969
-2.54 0.00999134
-2.53 0.0108421
-2.52 0.0117555
-2.51 0.0127353
-2.5 0.0137852
-2.49 0.0149093
-2.48 0.0161116
-2.47 0.0173964
-2.46 0.0187681
-2.45 0.020231
-2.44 0.0217899
-2.43 0.0234493
-2.42 0.0252141
-2.41 0.0270892
-2.4 0.0290795
-2.39 0.0311901
-2.38 0.0334261
-2.37 0.0357925
-2.36 0.0382947
-2.35 0.0409376
-2.34 0.0437265
-2.33 0.0466666
-2.32 0.049763
-2.31 0.0530207
-2.3 0.0564446
-2.29 0.0600397
-2.28 0.0638106
-2.27 0.0677619
-2.26 0.0718981
-2.25 0.0762233
-2.24 0.0807414
-2.23 0.0854562
-2.22 0.0903712
-2.21 0.0954892
-2.2 0.100813
-2.19 0.106346
-2.18 0.112088
-2.17 0.118043
-2.16 0.12421
-2.15 0.130591
-2.14 0.137185
-2.13 0.143993
-2.12 0.151013
-2.11 0.158243
-2.1 0.165681
-2.09 0.173325
-2.08 0.181171
-2.07 0.189214
-2.06 0.19745
-2.05 0.205873
-2.04 0.214477
-2.03 0.223254
-2.02 0.232197
-2.01 0.241298
-2 0.250547
-1.99 0.259934
-1.98 0.269449
-1.97 0.279079
-1.96 0.288813
-1.95 0.298638
-1.94 0.30854
-1.93 0.318506
-1.92 0.32852
-1.91 0.338567
-1.9 0.348631
-1.89 0.358695
-1.88 0.368743
-1.87 0.378758
-1.86 0.38872
-1.85 0.398613
-1.84 0.408418
-1.83 0.418115
-1.82 0.427687
-1.81 0.437114
-1.8 0.446378
-1.79 0.455458
-1.78 0.464337
-1.77 0.472995
-1.76 0.481413
-1.75 0.489574
-1.74 0.497459
-1.73 0.505051
-1.72 0.512332
-1.71 0.519285
-1.7 0.525895
-1.69 0.532147
-1.68 0.538025
-1.67 0.543515
-1.66 0.548604
-1.65 0.553281
-1.64 0.557533
-1.63 0.561351
-1.62 0.564724
-1.61 0.567646
-1.6 0.570108
-1.59 0.572104
-1.58 0.57363
-1.57 0.574681
-1.56 0.575255
-1.55 0.575351
-1.54 0.574969
-1.53 0.574108
-1.52 0.572772
-1.51 0.570964
-1.5 0.568689
-1.49 0.565951
-1.48 0.562757
-1.47 0.559117
-1.46 0.555038
-1.45 0.55053
-1.44 0.545605
-1.43 0.540274
-1.42 0.53455
-1.41 0.528446
-1.4 0.521978
-1.39 0.515161
-1.38 0.508009
-1.37 0.50054
-1.36 0.49277
-1.35 0.484718
-1.34 0.476401
-1.33 0.467836
-1.32 0.459044
-1.31 0.450042
-1.3 0.44085
-1.29 0.431486
-1.28 0.42197
-1.27 0.412321
-1.26 0.402557
-1.25 0.392697
-1.24 0.38276
-1.23 0.372765
-1.22 0.362728
-1.21 0.352668
-1.2 0.342602
-1.19 0.332546
-1.18 0.322517
-1.17 0.31253
-1.16 0.302601
-1.15 0.292743
-1.14 0.282971
-1.13 0.273297
-1.12 0.263735
-1.11 0.254296
-1.1 0.24499
-1.09 0.235829
-1.08 0.226821
-1.07 0.217976
-1.06 0.209302
-1.05 0.200806
-1.04 0.192494
-1.03 0.184373
-1.02 0.176448
-1.01 0.168722
-1 0.161201
-0.99 0.153887
-0.98 0.146783
-0.97 0.13989
-0.96 0.13321
-0.95 0.126744
-0.94 0.120491
-0.93 0.114451
-0.92 0.108624
-0.91 0.103007
-0.9 0.0976
-0.89 0.0923997
-0.88 0.0874037
-0.87 0.0826091
-0.86 0.0780126
-0.85 0.0736105
-0.84 0.0693991
-0.83 0.0653743
-0.82 0.0615317
-0.81 0.0578668
-0.8 0.0543749
-0.79 0.0510513
-0.78 0.0478911
-0.77 0.0448891
-0.76 0.0420404
-0.75 0.0393397
-0.74 0.036782
-0.73 0.034362
-0.72 0.0320746
-0.71 0.0299147
-0.7 0.0278771
-0.69 0.0259567
-0.68 0.0241487
-0.67 0.022448
-0.66 0.0208498
-0.65 0.0193495
-0.64 0.0179423
-0.63 0.0166238
-0.62 0.0153895
-0.61 0.0142352
-0.6 0.0131568
-0.59 0.0121501
-0.58 0.0112113
-0.57 0.0103368
-0.56 0.00952274
-0.55 0.0087658
-0.54 0.00806263
-0.53 0.00741001
-0.52 0.0068049
-0.51 0.00624436
-0.5 0.00572563
-0.49 0.00524603
-0.48 0.00480304
-0.47 0.00439427
-0.46 0.00401743
-0.45 0.00367038
-0.44 0.00335106
-0.43 0.00305755
-0.42 0.00278804
-0.41 0.0025408
-0.4 0.00231423
-0.39 0.0021068
-0.38 0.0019171
-0.37 0.00174379
-0.36 0.00158562
-0.35 0.00144142
-0.34 0.0013101
-0.33 0.00119064
-0.32 0.00108209
-0.31 0.000983564
-0.3 0.000894239
-0.29 0.000813351
-0.28 0.000740191
-0.27 0.000674104
-0.26 0.00061448
-0.25 0.000560757
-0.24 0.000512416
-0.23 0.000468978
-0.22 0.000430001
-0.21 0.00039508
-0.2 0.000363842
-0.19 0.000335945
-0.18 0.000311074
-0.17 0.000288944
-0.16 0.000269293
-0.15 0.000251884
-0.14 0.000236498
-0.13 0.000222942
-0.12 0.000211036
-0.11 0.000200624
-0.1 0.000191561
-0.09 0.000183721
-0.08 0.000176993
-0.07 0.000171277
-0.06 0.00016649
-0.05 0.000162558
-0.04 0.000159422
-0.03 0.000157033
-0.02 0.000155352
-0.01 0.000154355
0 0.000154024
0.01 0.000154355
0.02 0.000155352
0.03 0.000157033
0.04 0.000159422
0.05 0.000162558
0.06 0.00016649
0.07 0.000171277
0.08 0.000176993
0.09 0.000183721
0.1 0.000191561
0.11 0.000200624
0.12 0.000211036
0.13 0.000222942
0.14 0.000236498
0.15 0.000251884
0.16 0.000269293
0.17 0.000288944
0.18 0.000311074
0.19 0.000335945
0.2 0.000363842
0.21 0.00039508
0.22 0.000430001
0.23 0.000468978
0.24 0.000512416
0.25 0.000560757
0.26 0.00061448
0.27 0.000674104
0.28 0.000740191
0.29 0.000813351
0.3 0.000894239
0.31 0.000983564
0.32 0.00108209
0.33 0.00119064
0.34 0.0013101
0.35 0.00144142
0.36 0.00158562
0.37 0.00174379
0.38 0.0019171
0.39 0.0021068
0.4 0.00231423
0.41 0.0025408
0.42 0.00278804
0.43 0.00305755
0.44 0.00335106
0.45 0.00367038
0.46 0.00401743
0.47 0.00439427
0.48 0.00480304
0.49 0.00524603
0.5 0.00572563
0.51 0.00624436
0.52 0.0068049
0.53 0.00741001
0.54 0.00806263
0.55 0.0087658
0.56 0.00952274
0.57 0.0103368
0.58 0.0112113
0.59 0.0121501
0.6 0.0131568
0.61 0.0142352
0.62 0.0153895
0.63 0.0166238
0.64 0.0179423
0.65 0.0193495
0.66 0.0208498
0.67 0.022448
0.68 0.0241487
0.69 0.0259567
0.7 0.0278771
0.71 0.0299147
0.72 0.0320746
0.73 0.034362
0.74 0.036782
0.75 0.0393397
0.76 0.0420404
0.77 0.0448891
0.78 0.0478911
0.79 0.0510513
0.8 0.0543749
0.81 0.0578668
0.82 0.0615317
0.83 0.0653743
0.84 0.0693991
0.85 0.0736105
0.86 0.0780126
0.87 0.0826091
0.88 0.0874037
0.89 0.0923997
0.9 0.0976
0.91 0.103007
0.92 0.108624
0.93 0.114451
0.94 0.120491
0.95 0.126744
0.96 0.13321
0.97 0.13989
0.98 0.146783
0.99 0.153887
1 0.161201
1.01 0.168722
1.02 0.176448
1.03 0.184373
1.04 0.192494
1.05 0.200806
1.06 0.209302
1.07 0.217976
1.08 0.226821
1.09 0.235829
1.1 0.24499
1.11 0.254296
1.12 0.263735
1.13 0.273297
1.14 0.282971
1.15 0.292743
1.16 0.302601
1.17 0.31253
1.18 0.322517
1.19 0.332546
1.2 0.342602
1.21 0.352668
1.22 0.362728
1.23 0.372765
1.24 0.38276
1.25 0.392697
1.26 0.402557
1.27 0.412321
1.28 0.42197
1.29 0.431486
1.3 0.44085
1.31 0.450042
1.32 0.459044
1.33 0.467836
1.34 0.476401
1.35 0.484718
1.36 0.49277
1.37 0.50054
1.38 0.508009
1.39 0.515161
1.4 0.521978
1.41 0.528446
1.42 0.53455
1.43 0.540274
1.44 0.545605
1.45 0.55053
1.46 0.555038
1.47 0.559117
1.48 0.562757
1.49 0.565951
1.5 0.568689
1.51 0.570964
1.52 0.572772
1.53 0.574108
1.54 0.574969
1.55 0.575351
1.56 0.575255
1.57 0.574681
1.58 0.57363
1.59 0.572104
1.6 0.570108
1.61 0.567646
1.62 0.564724
1.63 0.561351
1.64 0.557533
1.65 0.553281
1.66 0.548604
1.67 0.543515
1.68 0.538025
1.69 0.532147
1.7 0.525895
1.71 0.519285
1.72 0.512332
1.73 0.505051
1.74 0.497459
1.75 0.489574
1.76 0.481413
1.77 0.472995
1.78 0.464337
1.79 0.455458
1.8 0.446378
1.81 0.437114
1.82 0.427687
1.83 0.418115
1.84 0.408418
1.85 0.398613
1.86 0.38872
1.87 0.378758
1.88 0.368743
1.89 0.358695
1.9 0.348631
1.91 0.338567
1.92 0.32852
1.93 0.318506
1.94 0.30854
1.95 0.298638
1.96 0.288813
1.97 0.279079
1.98 0.269449
1.99 0.259934
2 0.250547
2.01 0.241298
2.02 0.232197
2.03 0.223254
2.04 0.214477
2.05 0.205873
2.06 0.19745
2.07 0.189214
2.08 0.181171
2.09 0.173325
2.1 0.165681
2.11 0.158243
2.12 0.151013
2.13 0.143993
2.14 0.137185
2.15 0.130591
2.16 0.12421
2.17 0.118043
2.18 0.112088
2.19 0.106346
2.2 0.100813
2.21 0.0954892
2.22 0.0903712
2.23 0.0854562
2.24 0.0807414
2.25 0.0762233
2.26 0.0718981
2.27 0.0677619
2.28 0.0638106
2.29 0.0600397
2.3 0.0564446
2.31 0.0530207
2.32 0.049763
2.33 0.0466666
2.34 0.0437265
2.35 0.0409376
2.36 0.0382947
2.37 0.0357925
2.38 0.0334261
2.39 0.0311901
2.4 0.0290795
2.41 0.0270892
2.42 0.0252141
2.43 0.0234493
2.44 0.0217899
2.45 0.020231
2.46 0.0187681
2.47 0.0173964
2.48 0.0161116
2.49 0.0149093
2.5 0.0137852
2.51 0.0127353
2.52 0.0117555
2.53 0.0108421
2.54 0.00999134
2.55 0.00919969
2.56 0.00846371
2.57 0.00778014
2.58 0.00714583
2.59 0.00655777
2.6 0.0060131
2.61 0.00550908
2.62 0.00504311
2.63 0.00461272
2.64 0.00421554
2.65 0.00384936
2.66 0.00351207
2.67 0.00320166
2.68 0.00291626
2.69 0.00265409
2.7 0.00241348
2.71 0.00219286
2.72 0.00199075
2.73 0.00180576
2.74 0.0016366
2.75 0.00148206
2.76 0.00134099
2.77 0.00121234
2.78 0.00109512
2.79 0.000988409
2.8 0.000891355
2.81 0.000803163
2.82 0.000723095
2.83 0.000650467
2.84 0.000584648
2.85 0.000525051
2.86 0.000471137
2.87 0.000422408
2.88 0.000378404
2.89 0.000338702
2.9 0.000302913
2.91 0.00027068
2.92 0.000241676
2.93 0.000215601
2.94 0.000192179
2.95 0.000171159
2.96 0.000152311
2.97 0.000135426
2.98 0.000120312
2.99 0.000106797
3 9.47206e-05
3.01 8.39401e-05
3.02 7.43247e-05
3.03 6.5756e-05
3.04 5.81268e-05
3.05 5.134e-05
3.06 4.53079e-05
3.07 3.99513e-05
3.08 3.51986e-05
3.09 3.09856e-05
3.1 2.72541e-05
3.11 2.39521e-05
3.12 2.10326e-05
3.13 1.84536e-05
3.14 1.61774e-05
3.15 1.41701e-05
3.16 1.24016e-05
3.17 1.08448e-05
3.18 9.47548e-06
3.19 8.2722e-06
3.2 7.21572e-06
3.21 6.28893e-06
3.22 5.47662e-06
3.23 4.76526e-06
3.24 4.14286e-06
3.25 3.59875e-06
3.26 3.1235e-06
3.27 2.70876e-06
3.28 2.34713e-06
3.29 2.03209e-06
3.3 1.75787e-06
3.31 1.5194e-06
3.32 1.31218e-06
3.33 1.13228e-06
3.34 9.7623e-07
3.35 8.40987e-07
3.36 7.23878e-07
3.37 6.22559e-07
3.38 5.34975e-07
3.39 4.59331e-07
3.4 3.94054e-07
3.41 3.37773e-07
3.42 2.8929e-07
3.43 2.47559e-07
3.44 2.11673e-07
3.45 1.80837e-07
3.46 1.54365e-07
3.47 1.31659e-07
3.48 1.12199e-07
3.49 9.55363e-08
3.5 8.12802e-08
3.51 6.9094e-08
3.52 5.86859e-08
3.53 4.98042e-08
3.54 4.22316e-08
3.55 3.57805e-08
3.56 3.02897e-08
3.57 2.56202e-08
3.58 2.16525e-08
3.59 1.8284e-08
3.6 1.54267e-08
3.61 1.30051e-08
3.62 1.09546e-08
3.63 9.21963e-09
3.64 7.75301e-09
3.65 6.51428e-09
3.66 5.46891e-09
3.67 4.58747e-09
3.68 3.8449e-09
3.69 3.21984e-09
3.7 2.69416e-09
3.71 2.25243e-09
3.72 1.88155e-09
3.73 1.57044e-09
3.74 1.30968e-09
3.75 1.0913e-09
3.76 9.08586e-10
3.77 7.55832e-10
3.78 6.28236e-10
3.79 5.21745e-10
3.8 4.32946e-10
3.81 3.5896e-10
3.82 2.97371e-10
3.83 2.46144e-10
3.84 2.03572e-10
3.85 1.68223e-10
3.86 1.38897e-10
3.87 1.14587e-10
3.88 9.4454e-11
3.89 7.77934e-11
3.9 6.40182e-11
3.91 5.26384e-11
3.92 4.32455e-11
3.93 3.54991e-11
3.94 2.9116e-11
3.95 2.38609e-11
3.96 1.95379e-11
3.97 1.59849e-11
3.98 1.30671e-11
3.99 1.0673e-11
4 8.71031e-12
4.01 7.10263e-12
4.02 5.78686e-12
4.03 4.71092e-12
4.04 3.83184e-12
4.05 3.1142e-12
4.06 2.52886e-12
4.07 2.05183e-12
4.08 1.6634e-12
4.09 1.34739e-12
4.1 1.0905e-12
4.11 8.81853e-13
4.12 7.12535e-13
4.13 5.75247e-13
4.14 4.64025e-13
4.15 3.73997e-13
4.16 3.01184e-13
4.17 2.42346e-13
4.18 1.94839e-13
4.19 1.56515e-13
4.2 1.25625e-13
4.21 1.00747e-13
4.22 8.07289e-14
4.23 6.46344e-14
4.24 5.17055e-14
4.25 4.13284e-14
4.26 3.30065e-14
4.27 2.63383e-14
4.28 2.09998e-14
4.29 1.67295e-14
4.3 1.33164e-14
4.31 1.05908e-14
4.32 8.41614e-15
4.33 6.68241e-15
4.34 5.30143e-15
4.35 4.20233e-15
4.36 3.32834e-15
4.37 2.63392e-15
4.38 2.08265e-15
4.39 1.64539e-15
4.4 1.29885e-15
4.41 1.02444e-15
4.42 8.0734e-16
4.43 6.35716e-16
4.44 5.0016e-16
4.45 3.93181e-16
4.46 3.08827e-16
4.47 2.42369e-16
4.48 1.90054e-16
4.49 1.48907e-16
4.5 1.16571e-16
4.51 9.11815e-17
4.52 7.12625e-17
4.53 5.56485e-17
4.54 4.34195e-17
4.55 3.38497e-17
4.56 2.63672e-17
4.57 2.05216e-17
4.58 1.59587e-17
4.59 1.24e-17
4.6 9.62684e-18
4.61 7.46767e-18
4.62 5.78796e-18
4.63 4.48233e-18
4.64 3.46834e-18
4.65 2.6815e-18
4.66 2.07144e-18
4.67 1.59884e-18
4.68 1.23304e-18
4.69 9.5014e-19
4.7 7.31537e-19
4.71 5.62761e-19
4.72 4.32564e-19
4.73 3.32212e-19
4.74 2.54929e-19
4.75 1.95461e-19
4.76 1.49741e-19
4.77 1.1462e-19
4.78 8.76634e-20
4.79 6.69907e-20
4.8 5.11505e-20
4.81 3.90232e-20
4.82 2.97465e-20
4.83 2.26562e-20
4.84 1.72415e-20
4.85 1.311e-20
4.86 9.96026e-21
4.87 7.56094e-21
4.88 5.73482e-21
4.89 4.34612e-21
4.9 3.29096e-21
4.91 2.48991e-21
4.92 1.88227e-21
4.93 1.42173e-21
4.94 1.07298e-21
4.95 8.0911e-22
4.96 6.09621e-22
4.97 4.58935e-22
4.98 3.45208e-22
4.99 2.59448e-22
5 1.94831e-22
5.01 1.46185e-22
5.02 1.09594e-22
5.03 8.20937e-23
5.04 6.14429e-23
5.05 4.59485e-23
5.06 3.43329e-23
5.07 2.56323e-23
5.08 1.91207e-23
5.09 1.42514e-23
5.1 1.06133e-23
5.11 7.89738e-24
5.12 5.87156e-24
5.13 4.36176e-24
5.14 3.2375e-24
5.15 2.40102e-24
5.16 1.77918e-24
5.17 1.3173e-24
5.18 9.74509e-25
5.19 7.20322e-25
5.2 5.31993e-25
5.21 3.92576e-25
5.22 2.89454e-25
5.23 2.13243e-25
5.24 1.56967e-25
5.25 1.15446e-25
5.26 8.48382e-26
5.27 6.22932e-26
5.28 4.57013e-26
5.29 3.35008e-26
5.3 2.45369e-26
5.31 1.79566e-26
5.32 1.31301e-26
5.33 9.59285e-27
5.34 7.00273e-27
5.35 5.1077e-27
5.36 3.72239e-27
5.37 2.71055e-27
5.38 1.97211e-27
5.39 1.43365e-27
5.4 1.04135e-27
5.41 7.55763e-28
5.42 5.48042e-28
5.43 3.97083e-28
5.44 2.87466e-28
5.45 2.07937e-28
5.46 1.50284e-28
5.47 1.08526e-28
5.48 7.83061e-29
5.49 5.64539e-29
5.5 4.0666e-29
5.51 2.9269e-29
5.52 2.10485e-29
5.53 1.51243e-29
5.54 1.08584e-29
5.55 7.78927e-30
5.56 5.58297e-30
5.57 3.99828e-30
5.58 2.86101e-30
5.59 2.04552e-30
5.6 1.46126e-30
5.61 1.04301e-30
5.62 7.43857e-31
5.63 5.30065e-31
5.64 3.77404e-31
5.65 2.68487e-31
5.66 1.90844e-31
5.67 1.35541e-31
5.68 9.61841e-32
5.69 6.81984e-32
5.7 4.83152e-32
5.71 3.42004e-32
5.72 2.4189e-32
5.73 1.7094e-32
5.74 1.207e-32
5.75 8.51548e-33
5.76 6.00275e-33
5.77 4.22795e-33
5.78 2.97542e-33
5.79 2.09221e-33
5.8 1.46994e-33
5.81 1.03189e-33
5.82 7.2378e-34
5.83 5.07245e-34
5.84 3.55196e-34
5.85 2.48517e-34
5.86 1.73733e-34
5.87 1.21352e-34
5.88 8.4694e-35
5.89 5.90603e-35
5.9 4.11507e-35
5.91 2.86482e-35
5.92 1.99276e-35
5.93 1.38501e-35
5.94 9.61808e-36
5.95 6.67364e-36
5.96 4.62675e-36
5.97 3.205e-36
5.98 2.21829e-36
5.99 1.53408e-36
