6.08304 0 2.54913 81.7719 0 13.6692 -6.65754 7.45008 1599.38 0 182.407 -80.5725 103.668 -17.1342 24.0879 40441.4 -9621.31 3701.31 -2716.94 717.525 -308.362 0 42.5234 0.0729019 0 205.762 4.75309 37.9314 18.211 0 1114.76 397.639 193.619 132.843 56.9664 3.3266 0.0182549 1.98788 -1.5851 1.49174 0.28852 1.01628 0.201298 -0.400819 0.99319 0.893993 
6.24919 0 1.12671e-05 85.17 0 0.747735 2.0719e-05 1.28815e-09 1685.66 0 28.2963 1.40427 5.23139e-05 6.14387e-09 3.73761e-11 43111.6 7207.72 967.166 88.9615 3.56684 0.000164275 0 48.1821 0.304745 0 232.658 0.849636 5.37013 0.51239 0 1258.93 313.112 52.2273 2.85426 0.191772 0.509436 9.30285e-06 1.99982 -0.00333795 1.49999 0.000255602 0.989214 0.0802869 0.535622 0.991823 0.69075 
0.170604 0 6.20587 0.0324149 0 0.724373 -0.88577 83.6485 0.00733181 0 0.75937 -2.11008 78.4492 29.8174 1635.18 0.00500723 0.0156542 0.392883 1.51448 4.54277 -37.8488 0 9.12962 0.614642 0 0.845259 0.647799 15.7089 0.919356 0 0.329393 0.626879 12.7513 1.3973 43.6403 0.279867 0.000105743 -0.40725 1.99852 0.0684799 1.48743 0.86616 0.246646 -0.164211 0.52018 0.998495 
5.50631 0 3.10615 65.0581 0 12.8735 -7.03645 10.8259 1108.45 0 136.417 -65.3022 122.786 -16.7713 42.1067 24303 -5666.51 2246.51 -2072.8 522.558 -240.703 0 33.2085 0.155423 0 141.887 5.04641 28.7712 15.8959 0 671.065 229.064 111.648 101.391 49.3271 3.11017 0.0188407 1.92684 -1.74501 1.37089 0.28855 1.02005 1.39703 -0.170457 0.997903 0.979128 
2.46079 0 2.07781 18.0666 0 5.49974 1.40006 12.9553 219.977 0 43.2303 10.9479 52.0697 14.5421 134.648 3733.32 343.186 561.308 141.544 306.544 120.707 0 8.79234 0.00307623 0 26.7037 0.951777 8.30836 1.84702 0 97.7237 11.9222 26.3357 6.63658 21.0404 0.0784163 0.00115515 -0.481071 -0.0196214 1.49366 1.44173 1.01269 1.03738 -0.161977 0.598982 0.591864 
2.72066 0 4.30301 22.266 0 19.328 23.6772 49.4399 295.939 0 199.3 208.869 403.045 379.795 820.539 5354.57 3636.97 3070.32 3582.71 3125.95 3917.2 0 7.72344 0.332735 0 20.9739 15.6519 37.794 48.1524 0 78.7664 100.541 121.023 166.318 214.197 28.322 0.203154 1.0915 1.88372 1.40482 1.35785 0.989073 0.175918 0.391252 0.972005 0.971479 
3.3758 0 1.75204 31.5699 0 6.45176 -0.0719965 9.21182 468.24 0 66.2265 0.310474 69.7625 -0.653122 80.7399 9397.34 91.6597 1076.68 17.2507 406.967 -8.54733 0 16.8102 0.045185 0 60.3505 0.0159687 13.5127 0.821452 0 257.07 3.94241 52.3769 0.631925 31.4872 1.04284 0.00391879 1.07765 -0.0929785 1.49129 1.32113 0.98222 1.11726 -0.439287 0.989766 0.606011 
4.79193 0 2.51023 45.5293 0 16.9723 13.8745 18.8465 609.037 0 204.351 159.169 318.867 162.593 231.824 10353.1 4723.88 3296.55 2503.79 2195.07 2659.3 0 24.1523 0.0671393 0 70.0883 9.2372 42.6645 33.4404 0 234.192 162.029 145.962 125.495 167.718 17.0433 0.0197044 1.87453 0.685235 1.1634 1.44596 1.01904 0.129267 0.450325 0.584428 0.979892 
2.70111 0 2.52896 11.9202 0 4.44888 -3.33109 6.67156 69.7546 0 22.3225 -19.5134 46.5199 -4.21516 18.3104 501.978 -110.891 173.135 -184.365 113.636 -82.622 0 5.67912 0.0699138 0 7.7075 2.25989 4.99342 6.30544 0 9.45523 0.808713 4.22817 11.0714 14.2058 1.79573 0.00214486 1.49573 -1.58285 0.683942 0.162686 0.946262 1.08212 -0.267089 0.614875 0.998221 
2.86196 0 2.43 8.23826 0 4.28686 -3.885 6.15213 23.7952 0 16.8978 -18.585 50.1726 -5.70577 16.1729 68.971 -2.97523 97.1819 -105.098 102.737 -92.0595 0 4.39914 0.0552535 0 0.994554 2.61401 4.02151 6.45234 0 3.4785 5.29526 0.98011 7.24958 14.4059 1.84602 0.00412179 1.6937 -1.55309 0.0460828 0.154521 0.857758 0.994278 -0.280191 0.984221 0.997282 
2.25594 0 5.99835 15.2681 0 14.1776 9.88354 77.0184 172.224 0 100.332 68.3292 231.525 220.894 1427.77 2719.78 575.12 1181.26 687.047 1586 1622.51 0 1.26971 0.583898 0 9.64529 6.26655 11.3912 18.2248 0 42.3041 6.24381 37.7082 26.0749 78.087 12.5138 0.000178202 -0.0844972 1.98322 1.49965 1.43737 1.17949 1.13859 0.291573 0.989866 0.995531 
5.6509 0 2.91866 67.4817 0 12.0794 -6.59635 9.8272 1158.23 0 127.923 -60.1498 114.115 -16.1665 37.166 25548.8 -5496.58 2109.77 -1891.43 462.164 -218.738 0 34.8132 0.127648 0 149.688 4.66097 27.047 14.7916 0 711.588 223.323 105.037 92.6641 44.6491 2.91662 0.00406432 1.94677 -1.67761 1.37149 0.335271 0.866449 0.965801 -0.138732 0.962299 0.972083 
4.61665 0 5.02274 48.1357 0 27.6307 30.3358 56.3908 736.608 0 327.979 306.908 699.585 444.793 926.333 14644.1 7027.39 5599.54 5695.66 4786.98 6078.18 0 21.2646 0.439363 0 73.6071 20.0157 64.1053 68.1918 0 303.472 221.503 219.499 273.589 353.034 41.6618 0.00318219 1.6818 1.7667 1.34187 1.3832 0.853174 1.1619 -0.449482 0.995703 0.991315 
2.78033 0 4.87781 7.76201 0 10.5681 -19.93 56.9883 21.7237 0 32.4029 -47.7948 457.754 -273.048 996.562 60.9602 -3.52226 130.268 -143.054 413.39 -1910.5 0 0.350186 0.417891 0 6.88739 14.3262 0.407072 18.1681 0 10.6089 14.0404 64.1066 12.0912 66.5865 16.9435 0.00293269 1.66877 -1.64216 0.0384185 1.48039 0.870246 1.15502 -0.241475 0.69598 0.979334 
3.40067 0 4.22057 35.4633 0 23.8827 27.6233 48.7702 591.803 0 308.591 298.377 580.011 463.411 873.415 13242.4 7770.31 5892.94 5994.95 5061.21 6247.59 0 14.8774 0.320523 0 55.872 18.1997 59.8637 65.1359 0 262.744 256.628 250.213 283.097 348.979 43.2244 0.324802 1.51677 1.8027 1.49224 1.48695 1.02882 1.28161 0.416282 0.974068 0.997472 
1.40696 0 3.99491 6.13026 0 6.28796 2.7126 43.4813 45.602 0 29.5235 11.2653 101.609 58.1173 731.805 483.181 27.26 231.562 5.72992 404.097 281.834 0 1.13466 0.287092 0 0.374301 1.66542 0.536341 3.65518 0 3.73381 1.84835 0.244263 1.73878 14.3471 1.7018 0.322455 -0.29557 1.76037 1.22418 1.43706 1.01529 1.24027 -0.0242437 0.614024 0.991314 
3.19131 0 1.77069 29.3679 0 6.73211 1.29223 9.41543 433.442 0 72.4578 12.7297 83.5465 11.8322 83.5342 8685.23 657.834 1241.02 224.271 501.361 120.824 0 15.5015 0.0424229 0 55.0214 0.89508 14.8024 1.99172 0 232.758 25.2694 59.4248 11.0018 38.9548 0.0784028 0.0801368 1.07765 -0.0929785 1.49129 1.32113 0.98222 1.4007 -0.439287 0.989766 0.980067 
0.394279 0 3.04347 0.534193 0 0.49706 -0.88266 11.5804 2.24691 0 1.03808 -1.17504 11.0486 1.96082 45.8252 14.8172 9.13506 5.19586 1.6346 2.52226 -7.49929 0 3.77111 0.146137 0 0.111823 0.597376 1.82553 1.82361 0 0.130582 0.742267 1.40479 0.208065 0.638451 1.42838 0.173474 -0.525808 1.90658 0.0353662 0.190525 0.97448 0.227876 -0.132984 0.584871 0.617138 
1.53332 0 5.01405 7.17303 0 7.50392 4.92803 61.0532 56.5306 0 33.894 21.6494 140.6 127.247 1105.9 627.718 56.7051 257.745 18.486 493.902 584.003 0 2.01336 0.438075 0 0.640494 3.15302 1.27101 7.21872 0 6.55443 3.55815 4.46189 4.32256 13.6669 4.82177 0.17275 -0.362377 1.91062 1.22622 1.4473 1.02311 1.23003 0.442205 0.621553 0.978854 
3.79852 0 5.82531 37.4105 0 26.9846 32.3246 75.7652 567.684 0 301.905 305.528 690.124 561.563 1441.31 11473.5 6172.61 5060.37 5782.6 5003.87 6530.97 0 13.9339 0.558262 0 50.1035 21.3386 55.5427 69.8563 0 217.408 184.412 190.237 268.663 346.341 46.8192 0.00427171 1.31614 1.9052 1.44161 1.48744 1.00748 1.37101 -0.209415 0.996935 0.9733 
6.22791 0 0.0231336 84.4206 0 1.04402 0.0281845 0.00541454 1660.65 0 36.1563 2.99729 0.399258 0.0146848 0.0305839 42197.6 4772.56 1203.98 170.352 14.1205 0.660328 0 47.7742 0.30132 0 229.045 0.845537 6.91391 0.240752 0 1229.49 206.135 65.1232 6.70388 0.825727 0.511359 0.000543849 1.99999 -0.0090064 1.49355 0.149068 1.06778 1.24526 -0.124793 0.59697 0.958511 
5.72443 0 5.60197 74.2819 0 37.8696 40.1258 70.8338 1415.47 0 548.816 486.04 1060.55 664.53 1313.71 35046.7 15975.5 11451.8 10941.2 8570.14 10621.4 0 33.9501 0.525174 0 152.298 26.3273 106.346 103.842 0 798.73 563.531 487.28 522.095 609.728 71.8274 0.00685347 1.87473 1.85979 1.49803 1.47491 0.871707 0.96802 -0.323794 0.994264 0.982899 
2.49504 0 0.00151844 18.5776 0 0.650121 0.002614 6.27569e-06 229.345 0 9.73681 1.13137 0.0105964 1.82395e-05 1.00718e-07 3944.91 914.003 181.615 28.1267 2.65443 0.0176499 0 12.2224 0.304522 0 33.767 0.31638 2.07641 0.556641 0 118.62 39.2832 10.5449 0.862593 0.144225 0.509721 0.00398849 -0.501163 0.0303827 1.49998 0.0236174 0.989214 0.104378 0.535622 0.601891 0.628194 
4.30179 0 5.70868 48.2947 0 22.0899 -21.7144 73.6529 830 0 233.3 -188.25 640.469 -312.817 1385.67 18884.9 -5160.27 3888.41 -4380.48 2880.63 -3725.52 0 19.8205 0.540984 0 91.3142 16.1673 37.9986 41.7638 0 463.39 169.078 121.398 193.513 217.582 27.7684 0.0792742 1.52972 -1.99476 1.49945 1.45258 0.986499 1.13615 -0.157069 0.573874 0.998132 
4.28833 0 3.38992 51.1894 0 16.9737 -13.3048 31.5267 924.418 0 206.793 -141.597 414.73 -166.388 454.228 21732.3 -5234.26 3846.07 -3064.66 2165.92 -2674.55 0 24.6292 0.197464 0 109.721 9.90882 39.0536 30.9369 0 557.403 186.414 152.741 141.649 173.471 19.406 0.334271 1.97443 -1.63388 1.42806 1.32915 1.00168 1.14287 -0.426052 0.991787 0.993034 
2.47729 0 3.60268 19.8357 0 10.5552 -5.99424 35.9086 265.885 0 88.3896 -52.7137 212.439 -80.4165 559.054 4908.67 -1179.5 1225.61 -1113.4 1039.55 -928.432 0 7.31111 0.228984 0 26.852 4.5896 14.246 12.0225 0 112.742 35.5715 39.076 49.8348 73.3665 7.84169 0.334271 1.08536 -1.63388 1.42806 1.40459 1.00168 1.2377 -0.426052 0.991759 0.991456 
1.19088 0 4.90434 1.4282 0 5.90117 -16.7204 57.1631 1.73216 0 7.33577 -20.7346 206.99 -248.096 993.511 2.19109 -3.085 9.39516 -26.9126 91.2882 -619.588 0 4.97726 0.421821 0 6.22754 11.9758 7.33983 11.9178 0 2.98169 5.98299 32.6081 16.4594 4.41262 9.18158 0.00389183 1.09159 -1.66403 0.031804 1.4678 0.870745 0.0994437 -0.150056 0.244993 0.147918 
3.80241 0 0.00394266 38.5963 0 1.228 0.00369831 4.55168e-05 610.95 0 27.5967 3.10675 0.0707069 7.16038e-05 8.86602e-07 12963.9 1267.83 695.639 113.299 14.2453 0.118726 0 23.299 0.304163 0 86.2439 0.465313 5.52753 0.229906 0 379.316 53.8621 38.7751 4.64126 0.778004 0.509766 0.00398849 1.25039 0.0303827 1.49998 0.0546965 1.02765 0.104378 -0.436347 0.602522 0.991201 
4.08276 0 5.5139 39.9542 0 15.109 -13.8975 67.982 584.965 0 116.842 -78.3343 496.02 -146.704 1226.2 11233 -1340.32 1469 -1674.1 1003.2 -1644.51 0 15.9926 0.512126 0 67.2397 10.2236 15.1809 19.5047 0 293.102 35.3231 8.80139 70.2521 98.2982 12.9961 0.0120937 1.51434 -1.8607 1.35154 1.44736 1.02462 1.4096 0.599137 0.993911 0.999264 
0.412328 0 5.01166 0.642656 0 1.08125 -2.02103 63.3598 3.06243 0 2.41113 -0.950453 75.087 -3.19885 1195.98 22.4548 13.2787 10.6446 9.72114 15.895 -67.0963 0 6.67657 0.437721 0 0.664963 1.43462 11.3473 0.227834 0 0.196242 0.874955 11.4062 1.4647 28.3151 1.19913 0.173474 -0.525808 1.90658 0.0353879 1.48554 1.02647 1.02762 -0.13756 0.621533 0.984623 
6.10436 0 0.486672 82.0032 0 0.758445 0.0331154 0.392824 1602.77 0 3.80361 0.432847 4.38604 0.375926 0.422179 40511.5 1646.57 94.339 -67.7195 3.15866 0.67075 0 45.7858 0.232647 0 221.565 0.851202 1.03017 0.798941 0 1194.54 69.579 4.55124 4.21432 0.942571 0.629335 0.00760786 1.97794 -0.63443 1.49366 0.29546 1.0154 0.280896 0.508878 0.589466 0.669866 
3.50295 0 2.86859 18.5256 0 5.99403 -4.99548 8.90301 126.109 0 28.044 -21.6582 71.7877 -8.67962 29.7397 1037.28 -215.39 213.485 -218.663 121.407 -91.0753 0 9.38189 0.120229 0 15.1684 3.42057 6.36048 7.57125 0 25.8323 3.25646 2.97309 12.5155 18.9076 2.03606 0.00677798 1.74554 -1.67969 0.689072 0.235222 0.866139 1.29687 -0.0994279 0.619237 0.958728 
4.47871 0 0.484601 50.0781 0 1.92401 -0.324424 0.380826 850.649 0 24.5309 -5.188 4.44779 -0.181675 0.395876 19106.9 -1262.75 504.025 -158.768 31.5184 -5.86879 0 28.8145 0.232954 0 118.38 0.283834 5.30459 1.92651 0 561.746 54.9338 27.9954 8.85002 2.52203 0.676161 0.000400601 1.49969 -0.63443 1.49366 0.286813 1.0154 0.280896 -0.266709 0.590805 0.669866 
3.10249 0 4.15367 26.406 0 11.7458 -8.69926 41.6033 354.291 0 97.5554 -63.4316 240.013 -93.3334 620.808 6406.59 -1320.32 1325.51 -1215.28 1011.7 -971.921 0 10.41 0.310611 0 38.5201 6.48115 15.276 15.1623 0 155.521 38.6727 40.7957 54.8378 74.7647 8.46591 0.0213782 1.09028 -1.5492 1.40006 1.3579 0.989917 0.150742 -0.263859 0.604063 0.971832 
5.6314 0 4.2182 72.5778 0 20.8591 -17.9796 42.4076 1376.05 0 260.362 -176.119 520.048 -212.825 636.958 33915.3 -6723.89 4963.14 -3819.69 2561.81 -3272.58 0 35.1311 0.320172 0 167.121 13.2681 48.2755 38.9117 0 891.204 241.434 198.63 176.072 206.937 23.7446 0.0213782 1.86987 -1.5492 1.49491 1.36567 1.03178 1.4396 -0.263859 0.604063 0.999457 
0.605818 0 2.98883 1.10737 0 0.941831 -1.98964 11.217 6.21304 0 1.74123 -2.24336 16.0489 -3.07702 43.2971 55.9915 25.1294 10.6318 0.949566 7.32676 -18.48 0 3.10727 0.138042 0 0.0576233 1.37488 1.43823 2.61263 0 1.24386 1.74772 1.85943 0.0318454 1.95644 1.56938 0.185217 -0.668059 1.90658 0.034153 0.158877 1.14123 0.18719 -0.193391 0.584622 0.606935 
3.40067 0 2.53156 35.4633 0 16.9689 11.7504 8.3851 591.803 0 232.655 144.988 122.799 51.7705 30.3715 13242.4 7770.32 4606.59 3600.16 1556.83 861.694 0 17.4365 0.0702988 0 64.0702 7.54598 49.5031 29.3368 0 295.76 300.305 246.94 177.899 103.814 4.59463 0.324802 1.51677 1.8027 1.49224 0.149521 1.02882 0.996076 0.416282 0.974243 0.997472 
5.84922 0 0.109423 72.2365 0 1.54846 0.131158 0.0381542 1282.55 0 40.3018 4.84045 2.31361 0.0785971 0.0392625 29273.3 3683.87 1145.71 198.88 33.276 4.00555 0 41.5314 0.288536 0 178.797 0.827734 7.92989 0.0935621 0 857.654 158.343 62.6533 8.30403 2.18432 0.513816 0.000365046 1.97517 -0.0090064 1.39631 0.32988 1.02106 1.23991 -0.128671 0.59697 0.961283 
3.28012 0 1.14692e-05 29.3838 0 0.736862 2.08918e-05 3.52396e-09 414.84 0 14.5442 1.36898 5.30071e-05 1.3117e-08 1.23318e-10 7897.75 1755.49 326.248 45.0969 3.4332 0.000160654 0 18.3261 0.304745 0 59.931 0.421802 2.96519 0.518231 0 235.778 75.8131 18.4517 1.48924 0.184587 0.509436 2.13152e-05 1.09678 -0.00333795 1.44126 0.000415099 0.989214 0.0853179 0.535622 0.750003 0.677353 
4.80764 0 4.63527 60.394 0 33.6979 34.9249 50.7655 1143.23 0 508.55 443.328 810.647 532.575 823.75 28289 15748.3 10928.3 10036.8 7641.67 8573.5 0 27.713 0.381959 0 119.474 22.8379 100.485 93.1251 0 616.277 565.877 495.2 482.06 530.989 57.4568 0.203154 1.87439 1.84824 1.49967 1.36562 1.03093 1.45011 0.391252 0.994337 0.999104 
6.1667 0 0.0767779 83.5479 0 1.62603 0.145769 0.0642917 1646.27 0 45.4039 5.94862 1.45031 0.290923 0.366634 41941 5299.61 1403.58 246.877 34.674 4.88078 0 47.2035 0.293373 0 226.305 0.878374 8.86067 0.297602 0 1217.53 228.517 76.3315 10.5104 2.09469 0.49643 0.00885256 1.99116 0.0942286 1.49835 0.236853 1.16028 1.18231 -0.152644 0.989694 0.940175 
1.63412 0 5.6842 7.97877 0 12.4062 18.9337 71.1778 64.6897 0 74.8943 101.309 242.271 359.365 1298.31 731.84 589.515 717.259 1056.82 1359.77 2157.23 0 2.50977 0.537357 0 3.88657 12.6521 7.58254 28.4615 0 7.84607 2.90749 9.49712 37.6266 73.6373 18.1023 0.00091288 -0.362377 -1.89561 1.22622 1.4473 0.866799 1.22605 0.446764 0.604004 0.978854 
6.07129 0 2.39565 81.8142 0 16.2055 9.65762 16.8809 1605.96 0 238.499 120.756 267.15 104.122 195.245 40775.1 7517.53 5070.6 2410.63 1973.87 1970.79 0 42.7574 0.0501642 0 203.551 6.51646 48.3105 24.6864 0 1099.65 295.002 246.657 119.019 147.442 12.0411 0.0199873 1.98334 0.646497 1.49688 1.40855 1.01 1.44442 -0.240434 0.990525 0.67353 
6.22136 0 3.73165 84.192 0 30.5491 19.6688 15.4068 1653.14 0 485.906 282.719 291.649 96.9653 69.4335 41926.8 20259.8 10801.2 8042.93 3339.03 1825.88 0 42.0414 0.24809 0 193.077 12.5569 100.67 56.4813 0 1026.23 809.31 567.684 393.908 228.133 10.5368 0.000312367 1.99935 1.90578 1.49183 0.316897 1.05141 1.13527 -0.129576 0.781401 0.96675 
6.11793 0 2.11991 82.3533 0 12.0544 -5.96217 12.9317 1614.18 0 163.213 -56.5855 180.596 -50.4007 127.714 40940.7 -2869.26 3299.28 -974.73 964.634 -927.564 0 43.4909 0.00931318 0 209.661 4.14676 32.6231 13.4085 0 1137.42 109.23 158.482 47.7982 79.6253 7.26071 0.000543849 1.96784 -0.724558 1.49942 1.26304 1.06981 1.22383 -0.191669 0.614219 0.6964 
0.282278 0 3.08966 0.238079 0 1.33318 -0.133165 9.98343 0.333933 0 1.52534 -1.01588 13.0929 1.06974 33.6567 0.656832 -0.342455 2.7172 -4.14098 18.9686 -1.2749 0 4.14539 0.15298 0 1.44715 0.146258 0.901362 1.48759 0 0.61702 0.296727 1.77935 0.399635 2.1987 1.41369 0.000252172 -0.154371 1.74771 0.508259 0.188117 0.871387 1.49284 -0.438475 0.994264 0.593358 
4.37592 0 3.17612 54.6004 0 25.265 17.4624 13.0436 1039.7 0 398.935 245.045 229.502 90.3398 61.8845 25881.2 15117.4 8855.9 6649.04 2914.52 1607.73 0 26.6362 0.16579 0 114.908 11.1131 82.7581 49.0871 0 592.12 594.715 467.329 326.548 194.65 9.3501 0.334271 1.9611 1.99331 1.48636 0.0185546 1.01567 1.26007 0.40924 0.980759 0.991456 
4.97254 0 2.88304 55.1737 0 13.0879 -6.96609 24.111 894.471 0 149.427 -49.5069 282.05 -79.2258 327.949 18791.8 -690.725 2587.13 -638.469 1212.12 -1297.38 0 28.2449 0.12237 0 112.352 5.08913 28.5945 12.4338 0 503.032 15.2716 104.683 27.9583 103.567 9.93141 0.0105667 1.77209 -0.815957 1.36925 1.49363 0.991786 1.26642 -0.179207 0.998441 0.995834 
5.22927 0 4.02917 64.6396 0 15.2831 -11.3857 39.4034 1188.6 0 159.686 -84.5658 390.181 -111.877 579.41 28576.9 -2569.3 2670.98 -1856.09 1171.96 -1640.4 0 31.2 0.292167 0 148.368 8.30758 28.4395 20.2215 0 779.414 87.4433 92.1876 83.7066 111.84 12.6034 0.0179375 1.74824 -1.48292 1.49967 1.36562 1.03093 1.45751 0.395043 0.972005 0.999104 
4.50014 0 0.00262766 50.4533 0 0.986327 0.00308581 0.00183546 858.659 0 26.6473 2.51006 0.040029 0.0055161 0.00966392 19315.8 2042.96 747.837 113.982 10.0635 0.0752158 0 29.7477 0.304358 0 120.59 0.582562 5.22105 0.32846 0 566.972 87.6136 41.1818 4.46424 0.547517 0.509591 0.000540433 1.50739 -0.00910782 1.49326 0.044416 0.996877 1.02972 -0.269159 0.602922 0.960826 
5.96572 0 2.95263 79.1558 0 14.9946 -7.69712 8.71809 1534.59 0 186.241 -78.9528 107.179 -18.6268 25.7415 38566.9 -10308.1 3499.18 -2818.21 574.361 -237.778 0 40.5452 0.132679 0 195.474 5.59257 39.0645 18.5839 0 1058.56 428.058 183.757 137.055 49.9658 3.07949 9.30285e-06 1.92765 -1.71833 1.49998 7.87289e-05 0.988906 0.138291 -0.203514 0.991803 0.67382 
2.416 0 4.72628 17.2836 0 13.4518 13.215 47.1672 203.456 0 108.715 96.4969 202.388 181.005 676.044 3316 1628.76 1411.58 1608.19 1375.11 1484.74 0 4.35573 0.395443 0 15.006 8.67847 18.4101 23.5113 0 56.9289 44.2261 55.6476 73.9223 87.2651 10.4663 0.0122424 -0.637425 -1.79169 1.42473 1.24985 0.887447 1.00807 -0.147557 0.58174 0.753627 
3.83196 0 5.78499 36.042 0 19.6012 -22.523 76.9211 508.34 0 174.01 -160.015 634.414 -337.231 1498.25 9394.93 -2718.81 2399.4 -2865.04 2205.99 -3512.93 0 13.4236 0.552288 0 51.2809 16.628 25.5299 37.3822 0 213.632 70.8946 39.904 119.664 175.873 26.8962 0.0828766 1.53658 -1.99476 1.315 1.4884 0.986499 1.12003 -0.157069 0.573874 0.997974 
4.68092 0 0.0321824 52.2282 0 1.06193 0.0343964 0.0145848 870.741 0 28.969 2.2997 0.551552 0.0641457 0.0613453 19032.3 1926.96 808.2 113.309 12.3 1.07976 0 30.7837 0.299979 0 122.634 0.625325 5.66931 0.355363 0 559.615 82.5755 44.4438 4.36296 0.754014 0.510477 0.00410924 1.61792 -0.0657718 1.44128 0.154521 1.13041 0.998333 -0.280191 0.995775 0.997282 
5.50237 0 4.86533 64.9845 0 22.7089 -22.7867 56.8862 1106.84 0 252.736 -192.501 692.408 -313.544 996.336 24260.9 -5029.64 4225.37 -3526.36 2725.11 -4423.94 0 30.5036 0.416043 0 130.004 16.79 44.9355 43.697 0 619.255 162.333 132.572 155.515 232.629 31.9299 0.0188407 1.9258 -1.65247 1.37089 1.48036 1.02 1.38127 -0.128844 0.998168 0.979128 
0.305516 0 5.23608 0.290833 0 1.77343 -0.326029 58.9064 0.508546 0 1.94146 -0.482849 39.8105 8.14811 957.257 1.48888 0.680925 4.12018 -2.1812 32.8091 5.16394 0 7.33836 0.470969 0 1.92763 0.309141 10.0652 0.462621 0 0.761051 0.190408 6.01333 0.406999 25.2178 0.997179 0.0214295 -0.193004 1.8701 0.508259 1.34338 0.871387 1.49262 -0.248974 0.986496 0.593358 
6.07877 0 0.58425 81.5811 0 1.8514 -0.159481 0.527487 1594.16 0 25.875 -4.79963 6.6175 0.400667 1.04847 40295.6 -510.683 671.883 -208.35 28.8206 -1.43988 0 45.4074 0.218191 0 219.081 0.635655 5.47798 1.79706 0 1178.56 23.0365 36.1217 11.3297 2.72855 0.667101 0.0111695 1.97517 -0.718596 1.49442 0.238962 1.06746 1.23991 -0.0432553 0.59697 0.95428 
4.413 0 5.86555 49.8065 0 19.7136 -17.79 76.0161 857.093 0 186.579 -132.778 603.57 -220.602 1431.45 19508.2 -3701.31 2838.73 -3383.53 1901.5 -2534.59 0 20.4385 0.564223 0 97.9421 13.2306 28.2382 30.3401 0 502.317 122.106 69.0737 148 157.761 19.2868 0.0487532 1.52972 -1.99476 1.49945 1.45258 0.995475 1.22659 0.387558 0.428628 0.998132 
6.154 0 1.59219 83.1207 0 10.6357 3.04441 7.60519 1633.49 0 170.801 63.5507 139.343 24.2507 60.5437 41522.6 8412.39 3987.45 1586.63 1003.92 474.283 0 44.694 0.0688664 0 213.937 2.27841 34.6775 11.3311 0 1150.98 349.868 202.303 78.2865 76.7615 2.19384 0.000543849 1.97699 -0.0772755 1.49942 1.25947 1.06488 1.22748 0.599613 0.597308 0.979932 
4.28174 0 5.03627 47.8127 0 27.534 30.4545 61.1424 818.364 0 352.48 326.556 688.874 504.016 1111.72 18559.5 8949.54 6687.64 6685.47 5506.1 6844.07 0 20.5898 0.441368 0 83.2885 20.0575 67.4086 71.767 0 402.072 300.316 279.107 316.179 384.176 47.3685 0.0796212 1.52023 1.74319 1.49893 1.49684 1.04384 1.4925 -0.15854 0.988859 0.998573 
2.28311 0 2.49636 15.654 0 7.06226 2.83927 6.25306 178.89 0 57.6086 24.7364 31.4337 10.1957 15.665 2861.18 780.314 762.135 488.911 342.29 146.945 0 6.79238 0.0650835 0 19.0254 1.82645 13.1072 4.41101 0 65.1478 27.323 42.1785 24.0914 23.2385 0.21295 0.00344556 -0.251194 -1.58266 1.49174 0.00637648 0.870217 0.201298 -0.400819 0.601559 0.893993 
0.170604 0 5.33145 0.0324149 0 0.729114 -0.402988 65.8206 0.00733181 0 0.777058 -1.50499 68.9417 26.6521 1202.78 0.00500723 0.016254 0.398155 1.8568 4.93509 -25.0303 0 7.80474 0.485098 0 0.85088 0.309337 12.2199 0.59998 0 0.337083 0.450494 11.1796 1.19852 29.953 0.51417 0.000105743 -0.40725 1.76623 0.0684799 1.48743 0.86616 0.246646 -0.164211 0.529254 0.9913 
2.96917 0 3.0883 24.3184 0 7.29658 -2.2057 10.8352 313.908 0 53.4777 -20.4999 56.4446 0.773482 43.1798 5456.74 -1267.12 668.054 -867.274 256.906 -44.158 0 10.8733 0.152779 0 38.1823 1.63129 11.3416 5.80855 0 146.395 49.4585 32.0327 42.2209 22.7191 1.66023 0.0340117 1.08286 -1.74501 1.36939 0.28855 0.857678 1.39703 -0.170457 0.72058 0.978993 
3.26463 0 5.37254 29.1404 0 15.1905 -12.0593 63.0657 410.138 0 126.417 -88.6668 349.094 -142.726 1075.64 7786.37 -1924.07 1727.28 -1972.71 1464.46 -1422.45 0 10.0518 0.491185 0 42.1384 9.05743 17.958 20.4239 0 183.823 57.4074 46.9903 87.4335 101.963 11.8168 0.000181277 1.09133 -1.85226 1.44017 1.39373 0.885487 1.0018 -0.155146 0.749407 0.980568 
2.42316 0 5.18138 17.33 0 11.4504 -4.49053 54.4646 203.842 0 76.2386 -29.6928 176.277 -31.7557 812.756 3320.08 -768.545 849.208 -869.57 815.41 -269.857 0 3.69817 0.462865 0 17.4433 3.60499 9.1384 6.89623 0 71.1888 24.3969 24.8779 39.7615 46.3921 3.47932 0.0122424 -0.637425 1.91231 1.42473 1.24985 1.17175 1.46372 -0.0412023 0.585178 0.753627 
1.80218 0 2.88303 9.74504 0 6.58286 3.35734 8.33478 87.792 0 42.9767 23.6546 35.1447 13.8033 24.0979 1106.64 396.129 452.791 373.367 308.329 165.966 0 2.79191 0.122368 0 6.45616 2.15422 9.90311 4.50098 0 17.8175 10.777 23.9401 18.7037 21.7638 0.160196 0.00277036 -0.251194 -1.70026 1.31986 0.00637648 0.859076 0.201298 -0.402397 0.517132 0.893993 
6.13185 0 0.057989 82.4159 0 1.26019 0.0701102 0.0136609 1611.05 0 38.6127 3.79473 1.09898 0.0311287 0.0324455 40726.7 4642.45 1236.52 186.46 21.9424 1.84214 0 46.6646 0.296156 0 222.115 0.845921 7.46887 0.0970434 0 1185.74 200.3 67.0247 7.54963 1.36571 0.513394 0.000543849 1.97517 -0.0090064 1.49442 0.238962 1.06746 1.23991 -0.124793 0.59697 0.96068 
4.59467 0 5.42461 50.6411 0 17.4039 -15.6493 67.5661 834.472 0 155.383 -101.906 564.678 -181.257 1241.55 18024.4 -2219.31 2231.31 -2264.95 1385.11 -2231.52 0 21.7612 0.498898 0 98.3285 11.54 23.2162 24.3652 0 475.206 66.695 40.9681 96.8382 130.224 16.911 0.0187305 1.61755 -1.81598 1.43073 1.47992 0.995639 1.45159 0.577559 0.739768 0.995599 
6.11601 0 4.48729 82.8696 0 19.2593 -15.9967 47.911 1634.95 0 214.722 -122.865 574.751 -174.466 763.817 41714.4 -3912.71 3745.47 -2709.97 1619.98 -2736.18 0 40.1358 0.360036 0 203.786 11.6944 38.4337 28.7914 0 1137.02 134.84 123.168 120.638 161.953 19.9206 0.0199065 1.99227 -1.59979 1.49959 1.40576 1.04811 1.45378 0.574556 0.982609 0.98417 
5.73067 0 4.92792 69.0109 0 25.6725 -26.5623 54.6654 1192.25 0 296.735 -238.892 706.004 -353.952 889.133 26444.8 -7642.06 5014.72 -4518.79 3140.74 -4665.62 0 32.5849 0.425315 0 138.209 19.6146 54.5435 53.6025 0 664.523 262.68 175.616 203.796 261.086 34.2354 0.00656032 1.97036 -1.74501 1.37089 1.38044 1.02 1.21706 -0.162955 0.997672 0.615287 
5.50237 0 3.12879 64.9845 0 13.162 -7.33947 11.22 1106.84 0 141.076 -69.0257 128.836 -19.0238 45.4413 24260.9 -5756.57 2343.46 -2140.18 566.157 -270.913 0 33.1347 0.158777 0 141.324 5.27987 29.6575 16.6654 0 667.803 231.851 116.127 104.719 52.64 3.3308 0.0188407 1.9258 -1.74593 1.37089 0.322425 1.02 1.38127 -0.194972 0.998168 0.979128 
3.95877 0 6.09597 35.0839 0 28.7341 37.403 80.988 455.204 0 289.85 322.037 863.451 645.142 1561.95 7663.72 4458.76 4194.69 5105.83 5023.63 7469.35 0 12.709 0.59836 0 33.7719 24.8027 53.7403 75.5868 0 113.484 104.426 117.543 237.098 374.89 53.765 0.0012798 1.56444 1.97821 1.23088 1.47953 1.01051 1.07467 -0.449786 0.987765 0.997356 
2.47709 0 0.284755 18.2887 0 1.97651 0.397857 0.0830152 223.781 0 23.7103 7.31216 1.96384 0.180139 0.0336251 3814.66 934.102 399.074 152.194 45.1791 9.87315 0 11.6347 0.262561 0 31.4204 0.498073 5.29169 0.592597 0 108.663 38.5716 23.3114 7.2138 2.72428 0.524229 0.000529883 -0.497082 -0.53296 1.49355 0.0167114 1.06778 1.04551 -0.165373 0.59697 0.919336 
5.95129 0 5.97588 79.0325 0 46.5957 50.2711 77.1818 1533.86 0 718.285 652.641 1302.82 866.655 1440.37 38586.1 21688.7 15589.4 15049.4 11886.4 14219.4 0 35.8866 0.580568 0 157.867 32.8672 140.338 137.238 0 827.675 767.432 681.564 717.862 829.027 96.0272 0.00713197 1.93328 1.98322 1.49965 1.44415 1.02225 0.0877521 0.28522 0.61086 0.995531 
5.99612 0 5.84173 80.2709 0 46.0437 49.6237 76.372 1568.73 0 715.679 649.808 1312.7 872.513 1460.05 39701.4 21822.3 15644.7 14898.5 11972.8 14618.8 0 36.7207 0.560694 0 163.145 32.4581 139.682 136.413 0 860.935 774.035 682.19 710.462 834.938 98.4859 0.0177989 1.95895 1.92554 1.49952 1.48718 1.01644 1.24658 0.288558 0.984779 0.998278 
1.08962 0 3.41072 1.19477 0 4.20844 -7.13339 11.9786 1.32375 0 5.64119 -10.8311 44.0842 -26.52 43.2106 1.52575 -2.85726 7.95521 -18.2956 36.6851 -59.0895 0 2.97374 0.200544 0 4.36103 5.14392 0.69452 6.97359 0 2.29778 3.08369 6.08845 0.404368 8.90055 2.36398 0.00272196 1.04384 -1.84213 0.0310936 0.154521 0.859201 0.998333 -0.280191 0.995775 0.183027 
3.47332 0 2.89957 18.3571 0 6.01986 -4.92753 9.17302 124.991 0 28.1954 -21.5913 73.5832 -8.00128 31.5878 1028.52 -209.079 216.033 -220.608 126.182 -90.6821 0 9.21348 0.124818 0 14.9387 3.37897 6.35351 7.51833 0 25.4409 2.99235 2.82999 12.6124 19.4219 2.03068 0.0191012 1.74686 -1.6935 0.689072 0.235222 0.866139 1.29687 -0.0994279 0.987437 0.97854 
2.18142 0 5.02376 15.0384 0 11.2408 3.38733 63.8604 176.538 0 75.015 21.8525 194.224 103.13 1212.77 2923.44 0.922969 840.307 -104.058 1041.66 686.359 0 2.52906 0.439514 0 13.5483 1.90314 7.44027 6.55387 0 58.9995 5.69635 22.1424 7.64151 48.6905 5.09078 0.154051 -0.407897 1.87682 1.49556 1.4987 0.981953 0.966371 0.372353 0.820415 0.949843 
6.06957 0 5.66947 81.7963 0 32.0142 -32.8108 69.6132 1605.67 0 417.664 -337.274 940.686 -479.605 1236.47 40768.3 -12732.1 8070.5 -7711.81 5002.82 -6779.13 0 37.7863 0.535175 0 184.764 24.3956 76.0627 72.7617 0 1021.55 455.493 305.639 348.684 389.476 48.3931 0.020141 1.98334 -1.94431 1.49688 1.40693 0.986968 1.12922 -0.240016 0.990525 0.693093 
6.11552 0 1.60474 82.3022 0 10.6527 3.07072 7.72547 1612.89 0 170.278 63.6483 140.388 24.6528 61.9858 40902.1 8304.1 3960.45 1582.35 1008.09 479.163 0 44.2446 0.0670084 0 211.151 2.29013 34.5745 11.3641 0 1133.23 345.114 200.72 78.102 77.125 2.22623 0.000543849 1.96722 -0.0772755 1.49942 1.26444 1.06981 1.22748 0.599613 0.59697 0.979402 
4.99658 0 2.85568 55.4168 0 13.0883 -6.81201 23.6856 897.44 0 150.578 -48.4209 279.483 -77.1813 319.83 18833.1 -655.82 2620.92 -617.684 1223.77 -1266.87 0 28.4332 0.118316 0 112.8 4.97756 28.8868 12.1832 0 503.868 14.0505 106.972 27.0646 104.039 9.7202 0.000556137 1.76748 -0.790893 1.36925 1.49363 0.991786 1.22674 -0.203574 0.998441 0.999856 
6.04293 0 5.6842 80.086 0 24.9383 -24.5266 71.1778 1543.76 0 276.132 -198.565 837.133 -318.215 1298.31 38484.9 -6490.06 4699.79 -4552.73 2592.75 -4354.37 0 36.9463 0.537357 0 185.139 18.0894 47.4414 45.151 0 1018.14 224.635 135.915 200.016 240.798 31.5404 0.00091288 1.96088 -1.89561 1.48416 1.4473 0.866799 1.22605 0.446764 0.604004 0.978854 
6.14356 0 5.74484 82.9081 0 46.3951 49.2717 73.7361 1627.88 0 729.071 653.608 1297.63 851.97 1384.47 41341.3 22670.7 16052.1 15003.2 11979.8 14473.9 0 38.2896 0.54634 0 170.785 32.2077 142.712 136.735 0 903.035 810.196 706.955 716.942 835.007 97.211 0.00213254 1.97733 1.88915 1.49842 1.47856 0.866348 0.982457 0.364577 0.962299 0.972283 
4.2189 0 0.316277 43.0819 0 1.17113 -0.0698774 0.103219 660.992 0 15.9741 -2.90965 1.4988 0.0218851 0.0384406 13334.6 -631.7 337.055 -89.6139 13.6309 -0.858092 0 25.4957 0.257891 0 94.0183 0.477794 3.443 1.36697 0 398.391 27.8767 18.9018 5.36403 1.01077 0.59637 0.000250537 1.50739 -0.560463 1.39553 0.044416 0.996877 1.02972 -0.269159 0.602922 0.690984 
0.170449 0 5.84125 0.0322557 0 0.74178 -3.64607 76.0286 0.00725213 0 0.435772 -1.83693 53.9596 -35.7891 1446.71 0.00494663 0.00792769 0.204854 -0.0991221 5.97991 -60.6521 0 8.57746 0.560623 0 0.865972 2.58609 14.4389 0.854618 0 0.188706 0.542069 8.79444 3.08342 41.9655 1.76165 0.000105383 -0.40725 1.90511 0.0673421 1.48743 0.865542 0.111543 -0.195013 0.520256 0.687897 
4.06522 0 4.01017 24.1986 0 11.4141 -10.9245 17.9935 182.864 0 60.7943 -51.1364 176.643 -37.312 88.8507 1655.46 -550.702 476.179 -507.452 345.575 -292.317 0 11.0828 0.289352 0 17.7136 7.88045 13.1175 15.6087 0 32.6549 9.02716 3.58871 26.7039 47.9934 4.07106 0.0163857 1.90376 -1.98371 0.701091 0.330689 1.01361 1.39703 -0.171514 0.997909 0.978562 
5.11546 0 2.4053 61.4775 0 12.0978 -2.38621 17.3422 1096.67 0 155.43 -9.32147 217.481 -25.5325 207.91 25549.9 829.609 3031.12 44.4988 1166.57 -473.411 0 32.0506 0.0515933 0 139.994 1.78507 30.6439 3.46636 0 694.304 39.4777 138.746 3.59419 94.1364 4.22779 0.017906 1.73901 -0.462829 1.472 1.48747 0.987991 1.10773 -0.164113 0.713169 0.99849 
4.89099 0 1.77081 59.146 0 9.65185 0.998157 9.41682 1072.19 0 134.902 15.6535 129.956 9.26303 83.5536 25457.6 1564.5 2834.56 387.076 881.399 110.416 0 31.6121 0.0424044 0 139.07 0.729171 27.374 2.31344 0 698.692 64.1409 140.472 18.9712 67.7008 0.185817 0.0807349 1.7354 -0.0929785 1.49129 1.32113 0.983681 1.4007 -0.439287 0.985448 0.980019 
4.64596 0 6.12598 53.1329 0 34.9529 40.6973 82.3838 917.876 0 453.05 441.037 965.445 725.883 1611.07 20901.8 11172 8621.74 9323.55 7676.51 9791.19 0 21.9089 0.602806 0 88.394 26.7774 85.7421 97.1677 0 428.103 365.533 347.251 437.749 534.997 68.4889 0.00725427 1.56435 1.98335 1.49143 1.49266 1.07009 1.1124 -0.129115 0.988273 0.997356 
5.4141 0 2.47502 68.5748 0 10.0313 -4.22984 7.19254 1283 0 113.79 -45.5859 75.767 -6.54691 25.1905 31255 -5897.4 2074.45 -1781.53 375.017 -133.87 0 35.6235 0.061923 0 167.345 2.89071 24.0395 11.0696 0 877.44 245.369 107.508 86.6459 33.344 2.1132 0.0352851 1.83218 -1.55271 1.49249 0.28855 0.87028 1.39703 -0.16888 0.719281 0.978945 
6.14225 0 0.0493541 83.0626 0 1.21042 0.110335 0.126248 1632.97 0 38.4431 3.96596 0.85445 0.612816 0.966991 41486.7 4981.76 1250.73 192.435 20.2635 4.34601 0 46.9874 0.297435 0 225.029 0.879143 7.39088 0.0373568 0 1207.55 215.088 67.7386 7.79726 1.20262 0.486468 0.017286 1.99988 0.026916 1.49355 0.149068 1.06778 1.24526 -0.124793 0.977066 0.958511 
6.12238 0 5.28292 82.9742 0 23.0592 -21.2631 64.7669 1637.17 0 257.724 -168.325 777.501 -268.79 1175.53 41774.1 -5253.52 4467.22 -3800.99 2274.26 -4008.94 0 38.9874 0.477908 0 199.585 15.6559 44.5704 38.5622 0 1120.07 179.665 131.731 166.39 217.794 28.6576 0.0186968 1.99227 -1.7763 1.49965 1.47928 1.04811 1.45013 0.577672 0.998742 0.99553 
1.19139 0 5.56891 1.42785 0 6.69452 -19.9613 69.8176 1.72646 0 8.28599 -24.694 252.444 -313.325 1282.78 2.15255 -3.45462 10.535 -31.8955 110.681 -736.043 0 5.98357 0.520276 0 7.16908 14.3057 9.35369 13.8893 0 3.39632 7.13672 39.9126 21.1011 2.54205 10.9406 0.00271061 1.09159 -1.85215 0.031804 1.46749 0.870745 0.0994437 -0.150056 0.244993 0.147918 
0.0614457 0 3.65552 0.0063785 0 0.367633 0.0653074 13.8703 0.00921731 0 0.142544 -1.03783 10.2217 4.65229 54.4757 0.0467225 0.0262215 0.0432434 0.0166578 0.579119 0.604907 0 5.44267 0.236812 0 0.432314 0.0289009 2.44564 1.35994 0 0.0599553 0.306055 1.66722 0.393551 0.0158019 1.51574 0.00142954 -0.243019 1.90413 0.0374978 0.18423 0.864206 0.88159 -0.280935 0.41653 0.606811 
3.39845 0 5.23737 31.9999 0 21.1684 22.1051 60.1426 478.118 0 226.249 208.192 446.897 336.92 1004.6 9670.58 4586.02 3747.83 4155.32 3406.52 3872.44 0 11.7592 0.471159 0 44.2411 14.5174 41.3988 47.4454 0 195.482 142.404 151.561 195.296 230.007 27.1613 0.000129596 1.07299 1.82434 1.49915 1.38187 1.00917 1.45285 -0.439584 0.996553 0.996849 
4.93969 0 4.74322 49.8926 0 19.6568 -21.2115 54.6293 716.197 0 188.348 -152.331 617.085 -288.22 945.933 13130.2 -2712.19 2687.37 -2275.79 2008.52 -3681.7 0 22.9762 0.397952 0 81.3365 15.5516 32.4595 36.2621 0 322.915 73.0543 59.3836 96.364 182.632 27.2709 0.0189052 1.87378 -1.61443 1.2263 1.48036 1.01902 1.38127 -0.139523 0.998168 0.979108 
1.97194 0 3.03222 11.6644 0 7.79668 4.98135 9.23029 114.891 0 56.574 36.907 43.3392 21.9479 28.3413 1582.44 691.931 657.728 608.739 417.551 262.922 0 3.69553 0.144471 0 8.98879 3.2332 12.9013 7.5891 0 26.6742 20.0034 35.122 30.545 28.8588 0.494909 0.00403132 -0.312228 -1.74257 1.37089 0.0064064 0.873986 1.39703 -0.246959 0.606272 0.979128 
4.58929 0 4.82191 55.9657 0 33.7826 36.0393 54.1798 1036.04 0 497.633 446.259 822.292 564.173 897.081 25165.6 14664.6 10480.3 9999.07 7718.41 8746.35 0 25.0865 0.409611 0 104.913 23.5825 98.0328 94.35 0 530.222 517.536 469.519 478.673 534.975 59.056 0.202815 1.79929 1.91078 1.49967 1.36562 1.03093 1.44697 0.440664 0.940291 0.999727 
1.60639 0 0.281708 2.58424 0 0.359151 0.160994 0.085905 4.16698 0 7.00184 -1.78827 1.52054 0.118999 0.0455303 6.7813 9.39193 32.1667 18.8503 -5.04783 3.21232 0 3.18175 0.263012 0 1.08968 0.319663 1.42277 1.04317 0 2.50503 0.95806 2.45123 0.233325 0.0221304 0.562343 0.00103762 1.26761 -0.527115 0.0146645 0.0548845 0.985542 1.04701 -0.162933 0.244505 0.998495 
2.433 0 3.76083 17.4393 0 8.23123 -1.3314 15.7888 205.387 0 54.5782 -10.9599 53.1673 3.27367 72.9105 3347.67 -842.799 608.376 -690.909 291.201 3.67172 0 5.91511 0.252412 0 21.4869 1.16073 11.1678 3.70281 0 81.4606 33.4378 29.9718 33.1475 22.8259 1.55366 0.00299363 -0.637425 1.91231 1.42473 0.329782 1.17175 1.46372 -0.132467 0.585499 0.753627 
4.07415 0 3.55886 39.6989 0 10.8146 -5.9588 13.6766 578.8 0 92.718 -47.1708 103.763 -13.0323 56.2985 11072.3 -2900.13 1283.24 -1599.48 394.344 -171.989 0 18.8257 0.222491 0 71.5 4.35241 19.4624 12.2972 0 298.862 113.079 60.5264 77.6647 38.424 2.79454 0.000438997 1.49962 -1.86769 1.35155 0.26737 0.964168 1.22362 -0.132273 0.59697 0.957819 
2.28143 0 5.6488 15.6128 0 13.422 2.86816 71.8673 178.052 0 95.5756 19.5544 220.62 78.5306 1341.31 2842.4 52.3168 1133.14 47.1397 1460.77 594.095 0 1.99464 0.532113 0 11.3685 1.40018 10.7127 6.11601 0 48.0778 2.49165 35.5496 0.762861 70.9826 4.03235 3.06389e-05 -0.180315 1.85854 1.49965 1.48148 1.02272 0.968803 -0.247443 0.989866 0.982954 
5.05394 0 3.87668 60.4678 0 25.475 17.2271 15.4324 1078.12 0 357.802 222.027 229.379 80.2718 62.8909 25166.3 12618.2 7223.17 6171.69 2570.84 1452.04 0 29.2691 0.269576 0 121.533 11.031 75.2291 45.0406 0 594.697 491.204 379.931 302.423 175.969 8.05593 0.00412179 1.6937 1.96592 1.48431 0.153059 0.859158 1.03675 -0.280191 0.995775 0.997274 
5.81788 0 0.342294 71.6022 0 1.23689 -0.148728 0.15546 1267.68 0 17.4344 -3.09568 2.26705 0.00357212 0.0979207 28860.8 -794.072 410.224 -101.163 12.4073 -1.53376 0 40.8428 0.254037 0 177.152 0.648664 3.72123 1.44724 0 855.543 35.7687 22.6107 6.22115 1.09183 0.608068 0.000253953 1.96742 -0.560361 1.39582 0.167279 1.06778 1.24526 -0.124793 0.59697 0.688668 
0.329197 0 5.84875 0.187578 0 -0.0229144 2.59867 76.3876 0.438341 0 1.11207 0.706523 80.0554 114.605 1456.85 3.03905 2.8323 3.54423 5.19005 5.96172 -38.9273 0 8.27769 0.561734 0 0.15329 1.87276 14.4721 3.029 0 0.366112 0.0716403 12.7556 7.0578 35.879 1.2092 0.0184162 -0.544435 1.9342 0.13418 1.48179 1.05696 1.07418 0.542013 0.972981 0.969493 
6.09866 0 0.0579399 81.6721 0 1.2675 0.0714866 0.0137085 1591.6 0 38.5176 3.84803 1.09956 0.033886 0.0332127 40122.8 4602.9 1227.1 186.753 22.1679 1.88847 0 46.2763 0.296163 0 219.506 0.841584 7.45661 0.0874428 0 1168.33 198.573 66.5464 7.57645 1.37775 0.513067 0.000543849 1.96742 -0.0049786 1.49352 0.238962 1.06731 1.24526 -0.125295 0.712777 0.958511 
4.23452 0 6.05877 41.1045 0 28.1375 35.4773 79.5409 588.656 0 291.368 299.542 806.599 594.035 1513.35 10982.1 5549.8 4406.67 5072.52 4345.44 6425.89 0 15.9198 0.592849 0 52.6833 23.533 53.8267 70.7338 0 210.995 158.619 137.168 235.221 329.35 46.8403 0.000129596 1.58726 1.97767 1.30979 1.46563 1.01127 1.49992 -0.26752 0.994264 0.594794 
3.38586 0 3.42394 31.8221 0 15.1385 10.263 13.1921 474.693 0 169.934 110.846 117.375 49.0916 56.4211 9584.96 4638.29 2907.31 2830.17 1270.77 771.99 0 14.4069 0.202503 0 50.9149 6.62853 36.4811 22.8265 0 217.436 172.298 153.416 138.762 86.7 3.76489 0.00640867 1.0775 1.82425 1.4967 0.322582 1.00917 1.47685 -0.388384 0.991439 0.996842 
6.09519 0 3.41807 81.8206 0 28.7642 18.1003 12.7968 1599.82 0 456.424 251.724 241.629 82.9089 51.8948 40484.6 20020.1 10077.5 6950.34 2656.43 1390.36 0 41.2474 0.201634 0 187.935 11.5633 94.9045 50.4484 0 996.789 807.504 534.951 341.049 183.078 7.90379 0.000317015 1.96251 1.82663 1.49845 0.286813 1.01632 0.987974 0.355739 0.976313 0.669866 
4.72655 0 3.04267 58.8919 0 25.3682 16.9164 11.9355 1108.72 0 402.261 243.626 226.802 85.8825 51.9387 27315.5 15454.4 8877.68 6590.01 2897.35 1609.74 0 29.3204 0.146019 0 124.665 10.7732 83.5812 48.5352 0 634.092 609.805 469.365 323.916 193.6 9.31405 0.209521 1.85705 1.88363 1.49967 0.306338 1.03093 0.884226 0.39849 0.594105 0.999104 
1.19334 0 5.47314 1.43473 0 6.51152 -19.3305 67.8517 1.73899 0 7.98858 -23.5572 243.812 -300.022 1235.98 2.13584 -3.38685 10.088 -29.9899 103.69 -705.731 0 5.8324 0.506088 0 6.94787 13.85 9.09429 13.429 0 3.26636 6.80321 38.5496 20.2541 2.4421 10.5437 0.000648666 1.09159 -1.82295 0.0453774 1.46749 0.870911 0.0594456 -0.132619 0.259935 0.147918 
3.93179 0 2.5775 37.2467 0 12.614 9.41262 19.7313 526.601 0 141.632 95.0124 229.48 114.184 249.639 9741.12 2821.3 2311.03 1493.24 1464.24 1603.14 0 18.9823 0.0771045 0 62.2074 6.28773 28.7604 20.3856 0 238.328 96.7688 100.814 73.717 111.559 10.1509 0.0485207 1.53658 0.596048 1.315 1.49954 0.907542 1.43523 -0.157069 0.573874 0.978411 
0.329363 0 5.71921 0.188287 0 -0.0950537 2.57767 72.5127 0.442099 0 0.87315 0.308047 75.8084 110.246 1334.18 3.06583 1.84141 1.88767 3.0633 3.18685 -37.2751 0 8.08086 0.542544 0 0.239557 1.86311 13.806 2.78177 0 0.261209 0.00220261 12.1866 6.94442 32.4674 1.01305 0.0186461 -0.544435 1.9342 0.13418 1.44446 1.05649 0.123509 0.535661 0.600038 0.969493 
0.292824 0 3.3473 0.25493 0 1.4186 -0.562885 11.4696 0.367291 0 1.63479 -1.72144 14.1235 -0.639549 40.1982 0.737256 -0.542961 2.95176 -6.22056 20.5459 -9.09124 0 4.51211 0.191149 0 1.53781 0.452287 1.14562 1.84718 0 0.659606 0.49504 1.93038 0.464867 2.26645 1.57231 0.000113569 -0.185598 1.8242 0.508259 0.140722 0.85514 1.17505 -0.44702 0.994263 0.563198 
0.235179 0 0.279265 0.0580309 0 0.73721 0.269215 0.0818059 0.0272709 0 0.737108 1.90112 0.91511 0.116862 0.0425915 0.100046 0.0491997 0.420171 2.61619 6.14284 3.1089 0 0.0404198 0.263374 0 0.847991 0.171138 0.556974 0.372197 0 0.3155 0.543898 0.0226494 0.28946 0.455128 0.562272 0.00103762 -0.483941 -0.527115 0.0146645 0.0238054 0.985535 1.04701 -0.162933 0.243874 0.635487 
4.76073 0 3.0876 52.0109 0 11.1108 -5.8528 10.8356 834.636 0 108.775 -52.683 102.782 -12.4016 43.2222 17389.9 -4089.68 1692.15 -1721.06 429.578 -190.62 0 26.1764 0.152675 0 106.352 4.1997 22.992 13.1473 0 478.932 163.702 83.3395 84.1346 40.6069 2.73759 0.0346099 1.74061 -1.74501 1.36939 0.28855 0.859139 1.39703 -0.170457 0.72058 0.978945 
3.38563 0 3.41468 31.819 0 14.9845 10.0051 13.1112 474.64 0 167.868 108.983 116.674 47.2306 55.4639 9583.78 4564.48 2870.85 2807.52 1262.84 760.637 0 14.4192 0.201132 0 51.09 6.45828 36.0319 22.3746 0 218.299 169.579 151.368 137.617 86.187 3.66763 0.00649608 1.0775 1.82425 1.49669 0.322582 1.00917 0.879561 -0.432346 0.618653 0.996849 
0.0463106 0 0.354527 0.00281097 0 0.624545 0.114218 0.129074 0.00178353 0 0.164541 0.995381 1.27926 0.0602568 0.0510675 0.00856245 0.00713547 0.0272894 0.266251 3.11534 1.96732 0 0.465716 0.252225 0 0.739244 0.0430105 0.373433 0.630644 0 0.0711612 0.287992 0.165081 0.107825 0.379157 0.589874 0.000271144 -0.211687 -0.593624 0.03621 0.044416 0.860448 0.979169 -0.46783 0.61069 0.597164 
4.51661 0 2.74547 50.7901 0 11.8097 -5.15013 22.0214 866.554 0 137.967 -40.4297 220.692 -56.5031 288.274 19536.1 -813.024 2516.53 -595.682 1119.2 -872.289 0 25.77 0.10199 0 108.825 3.79088 26.363 9.99789 0 525.004 23.3137 109.54 27.0928 89.137 7.09577 0.00213254 1.51451 -0.751685 1.49362 1.47856 0.865423 0.27538 -0.25787 0.576791 0.972283 
5.84922 0 1.56243 72.2365 0 10.0381 1.98168 7.32357 1282.55 0 144.91 37.934 125.828 15.4812 57.2129 29273.3 3901.11 2998.21 884.343 838.932 310.907 0 39.3299 0.0732758 0 168.73 1.53058 29.8071 6.49934 0 812.172 159.722 151.203 43.7157 65.5883 1.11036 0.000365046 1.97517 -0.0090064 1.39631 1.24994 1.02106 1.23991 -0.0802766 0.596649 0.961283 
