8.60385e-05 2.99861 1.99952 0.997019 0.999782 1.03703 0.250814 0.983072 -0.1687 0.999759 0 -70.0264 -0.248725 0 -242.913 36.8838 -278.602 -204.67 0 -842.072 -1323.44 -1402.86 -1167.02 -1236.84 -97.2854 
0.0014869 2.99999 1.99703 0.998062 0.914638 0.489039 0.230544 0.999797 -0.97381 0.999337 0 -70.3525 -0.222115 0 -245.488 34.5417 -275.467 -194.842 0 -854.822 -1346.09 -1416.8 -1131.86 -1143.3 -83.5936 
7.59094e-05 2.99988 1.99704 0.998063 0.998791 1.04352 0.345666 0.999925 -0.976352 0.998818 0 -70.1993 -0.246976 0 -243.89 36.8454 -279.881 -205.261 0 -846.241 -1333.61 -1414.98 -1174.82 -1242.03 -97.4842 
0.00218224 2.99844 1.96913 0.997989 0.998443 0.248427 0.175032 0.998188 -0.756209 0.999449 0 -70.1084 -0.228963 0 -244.478 35.7428 -274.152 -199.301 0 -851.783 -1321.74 -1391.21 -1142.85 -1199.37 -93.6091 
0.00102009 2.99864 1.99701 0.998062 0.914638 1.07778 0.23051 0.99974 -0.132672 0.991582 0 -70.2879 -0.222438 0 -245.188 34.5153 -274.649 -194.309 0 -854.023 -1341.54 -1410.49 -1126.95 -1138.89 -83.2993 
0.00122137 2.99859 1.99952 0.99702 0.999782 1.11376 0.220258 0.988216 -0.897188 0.999493 0 -69.9497 -0.247892 0 -242.551 36.8626 -278.67 -204.726 0 -840.22 -1323.17 -1403.95 -1168.11 -1237.85 -97.351 
9.00479e-05 2.99504 1.999 0.997836 0.998791 0.385362 0.345392 0.999925 -0.80042 0.999441 0 -69.8135 -0.248123 0 -241.67 36.8771 -279.039 -205.037 0 -835.452 -1322.47 -1406.77 -1170.98 -1240.17 -97.4478 
0.0328991 2.98458 1.98856 0.997223 0.992731 1.25726 0.252067 0.937164 0.965798 0.690991 0 -67.0077 -0.216466 0 -236.157 33.5426 -238.392 -173.902 0 -852.029 -1159.1 -1147.03 -942.646 -1006.25 -79.2317 
0.00102009 2.99979 1.99703 0.998062 0.914638 1.07895 0.230544 0.999797 -0.97381 0.991582 0 -70.3737 -0.222445 0 -245.655 34.5248 -274.934 -194.452 0 -856.213 -1344.17 -1412.72 -1128.31 -1139.96 -83.3631 
7.59094e-05 2.99997 1.99704 0.998063 0.992652 1.03143 0.345666 0.999925 -0.976352 0.998818 0 -70.2242 -0.245165 0 -244.07 36.6748 -279.594 -204.499 0 -847.139 -1334.87 -1415.43 -1171.77 -1234.66 -96.4061 
2.90444e-05 2.99553 1.99622 0.998063 0.992785 0.98543 0.345666 0.999925 -0.779636 0.998818 0 -69.9022 -0.244753 0 -242.325 36.613 -278.397 -203.809 0 -839.027 -1324.74 -1406.51 -1165.82 -1229.49 -96.0589 
0.000995628 2.99948 1.87922 0.986237 0.988908 1.05031 0.35309 0.997222 -0.772756 0.99856 0 -70.155 -0.175809 0 -244.721 32.4628 -257.522 -181.635 0 -848.56 -1272.63 -1314.63 -1044.14 -1069.53 -81.5052 
7.54877e-05 2.99623 1.99704 0.996888 0.998791 1.04352 0.255514 0.999556 -0.721899 0.999328 0 -69.8603 -0.246975 0 -241.788 36.8151 -278.81 -204.739 0 -835.303 -1321.64 -1405.53 -1169.21 -1237.91 -97.2371 
0.0393119 2.99177 1.99534 0.99429 0.793496 1.12069 0.233291 0.996644 -0.971026 0.999179 0 -67.361 -0.164973 0 -233.714 30.326 -257.165 -173.274 0 -808.301 -1281.47 -1341.51 -1021.63 -970.913 -64.1829 
0.000431477 2.99315 1.99857 0.995324 0.878161 0.398143 0.356076 0.997188 -0.732089 0.996613 0 -69.8517 -0.214095 0 -242.306 33.6425 -271.875 -189.948 0 -837.749 -1327.85 -1398.78 -1104.34 -1097.75 -77.9978 
0.000109413 2.99504 1.99893 0.997836 0.998791 0.385362 0.365058 0.996916 -0.817409 0.999441 0 -69.8126 -0.248069 0 -241.719 36.8611 -278.784 -204.838 0 -835.991 -1321.63 -1405.02 -1169.38 -1238.55 -97.3263 
0.0319759 2.99606 1.99704 0.921126 0.942289 0.297842 0.359824 0.963561 -0.960158 0.962496 0 -63.7685 -0.208297 0 -200.66 33.8634 -250.508 -183.471 0 -604.325 -1056.77 -1179.15 -995.847 -1065.28 -81.135 
0.00231299 2.99842 1.99602 0.970097 0.901747 0.429114 0.364785 0.998761 -0.341088 0.991873 0 -68.6437 -0.217502 0 -230.866 34.1093 -269.042 -190.892 0 -763.144 -1254.13 -1349.69 -1088.79 -1108.27 -80.6364 
0.00433373 2.99871 1.99262 0.9967 0.999782 1.11381 0.2328 0.982317 -0.548962 0.999548 0 -69.7761 -0.241554 0 -242.211 36.4764 -276.166 -202.434 0 -840.293 -1315.45 -1391.65 -1154.68 -1221.7 -95.9651 
9.00479e-05 2.995 1.999 0.997836 0.998791 0.385362 0.40655 0.999925 -0.80042 0.999441 0 -69.8103 -0.248123 0 -241.652 36.8767 -279.029 -205.031 0 -835.37 -1322.37 -1406.69 -1170.93 -1240.13 -97.4451 
7.59371e-05 2.99609 1.99704 0.998063 0.998791 1.04352 0.359685 0.999925 -0.976352 0.999335 0 -69.917 -0.246976 0 -242.337 36.8152 -278.998 -204.809 0 -838.933 -1325.17 -1408.01 -1170.54 -1238.6 -97.2674 
0.0600598 2.96725 1.98904 0.996591 0.995616 1.244 0.242413 0.915759 -0.81406 0.97457 0 -64.0402 -0.197866 0 -218.956 33.5988 -246.457 -181.122 0 -755.398 -1154.03 -1211.53 -1009.04 -1075.17 -84.5978 
0.00231299 2.99835 1.99602 0.970097 0.901747 0.429114 0.364785 0.961335 -0.341088 0.991645 0 -68.639 -0.217502 0 -231.461 33.9559 -266.088 -188.692 0 -769.557 -1244.49 -1329.18 -1070.59 -1090.78 -79.4075 
0.000128748 2.99315 1.99857 0.994726 0.987499 0.401658 0.305366 0.997188 -0.732089 0.996613 0 -69.5297 -0.244516 0 -239.664 36.507 -276.987 -202.786 0 -823.911 -1308.7 -1393.6 -1156.28 -1219.67 -95.0272 
0.0105461 2.98726 1.99681 0.96247 0.999253 1.18812 0.250985 0.999307 -0.313843 0.968063 0 -66.6226 -0.239336 0 -219.221 36.2356 -265.871 -197.728 0 -707.665 -1176.73 -1286.29 -1094.36 -1183.29 -93.855 
0.00114615 2.99979 1.99994 0.998062 0.912502 1.0784 0.230484 0.999797 -0.97381 0.991582 0 -70.3535 -0.2235 0 -245.491 34.5683 -275.293 -194.72 0 -855.281 -1344.91 -1414.47 -1129.96 -1141.28 -83.3658 
9.00479e-05 2.99504 1.98875 0.997826 0.99575 0.335773 0.345392 0.999925 -0.838656 0.999441 0 -69.884 -0.241171 0 -242.365 36.4224 -277.165 -202.722 0 -839.489 -1321.04 -1400.57 -1159.47 -1222.55 -95.6227 
0.00287096 2.99883 1.99924 0.998723 0.998923 1.10455 0.232049 0.997933 -0.787281 0.999653 0 -69.9601 -0.246267 0 -243.019 36.8117 -279.243 -204.946 0 -843.523 -1329.69 -1411.17 -1172.64 -1240.48 -97.4158 
0.00141767 2.99883 1.99924 0.998723 0.998923 1.10455 0.232049 0.995714 -0.787281 0.999653 0 -70.0565 -0.247331 0 -243.404 36.8557 -279.47 -205.114 0 -845.138 -1331.05 -1411.98 -1173.23 -1241.18 -97.4779 
2.30567e-05 2.99859 1.99262 0.979361 0.999786 1.10426 0.250814 0.999733 -0.735006 0.999572 0 -69.0693 -0.244693 0 -233.985 36.7108 -275.905 -203.392 0 -783.431 -1271.19 -1370.22 -1149.19 -1226.26 -96.6483 
0.00599603 2.98443 1.97554 0.954686 0.959365 1.24496 0.246837 0.954784 -0.756154 0.998424 0 -66.5328 -0.218705 0 -217.821 34.4938 -258.917 -188.471 0 -697.215 -1154.04 -1255.22 -1043.95 -1103.52 -84.4409 
8.60385e-05 2.99509 1.99895 0.997018 0.999782 1.03703 0.250814 0.983072 -0.907058 0.999759 0 -69.7681 -0.248391 0 -241.517 36.8332 -277.651 -204.116 0 -835.6 -1315.41 -1395.81 -1162.29 -1232.66 -96.9951 
6.44806e-05 2.99538 1.96111 0.964688 0.942428 1.1911 0.25053 0.870532 -0.368349 0.968521 0 -68.3722 -0.209707 0 -231.206 33.3814 -252.701 -180.42 0 -776.196 -1184 -1234.44 -998.855 -1037.17 -77.8603 
0.0017453 2.98797 1.9992 0.970647 0.943123 1.0801 0.231966 0.878563 -0.341088 0.999233 0 -67.8209 -0.231041 0 -227.957 34.7537 -260.571 -188.579 0 -760.561 -1200.03 -1273.08 -1047.26 -1096.97 -82.9971 
0.00238512 2.99495 1.9999 0.996895 0.987385 1.27154 0.198919 0.974259 -0.900259 0.999557 0 -69.6357 -0.243622 0 -241.243 36.3998 -275.8 -201.71 0 -835.742 -1311.57 -1388.28 -1149.46 -1211.62 -94.3899 
0.00236122 2.99859 1.99262 0.996892 0.999782 1.10426 0.250814 0.982317 -0.735006 0.999547 0 -69.9083 -0.242992 0 -242.731 36.547 -276.715 -202.833 0 -842.356 -1318.39 -1394.58 -1157.03 -1224.1 -96.1542 
0.00567214 2.86614 1.82979 0.997583 0.999797 0.151432 0.159493 0.620575 -0.756074 0.991703 0 -61.337 -0.148876 0 -207.234 28.6253 -198.567 -142.279 0 -720.602 -940.776 -923.976 -745.035 -787.288 -61.4568 
0.000557182 2.99706 1.97611 0.983773 0.987846 1.14723 0.35255 0.909157 -0.758481 0.998424 0 -69.3046 -0.231097 0 -238.274 35.3734 -265.666 -193.413 0 -817.553 -1255.98 -1317.11 -1085.83 -1146.75 -89.3115 
0.00237568 2.98775 1.99729 0.970094 0.999616 0.940346 0.244996 0.998046 -0.716998 0.999566 0 -67.5768 -0.245684 0 -224.328 36.6909 -271.812 -201.783 0 -731.969 -1217.26 -1329.53 -1127.31 -1213.31 -96.0471 
0.0027403 2.98458 1.99698 0.996969 0.992731 0.929909 0.216197 0.937164 0.894886 0.690991 0 -68.8448 -0.243203 0 -242.642 34.8668 -246.954 -180.772 0 -874.448 -1195.7 -1186.49 -978.801 -1047.44 -82.6541 
0.00217372 2.99534 1.99893 0.99879 0.988463 1.10593 0.141225 0.996429 -0.465665 0.99826 0 -69.7849 -0.243509 0 -242.12 36.4937 -277.792 -203.111 0 -839.584 -1323.95 -1404.31 -1162.29 -1223.52 -95.2927 
0.00219256 2.99859 1.99952 0.998027 0.999782 1.11376 0.220258 0.988216 -0.755959 0.999576 0 -69.9432 -0.24718 0 -242.844 36.8271 -278.571 -204.587 0 -842.8 -1325.12 -1404.81 -1168.14 -1237.24 -97.2799 
0.0041535 2.9879 1.97209 0.99631 0.987443 1.11285 0.222536 0.99993 -0.853045 0.969574 0 -69.1287 -0.226054 0 -239.43 35.2735 -268.615 -195.063 0 -829.737 -1285.51 -1352.25 -1110.24 -1163.86 -90.2752 
0.00237575 2.98775 1.99729 0.996 0.999491 0.940346 0.215265 0.999392 -0.716998 0.998465 0 -69.0252 -0.245642 0 -237.352 36.6826 -275.97 -203.211 0 -814.588 -1296.54 -1383.89 -1155.56 -1227.06 -96.5829 
0.00168435 2.98785 1.99236 0.998792 0.973593 1.10348 0.253959 0.999693 -0.735285 0.916958 0 -69.3471 -0.235687 0 -241.233 35.4786 -268.233 -194.64 0 -843.446 -1288.5 -1344.93 -1102.52 -1153.58 -88.8556 
0.0104843 2.98711 1.99874 0.99665 0.988951 0.401561 0.355266 0.970189 -0.962367 0.999251 0 -68.4726 -0.237608 0 -236.098 36.0175 -271.206 -198.78 0 -814.541 -1281.36 -1358.74 -1128.32 -1192.47 -93.1072 
0.00236577 2.99988 1.99704 0.998061 0.998788 1.07945 0.345666 0.982281 -0.976352 0.998792 0 -70.046 -0.245324 0 -243.625 36.6853 -277.848 -203.718 0 -847.406 -1325.81 -1401.87 -1163.22 -1230.37 -96.6093 
6.50944e-05 2.99546 1.95958 0.964633 0.998585 1.18713 0.703934 0.999957 -0.713152 0.968521 0 -68.2195 -0.224969 0 -227.935 35.3476 -264.975 -194.136 0 -748.592 -1207.11 -1298.55 -1083.69 -1155.77 -90.8078 
0.00217648 2.99821 1.9953 0.996173 0.98589 1.36473 0.258682 0.998188 -0.757441 0.987761 0 -69.8845 -0.240632 0 -242.362 36.2801 -276.636 -201.799 0 -839.385 -1319.44 -1397.13 -1153.57 -1212.57 -94.2 
0.00570713 2.86226 1.99442 0.997015 0.998568 0.380088 0.242996 0.963131 -0.784632 0.97931 0 -60.1031 -0.24126 0 -191.99 35.1313 -241.875 -183.503 0 -617.189 -1029.97 -1134.35 -985.5 -1077.84 -86.3891 
5.91649e-05 2.99859 1.99262 0.99677 0.999782 0.986345 0.326401 0.982317 -0.754565 0.999278 0 -70.0539 -0.244666 0 -243.223 36.63 -277.307 -203.283 0 -843.923 -1320.99 -1397.38 -1159.44 -1226.72 -96.3666 
0.000872686 2.99504 1.999 0.996977 0.998791 0.400334 0.217446 0.999348 -0.80042 0.999441 0 -69.7099 -0.247548 0 -241.041 36.8459 -278.635 -204.791 0 -832.008 -1318.54 -1403.49 -1168.81 -1238.44 -97.3307 
0.00357791 2.99532 1.98491 0.996971 0.991084 1.05447 0.213369 0.91306 -0.739219 0.99831 0 -69.661 -0.235016 0 -242.976 35.663 -268.421 -195.531 0 -851.361 -1290.99 -1344.19 -1106.02 -1165.26 -90.9153 
0.00301742 2.99013 1.97496 0.987828 0.995986 0.306722 0.269169 0.984852 -0.917843 0.974563 0 -68.8329 -0.231053 0 -236.022 35.6251 -268.204 -196.077 0 -806.64 -1262.21 -1336.1 -1106.97 -1171.66 -91.7636 
6.59208e-05 2.99553 1.99622 0.998063 0.992645 0.98543 0.345666 0.999925 -0.985665 0.998818 0 -69.9002 -0.244686 0 -242.319 36.6078 -278.38 -203.784 0 -839.013 -1324.71 -1406.47 -1165.7 -1229.27 -96.0307 
0.000640484 2.99841 1.99825 0.983764 0.999829 1.46805 0.358733 0.981875 0.843361 0.999293 0 -69.2324 -0.247588 0 -235.971 36.8133 -275.909 -203.457 0 -798.043 -1279.93 -1371.71 -1149.44 -1226.33 -96.7211 
0.00147625 2.98419 1.97574 0.954686 0.93378 1.2662 0.26046 0.908678 -0.757387 0.998386 0 -66.8656 -0.214852 0 -219.983 33.8013 -255.422 -183.803 0 -710.293 -1151.86 -1238.36 -1016.11 -1060.63 -79.4699 
0.00141767 2.99883 1.99924 0.996595 0.999584 1.10455 0.232049 0.910657 -0.787281 0.999653 0 -69.9326 -0.247526 0 -243.676 36.5109 -272.486 -200.009 0 -852.679 -1301.4 -1360.52 -1129.32 -1199.29 -94.4817 
0.000316923 2.99871 1.99257 0.9967 0.999782 1.14301 0.2328 0.982317 -0.81635 0.999683 0 -70.0423 -0.244449 0 -243.171 36.6216 -277.278 -203.257 0 -843.649 -1320.8 -1397.3 -1159.36 -1226.62 -96.356 
0.00101907 2.9874 1.99701 0.996773 0.989676 1.15306 0.22118 0.974268 -0.900259 0.999289 0 -69.1674 -0.243582 0 -238.583 36.3436 -273.949 -200.763 0 -823.107 -1295.25 -1373.72 -1140.33 -1204.75 -94.0895 
0.00122559 2.95975 1.97554 0.995823 0.959365 1.24625 0.218344 0.999416 -0.313666 0.9986 0 -67.3066 -0.222069 0 -228.757 34.6356 -264.157 -191.155 0 -776.386 -1239.62 -1322.56 -1084.74 -1127.72 -85.7752 
0.00567214 2.86543 1.96934 0.997015 0.999797 0.151432 0.271456 0.989388 -0.78147 0.99952 0 -60.4603 -0.227013 0 -193.724 34.5261 -242.264 -182.343 0 -622.356 -1042.11 -1148.98 -988.979 -1072.86 -85.5038 
0.167571 0.0710348 1.99873 0.82734 0.984654 1.05622 0.305343 0.999358 0.948196 0.896672 0 4.30814 -0.122947 0 4.45197 8.66975 0.276326 -10.4524 0 5.08094 7.1702 8.1821 1.04576 -18.143 -2.82984 
0.00085116 2.99361 1.80071 0.99557 0.987392 1.06839 0.278518 0.984101 -0.409093 0.98733 0 -70.703 -0.132689 0 -252.121 29.8014 -243.26 -166.762 0 -899.75 -1265.44 -1261.78 -966.648 -965.384 -72.2714 
0.0026526 2.99493 1.99817 0.995982 0.986002 0.401561 0.355266 0.903827 -0.29967 0.999251 0 -69.5642 -0.242037 0 -241.972 35.9892 -269.71 -196.946 0 -845.38 -1289.46 -1346.4 -1111.54 -1173.03 -91.4097 
0.00235714 2.99567 1.99262 0.996528 0.99891 1.10411 0.265242 0.974511 -0.715878 0.633404 0 -69.6741 -0.24274 0 -247.387 34.9026 -247.85 -181.223 0 -897.917 -1209.78 -1194.29 -984.005 -1053.61 -83.3898 
3.91816e-06 2.9883 1.82492 0.964633 0.999378 1.21692 0.267835 0.928457 -0.736081 0.98035 0 -68.4705 -0.149744 0 -233.898 30.6215 -237.869 -167.02 0 -791.125 -1153.58 -1179.59 -933.622 -963.279 -73.9603 
0.0314371 2.99834 1.99261 0.996892 0.970205 1.10426 0.250794 0.988452 -0.735006 0.917958 0 -68.0483 -0.213487 0 -237.532 34.3877 -261.497 -188.965 0 -833.588 -1264.52 -1314.54 -1072.75 -1119.21 -85.8508 
6.44806e-05 2.99526 1.96111 0.983268 0.955882 1.1911 0.249598 0.870532 -0.368349 0.968215 0 -69.3587 -0.21349 0 -240.153 33.723 -256.051 -182.856 0 -833.549 -1235.6 -1269.3 -1022.78 -1059.69 -80.1814 
0.00189683 2.98439 1.97625 0.984355 0.995758 1.02629 0.234015 0.908678 -0.75659 0.968126 0 -68.294 -0.232536 0 -233.541 35.3126 -260.496 -190.831 0 -799.526 -1219.98 -1277.11 -1060.01 -1128.53 -88.7185 
0.000725982 2.98768 1.99259 0.964633 0.999259 1.19239 0.237826 0.998954 -0.734104 0.967258 0 -67.4112 -0.244006 0 -222.815 36.4391 -268.171 -199.031 0 -723.481 -1194.7 -1301.18 -1103.54 -1190.43 -94.3092 
0.0166231 2.87996 1.82418 0.998505 0.999992 0.257439 0.215885 0.999358 -0.676731 0.99806 0 -61.6572 -0.138984 0 -204.978 29.653 -222.72 -159.13 0 -684.726 -1042.03 -1093.3 -882.51 -916.006 -70.6528 
0.00099814 2.99528 1.99112 0.98314 0.986227 1.37844 0.232762 0.907729 -0.79799 0.999926 0 -69.0273 -0.239112 0 -236.281 35.8295 -267.413 -195.62 0 -806.789 -1252.7 -1320.99 -1095.79 -1161.89 -90.6706 
8.60385e-05 2.9984 1.99942 0.997019 0.986374 0.212258 0.232911 0.909611 -0.875221 0.999759 0 -70.0511 -0.244723 0 -244.356 36.1927 -272.107 -198.589 0 -856.08 -1305.55 -1362.6 -1123.88 -1184.88 -92.3085 
0.000629198 2.99526 1.99504 0.997097 0.987919 1.04926 0.175293 0.916403 -0.785536 0.934103 0 -69.8084 -0.242185 0 -244.19 35.7829 -265.951 -193.968 0 -861.566 -1281.38 -1320.96 -1087.28 -1148.64 -89.699 
0.00160671 2.84063 1.96949 0.997891 0.998399 0.284145 0.278347 0.906744 -0.787968 0.99988 0 -59.115 -0.22958 0 -187.872 34.0836 -232.309 -175.698 0 -603.596 -987.245 -1078.95 -933.635 -1019.94 -81.6232 
0.00101062 2.49405 1.87853 0.996748 0.999837 1.11662 0.352902 0.946674 0.889676 0.999293 0 -39.8197 -0.178634 0 -99.8341 28.6849 -161.003 -129.979 0 -251.992 -515.363 -634.862 -604.109 -701.588 -57.9728 
0.00160671 2.84063 1.99545 0.996075 0.985847 1.37946 0.278129 0.906744 -0.787968 0.988522 0 -58.9144 -0.241121 0 -186.104 34.5902 -234.399 -177.875 0 -593.945 -985.312 -1083.29 -942.294 -1030.89 -82.1207 
0.000731031 2.98768 1.9924 0.99932 0.999259 1.19239 0.237826 0.995713 -0.785708 0.967258 0 -69.3514 -0.243896 0 -240.314 36.4108 -273.388 -200.699 0 -834.737 -1298.98 -1371 -1138.98 -1206.76 -94.8942 
0.0833618 2.92501 1.99357 0.971064 0.99858 0.177449 0.251443 0.895056 -0.790254 0.954494 0 -58.0624 -0.184301 0 -187.452 32.4774 -225.877 -169.607 0 -604.274 -974.005 -1053.12 -906.518 -993.188 -79.3825 
0.0097892 2.9879 1.97209 0.979032 0.987443 1.14226 0.222536 0.999891 -0.85786 0.969372 0 -67.7985 -0.222034 0 -229.401 35.0772 -264.404 -193.016 0 -769.496 -1225.82 -1309.26 -1085.74 -1148.45 -89.4058 
0.00357791 2.99532 1.98459 0.99804 0.988392 1.05342 0.359685 0.902172 -0.976352 0.99831 0 -69.7315 -0.234084 0 -243.786 35.5314 -267.575 -194.57 0 -857.237 -1291.79 -1340.5 -1100.38 -1157.22 -90.0755 
0.00181647 2.99535 1.79739 0.973304 0.987788 1.0616 0.359879 0.961202 -0.845064 0.949468 0 -69.5299 -0.130464 0 -242.319 29.481 -235.429 -162.166 0 -839.698 -1186.47 -1189.54 -918.988 -928.849 -69.97 
0.000978425 2.98309 1.95708 0.996968 0.987385 1.09717 0.277538 0.933383 -0.94741 0.998448 0 -69.1097 -0.219581 0 -240.103 34.6659 -263.104 -190.254 0 -837.266 -1268.43 -1319.91 -1077.26 -1126.66 -87.2528 
0.00236577 2.99842 1.99704 0.998061 0.998797 1.07945 0.34733 0.837909 -0.976352 0.998792 0 -69.9377 -0.245327 0 -245.389 36.0567 -266.329 -195.082 0 -869.426 -1283.66 -1320.97 -1092.35 -1160.56 -91.4545 
0.00248437 2.99533 1.97697 0.970303 0.988687 1.21826 0.26863 0.999899 -0.738553 0.968974 0 -68.296 -0.230466 0 -229.322 35.6027 -267.546 -195.922 0 -759.144 -1225.22 -1317.22 -1098 -1166.91 -91.1121 
0.00176358 2.98775 1.99634 0.970227 0.999616 0.949852 0.244996 0.93363 -0.341088 0.991826 0 -67.63 -0.245573 0 -225.774 36.3717 -266.267 -197.463 0 -745.536 -1200.52 -1291.83 -1092.43 -1177.91 -93.3965 
0.000680914 2.99497 1.97579 0.987674 0.995727 1.0398 0.237867 0.996958 -0.608266 0.998627 0 -69.3397 -0.233126 0 -237.8 35.9229 -272.894 -199.387 0 -810.412 -1284.82 -1368.06 -1133.31 -1197.13 -93.6052 
0.00141262 2.99883 1.74514 0.963624 0.998923 1.10455 0.232049 0.998955 -0.735677 0.892576 0 -69.5246 -0.106581 0 -241.896 28.1697 -226.331 -154.325 0 -834.245 -1149.76 -1139.86 -870.76 -877.144 -66.2259 
0.000617479 2.99526 1.98487 0.996881 0.987919 1.04854 0.175293 0.916403 -0.762306 0.998701 0 -69.858 -0.236203 0 -243.633 35.696 -269.308 -195.928 0 -853.202 -1295.94 -1349.99 -1109.31 -1166.63 -90.7745 
0.00150847 2.98443 1.97554 0.982683 0.959365 1.24501 0.176592 0.908678 -0.820184 0.999271 0 -68.3446 -0.221865 0 -233.183 34.457 -260.89 -188.188 0 -793.623 -1229.27 -1292.25 -1055.84 -1101.45 -83.865 
0.00160662 2.84063 1.98426 0.986381 0.985847 1.37598 0.278129 0.959656 -0.787968 0.972826 0 -58.479 -0.234535 0 -181.902 34.3688 -233.95 -177.52 0 -566.308 -966.68 -1077.26 -939.394 -1029.09 -81.9083 
0.00148201 2.98425 1.95126 0.997838 0.987724 0.381296 0.17754 0.99704 -0.756374 0.999575 0 -69.239 -0.215947 0 -240.184 34.7296 -267.4 -193.05 0 -832.864 -1288.88 -1354.4 -1104.46 -1150.6 -88.8511 
0.00237063 2.99845 1.80657 0.99972 0.999782 1.19262 0.354986 0.982457 0.850326 0.968086 0 -71.1298 -0.138542 0 -255.597 30.2093 -244.532 -168.498 0 -922.028 -1279.72 -1268.52 -975.501 -980.376 -74.2586 
0.00245853 2.98833 1.99715 0.996971 0.99103 0.958488 0.215514 0.999358 -0.730603 0.896672 0 -69.1441 -0.243014 0 -239.937 36.0119 -267.907 -196.246 0 -837.4 -1275.45 -1332.08 -1103.53 -1168.9 -91.5415 
0.00237063 2.99845 1.80669 0.998067 0.999782 1.10426 0.354986 0.982465 -0.988346 0.999554 0 -71.032 -0.138601 0 -254.239 30.3243 -246.629 -170.085 0 -911.128 -1283.53 -1282.04 -988.038 -992.91 -75.1564 
0.00218569 2.98769 1.99236 0.998948 0.999247 1.19099 0.254278 0.96421 -0.734594 0.969202 0 -69.2366 -0.242809 0 -240.269 36.2306 -270.614 -198.613 0 -837.452 -1288.14 -1351.97 -1122.28 -1190.25 -93.6717 
0.0390442 2.99177 1.99537 0.992145 0.795705 1.12069 0.219001 0.974235 -0.971026 0.999179 0 -67.2566 -0.165637 0 -233.027 30.3001 -255.317 -172.216 0 -805.209 -1269.32 -1325.63 -1010.44 -962.832 -63.7951 
0.00114513 2.9874 1.99994 0.996773 0.98755 1.15252 0.22112 0.974268 -0.900259 0.999289 0 -69.1479 -0.244603 0 -238.424 36.3858 -274.297 -201.022 0 -822.203 -1295.98 -1375.42 -1141.92 -1206 -94.0746 
0.0318931 2.98785 1.99236 0.998802 0.999829 1.10348 0.253959 0.964267 -0.734594 0.916958 0 -67.2873 -0.221395 0 -234.021 34.9565 -258.744 -189.739 0 -821.112 -1236.08 -1284.43 -1064.66 -1131.33 -89.1557 
0.00219431 2.99487 1.98815 0.970282 0.988795 1.02961 0.26863 0.999547 -0.741486 0.968974 0 -68.2071 -0.237259 0 -228.51 36.0074 -269.31 -197.966 0 -754.571 -1226.3 -1322.97 -1107.98 -1181.38 -92.4663 
0.00433373 2.37155 1.99428 0.970068 0.999876 1.10498 0.2328 0.982317 -0.548962 0.999548 0 -32.303 -0.242555 0 -64.6383 31.1846 -150.962 -132.916 0 -115.491 -367.51 -523.124 -567.024 -713.753 -62.2268 
0.00118541 2.98448 1.99814 0.985397 0.987036 1.42971 0.266741 0.89351 0.650797 0.967686 0 -68.3064 -0.243363 0 -233.433 35.8061 -262.769 -193.024 0 -799.719 -1225.56 -1285.02 -1070.26 -1140.65 -89.3979 
0.107015 0.159248 1.8123 0.996929 0.988816 1.05523 0.152647 0.998092 -0.762232 0.980705 0 2.76558 -0.0726299 0 4.83401 8.81261 -4.14004 -13.0646 0 8.32771 8.99639 2.69364 -9.79967 -34.4099 -3.83055 
0.0025866 2.99495 1.79737 0.963366 0.891548 1.25542 0.358733 0.981688 -0.812118 0.999293 0 -69.1814 -0.103258 0 -238.137 27.4088 -234.325 -154.824 0 -806.281 -1189.67 -1206.64 -897.024 -859.124 -59.1451 
0.00235714 2.99567 1.99262 0.99918 0.998914 1.38036 0.249777 0.976192 -0.715685 0.633359 0 -69.8347 -0.242739 0 -248.767 34.9094 -248.382 -181.462 0 -906.709 -1217.96 -1200.31 -987.465 -1055.7 -83.5025 
0.00176358 2.98775 2 0.970227 0.999707 0.949852 0.245657 0.93363 -0.925551 0.999591 0 -67.6076 -0.247761 0 -225.42 36.5382 -267.471 -198.609 0 -742.905 -1203 -1298.04 -1099.62 -1186.63 -94.1427 
0.00175791 2.98775 1.99634 0.964736 0.942396 0.950652 0.353294 0.932446 -0.341088 0.838316 0 -67.4969 -0.229161 0 -226.907 34.1889 -250.979 -181.506 0 -761.167 -1155.82 -1203.94 -988.581 -1040.96 -78.9197 
0.00567214 2.86543 1.96934 0.997015 0.999629 0.151432 0.271456 0.989388 -0.987209 0.99952 0 -60.4608 -0.226964 0 -193.723 34.5211 -242.259 -182.321 0 -622.373 -1042.14 -1148.99 -988.903 -1072.68 -85.4773 
0.00101062 2.99525 1.87853 0.983145 0.999829 1.38774 0.352902 0.948391 0.889676 0.999293 0 -69.6435 -0.178632 0 -241.984 32.5122 -252.96 -179.547 0 -837.469 -1239.67 -1275.12 -1019.38 -1054.68 -81.3649 
0.0941611 2.98443 1.99918 0.998712 0.995757 0.871597 0.253225 0.908678 -0.7588 -0.534635 0 -62.7612 -0.178709 0 -237.32 26.8126 -158.053 -116.018 0 -944.229 -761.336 -666.504 -577.069 -650.956 -50.9662 
0.00237436 2.99859 1.9512 0.998463 0.999827 1.10436 0.246357 0.941491 -0.735006 0.959187 0 -70.2442 -0.218853 0 -247.37 34.7488 -263.793 -190.548 0 -876.493 -1293.37 -1327.96 -1080.03 -1131.57 -88.333 
7.47056e-05 2.99538 1.96111 0.970179 0.999008 1.1903 0.244919 0.871715 -0.368349 0.968521 0 -68.5083 -0.225972 0 -232.606 34.8794 -256.312 -187.375 0 -786.72 -1190.95 -1243.14 -1030.93 -1101.6 -86.8009 
0.00218224 2.9999 1.96913 0.997989 0.964387 0.248427 0.173367 0.997763 -0.756209 0.980013 0 -70.3176 -0.219081 0 -246.187 34.7508 -271.248 -194.149 0 -862.025 -1325.4 -1384.19 -1117.69 -1151.47 -87.3212 
0.0017453 2.98774 1.99602 0.970227 0.943123 0.423324 0.35186 0.998761 -0.341088 0.99151 0 -67.7947 -0.22918 0 -226.01 35.1076 -268.55 -194.448 0 -740.867 -1225.76 -1329.09 -1096.4 -1144.13 -86.3459 
0.161369 0.0710348 1.99874 0.826961 0.875335 1.05271 0.356053 0.999358 0.948196 0.896672 0 4.1215 -0.102965 0 4.37557 8.35917 -0.518365 -9.86552 0 5.03975 6.95348 6.84765 -0.327598 -18.9101 -2.07991 
0.00150202 2.81349 1.99648 0.967945 0.987904 0.981366 0.275468 0.959453 -0.954291 0.999484 0 -55.7199 -0.242405 0 -164.462 34.732 -229.204 -177.177 0 -477.405 -881.991 -1021.21 -916.659 -1025.21 -82.5838 
0.00147179 2.99849 1.98815 0.971242 0.98919 1.11818 0.267831 0.999616 -0.756155 0.968107 0 -68.5735 -0.237895 0 -230.579 36.0712 -270.472 -198.613 0 -764.638 -1237.53 -1332.06 -1113.75 -1186.19 -92.8088 
0.113341 2.95986 1.8123 0.995947 0.988814 1.05523 0.170543 0.996935 -0.756431 0.991426 0 -60.8896 -0.0687541 0 -211.358 26.654 -212.619 -147.257 0 -737.383 -1067.3 -1084.89 -844.441 -853.29 -64.216 
0.00168435 2.98785 1.99196 0.998792 0.973593 1.10342 0.440332 0.999773 -0.36938 0.920092 0 -69.3491 -0.235488 0 -241.206 35.4782 -268.413 -194.754 0 -843.041 -1289.28 -1346.41 -1103.68 -1154.56 -88.918 

