0.00288924 -2.98429 1.95439 0.999293 0.954015 0.222728 0.683954 -0.992604 -0.057805 -0.96156 0 -69.3053 -0.207286 0 -241.877 -39.1401 -256.835 191.303 0 -846.611 1261.89 -1303.84 1058.46 -1101.46 91.0278 
0.000294794 -2.99906 1.99559 0.999727 0.999883 0.217849 0.213933 -0.999033 -0.145346 -0.998957 0 -70.2239 -0.246279 0 -244.452 -42.7734 -273.051 209.088 0 -850.687 1309.21 -1380.53 1157.55 -1245 106.391 
0.0744197 -2.99908 1.99544 0.999724 0.989477 0.217849 0.613105 -0.999033 -0.025659 -0.99749 0 -65.0112 -0.192789 0 -226.589 -39.2933 -252.236 192.448 0 -789.074 1213.54 -1277.99 1066.51 -1140.37 96.8411 
0.000294794 -2.99975 1.99559 0.897931 0.99948 0.217487 0.213933 -0.999033 -0.145346 -0.998011 0 -64.7684 -0.24616 0 -195.962 -42.7401 -257.361 203.631 0 -551.033 1018.16 -1178.5 1051.49 -1192.37 104.241 
0.00171852 -2.99906 1.99559 0.999727 0.968491 0.222131 0.213933 -0.99682 -0.145346 -0.998957 0 -70.2173 -0.236099 0 -244.872 -41.7487 -271.077 204.899 0 -853.564 1312.4 -1379.32 1140.55 -1205.29 100.723 
0.0118918 -2.99906 1.99183 0.997964 0.999883 0.217849 0.213933 -0.999033 -0.145346 -0.998957 0 -69.3317 -0.235601 0 -240.93 -42.1154 -268.996 205.887 0 -836.244 1287.84 -1358.56 1138.7 -1224.55 104.646 
0.0311579 -2.99663 1.96825 0.972262 0.394446 0.215648 0.244241 -0.71257 0.134246 -0.966225 0 -67.7743 -0.0870515 0 -238.533 -26.2295 -213.972 131.749 0 -841.462 1170.71 -1122.05 751.825 -598.001 35.7108 
0.0089666 -2.99685 1.97671 0.999277 0.968255 0.237314 0.62646 -0.992985 -0.0652202 -0.965102 0 -69.6278 -0.220245 0 -243.728 -40.3882 -262.576 197.444 0 -854.98 1283.78 -1332.74 1093.57 -1151.29 96.1896 
0.00232186 -2.99921 1.75812 0.99797 0.973744 0.370764 0.656888 -0.904127 0.138765 -0.935122 0 -71.416 -0.105552 0 -259.948 -31.6946 -222.696 156.706 0 -954.473 1218.19 -1153.51 868.609 -863.232 70.8408 
0.0245645 -2.99929 -1.39384 0.986572 0.344254 0.11489 0.629708 -0.942183 -0.0246372 -0.99511 0 -72.1054 0.192283 0 -312.154 4.31424 -3.98935 0.451126 0 -1364.76 72.1659 27.8909 -3.36838 -14.4621 2.48554 
0.00881646 -2.99832 1.99172 0.998734 0.982143 0.129705 0.186864 -0.961572 -0.142701 -0.998161 0 -69.5898 -0.232605 0 -242.825 -41.4644 -266.007 202.071 0 -848.818 1286.05 -1343.39 1115.38 -1188.62 100.495 
0.00778239 -2.9809 1.97222 0.993387 0.406395 0.694278 0.227459 -0.988818 -0.0228959 -0.961689 0 -69.4097 -0.104497 0 -243.988 -28.4458 -239.498 148.736 0 -854.415 1297.79 -1302.21 888.391 -706.091 41.9239 
0.0214931 -2.999 1.97581 0.9995 0.346622 0.233867 0.159501 -0.995534 -0.0571757 -0.386969 0 -70.1393 -0.091811 0 -259.969 -24.7682 -200.871 120.937 0 -986.607 1186.39 -1054.21 685.308 -530.543 31.1655 
0.0303953 -2.99587 1.98663 0.954163 0.984175 0.323857 0.246021 -0.98213 -0.0343653 -0.980593 0 -65.5113 -0.214731 0 -215.07 -40.3912 -252.38 194.588 0 -689.233 1122.38 -1220.09 1040.37 -1135.51 97.1336 
0.0026661 -2.99618 0.800785 0.996818 0.991327 0.196962 0.227328 -0.808629 -0.000815423 -0.945482 0 -74.7513 0.251632 0 -299.611 -8.53313 -102.898 53.5417 0 -1205.07 908.334 -603.34 318.296 -239.253 18.6889 
0.00253146 -2.99613 1.97663 0.998643 0.996726 0.184023 0.11475 -0.806596 -0.00307661 -0.97257 0 -69.9104 -0.232572 0 -246.916 -40.3977 -251.77 191.673 0 -884.023 1237.19 -1243.38 1028.58 -1107.93 95.4606 
0.0145265 -2.99616 1.98032 0.959488 0.9997 0.185847 0.61295 -0.993687 -0.0366554 -0.919895 0 -66.8718 -0.227661 0 -222.05 -40.957 -253.415 195.908 0 -725.424 1141.57 -1221.66 1041.55 -1143.54 98.969 
0.0117857 -2.99976 1.97682 0.999331 0.305987 0.435253 0.613689 -0.982281 -0.0496633 -0.974116 0 -70.9109 -0.0948779 0 -254.143 -27.5842 -242.788 146.783 0 -908.509 1361.32 -1347.23 895.63 -683.622 38.8384 
0.196066 -2.99832 1.99172 0.998734 0.413507 0.129705 0.23476 -0.95652 -0.142701 -0.998161 0 -57.3984 -0.00283441 0 -204.563 -23.8278 -200.562 125.299 0 -727.334 1099.68 -1100.16 752.325 -600.655 36.0198 
0.028656 -2.99619 1.98248 0.907057 0.972874 0.240657 0.229439 -0.907413 0.0745353 -0.963458 0 -63.2904 -0.210397 0 -196.411 -39.4133 -238.391 185.502 0 -580.725 983.659 -1092.16 949.223 -1057.51 91.1085 
0.00861622 -2.98887 1.99903 0.998804 0.946931 0.215318 0.626951 -0.989164 -0.0261924 -0.970044 0 -68.9667 -0.227513 0 -239.47 -40.6463 -263.433 198.191 0 -832.916 1272.96 -1332.48 1095.9 -1149.94 95.0981 
0.00538889 -2.82196 1.92913 0.999312 0.451114 0.242297 0.593821 -0.984109 -0.0493287 -0.85661 0 -59.1832 -0.0870364 0 -193.239 -25.9222 -197.149 126.701 0 -639.245 976.477 -996.263 702.048 -576.732 36.1431 
0.000411405 -2.99903 1.95535 0.993042 0.992208 0.229514 0.735346 -0.991731 -0.0229453 -0.969686 0 -70.0943 -0.220415 0 -244.147 -40.5904 -262.297 198.197 0 -849.68 1273.16 -1323.2 1091.82 -1161.15 98.4807 
0.0304904 -2.98124 1.97267 0.99989 0.999883 0.697449 0.213933 -0.999033 -0.0306676 -0.959926 0 -66.9973 -0.211134 0 -232.151 -40.1026 -254.242 194.33 0 -807.405 1218.82 -1273.87 1063.93 -1143.01 97.9576 
0.00215299 -2.99896 1.99164 0.997916 0.987707 0.218553 0.642674 -0.990407 -0.404527 -0.964305 0 -70.0411 -0.239129 0 -244.248 -41.8836 -267.657 203.797 0 -853.231 1291.24 -1348.71 1122.61 -1200.61 101.943 
0.0283384 -2.97988 1.99389 0.999139 0.35325 0.219748 0.227328 -0.974297 -0.0251731 -0.934616 0 -68.1415 -0.0988653 0 -241.26 -27.8265 -234.496 144.815 0 -855.316 1282.94 -1276.44 864.695 -678.375 39.7276 
0.0240218 -2.9967 1.98038 0.998169 0.962766 0.214659 0.730378 -0.911773 -0.00217682 -0.886501 0 -68.4776 -0.211388 0 -241.844 -38.82 -246.744 185.387 0 -864.249 1221.76 -1228.84 1002.23 -1059.16 89.0487 
0.0309468 -2.99666 1.99436 0.93269 0.252816 0.216071 0.227328 -0.907413 0.107305 -0.961959 0 -65.694 -0.0888332 0 -216.676 -26.7731 -224.36 138.165 0 -692.067 1122.19 -1165.94 795.959 -624.452 35.7984 
0.0286935 -2.99666 1.54557 0.93269 0.248736 0.213983 0.227328 -0.907413 0.107305 -0.954089 0 -68.1878 0.138741 0 -241.119 -13.5017 -160.998 79.7871 0 -831.172 1043.01 -902.788 494.626 -305.23 15.1687 
0.00405668 -2.9926 1.98015 0.996521 0.99999 0.23348 0.292543 -0.992902 -0.0366927 -0.963803 0 -69.3909 -0.234524 0 -240.863 -41.627 -264.3 202.026 0 -837.182 1266.87 -1325.21 1107.76 -1191.71 102.076 
0.0304904 -2.49683 1.99559 0.999689 0.997801 0.365316 0.614163 -0.999502 0.331761 -0.998957 0 -38.2241 -0.225096 0 -92.535 -36.0773 -165.389 147.321 0 -221.194 499.216 -642.205 653.961 -797.454 75.9453 
0.0089666 -2.99687 1.97671 0.999277 0.989012 0.237314 0.61295 -0.992985 -0.0496633 -0.96376 0 -69.5683 -0.226188 0 -243.281 -40.9935 -263.4 199.79 0 -852.839 1279.86 -1330.88 1102.13 -1174.13 99.5854 
0.043228 -2.99663 1.9682 0.972372 0.439729 0.192463 0.294962 -0.969251 0.114119 -0.967063 0 -66.8787 -0.0854535 0 -231.254 -27.7262 -230.284 144.34 0 -788.626 1216.69 -1233.88 850.388 -688.685 41.5582 
0.000211179 -2.99615 1.94258 0.952156 0.98241 0.246396 0.620119 -0.96469 0.0841567 -0.87409 0 -67.7268 -0.210299 0 -225.574 -39.0089 -243.922 185.462 0 -741.215 1117.66 -1169.34 976.526 -1056.88 90.3971 
0.00893502 -2.99685 1.97996 0.999305 0.985012 0.230765 0.649806 -0.918448 -0.0261219 -0.963335 0 -69.5621 -0.226998 0 -244.403 -40.5579 -258.012 195.555 0 -865.104 1262.01 -1293.03 1067.41 -1138.41 96.7359 
0.00727933 -2.90663 1.98504 0.99723 0.4753 0.223556 0.288372 -0.983134 0.000770405 -0.991918 0 -64.2304 -0.121222 0 -215.831 -29.4424 -230.05 149.226 0 -724.465 1158.49 -1206.99 862.299 -719.935 45.0821 
0.001723 -2.99974 0.970664 0.936285 0.446496 0.242331 0.242014 -0.992985 -0.0496633 -0.954612 0 -72.4745 0.32276 0 -272.835 -4.89967 -104.821 40.544 0 -1000.29 952.72 -651.567 279.72 -136.26 6.69917 
0.0016215 -2.9992 1.98516 0.999821 0.372291 0.381691 0.139786 -0.903514 -0.126728 -0.981055 0 -71.5119 -0.111786 0 -256.917 -28.4826 -242.151 148.629 0 -925.175 1353.82 -1326.9 891.261 -697.683 40.84 
0.00232186 -2.99917 1.99162 0.997981 0.973744 0.0806723 0.656888 -0.990407 -0.0272078 -0.935122 0 -70.0898 -0.234967 0 -245.13 -41.2796 -264.791 200.422 0 -860.418 1286.65 -1334.11 1102.37 -1170.65 98.5582 
0.000556731 -2.99901 1.99201 0.99797 0.97375 0.362198 0.656888 -0.99041 -0.0310062 -0.964305 0 -70.2004 -0.236369 0 -244.991 -41.5469 -267.541 202.543 0 -856.385 1296.14 -1352.15 1118.62 -1187 99.7824 
0.0537314 -2.99682 1.99456 0.996714 0.400351 0.403149 0.385536 -0.857931 -0.0311193 -0.980863 0 -67.361 -0.0897541 0 -240.952 -27.3935 -227.271 141.134 0 -865.291 1257.15 -1230.71 834.303 -664.096 39.6332 
0.096673 -2.30431 1.97587 0.999052 0.999669 0.217818 0.25561 -0.677145 0.240383 -0.986442 0 -27.7807 -0.165539 0 -59.9288 -29.3589 -112.211 106.751 0 -134.434 290.534 -372.501 411.11 -531.2 54.1609 
0.00883221 -2.99636 1.99791 0.999366 0.975655 0.212134 0.22637 -0.99014 -0.0268003 -0.999694 0 -69.4623 -0.234372 0 -241.639 -41.6974 -268.669 204.012 0 -840.52 1293.52 -1361.37 1131.28 -1202.38 101.135 
0.00330295 -2.98602 1.94652 0.994442 0.957252 0.0599742 0.725323 -0.99554 -0.0249956 -0.95425 0 -69.1649 -0.203431 0 -240.44 -38.8837 -254.957 189.909 0 -836.511 1247.26 -1289.59 1047.41 -1091.93 90.4408 
0.00871059 -2.99619 1.75837 0.949516 0.30287 0.0743411 0.611322 -0.957815 0.107418 -0.953856 0 -69.3433 0.0235862 0 -241.802 -20.1254 -199.597 110.932 0 -824.708 1159.62 -1095.53 671.687 -472.023 25.3101 
0.0214931 -2.999 1.98479 0.999598 0.346622 0.0569915 0.139786 -0.992999 -0.0571757 -0.386969 0 -70.0905 -0.0969489 0 -259.561 -25.0598 -201.994 122.066 0 -984.533 1188.07 -1058.27 690.588 -536.798 31.6146 
0.00232186 -2.99921 1.99162 0.99797 0.973744 0.363033 0.656888 -0.990407 -0.031162 -0.935122 0 -70.0924 -0.234967 0 -245.139 -41.28 -264.798 200.426 0 -860.448 1286.7 -1334.16 1102.4 -1170.68 98.5601 
0.0304163 -2.98265 -1.51544 0.99985 0.960303 0.123513 0.702767 -0.976273 0.290648 -0.843413 0 -69.5053 0.0270285 0 -297.413 10.6756 -30.8444 -17.2322 0 -1307.97 -4.29622 -36.5222 -38.1834 -91.9264 -5.65721 
0.0010021 -2.99968 1.97719 0.977761 0.454448 0.320903 0.185367 -0.98909 -0.033608 -0.997872 0 -70.2849 -0.117541 0 -243.872 -29.7774 -247.489 156.032 0 -833.753 1306.53 -1336.8 928.494 -756.96 45.8709 
0.000931873 -2.99904 1.98663 0.998506 0.985094 0.718364 0.187208 -0.79115 -0.00209477 -0.982314 0 -70.2067 -0.236186 0 -248.193 -40.5303 -253.451 192.441 0 -889.361 1247.22 -1253.81 1034.7 -1109.77 94.8959 
0.0126402 -2.999 1.98516 0.999851 0.979962 0.0587717 0.139786 -0.990415 -0.0254488 -0.981986 0 -69.4802 -0.225356 0 -242.984 -41.0459 -265.148 200.727 0 -851.012 1288.6 -1344.88 1112.22 -1180.16 99.4255 
0.0271385 -2.8278 1.98578 0.994651 0.990901 0.232623 0.299712 -0.955084 0.0836623 -0.871254 0 -56.5492 -0.21862 0 -178.082 -38.1213 -213.947 171.267 0 -569.861 899.339 -971.906 858.232 -963.393 85.5732 
0.00397358 -2.99242 1.98015 0.996521 0.970712 0.23348 0.266555 -0.992902 -0.0365774 -0.963803 0 -69.4704 -0.226061 0 -241.487 -40.7531 -262.975 198.574 0 -840.318 1271.72 -1326.75 1094.67 -1158.22 97.1376 
0.00740973 -2.99675 1.95205 0.899929 0.361362 0.469695 0.1826 -0.976137 -0.22114 -0.80664 0 -65.7633 -0.0879734 0 -210.378 -26.4531 -214.683 133.601 0 -644.228 1034.59 -1075.49 741.596 -600.092 35.566 
0.0279618 -2.98267 -1.48098 0.998114 0.960846 0.13613 0.245207 -0.99877 0.290648 -0.843366 0 -69.7576 0.0425549 0 -298.209 10.2106 -29.3695 -15.8279 0 -1308.19 17.1506 -36.296 -33.5373 -86.791 -5.31362 
0.00264725 -2.99832 1.99172 0.998862 0.982143 0.129705 0.239118 -0.961572 -0.142701 -0.98282 0 -70.0304 -0.237089 0 -244.657 -41.6281 -266.486 202.41 0 -857.231 1290.54 -1343.63 1114.86 -1188.56 100.568 
0.00749298 -2.90663 1.98444 0.99723 0.4753 0.661213 0.288372 -0.983134 0.000770405 -0.991918 0 -64.2264 -0.120744 0 -215.821 -29.4134 -229.912 149.1 0 -724.506 1158.15 -1206.38 861.637 -719.2 45.0286 
0.00236024 -2.99661 1.96892 0.973087 0.972572 0.213793 0.656888 -0.987916 0.0198319 -0.964305 0 -68.6337 -0.221314 0 -232.343 -40.4127 -258.687 196.09 0 -777.722 1208.42 -1279.86 1065.28 -1137.74 95.8557 
0.025206 -2.31285 1.4177 0.982233 0.992503 0.257799 0.130816 -0.708184 0.11772 -0.992525 0 -32.5406 0.059027 0 -80.577 -17.0876 -85.5681 67.8383 0 -209.059 297.314 -320.342 274.546 -301.108 28.5387 
0.027749 -2.99746 1.81242 0.933014 0.275618 0.123486 0.740593 -0.894721 0.300088 -0.84422 0 -66.9637 0.00526333 0 -229.815 -20.4131 -189.897 107.592 0 -773.693 1067.57 -1003.36 622.765 -448.382 24.6007 
0.00876528 -2.99535 1.98689 0.997455 0.968152 0.431539 0.279346 -0.997418 -0.209204 -0.897169 0 -69.3738 -0.225868 0 -242.642 -40.421 -258.785 195.384 0 -853.395 1260.61 -1298.92 1069.44 -1132.98 95.1865 
0.00737041 -2.99977 1.99615 0.996948 0.247305 0.685741 0.711995 -0.700902 -0.0136117 -0.98902 0 -71.0305 -0.103906 0 -257.529 -26.5473 -226.082 135.492 0 -943.94 1294.26 -1221.5 797.519 -603.361 34.2198 
0.00193376 -2.99506 0.855505 0.996947 0.982932 0.678064 0.227459 -0.990402 -0.0317865 -0.960978 0 -74.6208 0.240511 0 -296.244 -9.6991 -116.34 61.1148 0 -1173.83 989.763 -695.664 375.915 -282.592 21.2502 
0.140013 -2.99873 1.98465 0.997125 0.374711 0.661213 0.245253 -0.708343 -0.0154923 -0.972537 0 -61.5524 -0.0293654 0 -222.782 -23.6068 -195.142 119.557 0 -817.345 1109.8 -1045.76 694.199 -544.314 32.329 
0.00535846 -2.99687 1.93023 0.986661 0.999775 0.412467 0.258505 -0.985667 0.00462275 -0.963798 0 -69.3527 -0.204752 0 -240.3 -39.4801 -255.023 192.37 0 -830.236 1234.2 -1278.77 1053.04 -1121.46 95.5721 
0.00236024 -2.9968 1.99443 0.973087 0.972565 0.283885 0.656888 -0.987913 0.0196761 -0.964305 0 -68.4952 -0.236257 0 -230.879 -41.4956 -262.733 200.725 0 -769.115 1212.62 -1294.35 1087.94 -1170.7 98.9946 
0.00236024 -2.9966 1.96892 0.973075 0.994067 0.213793 0.684666 -0.987916 -0.0254438 -0.945848 0 -68.5682 -0.227574 0 -232.136 -40.9406 -258.226 197.522 0 -778.346 1200.16 -1268.81 1065.82 -1153.17 98.7895 
0.00102426 -2.99671 1.54277 0.932942 0.34536 0.192935 0.222984 -0.922616 -0.0229437 -0.969686 0 -70.0732 0.121692 0 -247.187 -14.6339 -168.581 85.5988 0 -848.89 1076.55 -942.766 528.182 -339.279 17.4428 
0.0089382 -2.99974 1.97684 0.999277 0.305987 0.435496 0.612944 -0.992849 -0.0496633 -0.974563 0 -71.1116 -0.0964153 0 -254.661 -27.7208 -244.33 147.767 0 -908.994 1367.99 -1357.14 903.1 -689.467 39.1492 
0.00278488 -2.8278 1.98578 0.975988 0.438576 0.232623 0.299712 -0.954525 0.604643 -0.875556 0 -58.2064 -0.119424 0 -182.875 -27.7758 -202.415 133.562 0 -574.869 937.633 -993.884 723.435 -613.14 38.9898 
0.0896843 -2.98239 1.59283 0.989165 0.972992 0.23348 0.635846 -0.995617 -0.0389895 -0.963803 0 -64.2965 0.0163968 0 -233.166 -24.2775 -185.249 124.655 0 -844.229 1055.69 -983.035 705.387 -669.066 53.684 
0.00264128 -2.99677 1.97671 0.999277 0.989012 0.237314 0.61295 -0.948526 -0.0525977 -0.963837 0 -70.008 -0.230414 0 -245.517 -40.9834 -261.634 198.434 0 -865.791 1276.41 -1315.24 1087.5 -1160.25 98.6544 
0.0163662 -2.99901 1.94741 0.993042 0.992208 0.414261 0.735346 -0.991731 0.00416532 -0.969686 0 -69.0119 -0.205811 0 -240.711 -39.6145 -256.866 193.653 0 -838.851 1251.45 -1297.5 1067.39 -1132.55 95.9744 
0.0305596 -2.99611 1.34373 0.994273 0.291965 0.345254 0.132133 -0.998456 -0.122457 -0.999659 0 -72.1283 0.219958 0 -277.509 -9.76316 -148.119 65.5622 0 -1058.4 1172.93 -910.943 446.807 -242.812 11.2821 
0.0928746 -2.99675 1.97891 0.868089 0.356401 0.469695 0.1826 -0.976137 -0.0391303 -0.80664 0 -58.5539 -0.0522071 0 -178.632 -24.9977 -196.301 124.84 0 -509.311 880.059 -952.868 675.741 -561.677 33.8305 
0.0145265 -2.99674 1.98032 0.936163 0.9997 0.219766 0.61295 -0.993687 -0.0366554 -0.886985 0 -65.6737 -0.227661 0 -211.839 -40.7591 -247.678 192.922 0 -664.265 1071.3 -1162.67 1004.52 -1117.92 97.4415 
0.00883221 -2.99969 1.98008 0.939666 0.98898 0.426446 0.226856 -0.989107 -0.0257846 -0.963288 0 -66.4935 -0.227806 0 -214.902 -41.131 -255.123 197.38 0 -672.209 1110.55 -1217.01 1044.83 -1149.33 98.8459 
0.00277264 -2.99725 1.99891 0.976116 0.447867 0.32104 0.239228 -0.990123 0.582136 -0.987408 0 -69.7689 -0.128361 0 -240.54 -30.3917 -248.955 158.247 0 -816.761 1295.77 -1336.22 936.395 -769.57 46.8568 
0.0538835 -2.99678 1.99456 0.996725 0.359999 0.120787 0.335447 -0.877279 -0.0271652 -0.972708 0 -67.3812 -0.0850753 0 -241.078 -27.0045 -227.322 139.89 0 -865.101 1262.37 -1236.18 831.508 -652.056 38.2653 
0.00253146 -2.99613 1.56426 0.974079 0.996703 0.184026 0.662145 -0.806596 -0.00307661 -0.963885 0 -70.7308 -0.0169485 0 -256.837 -25.5566 -188.865 127.542 0 -934.865 1082.35 -972.683 696.56 -673.235 55.7333 
0.00411279 -2.999 1.98547 0.973492 0.989611 0.0580762 0.139786 -0.990415 -0.0316027 -0.981537 0 -68.5633 -0.234511 0 -231.368 -41.695 -263.702 202.195 0 -770.772 1216.83 -1301.1 1097.88 -1188.04 101.404 
0.0866614 -2.99725 1.99886 0.976116 0.995186 0.337486 0.703295 -0.990406 0.582136 -0.999539 0 -62.7585 -0.189379 0 -211.55 -38.9567 -245.319 189.311 0 -703.796 1124.66 -1210.46 1028.92 -1119.59 96.126 
0.0265636 -2.99622 1.98663 0.953646 0.984175 0.725948 0.188815 -0.98213 -0.0377991 -0.998381 0 -65.7952 -0.217388 0 -215.539 -40.6584 -254.71 196.392 0 -688.064 1130.05 -1233.51 1052.68 -1148.42 98.1361 
0.0010021 -2.99631 1.99891 0.978175 0.444165 0.321372 0.237622 -0.990123 -0.033608 -0.982533 0 -69.9435 -0.128958 0 -241.751 -30.3621 -249.03 158.058 0 -824.16 1301.37 -1338.24 935.955 -767.39 46.6404 
0.0744197 -2.99906 1.99513 0.999724 0.945279 0.217849 0.626614 -0.999033 -0.0256668 -0.998957 0 -65.1297 -0.181077 0 -227.515 -38.07 -250.477 187.648 0 -793.651 1221.02 -1280.99 1048.57 -1093.51 89.9746 
0.00871059 -2.99674 1.75837 0.949516 0.283521 0.0743411 0.611322 -0.924621 0.107418 -0.953856 0 -69.4001 0.0252525 0 -242.635 -19.8341 -197.14 108.971 0 -831.464 1153.19 -1080.06 657.629 -458.707 24.4709 
0.00901163 -2.99686 1.99901 0.958269 0.989012 0.237314 0.612808 -0.995596 -0.0496633 -0.968439 0 -67.1543 -0.239177 0 -221.283 -41.9754 -261.029 202.067 0 -713.264 1161.95 -1263.67 1082.07 -1185.69 101.807 
0.00270241 -2.99639 1.98663 0.999258 0.994238 0.718031 0.188761 -0.915788 -0.00248329 -0.93571 0 -69.9034 -0.237579 0 -245.609 -41.1806 -258.662 197.225 0 -871.295 1260.58 -1287.31 1068.98 -1149.69 98.6162 
0.00102426 -2.99616 1.54277 0.932942 0.34536 0.192935 0.222984 -0.95581 -0.0229437 -0.969686 0 -70.0334 0.121692 0 -246.533 -14.7454 -170.59 86.7211 0 -843.207 1084.13 -956.971 538.058 -345.823 17.7241 
0.00778239 -2.34294 1.99514 0.993082 0.406395 0.299587 0.227459 -0.988818 0.344606 -0.99969 0 -33.0589 -0.117862 0 -71.7815 -24.9838 -136.283 104.16 0 -149.705 403.499 -546.465 476.491 -447.28 32.1526 
0.00801936 -2.90304 1.98124 0.998823 0.322107 0.219023 0.647533 -0.991042 -0.0154094 -0.990189 0 -64.2243 -0.101006 0 -216.595 -27.4872 -226.674 141.682 0 -729.542 1166.04 -1206.13 833.213 -655.572 38.4598 
0.00405668 -2.9998 1.98015 0.973551 0.980087 0.23348 0.638661 -0.995617 -0.0366927 -0.963803 0 -68.6866 -0.228903 0 -232.469 -41.1172 -261.697 199.485 0 -777.543 1216.6 -1293.85 1084.05 -1165.14 98.7454 
0.00253053 -2.99615 1.98038 0.998446 0.9963 0.718031 0.615682 -0.912491 -0.0019477 -0.890136 0 -69.8808 -0.234778 0 -246.246 -40.6841 -253.927 193.485 0 -878.512 1243.71 -1256.02 1040.46 -1120.87 96.5084 
0.00277264 -2.98027 1.99929 0.976116 0.453619 0.311118 0.239776 -0.990123 0.582136 -0.987408 0 -68.5205 -0.12935 0 -233.748 -30.3604 -245.478 157.046 0 -785.596 1258.58 -1306.79 922.31 -762.978 46.7911 
0.00411279 -2.999 1.98516 0.973492 0.989611 0.0580762 0.139786 -0.990415 -0.0316106 -0.981537 0 -68.5651 -0.234327 0 -231.387 -41.6816 -263.652 202.138 0 -770.883 1216.78 -1300.93 1097.6 -1187.63 101.364 
0.0187219 -2.79033 1.92983 0.974759 0.990685 0.366902 0.610385 -0.994335 0.188884 -0.85661 0 -54.0311 -0.19352 0 -162.495 -36.0473 -200.442 160.604 0 -490.094 802.036 -886.053 787.077 -886.9 79.0474 
0.0283384 -2.98003 1.99389 0.999139 0.35325 0.31176 0.64812 -0.979421 0.0244676 -0.934616 0 -68.1386 -0.100412 0 -241.236 -27.8529 -234.908 145.092 0 -854.731 1284.55 -1279.42 867.052 -680.241 39.8331 
0.0821783 -2.98174 1.99198 0.944077 0.981467 0.216637 0.226821 -0.968047 -0.0253489 -0.99897 0 -60.5522 -0.179547 0 -193.996 -38.2518 -235.431 183.046 0 -601.996 1012.19 -1119.1 966.129 -1063.81 91.4106 
0.00330336 -2.99529 1.98689 0.99373 0.980844 0.0620465 0.237075 -0.948053 -0.0249384 -0.953764 0 -69.4997 -0.2334 0 -241.619 -41.0614 -260.668 198.087 0 -842.901 1255.67 -1300.92 1079.59 -1154.14 97.9122 
0.00330336 -2.99677 1.98689 0.993691 0.980679 0.0620465 0.252596 -0.948053 -0.0249384 -0.953539 0 -69.6075 -0.233356 0 -242.205 -41.071 -260.983 198.232 0 -845.626 1258.72 -1303.4 1081.02 -1155.18 97.9615 
0.0269082 -2.99746 1.8229 0.933014 0.275618 0.123486 0.740593 -0.877629 0.326725 -0.84422 0 -66.9661 -0.000582768 0 -229.704 -20.6746 -190.375 108.33 0 -773.784 1066.31 -1002.21 624.166 -451.749 24.8909 
0.0275452 -2.49683 1.97705 0.999689 0.999883 0.302758 0.212587 -0.740658 0.336835 -0.829516 0 -38.4554 -0.215738 0 -99.3632 -33.0867 -142.725 126.906 0 -272.6 460.391 -524.467 526.669 -649.401 63.4334 
0.0151452 -2.99578 0.894157 0.985906 0.995093 0.179638 0.0883338 -0.903849 0.210771 -0.964315 0 -72.9296 0.230455 0 -286.044 -10.2075 -114.989 62.0184 0 -1119.83 941.029 -668.876 370.262 -287.233 22.2674 
0.000294794 -2.9999 1.99018 0.993904 0.353091 0.198158 0.213933 -0.999033 -0.137342 -0.998069 0 -71.3104 -0.11348 0 -252.454 -29.0928 -250.998 154.518 0 -886.897 1370.84 -1384.56 939.443 -735.06 42.6292 
0.00405081 -2.99908 1.98656 0.975111 0.999731 0.23348 0.170039 -0.993554 -0.0368043 -0.985842 0 -68.6261 -0.238173 0 -231.795 -42.0983 -265.183 204.15 0 -773.219 1222.07 -1308.44 1108.8 -1205.79 103.605 
0.00232186 -2.99921 1.99539 0.999733 0.973744 0.363033 0.656888 -0.990407 -0.031162 -0.935122 0 -70.1708 -0.237185 0 -245.833 -41.441 -265.681 201.21 0 -865.1 1292.89 -1340.06 1107.73 -1176.5 99.0634 
0.0115784 -2.99974 1.97683 0.999277 0.305987 0.435496 0.613689 -0.995132 -0.0496633 -0.974116 0 -70.9216 -0.0949961 0 -253.953 -27.6562 -243.821 147.473 0 -906.255 1364.83 -1354.55 901.517 -688.277 39.0825 
0.0245645 -2.99915 -1.56182 0.998777 0.358692 0.11489 0.63364 -0.942183 0.0688239 -0.981451 0 -72.0253 0.119048 0 -314.64 5.60839 -9.76645 -2.01038 0 -1398.15 -7.3895 26.2196 -9.46899 -22.6646 2.72855 
0.0534285 -2.99678 1.99456 0.96614 0.366955 0.119745 0.335447 -0.994751 -0.0271652 -0.816707 0 -65.7791 -0.0860538 0 -226.977 -26.8948 -220.913 137.42 0 -776.132 1165.98 -1165.62 795.431 -635.638 37.7076 
0.0312805 -2.99616 -1.56182 0.972281 0.358442 0.114119 0.131077 -0.942175 0.149524 -0.98119 0 -69.8797 0.123011 0 -297.944 5.55406 -9.07579 -1.82265 0 -1289.08 1.82671 27.6118 -7.59434 -22.2909 2.71934 
0.00535846 -2.99687 1.94671 0.986305 0.994087 0.412467 0.258005 -0.992827 0.00459774 -0.963798 0 -69.2535 -0.212491 0 -239.159 -40.033 -257.819 195.012 0 -822.776 1238.65 -1291.49 1067.93 -1138.97 96.8435 
0.0967861 -2.30431 1.97587 0.999053 0.968762 0.222101 0.25561 -0.68024 0.240383 -0.986442 0 -27.8607 -0.157318 0 -60.2977 -28.7242 -111.869 104.948 0 -135.676 293.31 -375.853 407.382 -516.335 51.5986 
0.00236024 -2.99898 1.99162 0.99797 0.987707 0.21831 0.642674 -0.990407 -0.0309912 -0.964305 0 -70.0307 -0.238983 0 -244.233 -41.8738 -267.611 203.757 0 -853.27 1291.18 -1348.56 1122.45 -1200.39 101.923 
0.00808511 -2.99265 1.99137 0.995454 0.368911 0.21831 0.647533 -0.990407 -0.0316481 -0.963354 0 -70.2807 -0.11164 0 -248.839 -28.8075 -244.829 151.362 0 -877.704 1336.6 -1340.69 911.179 -717.57 42.0388 
0.00783665 -2.99974 1.9436 0.93635 0.446496 0.246798 0.242014 -0.9438 -0.0496633 -0.954592 0 -67.7718 -0.0930282 0 -225.666 -27.767 -228.164 143.137 0 -728.739 1152.55 -1186.84 822.051 -672.208 40.7108 
0.00277264 -2.99725 1.99891 0.952284 0.992546 0.337486 0.233588 -0.990123 0.0616492 -0.987408 0 -67.2751 -0.24427 0 -219.642 -42.4289 -263.009 204.258 0 -697.849 1155.29 -1267.06 1091 -1200.92 103.421 
0.00328959 -2.98267 -1.37629 0.998058 0.359928 0.123513 0.663308 -0.790158 -0.202566 -0.913899 0 -73.175 0.192562 0 -316.126 4.70802 -8.44287 -1.14694 0 -1388.14 -0.597477 13.8052 -6.039 -15.4585 2.37968 
0.0284202 -2.98125 1.98687 0.997125 0.994604 0.247263 0.0911116 -0.906032 0.134798 -0.965037 0 -66.8936 -0.219037 0 -231.935 -40.0964 -249.786 191.493 0 -810.599 1195.02 -1234.14 1032.59 -1115.5 95.967 
0.0125841 -2.9998 1.98015 0.999593 0.327967 0.219997 0.168777 -0.995617 -0.060045 -0.965839 0 -70.834 -0.0977628 0 -253.645 -27.9199 -243.902 148.314 0 -905.859 1361.9 -1351.77 903.709 -695.641 39.8585 
0.00901163 -2.99686 1.97671 0.954155 0.989012 0.237314 0.61295 -0.992985 -0.0496633 -0.96376 0 -67.0652 -0.226158 0 -220.766 -40.9819 -256.406 197.4 0 -709.955 1145.62 -1240.11 1055.16 -1151.41 98.6863 

