0.00407917 2.99441 1.99178 0.984913 0.802372 0.675814 0.609124 0.988896 0.951369 0.987444 0 -69.336 -0.188948 0 -238.78 31.4619 -263.866 -178.726 0 -815.683 -1298.35 -1362.81 -1043.81 -999.817 -66.6704 
0.00073444 2.99877 1.99391 0.985441 0.982964 0.550158 0.72625 0.993255 0.794878 0.951987 0 -69.4179 -0.240053 0 -238.187 36.0375 -271.866 -198.533 0 -813.853 -1278.53 -1354.36 -1121.35 -1184.09 -92.0304 
0.0043358 2.99985 1.99995 0.98551 0.999972 1.38932 0.603015 0.993395 0.993981 0.987522 0 -69.1967 -0.246124 0 -236.508 36.7576 -275.811 -203.309 0 -802.954 -1284.09 -1373.97 -1150.39 -1226.47 -96.7143 
0.00295587 2.99594 1.98349 0.98335 0.993124 1.14847 0.912607 0.986869 0.953904 0.952318 0 -68.9788 -0.235578 0 -235.967 35.8211 -268.586 -196.601 0 -803.603 -1257.99 -1331.88 -1105.69 -1172.98 -91.8568 
0.0045352 2.99985 1.99971 0.98311 0.999972 1.38932 0.601549 0.993395 0.885275 0.987522 0 -69.0508 -0.245846 0 -235.258 36.7421 -275.327 -203.089 0 -795.088 -1276.35 -1368.48 -1147.3 -1224.62 -96.6135 
0.0114995 2.99425 1.97177 0.98578 0.127449 0.614746 0.753205 0.991647 0.880435 0.960699 0 -69.9121 -0.0811017 0 -246.26 21.9299 -240.924 -134.431 0 -859.78 -1333.62 -1331.18 -847.759 -620.748 -26.7955 
0.00567365 2.99585 1.99596 0.997047 0.925591 0.930925 0.733703 0.965582 0.94664 0.997116 0 -69.6772 -0.221903 0 -242.675 34.4649 -270.648 -192.411 0 -845.483 -1316.23 -1379.62 -1107.64 -1127.75 -83.3152 
0.0063368 2.90071 1.85757 0.902848 0.0825448 1.17749 0.645068 0.993425 0.997603 0.855649 0 -60.1799 -0.0177495 0 -184.46 18.136 -190.066 -104.22 0 -539.696 -905.971 -950.494 -604.503 -443.409 -17.8048 
0.0517819 2.99873 1.99921 0.985 0.995647 0.413861 0.703969 0.990599 0.848297 0.994986 0 -65.7554 -0.21292 0 -224.479 34.9139 -262.39 -193.051 0 -760.919 -1220.58 -1307.59 -1093.23 -1163.09 -91.3133 
0.00438677 2.99392 1.97169 0.990803 0.992824 1.33727 0.522286 0.994519 0.990429 0.987665 0 -69.2426 -0.227371 0 -238.682 35.5039 -270.291 -196.789 0 -819.969 -1283.8 -1358 -1119.41 -1178.06 -91.7893 
0.00436302 2.99985 1.99995 0.98551 0.991837 1.38791 0.603015 0.993395 0.988536 0.987522 0 -69.2193 -0.243716 0 -236.692 36.5305 -275.401 -202.289 0 -803.888 -1285.45 -1374.35 -1146.27 -1216.69 -95.2879 
0.0122729 2.99418 1.99446 0.995214 0.130358 0.685003 0.701665 0.809929 0.8875 0.995253 0 -70.2499 -0.0938599 0 -251.852 22.11 -234.708 -131.066 0 -906.917 -1325.68 -1283.98 -813.254 -597.552 -25.8035 
0.00654825 2.99728 1.99442 0.956638 0.993882 0.654924 0.909016 0.988782 0.683782 0.916522 0 -67.2778 -0.240015 0 -222.32 35.9769 -263.014 -194.744 0 -721.86 -1170.95 -1264.45 -1069.94 -1155.62 -91.3238 
0.00597098 2.99837 1.996 0.959769 0.108635 1.19958 0.636602 0.998081 0.959721 0.948244 0 -69.0552 -0.0971952 0 -235.056 22.6978 -243.096 -137.949 0 -782.227 -1275.68 -1311.89 -853.042 -638.213 -27.9867 
0.00073444 2.99873 1.99391 0.985441 0.982964 0.550158 0.72625 0.993255 0.794878 0.951987 0 -69.4149 -0.240053 0 -238.171 36.0372 -271.857 -198.528 0 -813.778 -1278.44 -1354.28 -1121.3 -1184.05 -92.028 
0.00436302 2.99987 1.98587 0.982557 0.999199 1.38275 0.603015 0.998933 0.988301 0.987522 0 -69.1165 -0.237597 0 -235.788 36.2532 -273.396 -200.746 0 -797.507 -1274.02 -1362.42 -1136.13 -1207.77 -94.959 
0.000745316 2.9867 1.98569 0.997235 0.124985 0.650109 0.699909 0.987735 0.742383 0.998142 0 -70.6839 -0.0944703 0 -250.409 22.6268 -248.464 -139.573 0 -882.305 -1379.2 -1382.78 -886.568 -650.992 -28.4103 
0.0045352 2.99985 1.99971 0.98311 0.999972 1.38932 0.601549 0.993395 0.885275 0.987522 0 -69.0508 -0.245846 0 -235.258 36.7421 -275.327 -203.089 0 -795.088 -1276.35 -1368.48 -1147.3 -1224.62 -96.6135 
0.0351173 2.99608 1.99976 0.942962 0.943504 0.940585 0.96832 0.727279 0.959303 0.988926 0 -64.6936 -0.212172 0 -212.884 33.1035 -238.344 -173.383 0 -693.562 -1062.37 -1116.37 -927.572 -989.487 -75.3611 
0.00627083 2.99962 1.99956 0.98551 0.982614 1.38932 0.763029 0.993395 0.993981 0.955686 0 -69.1112 -0.2397 0 -236.928 36.061 -271.825 -198.778 0 -808.714 -1275.76 -1354.16 -1123.24 -1187.27 -92.325 
0.0988741 2.98622 1.98599 0.985512 0.945682 1.39681 0.677327 0.993395 0.393501 0.996768 0 -62.6493 -0.161056 0 -212.468 31.4934 -243.076 -174.598 0 -717.247 -1144.41 -1220.52 -995.268 -1029.32 -77.2936 
0.00073444 2.99886 1.99174 0.985825 0.981843 1.2262 0.72625 0.993255 0.794878 0.945843 0 -69.4658 -0.238447 0 -238.683 35.9043 -271.057 -197.665 0 -817.245 -1278.09 -1350.74 -1116.29 -1177.27 -91.377 
0.00597098 2.98648 1.996 0.958647 0.108635 0.599494 0.635656 0.998081 0.959721 0.947634 0 -68.1086 -0.0971941 0 -229.861 22.6379 -240.417 -136.883 0 -758.014 -1246.91 -1289.4 -841.95 -632.054 -27.7729 
0.0040035 2.99422 1.9975 0.99368 0.999725 1.24324 0.613823 0.988896 0.887703 0.987444 0 -69.2697 -0.244839 0 -238.72 36.6043 -275.072 -202.35 0 -821.293 -1295.91 -1377.14 -1148.35 -1219.94 -96.0537 
0.00430312 2.996 1.98352 0.9868 0.993124 1.13396 0.912607 0.993386 0.953904 0.952318 0 -69.0871 -0.234774 0 -237.319 35.8028 -269.297 -196.92 0 -812.702 -1268.63 -1340.87 -1111.15 -1176.43 -92.0396 
0.0206898 2.99882 1.99474 0.995214 0.0615896 1.12232 0.701665 0.996817 0.8875 0.981913 0 -70.0716 -0.0877429 0 -249.022 22.3328 -246.484 -138.096 0 -879.802 -1373.64 -1375.08 -879.375 -643.267 -27.8584 
0.00436302 2.99985 1.99999 0.983258 0.98939 1.38791 0.599306 0.99317 0.988536 0.997248 0 -69.0997 -0.243023 0 -235.443 36.5051 -275.674 -202.44 0 -795.167 -1281.35 -1374.98 -1147.36 -1217.34 -95.1671 
0.00367015 2.99581 1.99176 0.946454 0.919321 1.24556 0.711014 0.978161 0.95199 0.986944 0 -67.0683 -0.218984 0 -218.416 34.2448 -262.608 -188.864 0 -690.347 -1168.41 -1279.58 -1052.64 -1094.86 -81.2346 
0.00291042 2.99526 1.98349 0.98335 0.977563 1.14847 0.912607 0.99365 0.953904 0.952318 0 -68.9785 -0.231076 0 -235.958 35.4217 -268.207 -195.035 0 -803.028 -1260.94 -1335.13 -1100.69 -1157.72 -89.4584 
0.0705449 2.65353 1.76805 0.940454 0.877259 0.676119 0.942121 0.981188 0.787676 0.936628 0 -43.3732 -0.0540873 0 -116.234 22.4513 -151.937 -108.422 0 -303.08 -557.132 -645.43 -535.116 -556.043 -39.4169 
0.0115005 2.99425 1.97177 0.98578 0.127449 0.614746 0.701948 0.991647 0.880045 0.865567 0 -69.9134 -0.0809741 0 -247.781 21.6318 -233.759 -129.781 0 -875.703 -1307.79 -1279.92 -808.231 -590.681 -25.2782 
0.00654825 2.99441 1.99084 0.956638 0.993816 1.3811 0.603192 0.959749 0.978847 0.917127 0 -67.1418 -0.237448 0 -222 35.7032 -259.62 -192.071 0 -723.303 -1157.9 -1242.68 -1049.95 -1134.7 -89.7086 
0.0043024 2.99854 1.99401 0.986873 0.061192 1.43763 0.387013 0.988734 0.781945 0.968248 0 -70.723 -0.09556 0 -249.185 22.5944 -247.497 -138.838 0 -870.146 -1363.53 -1368.75 -876.632 -643.488 -27.8703 
0.00815547 2.99878 1.99147 0.982665 0.91865 1.24689 0.899428 0.991343 0.782295 0.944107 0 -68.982 -0.216137 0 -236.809 33.9672 -265.252 -188.355 0 -808.64 -1268.07 -1334.67 -1072.71 -1094.81 -80.5635 
0.0187935 2.99519 1.98577 0.985658 0.0958463 0.556467 0.713602 0.989154 0.902289 0.952766 0 -69.3833 -0.0843647 0 -244.158 22.0524 -240.67 -134.767 0 -852.095 -1326.18 -1326.74 -847.904 -622.436 -26.9069 
0.0123508 2.80457 1.99754 0.995214 0.124357 0.662512 0.701665 0.591741 0.8875 0.979788 0 -57.3406 -0.0953956 0 -186.832 20.4957 -184.687 -106.979 0 -626.137 -915.876 -908.346 -601.651 -460.568 -19.9064 
0.00430451 2.63265 1.98562 0.957508 0.98647 1.24257 0.744609 0.988943 0.992563 0.907447 0 -44.5811 -0.233883 0 -113.468 32.4533 -186.884 -151.635 0 -280.507 -597.528 -741.116 -714.468 -840.105 -69.5696 
0.0043024 2.99441 1.99084 0.956638 0.215073 0.654924 0.736111 0.988943 0.561716 0.913828 0 -68.6663 -0.100219 0 -232.969 22.8978 -238.933 -136.802 0 -774.132 -1245.24 -1274.79 -834.447 -635.163 -28.5358 
0.016269 2.93448 1.85521 0.995172 0.0943375 0.5769 0.699814 0.995904 0.890781 0.862235 0 -66.5195 -0.0124752 0 -234.583 18.0849 -204.381 -107.983 0 -830.284 -1181.72 -1121.3 -675.639 -468.521 -18.436 
0.0189935 2.99519 1.98581 0.985658 0.0958463 1.04102 0.713602 0.997907 0.904886 0.952766 0 -69.4196 -0.0842836 0 -244.024 22.0795 -241.337 -135.199 0 -850.446 -1328.34 -1331.47 -851.657 -625.334 -27.0533 
0.00487267 2.99732 1.99371 0.985441 0.0621129 1.12389 0.121778 0.993323 0.797517 0.94252 0 -70.4957 -0.0949821 0 -248.112 22.4994 -245.213 -137.49 0 -866.104 -1349.61 -1351.15 -864.507 -634.89 -27.4567 
0.0417643 2.99866 1.81609 0.983148 0.958585 0.644051 0.720808 0.996668 0.893467 0.913608 0 -67.491 -0.110274 0 -238.231 28.2143 -229.4 -156.173 0 -839.935 -1180.17 -1175.01 -895.612 -889.432 -65.2213 
0.0114995 2.99426 1.97177 0.98578 0.127449 0.614746 0.751798 0.987628 0.90718 0.980019 0 -69.9128 -0.0810981 0 -246.016 21.9777 -242.097 -135.197 0 -857.194 -1337.77 -1339.61 -854.347 -625.788 -27.049 
0.00631333 2.99591 1.90082 0.975763 0.14315 1.00838 0.616637 0.986616 0.949659 0.976106 0 -70.2655 -0.0436661 0 -247.166 20.1455 -230.42 -124.743 0 -857.342 -1301.43 -1279.13 -791.735 -564.302 -23.3808 
0.00260983 2.90151 1.98503 0.985631 0.949989 1.15092 0.708014 0.777458 0.845359 0.99695 0 -62.544 -0.224178 0 -205.192 33.2792 -234.229 -172.004 0 -680.995 -1044.05 -1100.19 -919.729 -978.415 -75.0382 
0.0115005 2.9992 1.97177 0.98578 0.127449 0.424917 0.701995 0.991655 0.908031 0.952971 0 -70.27 -0.0809742 0 -248.378 21.9269 -241.347 -134.447 0 -870.464 -1342.48 -1335.39 -848.547 -620.507 -26.7469 
0.0122729 2.99887 1.99474 0.995214 0.124357 0.662512 0.701665 0.809929 0.8875 0.979788 0 -70.593 -0.0938031 0 -254.016 22.0705 -234.451 -130.599 0 -918.719 -1331.88 -1283.17 -809.938 -593.813 -25.5534 
0.000502002 2.99931 -1.91303 0.983258 0.98939 0.661704 0.939365 0.99008 0.691548 0.997248 0 -69.8096 -0.195318 0 -295.43 -16.3092 -41.9307 37.3785 0 -1300.04 107.52 -4.11789 70.8515 -176.659 19.9871 
0.00536872 2.99519 1.98577 0.985658 0.0958595 0.556467 0.715168 0.989997 0.88159 0.952766 0 -70.335 -0.091215 0 -247.512 22.3443 -244.007 -136.656 0 -863.625 -1344.58 -1345.37 -859.866 -631.214 -27.3081 
0.0368019 2.99841 1.99345 0.89034 0.0278071 0.665888 0.616326 0.988711 0.791468 -0.999528 0 -63.4251 -0.0776318 0 -223.856 15.4853 -124.019 -69.4246 0 -792.77 -579.519 -566.254 -399.045 -323.338 -11.3755 
0.000804269 2.99947 1.99195 0.945765 0.130191 1.22732 0.609124 0.996398 0.98547 0.833056 0 -68.7285 -0.0983103 0 -231.995 22.3911 -233.343 -132.141 0 -766.42 -1213.2 -1231.59 -797.366 -600.131 -26.1619 
0.00541442 2.93701 1.80314 0.947634 0.0332472 1.03739 0.698607 0.993167 0.880142 0.632234 0 -65.2089 0.0119813 0 -222.111 16.3154 -179.024 -91.8704 0 -753.164 -1009.46 -933.687 -547.098 -375.586 -13.7229 
0.00573387 2.98648 1.99569 0.959293 0.108635 1.06971 0.698686 0.998081 0.956414 0.960748 0 -68.1769 -0.0972088 0 -230.052 22.6779 -241.52 -137.556 0 -758.043 -1252.34 -1297.69 -847.992 -636.444 -27.9886 
0.0159342 2.97914 1.43262 0.990807 0.807884 0.604824 0.741197 0.960953 0.790194 0.961605 0 -70.573 0.0959367 0 -263.149 16.3782 -172.105 -94.1236 0 -980.321 -1125.24 -963.287 -581.285 -465.462 -26.3375 
0.0367728 2.89582 1.99205 0.95569 0.976284 1.20681 0.69846 0.992837 0.957135 0.974627 0 -58.5544 -0.213339 0 -179.65 33.8096 -236.144 -178.062 0 -538.158 -960.494 -1089.41 -948.916 -1038.5 -81.8863 
0.00596312 2.99736 1.99446 0.978391 0.170863 1.41647 0.698686 0.993164 0.750109 0.952183 0 -70.0115 -0.098932 0 -243.865 22.8845 -245.517 -139.269 0 -839.067 -1327.27 -1342.52 -869.41 -649.747 -28.8009 
0.163125 2.97055 1.99966 0.985592 0.991943 1.21129 0.901928 0.991877 0.957448 0.741751 0 -57.0038 -0.145806 0 -193.376 29.8876 -210.948 -155.444 0 -667.194 -976.92 -1006.39 -842.375 -907.004 -71.4318 
0.00583474 2.98648 1.9973 0.964906 0.10477 0.56318 0.635656 0.998081 0.959721 0.988158 0 -68.4503 -0.0979074 0 -232.187 22.7976 -244.583 -139.335 0 -769.824 -1275.86 -1323.51 -865.268 -648.126 -28.5483 
0.00426383 2.99487 1.99816 0.997603 0.105348 1.22052 0.698972 0.9967 0.956107 0.786801 0 -71.0091 -0.0993223 0 -255.66 22.2424 -235.923 -131.458 0 -926.45 -1340.56 -1291.05 -815.353 -597.186 -25.6574 
0.00486604 2.99468 1.86712 0.956442 0.790801 0.654924 0.736111 0.988943 0.956862 0.913828 0 -68.4827 -0.114938 0 -233.316 26.9781 -233.689 -151.493 0 -782.032 -1174.07 -1194.05 -873.111 -811.086 -51.9286 
0.0043024 2.99854 1.99447 0.987574 0.061192 1.43763 0.381226 0.988734 0.888286 0.96605 0 -70.7598 -0.0958303 0 -249.551 22.6011 -247.505 -138.826 0 -872.687 -1365.23 -1369.19 -876.64 -643.365 -27.8644 
0.0709248 2.98255 1.99289 0.966048 0.99997 0.666506 0.718878 0.991467 0.967203 0.912112 0 -62.4058 -0.198115 0 -206.739 33.6901 -244.185 -181.261 0 -678.027 -1090.38 -1173.74 -995.131 -1076.68 -85.4189 
0.0128606 2.99873 -1.28659 0.981977 0.126248 1.36581 0.788733 0.861799 0.891172 0.957367 0 -73.3568 0.246009 0 -315.747 0.618902 -0.507816 2.63426 0 -1370.12 -65.0669 30.7138 8.22704 -8.5438 2.21574 
0.0115005 2.99451 1.97177 0.98578 0.127821 0.659699 0.701976 0.991647 0.880045 0.865277 0 -69.9339 -0.080988 0 -247.89 21.6335 -233.793 -129.794 0 -876.237 -1308.26 -1280.19 -808.346 -590.757 -25.282 
0.00642665 2.99116 1.96309 0.955519 0.207074 1.09481 0.742123 0.991696 0.883332 0.937843 0 -68.4137 -0.0824892 0 -231.951 22.068 -235.058 -132.984 0 -768.626 -1234.54 -1260.69 -816.501 -613.496 -27.0841 
0.055264 2.96845 -1.6942 0.980753 0.832869 1.34141 0.63165 0.983125 0.883817 0.936199 0 -65.623 -0.010483 0 -274.934 -8.65224 -25.5315 20.6125 0 -1187.83 43.3189 -4.44587 37.4806 -87.2576 9.43604 
0.00256492 2.99953 1.98569 0.980828 0.10541 1.15198 0.703691 0.99339 0.78683 0.996492 0 -70.5894 -0.0928708 0 -246.734 22.5998 -248.648 -139.755 0 -850.14 -1355.74 -1374.04 -883.377 -650.785 -28.3258 
0.0115002 2.79633 1.99967 0.983148 0.925011 1.12482 0.863678 0.996668 0.888222 0.995923 0 -55.0313 -0.220558 0 -164.367 32.9298 -225.918 -170.064 0 -486.705 -896.568 -1032.35 -897.748 -965.892 -73.7535 
0.156846 2.99889 1.48314 0.983276 0.0242269 1.03746 0.741197 0.961511 0.420273 0.995727 0 -62.3529 0.203996 0 -233.601 9.23615 -142.106 -59.8799 0 -868.54 -1037.99 -852.179 -418.222 -233.282 -6.14616 
0.000600852 2.97299 1.99466 0.978391 0.194474 1.41647 0.698653 0.99317 0.888267 0.952183 0 -68.5545 -0.103121 0 -235.305 23.009 -241.971 -138.517 0 -798.185 -1280.42 -1307.96 -855.736 -646.086 -28.9736 
0.0848735 2.99865 1.94107 0.958088 0.985624 1.24255 0.587669 0.98901 0.83574 0.988583 0 -62.8839 -0.155254 0 -208.564 31.5678 -239.917 -173.695 0 -678.834 -1095.69 -1177.97 -972.225 -1026.4 -79.3751 
0.0122729 2.99876 1.99446 0.995186 0.130358 0.685003 0.701665 0.986335 0.8875 0.995253 0 -70.584 -0.0938599 0 -250.862 22.6964 -249.049 -140.183 0 -885.899 -1384.7 -1388.05 -891.306 -656.478 -28.7747 
0.00251586 2.97307 1.87729 0.803204 0.104782 1.18633 0.707918 0.996014 0.888057 0.988293 0 -60.5051 -0.0309989 0 -167.782 19.4333 -205.159 -115.869 0 -398.024 -846.862 -989.129 -661.61 -506.618 -21.1878 
0.00487267 2.99748 1.95273 0.985441 0.064839 1.12389 0.121778 0.993323 0.979217 0.94252 0 -70.7509 -0.0711857 0 -250.631 21.3191 -238.407 -131.031 0 -880.789 -1341.13 -1322.44 -829.332 -597.248 -25.139 
0.0176973 2.99554 1.8799 0.95975 0.985177 1.33119 0.709655 0.950796 0.884104 0.952598 0 -67.3633 -0.165257 0 -227.716 31.4962 -241.818 -171.646 0 -760.111 -1145.26 -1189.79 -955.807 -994.062 -76.161 
0.0122729 2.99883 1.99212 0.994746 0.124357 0.662512 0.613936 0.822351 0.8875 0.979788 0 -70.5816 -0.0920613 0 -253.717 22.0319 -234.872 -130.766 0 -915.92 -1333.26 -1287.03 -812.3 -595.071 -25.5965 
0.000745316 2.99858 1.98569 0.998456 0.124985 1.2502 0.700854 0.987735 0.789554 0.99776 0 -71.6369 -0.0944704 0 -255.945 22.682 -251.125 -140.6 0 -909.703 -1410.25 -1406.06 -897.7 -656.949 -28.6095 
0.00423352 2.99487 1.99816 0.900644 0.105348 0.596777 0.698972 0.9967 0.956107 0.794069 0 -65.7795 -0.0993381 0 -209.229 22.2746 -224.028 -128.636 0 -635.498 -1073.24 -1131.9 -748.38 -576.861 -25.2382 
0.00571686 2.99732 1.99199 0.995171 0.124357 0.485219 0.190568 0.995987 0.890781 0.988337 0 -70.9612 -0.0952016 0 -252.062 22.7433 -250.133 -140.631 0 -889.447 -1390.9 -1394.42 -894.547 -657.832 -28.774 
0.00428605 2.93905 1.98352 0.98335 0.126014 1.24578 0.912607 0.963775 0.953904 0.952318 0 -66.2726 -0.0916357 0 -225.272 22.0479 -230.333 -130.866 0 -761.16 -1211.76 -1233.32 -801.527 -597.908 -26.158 
0.00414397 2.99585 1.99596 0.95472 0.860133 0.930925 0.733377 0.965555 0.761609 0.851047 0 -67.6062 -0.205632 0 -225.641 32.3167 -250.537 -175.119 0 -743.999 -1164.66 -1222.99 -970.674 -978.721 -69.0805 
0.000804269 2.99947 1.99179 0.957705 0.130191 1.24256 0.609124 0.996301 0.985387 0.983546 0 -69.3773 -0.0982189 0 -235.322 22.8706 -246.314 -140.042 0 -777.276 -1285.96 -1332.22 -869.085 -651.606 -28.7197 
0.016132 2.9798 1.99569 0.950667 0.819617 1.03583 0.631661 0.809249 0.956399 0.920615 0 -65.5734 -0.187789 0 -217.198 30.5535 -235.485 -162.367 0 -714.477 -1093.11 -1133.09 -886.402 -881.538 -60.2469 
0.039901 2.99609 1.98112 0.946234 0.083884 0.967904 0.905226 0.762796 0.757209 0.982592 0 -65.9559 -0.0724981 0 -223.905 20.863 -215.845 -120.689 0 -749.327 -1138.62 -1131.4 -721.693 -537.245 -22.7974 
0.0260218 2.99514 1.98573 0.992234 0.224314 1.15874 0.7551 0.998255 0.99163 0.708885 0 -69.2693 -0.0868199 0 -248.968 21.7165 -223.783 -125.393 0 -902.932 -1268.88 -1207.61 -765.085 -570.191 -24.9892 
0.21314 2.96474 1.83928 0.905856 0.10541 1.46385 0.611047 0.992825 0.76954 0.9212 0 -53.1501 0.0841592 0 -168.593 14.5788 -161.896 -86.3568 0 -514.17 -824.117 -842.174 -521.906 -373.795 -14.5396 
0.0033334 2.98255 1.99289 0.999057 0.882547 1.22612 0.717998 0.991467 0.952572 -0.910918 0 -69.1196 -0.210083 0 -266.636 25.4457 -158.554 -111.136 0 -1068.4 -751.464 -701.187 -589.519 -623.746 -42.5689 
0.0121563 2.99737 1.99371 0.985441 0.12488 0.664081 0.121778 0.803796 0.797517 0.94252 0 -69.9574 -0.0924225 0 -249.2 21.8899 -229.381 -127.818 0 -891.025 -1287.32 -1238.9 -781.91 -575.618 -24.6963 
0.045972 2.95081 1.99084 0.981136 0.261498 1.25287 0.850597 0.962885 0.56522 0.978036 0 -64.2554 -0.0831722 0 -218.037 22.1895 -226.903 -131.484 0 -733.864 -1181.45 -1213.29 -803.605 -617.37 -28.3455 
0.040107 2.99734 1.99966 0.983775 0.989742 1.03886 0.61995 0.997756 0.883474 0.6476 0 -66.544 -0.218617 0 -231.635 33.7817 -240.444 -176.097 0 -818.897 -1144.08 -1151.44 -954.598 -1024.18 -80.5835 
0.0363539 2.99044 1.7034 0.99324 0.121176 0.940585 0.665448 0.998629 0.988633 0.985078 0 -69.7971 0.0728864 0 -256.628 14.8201 -195.613 -94.9632 0 -937.827 -1261.03 -1137 -632.941 -403.628 -14.2194 
0.0517819 2.99911 1.99921 0.985377 0.99574 1.32909 0.634717 0.949464 0.598002 0.951987 0 -66.1526 -0.212235 0 -226.825 34.5784 -256.353 -188.34 0 -778.206 -1202.47 -1265.69 -1054.73 -1124.5 -88.4637 
0.0517819 2.99873 1.99969 0.907033 0.141132 1.32319 0.703969 0.949464 0.788014 0.951475 0 -63.5022 -0.0767318 0 -201.937 21.7806 -223.093 -128.782 0 -610.24 -1069.04 -1145.63 -763.435 -589.627 -26.1757 
0.0363539 2.99604 1.99992 0.9429 0.141326 0.940585 0.992028 0.744522 0.994206 0.983905 0 -65.8735 -0.0875543 0 -222.178 21.6003 -218.277 -123.811 0 -738.265 -1132.14 -1133.63 -733.333 -555.769 -24.1597 
0.0127005 2.84449 1.98861 0.956099 0.948224 0.653633 0.698533 0.994894 0.577025 -0.985547 0 -56.6321 -0.219249 0 -194.307 25.0237 -133.457 -101.642 0 -693.284 -489.854 -514.133 -490.843 -574.046 -42.7166 
0.00534702 2.99883 1.44007 0.983276 0.0242269 1.03746 0.741197 0.961511 0.880503 0.995192 0 -73.3143 0.185494 0 -277.179 10.0636 -161.367 -66.3977 0 -1036.5 -1211.4 -975.681 -467.268 -253.715 -6.54965 
0.00575121 2.99592 1.51476 0.957079 0.124072 1.12141 0.769303 0.9981 0.956266 0.951036 0 -71.2787 0.15086 0 -259.072 11.4598 -169.039 -74.094 0 -922.822 -1156.29 -985.784 -501.257 -291.95 -8.55006 
0.0043024 2.99814 1.84673 0.986802 0.999487 0.966511 0.612805 0.993405 0.893613 0.961108 0 -70.0124 -0.15907 0 -245.929 31.419 -248.751 -174.38 0 -861.802 -1247.92 -1267.47 -997.61 -1020.15 -78.0727 
0.00675316 2.99937 1.99471 0.993173 0.124357 1.31536 0.700634 0.744237 0.985968 0.862235 0 -70.9468 -0.096648 0 -257.626 21.6026 -221.698 -122.271 0 -948.947 -1283.03 -1188.01 -737.076 -538.763 -22.7341 
0.00626788 2.99524 1.90082 0.975763 0.14315 1.00838 0.616637 0.993396 0.949659 0.976106 0 -70.2193 -0.043688 0 -246.8 20.163 -230.808 -125.022 0 -854.984 -1301.86 -1281.76 -794.072 -566.15 -23.4748 
0.00634593 2.99879 1.84642 0.995171 0.124357 1.31066 0.700601 0.9977 0.638298 0.862235 0 -71.9008 -0.0130085 0 -263.088 18.3791 -216.962 -112.637 0 -963.12 -1324.11 -1224.42 -722.147 -493.188 -19.2666 
0.0456201 2.99877 1.99904 0.983865 0.98012 0.426691 0.701994 0.993512 0.395613 0.963796 0 -66.1739 -0.212568 0 -226.275 34.5875 -261.001 -190.727 0 -768.936 -1220.79 -1299.72 -1078.26 -1138.99 -88.341 
0.00436302 2.93796 1.99995 0.949148 0.991837 1.04627 0.603015 0.993396 0.99927 0.987522 0 -62.8087 -0.243716 0 -196.055 36.0138 -255.235 -192.665 0 -593.39 -1054.21 -1191.81 -1038.36 -1140.2 -90.8265 
0.00541442 2.99956 -1.60426 0.985512 0.0332472 1.37915 0.698607 0.993117 0.944481 0.628471 0 -72.7606 0.111829 0 -311.776 -2.76709 -15.6917 8.77487 0 -1365.04 136.991 0.550451 22.0544 -23.0647 2.95031 
0.00627083 2.99965 1.67308 0.993886 0.982614 1.38932 0.763029 0.993395 0.988409 0.955686 0 -71.3922 -0.0631791 0 -259.847 25.8109 -221.668 -144.992 0 -946.967 -1231.55 -1172.64 -850.342 -817.005 -59.3235 
0.255273 2.90151 -1.68934 0.949452 0.10541 1.48265 0.63132 0.903111 0.778148 0.961853 0 -49.8938 0.160433 0 -197.145 -1.86226 -8.24153 5.19108 0 -805.561 31.9622 17.817 8.92984 -18.3305 2.57172 
0.0026521 2.97307 1.8749 0.796943 0.108647 1.19789 0.707918 0.996014 0.888057 0.947769 0 -60.2366 -0.0297351 0 -166.315 19.2654 -201.401 -113.584 0 -393.069 -827.252 -962.406 -642.337 -492.688 -20.5208 
0.00484861 2.99873 1.80535 0.833662 0.933541 1.32232 0.703662 0.949572 0.788649 0.923861 0 -62.6027 -0.117757 0 -182.888 28.2302 -214.276 -150.062 0 -484.203 -854.819 -960.233 -782.213 -821.458 -60.6144 
0.0468549 2.99893 1.45612 0.946128 0.0240689 0.967109 0.904309 0.9619 0.878223 0.995727 0 -68.2946 0.186444 0 -247.205 9.95744 -154.02 -64.7314 0 -873.226 -1076.86 -902.936 -443.891 -247.756 -6.51717 
0.00293815 2.36685 1.99458 0.899022 0.0774324 1.353 0.729334 0.963545 0.952587 0.946129 0 -31.1069 -0.097168 0 -56.3829 19.5021 -129.462 -88.5677 0 -77.4305 -323.244 -481.856 -403.013 -365.002 -17.6885 
0.0457301 2.99877 1.99904 0.983864 0.973891 0.423679 0.701994 0.993512 0.907732 0.962353 0 -66.1835 -0.210774 0 -226.336 34.4354 -260.622 -189.949 0 -769.739 -1221.23 -1299.09 -1074.57 -1131.34 -87.2892 
0.0359727 2.98616 1.99357 0.956107 0.0296373 0.667401 0.704611 0.988656 0.984743 0.790431 0 -65.9345 -0.0787774 0 -224.425 21.2502 -220.182 -123.75 0 -755.175 -1161.19 -1160.8 -744.692 -554.474 -23.6796 
0.257373 2.99838 -1.99093 0.905614 0.10541 1.46164 0.707494 0.991639 0.778148 0.961853 0 -51.7036 0.0351998 0 -203.217 -5.28691 -16.8866 10.4451 0 -830.051 90.4416 19.6019 14.4594 -38.7166 3.28066 
0.00295587 2.99697 1.98349 0.981073 0.954021 1.25474 0.849667 0.791619 0.549752 0.952318 0 -69.0468 -0.224283 0 -239.29 33.9702 -251.76 -180.838 0 -835.516 -1208.87 -1228.39 -995.916 -1041.11 -79.1634 
0.21314 2.51989 -1.88507 0.905856 0.10541 1.46385 0.708014 0.992825 0.778148 0.962026 0 -32.4889 0.0602428 0 -107.82 -2.56675 -5.28436 5.22387 0 -374.626 9.43127 22.7798 8.88475 -21.9028 2.95649 
0.00439835 2.99397 1.97184 0.948712 0.995567 1.22299 0.509808 0.994878 0.990429 0.987289 0 -66.9102 -0.228249 0 -217.85 35.5928 -263.957 -194.936 0 -689.035 -1159 -1273.29 -1077.37 -1160.27 -91.4362 
0.0704416 2.44589 -1.88201 0.940454 0.875757 0.67613 0.942121 0.981188 0.778597 0.936628 0 -33.1041 -0.111054 0 -110.68 -8.76879 -12.906 16.9607 0 -390.269 11.0302 31.7736 24.1829 -73.1175 8.67596 
0.00593106 2.5147 1.98645 0.956107 0.114009 1.46394 0.649582 0.996681 0.984743 0.790037 0 -39.8653 -0.091808 0 -97.5414 19.6136 -147.836 -94.1064 0 -234.649 -511.082 -624.883 -470.689 -394.136 -18.1717 
0.0128606 2.99877 -1.28659 0.981977 0.126248 1.36581 0.788733 0.861799 0.891172 0.957367 0 -73.3598 0.246009 0 -315.764 0.618882 -0.508063 2.63433 0 -1370.22 -65.067 30.715 8.22704 -8.54401 2.21574 
0.0704416 2.41494 -1.98845 0.940454 0.875757 0.67613 0.945061 0.981188 0.778597 0.90809 0 -31.223 -0.167842 0 -103.076 -10.3104 -14.3442 19.5006 0 -362.064 23.611 36.6827 28.8413 -83.4694 9.56949 

