0.0145834 2.98311 1.86045 0.9661 0.99172 0.238167 0.532139 -0.551266 -0.120855 0.84212 0 -67.0027 -0.157891 0 -249.333 24.8885 -146.695 -103.951 0 -964.911 -704.428 -601.92 -499.386 -558.974 -43.0992 
0.00433326 2.99601 1.81708 0.99675 0.999941 0.248671 0.364515 0.981916 -0.015076 0.982827 0 -70.5704 -0.143006 0 -251.715 30.5127 -245.803 -170.258 0 -899.376 -1269.35 -1270.12 -983.796 -993.299 -75.4398 
0.00433326 2.99604 1.99719 0.99675 0.999941 0.20565 0.448708 0.978671 -0.0147099 0.975047 0 -69.5354 -0.244387 0 -241.318 36.5021 -274.081 -201.291 0 -838.646 -1303.05 -1373.9 -1142.05 -1211.59 -95.3755 
0.010651 2.99651 1.30334 0.99677 0.988639 0.141086 0.247138 0.943386 -0.0255129 0.976095 0 -72.5966 0.0992693 0 -276.961 17.1819 -167.733 -96.4704 0 -1058.69 -1119.14 -934.994 -585.77 -508.534 -34.3822 
0.00688217 2.99622 1.80681 0.995491 0.623162 0.146315 0.437362 0.836339 -0.907691 0.988997 0 -71.3085 -0.0460406 0 -260.323 21.9527 -217.607 -126.462 0 -954.915 -1269.65 -1182.92 -767.752 -623.954 -33.1706 
0.0190027 2.96822 1.06279 0.993809 0.913812 0.213241 0.417886 0.96429 0.171178 0.975159 0 -70.8373 0.205594 0 -272.648 11.7704 -131.138 -65.8285 0 -1048.25 -998.206 -761.207 -416.8 -320.226 -18.4592 
0.0128399 2.84025 1.42107 0.977435 0.503451 0.162066 0.460833 0.965754 -0.071396 0.972663 0 -61.2705 0.158795 0 -210.916 11.7896 -142.507 -68.5353 0 -723.186 -895.402 -780.875 -428.411 -288.586 -11.1902 
0.0149595 2.99482 1.99255 0.99685 0.990832 0.147154 0.375419 0.945489 -0.032347 0.982931 0 -68.7631 -0.231366 0 -239.208 35.5833 -267.725 -195.532 0 -834.796 -1280.83 -1341.15 -1107.47 -1168.7 -91.2644 
0.0130369 2.99071 1.99874 0.941719 0.872627 0.20535 0.40178 0.98401 -0.0658149 0.974814 0 -65.8861 -0.204184 0 -212.877 32.9431 -256.904 -182.049 0 -665.354 -1140.44 -1252.69 -1016.07 -1036.58 -74.1645 
0.0103975 2.99672 1.3157 0.98185 0.880988 0.261317 0.346662 0.608836 -0.904972 0.991071 0 -72.0461 0.123839 0 -274.759 14.8805 -145.419 -78.679 0 -1054.95 -1004 -788.941 -463.842 -381.319 -22.9549 
0.141605 2.98168 1.91494 0.945205 0.966266 0.253715 0.339754 0.919672 -0.378065 0.976029 0 -57.0995 -0.095883 0 -186.999 27.9448 -210.325 -150.694 0 -599.438 -948.862 -1011.1 -826.927 -868.862 -66.1004 
0.00388121 2.99603 1.3486 0.950695 0.57002 0.377511 0.367284 0.983687 -0.381571 0.991149 0 -71.3076 0.17518 0 -260.414 11.8878 -156.221 -72.6836 0 -930.535 -1086.16 -903.075 -476.71 -316.524 -12.7147 
0.0280306 2.99854 1.99781 0.995924 0.872627 0.210673 0.511095 0.98401 -0.0658149 0.989452 0 -68.3546 -0.193855 0 -238.532 32.5159 -263.768 -183.416 0 -830.836 -1300.23 -1359.82 -1067.46 -1056.49 -74.6112 
0.141328 2.97175 1.99055 0.921897 0.976913 0.21579 0.715594 0.944618 -0.86834 0.993868 0 -54.9629 -0.144569 0 -170.034 30.3699 -218.865 -162.964 0 -502.944 -896.049 -1012.22 -874.861 -957.346 -75.0199 
0.0170699 2.97386 1.99538 0.964492 0.998438 0.216891 0.517677 0.942194 -0.866879 0.929506 0 -65.2954 -0.234031 0 -215.266 35.3968 -253.886 -188.978 0 -703.104 -1125.21 -1208.81 -1028 -1116.46 -88.8071 
0.035787 2.99084 1.34853 0.997355 0.999843 0.210411 0.370049 0.943183 -0.193447 0.996819 0 -70.1674 0.0883013 0 -265.455 17.8449 -170.179 -100.27 0 -1006.29 -1099.43 -940.399 -605.31 -536.713 -37.0589 
0.0128399 2.3969 1.42107 0.977398 0.52041 0.162066 0.717754 0.944553 -0.134758 0.991638 0 -37.4016 0.15568 0 -97.9053 10.7217 -96.1126 -52.0909 0 -258.887 -409.788 -429.682 -272.685 -207.382 -8.47915 
0.00573386 2.97398 1.9973 0.99685 0.996229 0.217168 0.524709 0.967461 -0.25717 0.956663 0 -67.8387 -0.242428 0 -232.823 36.0383 -266.028 -196.084 0 -802.494 -1246.54 -1315.91 -1099.06 -1170.62 -92.2214 
0.0141468 2.97222 1.25631 0.996938 0.999941 0.18968 0.470267 0.835925 -0.0147133 0.973506 0 -70.7312 0.114586 0 -268.977 16.1218 -152.604 -87.2554 0 -1030.24 -1025.95 -834.495 -517.416 -451.525 -30.8536 
0.0145834 2.97275 1.71794 0.918574 0.992284 0.238167 0.534641 -0.551266 -0.120843 0.84212 0 -64.5501 -0.0836178 0 -229.774 21.3525 -126.657 -86.981 0 -838.766 -579.372 -505.639 -406.648 -454.228 -34.6418 
0.0324837 2.9666 1.05783 0.972877 0.975986 0.326262 0.248916 -0.584171 -0.932896 0.996707 0 -68.4783 0.194377 0 -268.543 9.8948 -81.2648 -40.794 0 -1065.53 -485.493 -415.067 -229.654 -206.479 -13.0322 
2.27477e-06 2.09953 1.31505 0.986974 0.990832 0.233695 0.451464 0.983103 -0.214813 0.977079 0 -25.884 0.0899589 0 -54.3595 13.986 -75.2094 -55.0607 0 -116.023 -217.035 -265.892 -228.66 -251.998 -18.4549 
0.00696466 2.96973 1.97407 0.952071 0.994042 0.217168 0.343209 0.966712 -0.0682299 0.957051 0 -65.1539 -0.227193 0 -210.652 35.0915 -254.065 -188.514 0 -666.589 -1103.96 -1205.97 -1025.35 -1110.79 -87.8426 
0.0149595 2.70914 1.98419 0.996853 0.990832 0.147154 0.375419 0.945489 -0.0311781 0.97567 0 -50.1321 -0.226516 0 -144.785 32.8942 -205.464 -161.206 0 -422.466 -770.042 -891.099 -811.953 -915.736 -74.4682 
0.012834 2.97176 1.43779 0.943552 0.900011 0.222334 0.467251 0.967798 -0.535692 0.983401 0 -67.4653 0.0703957 0 -235.925 18.1521 -173.542 -101.834 0 -808.91 -1002.19 -916.726 -598.77 -523.686 -33.409 
0.0178814 2.93921 1.06875 0.971845 0.999975 0.334447 0.298462 0.992905 -0.882966 0.994201 0 -67.4405 0.179682 0 -248.311 13.1441 -133.829 -72.4249 0 -907.964 -915.581 -742.216 -440.235 -368.085 -23.9335 
0.0374136 2.99503 1.9892 0.986974 0.610178 0.205708 0.437449 0.983106 -0.878846 0.977078 0 -67.5723 -0.126832 0 -235.47 26.6144 -247.209 -155.246 0 -815.019 -1280.23 -1314.99 -934.528 -810.291 -46.0894 
0.01663 2.92908 1.25741 0.98198 0.88602 0.201572 0.458135 0.82821 -0.863741 0.961676 0 -67.0265 0.146379 0 -246.59 13.9863 -139.184 -75.078 0 -910.942 -929.926 -754.34 -444.948 -363.37 -21.6662 
0.00917324 2.97383 1.99696 0.944921 0.999954 0.174735 0.471686 0.849185 -0.265772 0.985471 0 -64.7657 -0.240851 0 -208.335 35.6333 -250.645 -187.931 0 -657.771 -1072.12 -1164.86 -1003.37 -1103.72 -88.3817 
0.00998429 2.97927 1.3109 0.981873 0.880988 0.202204 0.344668 0.640304 -0.904972 0.991071 0 -70.8306 0.125547 0 -267.581 14.7994 -144.325 -78.2774 0 -1017.78 -984.432 -780.302 -460.507 -379.045 -22.8037 
0.0142911 2.93472 1.99625 0.945406 0.998684 0.337353 0.336167 0.944369 -0.0534919 0.975085 0 -61.7594 -0.23622 0 -192.374 35.42 -246.658 -186.782 0 -583.291 -1013.62 -1135.9 -993.176 -1098.76 -88.2012 
0.0100759 2.95136 1.95491 0.965832 0.940694 0.203004 0.341165 0.758335 -0.469454 0.998383 0 -64.6552 -0.198818 0 -214.524 32.1247 -234.08 -168.328 0 -712.192 -1068.61 -1111.3 -907.886 -952.09 -71.7512 
0.00923286 2.97367 1.95413 0.966754 0.991017 0.213952 0.436792 0.99318 -0.189186 0.977038 0 -66.1949 -0.213314 0 -219.033 34.4609 -256.78 -188.073 0 -713.407 -1158.3 -1250.86 -1044.36 -1112.1 -86.9336 
0.00343788 2.99603 1.79404 0.995805 0.868859 0.38351 0.412663 0.936028 -0.120845 0.989851 0 -71.0771 -0.0951285 0 -256.223 26.6048 -233.125 -150.565 0 -925.53 -1271.28 -1234.56 -888.525 -826.403 -55.3099 
0.0357316 2.97239 1.19102 0.981882 0.993348 0.307406 0.437187 -0.198204 -0.200397 0.976658 0 -68.634 0.146987 0 -267.619 12.5529 -100.34 -55.1998 0 -1063.62 -652.493 -498.184 -299.784 -272.765 -18.6369 
0.00433326 2.99604 1.91422 0.99675 0.999941 0.140269 0.438515 0.978671 -0.906941 0.983346 0 -70.0249 -0.196506 0 -246.145 33.6477 -261.115 -186.706 0 -866.55 -1289.07 -1328 -1068.64 -1108.18 -85.8018 
0.0173731 2.99342 1.32555 0.942314 0.56985 0.208311 0.467464 0.945043 -0.923172 0.999419 0 -69.7999 0.18798 0 -253.238 11.2961 -148.465 -68.2923 0 -897.683 -1033.73 -852.431 -445.427 -294.048 -11.606 
0.00389697 2.99603 1.97983 0.950695 0.57002 0.377511 0.435338 0.983687 -0.381571 0.982009 0 -68.1352 -0.134895 0 -227.218 26.6374 -248.542 -155.186 0 -736.626 -1222.58 -1291.42 -918.846 -793.212 -43.9334 
0.0167838 2.91968 1.95243 0.943529 0.995205 0.203635 0.336733 0.895952 -0.273995 0.977955 0 -60.7579 -0.208206 0 -189.217 33.4331 -232.781 -174.216 0 -576.494 -965.498 -1065.04 -917.975 -1007.73 -80.2368 
0.0158903 2.73413 1.9953 0.951749 0.707888 0.338748 0.471032 0.978245 -0.0612909 0.981144 0 -50.0839 -0.162418 0 -138.334 27.4783 -199.365 -140.773 0 -368.804 -748.518 -891.182 -732.779 -725.329 -46.9734 
0.0998798 2.91499 1.19102 0.981882 0.899028 0.307212 0.437187 -0.198204 -0.893653 0.993425 0 -60.6454 0.191831 0 -230.796 10.2998 -85.7935 -44.7024 0 -897.812 -564.575 -427.279 -247.131 -210.902 -12.3332 
0.053661 2.98341 1.48924 0.981094 0.87649 0.222848 0.467251 0.965933 -0.535692 0.976575 0 -67.2329 0.0712227 0 -245.952 18.0536 -176.596 -102.792 0 -895.66 -1078.38 -963.45 -620.339 -532.07 -33.1667 
0.0332018 2.99481 1.07741 0.972334 0.990867 0.213241 0.436275 0.658873 -0.909272 0.97534 0 -70.2636 0.183777 0 -269.407 12.5183 -121.944 -64.6773 0 -1036.05 -887.193 -664.534 -380.837 -318.464 -20.8699 
0.0177786 2.99342 1.99861 0.998347 0.999943 0.202654 0.441462 0.948341 -0.919657 0.975002 0 -68.4835 -0.235657 0 -238.203 35.9005 -267.923 -196.771 0 -832.427 -1277.04 -1338.27 -1111.92 -1180.86 -93.0359 
0.0170699 2.97881 1.99538 0.964492 0.998438 0.249955 0.517677 0.94264 -0.866879 0.993917 0 -65.6459 -0.234031 0 -216.064 35.7107 -259.886 -193.323 0 -700.483 -1150.26 -1250.36 -1063.64 -1151.4 -91.3673 
0.01663 2.92908 1.54098 0.98198 0.999895 0.395113 0.433158 0.929124 -0.863741 0.989573 0 -65.5281 -0.00046129 0 -230.276 22.0747 -186.175 -119.776 0 -810.35 -1016.52 -955.796 -681.846 -653.363 -47.5248 
0.0356788 2.9666 1.4517 0.930211 0.975986 0.325901 0.255062 -0.57001 -0.871354 0.993129 0 -64.6166 0.0541016 0 -236.152 15.6107 -108.414 -66.5041 0 -873.975 -545.207 -488.382 -342.616 -344.653 -24.2105 
0.0181368 2.99602 1.451 0.966754 0.995031 0.206005 0.248962 0.956774 -0.161183 0.975817 0 -69.7313 0.0411626 0 -252.577 20.2517 -183.759 -112.921 0 -906.983 -1079.15 -976.453 -662.258 -610.705 -43.1792 
0.0165391 2.97771 1.9892 0.986974 0.990832 0.205708 0.437449 0.983103 -0.883711 0.977078 0 -66.8855 -0.228421 0 -226.814 35.394 -263.664 -193.824 0 -766.386 -1219.82 -1302.87 -1088.05 -1156.78 -90.6164 
0.0100619 2.9666 1.23018 0.950344 0.974809 0.0717143 0.248916 -0.468443 -0.871354 0.990415 0 -68.2707 0.130206 0 -258.359 12.6299 -96.5483 -53.6184 0 -989.447 -554.681 -463.927 -287.172 -268.652 -17.9985 
0.00318802 2.9774 1.4494 0.977722 0.97898 0.301634 0.419863 0.652013 -0.58367 0.954422 0 -70.0996 0.0397549 0 -258.772 19.2915 -164.729 -100.121 0 -964.945 -999.029 -845.917 -561.195 -518.528 -36.5023 
0.105997 2.9738 1.99736 0.917124 0.977122 0.20195 0.518137 0.967461 -0.122166 0.988401 0 -57.1643 -0.167451 0 -175.444 32.068 -229.671 -171.974 0 -510.67 -929.163 -1059.9 -921.194 -1011.07 -79.5119 
0.138456 2.97182 1.99077 0.978091 0.483459 0.21579 0.717769 0.944473 -0.551694 0.986956 0 -58.6736 -0.0546429 0 -200.652 21.9333 -211.134 -128.054 0 -678.986 -1083.08 -1115.75 -770.959 -637.864 -33.0162 
0.0356453 2.99342 1.12566 0.942314 0.895049 0.201779 0.464032 0.954233 -0.181723 0.999041 0 -68.5169 0.194983 0 -251.288 12.2811 -134.914 -69.2172 0 -903.427 -937.668 -757.083 -429.236 -336.575 -19.4236 
0.0328225 2.95947 1.46905 0.946381 0.998839 0.287695 0.517709 0.944369 -0.0748111 0.994827 0 -64.9874 0.0381191 0 -224.54 20.264 -176.264 -110.865 0 -763.091 -959.51 -902.099 -631.786 -597.881 -42.9166 
0.0166765 2.91968 1.95243 0.943529 0.995205 0.308005 0.429874 0.894398 -0.273995 0.932613 0 -60.7643 -0.208457 0 -189.966 33.2462 -229.511 -171.688 0 -583.834 -956.064 -1043.67 -898.201 -987.685 -78.7383 
0.0196228 2.96533 1.99417 0.975661 0.917257 0.148584 0.449275 0.879602 -0.12062 0.75967 0 -65.3611 -0.20877 0 -222.353 32.1648 -232.287 -166.084 0 -766.363 -1092.98 -1101.82 -890.455 -927.533 -68.9068 
0.0224619 2.92542 1.98395 0.964492 0.999135 0.249279 0.352175 0.94264 -0.269369 0.975005 0 -61.6644 -0.223402 0 -196.696 34.6247 -243.416 -182.945 0 -619.377 -1035.48 -1139.26 -982.87 -1075.58 -85.9153 
0.0173731 2.99342 1.25869 0.942314 0.900011 0.201779 0.467464 0.828297 -0.923172 0.99893 0 -69.3345 0.142486 0 -251.831 14.5077 -146.665 -79.6308 0 -902.03 -954.866 -792.894 -474.018 -391.704 -23.8374 
0.0168214 2.97188 1.79021 0.968525 0.997777 0.255997 0.47371 0.959674 -0.971584 0.968676 0 -66.5481 -0.120772 0 -227.178 28.9618 -227.218 -158.013 0 -769.222 -1111.7 -1131.22 -885.68 -905.451 -68.9658 
0.0115124 2.9665 1.87193 0.981163 0.998918 0.1424 0.487671 0.944369 -0.862053 0.975497 0 -66.7588 -0.168084 0 -228.053 31.6078 -240.732 -171.682 0 -777.551 -1154.36 -1191.98 -959.274 -998.912 -77.2871 
0.01663 2.92908 1.32427 0.98198 0.555859 0.208105 0.436268 0.929124 -0.863741 0.989573 0 -67.4792 0.190634 0 -247.714 10.9374 -141.771 -64.8498 0 -904.939 -1009.57 -816.221 -422.284 -275.288 -10.5956 
0.0167877 2.93764 1.99997 0.940776 0.988083 0.337019 0.341859 0.967784 -0.0243562 0.90238 0 -61.5752 -0.233527 0 -191.675 34.9941 -242.557 -183.079 0 -581.793 -996.449 -1108.85 -966.304 -1067.51 -85.1247 
0.141605 2.98168 1.91699 0.940773 0.988158 0.336875 0.339754 0.919672 -0.364342 0.901294 0 -56.8436 -0.102326 0 -185.716 28.242 -206.233 -149.437 0 -596.39 -921.069 -972.69 -805.049 -861.172 -67.0367 
0.01663 2.99317 1.32202 0.970829 0.555859 0.201883 0.436268 0.929056 -0.263635 0.978723 0 -71.3997 0.191499 0 -267.843 11.058 -147.735 -66.6896 0 -993.473 -1088.51 -865.573 -441.061 -284.322 -10.8896 
0.0057884 2.97592 1.3375 0.99685 0.996229 0.379883 0.524709 0.96746 -0.379911 0.991426 0 -71.2919 0.081696 0 -267.626 18.084 -172.699 -101.57 0 -1006.39 -1108.34 -952.046 -612.179 -541.35 -37.1931 
0.00588456 2.99159 1.93306 0.965155 0.99622 0.147662 0.238103 0.984734 -0.923183 0.995138 0 -67.7318 -0.204942 0 -226.799 34.1764 -259.13 -188.182 0 -746.576 -1192.37 -1276.15 -1054.04 -1114.86 -86.9595 
0.00948547 2.97776 1.96629 0.967051 0.907656 0.261501 0.428461 0.408118 -0.8626 0.987545 0 -66.6522 -0.196899 0 -230.591 30.465 -215.995 -152.125 0 -813.676 -1037.93 -1003.58 -800.153 -830.985 -60.7364 
0.0348551 2.97622 1.99337 0.943177 0.900011 0.19751 0.518149 0.967599 -0.959239 0.758113 0 -63.4516 -0.193757 0 -206.942 31.6379 -231.938 -165.886 0 -667.983 -1034.24 -1088.39 -888.654 -927.86 -68.11 
0.0146703 2.98039 1.08991 0.973283 0.9993 0.334447 0.339322 0.993106 -0.183063 0.988129 0 -70.5676 0.172177 0 -265.273 13.6333 -141.161 -76.2541 0 -989.056 -989.165 -795.206 -469.522 -390.683 -25.4717 
0.036589 2.70692 1.99096 0.964878 0.979824 0.140272 0.248962 0.661547 -0.200743 0.993427 0 -47.4397 -0.211519 0 -133.187 31.0015 -181.581 -143.479 0 -379.598 -648.838 -735.029 -681.575 -787.355 -64.1572 
0.0142334 2.97887 1.9956 0.960743 0.998438 0.249955 0.519852 0.94264 -0.121091 0.987006 0 -65.6388 -0.236145 0 -215.065 35.8031 -259.577 -193.349 0 -692.705 -1141.54 -1243.35 -1059.9 -1149.85 -91.345 
0.0100467 2.9239 1.90683 0.981552 0.97898 0.146358 0.421031 0.659518 -0.883975 0.976602 0 -63.7539 -0.182474 0 -215.488 30.8409 -217.277 -156.624 0 -741.522 -1017.23 -1017.84 -829.177 -878.871 -68.0362 
0.00388121 2.99612 1.3486 0.982432 0.57002 0.147713 0.367284 0.983687 -0.381571 0.963189 0 -73.0582 0.17518 0 -276.581 11.8498 -157.147 -72.3643 0 -1037.87 -1154.37 -928.018 -481.241 -315.152 -12.5704 
0.00575309 2.74043 1.54856 0.996493 0.707888 0.341011 0.238985 0.943414 -0.0633854 0.982625 0 -55.4894 0.064519 0 -180.381 16.3744 -151.795 -87.4752 0 -593.31 -802.475 -767.305 -498.009 -409.742 -22.0857 
0.00433326 2.9727 1.99726 0.997929 0.999941 0.314348 0.188568 0.978671 -0.0147099 0.994167 0 -67.8935 -0.244319 0 -232.319 36.3871 -270.208 -199.59 0 -796.044 -1260.62 -1343.64 -1125.74 -1199.52 -94.676 
0.00948189 2.96141 1.08991 0.949783 0.998449 0.0802598 0.298462 0.998906 -0.871771 0.994961 0 -68.335 0.170871 0 -247.836 13.6436 -138.518 -75.6203 0 -884.495 -919.838 -760.51 -457.048 -385.453 -25.241 
0.0167949 2.93764 1.96828 0.992414 0.988083 0.337019 0.470219 0.813777 -0.0242533 0.90238 0 -64.4684 -0.215462 0 -219.443 33.2682 -234.323 -171.927 0 -760.545 -1092.53 -1112.66 -923.225 -988.301 -77.7006 
0.0141468 2.97222 1.16837 0.997617 0.999941 0.197227 0.24984 0.975417 -0.0147133 0.973582 0 -71.091 0.146063 0 -271.449 14.8499 -149.623 -82.8723 0 -1038.14 -1043.15 -843.314 -507.944 -429.456 -28.5113 
0.0100258 2.97955 1.96867 0.933251 0.737727 0.144356 0.353851 0.941996 -0.847869 0.976419 0 -65.3567 -0.156822 0 -210.446 28.8423 -241.124 -160.667 0 -654.813 -1103.18 -1190.48 -905.92 -858.518 -54.4947 
0.0146429 2.99021 1.94523 0.976501 0.504442 0.00707244 0.47295 0.841411 -0.126682 0.98231 0 -68.6804 -0.0984041 0 -240.088 23.8524 -230.301 -137.08 0 -836.283 -1234.01 -1218.69 -818.997 -669.177 -34.3668 
0.0324834 2.9666 1.4517 0.972406 0.975986 0.325901 0.248916 -0.584171 -0.871354 0.990415 0 -67.0044 0.0526987 0 -256.246 15.6212 -111.182 -67.2857 0 -1001.36 -602.347 -521.191 -356.605 -350.677 -24.4213 
0.138456 2.98218 1.99077 0.965675 0.976913 0.21579 0.715267 0.944618 -0.12258 0.986956 0 -57.7919 -0.146547 0 -191.737 30.6493 -226.746 -166.408 0 -626.181 -1018.52 -1099.71 -922.147 -983.981 -76.3511 
0.0290054 2.99459 1.49933 0.936322 0.990867 0.213241 0.436166 -0.206872 -0.900144 0.982206 0 -67.0551 0.0261737 0 -245.679 17.9511 -128.499 -80.5166 0 -913.657 -696.829 -586.116 -413.105 -413.936 -30.1937 
0.0146954 2.93024 1.86045 0.896881 0.992967 0.187144 0.526418 0.942831 -0.120835 0.848717 0 -59.8225 -0.15817 0 -180.122 30.2644 -210.903 -154.648 0 -519.549 -851.541 -932.583 -790.572 -865.978 -68.2837 
0.012834 2.97555 1.43779 0.943552 0.900011 0.14057 0.473693 0.967798 -0.508193 0.982946 0 -67.7312 0.0703842 0 -237.369 18.1673 -174.08 -102.057 0 -815.547 -1008.46 -921.122 -600.933 -525.098 -33.4864 
0.0030356 2.97758 1.99882 0.978068 0.999366 0.311472 0.429147 -0.405179 -0.128555 0.986064 0 -67.22 -0.246088 0 -245.046 30.4413 -182.182 -135.48 0 -931.486 -840.89 -769.905 -674.256 -764.502 -60.5684 
0.0128226 2.97247 1.3232 0.982228 0.569143 0.191853 0.489296 0.996257 -0.998623 0.977056 0 -70.7849 0.187713 0 -265.112 11.2987 -150.956 -68.9782 0 -984.053 -1101.75 -888.857 -459.195 -298.776 -11.7335 
0.0173731 2.99342 1.99861 0.998347 0.998559 0.376191 0.247037 0.967799 -0.919657 0.97587 0 -68.5226 -0.235198 0 -238.006 35.9681 -269.534 -197.88 0 -829.447 -1283.11 -1349.87 -1121.52 -1189.49 -93.561 
0.0361715 2.99563 1.99731 0.99685 0.95032 0.241611 0.241963 0.956754 -0.260249 0.874892 0 -67.4299 -0.207288 0 -236.511 33.5413 -253.755 -182.076 0 -837.263 -1237.31 -1267.28 -1025.02 -1061.99 -80.3089 
0.144212 2.98347 1.23651 0.951751 0.637576 0.341268 0.431246 0.836339 -0.89659 0.957508 0 -60.7899 0.242245 0 -224.678 9.07611 -114.345 -51.443 0 -822.177 -842.706 -650.295 -329.808 -220.775 -8.85264 
0.011367 2.96057 1.91602 0.950131 0.882828 0.139429 0.438393 0.971821 -0.874602 0.983433 0 -64.7685 -0.160562 0 -210.689 30.2688 -239.238 -166.232 0 -668.904 -1091.63 -1172.15 -927.723 -931.112 -66.0207 
0.00916737 2.97386 1.99317 0.943552 0.900011 0.222334 0.470178 0.851229 -0.535692 0.974913 0 -65.0043 -0.21076 0 -210.247 32.8828 -244.812 -175.499 0 -667.148 -1081.43 -1161.95 -951.973 -990.992 -72.7497 
0.00948547 2.97776 1.35045 0.967051 0.907656 0.261501 0.428461 0.683462 -0.193719 0.976491 0 -69.718 0.102835 0 -257.313 16.0179 -150.267 -84.6112 0 -951.953 -966.856 -794.491 -488.538 -417.786 -26.3781 
0.0145241 2.98311 1.99789 0.966783 0.991734 0.213289 0.536356 -0.551266 -0.118534 0.84212 0 -66.2514 -0.235367 0 -243.303 28.677 -161.857 -120.13 0 -934.773 -740.198 -644.976 -570.353 -660.247 -52.0079 
0.0170229 2.9787 1.09151 0.99685 0.969866 0.203721 0.523523 0.98332 -0.261134 0.975093 0 -71.648 0.180432 0 -276.55 13.1152 -139.865 -73.6209 0 -1067.07 -1032.3 -805.542 -461.134 -371.958 -23.2801 
0.137039 2.98168 1.974 0.89687 0.967663 0.253715 0.339754 0.956228 -0.378065 0.994977 0 -54.9426 -0.128626 0 -165.589 30.0592 -217.014 -161.138 0 -466.681 -863.581 -992.013 -857.906 -938.299 -73.0169 
0.0128399 2.84025 1.42107 0.977398 0.52041 0.162066 0.460833 0.965754 -0.264903 0.991638 0 -61.2426 0.156256 0 -210.492 11.9901 -143.942 -69.8499 0 -719.935 -898.603 -788.658 -436.428 -297.196 -11.8038 
0.0167994 2.60111 1.995 0.998967 0.997182 0.00707244 0.46984 0.841411 -0.12607 0.886846 0 -44.0469 -0.233517 0 -120.094 31.5994 -176.011 -142.817 0 -339.349 -606.498 -700.804 -667.666 -781.679 -65.2632 
0.0117174 2.92908 1.32416 0.996779 0.572327 0.209078 0.500268 0.670432 -0.863741 0.994789 0 -68.5872 0.186491 0 -258.649 10.784 -130.844 -59.5295 0 -984.315 -975.47 -741.148 -375.76 -247.148 -9.5068 
0.00998429 2.98233 1.9619 0.973243 0.88556 0.0923891 0.437272 0.758788 -0.86462 0.994817 0 -67.3676 -0.188239 0 -230.514 31.2391 -240.107 -167.144 0 -790.974 -1156.88 -1177.64 -925.591 -932.432 -66.6093 
0.0167842 2.97246 1.48372 0.933781 0.947138 0.20261 0.465546 0.98372 -0.26569 0.991249 0 -66.4082 0.0397326 0 -227.395 20.0302 -181.541 -111.642 0 -758.797 -987.196 -937.37 -644.477 -592.385 -40.3422 
0.141363 2.99709 1.06279 0.994744 0.967505 0.213241 0.343155 0.323163 0.171178 0.975153 0 -63.7225 0.226382 0 -253.503 10.1791 -95.495 -48.8165 0 -1022.54 -734.111 -515.911 -283.967 -234.005 -14.7406 
0.00923286 2.97367 1.94722 0.966749 0.991017 0.213952 0.438097 0.99318 -0.189186 0.98336 0 -66.2351 -0.20936 0 -219.335 34.2499 -256.168 -187.215 0 -714.67 -1158.71 -1250.27 -1041.21 -1106.42 -86.3542 
0.0319033 2.96141 1.08991 0.971845 0.999975 0.334447 0.298462 0.992905 -0.871771 0.994438 0 -67.9337 0.177395 0 -252.4 13.3461 -136.76 -74.1973 0 -930.617 -941.273 -763.408 -453.823 -379.743 -24.7797 
0.0122658 2.92458 1.45709 0.965895 0.912488 0.132534 0.479167 0.66358 0.253727 0.975846 0 -65.2825 0.0586675 0 -231.292 17.8623 -154.452 -92.0653 0 -825.114 -899.471 -780.259 -511.699 -460.224 -30.1888 
0.00917324 2.97383 1.99696 0.944884 0.998557 0.174735 0.471686 0.849185 -0.265772 0.985471 0 -64.7679 -0.240441 0 -208.35 35.5952 -250.575 -187.764 0 -657.822 -1072.25 -1164.88 -1002.7 -1102.16 -88.1511 
0.0357875 2.99084 1.35065 0.966754 0.995031 0.210766 0.252812 0.956972 -0.193357 0.993 0 -68.5231 0.0892443 0 -250.318 17.8165 -167.908 -99.6222 0 -905.97 -1031.08 -905.928 -591.67 -530.31 -36.6567 
0.0157631 2.96758 1.97215 0.952423 0.926229 0.187144 0.349068 0.943371 -0.0307468 0.976666 0 -64.6482 -0.200895 0 -209.81 32.9306 -247.8 -178.399 0 -666.613 -1100.32 -1193.29 -981.427 -1024.06 -76.362 
0.00614711 2.9905 1.34605 0.982129 0.68539 0.174417 0.368109 -0.163645 -0.90034 0.991348 0 -72.2558 0.15554 0 -283.529 11.1978 -107.627 -51.8455 0 -1130.2 -784.493 -566.563 -304.724 -225.786 -9.86261 
0.0340821 2.99709 1.06279 0.845084 0.980303 0.213241 0.419824 0.319848 -0.565114 0.975159 0 -64.1216 0.191562 0 -218.434 11.584 -99.3513 -53.665 0 -724.759 -594.591 -471.317 -283.07 -252.598 -16.8956 
0.144212 2.98347 1.23651 0.981288 0.637576 0.146315 0.437362 0.836339 -0.89659 0.976606 0 -62.1501 0.242131 0 -236.976 9.09901 -117.022 -52.2723 0 -901.988 -902.606 -682.592 -342.257 -225.975 -9.02969 
0.0356189 2.99602 1.99096 0.966754 0.995031 0.206005 0.248962 0.956576 -0.200743 0.993 0 -65.7736 -0.216509 0 -219.594 34.9958 -259.332 -191.388 0 -722.177 -1172.37 -1265.21 -1065.13 -1142.85 -90.0289 
0.00388121 2.9984 1.31176 0.950695 0.57002 0.271539 0.366 0.983687 -0.382293 0.991149 0 -71.6268 0.189643 0 -263.031 11.3045 -151.739 -69.1897 0 -945.082 -1080.45 -883.644 -457.515 -298.571 -11.7044 
0.00693852 2.9985 1.97407 0.953001 0.994042 0.217168 0.343898 0.32534 -0.0682299 0.957051 0 -67.266 -0.227212 0 -231.795 32.6416 -216.306 -158.814 0 -814.788 -1002.53 -964.834 -808.532 -891.231 -70.8605 
0.00573386 2.90115 1.9973 0.99685 0.992432 0.217147 0.241963 0.968204 -0.242354 0.976188 0 -62.7165 -0.241131 0 -205.356 35.4052 -250.71 -187.989 0 -675.753 -1104.15 -1200.18 -1026.74 -1109.71 -88.0315 
0.0179361 2.97315 1.3109 0.981873 0.881335 0.346528 0.236398 0.863894 -0.923187 0.917613 0 -69.8274 0.128424 0 -261.357 14.9562 -149.934 -81.5539 0 -980.849 -1010.35 -821.135 -487.616 -399.61 -23.9987 
0.0357875 2.97783 1.99776 0.933503 0.947169 0.210799 0.435308 0.99318 -0.193357 0.937295 0 -62.8603 -0.207659 0 -198.697 33.7591 -247.849 -182.191 0 -605.655 -1050.45 -1168.95 -989.283 -1059.23 -81.0278 
0.0177205 2.94373 1.96687 0.964788 0.637576 0.148151 0.437362 0.947248 -0.896646 0.975289 0 -64.2118 -0.131026 0 -211.724 26.5023 -232.856 -149.129 0 -687.883 -1121.14 -1181.89 -861.021 -768.588 -44.8295 
0.192985 2.97783 1.99776 0.93346 0.947169 0.210752 0.435308 0.99318 -0.144976 0.937295 0 -52.5748 -0.098234 0 -166.279 28.2476 -207.436 -152.193 0 -506.817 -879.096 -978.311 -827.96 -886.525 -67.5937 

