0.419209 0.11604 
0.621738 -0.179752 
0.625081 -0.232225 
0.409686 0.238841 
0.0392916 0.766937 
0.638272 -0.393097 
0.241691 0.276726 
0.835886 -0.660758 
0.2359 0.30308 
0.216665 0.4276 
0.078145 0.672951 
0.426588 0.0317284 
0.823761 -0.465917 
0.256494 0.243934 
0.643868 -0.433125 
0.0159713 0.868225 
0.435245 -0.0474452 
0.630193 -0.304621 
0.414183 0.179293 
0.826261 -0.507504 
0.829836 -0.578845 
0.636287 -0.374911 
0.828963 -0.562946 
0.0319201 0.796605 
0.212311 0.460768 
0.221368 0.393226 
0.0544285 0.716298 
0.627183 -0.263374 
0.206961 0.501322 
0.837535 -0.688158 
0.0619726 0.696423 
0.640747 -0.413232 
0.633924 -0.349302 
0.83165 -0.607859 
0.225428 0.365221 
0.631964 -0.32696 
0.442311 -0.0934592 
0.62845 -0.281651 
0.423874 0.0616676 
0.447038 -0.11215 
0.618694 -0.128452 
0.429544 0.0022923 
0.411535 0.215721 
1.88829e-09 1.00133 
0.00755402 0.913203 
0.453571 -0.122842 
0.826097 -0.49701 
0.838387 -0.697968 
0.43846 -0.0706587 
0.416765 0.146214 
0.202325 0.537345 
0.619989 -0.15082 
0.230756 0.330731 
0.845224 -0.753961 
0.840257 -0.71652 
0.623487 -0.207853 
0.0470665 0.737828 
0.432096 -0.0216221 
0.421309 0.0908979 
0.841935 -0.731781 
0.184066 0.661075 
0.247175 0.258421 
0.833698 -0.638613 
0.0698607 0.681405 
0.190277 0.622641 
0.648541 -0.451893 
0.851817 -0.772168 
0.196632 0.579186 
0.0237587 0.830994 
0.227592 0.350807 
0.433691 -0.0320033 
0.411608 0.213542 
0.636996 -0.381511 
0.639095 -0.398729 
0.434091 -0.0385552 
0.838386 -0.694335 
0.414445 0.175937 
0.202459 0.536181 
0.645984 -0.443329 
0.187877 0.647532 
0.213514 0.452438 
0.426433 0.0335134 
0.640596 -0.412039 
0.848257 -0.766576 
0.845836 -0.757197 
0.62173 -0.179578 
0.232675 0.319346 
0.621002 -0.167176 
0.222827 0.383433 
0.0140027 0.898078 
0.0689239 0.681908 
0.834164 -0.645182 
0.439152 -0.0727375 
0.634817 -0.359426 
0.246885 0.258807 
0.206615 0.504121 
0.840204 -0.708174 
0.44149 -0.0885725 
0.619018 -0.133811 
0.630041 -0.291576 

