0.430187 0.344925 
0.0881296 0.704781 
0.311649 0.442543 
0.0655278 0.744996 
0.854248 0.0764066 
0.124546 0.648492 
0.287865 0.464377 
0.403506 0.365436 
0.0729612 0.730881 
0.63424 0.204687 
0.197976 0.556472 
0.303667 0.44976 
0.394636 0.373014 
0.888694 0.0579193 
1.11425e-08 1.00098 
0.610613 0.219229 
0.525767 0.275607 
0.567029 0.24771 
0.777444 0.119164 
0.146349 0.618406 
0.131725 0.638127 
0.296112 0.45668 
0.242318 0.508616 
0.497303 0.296062 
0.0577554 0.760872 
0.109776 0.6701 
0.485833 0.30413 
0.168412 0.590455 
0.83896 0.0847935 
0.0260911 0.839665 
0.117392 0.658429 
0.589425 0.233115 
0.352578 0.407365 
0.050089 0.777777 
0.601143 0.225471 
0.0804413 0.717727 
0.412078 0.359041 
0.154207 0.608912 
0.683461 0.173728 
0.0179661 0.866997 
0.671692 0.181344 
0.999966 0.000613653 
0.160844 0.600071 
0.976583 0.0123511 
0.20474 0.548495 
0.556374 0.255028 
0.0421025 0.796262 
0.962055 0.0199835 
0.250058 0.501053 
0.750072 0.134808 
0.257129 0.493824 
0.467061 0.317295 
0.695863 0.166822 
0.344292 0.41444 
0.420777 0.352167 
0.32792 0.428111 
0.578476 0.240173 
0.264881 0.486293 
0.735756 0.142962 
0.923734 0.0396207 
0.793592 0.110035 
0.00895089 0.906533 
0.456736 0.324869 
0.19047 0.564569 
0.319821 0.435248 
0.808341 0.101516 
0.447396 0.332202 
0.227308 0.52435 
0.3771 0.386884 
0.515384 0.282927 
0.905921 0.0486508 
0.219979 0.531915 
0.646738 0.196455 
0.475881 0.310866 
0.545702 0.261931 
0.623449 0.211343 
0.709193 0.158826 
0.234921 0.516733 
0.335787 0.421386 
0.536052 0.268534 
0.943522 0.0295663 
0.0343556 0.815903 
0.0952761 0.692844 
0.869962 0.0683507 
0.360793 0.400275 
0.823322 0.0934176 
0.505595 0.289865 
0.764386 0.126364 
0.368535 0.393689 
0.280517 0.471562 
0.658824 0.188755 
0.385873 0.379955 
0.175959 0.581417 
0.439076 0.33822 
0.182894 0.573537 
0.722682 0.150707 
0.212592 0.539826 
0.139447 0.628621 
0.272728 0.478708 
0.102807 0.680188 

