0.777417 0.119634 
0.429191 0.345807 
0.437763 0.339938 
0.806676 0.103357 
0.146067 0.619355 
0.657065 0.190719 
0.242261 0.509167 
0.327358 0.428979 
0.456738 0.325458 
0.359688 0.402201 
0.182768 0.573905 
0.197496 0.556565 
0.524168 0.277054 
0.080193 0.7202 
0.376492 0.387823 
0.504286 0.291058 
0.312137 0.44283 
0.0338838 0.818188 
0.227009 0.52479 
0.681978 0.175151 
0.280187 0.471989 
0.544816 0.263143 
0.287762 0.465191 
0.735242 0.143886 
0.923727 0.0400528 
0.0176975 0.86934 
0.303021 0.450843 
0.249591 0.501586 
0.319318 0.436007 
0.869619 0.0684955 
0.6375 0.205399 
0.555253 0.256049 
0.9797 0.0112985 
0.0498422 0.778175 
0.85321 0.0772728 
0.446873 0.332732 
0.138945 0.629111 
0.611302 0.219406 
0.0574612 0.761748 
0.116771 0.65984 
0.351802 0.408036 
0.622388 0.212328 
0.837871 0.085721 
0.12411 0.649585 
0.588662 0.234233 
0.792478 0.110654 
0.4845 0.304952 
0.763049 0.127784 
0.234637 0.517089 
0.211943 0.541044 
0.109634 0.670328 
0.257656 0.494298 
0.272407 0.479492 
0.0724081 0.73294 
0.720614 0.152048 
0.153647 0.609819 
0.0879618 0.70566 
0.514613 0.284153 
0.708731 0.159543 
0.175509 0.582807 
0.06525 0.746404 
0.95937 0.0213589 
0.168185 0.591999 
0.205244 0.549009 
0.102383 0.681289 
0.189995 0.565614 
0.160922 0.600184 
0.494843 0.298299 
0.384817 0.38069 
0.534269 0.270162 
0.668968 0.183053 
0.264673 0.486916 
0.411637 0.359786 
0.598883 0.227139 
0.476117 0.311233 
0.36866 0.394333 
0.420739 0.352786 
0.748339 0.13584 
0.565786 0.249173 
0.99868 0.00144699 
0.694087 0.168088 
0.466424 0.318391 
0.00937425 0.904793 
0.343694 0.415189 
0.644713 0.198019 
0.402441 0.366969 
0.21941 0.53328 
0.822663 0.0941909 
2.18692e-07 1.00212 
0.294978 0.45814 
0.901889 0.051469 
0.885501 0.0598497 
0.0422483 0.796176 
0.131516 0.638988 
0.939714 0.0317813 
0.094905 0.693468 
0.335744 0.421775 
0.0259846 0.840219 
0.393576 0.37358 
0.577832 0.240842 

