0.000192787 -2.99671 1.81897 0.999512 0.902785 1.21135 0.854928 -0.947092 0.928649 -0.947711 0 -71.345 -0.119215 0 -257.643 -32.3669 -232.715 161.726 0 -935.821 1259.3 -1219.17 911.681 -881.811 68.8359 
0.00122337 -2.98833 0.935502 0.999131 0.987962 1.20204 0.682034 -0.983427 -0.00266559 -0.981239 0 -74.0729 0.217596 0 -291.683 -11.1601 -125.144 67.8456 0 -1147.55 1014.12 -739.101 413.55 -320.409 24.3056 
0.00022973 -2.99716 1.15026 0.999322 0.981412 0.361543 0.749642 -0.978759 -0.0236569 -0.98098 0 -74.1469 0.152954 0 -287.784 -15.2645 -149.968 86.8416 0 -1117.02 1096.03 -862.383 519.871 -428.216 32.8189 
0.00022973 -2.99707 1.99582 0.999325 0.981412 1.20128 0.749642 -0.978759 0.934558 -0.980556 0 -70.1122 -0.241059 0 -244.505 -41.9613 -268.696 204.322 0 -854.488 1297.02 -1356.11 1127.38 -1202.35 101.667 
0.000508653 -2.99455 1.13786 0.960145 0.99905 1.44243 0.242145 -0.942642 -0.45415 -0.979385 0 -71.7337 0.152093 0 -267.079 -15.2236 -143.904 84.9993 0 -983.898 986.134 -795.066 491.651 -417.026 32.9165 
0.00496731 -2.97552 1.97068 0.961419 0.974264 1.23838 0.232722 -0.941385 0.929296 -0.998919 0 -66.3042 -0.22085 0 -218.039 -40.1352 -250.916 192.305 0 -705.024 1125.69 -1212.12 1024.74 -1109.2 94.3088 
0.0175977 2.71447 1.9964 0.907509 0.964759 1.44937 0.945959 -0.924249 0.0691948 -0.991661 0 -46.4254 -0.226264 0 -163.393 15.9925 -29.358 -26.1653 0 -609.363 -41.356 36.6878 -49.8646 -134.294 -7.07194 
0.000380106 -2.81809 1.76316 0.958368 0.999347 1.47546 0.922112 -0.714826 0.0799942 -0.950274 0 -56.8939 -0.116722 0 -178.268 -30.225 -176.318 134.444 0 -564.872 772.31 -781.278 648.905 -706.811 62.7565 
0.0259347 -2.97606 1.12398 0.999314 0.989178 1.17084 0.933875 -0.96097 0.0603823 -0.95469 0 -70.8763 0.164745 0 -273.089 -14.2711 -138.714 80.5326 0 -1055.54 1011.41 -787.873 474.244 -392.489 30.5597 
0.000425522 -2.99841 1.97438 0.888506 0.899347 1.20698 0.916721 -0.920759 0.0894329 -0.985359 0 -64.6071 -0.205491 0 -196.371 -38.3675 -241.785 182.908 0 -558 988.282 -1114.89 944.6 -1013.81 82.8204 
0.0130917 2.77597 1.74392 0.839761 0.959364 1.20462 0.828146 -0.907192 0.0652604 -0.850893 0 -48.641 -0.0889519 0 -163.524 12.9202 -25.43 -19.704 0 -572.646 -11.032 19.3664 -30.7028 -101.256 -5.56151 
0.0180446 2.96401 1.99545 0.967566 0.964598 1.34671 0.840076 -0.857311 0.156229 -0.957589 0 -64.9164 -0.224899 0 -264.767 18.6979 -49.6741 -38.0164 0 -1133.65 -158.66 -18.2941 -93.9534 -187.116 -11.8844 
0.00022973 -2.97533 1.99669 0.999325 0.981412 1.20128 0.749642 -0.978759 0.934558 -0.980133 0 -68.5045 -0.241573 0 -235.725 -41.7599 -263.653 201.762 0 -813.482 1249.5 -1316.45 1103.06 -1182.94 100.478 
0.000380106 -2.99423 1.368 0.958368 0.99905 1.42792 0.926739 -0.942243 0.036871 -0.950274 0 -70.7475 0.0665984 0 -256.564 -20.5973 -169.557 108.118 0 -921.476 1030.97 -899.557 606.764 -554.522 44.813 
0.00022973 -2.99716 1.15826 0.997633 0.995236 0.338574 0.749642 -0.96779 0.937925 -0.98098 0 -73.9806 0.146172 0 -286.351 -15.6793 -150.904 88.4122 0 -1108.6 1089.32 -861.733 525.44 -439.172 34.1578 
0.0177767 -2.92036 1.07292 0.995834 0.912689 1.2146 0.897453 -0.944403 -0.420535 -0.867201 0 -67.7332 0.200757 0 -255.988 -11.6286 -119.349 66.0698 0 -974.265 892.463 -668.301 381.621 -297.257 22.1301 
0.133984 2.95986 1.96988 0.965905 0.979702 0.3792 0.183666 -0.977567 0.0669127 -0.950671 0 -56.9401 -0.130066 0 -232.791 15.807 -39.4693 -30.2678 0 -995.454 -100.849 -2.01292 -71.6638 -154.728 -9.81097 
0.0130704 -2.97359 1.9293 0.977612 0.98332 1.2509 0.953425 -0.975951 0.828295 -0.936264 0 -66.7459 -0.195763 0 -225.989 -38.1838 -243.001 183.628 0 -762.065 1144.18 -1193.45 986.79 -1053.18 89.4681 
0.00483142 -2.91914 1.06547 0.995833 0.900963 1.21561 0.223214 -0.940571 -0.438312 -0.979387 0 -68.5501 0.204519 0 -258.285 -11.7217 -124.64 68.1784 0 -975.769 931.236 -709.54 403.633 -309.237 22.3886 
0.00526867 2.61636 1.29945 0.888278 0.957906 1.15404 0.196582 -0.99996 0.951209 -0.954109 0 -44.2863 0.107507 0 -148.614 6.38318 -11.9419 -4.62442 0 -507.116 91.7365 -4.8864 -0.789075 -43.8071 -1.25149 
0.0188729 -2.9942 1.98414 0.961419 0.969707 1.17356 0.947412 -0.94247 0.944091 -0.998919 0 -66.6752 -0.21981 0 -221.321 -40.1643 -253.605 193.678 0 -722.152 1149.92 -1234.95 1040.15 -1122.41 94.938 
0.000418924 -2.99389 1.15026 0.995642 0.98066 1.17428 0.749642 -0.979739 0.108849 -0.98098 0 -73.6838 0.153221 0 -284.396 -15.2394 -149.238 86.5526 0 -1096.64 1081.86 -854.651 516.501 -426.184 32.6854 
0.0130553 2.74525 1.56532 0.983652 0.959058 1.19928 0.268492 -0.944307 0.0544424 -0.876915 0 -54.1087 -0.00128186 0 -208.567 10.0716 -23.2461 -14.4532 0 -835.815 7.40805 -8.29272 -29.6719 -78.9787 -3.96428 
0.0169633 -2.80102 1.98025 0.964937 0.954175 1.45069 0.951987 -0.784288 0.00142383 -0.936189 0 -54.2614 -0.214362 0 -162.469 -36.3881 -198.302 158.968 0 -490.521 785.409 -857.405 762.907 -861.104 75.9124 
0.00312102 2.88165 0.938208 0.999732 0.987962 1.4553 0.948503 -0.990566 -0.454884 -0.936035 0 -66.4406 0.217036 0 -273.515 4.99889 -20.0268 -1.58386 0 -1142.08 240.058 -76.406 15.398 -42.7918 -1.6523 
0.0199554 -2.81241 1.98515 0.96872 0.957707 1.19886 0.97423 -0.999942 -0.0487636 -0.857319 0 -54.882 -0.21655 0 -164.276 -37.4849 -209.787 167.866 0 -489.852 830.876 -930.799 828.87 -929.161 81.2449 
0.00467565 -2.9243 1.06547 0.995834 0.900963 1.22921 0.223214 -0.940678 -0.441189 -0.979387 0 -68.9202 0.204476 0 -260.343 -11.7361 -125.211 68.3932 0 -985.789 939.149 -714.373 405.775 -310.494 22.4562 
0.000486673 -2.83075 0.828485 0.882228 0.90535 1.20176 0.792111 -0.984112 0.901462 -0.872362 0 -58.0345 0.268547 0 -189.366 -7.72961 -86.4367 46.3074 0 -599.062 573.835 -444.525 250.858 -190.617 14.4579 
0.000426281 -2.9996 1.9358 0.888506 0.904215 1.1899 0.864738 -0.920759 0.915381 -0.999913 0 -64.9068 -0.184441 0 -198.73 -37.0282 -237.629 177.813 0 -569.42 988.914 -1105.18 924.059 -981.341 79.8664 
0.0183589 -2.97598 1.12641 0.998709 0.988858 1.25062 0.926723 -0.919991 0.0610308 -0.999178 0 -71.3749 0.16254 0 -274.752 -14.4384 -140.204 81.448 0 -1060.52 1019.52 -796.164 479.933 -397.442 30.9114 
0.0178345 2.80049 1.10703 0.993816 0.970943 1.45794 0.953393 -0.94409 0.809766 -0.938698 0 -59.572 0.173707 0 -236.707 5.85621 -17.7157 -4.26583 0 -961.054 150.373 -44.5145 1.9894 -44.4127 -1.83774 
0.0201009 -2.98341 1.29514 0.957465 0.957696 1.18536 0.27283 -0.992518 0.0294738 -0.907492 0 -69.0341 0.114726 0 -250.976 -17.4915 -154.391 94.2155 0 -903.275 981.093 -832.458 536.02 -465.427 36.1147 
0.000309738 -2.99259 1.97887 0.999024 0.9812 1.18673 0.186173 -0.975999 0.830278 -0.980269 0 -69.8599 -0.230946 0 -243.593 -41.1603 -264.607 200.419 0 -851.494 1282.45 -1335.54 1104.79 -1173.88 99.1162 
0.110168 2.98167 1.86368 0.945517 0.929744 1.18077 0.000752082 -0.777509 0.990878 -0.954405 0 -60.095 -0.0802296 0 -240.719 14.5191 -40.4084 -28.2469 0 -1008.69 -121.07 -23.805 -67.8804 -136.574 -7.81799 
0.0193608 2.57004 1.92133 0.821407 0.995757 1.19422 0.901978 -0.945746 0.649713 -0.998012 0 -35.9043 -0.191086 0 -109.506 13.7884 -18.318 -18.8105 0 -354.173 8.54942 52.1795 -24.5916 -103.205 -5.15869 
0.000499071 -2.98352 1.29749 0.957062 0.899887 1.18589 0.0028223 -0.777915 0.996871 -0.846924 0 -70.4605 0.122411 0 -259.949 -15.8365 -139.984 82.8875 0 -959.51 932.85 -737.816 454.041 -382.255 29.1689 
0.000804564 -2.99731 1.98411 0.842767 0.900179 1.45864 0.846489 -0.997434 0.812439 -0.95458 0 -62.2285 -0.211178 0 -175.907 -39.0304 -240.2 185.036 0 -439.515 888.255 -1063.32 932.753 -1026.38 84.6543 
0.00599818 -2.91996 1.11566 0.995834 0.900963 1.2146 0.221301 -0.773991 -0.441348 -0.954867 0 -68.3681 0.188728 0 -258.282 -12.1339 -120.789 67.4358 0 -985.241 892.47 -667.242 383.639 -301.331 22.4907 
0.0259347 -2.99479 1.28615 0.980618 0.946915 1.17504 0.933857 -0.96097 -0.0495139 -0.981998 0 -70.7331 0.120153 0 -265.364 -17.1466 -157.783 94.388 0 -991.025 1057.18 -879.307 553.076 -467.925 35.5119 
0.0731095 -2.98354 1.71733 0.834357 0.906416 1.44215 0.261226 -0.968103 0.935015 -0.949614 0 -58.4979 -0.0269334 0 -171.52 -26.7435 -183.644 130.443 0 -457.931 759.02 -838.392 665.327 -679 54.4789 
0.00085738 -2.99737 1.13839 0.999187 0.958301 1.21697 0.938622 -0.996216 0.81695 -0.94843 0 -74.221 0.163729 0 -288.8 -14.5095 -146.502 83.3177 0 -1123.86 1090.02 -846.808 501.054 -403.907 30.3557 
0.0187635 2.72611 1.98414 0.961419 0.969707 1.17356 0.947412 -0.939643 0.916649 -0.938016 0 -49.3935 -0.219875 0 -184.105 16.1261 -33.1987 -28.1047 0 -727.7 -68.9148 19.8351 -62.4231 -141.032 -7.80715 
0.00182972 -2.97335 1.98414 0.961419 0.973473 1.23838 0.908653 -0.94247 0.95444 -0.998919 0 -66.2603 -0.230921 0 -217.086 -40.785 -253.293 194.996 0 -698.929 1127.09 -1219.77 1037.14 -1127.2 96.0026 
0.000453329 -2.80153 1.14301 0.905805 0.977278 1.26952 0.815049 -0.898744 0.603139 -0.747414 0 -56.166 0.156665 0 -179.373 -13.4794 -105.512 66.5803 0 -567.805 579.956 -492.186 326.277 -297.556 25.2014 
0.00599818 -2.91994 1.85711 0.995834 0.900963 1.2146 0.221301 -0.773991 -0.469175 -0.954867 0 -65.0469 -0.135853 0 -224.723 -32.001 -209.84 150.927 0 -790.397 1057.22 -1031.18 799.325 -801.953 64.6014 
0.000301083 -2.99423 1.1325 0.98056 0.969785 1.17263 0.926494 -0.949733 -0.0750307 -0.736071 0 -72.9577 0.162323 0 -280.509 -13.8473 -131.461 75.9183 0 -1082.56 962.417 -723.128 429.718 -356.216 28.128 
0.000425518 -2.99841 1.97595 0.888888 0.899982 1.12972 0.836755 -0.916492 0.00119183 -0.985359 0 -64.6148 -0.206568 0 -196.496 -38.4242 -241.779 183.022 0 -559.07 988.409 -1114.21 944.529 -1014.59 82.9547 
0.0522532 2.69696 0.823113 0.964677 0.959058 1.20462 0.934047 -0.972019 -0.588403 -0.874565 0 -51.0895 0.260574 0 -188.317 3.45638 -14.7302 1.01395 0 -705.384 184.142 -58.4022 17.2069 -29.1929 -0.0375116 
0.0130704 -2.97322 1.14707 0.977612 0.98332 1.2509 0.958725 -0.919345 0.946029 -0.936264 0 -70.3177 0.156065 0 -264.414 -14.6276 -137.775 80.8869 0 -993.217 962.78 -760.314 464.314 -390.519 30.6913 
0.000418924 -2.99389 1.94214 0.995642 0.98066 1.17428 0.95807 -0.942958 0.108849 -0.98098 0 -69.9748 -0.209435 0 -245.074 -39.4215 -256.055 191.855 0 -861.067 1260.11 -1292.27 1054.25 -1110.67 93.4819 
0.0130917 2.77597 1.74415 0.839872 0.959364 1.20462 0.822899 -0.905933 0.0813925 -0.874565 0 -48.6445 -0.0890531 0 -163.761 12.8441 -24.9314 -19.3427 0 -573.811 -7.31148 20.7815 -29.7181 -100.344 -5.45701 
0.00415466 2.61666 1.47624 0.893762 0.957906 1.18706 0.0161208 -0.999835 0.951209 -0.980105 0 -43.8252 0.0347118 0 -148.285 7.93758 -13.2559 -7.65452 0 -514.216 66.6553 9.1175 -8.25116 -55.6061 -1.8876 
0.000418907 -2.99423 1.12641 0.999187 0.970487 1.18977 0.926739 -0.944111 0.0631719 -0.949368 0 -74.024 0.164182 0 -288.31 -14.3382 -142.665 81.5389 0 -1125.39 1064.33 -817.697 484.204 -393.756 30.1148 
0.000449342 2.8691 1.1325 0.98056 0.969785 1.17812 0.930455 -0.949733 0.949045 -0.736071 0 -64.181 0.162353 0 -257.795 6.78489 -21.7287 -7.25275 0 -1058.37 101.023 -49.5983 -6.83684 -51.9726 -2.76305 
0.00136208 -2.9949 1.93719 0.964472 0.902716 1.18979 0.29489 -0.936285 -0.441705 -0.837404 0 -68.4953 -0.184175 0 -233.927 -36.133 -236.203 172.633 0 -796.809 1144.29 -1157.43 921.146 -946.234 76.3763 
0.000422439 -2.97335 1.98414 0.961419 0.973473 1.23838 0.908653 -0.920905 0.95444 -0.998919 0 -66.3476 -0.231767 0 -217.734 -40.7136 -252.04 194.04 0 -703.492 1123.81 -1210.73 1028.79 -1118.95 95.4132 
0.00491663 -2.91994 1.08711 0.999201 0.900963 1.2146 0.872367 -0.816953 -0.437601 -0.938571 0 -68.7085 0.197158 0 -260.981 -11.691 -119.398 65.8934 0 -1000.74 899.759 -666.185 378.226 -293.402 21.7765 
0.000486673 -2.83129 1.94802 0.881189 0.972509 1.20176 0.806764 -0.922805 0.901462 -0.854895 0 -53.1226 -0.210408 0 -142.707 -36.8862 -196.954 160.734 0 -357.621 675.849 -796.862 740.179 -869.025 78.0624 
0.00414499 2.61832 1.47624 0.897516 0.957906 1.16105 0.884414 -0.998619 0.950666 -0.998809 0 -44.0555 0.0342272 0 -149.856 7.90343 -13.1602 -7.53789 0 -522.142 69.3781 8.97276 -8.11723 -55.5561 -1.86404 
0.00492524 -2.91987 1.06547 0.995834 0.900963 1.21445 0.223214 -0.940678 -0.441189 -0.979387 0 -68.5949 0.204546 0 -258.546 -11.7226 -124.711 68.2035 0 -977.064 932.273 -710.175 403.91 -309.394 22.3965 
0.0198807 -2.8417 1.99204 0.99701 0.978086 1.48373 0.845738 -0.944958 -0.419324 -0.836775 0 -58.1596 -0.225614 0 -185.953 -38.1819 -216.154 171.558 0 -607.059 929.305 -987.99 862.365 -959.403 84.4333 
0.0183589 -2.99419 1.12641 0.979738 0.969505 1.25482 0.926705 -0.919991 -0.0708438 -0.999178 0 -71.6939 0.168052 0 -273.101 -14.137 -139.942 80.4142 0 -1035.86 1009.62 -792.121 474.322 -388.261 29.7275 
0.0174301 -2.54263 1.7892 0.847569 0.974731 1.21389 0.867233 -0.927878 0.00787171 -0.961362 0 -36.3881 -0.114636 0 -73.0198 -28.8106 -134.344 116.046 0 -116.08 332.433 -460.668 468.745 -578.069 54.5274 
0.125819 -2.99282 1.11867 0.963981 0.989264 1.1722 0.916538 -0.921155 0.915687 -0.898787 0 -63.3186 0.187131 0 -236.842 -12.3051 -119.569 69.2695 0 -884.546 837.535 -655.238 395.82 -333.797 26.5215 
0.113766 -2.8131 1.77697 0.976526 0.962187 1.47604 0.89549 -0.92105 0.985208 -0.838478 0 -51.9628 -0.0580448 0 -164.432 -26.5488 -163.399 121.222 0 -529.696 729.125 -748.798 603.85 -639.497 54.7597 
0.018587 2.963 1.948 0.977276 0.964325 1.20428 0.269843 -0.921646 0.954748 -0.850978 0 -65.589 -0.195534 0 -269.747 17.8872 -49.1232 -36.5527 0 -1163.69 -161.621 -27.6124 -92.3179 -178.335 -11.4024 
0.018211 -2.97594 1.98414 0.961419 0.973473 1.23838 0.908863 -0.94247 0.954531 -0.998919 0 -65.4257 -0.221072 0 -214.573 -40.1132 -249.808 192.069 0 -691.86 1113.51 -1204.35 1022.75 -1111.1 94.5886 
0.000425518 -2.99841 1.10899 0.977779 0.899982 1.12972 0.836755 -0.904923 0.00119183 -0.985359 0 -73.3784 0.189489 0 -281.231 -12.7087 -135.927 74.2892 0 -1071.9 1025.06 -781.07 445.131 -342.551 24.6813 
0.00142387 -2.97532 1.71628 0.995623 0.963836 0.307506 0.724185 -0.846396 0.612513 -0.796075 0 -69.8375 -0.0817059 0 -254.45 -28.8555 -198.453 138.26 0 -944.246 1105.28 -998.897 737.794 -730.215 60.3973 
0.00022973 -2.99716 1.28726 0.992136 0.894511 0.363417 0.749667 -0.780593 -0.111524 -0.980478 0 -73.4771 0.127639 0 -282.3 -15.9983 -150.814 87.2897 0 -1089.61 1069.52 -841.251 506.756 -412.542 30.3899 
0.000425518 -2.99841 1.99522 0.886807 0.899982 1.19873 0.843708 -0.965367 0.00119183 -0.857548 0 -64.3952 -0.217901 0 -195.751 -38.7485 -238.543 181.812 0 -560.56 969.342 -1082.47 923.385 -1002.32 82.593 
0.0183589 -2.97598 1.12655 0.998709 0.957212 1.25062 0.114105 -0.409945 0.0553739 -0.978624 0 -71.4895 0.173751 0 -280.46 -12.3581 -114.576 65.7976 0 -1118.19 864.716 -617.587 360.702 -298.427 24.0608 
0.00491663 -2.91994 1.08711 0.999201 0.900963 1.2146 0.872129 -0.941425 -0.437601 -0.944463 0 -68.7085 0.197158 0 -259.733 -12.0371 -125.578 69.1747 0 -986.802 935.754 -711.737 406.789 -313.905 22.8601 
0.0193608 -2.73579 1.97619 0.927475 0.969413 1.19422 0.903549 -0.945746 0.629364 -0.950275 0 -48.4499 -0.214637 0 -127.598 -36.8886 -191.634 159.608 0 -319.169 642.638 -781.222 740.353 -870.262 78.579 
0.0349435 -2.99283 1.28552 0.964144 0.957618 1.1722 0.104144 -0.411132 0.929909 -0.982465 0 -69.1057 0.124169 0 -259.656 -15.4056 -128.251 78.1014 0 -985.06 854.106 -660.34 415.971 -366.861 29.8843 
0.000486673 -2.83075 1.94802 0.881189 0.90535 1.20176 0.806764 -0.921656 0.901462 -0.854895 0 -53.2804 -0.191733 0 -143.889 -35.0971 -194.689 154.374 0 -362.896 684.045 -802.328 720.354 -812.635 69.5839 
0.00460294 -2.92393 1.06012 0.995834 0.900963 1.22921 0.907658 -0.940678 0.0498322 -0.948647 0 -68.911 0.205606 0 -260.707 -11.5575 -123.125 67.1584 0 -989.745 928.723 -700.33 396.25 -303.033 22.0143 
0.0199554 -2.81241 1.9763 0.970801 0.957707 1.12985 0.967276 -0.999942 -0.0487636 -0.98511 0 -55.0192 -0.211421 0 -163.615 -37.8922 -217.194 173.162 0 -478.729 856.401 -982.126 873.463 -971.141 84.1663 
0.033142 -2.97532 1.75037 0.892846 0.963836 1.25471 0.130682 -0.839543 0.612513 -0.796075 0 -62.3645 -0.0804006 0 -198.782 -28.9977 -184.575 134.474 0 -618.053 839.404 -836.12 664.818 -702.475 59.8328 
0.000663843 2.89781 1.7506 0.844924 0.963661 1.25471 0.139146 -0.958851 -0.764187 -0.875746 0 -56.817 -0.0996 0 -202.727 13.8632 -29.6285 -22.0782 0 -746.398 -12.1095 15.9141 -35.6434 -115.009 -6.89734 
0.0349435 -2.99716 1.27962 0.964144 0.904184 1.1722 0.0916219 -0.411132 0.849759 -0.982465 0 -69.5792 0.140566 0 -262.739 -14.3119 -125.681 73.9559 0 -1000.37 864.402 -657.262 399.878 -337.003 26.1721 
0.000418907 -2.99423 1.1325 0.999187 0.97846 1.21406 0.926739 -0.996216 -0.0438826 -0.948645 0 -73.9798 0.159844 0 -287.351 -14.7704 -146.523 84.2748 0 -1116.71 1080.91 -842.758 503.883 -412.293 31.5469 
0.000750019 2.48208 1.98917 0.81767 0.996107 1.18581 0.928746 -0.943855 0.897422 -0.999066 0 -31.9226 -0.241132 0 -93.7522 14.3239 -16.6633 -19.2102 0 -294.669 6.29625 60.3187 -24.6491 -104.246 -4.83153 
0.00478024 -2.97322 1.99249 0.888839 0.97328 1.22745 0.909102 -0.916338 0.956842 -0.81202 0 -62.2805 -0.23399 0 -187.151 -39.6884 -227.959 180.229 0 -536.347 896.199 -991.888 880.098 -1006.05 88.2985 
0.00424505 -2.99283 1.46451 0.959054 0.957618 1.1722 0.125206 -0.415338 0.909456 -0.981719 0 -70.1362 0.0399127 0 -257.726 -20.2357 -151.839 98.2637 0 -956.181 918.744 -757.439 513.601 -480.496 39.4873 
0.0589275 -2.97322 1.14707 0.977778 0.973279 1.24804 0.909102 -0.90477 0.972829 -0.800613 0 -67.2935 0.168877 0 -254.126 -13.2612 -124.041 72.2763 0 -965.255 878.676 -672.536 404.704 -340.802 27.1234 
0.0256072 -2.99291 1.98153 0.967102 0.896535 1.45849 0.971435 -0.948472 -0.705001 -0.99711 0 -66.7887 -0.194812 0 -224.097 -37.8317 -249.432 184.543 0 -741.268 1168.71 -1240.69 1008.23 -1039.57 83.3511 
0.0184245 -2.6894 1.23848 0.961016 0.924478 1.07326 0.848216 -0.373722 0.95405 -0.744083 0 -50.9888 0.142306 0 -166.792 -12.1704 -82.6128 53.4853 0 -567.818 463.273 -354.678 233.907 -218.292 19.3646 
0.000434976 -2.99423 1.1325 0.960145 0.99905 1.44243 0.926739 -0.942642 0.036871 -0.948645 0 -71.733 0.153818 0 -267.5 -15.0167 -141.651 83.5631 0 -988.324 975.607 -780.121 480.767 -407.727 32.3087 
0.00633396 -2.91902 1.13443 0.999202 0.987742 1.16979 0.231937 -0.991747 -0.00678724 -0.845595 0 -68.1509 0.158481 0 -255.858 -14.3424 -132.013 78.1196 0 -968.922 922.756 -724.062 443.308 -373.982 29.6643 
0.000418907 -2.91673 1.93719 0.962248 0.902716 1.18979 0.0779626 -0.936247 -0.441705 -0.841311 0 -62.8977 -0.184796 0 -203.966 -35.4526 -220.223 164.728 0 -660.447 993.727 -1036.28 849.201 -890.436 73.1087 
0.000367534 -2.89765 1.99468 0.886662 0.905815 1.21028 0.953393 -0.999902 0.809689 -0.948625 0 -57.5123 -0.219187 0 -160.305 -38.6192 -225.985 177.935 0 -408.811 820.84 -984.841 880.027 -979.775 82.3294 
0.00478024 -2.97322 1.99214 0.890267 0.97387 1.22745 0.860382 -0.916338 0.756649 -0.81202 0 -62.3517 -0.233892 0 -187.754 -39.6934 -228.116 180.307 0 -539.816 899.35 -993.953 881.278 -1006.83 88.3749 
0.000750019 2.48239 1.98917 0.923739 0.969761 1.18581 0.930318 -0.943855 0.882249 -0.782935 0 -35.7797 -0.233465 0 -116.385 14.8898 -24.6567 -23.8844 0 -408.15 -39.8187 31.7961 -46.9853 -115.6 -5.64123 
0.0188729 -2.98704 1.18761 0.961419 0.969707 1.17356 0.734734 -0.979251 0.944091 -0.998919 0 -69.9298 0.148407 0 -257.93 -15.5596 -147.684 87.1526 0 -939.785 990.171 -818.73 509.158 -428.469 32.899 
0.0820806 2.82938 0.784655 0.908694 0.900963 0.684945 0.86133 -0.999923 -0.452966 -0.94109 0 -54.4285 0.288468 0 -201.845 3.14182 -13.5941 1.92957 0 -745.126 226.765 -64.9336 20.2901 -24.6968 0.333827 
0.000418907 2.98145 1.97376 0.999187 0.978759 1.20788 0.88661 -0.837238 0.916384 -0.907473 0 -69.078 -0.227215 0 -291.618 19.3032 -55.7405 -41.5558 0 -1293.02 -206.26 -45.2331 -111.597 -202.345 -13.6823 
0.0786768 -2.99583 1.9925 0.972611 0.941823 0.679746 0.825367 -0.966126 0.927569 -0.948419 0 -63.2562 -0.179295 0 -213.807 -37.0917 -238.348 179.605 0 -716.93 1112.98 -1175.48 972.949 -1030.43 85.4976 
0.0584602 -2.48466 1.86895 0.80355 0.906147 1.26254 0.127659 -0.455073 0.0311281 -0.856225 0 -30.9983 -0.110298 0 -57.5168 -25.1756 -99.1651 89.5042 0 -91.9774 213.333 -279.732 305.588 -402.51 39.1921 
0.000499071 -2.98365 1.29047 0.957062 0.93863 1.17349 0.0028223 -0.777915 0.996815 -0.979843 0 -70.3899 0.114555 0 -257.966 -16.8719 -148.328 89.496 0 -940.866 962.788 -790.285 499.702 -429.687 33.2881 
0.0206355 2.70947 1.9964 0.907509 0.962454 1.45081 0.945959 -0.409104 0.0727996 -0.990622 0 -46.0359 -0.22381 0 -156.033 18.1377 -44.929 -37.904 0 -569.829 -124.256 -23.3455 -90.8011 -176.153 -11.3667 
0.0278419 -2.99976 1.13488 0.957465 0.896438 1.18536 0.272954 -0.999401 -0.707517 -0.907492 0 -70.4229 0.190063 0 -263.21 -12.8481 -134.531 74.4913 0 -972.188 968.677 -759.955 441.597 -344.519 24.881 
0.0256909 2.80749 1.29546 0.957652 0.969686 1.17784 0.27283 -0.999401 -0.686935 -0.907492 0 -57.0813 0.113358 0 -220.159 7.31534 -18.2496 -7.45253 0 -868.171 101.659 -23.4136 -7.26149 -55.0282 -2.68867 
0.000418907 -2.99732 1.97376 0.999187 0.973784 1.20788 0.88661 -0.998313 0.917215 -0.948407 0 -70.2654 -0.225776 0 -246.212 -40.7105 -263.844 198.633 0 -865.318 1291.18 -1336.78 1097.81 -1158.73 97.1962 
0.0187308 -2.96405 1.06547 0.995834 0.901382 1.22921 0.79459 -0.838276 -0.455302 -0.895607 0 -70.7839 0.206703 0 -274.282 -11.1994 -118.737 64.376 0 -1070.24 932.531 -673.162 374.218 -285.949 21.1451 
0.126042 -2.61853 1.78969 0.847569 0.975026 1.31338 0.867233 -0.927878 0.929697 -0.961876 0 -36.2599 -0.0602373 0 -78.2996 -25.9986 -129.798 108.396 0 -141.996 348.087 -466.933 455.141 -550.949 51.0506 
0.000366706 -2.89765 1.99468 0.886472 0.902814 1.20723 0.7584 -0.999902 0.809689 -0.948625 0 -57.5118 -0.218365 0 -160.292 -38.5387 -225.862 177.632 0 -408.677 820.859 -984.837 878.92 -976.968 81.9253 
0.000126847 -2.97597 1.31942 0.98056 0.973551 1.17595 0.908801 -0.949733 -0.0667165 -0.736071 0 -70.9305 0.0933138 0 -265.329 -17.9973 -150.494 93.135 0 -999.243 985.318 -797.999 513.583 -455.175 36.5875 
0.000312213 -2.95439 1.22837 0.964575 0.999699 1.18974 0.00262988 -0.945064 0.903121 -0.980138 0 -68.7726 0.12012 0 -249.506 -17.1176 -149.769 92.0709 0 -898.587 955.126 -804.701 520.331 -457.926 36.6425 
0.00704791 2.95986 1.98033 0.964937 0.954175 1.44734 0.951987 -0.779442 0.0669127 -0.936189 0 -65.2714 -0.220176 0 -264.331 18.7875 -52.0962 -39.2701 0 -1124.95 -180.878 -31.6692 -99.326 -189.136 -11.9412 
0.00198679 -2.99583 1.97616 0.906608 0.903002 0.684677 0.861322 -0.998763 0.955482 -0.999821 0 -65.2152 -0.206578 0 -201.287 -39.0028 -250.612 189.072 0 -582.981 1045.83 -1185.72 1000.66 -1064.1 86.4466 
0.0259347 -2.99427 1.12398 0.980456 0.969825 1.17504 0.933857 -0.96097 -0.0714924 -0.95469 0 -71.199 0.170216 0 -271.503 -13.9743 -138.459 79.5119 0 -1031.39 1001.83 -783.963 468.718 -383.412 29.3891 
0.110168 -2.93316 1.86368 0.969883 0.929744 1.18077 0.0994278 -0.772927 0.990878 -0.997776 0 -58.1946 -0.0803909 0 -193.638 -29.7958 -191.94 140.592 0 -649.233 912.468 -922.975 735.114 -759.923 62.7371 
0.0173354 -2.84275 1.99204 0.99702 0.978086 1.05239 0.848027 -0.947155 -0.437633 -0.839228 0 -58.2415 -0.227211 0 -186.307 -38.3233 -217.191 172.346 0 -608.105 934.034 -993.875 867.361 -964.586 84.8447 
0.000514184 -2.99589 1.15026 0.995643 0.98066 1.17312 0.749642 -0.979846 0.105971 -0.98098 0 -73.8252 0.153245 0 -285.222 -15.2448 -149.482 86.6474 0 -1100.79 1085.24 -856.796 517.498 -426.802 32.7209 
0.0189564 -2.92036 1.06385 0.995834 0.912927 1.20572 0.848158 -0.909089 -0.420535 -0.898044 0 -67.685 0.203959 0 -256.052 -11.4422 -118.059 65.1622 0 -975.605 887.771 -661.477 376.226 -292.264 21.7729 
0.000309738 -2.99222 1.19324 0.999024 0.9812 1.14629 0.190364 -0.919393 0.948012 -0.980269 0 -73.6071 0.138143 0 -284.35 -15.9995 -151.161 88.9762 0 -1101.44 1081.14 -855.707 523.635 -438.83 34.0393 
0.000839086 2.82938 1.9375 0.908694 0.901991 0.684945 0.86133 -0.999946 0.103885 -0.998297 0 -54.5021 -0.184587 0 -202.51 14.8342 -28.9807 -23.0948 0 -785.286 -35.3568 32.5227 -44.4726 -121.473 -4.99885 
0.0188729 -2.9942 1.98414 0.961419 0.884968 1.17356 0.971964 -0.938868 0.944091 -0.998919 0 -66.9075 -0.197098 0 -223.185 -37.7909 -249.93 184.326 0 -731.644 1162.69 -1238.51 1004.93 -1033.65 82.3145 
0.000193373 -2.99416 1.13191 0.800482 0.978719 1.18765 0.92765 -0.989799 0.0750943 -0.995789 0 -63.9091 0.159921 0 -199.187 -14.914 -134.227 81.7778 0 -567.487 710.583 -660.71 440.318 -390.45 31.0786 

