0.00204377 2.99999 -1.99999 0.999656 0.997483 0.289515 0.948429 -0.999092 0.459131 -0.999066 0 -70.1443 -0.247147 0 -244.149 -42.8254 -273.403 209.382 0 -849.394 1309.99 -1382.57 1159.64 -1246.9 106.421 
0.00112746 2.99992 -1.99981 0.999924 0.882053 0.0315422 0.985476 -0.996339 0.627855 -0.995137 0 -70.5492 -0.215506 0 -247.177 -39.4717 -268.147 195.903 0 -865.202 1329.93 -1387.01 1106.96 -1115.82 87.7815 
1.02468e-05 2.99974 -1.99964 0.999776 0.985078 1.30612 0.991324 -0.997791 0.406758 -0.999016 0 -70.3172 -0.244533 0 -244.943 -42.5087 -273.193 208.131 0 -852.891 1314.32 -1385.02 1155.15 -1233.35 104.336 
0.000513459 2.99802 -1.99775 0.998109 0.993571 0.0446561 0.998647 -0.972491 0.568109 -0.997209 0 -70.0429 -0.245605 0 -243.607 -42.4757 -270.32 206.755 0 -847.955 1295.69 -1360.96 1139.27 -1224.21 104.401 
0.000729568 2.99967 -1.99982 0.998481 0.826388 0.143682 0.35047 -0.997878 0.211307 -0.984493 0 -70.621 -0.201563 0 -247.691 -37.9664 -265.053 189.545 0 -867.424 1331.55 -1381.46 1078.82 -1055.67 79.9843 
0.0137811 2.9833 -1.9997 0.999155 0.999394 1.43793 0.88773 -0.957742 0.340456 -0.990547 0 -68.1777 -0.240189 0 -235.407 -41.8675 -262.402 202.036 0 -815.905 1243.62 -1307.67 1102.38 -1193.61 102.661 
0.000446964 2.99936 -1.99589 0.997375 0.999042 0.0376622 0.907393 -0.996162 0.430321 -0.998773 0 -70.1005 -0.246148 0 -243.355 -42.7375 -272.466 208.732 0 -843.665 1301.59 -1374.36 1153.45 -1241.7 106.121 
0.00195174 2.9953 -1.99447 0.814855 0.905806 1.34332 0.399963 -0.999168 0.58536 -0.999794 0 -60.6603 -0.217932 0 -162.981 -39.8306 -241.017 188.444 0 -367.531 830.909 -1040.15 937.459 -1051.02 87.4978 
0.00827559 2.99835 -1.99999 0.992874 0.360254 0.362918 0.525342 -0.906502 0.397096 -0.979795 0 -70.5008 -0.11549 0 -250.426 -28.7102 -241.709 149.288 0 -888.723 1325.46 -1314.47 890.099 -701.161 41.1167 
1.04273e-05 2.99404 -1.99964 0.999748 0.985155 1.30612 0.99169 -0.989876 0.406758 -0.99932 0 -69.8918 -0.244555 0 -242.733 -42.4013 -271.22 206.961 0 -843.263 1299.51 -1370.02 1144.64 -1224.18 103.727 
0.00169796 2.9973 -1.98399 0.999958 0.9104 0.263157 0.947584 -0.997025 0.585205 -0.991536 0 -70.334 -0.213357 0 -246.397 -39.5195 -265.755 195.515 0 -862.989 1315.27 -1368.73 1099.27 -1120.99 89.7864 
0.00888758 2.99842 -1.99626 0.989415 0.969682 0.396616 0.940892 -0.996166 0.132889 -0.98608 0 -69.0641 -0.232762 0 -237.682 -41.4186 -266.431 202.262 0 -813.828 1265.7 -1339.44 1114.88 -1186.37 99.575 
0.0133277 2.99967 -1.99819 0.983751 0.985114 0.0325092 0.428775 -0.99997 0.210339 -0.999539 0 -68.4791 -0.234253 0 -233.496 -41.8926 -266.949 204.393 0 -788.659 1247.2 -1333.28 1122.17 -1207.86 102.546 
0.00060271 2.99963 -1.98661 0.997185 0.984901 0.0892045 0.356717 -0.999618 0.203024 -0.991838 0 -70.1973 -0.236363 0 -244.284 -41.8803 -270.044 205.078 0 -849.049 1301.49 -1367.76 1136.58 -1210.72 102.31 
0.000581365 2.99802 -1.65495 0.853906 0.993703 1.4386 0.999706 -0.969581 0.567858 -0.99894 0 -64.3638 -0.0602087 0 -196.664 -29.3389 -200.931 144.509 0 -553.987 874.654 -937.723 749.373 -780.221 65.7171 
0.00827559 2.99835 -1.99999 0.992874 0.360254 0.260078 0.992856 -0.899523 0.397096 -0.979198 0 -70.4909 -0.11636 0 -250.549 -28.6655 -241.13 148.899 0 -890.015 1323.46 -1310.37 886.826 -698.539 40.9776 
0.0033903 2.99842 -1.99604 0.998284 0.997139 0.639774 0.944606 -0.997667 0.466146 -0.998879 0 -69.8797 -0.243895 0 -242.737 -42.5567 -271.649 207.944 0 -842.347 1299.32 -1371.58 1150.02 -1236.36 105.514 
0.000781485 2.99834 -1.99778 0.999963 0.999244 0.0490684 0.986482 -0.996411 0.16288 -0.989002 0 -70.1373 -0.247135 0 -244.253 -42.7416 -272.12 208.482 0 -851.205 1304.98 -1373.42 1151.85 -1239.74 106.012 
0.000927143 2.99838 -1.99592 0.997248 0.956102 1.49416 0.973753 -0.989871 0.468648 -0.998773 0 -70.1218 -0.233462 0 -243.887 -41.3764 -269.679 203.022 0 -847.133 1304.37 -1370.85 1129.18 -1187.14 98.445 
0.00142617 2.99998 -1.99988 0.99997 0.349142 0.0565461 0.333129 -0.9481 0.627855 -0.996945 0 -71.5285 -0.118133 0 -255.681 -29.1095 -249.079 153.295 0 -912.645 1377.11 -1372.55 927.974 -725.563 42.1738 
0.00726506 2.9984 -1.99921 0.978534 0.983771 0.212231 0.423094 -0.996334 0.570815 -0.997195 0 -68.5156 -0.238752 0 -231.86 -42.1015 -267.098 204.866 0 -775.287 1235.11 -1325.74 1119.34 -1208.22 102.669 
0.00078611 2.81383 -1.99585 0.983045 0.992247 0.334927 0.949394 -0.989863 0.467591 -0.999303 0 -56.5242 -0.243922 0 -170.393 -40.4444 -227.522 184.248 0 -509.552 901.96 -1031.1 931.21 -1054.22 93.5021 
0.00028284 2.99887 -1.99203 0.996374 0.992247 0.35494 0.504829 -0.999547 0.467591 -0.999046 0 -70.0621 -0.241941 0 -243.007 -42.3862 -271.583 207.322 0 -841.039 1299.04 -1371.68 1147.07 -1229.4 104.513 
0.000843922 2.99964 -1.9844 0.99639 0.984667 1.47222 0.958354 -0.996979 0.294348 -0.985489 0 -70.1567 -0.234924 0 -244.12 -41.7124 -268.788 204.013 0 -848.633 1296.04 -1359.56 1128.85 -1202.41 101.628 
0.00145208 -2.33234 -1.99986 0.954238 0.943707 1.3738 0.356472 -0.547323 0.484096 -0.657343 0 -30.2699 -0.231822 0 -92.3737 15.6503 -31.033 -29.1845 0 -314.92 -82.861 -2.4008 -65.9501 -122.414 -6.56789 
0.0125735 2.99996 -1.99403 0.995561 0.267636 1.38718 0.915046 -0.974367 0.353167 -0.989501 0 -70.6731 -0.102091 0 -251.35 -27.8898 -245.009 148.405 0 -889.754 1355.99 -1355.55 904.917 -690.064 38.9679 
0.00031914 2.99851 -1.99873 0.974403 0.956932 1.43049 0.350768 -0.984535 0.341855 -0.998114 0 -68.858 -0.235672 0 -232.281 -41.5069 -266.245 202.191 0 -772.875 1233.39 -1322.46 1105.4 -1178.05 98.3371 
0.00206255 2.9984 -1.99479 0.999586 0.427687 1.33866 0.52302 -0.906502 0.673841 -0.981907 0 -71.2958 -0.123821 0 -255.205 -29.5184 -244.766 152.923 0 -915.696 1349.67 -1332.8 910.574 -731.454 43.9792 
0.0580681 2.99289 -1.99835 0.994915 0.926966 0.232683 0.931901 -0.998798 0.575956 -0.989114 0 -65.5876 -0.193037 0 -227.111 -38.1954 -251.812 187.958 0 -783.808 1216.24 -1280.69 1046.2 -1085.64 88.4612 
0.00200305 2.99834 -1.99909 0.999956 0.961423 1.30422 0.443837 -0.996411 0.16594 -0.989421 0 -70.169 -0.235988 0 -244.763 -41.6077 -270.341 203.989 0 -854.08 1310.42 -1375.1 1134.79 -1196.1 99.5676 
0.00206255 2.9984 -1.99463 0.999584 0.427687 1.33866 0.52302 -0.997833 0.694928 -0.981907 0 -71.2967 -0.123724 0 -253.715 -30.0001 -251.814 157.702 0 -899.86 1374.1 -1383.34 951.539 -764.676 45.8121 
0.000735324 2.80981 -1.99452 0.920531 0.997406 0.0497493 0.359815 -0.992503 0.466201 -0.997176 0 -53.2294 -0.244603 0 -144.535 -40.4869 -217.913 180.965 0 -365.816 752.286 -919.802 870.558 -1025.22 92.7161 
0.00116964 2.99841 -1.996 0.997284 0.958288 1.43814 0.90333 -0.989871 0.554608 -0.998773 0 -70.1039 -0.233962 0 -243.809 -41.4341 -269.738 203.248 0 -846.842 1303.88 -1370.58 1130.03 -1189.48 98.793 
0.00328529 2.99971 -1.96918 0.99826 0.984944 0.639774 0.944606 -0.997734 0.250203 -0.991806 0 -70.1787 -0.224665 0 -245.313 -41.0146 -266.564 201.285 0 -857.171 1298.13 -1355.17 1117.87 -1184.16 99.8063 
0.00116212 2.98954 -1.99779 0.992801 0.31853 1.43919 0.889354 -0.999937 0.148832 -0.989368 0 -70.4184 -0.114145 0 -247.391 -28.8848 -248.495 152.867 0 -862.581 1344.19 -1363.87 925.812 -720.836 41.5173 
0.00339362 2.99968 -1.99841 0.99639 0.984944 0.639774 0.886305 -0.997612 0.285758 -0.985506 0 -69.8873 -0.241672 0 -242.622 -42.2197 -270.426 206.168 0 -841.283 1295.28 -1364.72 1139.37 -1218.72 103.237 
0.000398528 2.99728 -1.99642 0.999859 0.956208 1.43814 0.882904 -0.995951 0.554608 -0.989194 0 -70.2187 -0.234087 0 -244.947 -41.391 -269.79 203.032 0 -854.728 1310.1 -1373.44 1130.14 -1187.17 98.4432 
0.000843922 2.99406 -1.9844 0.93861 0.977436 1.47777 0.958354 -0.996979 0.294803 -0.986141 0 -66.5787 -0.232824 0 -213.536 -41.4273 -258.223 199.455 0 -660.044 1114.61 -1233.78 1059.36 -1160.15 98.9588 
5.231e-06 2.99999 -1.99625 0.999908 0.985758 0.0492502 0.877914 -0.996411 0.701003 -0.997291 0 -70.3624 -0.242725 0 -245.362 -42.3658 -272.512 207.43 0 -855.537 1313.83 -1382.01 1151.18 -1228.33 103.92 
0.00123339 2.99626 -1.99992 0.999506 0.346175 0.0703193 0.911304 -0.998964 0.578123 -0.997217 0 -71.241 -0.118096 0 -253.127 -29.3291 -252.21 155.552 0 -895.05 1381.26 -1394 947.162 -741.089 42.9915 
0.0020228 2.99842 -1.99626 0.989438 0.969682 0.396616 0.941072 -0.995067 0.132889 -0.985956 0 -69.5512 -0.23687 0 -239.362 -41.6999 -268.186 203.578 0 -819.756 1274.24 -1348.1 1122.02 -1194 100.209 
0.0220664 2.96538 -1.99265 0.851564 0.991209 1.46558 0.963942 -0.84083 0.761177 -0.999325 0 -59.0249 -0.229046 0 -165.022 -40.0751 -226.182 182.632 0 -417.079 803.287 -953.146 879.972 -1033.53 92.1772 
0.00206255 2.99998 -1.99651 0.999643 0.415595 1.32045 0.999938 -0.992394 0.999539 -0.780129 0 -71.4192 -0.123545 0 -257.771 -28.8186 -236.473 146.917 0 -938.467 1322.99 -1275.49 862.794 -689.978 41.4294 
0.000843922 2.99932 -1.99723 0.99639 0.984667 1.44569 0.958354 -0.996846 0.289976 -0.985335 0 -70.0556 -0.242484 0 -243.21 -42.2594 -270.757 206.336 0 -843.441 1297.41 -1366.37 1140.18 -1219.12 103.24 
0.00136928 2.97087 -1.98474 0.920783 0.991941 0.317428 0.336677 -0.998066 0.490449 -0.990261 0 -63.9079 -0.236774 0 -196.436 -41.6341 -251.14 197.644 0 -572.811 1020.13 -1161.59 1024.49 -1148.64 99.8564 
0.0032985 2.99971 -1.96871 0.996319 0.984942 0.6557 0.948875 -0.997614 0.250203 -0.99502 0 -70.0698 -0.224388 0 -244.274 -41.0125 -266.416 201.274 0 -850.216 1292.71 -1352.47 1116.85 -1184.02 99.8153 
0.000964999 2.99971 -1.99841 0.997775 0.990929 0.639774 0.944606 -0.997734 0.59092 -0.991806 0 -70.1219 -0.24494 0 -243.703 -42.5459 -272.091 207.853 0 -846.237 1303.47 -1374.21 1149.64 -1232.69 104.793 
0.000682201 2.99523 -1.99231 0.999174 0.0934862 0.0261168 0.910998 -0.99641 0.15293 -0.982853 0 -71.3993 -0.0974194 0 -254.724 -27.2578 -246.846 146.598 0 -904.732 1382.66 -1378.22 904.695 -666.781 36.2905 
0.00320981 2.99725 -1.99927 0.991004 0.901543 1.46901 0.953573 -0.994843 0.220479 -0.97626 0 -69.6738 -0.219115 0 -240.962 -39.7481 -264.672 195.537 0 -830.192 1284.49 -1348.02 1089.85 -1116.98 89.4008 
0.0118341 2.99966 -1.88621 0.995651 0.960922 1.35314 0.91476 -0.839083 0.348954 -0.979967 0 -70.048 -0.165884 0 -250.073 -35.6441 -237.368 173.009 0 -901.166 1223.48 -1203.07 946.808 -971.924 80.4198 
0.0123517 2.99993 -1.99842 0.998741 0.996122 0.0313165 0.939708 -0.999798 0.352811 -0.989119 0 -69.3623 -0.23955 0 -241.401 -42.2104 -269.381 206.169 0 -839.751 1291.06 -1360.35 1139.92 -1225.17 104.537 
0.00468575 2.99972 -1.99949 0.879827 0.904939 0.106976 0.300184 -0.996198 0.615462 -0.997256 0 -63.8262 -0.218729 0 -189.285 -39.9329 -250.273 191.805 0 -512.992 983.59 -1150.45 995.35 -1081.15 88.7585 
0.0136605 2.98954 -1.99779 0.992758 0.31853 0.0868551 0.889354 -0.99991 0.148716 -0.989368 0 -69.5097 -0.108031 0 -244.251 -28.5205 -245.37 150.974 0 -851.583 1327.23 -1346.7 914.179 -711.787 41.0185 
0.000448937 2.99937 -1.996 0.997337 0.958374 1.43814 0.90333 -0.989871 0.517845 -0.998773 0 -70.2227 -0.234423 0 -244.386 -41.4777 -270.17 203.526 0 -849.405 1307.13 -1373.46 1132.04 -1191.35 98.9331 
0.0114588 2.99999 -1.99819 0.978796 0.985042 0.0195299 0.84823 -0.99997 0.210339 -0.999538 0 -68.3482 -0.236465 0 -231.576 -41.9696 -266.739 204.541 0 -774.875 1235.16 -1326.12 1119.29 -1207.79 102.646 
0.131479 3 -1.99997 0.995933 0.977808 1.47015 0.911154 -0.994902 0.504399 -0.908385 0 -62.0173 -0.162258 0 -215.281 -36.0791 -230.784 175.059 0 -753.227 1109.03 -1154.49 956.949 -1023.88 86.8274 
0.0011654 2.99834 -1.99047 0.999933 0.961423 0.0348234 0.976592 -0.996411 0.16288 -0.989421 0 -70.2644 -0.231615 0 -245.462 -41.2735 -269.166 202.561 0 -857.788 1309.99 -1371.05 1127.73 -1185.64 98.5691 
0.00206255 2.99907 -1.99494 0.999717 0.427687 1.44144 0.261371 -0.971333 0.67872 -0.981907 0 -71.3571 -0.123847 0 -254.497 -29.8757 -249.958 156.41 0 -906.239 1369.03 -1370.14 940.382 -755.505 45.3051 
3.64024e-07 2.99841 -1.99855 0.994803 0.969038 0.0601619 0.336451 -0.99475 0.470467 -0.988566 0 -69.988 -0.239248 0 -242.464 -41.8795 -270.114 204.765 0 -838.171 1294.74 -1364.81 1133.1 -1202.64 100.78 
0.00142617 2.99998 -1.99988 0.999581 0.349142 0.0565461 0.333129 -0.972901 0.183248 -0.996945 0 -71.5061 -0.118133 0 -255.068 -29.2412 -250.956 154.584 0 -906.958 1382.53 -1385.67 938.852 -734.413 42.6521 
0.000735008 2.99842 -1.99451 0.999693 0.959657 1.27129 0.913053 -0.995032 0.742751 -0.979889 0 -70.2721 -0.233733 0 -245.449 -41.3452 -268.986 202.533 0 -858.146 1308.12 -1367.8 1125.59 -1184.15 98.4424 
0.0572851 2.99658 -1.99549 0.828679 0.957674 0.661732 0.956508 -0.981134 0.277662 -0.991568 0 -57.7938 -0.200381 0 -158.479 -38.8928 -229.693 182.754 0 -373.873 803.075 -988.45 904.069 -1038.22 89.6664 
0.0142275 2.99967 -1.98665 0.966603 0.984901 0.0369345 0.428775 -0.999618 0.151826 -0.991838 0 -67.5412 -0.226839 0 -225.613 -41.3042 -261.582 200.685 0 -739.571 1191.18 -1286.44 1088.69 -1178.67 100.328 
0.000348903 2.99654 -1.99574 0.989578 0.363051 0.0487783 0.942726 -0.996125 0.766432 -0.994268 0 -70.766 -0.117828 0 -248.5 -29.3513 -250.2 155.054 0 -864.519 1348.04 -1370.03 936.19 -739.067 43.196 
0.00384375 2.98461 -1.99622 0.999788 0.993305 0.133854 0.91099 -0.997303 0.720562 -0.998161 0 -68.9228 -0.242566 0 -237.942 -42.2692 -268.234 205.702 0 -821.647 1273.41 -1348.16 1132.91 -1218.52 103.965 
0.00101928 2.99971 -1.99841 0.99639 0.984944 1.42858 0.944606 -0.99846 0.761238 -0.980212 0 -70.0647 -0.243157 0 -243.302 -42.2931 -270.735 206.39 0 -844.171 1297.27 -1365.62 1139.9 -1219.47 103.32 
0.00606056 2.99835 -1.99999 0.992917 0.34615 0.360248 0.525342 -0.902851 0.397096 -0.979795 0 -70.6761 -0.115287 0 -251.185 -28.604 -241.743 148.837 0 -892.065 1328.47 -1315.6 888.179 -696.206 40.6085 
0.0034037 2.99966 -1.97547 0.901323 0.865321 1.43871 0.911313 -0.973083 0.567858 -0.98896 0 -65.2573 -0.195547 0 -201.541 -37.7267 -246.14 182.915 0 -584.406 1036.15 -1165.63 967.553 -1009.95 80.0643 
0.000966767 2.99833 -1.99604 0.998284 0.984944 0.639774 0.944606 -0.997597 0.250203 -0.998879 0 -70.0813 -0.241784 0 -243.582 -42.2895 -271.732 206.962 0 -845.697 1304.47 -1375.51 1147.13 -1224.82 103.619 
0.00123868 2.99967 -1.99819 0.98993 0.992353 0.283846 0.427637 -0.985451 0.210449 -0.994268 0 -69.6498 -0.244931 0 -239.687 -42.5058 -269.991 206.895 0 -821.269 1275.49 -1351.43 1136.12 -1224.62 104.459 
0.00117003 2.81383 -1.99061 0.983045 0.992247 0.411649 0.949394 -0.989863 0.467591 -0.999303 0 -56.5338 -0.240595 0 -170.617 -40.2136 -226.738 183.315 0 -510.92 901.216 -1028.56 926.961 -1047.8 92.8609 
0.000597333 2.99842 -1.99451 0.989868 0.959657 0.384127 0.910998 -0.994947 0.152831 -0.997289 0 -69.7164 -0.233816 0 -240.077 -41.4558 -268.793 203.061 0 -822.165 1281.68 -1356.64 1123.6 -1187.65 98.8655 
0.00101928 2.99971 -1.99841 0.996295 0.984944 0.0636931 0.942551 -0.99846 0.171318 -0.99761 0 -70.0503 -0.243157 0 -242.948 -42.4024 -272.077 207.434 0 -840.736 1301.42 -1374.93 1148.47 -1228.02 103.947 
0.000292422 2.99654 -1.99819 0.98993 0.363051 1.33196 0.428775 -0.996125 0.772815 -0.994268 0 -70.7776 -0.119276 0 -248.549 -29.4465 -250.67 155.489 0 -864.871 1349.67 -1372.47 938.718 -741.745 43.383 
0.000879521 2.99843 -1.96918 0.997213 0.858498 1.47982 0.944606 -0.989956 0.250203 -0.992108 0 -70.5552 -0.191572 0 -247.736 -37.5115 -260.788 187.083 0 -868.525 1314.14 -1355.84 1060.63 -1047.08 80.7112 
1.02468e-05 2.9983 -1.99568 0.999931 0.985078 1.3291 0.991324 -0.997791 0.406758 -0.999016 0 -70.2429 -0.24219 0 -244.68 -42.3213 -272.229 207.217 0 -852.104 1310.92 -1380.28 1149.93 -1226.69 103.738 
0.0010279 2.98527 -1.99991 0.998951 0.998569 1.45892 0.88773 -0.783232 0.723595 -0.798723 0 -69.0938 -0.24802 0 -244.849 -40.1486 -238.58 183.627 0 -890.698 1170.82 -1137.97 948.383 -1040.27 91.3083 
0.0133277 2.99967 -1.99819 0.983751 0.984892 0.0325092 0.428875 -0.999968 0.210334 -0.999539 0 -68.4798 -0.234189 0 -233.501 -41.886 -266.939 204.367 0 -788.685 1247.24 -1333.3 1122.07 -1207.6 102.508 
6.95707e-07 2.99637 -1.99844 0.994915 0.968847 0.289198 0.346322 -0.998781 0.692805 -0.989054 0 -69.8436 -0.239129 0 -241.628 -41.8749 -269.97 204.745 0 -833.943 1291.7 -1363.64 1132.91 -1202.63 100.778 
0.00324567 2.99985 -1.82968 0.99721 0.956102 1.48954 0.937719 -0.990008 0.469123 -0.9917 0 -71.0469 -0.13816 0 -253.914 -34.5577 -242.663 173.277 0 -907.693 1272.3 -1267.11 978.49 -978.511 79.1896 
0.00205948 2.99834 -1.99571 0.99993 0.961423 0.00317439 0.958062 -0.996411 0.159557 -0.989421 0 -70.1686 -0.234174 0 -244.919 -41.4607 -269.772 203.351 0 -855.111 1309.69 -1372.95 1131.57 -1191.52 99.1381 
0.0126559 2.99998 -1.99849 0.998782 0.348271 0.0563203 0.278237 -0.950962 0.352811 -0.989263 0 -70.6648 -0.110496 0 -252.355 -28.6952 -245.492 151.023 0 -899.705 1356.38 -1351.16 912.935 -713.543 41.4771 
0.00338161 2.99968 -1.99849 0.999952 0.985518 0.0992198 0.886305 -0.765574 0.285758 -0.985506 0 -70.0871 -0.241893 0 -248.24 -40.8102 -253.426 193.041 0 -892.83 1246.08 -1250.19 1035.14 -1114.15 95.5111 
0.000990366 2.9957 -1.94847 0.921294 0.0937286 0.0266159 0.989225 -0.952626 0.56501 -0.982741 0 -67.4132 -0.0717357 0 -220.069 -25.4379 -226.239 134.835 0 -687.339 1137.63 -1188.38 790.854 -592.756 32.3697 
0.0125126 2.99969 -1.99989 0.999985 0.992325 0.0530732 0.987979 -0.9487 0.624401 -0.99722 0 -69.4046 -0.239379 0 -242.604 -41.8775 -266.229 203.436 0 -850.736 1284.24 -1340.21 1119.43 -1201.99 102.52 
0.00155288 2.99999 -1.99999 0.999656 0.984623 0.00998415 0.948429 -0.9991 0.459131 -0.999766 0 -70.2178 -0.243675 0 -244.56 -42.4585 -273.011 207.972 0 -851.213 1313.14 -1384.48 1154.68 -1232.59 104.231 
0.000735533 2.99999 -1.99961 0.9996 0.957011 0.0492502 0.383112 -0.996259 0.38369 -0.998071 0 -70.3574 -0.235927 0 -245.464 -41.6234 -271.58 204.521 0 -855.87 1317.7 -1384.46 1140.52 -1198.8 99.4147 
0.00206255 2.9984 -1.99463 0.999584 0.464604 0.113708 0.52361 -0.997833 0.694928 -0.981907 0 -71.2323 -0.128594 0 -253.298 -30.5064 -252.59 159.709 0 -897.829 1371.15 -1382.97 959.56 -782.78 47.7132 
0.0347693 2.99819 -1.99998 0.900009 0.986281 0.0480774 0.946421 -0.994804 0.525955 -0.98825 0 -62.4956 -0.224091 0 -189.78 -40.9274 -247.518 195.034 0 -537.205 985.24 -1135.61 1007.52 -1135.36 98.5016 
0.0361168 2.99617 -1.99403 0.99955 0.947332 1.3964 0.990439 -0.998998 0.114881 -0.998675 0 -67.8894 -0.209585 0 -236.288 -39.6057 -260.141 194.987 0 -822.399 1264.04 -1327.73 1088.3 -1136.88 93.6657 
0.00031914 2.99851 -1.99872 0.974403 0.956932 0.222724 0.346332 -0.991309 0.343269 -0.998114 0 -68.8552 -0.235668 0 -232.163 -41.5484 -266.77 202.593 0 -771.677 1235.03 -1326.08 1108.71 -1181.32 98.5731 
0.00206255 2.9999 -1.99616 0.999643 0.948779 1.32141 0.999938 -0.998727 0.999539 -0.990442 0 -70.3149 -0.23089 0 -245.623 -41.1414 -269.892 202.328 0 -857.841 1315.34 -1378.12 1129.5 -1180.76 97.3219 
0.000985607 2.99838 -1.99999 0.944246 0.97779 1.37824 0.949159 -0.995538 0.222866 -0.999036 0 -67.0875 -0.242035 0 -216.638 -42.2201 -263.363 203.816 0 -675.766 1143.3 -1266.12 1088.87 -1192.96 101.73 
0.0125735 2.99633 -1.99403 0.995561 0.264669 1.39878 0.915046 -0.974367 0.353167 -0.989501 0 -70.412 -0.10186 0 -249.9 -27.8418 -244.209 147.998 0 -882.886 1347.97 -1349.22 901.347 -687.374 38.8196 
0.00903496 2.99842 -1.99626 0.999123 0.969682 0.0465392 0.940892 -0.996251 0.132889 -0.963348 0 -69.6009 -0.232673 0 -243.024 -41.2765 -266.191 201.422 0 -849.963 1290.11 -1347.39 1114.19 -1180.32 98.9661 
0.00142617 2.99996 -1.92695 0.99997 0.348923 1.45294 0.333129 -0.923819 0.627855 -0.996945 0 -71.9738 -0.075742 0 -260.49 -26.3104 -235.315 140.232 0 -942.838 1355.47 -1308.88 854.492 -645.94 36.7184 
1.04273e-05 2.99962 -1.99964 0.996461 0.984656 1.30054 0.99169 -0.989876 0.52855 -0.998646 0 -70.1188 -0.24441 0 -243.301 -42.4423 -271.951 207.38 0 -842.901 1301.4 -1373.1 1146.95 -1226.84 103.884 
0.00908437 2.99836 -1.9955 0.829643 0.970447 0.661732 0.956275 -0.981134 0.277662 -0.991783 0 -60.9016 -0.232454 0 -167.252 -41.3075 -242.453 193.701 0 -395.793 847.123 -1041.9 957.588 -1106.68 96.3163 
0.000927143 2.99848 -1.99592 0.997234 0.956102 1.48637 0.943107 -0.989871 0.469123 -0.998773 0 -70.1285 -0.233454 0 -243.921 -41.3775 -269.701 203.034 0 -847.278 1304.55 -1371.01 1129.28 -1187.22 98.4505 
0.0125126 2.99969 -1.99989 0.999985 0.998208 0.0530732 0.988538 -0.9487 0.624401 -0.997797 0 -69.3871 -0.241095 0 -242.458 -42.0589 -266.539 204.172 0 -849.943 1283.34 -1340.16 1122.37 -1209.14 103.562 
0.00142617 2.99995 -1.99992 0.999506 0.349142 0.0565461 0.911304 -0.998964 0.578123 -0.997217 0 -71.4977 -0.118307 0 -254.576 -29.3809 -253.012 155.982 0 -901.978 1389.28 -1400.37 950.891 -744.108 43.1735 
0.022113 2.96538 -1.99281 0.994369 0.991142 1.46558 0.963942 -0.859979 0.761177 -0.999315 0 -66.1969 -0.22909 0 -226.295 -40.2226 -247.529 190.678 0 -780.131 1160.17 -1208.37 1018.54 -1106.82 95.4385 
0.00340823 2.99969 -1.99989 0.999978 0.991885 1.44547 0.997567 -0.983536 -0.0154166 -0.99629 0 -70.09 -0.244666 0 -244.366 -42.475 -271.311 207.279 0 -852.875 1304.85 -1371.06 1146.24 -1229.16 104.594 
0.00195174 2.95571 -1.99454 0.997911 0.984903 1.31546 0.398485 -0.995977 0.601872 -0.999808 0 -66.9008 -0.240086 0 -226.419 -41.7143 -261.016 201.116 0 -766.305 1209.28 -1293.91 1094.81 -1180.86 100.747 
0.000772614 2.97734 -1.99666 0.997727 0.994518 0.20139 0.336713 -0.979021 0.468427 -0.991815 0 -68.4833 -0.244985 0 -235.075 -42.2269 -265.215 204.065 0 -807.9 1248.83 -1321.52 1114.56 -1204.15 103.172 
0.000754179 2.99728 -1.98957 0.999933 0.9104 0.25265 0.947584 -0.997032 0.585205 -0.991536 0 -70.3648 -0.217179 0 -246.266 -39.7922 -266.9 196.712 0 -861.651 1317.34 -1373.33 1105.38 -1129.18 90.5245 
0.0010279 2.98336 -1.99937 0.999155 0.999394 1.43793 0.88773 -0.95627 0.340456 -0.998485 0 -68.9651 -0.247944 0 -238.147 -42.4472 -266.22 204.975 0 -824.824 1261.53 -1327.88 1119.64 -1211.85 104.166 
0.000507848 2.99802 -1.99156 0.921412 0.993571 0.02695 0.994327 -0.972491 0.466547 -0.997209 0 -65.8805 -0.241951 0 -206.558 -42.1917 -257.421 201.514 0 -616.701 1071.1 -1203.85 1053.51 -1176.76 102.046 
0.00195174 2.95571 -1.99447 0.814855 0.984413 1.31546 0.397839 -0.999168 0.613439 -0.999794 0 -57.7603 -0.239901 0 -148.994 -41.6784 -235.01 192.119 0 -316.478 755.757 -970.336 923.686 -1095.57 97.3244 
0.000838934 2.99961 -1.98487 0.998331 0.991602 0.249258 0.94468 -0.997732 0.285875 -0.991774 0 -70.2343 -0.237227 0 -244.8 -41.9861 -270.03 205.453 0 -852.88 1302.78 -1367.33 1138.01 -1215.58 103.176 
0.000531295 2.99992 -1.98478 0.97466 0.938869 1.46038 0.385235 -0.997319 0.739791 -0.998161 0 -69.0998 -0.222227 0 -233.968 -40.4701 -264.569 198.472 0 -780.823 1241.05 -1325.39 1093.05 -1147.23 94.2359 
0.000990366 2.8081 -1.99126 0.921294 0.0937286 0.0266159 0.359815 -0.992502 0.4663 -0.982741 0 -54.6578 -0.096563 0 -154.899 -25.9881 -199.536 128.451 0 -413.216 823.171 -956.993 696.137 -559.561 32.7026 
0.00333292 2.99975 -1.99592 0.998281 0.985661 0.640384 0.943107 -0.997649 0.469123 -0.998471 0 -70.0178 -0.240501 0 -243.575 -42.2168 -271.416 206.695 0 -846.401 1304.31 -1374.61 1146.12 -1223.79 103.559 
0.00384838 2.98445 -1.99616 0.999788 0.904807 0.133854 0.95415 -0.997283 0.197107 -0.998161 0 -69.1644 -0.217786 0 -239.852 -39.7015 -264.411 195.57 0 -831.253 1288.12 -1353.1 1094.53 -1120.19 89.7644 
0.00205948 2.99834 -1.99575 0.99993 0.961423 0.00317439 0.959745 -0.99645 0.159557 -0.998882 0 -70.1683 -0.234196 0 -244.76 -41.5205 -270.523 203.924 0 -853.424 1312.14 -1378.2 1136.32 -1196.21 99.4765 
0.00387945 2.99802 -1.99779 0.99778 0.993637 1.49462 0.309077 -0.972697 0.567858 -0.989054 0 -69.8275 -0.243145 0 -242.838 -42.2855 -268.753 205.582 0 -845.664 1288.16 -1351.39 1131.17 -1216.09 103.773 
0.00144686 2.96503 -1.98478 0.974403 0.942226 0.106867 0.350538 -0.993463 0.458199 -0.997017 0 -66.4741 -0.222522 0 -220.115 -40.138 -255.947 194.19 0 -718.857 1164.25 -1258.53 1052.23 -1116.38 92.6196 
0.000785063 2.97153 -1.97544 0.99777 0.991941 0.189632 0.336713 -0.97971 0.467694 -0.991815 0 -68.1966 -0.231743 0 -234.128 -41.185 -260.468 199.225 0 -805.063 1233.81 -1299.69 1088.23 -1168.4 99.7332 
0.00084045 2.99837 -1.9995 0.989959 0.985173 1.4132 0.435767 -0.99579 0.191279 -0.994268 0 -69.6033 -0.243886 0 -239.205 -42.4104 -270.489 206.818 0 -817.861 1277.3 -1356.47 1138.19 -1222.33 103.713 
0.000398528 2.99728 -1.9963 0.999859 0.956165 1.43814 0.90333 -0.995951 0.554608 -0.998745 0 -70.2199 -0.234005 0 -244.8 -41.4431 -270.519 203.575 0 -853.103 1312.55 -1378.64 1134.76 -1191.62 98.7553 

