0.886073 0.0593625 
0.496342 0.296113 
0.923833 0.0396408 
0.4218 0.351628 
0.646766 0.196297 
0.567705 0.247196 
0.065489 0.744966 
0.153968 0.608339 
0.61125 0.218903 
0.505725 0.2896 
0.449043 0.33043 
0.546632 0.261285 
0.0092373 0.905147 
0.403981 0.36537 
0.0808409 0.71653 
0.161194 0.599255 
0.320354 0.435237 
0.634136 0.204047 
0.281033 0.47058 
0.623177 0.211278 
0.288576 0.463898 
0.117185 0.658717 
0.102681 0.680287 
0.0263152 0.838675 
0.70965 0.158227 
0.219931 0.531741 
0.0952447 0.692036 
0.999745 0.000774056 
0.197953 0.556007 
0.189996 0.564856 
0.344364 0.413851 
0.0577462 0.760399 
0.0729706 0.730759 
0.327974 0.428074 
0.457881 0.323999 
0.242766 0.5079 
0.824545 0.0926301 
0.303624 0.449737 
0.430118 0.344936 
0.854906 0.0758556 
0.476785 0.310186 
0.369242 0.392923 
0.536262 0.268627 
0.671786 0.181142 
0.131662 0.638047 
0.235014 0.515838 
0.439022 0.338293 
0.722334 0.150635 
0.205352 0.547959 
0.257811 0.492948 
4.96419e-06 0.998976 
0.467203 0.317609 
0.960688 0.0204261 
0.0179417 0.866944 
0.696682 0.165846 
0.515682 0.282532 
0.266234 0.484616 
0.360275 0.400601 
0.0881349 0.704018 
0.589837 0.233078 
0.657772 0.189612 
0.296362 0.456333 
0.764343 0.126383 
0.22795 0.523319 
0.941749 0.0302459 
0.034711 0.81449 
0.273182 0.478242 
0.556046 0.254875 
0.578441 0.24034 
0.0423304 0.795449 
0.124706 0.647571 
0.16873 0.590238 
0.486537 0.30314 
0.377396 0.386546 
0.793414 0.109961 
0.77779 0.118673 
0.39473 0.372325 
0.311933 0.442247 
0.412086 0.35862 
0.139489 0.627302 
0.335849 0.421222 
0.87128 0.0672332 
0.808101 0.10182 
0.212691 0.53954 
0.83899 0.0846138 
0.386522 0.379069 
0.980265 0.010595 
0.600872 0.225809 
0.905804 0.0488655 
0.110323 0.669036 
0.750227 0.134514 
0.175584 0.581899 
0.183928 0.572202 
0.146405 0.618451 
0.249912 0.500804 
0.525546 0.27567 
0.0502914 0.776585 
0.683631 0.173698 
0.735274 0.143222 
0.352837 0.4066 

