0.353684 0.407271 
0.556705 0.255013 
0.467224 0.317619 
0.218772 0.533914 
0.635507 0.204145 
0.696164 0.166697 
0.304376 0.449822 
0.99994 0.00129876 
0.57885 0.240578 
0.378527 0.386267 
0.265055 0.486782 
0.647527 0.196537 
0.449207 0.33127 
0.413583 0.35832 
0.0178895 0.868179 
0.227689 0.524219 
0.189891 0.565832 
0.709914 0.158864 
0.311336 0.443311 
0.0499478 0.77786 
0.591167 0.23422 
0.514915 0.283848 
0.922869 0.0407411 
0.344768 0.414431 
0.854115 0.0767425 
0.1542 0.609172 
0.978697 0.0117727 
0.738207 0.142528 
0.117485 0.659591 
0.810079 0.101006 
0.886001 0.0598803 
0.961382 0.0211794 
0.56686 0.248145 
0.288913 0.463785 
0.840268 0.0848808 
0.940431 0.0314839 
0.109776 0.671248 
0.25074 0.500846 
0.0797467 0.719404 
0.458158 0.324493 
0.685536 0.173519 
0.234715 0.516914 
0.477793 0.310174 
0.404495 0.36561 
0.486065 0.303908 
0.18344 0.573621 
0.242873 0.508454 
0.21278 0.540417 
0.272772 0.47912 
0.368993 0.394204 
0.62316 0.211767 
0.722846 0.150863 
0.197488 0.557485 
0.0656378 0.745908 
0.125416 0.648118 
0.280475 0.471905 
0.90775 0.0486316 
0.439511 0.338204 
0.336025 0.421642 
0.547378 0.261528 
0.600471 0.226296 
0.395477 0.372973 
0.0422081 0.79663 
0.0569961 0.762736 
0.168928 0.590675 
1.01522e-05 0.999131 
0.525871 0.276098 
0.535953 0.269424 
0.138919 0.62917 
0.0960246 0.692447 
0.779881 0.118052 
0.0345367 0.816589 
0.146189 0.619159 
0.176065 0.582188 
0.658834 0.189397 
0.0735165 0.729849 
0.610504 0.219742 
0.671675 0.181566 
0.320103 0.435821 
0.257975 0.493715 
0.386905 0.379138 
0.328223 0.428807 
0.0259283 0.840798 
0.296532 0.45709 
0.0877967 0.705436 
0.161334 0.599915 
0.102352 0.681651 
0.429241 0.346288 
0.792493 0.111014 
0.421707 0.351969 
0.00910353 0.906647 
0.749848 0.135042 
0.766259 0.125954 
0.504604 0.29104 
0.131784 0.638585 
0.205268 0.548505 
0.8709 0.0685514 
0.361428 0.400623 
0.496611 0.297318 
0.0944958 0.694321 

