0.626824 -0.258474 
0.426784 0.0296421 
0.622099 -0.185175 
0.453878 -0.122356 
0.0468679 0.739073 
0.633917 -0.34909 
0.8324 -0.619269 
0.825005 -0.489972 
0.630253 -0.305261 
0.421507 0.0892025 
0.447771 -0.113879 
0.235875 0.304134 
0.842591 -0.73597 
0.23079 0.331921 
0.0543525 0.714885 
0.00816447 0.910528 
0.0159301 0.867976 
0.640739 -0.412753 
0.247356 0.25759 
0.442568 -0.0942764 
0.184598 0.658674 
0.824018 -0.470606 
0.255784 0.244195 
0.62847 -0.281314 
0.82859 -0.55647 
0.829801 -0.577734 
0.41412 0.180481 
0.196524 0.579621 
0.419093 0.118059 
0.632072 -0.327829 
0.424184 0.0585274 
0.202061 0.540205 
0.620321 -0.154988 
0.623557 -0.209073 
0.409387 0.242678 
0.43219 -0.0219817 
0.2168 0.427234 
0.826098 -0.511524 
0.638288 -0.392485 
0.435515 -0.049086 
0.840409 -0.718287 
0.0696086 0.682411 
0.831157 -0.59954 
0.836835 -0.679627 
0.827354 -0.534376 
0.0240277 0.830329 
0.845402 -0.754363 
0.221144 0.39599 
0.211951 0.46416 
0.0317412 0.797951 
0.416642 0.149212 
0.062111 0.695269 
0.411507 0.214676 
0.429472 0.00355213 
0.20692 0.502603 
0.438723 -0.0720912 
0.0787677 0.672418 
0.835331 -0.660545 
0.851534 -0.772045 
0.0393444 0.766714 
0.625148 -0.233088 
0.241118 0.27942 
0.226007 0.362403 
0.191076 0.617836 
0.618713 -0.128606 
6.55484e-06 0.999562 
0.838492 -0.69866 
0.636014 -0.371409 
0.833874 -0.640288 
0.643878 -0.433256 
0.648487 -0.451343 
0.204109 0.523803 
0.851404 -0.764102 
0.619285 -0.137845 
0.832299 -0.618058 
0.827334 -0.533948 
0.432158 -0.003713 
0.250788 0.251861 
0.636072 -0.372348 
0.825434 -0.498759 
0.624388 -0.219545 
0.068262 0.683601 
0.227076 0.354587 
0.218412 0.416231 
0.192149 0.61478 
0.835362 -0.661071 
0.21264 0.459114 
0.0168922 0.86393 
0.828957 -0.563129 
0.834283 -0.646871 
0.416429 0.15078 
0.056891 0.708179 
0.413701 0.1907 
0.845553 -0.755246 
0.0605476 0.69873 
0.620186 -0.153298 
0.654415 -0.455476 
0.641496 -0.41774 
0.00230158 0.953819 
0.0107678 0.896235 

