0.83883 -0.698194 
0.432313 -0.02241 
0.62851 -0.281278 
0.82734 -0.534785 
0.831494 -0.598796 
0.64853 -0.451259 
0.202007 0.539858 
0.429597 0.00250411 
0.241251 0.278722 
0.442548 -0.0935804 
0.435293 -0.0470794 
0.0783043 0.673749 
0.623641 -0.208939 
2.03693e-05 0.998921 
0.825135 -0.492258 
0.840381 -0.71701 
0.0466814 0.739519 
0.438634 -0.0714967 
0.230933 0.33164 
0.832489 -0.619986 
0.0162075 0.867123 
0.416711 0.147983 
0.414251 0.179259 
0.828593 -0.55669 
0.453626 -0.122036 
0.835227 -0.659056 
0.0622264 0.695769 
0.00829781 0.910158 
0.424481 0.0556686 
0.22649 0.362523 
0.196829 0.579325 
0.419195 0.117013 
0.247804 0.257414 
0.23568 0.30455 
0.621941 -0.182154 
0.842523 -0.735127 
0.636057 -0.37125 
0.190781 0.619659 
0.618814 -0.129567 
0.421709 0.087347 
0.0844843 0.672166 
0.221181 0.39547 
0.836791 -0.678425 
0.852557 -0.771615 
0.632115 -0.327746 
0.643845 -0.432214 
0.64095 -0.412804 
0.0318205 0.798006 
0.412212 0.214227 
0.207198 0.501889 
0.84528 -0.753848 
0.447368 -0.112751 
0.427066 0.0279471 
0.626997 -0.259806 
0.833929 -0.64094 
0.829859 -0.578434 
0.823746 -0.464545 
0.634041 -0.349987 
0.0699217 0.68278 
0.638428 -0.392948 
0.630255 -0.30514 
0.620397 -0.156435 
0.0239123 0.832374 
0.25555 0.244328 
0.216674 0.429018 
0.184962 0.656762 
0.212146 0.46332 
0.625216 -0.233757 
0.0389243 0.768044 
0.0545774 0.716789 
0.826125 -0.511665 
0.846844 -0.760966 
0.418741 0.123135 
0.650973 -0.455322 
0.437241 -0.0613334 
0.435714 -0.0497985 
0.231984 0.325651 
0.834045 -0.642967 
0.620039 -0.150099 
0.05209 0.72269 
0.243826 0.269204 
0.625488 -0.237777 
0.428691 0.0113758 
0.638019 -0.38979 
0.234732 0.310515 
0.835332 -0.6608 
0.216404 0.430314 
0.211404 0.477016 
0.18859 0.635128 
0.0213821 0.843664 
0.629929 -0.300917 
0.423509 0.069717 
0.84435 -0.74391 
0.050499 0.727472 
0.427665 0.0217523 
0.20325 0.530488 
0.00441963 0.951892 
0.413522 0.189973 
0.641001 -0.414583 
0.038551 0.772796 

