0.00308143 -2.99781 -0.944054 0.999487 0.978319 0.273468 0.0666324 0.754198 0.84609 -0.915769 0 -74.6554 0.218614 0 -310.16 8.12836 -64.9874 -28.011 0 -1305.18 -324.783 -341.44 -150.902 -147.539 -8.90568 
0.000298382 -2.99888 -1.99422 0.993767 0.656977 0.246948 0.0617186 0.748048 -0.896035 0.794078 0 -70.7374 -0.161321 0 -255.486 27.1313 -228.963 -144.362 0 -942.185 -1239.99 -1162.82 -816.548 -726.289 -42.4229 
0.000294638 -2.99953 -1.99828 0.986138 0.99652 0.0772458 0.129119 0.997928 -0.800237 0.972191 0 -69.4768 -0.246876 0 -237.958 36.6963 -275.626 -202.729 0 -810.406 -1287.89 -1373.41 -1146.63 -1219.7 -95.8941 
0.000317522 -2.99868 -1.21302 0.996364 0.923621 0.282308 0.32669 0.947011 0.924859 0.949596 0 -74.0259 0.147337 0 -286.206 14.5266 -153.552 -81.8622 0 -1107.6 -1106.87 -877.945 -509.047 -410.345 -25.096 
0.00652612 -2.92853 -0.492382 0.998393 0.716891 0.657447 0.18927 0.862448 -0.939076 0.945789 0 -71.0004 0.380243 0 -284.367 4.45543 -62.0752 -19.3603 0 -1138.76 -750.237 -404.86 -144.31 -76.1157 -1.66791 
0.00607667 -2.47732 -1.97771 0.930101 0.997358 0.153527 0.17151 0.740847 -0.977966 0.974113 0 -35.5783 -0.230833 0 -76.4673 30.3136 -147.924 -127.059 0 -154.975 -381.163 -501.81 -530.546 -668.773 -57.6393 
0.000544222 -2.99963 -1.97864 0.999332 0.995471 0.0950489 0.0795078 0.900239 -0.795325 0.974101 0 -70.3415 -0.234813 0 -247.579 35.5498 -266.917 -193.999 0 -878.373 -1299.86 -1336.74 -1095.03 -1153.13 -90.1867 
0.00674687 -2.99921 -1.82263 0.993539 0.60823 0.246147 0.104035 0.997941 -0.977919 0.999413 0 -71.3714 -0.0516682 0 -257.325 22.6738 -232.327 -135.887 0 -922.598 -1324.59 -1284.16 -845.075 -684.646 -36.3392 
0.0305498 -2.99777 -1.11206 0.998739 0.795517 0.680926 0.194664 0.761831 -0.766951 0.901507 0 -72.5511 0.222923 0 -287.16 10.4176 -119.566 -55.5968 0 -1144.32 -985.322 -693.681 -349.552 -248.474 -12.2459 
0.000489247 -2.98655 -1.75824 0.994463 0.993461 0.286118 0.157664 0.867323 -0.830764 0.96242 0 -70.3525 -0.112306 0 -253.062 28.1489 -225.476 -152.932 0 -918.275 -1198.47 -1151.7 -868.135 -865.763 -65.0054 
4.8889e-05 -2.03473 -1.99236 0.929367 0.995855 0.122545 0.19245 0.752491 -0.880968 0.963238 0 -18.6247 -0.243361 0 -20.8094 27.0576 -93.3851 -93.2977 0 -2.63899 -129.548 -228.722 -311.025 -446.793 -41.5747 
0.00652612 -2.92853 -0.492382 0.998393 0.716891 0.657447 0.123482 0.965073 -0.939076 -0.760737 0 -71.0006 0.380263 0 -289.967 3.51846 -39.4064 -8.98835 0 -1188.16 -245.143 -258.269 -69.3126 -47.1667 -0.3256 
0.00661287 -2.92185 -1.0381 0.957703 0.998301 0.653916 0.246628 0.878195 0.741853 -0.699139 0 -66.3768 0.186275 0 -253.024 9.64608 -72.0159 -36.1827 0 -977.213 -374.929 -345.591 -188.997 -183.118 -12.0057 
0.00819802 -2.99106 -1.96009 0.995116 0.938591 0.0469241 0.194458 0.996983 -0.936093 0.878354 0 -69.2073 -0.2024 0 -242.394 33.0817 -256.635 -181.392 0 -853.849 -1264.15 -1294.45 -1030.07 -1050.12 -78.0221 
0.000858433 -2.99232 -0.986055 0.99993 0.923409 0.160885 0.158285 0.943389 0.323553 0.930446 0 -74.4748 0.221462 0 -294.367 11.0441 -125.21 -60.81 0 -1165.03 -1022.3 -738.831 -388.502 -292.188 -16.6927 
0.000375086 -2.61601 -1.97605 0.98994 0.951927 0.713077 0.0725338 0.981564 0.762067 0.821459 0 -45.4359 -0.220863 0 -123.212 30.9033 -181.319 -143.215 0 -340.504 -631.497 -740.044 -684.309 -776.686 -62.0468 
3.01147e-05 -2.87132 -1.43956 0.998484 0.994837 0.331543 0.104818 0.90057 -0.793079 0.988298 0 -64.0291 0.0379797 0 -225.81 19.6561 -167.218 -104.435 0 -805.62 -947.888 -860.143 -591.61 -552.743 -39.2925 
0.000846846 -2.99153 -1.03884 0.999462 0.91889 0.160885 0.10843 0.942879 0.817594 0.930446 0 -74.2411 0.206872 0 -291.921 11.6944 -130.731 -64.7286 0 -1149.67 -1038.07 -765.514 -410.653 -312.894 -18.0745 
0.000195716 -2.93139 -1.95337 0.99364 0.767602 0.107607 0.105995 0.994978 -0.973462 0.873364 0 -65.8602 -0.160845 0 -224.247 28.7377 -236.793 -157.59 0 -768.218 -1167.17 -1197.85 -899.223 -845.199 -54.5011 
0.00114496 -2.69501 -1.95066 0.957859 0.934816 0.0576855 0.291227 0.777149 0.736841 0.990219 0 -48.5501 -0.200796 0 -133.715 30.1829 -185.565 -142.638 0 -367.558 -663.727 -766.437 -688.432 -769.043 -59.8975 
0.000773279 -2.99964 -1.11831 0.997526 0.911653 0.111866 0.19209 0.877314 -0.960262 0.990589 0 -74.4982 0.183432 0 -291.541 12.7614 -140.123 -71.2555 0 -1142.32 -1072.53 -813.306 -448.778 -348.175 -20.4091 
0.00110684 -2.47732 -1.97611 0.930101 0.997358 0.0292657 0.198098 0.740847 -0.920903 0.974067 0 -35.7657 -0.233489 0 -76.9305 30.4176 -148.514 -127.513 0 -156.056 -383.056 -504.034 -532.481 -670.901 -57.8084 
0.00714766 -2.99964 -1.11831 0.997526 0.911653 0.0571015 0.19209 0.950166 -0.960262 0.990589 0 -74.0226 0.185363 0 -288.935 12.7939 -143.019 -72.7801 0 -1126.53 -1088.77 -837.119 -463.933 -358.839 -20.9533 
0.000590105 -2.97657 -1.97354 0.999479 0.684674 0.176697 0.0875229 0.985588 0.873062 0.964399 0 -69.4658 -0.15448 0 -243.521 28.3291 -253.468 -162.711 0 -854.562 -1313.09 -1340.33 -969.797 -865.726 -52.0343 
0.00082945 -2.99126 -0.935856 0.998736 0.703485 0.624857 0.194145 0.868144 -0.810808 0.950131 0 -75.0182 0.288696 0 -299.789 7.78275 -106.824 -42.6685 0 -1197.02 -1001.29 -660.313 -291.991 -178.162 -6.74211 
0.00104934 -2.69501 -1.95066 0.926692 0.934816 0.00425808 0.291227 0.777149 0.736841 0.996966 0 -47.1615 -0.200861 0 -123.028 30.2187 -182.252 -141.638 0 -310.405 -607.859 -727.405 -668.096 -760.195 -59.6214 
0.0305498 -2.9772 -1.15876 0.999888 0.936969 0.679182 0.115785 0.909313 0.548296 0.879155 0 -70.6281 0.172609 0 -273.465 13.1762 -135.335 -71.3483 0 -1066.39 -995.55 -762.637 -434.707 -351.103 -21.6245 
0.00375206 -2.69468 -1.12158 0.980919 0.916479 0.678416 0.0202335 0.73403 -0.808142 0.990971 0 -53.3681 0.181972 0 -176.309 11.6436 -101.282 -55.6921 0 -593.454 -597.489 -497.348 -301.194 -256.524 -15.4805 
0.000381672 -2.9916 -1.99562 0.992803 0.985965 0.311642 0.110694 0.734385 0.722211 0.979406 0 -69.3106 -0.242139 0 -242.746 35.1458 -254.351 -185.612 0 -862.939 -1224.36 -1236.86 -1018.62 -1083.09 -84.7736 
0.000544222 -2.99607 -0.790765 0.989688 0.995471 0.629507 0.0790913 0.902863 -0.788556 0.974101 0 -74.5086 0.252283 0 -295.724 9.61167 -108.63 -51.3894 0 -1171.73 -934.303 -644.098 -329.762 -249.867 -14.8251 
0.000590105 -2.98874 -1.97354 0.999479 0.993961 0.176697 0.124989 0.985748 0.923219 0.964399 0 -69.5742 -0.231351 0 -242.328 35.5538 -269.32 -195.97 0 -846.947 -1295.93 -1355.23 -1113.72 -1170.59 -91.3073 
0.000183036 -2.93628 -1.89627 0.9984 0.811272 0.34546 0.106022 0.994978 -0.805096 0.84353 0 -66.698 -0.138508 0 -231.346 27.8052 -229.303 -151.677 0 -810.914 -1166.75 -1166.05 -865.411 -815.622 -53.6484 
0.00702858 -2.92878 -1.03791 0.997483 0.951927 0.0333478 0.155005 0.951076 -0.913125 -0.988984 0 -69.0803 0.1998 0 -276.167 8.73581 -72.4476 -33.8438 0 -1116.31 -352.386 -389.244 -195.205 -180.047 -10.4499 
0.000302813 -2.97621 -1.96901 0.997476 0.990342 0.165475 0.0882102 0.990878 0.769126 0.964107 0 -68.5971 -0.227852 0 -236.627 35.2234 -265.602 -193.413 0 -818.308 -1263.83 -1328.68 -1094.1 -1150.71 -89.5872 
2.35604e-05 -2.71212 -0.869745 0.996945 0.994444 0.680292 0.10727 0.995763 -0.80825 0.982345 0 -55.8836 0.233033 0 -192.58 9.92663 -95.7707 -49.863 0 -671.231 -639.814 -506.147 -289.837 -238.462 -14.4825 
0.000328777 -2.99995 -1.02304 0.99347 0.62712 0.338954 0.0656047 0.898152 0.86977 0.997592 0 -75.2941 0.278355 0 -298.26 8.0392 -117.831 -46.7116 0 -1175.23 -1065.82 -733.321 -326.735 -192.504 -6.66383 
0.125007 -2.97938 -1.03742 0.999379 0.980775 0.407812 0.194077 0.950236 0.544089 0.924598 0 -64.1051 0.2267 0 -249.809 11.0006 -116.164 -60.0051 0 -977.607 -886.104 -667.043 -373.702 -300.083 -18.7211 
0.000379112 -2.98762 -1.98401 0.990786 0.985915 0.313573 0.1126 0.734385 0.722211 0.794602 0 -68.9736 -0.235283 0 -243.788 33.9306 -237.305 -172.451 0 -883.809 -1159.38 -1122.71 -916.957 -980.499 -77.0176 
0.00104541 -2.99868 -1.00758 0.984376 0.997426 0.345368 0.19034 0.936733 0.921378 0.950076 0 -73.7671 0.194119 0 -286.306 12.4493 -131.799 -68.3155 0 -1108.58 -1002.55 -755.697 -424.178 -342.646 -21.891 
0.00011885 -2.99687 -0.849198 0.999598 0.977647 0.296406 0.064852 0.994317 0.805617 0.881447 0 -75.073 0.243197 0 -299.932 10.0744 -114.22 -54.4789 0 -1199.25 -977.248 -680.249 -350.463 -264.681 -15.6039 
0.0170385 -2.99914 -1.96907 0.998574 0.794918 0.34546 0.0611979 0.955735 -0.720956 0.873364 0 -69.6957 -0.165044 0 -248.349 29.6229 -248.304 -164.844 0 -892.437 -1290.66 -1286.76 -957.556 -902.065 -59.1546 
0.000292481 -2.99991 -1.85333 0.993539 0.996207 0.689811 0.126641 0.993998 0.975163 0.969635 0 -70.7728 -0.1641 0 -250.683 31.7148 -252.668 -176.82 0 -887.922 -1281.28 -1297.5 -1018.12 -1036.8 -79.0651 
0.00110684 -2.92483 -1.9574 0.93231 0.919525 0.62825 0.192214 0.776794 -0.936087 0.997412 0 -61.6986 -0.200515 0 -192.024 31.8467 -226.735 -164.528 0 -585.478 -953.248 -1034.14 -862.293 -915.872 -68.5136 
0.00699914 -2.99487 -1.05714 0.999594 0.625707 0.675166 0.156738 0.90933 0.872286 0.917171 0 -74.6678 0.269577 0 -296.693 8.27275 -117.244 -47.1625 0 -1178.07 -1053.38 -721.282 -323.796 -193.506 -6.80894 
0.0159199 -2.92677 -1.46246 0.98188 0.981155 0.400463 0.19705 0.782695 -0.820903 0.776826 0 -65.8219 0.0393478 0 -237.925 19.0038 -154.519 -95.3863 0 -875.459 -906.802 -768.995 -517.743 -487.155 -34.7207 
0.0680223 -2.47732 -1.97678 0.99894 0.919525 0.242197 0.192214 0.985898 -0.95664 0.99459 0 -36.1527 -0.165047 0 -87.1647 27.7953 -156.806 -126.556 0 -209.068 -481.82 -617.71 -592.626 -677.212 -53.5552 
2.35604e-05 -2.71212 -1.2223 0.996891 0.995116 0.685295 0.107453 0.754052 -0.952084 0.982345 0 -54.7615 0.123571 0 -183.16 14.5001 -116.8 -69.8961 0 -628.296 -655.739 -566.292 -371.825 -342.229 -23.551 
0.0045014 -2.99955 -0.977846 0.999843 0.975999 0.160233 0.0881933 0.920119 0.782848 0.964695 0 -74.607 0.21009 0 -295.387 11.6724 -127.96 -64.2504 0 -1171.15 -1025.34 -749.952 -406.673 -317.956 -19.4979 
0.000375086 -2.47948 -1.97605 0.98994 0.951927 0.713077 0.0725338 0.981564 0.762647 0.821459 0 -38.4172 -0.220863 0 -93.3872 29.791 -158.896 -130.451 0 -230.345 -483.557 -600.726 -587.283 -689.76 -56.2703 
2.4537e-05 -2.92888 -1.72703 0.995317 0.840179 0.247999 0.124107 0.985318 0.821982 -0.754758 0 -66.8722 -0.0548356 0 -255.121 18.4788 -126.747 -79.7771 0 -1005.48 -656.403 -583.39 -428.215 -413.582 -25.4024 
0.00509945 -2.9997 -1.13118 0.998846 0.726493 0.6708 0.0633221 0.906879 -0.997526 0.998862 0 -74.6739 0.225207 0 -293.674 10.4138 -134.588 -60.589 0 -1152.63 -1104.93 -812.624 -404.292 -270.629 -12.0541 
0.0317244 -2.99598 -0.847313 0.989685 0.89606 0.641586 0.107841 0.988728 0.835169 0.906488 0 -72.3434 0.273382 0 -286.63 8.77151 -106.435 -47.6823 0 -1132.2 -938.509 -643.186 -314.314 -221.534 -11.4625 
0.00387868 -2.69468 -1.92896 0.98188 0.634902 0.678394 0.0202335 0.898153 -0.999692 0.99076 0 -50.3485 -0.116988 0 -145.762 24.1208 -184.207 -122.946 0 -423.187 -755.619 -846.753 -651.085 -602.051 -35.7347 
0.000544222 -2.9998 -1.99924 0.999477 0.995471 0.0950489 0.0795665 0.903319 -0.795325 0.974101 0 -70.238 -0.246947 0 -246.427 36.2955 -270.614 -197.983 0 -871.33 -1305.64 -1351.47 -1116.13 -1181.67 -92.7789 
0.0666253 -2.9913 -0.935856 0.999089 0.696526 0.66592 0.125298 0.964849 -0.810808 -0.763126 0 -70.1746 0.303254 0 -290.447 5.64537 -57.8892 -21.429 0 -1211.13 -423.04 -343.971 -145.335 -96.1992 -2.81931 
0.000375086 -2.99925 -1.99083 0.983513 0.931614 0.627523 0.154702 0.981887 0.696191 0.645091 0 -69.5373 -0.22388 0 -243.941 33.2609 -245.05 -174.322 0 -868.255 -1197.02 -1188.75 -952.904 -987.678 -73.7435 
0.000386555 -2.97874 -1.99451 0.997425 0.973927 0.669077 0.110781 0.910191 0.844752 -0.908561 0 -68.6699 -0.237982 0 -264.246 27.216 -156.429 -114.502 0 -1061.51 -715.16 -654.539 -577.413 -651.499 -49.2459 
0.000544222 -2.9998 -1.99924 0.999332 0.995471 0.0950489 0.0795665 0.900239 -0.795325 0.974101 0 -70.2297 -0.246947 0 -246.401 36.2824 -270.352 -197.794 0 -871.367 -1304.35 -1349.49 -1114.5 -1180.14 -92.6681 
0.000195716 -2.93424 -1.95337 0.9984 0.767602 0.34546 0.106022 0.994978 -0.967201 0.873364 0 -66.3238 -0.160845 0 -227.649 28.7561 -238.059 -158.081 0 -787.9 -1186.44 -1211.16 -906.044 -848.871 -54.6609 
2.47931e-05 -2.99116 -0.927848 0.994093 0.988245 0.691227 0.211133 0.675063 -0.82133 0.982254 0 -74.0991 0.219381 0 -293.488 10.8755 -112.579 -55.9109 0 -1169.73 -913.431 -639.404 -340.797 -269.884 -16.8382 
0.000540456 -2.99607 -0.783999 0.989688 0.667088 0.629507 0.0794661 0.902969 -0.985911 0.796288 0 -75.3518 0.334699 0 -303.745 6.02201 -84.9453 -29.9783 0 -1222.28 -898.99 -533.064 -209.718 -116.828 -3.45506 
3.32004e-05 -2.87132 -1.43956 0.997451 0.912354 0.0666941 0.192488 0.90057 -0.793079 0.988298 0 -64.2121 0.0612854 0 -227.054 18.0763 -163.38 -97.3434 0 -810.807 -955.292 -855.131 -561.805 -496.246 -32.1711 
0.00689254 -2.9997 -1.97974 0.926875 0.926611 0.00373307 0.19209 0.950166 -0.960262 0.909386 0 -66.129 -0.211409 0 -212.31 33.5061 -250.202 -180.407 0 -659.939 -1091.37 -1184.7 -979.001 -1031.3 -77.192 
0.000294899 -2.47861 -1.97766 0.926435 0.989012 0.151318 0.12292 0.959072 -0.926221 0.996966 0 -35.7311 -0.232524 0 -73.0584 31.3538 -160.328 -137.518 0 -127.276 -399.093 -562.616 -594.324 -740.595 -63.3115 
2.26483e-05 -2.99146 -0.936044 0.994093 0.702948 0.103113 0.191086 0.862889 -0.80837 0.878364 0 -74.8293 0.288597 0 -298.356 7.71381 -103.078 -41.0986 0 -1189.84 -967.981 -628.927 -276.303 -169.37 -6.3817 
2.4537e-05 -2.92629 -1.72703 0.999454 0.840179 0.247999 0.0631107 0.985318 0.82022 0.992967 0 -66.9177 -0.0548355 0 -234.699 23.98 -213.271 -134.828 0 -825.837 -1148.58 -1121.73 -792.276 -718.768 -46.3183 
0.00661287 -2.9288 -1.04998 0.957703 0.723996 0.183317 0.241303 0.875779 0.722824 -0.712787 0 -67.5215 0.252157 0 -260.733 6.9728 -60.9524 -25.6294 0 -1014.36 -392.926 -319.15 -151.561 -111.992 -4.00262 
0.000858433 -2.99232 -1.03884 0.99993 0.923409 0.160885 0.109322 0.943389 0.544089 0.930446 0 -74.3131 0.205643 0 -292.405 11.7625 -131.108 -65.105 0 -1152.52 -1040.08 -767.529 -412.781 -315.549 -18.3428 
0.000372345 -2.99849 -1.97537 0.997477 0.990213 0.628014 0.0717207 0.980987 0.782517 0.810431 0 -70.1979 -0.231477 0 -247.833 34.9412 -259.349 -187.888 0 -885.647 -1269.36 -1285.74 -1048.66 -1104.24 -86.1169 
0.000549444 -2.99963 -1.99785 0.99207 0.91145 0.0571015 0.19209 0.950166 -0.98424 0.935538 0 -70.0522 -0.222399 0 -244.337 34.0553 -265.741 -187.812 0 -854.611 -1297.81 -1342.38 -1070.02 -1085.61 -79.4211 
0.00011885 -2.99687 -1.20175 0.999544 0.978319 0.301409 0.0650351 0.754198 0.805617 0.881447 0 -73.9725 0.135895 0 -289.181 14.7605 -141.124 -77.3513 0 -1143.41 -1019.56 -774.152 -455.179 -385.539 -25.5707 
5.36548e-06 -2.92626 -1.60227 0.999454 0.840179 0.247999 0.0625305 0.985318 0.82022 -0.740455 0 -67.5462 0.00668963 0 -260.907 16.021 -115.417 -68.9959 0 -1037.68 -628.84 -547.972 -377.466 -350.56 -20.7736 
4.8889e-05 -2.03473 -1.99236 0.928482 0.997178 0.0337052 0.19245 0.752491 -0.867386 0.963238 0 -18.5958 -0.243752 0 -20.6646 27.0841 -93.3246 -93.3412 0 -2.14738 -128.855 -227.999 -310.751 -447.101 -41.6618 
0.000858433 -2.97938 -1.04189 0.999896 0.922931 0.160885 0.109322 0.950236 0.544089 0.924598 0 -73.3495 0.204833 0 -286.738 11.7616 -130.073 -64.8398 0 -1123.57 -1020.44 -757.157 -409.062 -313.826 -18.2568 
0.000299492 -2.9784 -1.22024 0.992326 0.997164 0.399131 0.0887007 0.74813 0.776745 0.965224 0 -72.0633 0.123812 0 -275.527 15.4784 -145.683 -81.9927 0 -1062.3 -1000.9 -791.207 -481.074 -416.888 -28.3468 
0.000174315 -2.99919 -0.543748 0.984652 0.996375 0.786175 0.197153 0.956224 -0.982611 0.372122 0 -74.9783 0.300756 0 -304.69 6.58871 -69.6581 -28.4986 0 -1246.37 -659.933 -396.251 -177.398 -132.796 -7.03395 
0.000299492 -2.9784 -1.22024 0.999132 0.998466 0.399131 0.0875896 0.74813 0.776745 0.965656 0 -72.4443 0.123428 0 -279.008 15.5029 -146.342 -82.2673 0 -1085.63 -1016.01 -799.192 -484.627 -419.033 -28.4946 
0.00015495 -2.99899 -1.95296 0.997332 0.921453 0.633202 0.262429 0.991895 0.769428 0.994913 0 -70.5739 -0.19913 0 -247.764 33.1786 -267.425 -186.959 0 -868.86 -1330.14 -1380.02 -1086.65 -1088.73 -79.2994 
6.85428e-05 -2.99641 -1.07788 0.997564 0.913224 0.733928 0.106334 0.950166 -0.968919 0.990589 0 -74.4431 0.195948 0 -291.211 12.2939 -138.923 -69.6674 0 -1137.68 -1077.7 -816.846 -445.807 -341.122 -19.7248 
0.000207865 -2.99072 -1.49015 0.993767 0.986744 0.145378 0.0858347 0.956676 -0.791365 0.933376 0 -71.9794 0.018484 0 -267.599 21.2094 -191.348 -117.867 0 -998.575 -1156.69 -1028.7 -695.064 -638.335 -44.9793 
0.000286514 -2.99991 -1.85333 0.993549 0.996205 0.689811 0.0897776 0.993998 -0.843791 0.93196 0 -70.7738 -0.164103 0 -251.272 31.5739 -249.875 -174.799 0 -894.185 -1270.95 -1277.68 -1001.24 -1020.77 -77.9304 
0.000375086 -2.92701 -1.95667 0.999028 0.951927 0.632596 0.0725338 0.981564 0.762647 0.821459 0 -65.3375 -0.209573 0 -222.427 32.7718 -239.919 -172.821 0 -768.837 -1133.04 -1165.29 -947.888 -987.26 -74.8746 
5.36548e-06 -2.92627 -1.60227 0.999371 0.840179 0.10211 0.0635255 0.880415 0.741035 -0.740455 0 -67.5425 0.00668963 0 -262.27 15.7424 -108.771 -64.7618 0 -1052.2 -601.009 -500.707 -341.849 -321.096 -18.9897 
0.000594249 -2.92878 -1.04012 0.99895 0.951927 0.67759 0.155005 0.910768 -0.913125 -0.879218 0 -69.6027 0.197255 0 -278.474 8.95277 -72.0956 -34.1253 0 -1130.92 -379.7 -376.918 -192 -176.086 -10.3824 
0.00057772 -2.92878 -1.04012 0.99895 0.954991 0.380385 0.155005 0.597293 0.808569 -0.852877 0 -69.5946 0.196385 0 -281.1 8.54342 -58.6321 -27.1154 0 -1161.15 -296.505 -275.492 -131.853 -132.69 -8.06399 
0.00038283 -2.99888 -1.48656 0.998978 0.982005 0.616667 0.0613437 0.760162 -0.820775 0.976734 0 -72.8996 0.0215296 0 -275.913 20.6663 -183.12 -111.818 0 -1055.83 -1139.1 -976.797 -650.249 -595.596 -41.898 
0.000556257 -2.99897 -1.99939 0.999398 0.963891 0.0678734 0.0895622 0.997705 -0.810284 0.977459 0 -70.264 -0.237866 0 -245.16 35.8453 -276.538 -199.825 0 -856.052 -1335.28 -1405.22 -1147.47 -1191.29 -90.8737 
4.47608e-05 -2.99954 -1.01539 0.998477 0.683698 0.338954 0.106257 0.997285 -0.81005 0.961556 0 -75.4833 0.269616 0 -299.639 8.59459 -122.523 -50.4891 0 -1183.15 -1090.47 -764.215 -351.949 -216.513 -8.37508 
0.000286514 -2.99997 -1.25655 0.993508 0.994468 0.0191308 0.0897776 0.993998 -0.843791 0.93196 0 -73.5923 0.111282 0 -281.463 16.6031 -164.392 -93.2989 0 -1076.77 -1116.35 -921.218 -569.026 -489.616 -32.9926 
0.00103914 -2.99868 -1.96899 0.99632 0.923621 0.634736 0.285218 0.935836 0.924859 0.949563 0 -70.3298 -0.208423 0 -247.521 33.3441 -261.839 -184.023 0 -875.635 -1300.5 -1330.33 -1051.73 -1063.17 -78.0264 
0.00822923 -2.9996 -1.95974 0.995269 0.996437 0.122918 0.0266638 0.876062 0.72552 0.993313 0 -69.6757 -0.218575 0 -244.716 34.6266 -260.874 -188.763 0 -865.05 -1271.92 -1304.55 -1063.74 -1117.61 -87.2301 
0.0192734 -2.9923 -1.11831 0.997526 0.911653 0.160793 0.19209 0.877314 0.393277 0.990589 0 -72.5837 0.189036 0 -283.034 12.5028 -136.692 -69.5955 0 -1105.49 -1040.54 -790.914 -437.292 -339.85 -19.9055 
0.000466896 -2.93343 -1.04012 0.998911 0.931614 0.627523 0.153727 0.982746 0.725025 0.821917 0 -69.9955 0.202883 0 -267.933 11.6239 -122.157 -61.8223 0 -1032.65 -925.39 -689.998 -378.142 -296.307 -17.5321 
0.00037348 -2.9223 -1.97966 0.992706 0.967052 0.312524 0.138971 0.734385 0.722211 0.732681 0 -64.4791 -0.227276 0 -221.256 32.491 -218.197 -159.397 0 -785.412 -1028.2 -997.39 -821.669 -882.865 -68.755 
0.000858433 -2.99988 -1.04189 0.998747 0.922931 0.142609 0.109322 0.950236 0.920856 0.924598 0 -74.7979 0.204833 0 -294.931 11.8221 -132.226 -65.6346 0 -1164.07 -1051.25 -775.643 -416.994 -318.525 -18.5184 
0.00645048 -2.92185 -1.03252 0.957752 0.998301 0.640354 0.241303 0.878195 0.722824 -0.737111 0 -66.4073 0.187932 0 -253.43 9.5131 -71.2386 -35.5022 0 -979.084 -362.617 -343.687 -186.02 -181.041 -11.8066 
0.00661287 -2.92185 -1.04998 0.957703 0.998301 0.640354 0.241303 0.878195 0.722824 -0.737111 0 -66.3393 0.182629 0 -252.944 9.71395 -72.2209 -36.397 0 -976.718 -367.651 -346.925 -190.208 -185.417 -12.1672 
0.00698805 -2.9997 -1.95148 0.958041 0.911653 0.0571015 0.19209 0.950166 -0.960262 0.902917 0 -67.9926 -0.190948 0 -229.044 32.1464 -249.045 -174.998 0 -762.384 -1172.39 -1223.34 -974.158 -993.526 -72.4664 
4.30285e-05 -2.99442 -0.66781 0.992882 0.997114 0.588947 0.0905925 0.957709 -0.810375 0.92173 0 -74.8716 0.278247 0 -300.534 8.32057 -97.1509 -43.5808 0 -1204.65 -895.515 -586.88 -285.734 -209.478 -11.7907 
0.000775169 -2.99965 -1.03884 0.99993 0.923409 0.111957 0.109322 0.943389 -0.922383 0.930446 0 -74.8637 0.205619 0 -295.603 11.7851 -131.92 -65.4005 0 -1168.77 -1052.19 -774.656 -415.799 -317.309 -18.4394 
0.000375086 -2.92879 -1.03855 0.999028 0.951927 0.627236 0.0725338 0.981563 0.762647 0.824829 0 -69.6279 0.197674 0 -265.77 11.8841 -122.615 -62.9831 0 -1022 -916.968 -688.25 -382.532 -304.905 -18.5585 
0.00654048 -2.92622 -1.96803 0.919238 0.995017 0.126623 0.0932591 0.855439 -0.965116 0.994008 0 -60.5219 -0.224167 0 -182.563 34.2616 -233.823 -176.905 0 -530.052 -925.011 -1041.52 -914.864 -1020.81 -81.9167 
2.27396e-05 -2.98848 -1.11412 0.999035 0.82886 0.599312 0.0501089 0.981754 0.970041 0.999576 0 -74.0456 0.205939 0 -288.475 11.6421 -140.45 -67.6164 0 -1120.58 -1100.74 -837.705 -442.946 -320.358 -16.6034 
0.00387868 -2.69468 -1.92896 0.98188 0.915458 0.678416 0.0202335 0.996234 -0.812584 0.990948 0 -49.692 -0.181177 0 -140.112 29.8591 -197.862 -148.776 0 -391.856 -742.151 -869.677 -758.546 -816.104 -61.7317 
0.00037348 -2.92233 -1.80862 0.992706 0.955566 0.553575 0.0821521 0.734385 0.722211 0.732681 0 -65.4961 -0.128051 0 -230.571 27.0018 -194.217 -133.186 0 -836.91 -996.269 -916.203 -697.632 -710.505 -52.8967 
0.00534247 -2.99964 -1.0737 0.993532 0.609159 0.246147 0.0275484 0.997941 -0.977781 0.998952 0 -74.7708 0.267043 0 -293.986 8.49337 -127.616 -51.6319 0 -1146.21 -1111.32 -797.746 -365.456 -216.447 -7.58477 
0.0021426 -2.91667 -1.99993 0.943703 0.780724 0.53563 0.0695938 0.956586 0.781258 0.988546 0 -61.7618 -0.189788 0 -191.476 30.6528 -239.309 -166.398 0 -574.911 -1025.19 -1145.06 -914.576 -904.376 -60.5923 
0.000386555 -2.97874 -1.97485 0.997425 0.973927 0.669077 0.159745 0.910191 0.844752 -0.908561 0 -68.788 -0.226427 0 -265.159 26.6676 -154.304 -112.183 0 -1066.07 -709.598 -648.79 -566.901 -636.535 -47.9501 
0.000195958 -2.99924 -0.543748 0.984928 0.996375 0.786175 0.198587 0.956224 -0.982668 0.372122 0 -74.996 0.30076 0 -304.849 6.58874 -69.6704 -28.501 0 -1247.44 -660.339 -396.413 -177.444 -132.814 -7.03449 
0.000379112 -2.9247 -1.98401 0.990895 0.985911 0.313573 0.1126 0.741143 0.710445 0.801223 0 -64.466 -0.235282 0 -219.447 33.4555 -225.146 -166.271 0 -769.1 -1043.83 -1033.91 -863.522 -936.685 -74.1764 
0.000207865 -2.99888 -1.51876 0.993786 0.982815 0.151566 0.0613437 0.980916 -0.734862 0.994047 0 -72.4657 0.00687744 0 -268.599 22.0658 -201.978 -125.279 0 -994.976 -1205.49 -1096.88 -749.26 -688.509 -48.3736 
0.000406723 -2.99969 -1.94819 0.957989 0.911653 0.16352 0.19209 0.886314 -0.960262 0.902806 0 -68.4597 -0.193538 0 -231.768 32.0004 -245.349 -172.076 0 -779.054 -1163.33 -1196.44 -949.031 -968.893 -70.6997 
6.85428e-05 -2.99656 -1.11831 0.997523 0.911653 0.0566715 0.106334 0.950166 -0.968919 0.990589 0 -74.3213 0.183219 0 -289.678 12.8768 -143.663 -73.1812 0 -1127.83 -1091.2 -839.838 -465.837 -360.559 -21.0673 
0.00371909 -2.92856 -1.02304 0.995328 0.716891 0.351449 0.124063 0.965073 0.879838 0.998966 0 -69.8162 0.261262 0 -266.497 8.85393 -117.362 -50.6081 0 -1014.61 -967.517 -704.709 -339.322 -219.495 -9.08889 
0.000594249 -2.92965 -1.04012 0.983449 0.951927 0.627392 0.305352 0.910768 -0.913125 -0.755447 0 -68.816 0.197248 0 -270.599 9.17283 -72.7885 -35.1259 0 -1079.57 -403.243 -369.838 -193.96 -176.636 -10.572 
0.00157877 -2.99088 -1.97836 0.920378 0.997159 0.31038 0.129977 0.572119 -0.981025 0.898699 0 -65.3147 -0.234398 0 -211.91 33.7896 -223.95 -166.867 0 -685.747 -963.427 -980.317 -839.433 -939.46 -75.5798 
0.000305308 -2.92879 -1.03855 0.992221 0.950312 0.627236 0.0736449 0.981563 0.762647 0.824396 0 -69.2632 0.198108 0 -262.478 11.8595 -122.059 -62.7498 0 -1000.18 -903.517 -681.546 -379.707 -303.183 -18.4393 
0.00690853 -2.99058 -1.95974 0.99516 0.996441 0.122918 0.0256131 0.973048 0.920119 0.920026 0 -69.0986 -0.219522 0 -240.975 34.6966 -260.891 -189.247 0 -844.887 -1260.28 -1302.18 -1065.61 -1121.24 -87.5859 
0.00086499 -2.99868 -0.476923 0.984881 0.995956 0.651366 0.19034 0.936733 -0.901217 0.950076 0 -75.0064 0.311104 0 -303.066 6.59454 -80.6823 -33.0389 0 -1219.34 -819.31 -498.555 -224.874 -157.18 -7.80653 
0.000504002 -2.99665 -1.92209 0.975781 0.93103 0.678758 0.241071 0.880645 0.65578 -0.733432 0 -69.3121 -0.183802 0 -263.212 25.0606 -151.158 -105.696 0 -1037.97 -728.39 -637.565 -527.415 -573.656 -41.2196 

