0.124545 0.64883 
0.448307 0.331701 
0.117049 0.659132 
0.344408 0.414372 
0.146713 0.618908 
0.273061 0.478866 
0.672157 0.181976 
0.590548 0.232913 
0.3039 0.449842 
0.13169 0.638618 
0.515513 0.283115 
0.265504 0.486983 
0.458075 0.324807 
0.0342558 0.816538 
0.235327 0.516652 
0.839574 0.0850672 
0.600779 0.226014 
0.227369 0.525219 
0.683737 0.174461 
0.98104 0.0105145 
0.311836 0.443407 
0.486049 0.304278 
0.621885 0.212172 
0.823944 0.0933106 
0.505647 0.290165 
0.536521 0.268805 
0.750624 0.134911 
0.578882 0.240379 
0.635171 0.204233 
0.778227 0.119048 
0.421427 0.352533 
0.197887 0.557038 
0.049999 0.777728 
0.0577968 0.761668 
0.525899 0.275995 
0.611948 0.219648 
0.69702 0.166837 
0.722859 0.150556 
0.190564 0.565955 
0.907373 0.0484255 
0.404078 0.366429 
0.855596 0.0762472 
0.138996 0.628994 
0.466678 0.318171 
0.00907482 0.90701 
0.476502 0.31098 
0.960924 0.0208477 
0.0178376 0.868615 
0.336745 0.421264 
0.647079 0.19665 
0.257662 0.494296 
0.76455 0.126874 
0.220221 0.532443 
0.31946 0.43674 
0.736589 0.142936 
0.558029 0.254654 
3.10532e-06 1.00037 
0.168393 0.591438 
0.0883021 0.705106 
0.888386 0.0587209 
0.568356 0.24815 
0.37769 0.386588 
0.999336 0.00100208 
0.65879 0.18957 
0.242362 0.508715 
0.109812 0.670238 
0.0955025 0.692938 
0.38655 0.379462 
0.205161 0.548654 
0.352976 0.407632 
0.430246 0.345119 
0.0423076 0.796885 
0.160943 0.600582 
0.412691 0.35887 
0.369218 0.393743 
0.280796 0.471665 
0.154028 0.609336 
0.361117 0.400563 
0.288562 0.464264 
0.394497 0.373085 
0.176234 0.582958 
0.80802 0.102159 
0.183231 0.573679 
0.0805849 0.71869 
0.0262958 0.839658 
0.212405 0.54088 
0.546248 0.262172 
0.942253 0.0304548 
0.32807 0.429601 
0.793348 0.110792 
0.49565 0.297342 
0.249863 0.501942 
0.87217 0.0677962 
0.102819 0.681628 
0.708742 0.158934 
0.0653943 0.745567 
0.439339 0.338764 
0.924624 0.0399072 
0.296758 0.456896 
0.0729936 0.731602 

