0.0257707 -2.99132 1.94362 0.454137 0.982404 1.2467 0.878822 -0.829558 -0.925364 -0.986492 0 -47.0433 -0.195873 0 -72.2042 -37.8405 -185.056 161.822 0 22.6159 298.918 -544.612 635.223 -860.026 80.9586 
0.0257707 -2.94731 1.98207 0.986364 0.959103 1.19274 0.977229 -0.887838 0.281253 -0.992579 0 -64.319 -0.211828 0 -215.567 -38.675 -239.945 183.323 0 -724.668 1106.78 -1164.88 975.519 -1045.67 88.4105 
0.0257707 -2.99132 1.94475 0.986138 0.900599 1.01518 0.878822 -0.886099 -0.93122 -0.985278 0 -67.7439 -0.174274 0 -235.484 -36.0445 -240.907 175.38 0 -820.093 1195.08 -1215.52 962.398 -975.959 78.013 
0.0257707 -2.94731 1.98207 0.977847 0.959776 1.19451 0.977229 -0.818111 0.281253 -0.992579 0 -63.864 -0.212015 0 -212.627 -38.2815 -233.854 179.247 0 -710.471 1067.75 -1116.64 938.536 -1013.64 86.2328 
0.0257707 -2.97698 1.98196 0.454137 0.950182 1.0046 0.916299 -0.829558 -0.888561 -0.986492 0 -45.9915 -0.208866 0 -67.6893 -38.3239 -185.61 162.911 0 35.2671 287.558 -540.483 635.43 -859.409 79.6568 
0.0152971 -2.17225 1.68922 0.647807 0.968057 1.24243 0.374229 -0.15035 0.171221 -0.96194 0 -17.6133 -0.0616969 0 -13.3826 -19.5256 -54.0579 58.6571 0 16.5247 34.7274 -83.3203 142.828 -235.48 27.0596 
0.03628 -2.99132 1.94475 0.465324 0.900994 1.16714 0.276689 -0.290754 -0.93122 -0.711143 0 -47.0642 -0.164687 0 -86.8022 -30.7474 -135.665 115.947 0 -90.6914 258.695 -345.019 388.833 -543.253 50.7172 
0.0226339 -2.96016 1.98207 0.992096 0.959017 1.19359 0.879503 -0.819658 -0.766647 -0.987339 0 -65.7301 -0.213005 0 -224.913 -38.5404 -239.17 181.761 0 -777.881 1134.73 -1165.33 966.124 -1031.49 87.1954 
0.0766613 -2.99165 1.9467 0.97349 0.659036 1.17306 0.874355 -0.492444 -0.987286 -0.963409 0 -64.315 -0.0948808 0 -227.586 -27.0632 -192.57 127.809 0 -819.986 1030.7 -957.493 683.582 -615.9 42.6822 
0.0276821 -2.29779 1.41118 0.847648 0.958418 1.06316 0.19688 -0.878959 0.266157 -0.823837 0 -27.7087 0.0722666 0 -52.0262 -16.2525 -74.8185 61.8748 0 -86.1985 183.092 -235.604 222.381 -260.257 25.2268 
0.0116184 -2.62656 0.930428 0.850547 0.962546 1.00896 0.255537 -0.29182 0.949426 -0.914739 0 -44.3046 0.229064 0 -125.63 -8.09188 -59.6967 37.8546 0 -355.826 288.998 -237.875 157.656 -146.674 13.7205 
0.0390693 -2.9784 1.0987 0.644683 0.959224 1.10572 0.860845 -0.529432 -0.957026 -0.908701 0 -54.7918 0.184477 0 -147.482 -11.8675 -92.4838 58.5075 0 -347.051 396.246 -371.684 260.563 -248.763 21.8473 
0.227509 -2.87269 0.598327 0.916038 0.992236 1.01029 0.376485 -0.276952 0.910548 -0.588604 0 -48.9392 0.333181 0 -174.816 -3.1539 -38.5263 19.7671 0 -638.562 289.407 -172.855 86.6564 -72.4846 7.51025 
0.260326 -2.96031 1.06051 0.970608 0.872811 1.28607 0.80654 -0.820608 -0.829473 -0.958559 0 -53.5 0.259792 0 -198.653 -8.35165 -89.4261 48.4847 0 -743.305 675.509 -499.474 277.355 -208.368 15.4106 
0.0374836 -2.97928 1.81366 0.660013 0.639137 0.881748 0.276218 -0.525708 -0.725669 -0.786155 0 -53.1259 -0.0361188 0 -129.885 -22.6502 -142.899 98.6133 0 -264.293 470.641 -532.057 419.207 -419.936 30.36 
0.900708 -2.99252 1.94629 0.478382 0.682115 1.25787 0.890256 -0.427693 -0.921733 -0.950938 0 -9.0758 0.323278 0 -14.8309 -4.13598 -20.3249 17.2715 0 -18.2425 43.8499 -61.2222 56.1537 -62.1229 6.36948 
0.00337593 -2.25003 1.77559 0.652389 0.959103 1.16448 0.977229 -0.255145 0.280071 -0.992579 0 -19.8617 -0.110186 0 -15.667 -22.9083 -67.4266 71.5433 0 22.6472 50.0579 -115.97 187.238 -301.189 33.3704 
0.0522131 -2.97575 1.94417 0.676776 0.89217 1.18553 0.247391 -0.391111 0.719688 -0.817741 0 -51.5864 -0.151369 0 -122.64 -30.9975 -156.141 125.842 0 -243.966 444.305 -519.54 497.402 -616.314 54.5511 
0.193231 -2.03233 -0.65743 0.846952 0.972627 1.00407 0.311235 -0.109129 0.642894 -0.853359 0 -18.1168 0.324102 0 -41.3153 2.04156 -7.37437 0.150287 0 -100.245 16.2696 -15.6751 2.08845 -14.0928 0.985655 
0.0168881 -2.99237 0.947054 0.975311 0.966069 1.15857 0.272259 -0.648455 0.502958 -0.818504 0 -71.9825 0.224854 0 -281.135 -9.63215 -100.155 54.5786 0 -1106.39 813.41 -545.546 299.08 -236.527 19.278 
0.0391094 -2.01288 1.98868 0.972634 0.92706 1.00826 0.515697 -0.649495 -0.920649 -0.869777 0 -18.7542 -0.195274 0 -27.563 -26.4528 -79.7956 83.9302 0 -36.7172 138.595 -207.57 266.925 -368.354 40.0133 
0.0869879 -2.38273 0.617434 0.881196 0.927142 1.00537 0.912986 -0.279285 -0.748974 -0.958564 0 -32.4611 0.313025 0 -86.0963 -3.81026 -33.1793 20.0654 0 -233.085 165.427 -129.773 79.0714 -67.0064 6.68654 
0.0514283 -2.9332 1.98207 0.987303 0.959226 1.21456 0.977229 -0.529497 0.280018 -0.992579 0 -61.8325 -0.197061 0 -210.765 -35.4528 -207.696 159.474 0 -737.758 974.532 -962.183 805.187 -877.387 75.7183 
0.0234062 -2.91117 1.95912 0.98076 0.983631 1.25474 0.862752 -0.812418 -0.931499 -0.917453 0 -61.7889 -0.206266 0 -203.624 -37.3406 -219.452 170.368 0 -680.208 988.621 -1019.54 865.955 -951.745 83.1119 
0.96154 -2.57081 1.22277 0.883392 0.917542 1.0211 0.313671 -0.286567 -0.822555 -0.81481 0 -4.432 0.46427 0 -6.04974 -0.475069 -4.95226 4.27104 0 -13.7626 14.704 -14.4518 10.152 -8.26951 1.95563 
0.227509 -2.87285 1.87032 0.916791 0.992236 0.627985 0.376485 -0.276952 0.874559 -0.588604 0 -44.8093 -0.0261842 0 -142.555 -22.9937 -113.533 89.8515 0 -476.16 488.238 -423.815 367.058 -439.08 41.884 
0.129538 -2.98828 1.3017 0.863942 0.942176 1.18542 0.279201 -0.284446 0.857091 -0.803152 0 -58.0007 0.157121 0 -196.597 -13.007 -96.9165 61.0497 0 -664.215 552.064 -432.335 283.662 -267.916 23.2531 
0.129538 -2.98828 1.30005 0.785837 0.951115 1.20276 0.296392 -0.820547 0.857091 -0.803152 0 -54.9009 0.155304 0 -165.956 -14.691 -114.052 73.1013 0 -468.921 553.355 -512.448 355.98 -337.549 28.1667 
0.0838546 -1.85128 1.94352 0.718656 0.668998 0.996239 0.390658 -0.385193 -0.757278 -0.817581 0 -9.47625 -0.0837104 0 0.934494 -17.5913 -40.7523 47.6159 0 29.1838 11.9183 -55.1682 101.824 -160.98 18.1918 
0.053494 -2.97575 1.06532 0.894025 0.993293 1.18553 0.284574 -0.521727 0.676757 -0.802384 0 -63.8848 0.193472 0 -225.699 -11.2522 -96.5132 57.5495 0 -793.094 630.086 -465.107 284.428 -251.944 22.0658 
0.00536042 -1.92615 1.99647 0.84681 0.976816 1.00822 0.889948 -0.562724 -0.815515 -0.871795 0 -13.3736 -0.236968 0 -6.48196 -27.1549 -63.7364 77.5861 0 24.2619 46.4488 -106.343 193.906 -325.256 39.4959 
0.0513545 -2.9699 1.62733 0.981822 0.959224 1.10029 0.866254 -0.529432 -0.965993 -0.908701 0 -65.8198 -0.0155986 0 -240.004 -23.7617 -163.755 111.676 0 -894.422 937.292 -803.979 576.241 -563.4 46.9883 
0.0257707 -2.96021 1.95628 0.977837 0.924871 1.01409 0.85855 -0.904692 -0.765511 -0.985278 0 -64.9638 -0.187028 0 -218.2 -36.9401 -237.048 177.01 0 -730.999 1112.19 -1163.28 950.496 -992.313 81.4651 
0.355577 -1.27216 -0.730306 0.485674 0.672468 0.983392 0.2714 -0.270511 -0.746404 -0.781524 0 -3.27 0.39363 0 -2.6909 0.353161 -0.973027 2.10695 0 -1.50472 1.97993 -1.10136 1.51434 -1.60102 1.65209 
0.0827444 -2.27229 1.16986 0.644459 0.815908 1.02754 0.238963 -0.0648942 -0.722665 -0.87924 0 -21.8724 0.214463 0 -33.5562 -7.51877 -34.6111 27.4306 0 -41.3606 62.0493 -83.212 78.6996 -89.3492 9.22364 
0.275748 -2.96183 1.41118 0.844904 0.920909 1.46488 0.196733 -0.878959 0.266157 -0.813726 0 -48.113 0.185352 0 -149.476 -13.7212 -105.632 68.8843 0 -448.244 524.283 -492.537 345.138 -323.981 26.3208 
0.0522131 -2.97575 1.92661 0.681414 0.901165 1.18553 0.327063 -0.391111 0.719688 -0.817741 0 -51.818 -0.144443 0 -124.52 -30.6025 -154.969 124.512 0 -252.926 448.231 -518.895 493.701 -610.105 54.229 
0.78381 -2.69874 0.918654 0.854621 0.964043 1.16581 0.239155 -0.267808 0.788896 -0.876268 0 -14.0708 0.428164 0 -35.5052 -1.48899 -15.5195 9.1344 0 -100.413 64.6242 -60.8406 34.1448 -32.9517 4.02175 
0.225406 -2.83961 0.598327 0.912414 0.992236 1.01029 0.303763 -0.135925 0.301776 -0.810865 0 -47.3072 0.334459 0 -165.579 -3.28859 -39.6415 20.8837 0 -588.859 285.794 -184.87 95.7046 -78.5446 7.76553 
0.0424223 -2.8078 1.26538 0.85992 0.674795 1.39839 0.979187 -0.424787 -0.989579 -0.894529 0 -52.8044 0.193828 0 -162.685 -9.86073 -87.7738 49.2116 0 -494.244 488.633 -398.764 236.222 -181.465 12.7918 
0.909215 -1.93302 -1.42488 0.647807 0.961294 1.20012 0.219142 -0.50092 -0.922091 -0.574 0 -5.64141 0.445398 0 -7.10933 0.69017 -3.81068 1.8708 0 -12.0766 10.591 -7.80521 4.18804 -3.67963 1.20308 
0.0248831 -2.99132 1.94362 0.958282 0.967597 1.2467 0.878822 -0.853344 -0.927119 -0.98528 0 -66.1861 -0.192224 0 -221.494 -37.6551 -237.425 179.373 0 -734.224 1099.98 -1145.83 948.967 -1016.34 85.9879 
0.0315718 -2.98993 1.25538 0.867126 0.91996 1.46313 0.28253 -0.112 0.176604 -0.812454 0 -64.6419 0.143699 0 -224.091 -12.6905 -96.8368 59.5871 0 -773.916 575.223 -432.425 275.813 -253.762 21.8002 
0.113446 -2.2203 1.39485 0.661021 0.979638 1.24133 0.976139 -0.464757 0.080248 -0.529349 0 -19.007 0.094002 0 -24.6414 -12.2202 -38.9346 37.6942 0 -22.8934 50.6975 -69.5891 89.1398 -133.886 16.0516 
0.0257599 -2.35073 1.05281 0.715039 0.920019 0.900901 0.832996 -0.816776 0.338003 -0.959069 0 -27.4303 0.206806 0 -47.275 -9.86264 -56.965 41.7336 0 -58.7001 136.682 -178.866 151.616 -158.874 14.7168 
0.0377059 -2.14299 1.14795 0.661221 0.871223 1.24159 0.276218 -0.804686 -0.731761 -0.871987 0 -19.2565 0.195099 0 -21.667 -9.72378 -44.0203 36.143 0 -2.18442 61.3163 -107.793 108.539 -126.192 12.5668 
0.0377059 -2.98015 1.81366 0.648007 0.647954 1.03098 0.276218 -0.143369 -0.725669 -0.877378 0 -52.7883 -0.0376174 0 -130.729 -21.4805 -128.965 90.0664 0 -279.502 418.15 -457.819 368.772 -380.695 27.9481 
0.263503 -2.96067 1.17798 0.691915 0.872154 1.18556 0.328663 -0.801932 -0.698867 -0.977637 0 -43.5278 0.252984 0 -116.926 -9.72003 -85.1274 51.7786 0 -272.777 378.118 -374.332 252.891 -221.853 17.3947 
0.770711 -2.9977 1.07516 0.973112 0.964188 1.22117 0.850508 -0.480123 0.482157 -0.951169 0 -19.9781 0.338162 0 -70.028 -1.98595 -27.8168 15.2043 0 -263.841 192.699 -143.897 79.7131 -68.2044 6.56527 
0.113446 -2.20377 1.38926 0.661523 0.980113 1.21683 0.977712 -0.113456 0.107166 -0.529349 0 -18.5331 0.0958716 0 -26.0077 -10.9697 -31.7523 31.8517 0 -33.6143 41.4885 -48.0119 67.3747 -108.165 13.7829 
0.0229285 -2.97695 1.99767 0.984899 0.888873 1.01474 0.862119 -0.262037 -0.908881 -0.985278 0 -66.564 -0.202946 0 -236.6 -34.176 -204.473 151.687 0 -868.443 1020.03 -950.126 764.705 -804.661 66.1341 
0.335624 -2.94731 1.98207 0.979748 0.959017 1.26641 0.947331 -0.819658 0.559042 -0.996715 0 -45.0973 -0.030222 0 -148.12 -25.6974 -160.925 122.38 0 -493.502 729.935 -768.158 641.723 -694.182 59.3372 
0.74647 -2.91365 0.943232 0.744806 0.957345 1.00644 0.328748 -0.839226 -0.863381 -0.878513 0 -16.516 0.411809 0 -42.8568 -2.61274 -25.4054 15.8342 0 -111.448 123.873 -109.929 70.4242 -59.8182 5.8875 
0.0239558 -2.92301 1.97269 0.977622 0.958421 1.19479 0.286017 -0.82033 -0.760886 -0.634772 0 -62.3905 -0.204222 0 -210.187 -35.6354 -203.733 156.847 0 -728.993 947.108 -918.788 768.225 -844.25 73.5731 
0.0429495 -2.97759 1.94388 0.862397 0.674795 1.42186 0.39634 -0.312395 -0.976721 -0.91288 0 -60.2847 -0.109719 0 -187.081 -26.8321 -170.726 118.398 0 -570.999 751.585 -736.979 561.721 -549.812 39.8689 
0.964899 -2.94876 1.89211 0.644926 0.870387 1.22893 0.815486 -0.582355 -0.863376 -0.878092 0 -6.05149 0.373982 0 -9.64026 -2.10013 -9.91405 9.29189 0 -16.8207 25.2744 -30.0056 26.0044 -28.0909 3.94475 
0.96154 -2.57081 1.22277 0.883392 0.918055 1.0211 0.313671 -0.286567 -0.822555 -0.81481 0 -4.43194 0.464265 0 -6.04943 -0.47537 -4.95278 4.27198 0 -13.7614 14.7027 -14.4519 10.1547 -8.27543 1.95643 
0.0394858 -2.50542 1.79812 0.915462 0.901788 1.13458 0.322522 -0.26509 0.629351 -0.576054 0 -36.5297 -0.0848118 0 -94.2322 -21.5401 -88.3757 74.2644 0 -263.464 293.983 -274.335 257.484 -314.402 30.5113 
0.0521594 -2.97575 1.93886 0.693275 0.900885 1.18553 0.326909 -0.381977 0.719688 -0.817741 0 -52.17 -0.151054 0 -127.186 -30.9728 -156.719 125.984 0 -266.17 461.383 -528.955 501.947 -619.558 55.021 
0.0226339 -2.30247 1.98207 0.998748 0.95055 1.19359 0.879503 -0.820965 -0.766647 -0.973629 0 -30.1645 -0.210664 0 -63.4768 -31.6161 -126.234 117.467 0 -134.501 325.527 -432.633 465.642 -582.708 57.1489 
0.0432804 -2.26914 1.80491 0.518685 0.901579 1.21235 0.26013 -0.527392 -0.778492 -0.922925 0 -17.411 -0.0857768 0 -3.31987 -22.7494 -66.0946 71.1449 0 56.9457 17.7755 -95.3904 174.6 -289.981 31.6341 
0.993436 -2.5332 1.99935 0.863858 0.885489 1.31355 0.289658 -0.68068 0.952656 -0.770564 0 -6.74111 0.474603 0 -10.7657 0.221511 -5.39086 1.26977 0 -23.2681 -18.2049 -18.0585 -1.47086 -5.33861 1.61155 
0.0251869 -2.2203 1.41281 0.517269 0.958906 1.24113 0.450011 -0.0686113 0.123135 -0.53186 0 -17.8729 0.069795 0 -17.5096 -12.1234 -31.5366 33.4908 0 -6.25941 21.4909 -32.3321 62.1661 -111.027 14.3183 
0.846324 -2.23941 0.0723444 0.649609 0.854532 1.17509 0.995245 -0.702929 0.283633 -0.819067 0 -6.47681 0.350666 0 -11.5954 0.59603 -3.72426 2.16229 0 -21.2132 8.93772 -10.6255 4.14515 -4.79241 1.85686 
0.227308 -2.99033 1.09007 0.91272 0.990789 1.01029 0.376485 -0.276952 0.859075 -0.802014 0 -54.043 0.238431 0 -195.884 -8.93524 -75.5967 44.9146 0 -718.675 503.199 -358.237 216.256 -194.434 17.6264 
0.211748 -2.87717 0.598327 0.863369 0.992236 1.01029 0.376485 -0.447355 0.910548 -0.939174 0 -48.1717 0.330377 0 -161.382 -3.95466 -49.3219 25.705 0 -536.865 352.194 -239.316 128.047 -101.651 9.14088 
0.0971899 -2.21638 -1.88738 0.724177 0.961897 1.01755 0.226562 -0.77614 0.194012 -0.870041 0 -18.17 -0.10933 0 -41.6442 10.1851 -8.39765 -11.3831 0 -105.833 6.41659 41.8944 -9.80601 -59.2747 -1.33833 
0.0766613 -2.15317 1.9467 0.97349 0.673509 1.16664 0.890253 -0.567034 -0.951014 -0.876931 0 -23.3508 -0.0978376 0 -44.5842 -21.2462 -83.5606 73.3876 0 -89.8876 202.497 -264.181 265.343 -296.774 26.64 
0.787305 -2.984 0.918654 0.857589 0.900625 1.16581 0.239155 -0.267808 0.788896 -0.876268 0 -17.7304 0.432779 0 -53.7754 -1.38082 -18.826 9.87405 0 -177.872 111.589 -86.8429 43.7257 -36.3257 3.98131 
0.0334685 -2.31789 1.70848 0.718087 0.663883 1.21633 0.277027 -0.530918 0.700795 -0.533819 0 -24.2084 0.0101538 0 -35.8957 -15.6452 -61.1172 51.4738 0 -41.1054 108.322 -147.431 148.344 -178.24 16.3576 
0.0169725 -2.92633 1.16986 0.568672 0.820049 1.01976 0.239155 -0.0758185 0.692644 -0.880024 0 -50.5783 0.194211 0 -124.846 -9.73319 -72.2001 45.0687 0 -265.927 265.516 -256.259 180.94 -170.406 14.3863 
0.0116184 -2.27547 0.584659 0.8556 0.959116 1.06329 0.322175 -0.283082 0.903944 -0.936966 0 -29.983 0.306672 0 -72.4367 -3.90818 -30.7335 19.5563 0 -178.034 130.768 -109.054 71.2474 -64.9436 6.78033 
0.0116184 -1.60402 0.483831 0.852142 0.915621 1.00896 0.87749 -0.49193 -0.911426 -0.990682 0 -12.076 0.33324 0 -17.5828 -2.8811 -14.7289 12.0112 0 -25.0171 31.9535 -36.8554 30.9086 -31.8752 4.16846 
0.358305 -1.45624 0.425343 0.482726 0.973341 1.16419 0.496277 -0.126886 -0.772648 -0.921837 0 -4.91506 0.371264 0 -2.31441 -1.57674 -5.33249 6.32565 0 0.963126 1.9072 -5.49691 8.90519 -12.5266 2.77828 
0.227308 -2.87174 -0.621541 0.916038 0.992236 1.01029 0.376485 -0.276952 0.859075 -0.801009 0 -48.8702 0.329904 0 -180.404 3.24623 -18.8895 -1.55135 0 -680.554 73.9648 -68.0525 4.33616 -29.7384 -0.500313 
0.0450908 -2.97686 1.97752 0.97829 0.965117 1.01264 0.844926 -0.313898 -0.889156 -0.985278 0 -64.652 -0.198159 0 -226.834 -34.9288 -202.403 154.551 0 -819.828 979.187 -925.485 768.914 -843.109 73.1843 
0.0827444 -2.27229 1.16986 0.644459 0.820049 1.01976 0.239155 -0.0648942 -0.787998 -0.87924 0 -21.8572 0.213541 0 -33.4848 -7.56426 -34.6821 27.5491 0 -41.1896 61.9048 -83.1535 78.9229 -89.9461 9.30594 
0.0315718 -2.94708 1.89027 0.867126 0.91996 1.46313 0.28253 -0.293565 0.555477 -0.812454 0 -58.8588 -0.142832 0 -181.354 -29.6999 -161.882 123.593 0 -558.797 671.104 -642.174 541.722 -614.21 53.6503 
0.898923 -2.99252 1.78755 0.970918 0.690124 1.24784 0.890253 -0.287039 -0.698437 -0.926067 0 -11.101 0.331074 0 -32.2167 -3.213 -20.468 15.0726 0 -110.114 110.228 -93.5691 63.1136 -54.6241 5.4171 
0.269652 -1.98622 -0.551733 0.976563 0.866288 1.02985 0.275264 -0.895959 0.756024 -0.78364 0 -18.636 0.374439 0 -49.5313 0.833676 -5.75331 2.90203 0 -140.113 54.9067 -22.0235 8.81114 -8.75042 1.60572 
0.993436 -2.34298 1.99935 0.862709 0.885489 1.38687 0.375784 -0.68068 0.152149 -0.770564 0 -7.87672 0.466168 0 -16.8588 0.271809 -1.2417 2.29038 0 -45.9574 -2.97622 -3.36438 2.92887 -3.12616 1.63167 
0.227308 -2.87269 0.598327 0.916038 0.992236 1.01029 0.376485 -0.276952 0.859075 -0.802819 0 -48.9512 0.333145 0 -173.962 -3.44541 -43.2413 22.2033 0 -628.048 328.089 -206.652 105.567 -85.0077 8.16043 
0.0139036 -2.52398 1.98995 0.653064 0.965012 1.22892 0.250395 -0.523961 -0.971586 -0.764906 0 -28.6628 -0.223066 0 -34.2779 -31.7106 -105.236 106.177 0 4.14065 128.016 -217.999 312.158 -490.077 51.846 
0.193231 -2.13566 -0.69362 0.650872 0.866855 1.02763 0.322081 -0.328555 -0.755558 -0.984257 0 -17.2367 0.341316 0 -33.045 1.66648 -5.25054 1.60857 0 -61.7229 24.7378 -11.4607 5.75366 -9.99437 1.3123 
0.926197 -2.2282 1.41118 0.847648 0.958418 1.35973 0.19688 -0.878959 0.266157 -0.832322 0 -8.7645 0.454466 0 -17.2566 -0.806244 -5.72133 5.98064 0 -41.3846 5.14702 -17.3626 16.1568 -18.6299 3.01984 
0.366523 -2.27003 -0.721049 0.456096 0.960701 0.983392 0.2714 -0.274428 -0.746404 -0.908807 0 -14.2597 0.352192 0 -22.4608 1.8433 -5.3697 1.10802 0 -33.2272 15.5377 -6.61742 4.96625 -11.6043 0.9115 
0.0432245 -2.99685 1.9268 0.961422 0.882523 1.25143 0.396753 -0.391138 -0.719071 -0.881432 0 -65.9409 -0.146037 0 -232.047 -31.0365 -191.611 138.65 0 -836.32 972.451 -886.859 690.17 -713.872 58.2381 
0.015246 -2.95924 0.958992 0.530114 0.901551 1.20896 0.143905 -0.276187 -0.78671 -0.647845 0 -52.0199 0.238807 0 -130.639 -7.64791 -59.4126 36.418 0 -287.028 241.399 -202.202 136.356 -130.534 12.5803 
0.0257598 -2.35073 1.95205 0.715496 0.920019 0.900901 0.832996 -0.816776 0.338003 -0.959069 0 -23.4532 -0.183192 0 -19.817 -30.1609 -104.02 105.202 0 41.2697 107.272 -239.923 332.151 -489.085 50.0493 
0.0331 -2.96055 1.88999 0.882727 0.927142 1.01213 0.912986 -0.816372 -0.782703 -0.958564 0 -60.1205 -0.147293 0 -181.073 -33.5769 -206.153 155.654 0 -517.792 843.441 -919.732 773.098 -836.273 70.0958 
0.261557 -2.96179 1.17902 0.986471 0.91996 1.47214 0.328315 -0.285855 0.147223 -0.812454 0 -54.8675 0.242764 0 -209.3 -8.77312 -77.1886 45.02 0 -824.222 569.337 -391.086 227.497 -190.853 16.0616 
0.0113818 -2.84261 1.04072 0.657872 0.961276 1.19192 0.44997 -0.308388 -0.75554 -0.995011 0 -48.8207 0.197289 0 -123.322 -10.472 -76.7173 49.7166 0 -275.218 296.498 -288.516 209.457 -204.852 18.5745 
0.0766613 -2.99252 1.9467 0.97349 0.675811 1.22145 0.890253 -0.563489 -0.985797 -0.87716 0 -64.387 -0.0982625 0 -228.064 -27.2923 -191.62 127.797 0 -824.244 1028.17 -946.067 675.797 -614.512 43.1788 
0.0450908 -2.90972 1.97716 0.97829 0.915095 0.989153 0.844926 -0.420381 -0.889156 -0.985278 0 -60.2517 -0.184653 0 -202.425 -33.5815 -194.283 147.86 0 -700.598 900.266 -879.141 729.544 -785.644 66.4136 
0.129538 -2.98828 1.29801 0.863942 0.964823 1.20276 0.279201 -0.284446 0.857091 -0.803152 0 -57.9853 0.152789 0 -196.362 -13.3125 -97.4925 62.154 0 -663.066 549.259 -432.327 287.379 -276.14 24.4371 
0.262408 -2.99252 1.41689 0.930116 0.879465 1.46187 0.890253 -0.274637 0.297657 -0.815414 0 -53.2598 0.156899 0 -191.42 -11.8694 -92.8584 57.1517 0 -701.149 572.762 -440.151 279.468 -252.41 20.6045 
0.0306884 -2.99771 1.96752 0.709972 0.901077 1.2621 0.449102 -0.458765 0.676109 -0.958974 0 -55.1207 -0.181812 0 -135.922 -34.1555 -182.102 145.671 0 -277.607 545.733 -658.878 621.559 -748.231 65.0352 
0.227308 -2.87024 -0.429575 0.724168 0.992236 0.98516 0.376485 -0.276952 -0.85957 -0.796718 0 -42.6992 0.353002 0 -131.158 2.17065 -16.7275 2.04602 0 -395.667 88.9416 -57.3937 15.8617 -25.2113 0.529059 
0.903115 -0.993254 1.94481 0.98078 0.846312 1.01928 0.839303 -0.815244 0.0808017 -0.956953 0 -1.82851 0.332784 0 -1.34368 -1.38542 -2.67162 5.42595 0 -0.764095 -0.823308 -3.00835 7.11296 -12.1875 3.42979 
0.01242 -2.94588 1.41612 0.952416 0.900164 1.3599 0.199706 -0.878013 0.147223 -0.83105 0 -66.339 0.0795674 0 -234.444 -18.5789 -151.146 94.3401 0 -827.304 903.805 -773.852 508.957 -449.588 34.6136 
0.110552 -2.35073 1.05281 0.846041 0.920019 0.904755 0.832996 -0.772347 0.310259 -0.960506 0 -28.4608 0.222646 0 -62.5899 -8.84012 -55.4861 38.8351 0 -130.424 187.595 -200.829 152.897 -149.913 13.639 
0.0257712 -2.25512 1.41118 0.952074 0.903181 1.35973 0.196731 -0.878959 0.266157 -0.832322 0 -29.6845 0.0862952 0 -67.0692 -15.2076 -76.9125 59.817 0 -155.404 245.123 -276.618 234.176 -248.1 22.6452 
0.0450908 -2.97686 1.73386 0.97829 0.965117 1.21071 0.844926 -0.317102 -0.889156 -0.985278 0 -66.0579 -0.0702312 0 -239.189 -26.6514 -172.103 121.874 0 -887.865 932.626 -820.762 618.673 -630.866 53.4862 
0.0394858 -2.5099 1.79812 0.862793 0.901788 1.13458 0.322522 -0.435494 0.629351 -0.926642 0 -34.8589 -0.0848118 0 -76.4424 -24.0604 -105.971 89.9228 0 -162.178 287.375 -343.347 336.649 -408.912 38.2182 
0.0257708 -2.99132 1.04249 0.452451 0.982404 1.2467 0.878822 -0.829558 -0.925364 -0.986492 0 -50.9758 0.192502 0 -111.7 -12.4413 -99.266 64.1372 0 -159.638 317.631 -375.453 287.81 -281.76 24.4225 
0.0312566 -2.12086 1.94387 0.853839 0.961401 0.961094 0.982083 -0.387148 -0.94395 -0.811931 0 -19.079 -0.187816 0 -24.2386 -25.3904 -70.4732 76.5389 0 -20.8196 96.2773 -145.225 211.254 -324.725 36.797 
0.00111673 -2.2203 1.41281 0.51946 0.677684 1.24113 0.450011 -0.0686113 0.0598443 -0.53186 0 -18.9164 0.128229 0 -20.7076 -8.93791 -30.068 26.6585 0 -12.8009 31.7362 -46.5257 55.4097 -74.4169 8.24062 
0.900666 -2.99252 1.78714 0.47653 0.690272 1.2578 0.890256 -0.490696 -0.923866 -0.950966 0 -9.15983 0.331836 0 -15.4905 -3.65858 -19.0436 15.652 0 -20.807 44.6811 -59.7132 51.2041 -53.1552 5.59258 
0.899014 -2.76579 1.88999 0.959501 0.846312 1.24836 0.896432 -0.813508 -0.985556 -0.958849 0 -9.40311 0.320417 0 -21.2207 -4.50288 -23.5223 19.4342 0 -56.9639 86.9362 -95.169 77.8267 -79.0511 7.95829 
0.26355 -2.96072 1.17798 0.974071 0.872154 1.04484 0.328673 -0.89925 -0.762426 -0.977637 0 -52.5953 0.252998 0 -193.514 -9.92268 -101.608 56.9383 0 -716.317 719.034 -567.053 331.097 -257.74 18.7413 
0.770711 -2.99231 1.07516 0.973112 0.96193 1.16636 0.850508 -0.483667 0.502958 -0.950941 0 -19.3438 0.33831 0 -68.1286 -1.97192 -27.5634 15.1358 0 -257.517 192.395 -142.461 79.3643 -67.6865 6.52084 
0.926197 -1.8275 1.41118 0.716645 0.958418 1.35587 0.19688 -0.878959 0.266157 -0.845355 0 -7.64547 0.454466 0 -13.915 -0.666704 -3.41636 4.72852 0 -33.6296 -5.22944 -6.37167 8.27112 -11.7469 2.56252 
0.912224 -2.96183 1.94085 0.97293 0.682437 1.25091 0.196733 -0.887539 -0.727801 -0.92435 0 -11.0503 0.43133 0 -27.7384 -2.5237 -22.0835 15.3824 0 -83.7804 111.508 -107.678 76.8642 -67.9008 5.8635 
0.0379367 -2.64683 1.81104 0.9131 0.886808 1.01098 0.242676 -0.727528 0.813775 -0.765059 0 -43.3099 -0.0882898 0 -114.118 -25.8241 -132.563 104.54 0 -302.629 467.402 -505.995 442.933 -494.296 43.4014 
0.0838546 -2.93911 1.94352 0.718656 0.668998 0.996239 0.390658 -0.385193 0.723293 -0.818366 0 -49.6178 -0.0837104 0 -123.602 -25.1446 -143.05 104.7 0 -272.338 463.286 -519.885 435.08 -465.129 35.2175 
0.0966016 -2.97575 1.92661 0.681414 0.901165 1.18553 0.327063 -0.391111 0.719688 -0.817741 0 -49.6095 -0.115397 0 -118.964 -29.1503 -147.82 118.73 0 -241.56 426.859 -494.885 470.514 -581.566 51.7501 
0.0263377 -2.9816 1.97801 0.951896 0.788547 1.19192 0.450048 -0.314077 -0.888348 -0.995058 0 -65.3406 -0.16325 0 -224.074 -31.3153 -198.023 141.263 0 -781.202 968.637 -921.304 715.109 -715.989 54.8537 
0.0710699 -2.24132 1.99176 0.88974 0.901579 1.21035 0.263387 -0.829985 -0.83852 -0.81831 0 -23.3397 -0.166942 0 -34.2403 -27.9391 -97.4991 96.1044 0 -32.151 170.955 -267.875 325.256 -441.587 44.7689 
0.971197 -2.29151 1.21007 0.661528 0.876495 1.00492 0.459253 -0.138353 0.587931 -0.930886 0 -3.22614 0.451729 0 -2.9945 0.135391 -2.58243 2.16066 0 -3.31607 0.263542 -5.38873 2.49532 -4.14755 1.68225 
0.200669 -2.88299 1.93708 0.70943 0.899732 1.06187 0.380202 -0.302085 0.264515 -0.818611 0 -40.2931 -0.0529012 0 -93.0547 -24.9586 -117.952 97.7109 0 -188.336 323.775 -374.363 369.213 -468.286 42.712 

