0.0138551 -2.99955 1.98333 0.999174 0.991484 1.24951 0.194329 -0.395236 0.148665 -0.983894 0 -69.452 -0.226773 0 -251.747 -37.6884 -223.213 170.122 0 -942.03 1126.53 -1056.74 871.569 -951.726 83.2007 
0.0138575 -2.9993 1.98333 0.998897 0.991484 1.24951 0.194329 -0.980026 0.137603 -0.975825 0 -69.4174 -0.226772 0 -242.554 -41.1584 -263.692 200.517 0 -849.772 1278.1 -1331.11 1105.59 -1181.32 100.439 
0.0163909 -2.99534 1.80113 0.99929 0.949116 1.14374 0.769086 -0.988866 0.133021 -0.993266 0 -70.1 -0.113826 0 -251.57 -32.8245 -234.23 165.337 0 -904.23 1247.86 -1230.18 936.99 -924.957 74.2074 
0.0106875 -2.99948 1.39986 0.999458 0.962939 1.32934 0.0667728 -0.855039 -0.0105434 -0.807213 0 -72.724 0.068482 0 -279.056 -19.58 -161.303 100.639 0 -1084.92 1074.25 -866.686 560.729 -498.882 39.7842 
0.0738247 -2.74936 1.13618 0.935579 0.867774 1.25587 0.22923 -0.953829 0.663748 -0.98826 0 -51.1235 0.210576 0 -162.16 -11.2625 -102.497 60.2875 0 -508.478 583.481 -512.81 321.074 -262.785 19.5875 
0.0128899 -2.99974 1.95945 0.968504 0.918156 0.93808 0.051609 -0.948832 0.868596 -0.999003 0 -68.127 -0.193161 0 -230.688 -38.0625 -251.943 186.236 0 -770.702 1195.27 -1258.69 1020.38 -1055.26 85.4256 
0.0126952 -2.97664 1.98743 0.97006 0.937872 1.20925 0.263131 -0.388519 0.104462 -0.878624 0 -66.3758 -0.214925 0 -231.21 -35.49 -204.906 155.313 0 -829.571 991.305 -924.325 759.648 -828.159 71.0348 
0.0122481 -2.99966 1.2298 0.995285 0.941466 1.13961 0.88602 -0.922112 0.119738 -0.709818 0 -73.0804 0.139158 0 -284.418 -15.0233 -138.231 80.6424 0 -1117.96 1006.96 -760.265 455.842 -379.119 29.4526 
0.0128893 -2.9754 1.95646 0.999927 0.962669 1.21175 0.995562 -0.583244 0.0878225 -0.865311 0 -68.0141 -0.20558 0 -243.881 -36.0208 -217.04 162.83 0 -902.987 1103.27 -1030.77 831.347 -888.196 76.1977 
0.0136013 -2.66266 1.19828 0.978341 0.774936 0.91376 0.862169 -0.426973 0.169197 -0.792675 0 -51.0224 0.192518 0 -169.156 -9.6042 -78.1839 45.5194 0 -582.61 486.391 -359.482 212.268 -169.511 13.2351 
0.0102021 -2.99978 1.97409 0.999458 0.962939 1.32934 0.0667728 -0.855311 -0.0105434 -0.922943 0 -69.8728 -0.215822 0 -248.01 -39.0243 -248.684 186.223 0 -892.601 1243.07 -1240.27 1006.76 -1061.27 89.1495 
0.0124606 -2.99672 1.77101 0.998521 0.8518 1.0321 0.0698242 -0.683587 0.156669 -0.869133 0 -70.8437 -0.0734348 0 -262.627 -27.3752 -197.302 131.86 0 -994.094 1144.02 -1009.78 713.859 -666.574 50.8886 
0.00627778 -2.98456 1.12138 0.998577 0.867774 0.827058 0.47232 -0.953829 0.12711 -0.987461 0 -73.1533 0.19541 0 -284.117 -12.423 -137.631 73.8122 0 -1102.64 1065.05 -807.942 452.461 -337.948 23.4709 
0.0352525 -2.98511 1.99948 0.973428 0.816023 0.934878 0.830612 -0.841525 -0.145309 -0.740359 0 -65.8576 -0.178582 0 -227.733 -33.9832 -219.634 157.998 0 -798.505 1087.71 -1062.36 826.894 -827.574 64.1388 
0.00624925 -2.98343 1.98717 0.996123 0.881143 1.19611 0.231376 -0.993887 0.113697 -0.97342 0 -68.8689 -0.204109 0 -238.529 -38.4104 -258.421 189.035 0 -825.839 1266.63 -1321.16 1055.83 -1066.52 84.1442 
0.000605256 -2.99278 1.52021 0.837754 0.976128 0.66484 0.238535 -0.992267 0.983024 -0.997162 0 -63.9315 0.00835152 0 -195.391 -24.6973 -181.678 124.715 0 -547.152 825.413 -860.43 653.958 -649.279 53.192 
0.000605256 -2.99279 1.99454 0.837819 0.960634 0.66484 0.906192 -0.994947 -0.295584 -0.997162 0 -61.4551 -0.234109 0 -169.942 -41.3947 -245.253 194.905 0 -407.605 867.729 -1064.66 971.165 -1112.06 95.9162 
0.0391101 -2.96139 1.67807 0.998293 0.949116 1.2514 0.762411 -0.982461 0.137362 -0.976172 0 -66.7941 -0.0408573 0 -239.071 -27.5409 -203.365 139.299 0 -859.609 1119.58 -1068.3 784.167 -752.312 59.8957 
0.0190025 -2.97094 1.99596 0.993089 0.656165 0.888213 0.244396 -0.994246 -0.0897064 -0.556631 0 -67.3907 -0.150129 0 -238.991 -30.6985 -216.246 145.842 0 -865.194 1141.75 -1088.92 793.718 -721.026 50.0675 
0.0132508 -2.96844 1.18446 0.999477 0.950462 0.576312 0.0673474 -0.903299 -0.077592 -0.954128 0 -71.0848 0.154442 0 -272.508 -14.7991 -141.519 82.1098 0 -1050.09 1017.32 -795.675 478.925 -393.493 29.9958 
0.00374001 -2.95674 1.12855 0.923944 0.96117 0.405328 0.0516433 -0.953755 0.185446 -0.778981 0 -67.0472 0.167268 0 -237.744 -13.5922 -124.221 73.2426 0 -831.499 808.081 -646.288 398.403 -338.22 26.8955 
0.0103761 -2.97274 1.52239 0.933321 0.965047 1.13242 0.267435 -0.981834 0.400671 -0.883616 0 -66.6575 0.0151545 0 -227.985 -23.6228 -178.268 119.076 0 -765.256 957.586 -897.833 643.811 -614.16 49.5989 
0.031054 -2.99929 1.9936 0.996767 0.931654 1.16623 0.991927 -0.955785 0.123325 -0.935972 0 -68.2158 -0.208042 0 -239 -38.7698 -253.016 188.384 0 -841.868 1245.02 -1279.02 1037.53 -1078.27 88.3509 
0.0769533 -2.99929 1.9936 0.975682 0.982763 1.33683 0.7333 -0.809911 0.715086 -0.401672 0 -64.1351 -0.190098 0 -227.331 -34.3846 -195.29 149.73 0 -835.038 958.518 -876.037 726.559 -811.382 72.0149 
0.00550633 -2.99942 1.16835 0.992324 0.961247 1.0669 0.0620542 -0.994228 0.872837 -0.870388 0 -73.5398 0.154348 0 -284.278 -14.902 -144.987 83.6627 0 -1100.22 1056.72 -822.195 492.666 -404.316 30.8993 
0.0105884 -2.96906 1.97089 0.930503 0.868641 0.5645 0.225356 -0.37119 0.149867 -0.982422 0 -64.1206 -0.188455 0 -211.421 -33.5826 -200.51 149.124 0 -701.97 912.256 -896.314 731.109 -776.404 63.3554 
0.016064 -2.97745 1.85222 0.981807 0.858772 1.08519 0.151193 -0.980755 -0.344869 -0.98385 0 -67.8261 -0.116044 0 -235.013 -32.1726 -230.878 161.023 0 -809.402 1179.69 -1192.25 903.714 -870.723 66.3987 
0.00883477 -2.99828 1.98777 0.930639 0.961108 1.20377 0.174951 -0.993906 0.147795 -0.998793 0 -65.9939 -0.224272 0 -209.78 -40.8567 -256.512 197.287 0 -638.278 1097.48 -1224.01 1048.41 -1141.79 96.3493 
0.0136013 -2.66266 1.9839 0.978341 0.994094 1.04553 0.0324315 -0.426973 -0.0408314 -0.792675 0 -46.7364 -0.227975 0 -136.045 -33.3072 -150.293 128.153 0 -422.993 558.427 -561.216 534.454 -651.298 62.5586 
0.00638935 -2.98375 1.12138 0.937019 0.867953 1.30988 0.231624 -0.953829 0.12711 -0.616947 0 -69.762 0.195554 0 -257.161 -11.4385 -115.426 63.4378 0 -942.086 831.486 -617.149 351.153 -273.679 20.2946 
0.0128908 -2.97732 1.7506 0.998507 0.84804 0.987297 0.256663 -0.977116 0.138559 -0.875437 0 -69.512 -0.0618584 0 -251.484 -27.9096 -210.744 140.461 0 -917.03 1183.26 -1111.64 793.622 -730.482 54.5301 
0.0722424 -2.95312 1.85089 0.865076 0.961179 1.02084 0.0493179 -0.486056 -0.123872 -0.229859 0 -56.7121 -0.106266 0 -180.618 -26.2421 -131.243 101.559 0 -590.792 569.24 -474.878 402.066 -481.022 44.9354 
0.0411506 -2.99708 1.9717 0.992954 0.766248 1.17483 0.8999 -0.939542 0.968571 -0.92252 0 -67.7206 -0.14898 0 -238.641 -33.1725 -237.771 164.543 0 -844.914 1228.6 -1233.23 927.593 -875.818 63.8742 
0.0118063 -2.99881 1.99667 0.999972 0.988108 0.553219 0.0188458 -0.721736 -0.135468 -0.999799 0 -69.4462 -0.234987 0 -246.309 -40.2777 -248.874 189.763 0 -888.606 1225.11 -1223.2 1013.46 -1093.23 94.0106 
0.0126002 -2.57767 1.32384 0.994491 0.995339 1.12086 0.678162 -0.954796 0.40313 -0.901197 0 -46.1858 0.0894565 0 -139.419 -17.1485 -112.192 78.5311 0 -432.716 531.187 -507.073 376.054 -369.203 32.023 
0.0496786 -2.97899 1.22688 0.975792 0.73452 0.924083 0.805562 -0.92297 0.257117 -0.732334 0 -68.3643 0.198948 0 -259.631 -11.0397 -121.613 63.2874 0 -988.308 923.234 -682.473 369.827 -262.914 17.226 
0.0101279 -2.99667 1.97492 0.855179 0.973661 1.21549 0.886239 -0.919064 0.408743 -0.963417 0 -62.0697 -0.220574 0 -179.053 -39.9302 -235.822 186.082 0 -468.723 882.064 -1029.39 922.283 -1052.64 91.5881 
0.028796 -2.36547 1.20884 0.981038 0.995197 1.18407 0.136762 -0.901693 -0.0369703 -0.568386 0 -35.4922 0.138763 0 -96.8174 -12.5769 -70.1678 51.4379 0 -280.461 295.539 -271.971 207.712 -213.641 20.3645 
0.0313507 -2.95493 1.99338 0.927126 0.930913 0.977561 0.203926 -0.368804 -0.0628777 -0.556396 0 -61.4274 -0.203175 0 -204.82 -32.6423 -169.682 131.54 0 -708.84 771.974 -677.466 571.488 -657.854 58.5409 
0.0310436 -2.99895 1.21686 0.99346 0.852755 1.16671 0.0157473 -0.15742 0.287813 -0.783554 0 -71.9228 0.174654 0 -286.873 -10.9541 -99.1637 55.2797 0 -1170.3 777.752 -509.196 283.985 -227.421 17.8803 
0.0124598 -2.98511 1.99948 0.938899 0.81762 0.988966 0.0654738 -0.689509 0.0155664 -0.752108 0 -65.5504 -0.191117 0 -218.952 -34.0023 -210.314 153.036 0 -737.236 991.391 -964.839 762.283 -783.267 61.6831 
0.0138014 -2.99765 1.96566 0.997156 0.933229 1.33233 0.979952 -0.90118 0.276081 -0.889205 0 -69.4717 -0.202125 0 -246.038 -37.7489 -245.305 181.137 0 -881.793 1233.56 -1230.37 984.433 -1018.92 83.7018 
0.0312363 -2.99895 1.53358 0.993461 0.96392 1.32518 0.962796 -0.149534 0.274302 -0.803699 0 -70.3621 0.0164194 0 -272.447 -19.8487 -136.425 89.9026 0 -1088.77 867.061 -653.353 443.55 -429.213 36.8982 
0.071808 -2.9912 1.51881 0.856234 0.976399 0.482145 0.238845 -0.992268 0.987583 -0.989267 0 -60.114 0.042693 0 -187.723 -22.8629 -169.63 115.799 0 -546.079 796.318 -814.619 612.332 -603.486 49.384 
0.0736615 -2.99912 1.64437 0.960918 0.998099 0.800867 0.222532 -0.997005 0.661155 -0.874081 0 -64.9601 -0.0167317 0 -228.507 -26.5494 -190.667 132.561 0 -798.51 1019.66 -970.419 724.271 -719.016 59.8074 
0.046901 -2.97899 1.22688 0.96852 0.727913 0.924083 0.805562 -0.994186 0.261798 -0.721507 0 -68.1929 0.199738 0 -256.418 -11.142 -124.442 64.6481 0 -961.855 928.1 -701.068 382.343 -270.707 17.4804 
0.00556355 -2.98358 1.99659 0.992251 0.985613 1.36689 0.236477 -0.992375 0.142207 -0.617291 0 -68.3702 -0.23885 0 -239.673 -39.6028 -237.847 182.488 0 -857.735 1150.23 -1137.39 949.411 -1035.38 89.7861 
0.0134415 -2.9579 1.96693 0.989873 0.757986 0.582513 0.248872 -0.362304 0.148455 -0.830339 0 -66.5934 -0.157947 0 -239.1 -29.8031 -189.43 131.813 0 -890.85 1008.5 -891.604 662.458 -641.26 48.3665 
0.0128908 -2.98176 1.42563 0.999081 0.819991 1.1437 0.927816 -0.988382 -0.216601 -0.88242 0 -71.4838 0.094413 0 -270.06 -17.9875 -167.486 97.9001 0 -1024.43 1124.41 -938.355 578.824 -466.163 32.3875 
0.00704051 -2.74936 1.12138 0.935579 0.867774 1.28777 0.22923 -0.953829 0.12711 -0.98826 0 -54.4524 0.195789 0 -173.755 -11.8305 -108.404 63.4202 0 -546.703 624.331 -544.099 338.924 -275.789 20.4417 
0.0463999 -2.95642 1.98299 0.989994 0.997986 0.568496 0.904736 -0.371623 0.148914 -0.982337 0 -63.5374 -0.210254 0 -222.694 -36.0158 -204.91 159.168 0 -806.308 981.266 -935.985 791.468 -882.569 78.5206 
0.0169396 -2.96214 1.98924 0.999282 0.949116 1.33878 0.757824 -0.463267 0.133316 -0.953717 0 -66.6556 -0.217336 0 -236.405 -36.4529 -216.103 163.6 0 -866.984 1071.27 -1016 832.156 -894.425 76.383 
0.0769533 -2.99928 1.9936 0.975682 0.98262 1.22236 0.732309 -0.815109 0.715086 -0.406064 0 -64.0001 -0.190043 0 -226.795 -34.4396 -195.848 150.194 0 -832.438 961.367 -879.834 730.068 -814.648 72.2568 
0.0107679 -2.87804 1.97368 0.993069 0.999584 0.480487 0.226524 -0.988043 0.987583 -0.393629 0 -60.7617 -0.225797 0 -204.075 -36.405 -198.539 157.173 0 -712.729 898.226 -877.788 760.73 -860.764 77.5988 
0.0265323 -2.5899 1.32384 0.994412 0.749535 0.767947 0.959971 -0.954796 -0.197012 -0.901652 0 -46.7534 0.154209 0 -144.121 -12.9223 -105.173 63.8734 0 -454.314 555.859 -506.898 327.42 -265.185 18.9635 
0.0310436 -2.99895 1.21686 0.99346 0.972359 1.16584 0.0157473 -0.15742 0.274302 -0.783554 0 -71.602 0.143318 0 -284.369 -12.9367 -104.725 62.7375 0 -1157.69 766.641 -522.311 313.713 -278.253 24.2302 
0.0128908 -2.98176 1.42563 0.997708 0.819956 1.1437 0.927816 -0.988394 -0.216728 -0.88242 0 -71.4067 0.0944213 0 -269.354 -17.987 -167.355 97.8646 0 -1019.72 1120.97 -936.557 578.117 -465.883 32.3775 
0.0131209 -2.73941 1.95945 0.968504 0.918156 0.93808 0.196774 -0.949149 0.155006 -0.557525 0 -51.0445 -0.193071 0 -151.288 -33.0021 -172.729 138.055 0 -462.331 679.502 -716.251 633.514 -711.075 62.3772 
0.0129134 -2.99928 1.96211 0.975682 0.98262 1.22351 0.732309 -0.815109 0.715086 -0.406064 0 -68.315 -0.213607 0 -243.806 -35.6831 -204.951 155.855 0 -898.893 1022.43 -926.237 759.516 -839.474 74.168 
0.0162498 -2.9953 1.80897 0.998522 0.949054 1.25597 0.777481 -0.982407 0.122767 -0.993569 0 -70.0451 -0.118039 0 -250.91 -33.0808 -234.889 166.254 0 -900.248 1245.63 -1230.39 940.108 -930.781 74.7991 
0.0736615 -2.99915 1.99486 0.960918 0.998055 1.32826 0.0714351 -0.912484 0.834551 -0.989272 0 -63.5736 -0.191278 0 -210.719 -38.9679 -240.49 186.226 0 -690.115 1080.67 -1158.28 989.088 -1088.61 94.3335 
0.0716099 -2.98539 1.84948 0.861753 0.960142 1.02084 0.897415 -0.486056 -0.13473 -0.615833 0 -58.5821 -0.114197 0 -184.631 -28.4094 -155.992 118.67 0 -581.655 674.09 -620.323 515.951 -590.073 53.1048 
0.0407013 -2.9912 1.51881 0.898543 0.975931 0.482985 0.225829 -0.994226 0.998805 -0.972734 0 -64.1145 0.0280983 0 -211.252 -23.5609 -178.357 120.214 0 -666.439 904.6 -887.666 650.723 -629.293 51.0312 
0.0038851 -2.99654 1.5192 0.998905 0.905116 1.13889 0.0809206 -0.980023 0.185522 -0.994168 0 -72.554 0.0301094 0 -271.054 -22.897 -193.893 121.993 0 -1013.09 1205.57 -1072.56 716.974 -629.174 46.8934 
0.0832749 -2.99654 1.96665 0.998178 0.868318 1.33682 0.67994 -0.979699 0.142009 -0.994168 0 -65.1721 -0.141776 0 -228.198 -34.4587 -238.526 171.73 0 -800.507 1200.69 -1237.03 970.164 -962.434 74.8331 
0.0126002 -2.57121 1.32384 0.994941 0.973754 0.767947 0.711435 -0.954796 -0.197012 -0.901652 0 -45.8978 0.0955874 0 -138.334 -16.7251 -110.903 76.8406 0 -428.622 527.791 -502.898 369.055 -356.929 30.4753 
0.00705772 -2.98511 1.99948 0.938014 0.81762 0.886917 0.236402 -0.477389 0.01188 -0.752108 0 -65.8414 -0.194902 0 -222.992 -32.9614 -197.182 143.553 0 -770.26 945.363 -877.99 690.866 -717.522 57.0825 
0.00698072 -2.99641 0.496984 0.992504 0.971506 1.20899 0.110979 -0.981724 -0.130452 -0.984876 0 -74.8879 0.316403 0 -303.855 -4.70598 -82.493 37.9618 0 -1227.02 860.543 -520.53 244.447 -162.242 11.7041 
0.0411506 -2.99708 1.97124 0.992954 0.766248 1.07291 0.8999 -0.989538 0.977305 -0.922076 0 -67.6764 -0.148721 0 -237.792 -33.4256 -241.327 167.103 0 -836.653 1241.03 -1258.6 949.318 -895.18 65.12 
0.0125018 -2.87345 1.86904 0.993095 0.975931 0.480487 0.226524 -0.36741 0.983591 -0.973068 0 -61.0232 -0.158891 0 -208.556 -31.6247 -181.162 137.666 0 -740.942 867.928 -814.892 669.603 -726.743 63.8879 
0.0739884 -2.99708 1.78799 0.992954 0.998526 1.06781 0.8999 -0.989538 0.977305 -0.870388 0 -65.826 -0.0926308 0 -235.741 -30.9993 -212.56 152.722 0 -851.081 1120.32 -1085.67 839.97 -858.179 72.0842 
0.0134269 -2.99649 1.19554 0.995351 0.776484 1.12859 0.880855 -0.902614 -0.292453 -0.848082 0 -73.3143 0.193028 0 -286.232 -11.8165 -132.421 68.9772 0 -1121.7 1044.04 -766.655 415.062 -296.938 19.6399 
0.0103761 -2.96595 1.52239 0.933741 0.973645 0.779507 0.267435 -0.981834 -0.199471 -0.884071 0 -66.1505 0.0127106 0 -225.415 -23.7883 -177.636 119.405 0 -754.088 946.352 -890.353 642.674 -617.651 50.2984 
0.00305855 -2.99991 1.9936 0.998829 0.931654 1.16623 0.991927 -0.955785 0.137628 -0.935972 0 -70.2616 -0.224045 0 -247.091 -39.9105 -260.759 193.963 0 -874.103 1288.81 -1321.27 1070.34 -1110.94 90.9225 
0.039939 -2.99966 1.22333 0.995285 0.938231 1.17659 0.88602 -0.922049 0.0963777 -0.935972 0 -71.1676 0.148901 0 -274.626 -15.0769 -145.002 84.0451 0 -1062.97 1043.68 -820.693 494.521 -405.35 30.5659 
0.0150896 -2.74253 1.60515 0.998527 0.947782 0.828999 0.466473 -0.213437 -0.0916482 -0.350551 0 -54.3533 -0.0159014 0 -189.69 -18.516 -95.8375 69.627 0 -709.058 517.181 -366.691 274.5 -295.882 28.1094 
0.0128029 -2.82178 1.9544 0.999927 0.962669 1.21175 0.970493 -0.583244 0.0878225 -0.866414 0 -57.5836 -0.204354 0 -188.93 -34.4298 -187.972 147.384 0 -648.003 843.702 -826.394 704.591 -781 69.1793 
0.016268 -2.9953 1.80897 0.99929 0.949116 1.14374 0.757824 -0.982407 0.133316 -0.993569 0 -70.0639 -0.117974 0 -251.241 -33.0827 -234.987 166.291 0 -902.651 1247.87 -1231.77 940.796 -931.126 74.817 
0.00714415 -2.97561 1.99948 0.938014 0.81762 0.886917 0.250329 -0.477389 0.01188 -0.752108 0 -65.1616 -0.194851 0 -219.453 -32.8705 -195.417 142.667 0 -754.325 929.498 -865.857 683.74 -711.834 56.7543 
0.0262367 -2.99989 0.496984 0.992504 0.971506 1.20899 0.107869 -0.981882 -0.127221 -0.984876 0 -73.7861 0.319768 0 -299.601 -4.60956 -81.1291 37.3292 0 -1211.21 848.415 -512.648 240.531 -159.501 11.5229 
0.016064 -2.97745 1.85222 0.981807 0.978371 1.08432 0.151193 -0.980755 -0.358379 -0.98385 0 -67.4984 -0.148072 0 -232.493 -35.2789 -235.796 173.23 0 -796.931 1161.5 -1188.62 950.2 -983.153 81.9324 
0.0436128 -2.99919 1.19315 0.992343 0.979085 1.0669 0.8999 -0.994228 0.937818 -0.430066 0 -70.6516 0.14884 0 -276.183 -13.8045 -122.957 72.6044 0 -1095.14 890.628 -658.548 398.668 -341.856 27.9323 
0.279218 -2.87345 1.98349 0.992353 0.997788 0.480487 0.853485 -0.36741 0.992516 -0.974462 0 -43.7909 -0.0649507 0 -146.725 -26.1551 -143.43 113.549 0 -514.434 643.54 -625.861 545.166 -621.165 56.4454 
0.0135547 -2.97751 1.15089 0.992593 0.825132 0.917809 0.271132 -0.920236 0.12611 -0.954143 0 -71.8019 0.198387 0 -276.402 -12.0031 -133.418 70.7556 0 -1064.03 1025.43 -774.195 428.837 -314.549 21.3551 
0.0771351 -2.99946 1.9936 0.993307 0.982763 1.33683 0.949745 -0.809911 0.713683 -0.401672 0 -65.0116 -0.194142 0 -235.613 -34.3444 -197.593 150.436 0 -889.137 1001.45 -903.108 740.592 -818.369 72.2926 
0.0804819 -2.99859 1.98677 0.995351 0.887174 1.14022 0.0474347 -0.902614 -0.292453 -0.848082 0 -65.0167 -0.153361 0 -229.547 -34.6077 -227.15 165.821 0 -822.655 1148.09 -1139.26 900.131 -914.946 73.1969 
0.0129804 -2.95725 1.96693 0.985823 0.961677 0.981964 0.0663656 -0.49001 -0.137877 -0.982337 0 -65.8606 -0.209355 0 -228.777 -36.3579 -215.367 163.799 0 -815.628 1038.73 -1004.63 829.904 -898.832 77.3337 
0.046901 -2.99786 1.22688 0.96852 0.727913 1.33724 0.805974 -0.876091 -7.28099e-05 -0.746153 0 -69.7274 0.199734 0 -265.345 -10.9446 -121.509 62.7911 0 -1010.79 931.01 -680.849 365.681 -258.528 16.8914 
0.0130005 -2.95725 1.66144 0.977789 0.961677 0.55566 0.0663656 -0.459528 0.00603141 -0.982337 0 -67.0537 -0.0472673 0 -240.959 -25.6647 -172.952 119.913 0 -882.848 952.266 -839.774 617.41 -613.732 51.3382 
0.0151079 -2.74253 1.60515 0.999909 0.962756 0.828999 0.465491 -0.213437 -0.0810994 -0.350551 0 -54.377 -0.0200649 0 -189.953 -18.8103 -96.4569 70.6112 0 -711.118 517.728 -367.955 277.936 -302.723 29.0878 
0.0138551 -2.99955 1.9842 0.999174 0.991484 1.35462 0.224376 -0.571673 -0.143667 -0.983894 0 -69.4699 -0.227304 0 -249.116 -38.7807 -234.989 178.897 0 -916.013 1174.87 -1134.23 935.002 -1013.76 87.9799 
0.0134658 -2.99168 1.11872 0.992927 0.984782 1.28777 0.225977 -0.953829 0.12711 -0.616947 0 -72.5847 0.166846 0 -283.465 -13.3217 -124.396 72.0914 0 -1118.91 930.782 -680.322 402.451 -336.488 27.2325 
0.0090766 -2.95678 1.96051 0.927126 0.961677 0.977969 0.172659 -0.351404 -0.060937 -0.563336 0 -63.0148 -0.20846 0 -211.29 -32.9616 -170.6 132.717 0 -734.848 780.588 -678.82 574.411 -667.883 60.6918 
0.00383476 -2.99608 1.18816 0.923019 0.96117 0.405328 0.0812547 -0.953755 0.185446 -0.843374 0 -69.5591 0.146915 0 -249.309 -15.1439 -138.114 82.1108 0 -877.018 892.453 -730.076 456.319 -390.128 30.6543 
0.0102021 -2.99901 1.97661 0.999458 0.968172 1.32934 0.0793605 -0.85873 -0.0105434 -0.922943 0 -69.7857 -0.218769 0 -247.375 -39.2909 -249.385 187.349 0 -889.068 1241.92 -1241.88 1011.84 -1070.73 90.3153 
0.0386897 -2.97101 1.21591 0.993101 0.729938 0.924083 0.80592 -0.840567 0.27349 -0.88719 0 -69.5584 0.201444 0 -267.641 -11.072 -125.46 64.5588 0 -1035.1 975.544 -719.027 385.649 -269.659 17.3716 
0.0736615 -2.99912 1.7915 0.960918 0.99809 0.800867 0.22249 -0.997005 0.661155 -0.874081 0 -64.2506 -0.0861017 0 -221.187 -31.3031 -209.983 152.88 0 -755.724 1045.29 -1043.32 823.811 -854.79 72.3099 
0.0090766 -2.88324 1.95955 0.927126 0.961677 0.977969 0.260106 -0.351404 -0.060937 -0.391408 0 -58.0785 -0.20796 0 -189.006 -31.2019 -148.576 118.548 0 -648.051 649.382 -545.563 476.941 -574.62 53.7727 
0.0125018 -2.87345 1.86904 0.993095 0.975914 0.433755 0.226524 -0.321699 0.983591 -0.979836 0 -61.0221 -0.158886 0 -209.067 -31.4141 -179.134 136.203 0 -745.41 858.93 -802.707 660.408 -717.955 63.1939 
0.0125018 -2.87345 1.97467 0.993069 0.975931 0.480487 0.226524 -0.988043 0.987583 -0.900686 0 -60.4144 -0.218288 0 -195.085 -38.6841 -228.53 178.786 0 -635.405 1000.25 -1074.85 925.24 -1013.48 87.7706 
0.0458407 -2.99919 1.19315 0.992343 0.997627 1.0669 0.8999 -0.994228 0.977305 -0.870388 0 -70.4393 0.144178 0 -270.907 -15.4254 -143.825 85.3572 0 -1045.02 1016.08 -805.171 497.069 -423.61 33.5159 
0.0402204 -2.99948 1.21694 0.993088 0.769317 0.522513 0.0435189 -0.811053 0.0971335 -0.783562 0 -71.335 0.196859 0 -279.376 -11.3752 -123.154 64.5032 0 -1102.98 976.324 -697.5 375.797 -271.052 18.2765 
0.0124147 -2.98349 1.99684 0.992259 0.987271 1.36689 0.0684758 -0.39486 0.142207 -0.617291 0 -67.9391 -0.234405 0 -247.353 -35.7514 -194.444 149.76 0 -945.285 990.616 -849.014 701.438 -790.635 71.3821 
0.0307341 -2.99944 1.98338 0.998897 0.947171 1.15379 0.194329 -0.980026 0.137603 -0.956991 0 -68.4232 -0.202266 0 -239.803 -39.0696 -255.892 191.044 0 -843.712 1259.3 -1301.1 1058.95 -1103.98 91.0345 
0.00638935 -2.98375 1.12138 0.996005 0.867774 1.28777 0.231624 -0.953829 0.12711 -0.616947 0 -72.9716 0.195599 0 -286.095 -11.4253 -119.295 64.3547 0 -1132.65 945.05 -669.483 369.36 -280.275 20.4791 
0.012985 -2.33831 1.81627 0.969038 0.975746 0.532334 0.0657318 -0.910271 0.10492 0.135827 0 -31.651 -0.129998 0 -79.4103 -22.4539 -82.6275 75.6611 0 -220.827 239.871 -249.181 266.396 -342.299 35.101 
0.0296087 -2.95659 1.98226 0.980961 0.995197 0.55966 0.065386 -0.901693 -0.0369703 -0.581076 0 -64.2432 -0.21569 0 -220.704 -37.3097 -214.361 166.447 0 -778.003 1008.74 -981.933 829.511 -923.452 81.8915 
0.0150711 -2.74253 1.60515 0.998529 0.947782 0.828999 0.466473 -0.213437 -0.0916482 -0.350551 0 -54.3544 -0.0159103 0 -189.695 -18.5163 -95.8395 69.6283 0 -709.078 517.194 -366.7 274.506 -295.888 28.1099 
0.0124147 -2.98255 1.99374 0.992267 0.982258 1.36689 0.732047 -0.811123 0.267934 -0.617291 0 -67.8953 -0.232124 0 -240.866 -37.9968 -221.962 169.957 0 -881.804 1095.81 -1034.27 855.242 -938.202 82.2061 
0.0140157 -2.96924 1.98996 0.975682 0.984289 1.29856 0.7333 -0.782021 0.715086 -0.946804 0 -65.932 -0.229471 0 -222.607 -39.5075 -237.328 183.214 0 -757.532 1095.12 -1123.8 949.536 -1041.52 90.3375 
0.0722424 -2.73134 1.85748 0.990164 0.960408 1.02084 0.224579 -0.567859 -0.141236 -0.563126 0 -49.1268 -0.109936 0 -156.632 -26.7184 -134.663 105.991 0 -533.547 596.982 -539.657 456.974 -515.023 47.3665 
0.0038851 -2.99654 1.96675 0.998897 0.905116 1.33392 0.0809206 -0.980023 0.185522 -0.994168 0 -70.2096 -0.200125 0 -246.44 -38.4793 -260.729 190.444 0 -865.421 1301.46 -1344.09 1070.15 -1083.5 86.3184 
0.0128893 -2.9754 1.9544 0.999927 0.962669 1.21175 0.990416 -0.583244 0.0878225 -0.866414 0 -68.0263 -0.20438 0 -243.978 -35.9477 -216.831 162.57 0 -903.455 1103.14 -1030.3 830.323 -886.522 76.0303 
0.0679946 -2.75894 1.84246 0.998724 0.934483 1.30727 0.894711 -0.95372 0.107941 -0.978667 0 -51.603 -0.105756 0 -159.417 -29.9959 -180.933 137.61 0 -499.629 780.807 -839.481 698.981 -735.13 61.9751 
0.0169396 -2.97501 1.98924 0.99929 0.949116 1.14375 0.744959 -0.463267 0.129558 -0.998215 0 -67.5296 -0.217287 0 -240.574 -36.8514 -222.013 167.488 0 -883.011 1106.13 -1057.89 864.493 -924.379 78.4597 
0.0190025 -2.97094 1.99607 0.992608 0.664896 0.929057 0.838537 -0.696643 -0.159635 -0.556631 0 -67.3332 -0.153679 0 -243.3 -29.2368 -194.972 131.298 0 -911.072 1065.83 -939.785 672.806 -618.788 43.9657 
0.0722424 -2.75133 1.96013 0.861753 0.960107 1.02084 0.895054 -0.48968 -0.134286 -0.990979 0 -44.2078 -0.17175 0 -110.957 -31.9933 -153.202 129.552 0 -264.131 473.096 -555.743 543.339 -667.903 61.9194 
0.0163095 -2.9995 1.98333 0.987499 0.991484 1.14186 0.189742 -0.980026 0.133558 -0.993223 0 -68.6109 -0.224995 0 -235.887 -41.161 -262.619 200.454 0 -807.296 1244.64 -1313.89 1099.3 -1181.06 100.584 
0.0398017 -2.96847 1.9792 0.993098 0.760753 0.617889 0.120023 -0.903377 -0.0798528 -0.923828 0 -65.6658 -0.148043 0 -228.12 -33.0178 -230.409 161.024 0 -798.398 1166.32 -1175.15 892.19 -847.75 62.223 
0.0090766 -2.95678 1.96051 0.927126 0.950367 0.977561 0.172659 -0.368804 -0.060937 -0.556396 0 -63.0472 -0.205286 0 -211.386 -32.7256 -170.75 132.112 0 -734.699 784.474 -682.854 573.82 -661.904 59.5949 

