0.626793 -0.256844 
0.828508 -0.555172 
0.0470157 0.740521 
0.424191 0.0595418 
0.845337 -0.75312 
0.836809 -0.677848 
0.411536 0.216173 
0.823767 -0.465025 
0.621828 -0.179957 
0.833934 -0.640797 
0.0392481 0.768879 
0.842544 -0.735256 
0.618712 -0.126485 
0.211507 0.467693 
0.00824156 0.911306 
0.0779763 0.674452 
0.221388 0.394164 
0.644051 -0.432514 
0.620254 -0.154308 
0.632067 -0.32686 
0.0703064 0.682118 
0.43244 -0.0225842 
0.838501 -0.697959 
0.18486 0.657654 
0.630194 -0.303628 
0.230785 0.333973 
0.827293 -0.532835 
0.409632 0.244674 
0.638187 -0.391193 
0.216335 0.431968 
0.241051 0.28019 
0.0240066 0.832855 
0.0161538 0.869044 
0.419153 0.118617 
0.840333 -0.716291 
0.0620283 0.69611 
0.625185 -0.233455 
0.628589 -0.282162 
0.623471 -0.206729 
0.235741 0.305198 
0.421593 0.0887872 
0.416654 0.149885 
0.0543075 0.716206 
0.438401 -0.069264 
0.429451 0.00453309 
0.196625 0.581408 
0.829867 -0.577866 
0.435244 -0.0465657 
0.852221 -0.771111 
0.83111 -0.599007 
0.824965 -0.488431 
0.247321 0.25988 
0.191158 0.618878 
0.255419 0.247105 
0.454447 -0.121491 
0.832398 -0.618037 
0.442262 -0.0918618 
6.44638e-07 1.00247 
0.826143 -0.510959 
0.635976 -0.370316 
0.084736 0.672405 
0.031772 0.79896 
0.206597 0.506803 
0.201991 0.54091 
0.835292 -0.658941 
0.426678 0.0318752 
0.633978 -0.348222 
0.640764 -0.412108 
0.648605 -0.450958 
0.225609 0.365441 
0.414051 0.183144 
0.447586 -0.112488 
0.621773 -0.179151 
0.00189753 0.969423 
0.633268 -0.341097 
0.413612 0.188899 
0.200572 0.558999 
0.635577 -0.366451 
0.626239 -0.249092 
0.619282 -0.137173 
0.224481 0.373568 
0.424668 0.0547099 
0.644019 -0.42854 
0.0476857 0.738296 
0.220216 0.402312 
0.428865 0.0104348 
0.638131 -0.390906 
0.842305 -0.73336 
0.82453 -0.479757 
0.629434 -0.293183 
0.190373 0.623466 
0.20654 0.50792 
0.629078 -0.288114 
0.435404 -0.047641 
0.625003 -0.225308 
0.43344 -0.0322466 
0.83208 -0.613586 
0.0749628 0.676826 
0.838928 -0.70217 
0.00462402 0.935111 

