0.296089 0.456977 
0.0174942 0.869539 
0.190247 0.565162 
0.505543 0.290206 
0.0340763 0.816857 
0.344187 0.414745 
0.154008 0.60872 
0.265361 0.486248 
0.545884 0.262292 
0.386453 0.379729 
0.515016 0.283487 
0.102625 0.6811 
0.272946 0.479357 
0.535469 0.269181 
0.204712 0.548609 
0.777055 0.119678 
0.734216 0.144202 
0.327689 0.428799 
0.476474 0.311074 
0.11 0.669997 
0.0497836 0.7786 
0.0728993 0.731888 
0.485662 0.304789 
0.421818 0.352789 
0.0654081 0.745875 
0.35959 0.401535 
0.257462 0.493803 
0.791701 0.110953 
0.58908 0.23344 
0.438716 0.338562 
0.940284 0.0312124 
0.250119 0.501326 
0.280439 0.471977 
0.8232 0.0940241 
0.646076 0.197504 
0.457286 0.324689 
0.234087 0.518092 
0.0260308 0.840666 
0.00907461 0.906434 
0.998675 0.00165257 
0.132184 0.638165 
0.0881008 0.70486 
0.19783 0.556832 
0.161033 0.599975 
0.763062 0.127546 
0.117576 0.658753 
0.353019 0.407997 
0.320023 0.435716 
0.227435 0.524615 
0.335255 0.422146 
0.466635 0.317807 
0.36938 0.393925 
0.682729 0.174686 
0.837385 0.0858304 
0.304056 0.45 
0.377653 0.387141 
0.871234 0.0678021 
0.311667 0.443098 
0.242228 0.509369 
0.807215 0.102548 
0.175783 0.582459 
0.0579612 0.761108 
0.124618 0.648455 
0.212807 0.540258 
0.634184 0.204602 
0.578307 0.240762 
0.695053 0.16741 
8.08037e-06 0.999635 
0.658557 0.189444 
0.495776 0.297132 
0.403597 0.365879 
0.903787 0.0505548 
0.146598 0.618511 
0.220116 0.532547 
0.623006 0.211642 
0.525926 0.27591 
0.959583 0.0216388 
0.448008 0.331749 
0.920984 0.0414415 
0.749549 0.135547 
0.978879 0.0117141 
0.288295 0.464236 
0.18305 0.573727 
0.412032 0.359927 
0.168735 0.591086 
0.393835 0.373354 
0.556475 0.254838 
0.0953022 0.692313 
0.60034 0.226363 
0.430072 0.345246 
0.13953 0.628024 
0.85383 0.0769691 
0.670633 0.182189 
0.566772 0.248315 
0.0423066 0.796045 
0.887879 0.0587336 
0.70955 0.158924 
0.0806169 0.718138 
0.722144 0.151449 
0.611327 0.219198 

