0.00905959 0.907013 
0.288738 0.464272 
0.923564 0.0398502 
0.242936 0.509166 
0.421195 0.352183 
0.32036 0.434925 
0.0340687 0.817086 
0.190646 0.56468 
0.547027 0.261363 
0.125239 0.647214 
0.336348 0.421427 
0.353279 0.40663 
0.154599 0.608721 
0.612093 0.218838 
0.905337 0.0492821 
0.722788 0.15089 
0.634998 0.204247 
0.197907 0.556962 
0.506477 0.28942 
0.183417 0.57302 
0.979655 0.011044 
0.80772 0.102227 
0.51606 0.282736 
0.0655812 0.745814 
0.960716 0.0209192 
0.600425 0.226072 
0.311561 0.442898 
0.0261051 0.839928 
0.94219 0.0307937 
0.0578149 0.761099 
0.295761 0.457408 
0.258161 0.493619 
0.386604 0.379344 
0.99955 0.00138431 
0.139222 0.628876 
0.235278 0.516569 
0.0498456 0.778504 
0.102732 0.681115 
0.623658 0.211462 
0.567534 0.247635 
0.117614 0.658964 
0.403759 0.365678 
0.395171 0.37272 
0.226887 0.525048 
0.696512 0.16639 
0.647094 0.196843 
0.273622 0.478135 
0.0806748 0.71803 
0.682941 0.174926 
0.0876916 0.704914 
0.212855 0.540158 
0.175941 0.581673 
0.132147 0.638328 
0.589701 0.233491 
0.76536 0.126457 
0.709914 0.158679 
0.0955541 0.692432 
0.486617 0.303622 
0.369478 0.393128 
0.25006 0.501195 
0.85447 0.0766854 
0.837568 0.085487 
0.557048 0.254992 
0.146643 0.618176 
0.219879 0.532385 
0.360617 0.400451 
0.659195 0.18942 
0.110286 0.669778 
0.439765 0.338095 
0.161746 0.599453 
0.0423567 0.795207 
0.412828 0.358515 
8.89089e-06 0.99865 
0.88816 0.0586565 
0.736748 0.142628 
0.430681 0.344968 
0.793739 0.110223 
0.749838 0.135373 
0.0731871 0.731411 
0.378406 0.386432 
0.0181947 0.867254 
0.304605 0.44947 
0.526554 0.275856 
0.777397 0.119373 
0.328222 0.428214 
0.535453 0.269383 
0.476604 0.310604 
0.67122 0.181805 
0.28137 0.471088 
0.873036 0.0672277 
0.467104 0.317975 
0.495687 0.29743 
0.16867 0.590603 
0.823356 0.0939277 
0.205341 0.548232 
0.265502 0.48578 
0.458095 0.324477 
0.448457 0.331471 
0.344743 0.413937 
0.578846 0.240733 

