0.0112904 -2.99824 1.99994 0.982514 0.989648 0.43201 0.15718 -0.994829 0.528926 -0.993015 0 -68.4298 -0.237765 0 -232.763 -42.1038 -266.541 204.728 0 -784.592 1239.52 -1325.26 1119.35 -1210.2 103.228 
0.00161346 -2.99534 1.99994 0.982514 0.989678 0.33815 0.170346 -0.941831 0.542705 -0.991679 0 -68.8829 -0.244877 0 -234.79 -42.148 -264.253 203.119 0 -796.431 1232.06 -1303.95 1100.49 -1192.84 102.105 
0.00161346 -2.95722 1.99994 0.999181 0.988121 0.267451 0.955937 -0.99725 0.608303 -0.903262 0 -67.046 -0.244633 0 -228.84 -41.4817 -255.461 197.247 0 -787.059 1194.21 -1253.38 1059.66 -1149.09 98.7921 
0.355613 -2.90681 1.07365 0.189187 0.632454 0.557495 0.926505 -0.994451 -0.628963 -0.929124 0 -27.9647 0.298148 0 -46.6643 -5.70032 -55.7231 31.8493 0 -16.0691 133.989 -201.103 142.005 -109.804 7.86257 
0.449665 -2.17859 1.97719 0.0218747 0.976916 0.153493 0.908631 -0.935455 -0.955598 -0.978751 0 -4.99504 0.0400641 0 16.1161 -18.4531 -38.3885 53.8223 0 63.8112 -40.7263 -6.5984 100.325 -225.528 28.7298 
0.827873 -2.68564 1.97996 0.999549 0.941716 0.300799 0.309192 -0.807218 -0.740323 -0.961197 0 -8.57814 0.357295 0 -23.8813 -6.33101 -32.8686 28.1553 0 -74.5356 123.114 -137.686 125.133 -140.89 13.5437 
0.45481 -2.17494 1.6111 0.938942 0.942038 0.563541 0.871105 -0.996628 -0.773457 0.318631 0 -13.8409 0.159149 0 -30.9383 -9.23734 -31.9524 30.5574 0 -76.994 76.0137 -89.1404 96.8391 -122.621 13.4687 
0.4562 -2.96899 1.01273 0.167464 0.852667 0.458605 0.0758539 -0.928361 -0.801487 0.321568 0 -25.5849 0.350013 0 -49.682 -3.95929 -29.9058 19.6661 0 -66.8216 63.4934 -88.7523 70.4107 -70.6108 7.00643 
0.0609417 -2.82313 1.45283 0.213106 0.767362 0.511955 0.944345 -0.956414 -0.515844 -0.818175 0 -35.555 0.10799 0 -43.5453 -16.0104 -97.1972 71.0728 0 39.6674 132.8 -275.101 266.93 -289.86 23.2767 
0.389517 -0.99558 1.44535 0.974578 0.897876 0.208629 0.277654 -0.941369 -0.716452 -0.981649 0 -1.68959 0.225303 0 2.70812 -6.70722 -12.0915 17.6571 0 10.1758 0.992014 -17.2369 32.3867 -50.7067 7.91873 
0.0403955 -2.90524 1.01806 0.232521 0.911253 0.49799 0.78213 -0.948268 0.161325 -0.849554 0 -41.8895 0.222546 0 -71.1885 -10.401 -80.8454 52.576 0 -37.5954 183.079 -266.237 216.646 -212.629 18.1259 
0.121449 -2.92179 1.62128 0.377001 0.921083 0.877749 0.228568 -0.826332 -0.475397 -0.767777 0 -39.1895 0.0381176 0 -61.2854 -21.3189 -112.738 89.9319 0 -10.5979 194.028 -321.393 332.504 -412.069 37.4534 
0.817637 -2.57099 0.832175 0.947699 0.954306 0.854281 0.358012 -0.828918 -0.507453 0.787056 0 -9.74569 0.432762 0 -27.8556 -0.812695 -7.88547 5.69546 0 -91.482 26.7938 -32.3926 17.2804 -17.0056 2.73436 
0.770679 -2.77071 1.05586 0.0654672 0.920796 0.337479 0.0366835 -0.874414 0.616494 -0.884612 0 -8.29557 0.424768 0 -9.76559 -2.59801 -17.2091 12.9714 0 4.43341 24.9654 -46.4157 43.2171 -46.93 5.19355 
0.0250146 -2.91171 1.03606 0.969013 0.911253 0.468855 0.937713 -0.89416 0.539137 -0.95817 0 -65.2703 0.213353 0 -239.289 -10.9225 -113.976 62.8394 0 -874.661 824.628 -628.945 360.366 -280.198 20.8408 
0.396881 -0.997858 1.69961 0.0571191 0.904681 0.354978 0.0536971 0.381969 0.265847 -0.920613 0 2.11495 0.160197 0 4.40828 -5.23113 -0.443809 9.60834 0 3.45356 -6.21523 10.6266 0.861063 -17.8671 5.81808 
0.0336488 -2.82244 1.99996 0.998252 0.980056 0.354093 0.931053 -0.987658 0.555447 -0.919864 0 -55.9277 -0.222861 0 -174.947 -38.515 -218.707 175.057 0 -552.985 910.926 -1004.43 889.268 -992.565 87.3014 
0.00623231 -2.77153 1.66323 0.215699 0.767541 0.33179 0.236895 -0.973338 -0.497123 -0.924906 0 -34.2083 -0.00245541 0 -29.0625 -22.604 -118.325 95.6388 0 94.0049 105.92 -303.425 344.603 -415.578 34.3772 
0.378129 -2.82244 1.54363 0.222292 0.980282 0.346816 0.237778 -0.85903 0.555447 -0.944081 0 -23.0537 0.180378 0 -24.1686 -14.7049 -72.3281 61.5122 0 42.5733 74.5519 -178.365 213.104 -282.394 27.5737 
0.0114978 -2.99894 0.980917 0.959531 0.770259 0.25862 0.26001 -0.938371 0.604931 -0.947719 0 -72.3287 0.263692 0 -276.618 -8.32849 -113.44 54.46 0 -1044.03 950.627 -673.883 339.812 -223.948 14.3319 
0.0207652 -0.988011 1.61738 0.186405 0.996946 0.346822 0.170346 -0.941831 0.542705 -0.983077 0 3.33635 -0.0321705 0 12.9261 -13.8792 -5.6257 24.5627 0 12.0538 -20.7553 26.7234 5.06796 -58.9507 13.8365 
0.115685 -2.95321 1.48425 0.415385 0.852885 0.457089 0.0197049 -0.85045 -0.665076 -0.9341 0 -42.2736 0.107683 0 -75.691 -17.6538 -114.427 82.0058 0 -45.9499 253.346 -383.304 341.139 -365.925 29.9495 
0.396497 -2.81333 1.80693 0.0556576 0.921112 0.346549 0.246487 0.343527 0.439185 -0.948842 0 -20.7472 0.120259 0 -22.0512 -14.6389 -51.9917 50.2161 0 17.4719 27.9156 -80.3898 138.514 -224.892 23.0335 
0.365939 -2.85013 1.99068 0.58192 0.954814 0.348469 0.0240217 0.325853 -0.553527 -0.986161 0 -27.3949 0.0336869 0 -51.743 -20.0301 -77.9034 72.3854 0 -70.7297 132.306 -186.518 241.202 -358.685 35.4148 
0.0361345 -2.96155 1.67148 0.611607 0.13046 0.353872 0.966869 -0.989023 -0.698082 -0.933891 0 -51.7181 0.0852179 0 -116.516 -16.1599 -149.606 86.299 0 -170.931 492.991 -640.605 441.433 -327.893 17.6008 
0.0348167 -2.72714 1.67199 0.0780229 0.930524 0.345755 0.26743 0.381969 -0.0154464 -0.94404 0 -29.9203 -0.0323157 0 -30.6229 -19.3368 -67.5257 64.5056 0 23.1534 29.5415 -100.168 173.93 -280.699 28.8802 
0.0816967 -2.36483 1.45531 0.225634 0.719902 0.329536 0.87317 -0.905628 0.485815 -0.918724 0 -17.8753 0.123733 0 -1.95433 -13.4001 -58.4367 50.5326 0 69.097 10.6443 -109.06 145.2 -182.969 16.4554 
0.800308 -2.41377 0.848261 0.656391 0.805399 0.877114 0.170848 -0.85462 -0.486676 -0.907222 0 -7.5215 0.447663 0 -11.6064 -1.13183 -10.2413 7.50034 0 -15.068 28.7663 -33.8153 24.1652 -20.4646 2.75031 
0.0787253 -0.643683 1.56694 0.286019 0.729414 0.0497453 0.815643 -0.848908 0.836338 -0.898962 0 3.39099 0.0761155 0 7.08242 -7.93707 -1.95578 13.2985 0 4.11383 -8.58321 11.0983 1.16106 -22.2423 6.81424 
0.417135 -2.99541 1.0707 0.153412 0.179283 0.470777 0.05872 -0.971499 -0.475397 0.321609 0 -28.7348 0.389621 0 -59.6186 -1.51947 -28.3751 13.3217 0 -86.0355 89.3331 -107.033 62.3122 -33.782 2.66484 
0.0149558 -2.69768 1.80869 0.163611 0.877254 0.15313 0.312507 -0.804737 0.55304 0.299185 0 -29.1064 -0.0983194 0 -27.4965 -21.6947 -68.7623 67.9307 0 24.0502 29.8445 -85.1869 165.742 -284.098 29.0282 
0.0399063 -2.65881 1.53657 0.974578 0.940353 0.208629 0.245985 -0.941369 -0.716452 -0.981649 0 -47.5148 0.0296414 0 -141.019 -21.2581 -136.509 97.8429 0 -421.597 602.545 -619.571 480.443 -478.881 39.9784 
0.169784 -2.99484 1.46704 0.04219 0.127308 0.463083 0.305265 -0.971405 -0.98592 -0.981023 0 -38.9919 0.222553 0 -59.3698 -9.89075 -102.038 56.4948 0 18.2324 209.313 -371.129 270.131 -192.759 10.1947 
0.00157899 -2.91544 1.64446 0.0799953 0.983257 0.211189 0.309238 -0.939495 0.225427 -0.983163 0 -40.2502 -0.0514192 0 -41.1796 -27.8759 -140.265 119.425 0 100.226 136.887 -357.657 437.642 -583.605 55.1228 
0.0792514 -2.82326 1.45249 0.197667 0.734331 0.340334 0.0875128 -0.853935 0.608348 -0.849464 0 -34.8673 0.130175 0 -43.1479 -14.9009 -91.6205 65.9148 0 33.4306 127.699 -257.333 244.523 -260.948 20.6294 
0.0149558 -2.81039 1.81756 0.0477054 0.98151 0.15313 0.322301 -0.986428 -0.939651 0.21418 0 -33.4014 -0.131306 0 -32.3183 -26.4249 -91.6087 90.0553 0 45.1078 43.6604 -137.174 250.542 -420.072 44.0202 
0.770679 -1.03506 1.24926 0.202475 0.921069 0.512772 0.0414501 -0.873078 0.426604 -0.884612 0 -0.0747719 0.409562 0 2.44647 -1.92955 -1.68033 5.09755 0 2.55574 -3.15162 2.83673 1.9637 -8.67193 2.78421 
0.45481 -2.21598 1.97842 0.352093 0.942038 0.299383 0.135556 -0.941067 -0.759296 0.38618 0 -7.13884 0.102547 0 3.29114 -13.112 -25.334 35.1073 0 28.1901 -14.5141 -1.48754 61.4441 -142.069 17.9071 
0.0215041 -0.858248 1.99581 0.961251 0.770344 0.190004 0.888176 -0.995104 0.604931 -0.983645 0 1.15098 -0.174359 0 10.619 -16.8295 -19.1266 37.4831 0 27.5052 -14.5993 -15.2413 60.1478 -112.973 19.005 
0.028488 -2.77886 1.99992 0.974869 0.989896 0.480128 0.293586 -0.994698 0.491596 -0.465056 0 -52.4178 -0.225463 0 -159.614 -35.8937 -182 149.957 0 -503.169 718.268 -752.61 690.43 -808.958 74.3041 
0.115685 -2.95321 1.82949 0.415385 0.853231 0.461433 0.0197049 -0.772324 0.528362 -0.948077 0 -40.7409 -0.0422764 0 -62.0774 -26.7338 -141.07 114.692 0 10.3855 235.862 -420.575 445.516 -551.303 47.422 
0.0114978 -2.99894 1.82014 0.99342 0.770112 0.199103 0.192269 -0.999371 0.595815 0.333131 0 -70.6823 -0.0804738 0 -271.528 -22.9774 -154.585 102.641 0 -1077.04 893.954 -741.495 532.672 -498.128 36.6819 
0.0149558 -2.99832 1.58314 0.973978 0.873356 0.15313 0.241352 -0.973081 -0.996421 -0.974021 0 -70.2589 0.0144051 0 -253.856 -23.7112 -194.972 124.377 0 -909.859 1141.2 -1049.23 716.582 -636.538 47.0064 
0.139782 -2.91024 1.01396 0.168504 0.145533 0.32851 0.274463 -0.940236 0.139751 0.597893 0 -38.3306 0.356319 0 -77.571 -1.29668 -31.9141 14.7196 0 -109.012 82.9331 -122.53 72.5568 -37.7428 2.84668 
0.135534 -2.63316 1.31186 0.146744 0.842884 0.313497 0.212793 -0.977495 0.612611 -0.979802 0 -25.1802 0.179303 0 -19.2277 -12.9617 -71.8641 55.9253 0 62.9668 56.65 -176.181 193.965 -225.03 19.6417 
0.0784685 -2.85948 1.05018 0.168504 0.751484 0.331341 0.889627 -0.87818 0.139751 0.549158 0 -37.6378 0.254735 0 -69.4469 -5.26576 -39.4254 25.2289 0 -84.4427 65.9472 -113.827 90.341 -88.3649 7.9809 
0.0250146 -2.91166 1.26829 0.969013 0.911253 0.468116 0.866922 -0.948268 0.538032 -0.857978 0 -64.4814 0.136531 0 -231.04 -15.3164 -135.565 81.1721 0 -828.083 866.307 -716.951 450.003 -379.819 28.9061 
0.454409 -2.1789 1.97896 0.948211 0.976916 0.351476 0.896878 -0.959966 0.17628 -0.978751 0 -12.725 0.0437644 0 -19.4717 -17.5194 -62.0469 63.3915 0 -17.2385 112.193 -183.286 225.397 -306.897 32.6531 
0.0149616 -2.99668 1.59252 0.973871 0.877254 0.15313 0.0178809 -0.939444 -0.992022 0.333609 0 -70.0807 0.00919557 0 -268.598 -18.5208 -127.421 83.0867 0 -1055.85 758.281 -601.135 415.705 -394.204 31.5567 
0.0925466 -2.82541 1.98687 0.160488 0.943109 0.504648 0.000598444 -0.957335 -0.615337 -0.986158 0 -31.2005 -0.158686 0 -13.4472 -34.915 -143.217 138.802 0 151.478 62.534 -297.868 463.414 -704.386 68.9748 
0.0132482 -1.00505 1.61533 0.195502 0.640732 0.55853 0.875405 -0.780808 0.631937 0.319831 0 2.39136 0.0486424 0 5.61571 -5.88163 -1.98987 11.197 0 4.79436 -7.13233 8.65494 3.68992 -19.322 5.62078 
0.0459956 -2.85937 1.46568 0.22324 0.980662 0.335212 0.982383 -0.878028 0.550252 -0.976777 0 -37.3871 0.0454892 0 -45.1991 -20.9059 -111.565 90.3486 0 51.4616 137.942 -298.21 331.748 -418.051 39.269 
0.0228113 -2.82244 1.99996 0.998252 0.980056 0.354093 0.928389 -0.987658 0.203156 -0.919864 0 -56.5675 -0.229416 0 -176.932 -38.9719 -221.148 177.026 0 -559.193 921.128 -1015.7 899.236 -1003.68 88.2652 
0.00161346 -2.95505 1.99994 0.363082 0.860344 0.33815 0.170346 -0.941831 0.524547 -0.991679 0 -44.002 -0.209487 0 -51.3192 -38.0027 -187.617 163.325 0 101.08 230.263 -528.035 633.742 -838.305 73.6401 
0.0125925 -2.76902 0.848261 0.691657 0.844567 0.890381 0.0219135 -0.827456 -0.424703 -0.907222 0 -46.6415 0.282001 0 -118.456 -6.84018 -69.0198 38.5793 0 -262.975 320.749 -293.839 180.989 -144.061 11.3323 
0.415447 -2.84159 0.782571 0.999527 0.941022 0.456501 0.852481 -0.830435 0.52981 -0.975512 0 -37.3884 0.317151 0 -140.883 -4.02967 -52.0255 27.4383 0 -534.146 427.143 -292.431 154.859 -114.192 9.35112 
0.777863 -2.85912 1.46568 0.814636 0.92532 0.51605 0.0708049 -0.933762 0.0447742 -0.976777 0 -12.5139 0.39215 0 -33.5274 -4.60999 -32.6882 23.7888 0 -83.0724 132.626 -143.172 109.995 -108.797 9.82444 
0.137004 -2.91634 1.04841 0.904108 0.147019 0.431824 0.0503824 -0.929073 0.139621 0.597893 0 -56.2929 0.348258 0 -206.296 -1.44274 -42.9782 16.9258 0 -749.725 346.67 -239.516 105.309 -46.1274 3.05549 
0.0149558 -2.99832 1.58314 0.973871 0.877254 0.15313 0.241352 -0.973081 -0.983907 0.333609 0 -70.2428 0.0134094 0 -269.203 -18.439 -128.839 83.6876 0 -1056.35 766.734 -614.648 424.313 -399.659 31.7797 
0.00645598 -1.26279 1.4761 0.989683 0.942738 0.203414 0.021357 -0.895692 -0.567302 -0.963421 0 -5.93786 0.0400724 0 -0.947477 -12.8204 -28.3273 35.1089 0 12.4028 18.6991 -53.4366 80.8903 -118.078 15.51 
0.0331176 -2.65881 1.53657 0.974586 0.94254 0.845422 0.26225 -0.948215 0.623385 -0.981649 0 -47.9015 0.0258079 0 -141.961 -21.4675 -137.879 98.8819 0 -423.701 607.586 -625.964 486.031 -485.091 40.5302 
0.115685 -2.95322 1.48425 0.415385 0.826036 0.572678 0.812843 -0.803512 -0.724002 -0.966258 0 -42.2498 0.102271 0 -76.2288 -17.2538 -113.234 80.1835 0 -48.6388 254.504 -382.243 334.705 -352.292 28.2778 
0.115685 -2.99349 1.48425 0.996499 0.981924 0.457089 0.812843 -0.823899 -0.760994 -0.934878 0 -63.9479 0.0653474 0 -240.624 -20.3351 -158.656 103.3 0 -914.627 987.111 -843.809 574.395 -531.118 43.1544 
0.813144 -2.77428 1.10464 0.956128 0.797899 0.854809 0.0508818 -0.874473 -0.422461 0.786762 0 -12.2311 0.439887 0 -39.2104 -1.03406 -10.9514 7.33787 0 -140.654 55.6681 -50.9447 29.1489 -23.7174 2.95344 
0.039443 -0.91662 1.45805 0.176252 0.990806 0.831426 0.190463 -0.878464 0.542705 -0.943223 0 2.81207 0.0491614 0 10.0677 -10.714 -4.05581 18.758 0 8.43826 -14.8237 19.4806 3.04826 -40.5888 10.1696 
0.0216911 -0.878948 1.58314 0.199331 0.98562 0.102403 0.87317 -0.900498 0.547596 -0.954475 0 3.62635 -0.014901 0 10.8738 -12.2852 -3.51695 20.7028 0 8.54656 -16.1261 22.7701 1.50383 -44.4491 11.7213 
0.00185074 -2.99534 1.98741 0.189819 0.992559 0.338242 0.172771 -0.941463 0.521269 -0.991679 0 -43.5643 -0.238158 0 -41.1478 -41.5802 -190.118 175.576 0 147.026 168.996 -471.044 647.358 -942.004 91.3162 
0.00420169 -1.08003 1.66465 0.41959 0.768802 0.157106 0.774465 -0.874644 0.408259 -0.876151 0 1.83513 -0.00477172 0 12.7042 -12.4284 -9.99919 24.7076 0 17.3426 -20.5335 13.8534 17.1163 -59.9571 11.3434 
0.456307 -2.77992 1.10464 0.17209 0.806242 0.877697 0.071418 -0.928943 -0.422734 0.568124 0 -20.8473 0.340613 0 -33.5637 -3.73364 -24.1126 17.3346 0 -31.3959 30.2444 -63.0202 56.8739 -61.4969 6.23188 
0.00930095 -2.90519 1.05542 0.173188 0.942465 0.186439 0.948431 -0.895289 -0.554807 -0.963421 0 -42.4608 0.196506 0 -67.5754 -12.0836 -88.4701 59.7052 0 -14.7633 177.391 -281.81 243.101 -249.919 21.74 
0.0149558 -2.99524 1.80869 0.0477054 0.878223 0.15313 0.320919 -0.973081 -0.983907 0.299185 0 -43.4503 -0.0985793 0 -63.9007 -24.7714 -106.43 91.9285 0 -10.1187 114.785 -225.216 297.064 -425.881 39.1135 
0.0114978 -2.99894 1.82014 0.974031 0.770344 0.199103 0.192269 -0.999371 0.604931 -0.98357 0 -69.6002 -0.0805262 0 -243.839 -29.3889 -228.446 151.292 0 -843.549 1217.68 -1210.47 871.785 -787.253 55.7449 
0.0792514 -2.82326 1.45249 0.211792 0.734331 0.31892 0.0875128 -0.854012 0.608348 -0.849464 0 -34.9897 0.130175 0 -43.852 -14.9012 -91.8351 65.9752 0 31.3612 130.305 -259.365 245.413 -261.357 20.6423 
0.397552 -2.46495 1.24926 0.202475 0.623203 0.512772 0.0414501 -0.755338 0.426954 -0.884612 0 -14.5195 0.317545 0 -10.0015 -5.69094 -33.3321 24.4729 0 26.8665 25.5213 -76.3408 75.5264 -76.6102 6.74217 
0.11091 -0.979512 1.4979 0.982554 0.688579 0.516305 0.868024 -0.965831 -0.458934 -0.941525 0 -2.60865 0.121234 0 2.97991 -8.67693 -17.6474 22.9283 0 14.0551 4.11171 -29.9163 46.9778 -63.1896 8.79837 
0.0787253 -0.643683 1.69347 0.989909 0.729414 0.151801 0.809859 -0.848908 0.793031 -0.898962 0 0.576698 0.0199176 0 5.35028 -9.18174 -10.6153 20.441 0 12.9275 -5.0994 -10.7003 29.4611 -49.4714 9.42093 
0.0439325 -2.99824 0.728323 0.952148 0.999654 0.299001 0.161534 -0.990693 0.697176 -0.961455 0 -69.5634 0.274757 0 -266.803 -7.68758 -98.2506 50.6614 0 -1008.81 830.342 -576.29 307.042 -228.894 17.5176 
0.168351 -2.99717 1.98193 0.228537 0.902686 0.46293 0.90735 -0.994279 0.437098 -0.981506 0 -36.8357 -0.113291 0 -37.8498 -32.4015 -159.666 141.116 0 114.323 164.171 -428.853 541.352 -735.99 66.5944 
0.00399306 -2.77332 1.05453 0.989709 0.943618 0.203414 0.911939 -0.914824 -0.545031 -0.948607 0 -58.6084 0.195636 0 -204.058 -11.7352 -107.818 63.1149 0 -718.458 706.04 -564.247 342.633 -282.343 22.0417 
0.00529839 -2.99534 1.96658 0.96396 0.755203 0.118927 0.0176326 -0.8528 0.600713 -0.89425 0 -68.4183 -0.162365 0 -234.488 -33.3728 -232.214 161.377 0 -801.641 1158.38 -1160.44 876.968 -836.515 61.2523 
0.137004 -2.88277 1.04841 0.912083 0.983546 0.346466 0.0503824 -0.941551 0.139621 0.597893 0 -53.4559 0.227343 0 -189.965 -7.47331 -60.8103 36.3435 0 -678.708 307.757 -279.567 170.238 -162.459 15.0011 
0.00582727 -2.90617 1.45709 0.940819 0.975333 0.201218 0.0407795 -0.898822 0.13068 -0.924325 0 -62.9912 0.0387878 0 -211.598 -21.6035 -159.812 106.844 0 -703.719 851.36 -787.126 561.98 -536.966 44.1359 
0.434893 -1.29372 1.239 0.0654672 0.921069 0.367583 0.0364341 -0.874817 0.446507 0.46459 0 -0.225562 0.291972 0 3.45142 -3.20207 -2.65963 7.6743 0 4.87861 -5.31745 5.4883 4.45424 -16.4856 4.08352 
0.770679 -1.26024 1.239 0.0654672 0.921069 0.337479 0.0366835 -0.874817 0.605552 -0.884612 0 -0.137412 0.410473 0 3.25784 -2.14484 -2.66403 5.73932 0 3.87993 -3.90848 2.76143 3.44482 -11.6934 3.02893 
0.0156978 -2.91713 1.47267 0.982414 0.837256 0.194339 0.904417 -0.397845 -0.669077 -0.94433 0 -65.5285 0.0712237 0 -239.481 -17.2613 -135.203 83.4144 0 -893.965 845.946 -677.139 435.057 -376.85 28.4936 
0.0310166 -0.988011 1.99992 0.974869 0.989896 0.515655 0.225037 -0.994698 0.54194 -0.486191 0 0.404449 -0.223467 0 7.93349 -17.542 -17.7842 37.9723 0 22.2856 -9.33263 -11.1914 58.3026 -116.147 21.6038 
0.169499 -2.92371 1.46704 0.04219 0.868949 0.870056 0.318454 -0.929714 -0.98592 -0.996556 0 -35.0195 0.131351 0 -42.9776 -16.8347 -102.99 77.4847 0 52.0988 137.069 -298 303.179 -345.177 29.1253 
0.0121728 -2.99534 1.99549 0.982909 0.728662 0.8441 0.0112676 -0.850582 0.623774 -0.838682 0 -68.8956 -0.168839 0 -241.938 -33.3463 -232.461 160.449 0 -858.024 1197.83 -1173.83 876.814 -825.177 59.6134 
0.0111574 -2.9945 1.03598 0.982907 0.714545 0.30354 0.0403647 -0.894777 0.511064 -0.963129 0 -73.2738 0.259576 0 -285.759 -8.39511 -116.824 54.9556 0 -1108.22 1004.85 -703.737 347.865 -221.31 13.531 
0.0293688 -2.82377 1.99549 0.955938 0.770344 0.200171 0.192269 0.316637 0.604931 -0.995748 0 -54.7866 -0.166488 0 -179.69 -26.6473 -142.628 107.52 0 -616.479 615.644 -582.086 493.754 -524.378 41.5624 
0.546326 -2.82134 1.1042 0.632719 0.824138 0.88127 0.0508818 -0.874473 -0.438692 0.496655 0 -22.6398 0.363795 0 -55.8631 -3.21932 -24.273 16.0475 0 -130.309 78.4468 -84.6673 59.6797 -57.3128 5.77737 
0.00592082 -2.9106 1.45531 0.225634 0.711692 0.329536 0.87317 -0.881744 0.490703 -0.918724 0 -42.4791 0.104429 0 -61.2025 -16.4529 -112.959 77.355 0 19.4525 194.158 -353.504 313.626 -314.827 23.3787 
0.396881 -2.82242 1.47183 0.0556576 0.921112 0.345753 0.246487 0.343527 0.439185 -0.920613 0 -22.0079 0.218659 0 -30.0482 -9.50753 -40.7609 35.0366 0 -8.22543 36.9776 -79.1157 102.342 -144.599 14.9024 
0.0417144 -2.90524 1.01717 0.964699 0.912234 0.0549421 0.783898 -0.789243 0.212294 -0.849226 0 -63.5497 0.222777 0 -233.492 -9.91835 -100.241 55.3879 0 -861.077 737.645 -535.758 302.688 -237.244 18.3574 
0.438419 -2.94619 0.810603 0.1847 0.949383 0.457655 0.860034 -0.956211 -0.723922 0.557147 0 -25.4493 0.313905 0 -51.5416 -3.5598 -26.0232 16.9401 0 -73.0063 45.132 -81.1305 58.9242 -63.7968 7.07709 
0.0820659 -2.49166 1.4517 0.134861 0.920831 0.548715 0.768412 -0.992216 0.478064 -0.959117 0 -20.8889 0.0825237 0 -3.9147 -17.2452 -72.2211 65.9594 0 86.7521 12.8224 -133.151 196.052 -274.949 27.0662 
0.140051 -0.780709 1.61566 0.167974 0.843666 0.45359 0.87317 -0.82913 0.137784 -0.941742 0 3.42123 0.0525427 0 8.14074 -9.2668 -2.1388 15.4813 0 5.13128 -10.8547 15.2166 0.623061 -28.596 8.34291 
0.409364 -2.95321 1.53703 0.0752584 0.852667 0.458605 0.879793 -0.824885 -0.708929 -0.936405 0 -25.2206 0.174323 0 -33.0294 -13.0623 -73.9815 57.3236 0 28.3437 102.82 -209.248 213.832 -248.837 21.7176 
0.136127 -2.04596 1.61533 0.101308 0.642235 0.564318 0.875405 -0.780808 0.612469 -0.894539 0 -8.4455 0.0894188 0 12.0498 -12.8567 -36.9106 39.829 0 55.5617 -24.052 -32.9703 81.4343 -128.868 13.4654 
0.0149558 -2.69768 1.80869 0.163611 0.877254 0.15313 0.309952 -0.804737 0.20075 0.299185 0 -29.1064 -0.0983158 0 -27.5059 -21.6952 -68.7574 67.9339 0 24.0497 29.8403 -85.1873 165.743 -284.096 29.0283 
0.0792801 -2.82313 1.45283 0.976347 0.715269 0.511955 0.928597 -0.995783 -0.515844 -0.98516 0 -55.5288 0.123783 0 -186.644 -15.5445 -139.463 82.4424 0 -624.371 799.3 -733.376 466.689 -368.986 24.5302 
0.0747762 -2.82326 0.947114 0.186293 0.725533 0.31892 0.965334 -0.855207 0.608348 -0.849464 0 -36.5529 0.286169 0 -58.9064 -6.27694 -60.4717 34.8205 0 -28.4852 140.798 -200.026 143.78 -118.626 9.11467 
0.00349697 -2.98192 1.45557 0.779504 0.0829684 0.346798 0.940372 -0.442171 0.185267 -0.947887 0 -62.1278 0.177345 0 -191.012 -9.71943 -115.021 54.8645 0 -548.671 646.742 -556.507 296.258 -176.778 9.08909 
0.016983 -2.92623 1.48282 0.982414 0.837602 0.197887 0.904417 -0.397845 0.524359 -0.920264 0 -66.018 0.0671614 0 -242.434 -17.4061 -135.852 83.8854 0 -909.821 854.187 -679.219 436.155 -378.885 28.7189 
0.431045 -2.94452 1.05237 0.180952 0.949283 0.333937 0.945768 -0.923782 0.138608 -0.84012 0 -25.149 0.265175 0 -43.4954 -6.76096 -50.5599 34.7145 0 -21.3146 110.822 -163.251 137.984 -141.478 13.2433 
0.0244174 -2.99535 1.21953 0.982977 0.99276 0.24228 0.837755 -0.726561 0.646519 -0.983104 0 -71.0165 0.131662 0 -271.235 -15.8154 -140.529 84.5911 0 -1040.58 974.765 -763.763 475.796 -411.828 33.2164 
0.0816967 -0.873122 1.69159 0.225634 0.729369 0.159325 0.87317 -0.904947 0.485727 -0.987731 0 3.33813 0.0207125 0 10.6897 -10.8694 -4.80697 19.5199 0 8.58755 -15.5844 16.8406 5.73655 -41.3276 9.62893 
0.108382 -2.77061 1.4979 0.982554 0.712936 0.480779 0.936796 -0.965831 -0.509277 -0.920495 0 -50.8935 0.113996 0 -167.264 -15.5444 -129.256 78.805 0 -552.804 708.035 -655.808 428.174 -348.097 23.8361 
0.800112 -2.77428 1.12459 0.697856 0.806242 0.904246 0.0508818 -0.874473 -0.422461 0.362853 0 -11.1064 0.434594 0 -25.9532 -1.37893 -11.3487 8.23788 0 -63.2986 41.6057 -40.0488 27.716 -25.441 3.2244 
0.0156978 -2.91713 1.81792 0.982414 0.837602 0.198684 0.904417 -0.397845 0.524359 -0.948494 0 -63.8334 -0.0945233 0 -223.702 -26.9002 -175.246 121.803 0 -806.398 919.375 -829.649 616.351 -600.534 47.0161 
0.438419 -2.94617 0.810603 0.1847 0.949383 0.414781 0.860034 -0.965033 -0.724118 0.604866 0 -25.4156 0.313905 0 -51.6193 -3.5226 -26.0127 16.816 0 -72.923 42.9699 -82.244 58.9262 -64.1293 7.06879 
0.0119334 -2.74072 1.57597 0.199331 0.842144 0.452996 0.225946 -0.829433 0.547596 -0.954475 0 -32.6758 0.0241353 0 -28.2115 -20.8475 -103.551 85.288 0 77.9662 88.8034 -248.792 291.058 -365.816 32.3204 
0.0762535 -2.81741 1.47677 0.0404978 0.127308 0.354243 0.305265 -0.970339 -0.98592 -0.943598 0 -34.5319 0.189878 0 -39.255 -10.6991 -94.4395 56.0767 0 55.8528 136.442 -301.512 241.251 -184.939 10.4381 
0.0185018 -2.76991 1.99549 0.972112 0.734252 0.357474 0.0176326 -0.8528 0.583046 -0.842765 0 -52.9614 -0.165798 0 -158.942 -31.3412 -187.164 138.806 0 -483.818 778.372 -837.828 683.976 -686.23 52.6792 
0.00161346 -2.94559 1.99994 0.982496 0.988121 0.338604 0.170346 -0.99725 0.542705 -0.903262 0 -65.2954 -0.244422 0 -216.228 -41.3525 -250.21 194.936 0 -715.29 1122.1 -1200.31 1029.55 -1130.04 97.7723 
0.00635195 -2.77248 1.45182 0.195764 0.843712 0.326551 0.00779811 -0.898265 -0.512042 -0.92432 0 -34.8725 0.0765324 0 -36.5614 -18.1553 -100.468 77.9049 0 60.482 110.472 -263.08 279.921 -328.593 28.241 
0.0787253 -2.44941 1.48535 0.989909 0.719947 0.485035 0.876363 -0.847536 0.79312 -0.973373 0 -36.9332 0.110777 0 -101.059 -14.2573 -96.6168 64.4573 0 -285.07 411.45 -421.351 303.841 -266.842 20.0136 
0.00635195 -2.77145 1.45182 0.195764 0.844394 0.326551 0.958784 -0.95977 -0.515834 -0.816319 0 -34.8129 0.075498 0 -36.9427 -18.0012 -98.5174 76.5594 0 56.6645 108.843 -255.238 272.048 -320.969 27.7543 
0.386873 -2.77061 1.49588 0.996163 0.712936 0.480779 0.936796 -0.965831 -0.505592 -0.920495 0 -35.1345 0.191879 0 -118.26 -10.9482 -89.4983 55.201 0 -400.902 503.196 -459.693 297.675 -240.312 16.9972 
0.112379 -2.60553 1.4866 0.422631 0.976562 0.911718 0.786176 -0.818595 0.562166 -0.99621 0 -26.8264 0.0652923 0 -26.0247 -18.4165 -83.5176 72.7162 0 44.1742 83.1716 -198.442 240.293 -322.048 31.794 

