0.0854276 0.673023 
0.62331 -0.20327 
0.829787 -0.576497 
0.00831031 0.910107 
0.190819 0.621354 
0.415933 0.15789 
0.845246 -0.75332 
0.828509 -0.555102 
0.0316797 0.798203 
0.626776 -0.256474 
0.823755 -0.464405 
0.184938 0.657187 
0.230394 0.334697 
0.421637 0.0893222 
0.835248 -0.658882 
0.426682 0.0325716 
0.240974 0.281406 
0.618703 -0.126818 
0.418964 0.119464 
0.255235 0.245686 
0.445769 -0.107013 
0.824948 -0.488586 
0.453421 -0.121777 
0.625004 -0.230435 
0.409417 0.242931 
0.0465677 0.74224 
0.413975 0.184101 
0.631997 -0.327008 
0.247044 0.260202 
0.4383 -0.0683294 
0.220952 0.397175 
0.838458 -0.697571 
0.620251 -0.153759 
0.831064 -0.597149 
0.442086 -0.091056 
0.211595 0.468234 
0.621966 -0.181655 
0.423422 0.0681299 
0.201811 0.542911 
0.0393192 0.767205 
0.827335 -0.534071 
0.836592 -0.675829 
0.634048 -0.349231 
0.647863 -0.448605 
0.83381 -0.638342 
0.840248 -0.715729 
0.0161508 0.868867 
0.432187 -0.0118736 
0.22522 0.368407 
0.216262 0.433189 
0.832443 -0.619724 
0.411381 0.217789 
0.0777472 0.674297 
0.628451 -0.280172 
0.842625 -0.7353 
0.85103 -0.77096 
0.0542601 0.718179 
0.196118 0.58474 
0.635899 -0.36908 
1.14766e-09 1.01521 
0.0242404 0.83214 
0.0614033 0.698274 
0.638011 -0.389848 
0.206688 0.505565 
0.235679 0.30512 
0.0698357 0.683374 
0.63017 -0.30237 
0.42944 0.00428813 
0.643911 -0.432126 
0.435005 -0.0445592 
0.640701 -0.411266 
0.826059 -0.509994 
0.0399432 0.765465 
0.224773 0.374102 
0.629717 -0.297232 
0.622428 -0.189193 
0.213723 0.450991 
0.451104 -0.120195 
0.826769 -0.522793 
0.850587 -0.77088 
0.639999 -0.406214 
0.64421 -0.433815 
0.204214 0.523775 
0.4267 0.0320164 
0.836032 -0.667571 
0.185301 0.6545 
0.00660623 0.924107 
0.221445 0.394606 
0.425129 0.0561875 
0.620247 -0.14132 
0.228172 0.348387 
0.247862 0.257595 
0.620124 -0.134451 
0.846096 -0.757741 
0.417757 0.136046 
0.253279 0.252911 
0.199106 0.562079 
0.832193 -0.61472 
0.06835 0.684513 
0.191981 0.615488 

