0.00659578 2.99942 1.98242 0.993979 0.98097 1.14734 0.737562 0.991661 0.814855 0.485945 0 -69.639 -0.228932 0 -249.542 33.418 -235.968 -170.477 0 -917.704 -1169.05 -1126.82 -916.983 -974.273 -75.8046 
0.00352196 2.99608 1.99935 0.999722 0.997745 1.14097 0.779531 0.985802 0.930246 0.996638 0 -69.7715 -0.245801 0 -242.537 36.6752 -277.327 -203.491 0 -843.893 -1322.06 -1398.86 -1161.64 -1228.74 -96.454 
0.00435986 2.99629 1.98099 0.999292 0.974381 1.22037 0.666731 0.964412 0.483555 0.997462 0 -69.8912 -0.227576 0 -244.208 35.2655 -271.238 -195.808 0 -855.081 -1314.98 -1375.45 -1120.98 -1165.7 -89.4293 
0.00352228 2.9983 1.99038 0.998362 0.997992 0.192393 0.723327 0.966046 0.875245 0.992884 0 -69.8967 -0.240545 0 -243.636 36.2775 -274.292 -200.635 0 -850.802 -1314.64 -1381.54 -1142.52 -1206.75 -94.6339 
0.0323282 2.99729 1.45309 0.938705 0.173075 0.407087 0.721028 0.976763 0.939389 0.418453 0 -68.7237 0.182118 0 -253.173 9.47068 -125.444 -51.6959 0 -928.387 -916.238 -690.632 -326.267 -186.136 -4.44609 
0.00189375 2.99613 1.99559 0.993979 0.977867 1.03037 0.736494 0.949781 0.911845 0.869417 0 -69.6358 -0.238813 0 -243.323 35.3622 -262.543 -190.755 0 -857.929 -1265.46 -1298.64 -1064.71 -1121.42 -86.9306 
0.0520006 2.84636 1.99143 0.976618 0.111642 0.199922 0.474723 0.951385 0.996734 0.875336 0 -56.717 -0.0688591 0 -181.298 20.4789 -196.729 -114.347 0 -579.971 -952.841 -994.869 -664.457 -508.426 -22.3661 
0.000795256 2.18326 1.94156 0.976784 0.997728 1.28688 0.733289 0.9768 0.986698 0.286075 0 -25.4041 -0.213844 0 -50.6613 25.0078 -95.6278 -87.4496 0 -109.861 -212.826 -270.55 -317.099 -420.846 -36.8875 
0.00265099 2.99885 1.99257 0.993979 0.986155 1.14734 0.70374 0.985564 0.912967 0.994896 0 -69.7832 -0.238921 0 -241.598 36.1572 -275.431 -200.861 0 -834.698 -1311.37 -1388.26 -1146.15 -1205.39 -93.658 
0.00343951 2.99997 1.95077 0.988458 0.985114 0.432986 0.751397 0.803453 0.543184 0.935717 0 -69.7374 -0.213803 0 -245.405 33.6588 -249.334 -179.114 0 -873.384 -1223.4 -1224.4 -989.124 -1038.06 -80.462 
0.00766968 2.99885 1.99238 0.994174 0.997442 0.901715 0.0679581 0.970295 0.912487 0.992782 0 -69.4173 -0.238239 0 -240.506 36.2032 -273.253 -200.181 0 -832.89 -1298.83 -1371.5 -1137.51 -1204.06 -94.4795 
0.0361002 2.99087 1.99326 0.933769 0.977081 1.00185 0.0943516 0.783165 0.992187 0.328589 0 -63.8069 -0.21213 0 -215.483 31.1195 -195.718 -144.229 0 -747.103 -883.365 -824.85 -696.294 -782.013 -62.0058 
0.0393724 2.9984 1.99335 0.992251 0.148741 0.994501 0.421437 0.970213 0.919766 0.998436 0 -68.5569 -0.0780623 0 -242.62 22.0757 -240.807 -135.68 0 -853.568 -1332.88 -1336.26 -859.095 -634.926 -27.8845 
0.0612429 2.99957 1.96143 0.991509 0.99875 0.341596 0.611246 0.98839 0.939982 0.98195 0 -65.7093 -0.185568 0 -227.992 33.3231 -254.088 -184.475 0 -789.868 -1218.34 -1279.37 -1050.55 -1104.65 -86.192 
0.00258645 2.99608 1.99844 0.99526 0.985112 1.14902 0.737562 0.98792 0.930343 0.992433 0 -69.6229 -0.24214 0 -240.826 36.3175 -275.91 -201.561 0 -831.85 -1310.56 -1389.44 -1149.45 -1210.1 -94.0659 
0.00258645 2.6343 1.98955 0.99526 0.985358 0.200447 0.737562 0.972334 0.919354 0.993208 0 -46.3987 -0.236978 0 -125.628 32.9094 -196.863 -157.736 0 -340.54 -681.414 -823.53 -773.781 -887.371 -72.7389 
0.0143292 2.98801 1.46405 0.985228 0.950296 0.313688 0.605603 0.968953 0.830124 0.491141 0 -70.5056 0.0459565 0 -265.517 18.5277 -157.85 -94.3124 0 -1015.67 -986.968 -810.479 -527.237 -479.706 -32.7639 
0.00133989 2.99885 1.99257 0.993979 0.997869 0.976155 0.708079 0.985302 0.912979 0.993735 0 -69.8327 -0.243225 0 -241.656 36.5213 -276.259 -202.497 0 -834.648 -1310.69 -1388.74 -1152.86 -1220.25 -95.7613 
0.00248755 2.99736 1.99257 0.989997 0.985927 0.132521 0.727522 0.989235 0.737546 0.994676 0 -69.4473 -0.238975 0 -238.916 36.1588 -274.729 -200.664 0 -818.206 -1296.68 -1379.13 -1141.84 -1203.49 -93.5862 
0.00335581 2.82699 1.99269 0.894107 0.97199 0.172741 0.855761 0.76415 0.867518 0.950167 0 -53.0179 -0.234552 0 -144.261 33.2195 -204.513 -159.721 0 -373.2 -704.098 -825.249 -762.919 -885.178 -71.5766 
0.0072334 2.99634 1.87682 0.998883 0.991518 1.18159 0.865045 0.622817 0.99166 0.994895 0 -70.2302 -0.171864 0 -254.273 30.7956 -229.926 -161.233 0 -939.93 -1190.2 -1135.91 -888.995 -917.2 -70.4769 
0.00264743 2.99885 1.99257 0.993979 0.986155 1.14734 0.70374 0.985564 0.912967 0.994896 0 -69.7834 -0.238924 0 -241.599 36.1573 -275.432 -200.862 0 -834.701 -1311.37 -1388.26 -1146.16 -1205.39 -93.6583 
0.0393589 2.99286 1.99103 0.994021 0.976248 0.202617 0.686796 0.969729 0.99869 0.941661 0 -66.793 -0.21096 0 -231.7 34.2172 -258.049 -187.381 0 -806.448 -1234.16 -1289.47 -1058.66 -1110.58 -85.7022 
0.0137883 2.98819 1.46405 0.996113 0.920465 0.952631 0.605444 0.96856 0.753857 0.957446 0 -71.2796 0.0538957 0 -266.393 19.1051 -183.969 -108.164 0 -997.805 -1154.36 -1011.83 -653.263 -568.347 -36.9299 
0.021238 2.99686 1.99038 0.97254 0.989059 1.22676 0.486054 0.988929 0.848572 0.953492 0 -67.2574 -0.22543 0 -226.433 35.3269 -263.433 -193.465 0 -754.44 -1207.82 -1293.51 -1081.19 -1152.64 -90.2386 
0.00275549 2.99885 1.99261 0.993979 0.997442 0.976155 0.802386 0.966125 0.912549 0.954188 0 -69.7369 -0.242249 0 -242.285 36.2126 -271.248 -198.666 0 -843.745 -1293.36 -1354.43 -1122.02 -1189.29 -93.4386 
0.0322322 2.99835 1.44904 0.99905 0.999737 0.272077 0.835233 0.976748 0.737774 0.978021 0 -70.622 0.0439316 0 -265.599 20.1125 -186.131 -113.478 0 -1000.99 -1153.19 -1019.69 -681.37 -619.728 -43.6324 
0.012416 2.98823 1.98453 0.988677 0.991532 0.163578 0.0463592 0.964946 0.738839 0.977329 0 -68.0506 -0.228459 0 -233.279 35.4162 -265.387 -194.232 0 -798.433 -1246.89 -1318.45 -1093.71 -1158.39 -90.5888 
0.00352196 2.99828 1.99049 0.999622 0.997992 0.194401 0.779531 0.970215 0.919256 0.993218 0 -69.9664 -0.240653 0 -244.207 36.3007 -274.863 -200.991 0 -854.22 -1319.83 -1386.75 -1146.22 -1209.75 -94.8345 
0.000620325 2.99613 1.91025 0.984259 0.999515 0.162678 0.808677 0.875686 0.987212 0.357533 0 -69.6085 -0.196636 0 -252.015 30.7275 -208.528 -148.798 0 -942.647 -1056.94 -958.202 -766.826 -821.876 -64.7502 
0.0203189 2.99998 1.77109 0.964463 0.98519 1.08666 0.69625 0.985966 0.969465 0.312969 0 -68.296 -0.105992 0 -245.277 26.0572 -188.634 -128.429 0 -898.151 -980.999 -887.602 -675.978 -696.196 -52.6984 
0.00227652 2.9962 1.99196 0.993914 0.970315 0.30178 0.698282 0.965862 0.983159 0.953479 0 -69.6486 -0.234229 0 -241.974 35.439 -269.211 -194.936 0 -842.489 -1292.1 -1350.27 -1104.94 -1154.52 -88.6605 
0.0033949 2.99894 1.9902 0.993787 0.98308 1.22676 0.4769 0.990547 0.995895 0.995119 0 -69.7573 -0.23601 0 -241.494 35.9833 -275.083 -200.2 0 -833.914 -1311.45 -1388.56 -1143.96 -1200.21 -92.9592 
0.00358591 2.99731 1.9941 0.994559 0.99731 1.23699 0.800555 0.787007 0.984921 0.956207 0 -69.6007 -0.242553 0 -244.562 35.4667 -257.496 -188.407 0 -871.558 -1243.64 -1258.73 -1038.73 -1107.4 -87.3813 
0.00270601 2.99525 1.97491 0.938438 0.990654 1.22752 0.734607 0.989128 0.738845 0.955722 0 -66.5537 -0.22987 0 -214.393 35.4844 -260.56 -192.682 0 -668.478 -1127.36 -1240.6 -1053.21 -1139.09 -89.7121 
0.0532669 2.99974 1.9923 0.923764 0.152679 0.199004 0.468228 0.926841 0.99104 0.941939 0 -64.0017 -0.0701139 0 -209.336 21.4495 -221.434 -126.683 0 -659.997 -1101.74 -1150.73 -756.371 -577.91 -25.4585 
0.06093 2.99857 1.98454 0.938141 0.991518 0.410761 0.776938 0.993398 0.741398 0.977671 0 -62.7732 -0.198532 0 -201.854 33.9372 -249.443 -184.945 0 -626.304 -1073.89 -1190.62 -1015.01 -1099.61 -86.6485 
0.00262743 2.98454 1.99268 0.938544 0.155711 1.11306 0.745328 0.996579 0.91263 0.867535 0 -67.1311 -0.0989129 0 -221.79 22.5151 -231.851 -132.684 0 -712.355 -1168.96 -1211.24 -794.959 -605.508 -26.759 
0.00258645 2.99885 1.99602 0.993979 0.994223 1.16612 0.736494 0.949781 0.911662 0.99468 0 -69.7429 -0.243381 0 -241.807 36.3537 -273.604 -200.379 0 -838.837 -1301.18 -1370.26 -1135.86 -1202.14 -94.1931 
0.00352196 2.99828 1.99049 0.999722 0.997992 0.19239 0.779531 0.970215 0.919256 0.993218 0 -69.9721 -0.240653 0 -244.26 36.3007 -274.879 -200.997 0 -854.561 -1320.15 -1386.96 -1146.33 -1209.8 -94.8366 
0.00488076 2.98818 1.98248 0.985231 0.112102 0.176321 0.693541 0.96856 0.833545 0.523892 0 -69.8446 -0.0900118 0 -251.848 20.8312 -209.625 -115.003 0 -922.451 -1203.56 -1103.22 -683.104 -499.845 -20.6711 
0.0174629 2.99525 1.98453 0.938246 0.985591 1.16978 0.734064 0.785786 0.738845 0.955722 0 -65.5714 -0.22446 0 -213.98 34.332 -243.04 -179.545 0 -688.574 -1065.4 -1127.56 -953.522 -1038.65 -81.9639 
0.00111282 2.9952 1.45393 0.98924 0.978405 1.21602 0.666174 0.976763 0.738837 0.418453 0 -72.1792 0.0370422 0 -274.699 18.9675 -158.299 -95.5152 0 -1064.36 -995.057 -809.107 -530.808 -490.691 -34.5808 
0.0167933 2.99825 1.99865 0.998758 0.997952 0.166231 0.835233 0.989205 0.737774 0.978021 0 -68.9208 -0.23705 0 -239.929 36.1341 -272.695 -199.974 0 -836.339 -1302.01 -1373.38 -1139.52 -1205.75 -94.6593 
0.0517428 2.99732 1.99586 0.991622 0.982183 0.0316209 0.36794 0.960174 0.912881 0.92158 0 -66.0856 -0.204565 0 -229.285 33.9828 -254.203 -185.193 0 -799.009 -1212.93 -1263.08 -1040.8 -1097.99 -85.2787 
0.00302258 2.99951 1.98048 0.992845 0.997993 0.230438 0.739442 0.970236 0.909361 0.240714 0 -69.7662 -0.235078 0 -253.573 32.7793 -219.657 -159.853 0 -954.476 -1091.42 -1012.28 -833.652 -903.84 -71.5564 
0.00272604 2.99513 1.99038 0.97254 0.989059 1.22676 0.456176 0.988929 0.848572 0.952453 0 -68.3075 -0.238319 0 -229.926 35.9638 -267.857 -196.856 0 -765.569 -1226.49 -1314.08 -1099.11 -1172.29 -91.8307 
0.0392006 2.91591 1.96193 0.9975 0.976607 0.199367 0.679021 0.968491 0.438622 0.975426 0 -61.8474 -0.19473 0 -206.176 32.7648 -239.639 -175.627 0 -690.788 -1093.65 -1167.41 -971.619 -1027.01 -79.5591 
0.00302258 2.99951 1.99258 0.992845 0.997639 0.230438 0.737674 0.970236 0.906592 0.980543 0 -69.6946 -0.242073 0 -241.388 36.3414 -273.534 -200.459 0 -835.641 -1298.93 -1369.6 -1136.3 -1204.04 -94.5526 
0.0510842 2.99849 1.98028 0.992727 0.872305 1.23463 0.775547 0.981445 0.84338 0.343451 0 -66.8992 -0.171207 0 -242.257 28.7669 -210.414 -144.428 0 -904.749 -1085.37 -1009.94 -778.697 -782.325 -54.9375 
0.00435986 2.99629 1.98099 0.999292 0.974777 1.21809 0.665807 0.952031 0.483555 0.869203 0 -69.89 -0.227689 0 -246.48 34.6927 -260.401 -187.72 0 -879.16 -1277.05 -1299.05 -1054.01 -1100.61 -84.7325 
0.0200261 2.99885 1.90914 0.795614 0.992858 1.16142 0.732966 0.988258 0.971913 0.994261 0 -59.2673 -0.182266 0 -157.668 32.9236 -231.234 -174.482 0 -348.927 -785.921 -978.827 -883.641 -1003.32 -80.2339 
0.00361593 2.9958 1.99257 0.993979 0.997862 0.9771 0.819567 0.987933 0.968455 0.994676 0 -69.4516 -0.241809 0 -239.816 36.4309 -275.184 -201.868 0 -826.393 -1301.86 -1381.82 -1148.44 -1216.32 -95.4822 
0.0324161 2.99301 1.46041 0.938705 0.990458 0.407087 0.693966 0.976763 0.939389 0.418453 0 -66.9938 0.0429398 0 -240.445 18.7492 -149.936 -92.7531 0 -866.673 -855.976 -728.179 -496.377 -475.897 -34.3981 
0.0201452 2.99918 1.90888 0.983409 0.976501 1.02474 0.80935 0.988308 0.916621 0.815322 0 -68.5406 -0.177727 0 -240.032 31.7765 -242.226 -171.354 0 -845.1 -1196.61 -1203.37 -957.05 -988.767 -75.3536 
0.00409365 2.98801 1.99137 0.994257 0.989041 1.34577 0.510844 0.96374 0.838492 0.992511 0 -68.9164 -0.237968 0 -237.487 35.9488 -270.552 -197.938 0 -818.588 -1279.43 -1352.57 -1120.67 -1183.68 -92.3662 
0.000620325 2.99613 1.9932 0.984357 0.976501 1.02568 0.0377839 0.988389 0.979521 0.357533 0 -69.1952 -0.237783 0 -246.216 33.2688 -227.937 -165.531 0 -900.896 -1109 -1059.61 -871.265 -936.449 -72.9468 
0.00259001 2.99885 1.5797 0.993979 0.985735 1.14734 0.737562 0.963675 0.912919 0.99468 0 -72.0171 -0.0209271 0 -265.131 23.535 -209.343 -132.833 0 -976.643 -1213.62 -1123.67 -786.936 -737.613 -52.6852 
0.00265099 2.99882 1.9937 0.999934 0.987731 1.14734 0.70374 0.985564 0.736099 0.946247 0 -70.1093 -0.240049 0 -245.384 36.0336 -272.826 -198.697 0 -862.651 -1317.06 -1374.55 -1130.48 -1188.18 -92.4561 
0.00266187 2.99836 1.99335 0.992294 0.997861 0.994501 0.421437 0.970213 0.919766 0.992499 0 -69.607 -0.24268 0 -240.485 36.4275 -274.352 -201.241 0 -829.55 -1298.38 -1373.85 -1141.55 -1210.28 -95.0723 
0.00266187 2.99465 1.99146 0.993941 0.998358 0.994501 0.421437 0.968563 0.919766 0.992638 0 -69.4369 -0.241715 0 -239.973 36.3354 -273.323 -200.489 0 -828.98 -1294.52 -1368.44 -1136.75 -1204.96 -94.6801 
0.00431452 2.98801 1.95086 0.993979 0.989099 1.34666 0.666022 0.965405 0.824444 0.993945 0 -69.1265 -0.21439 0 -239.671 34.5387 -264.074 -190.703 0 -831.21 -1271.53 -1329.13 -1084.01 -1132.42 -87.65 
0.068246 2.99728 1.84325 0.939598 0.985342 0.0106139 0.697968 0.988286 0.980109 0.48752 0 -63.0371 -0.116339 0 -215.115 27.3549 -195.234 -137.36 0 -737.413 -931.902 -902.065 -717.923 -759.176 -58.4045 
0.00258543 2.99836 1.99335 0.992349 0.997861 0.99045 0.421437 0.970213 0.822476 0.992499 0 -69.6152 -0.242734 0 -240.532 36.4302 -274.38 -201.259 0 -829.8 -1298.66 -1374.07 -1141.7 -1210.4 -95.0808 
0.0563618 2.99908 1.99238 0.994174 0.997442 0.939662 0.0679581 0.966125 0.912487 0.992782 0 -66.1467 -0.20246 0 -228.868 34.4167 -259.712 -190.107 0 -793.059 -1234.62 -1302.66 -1080.09 -1143.3 -89.6533 
0.0481539 2.99762 1.99229 0.994021 0.152679 0.34833 0.0424002 0.795186 0.99869 0.941661 0 -67.8859 -0.0714144 0 -244.485 21.1191 -221.506 -123.236 0 -888.118 -1262.05 -1202.95 -756.953 -556.527 -23.9148 
0.00258645 2.99884 1.99257 0.991739 0.995563 1.23977 0.704603 0.963675 0.912537 0.997217 0 -69.634 -0.24172 0 -240.558 36.3368 -274.02 -200.752 0 -829.572 -1297.61 -1372.37 -1138.85 -1205.91 -94.5385 
0.0215899 2.99972 1.77109 0.964271 0.921572 1.00296 0.485527 0.988925 0.976861 0.883991 0 -68.3531 -0.08693 0 -238.261 26.495 -220.896 -146.191 0 -824.128 -1141.65 -1124.84 -833.587 -807.586 -56.9045 
0.0405451 2.99884 1.99797 0.993725 0.993973 1.15264 0.706227 0.949781 0.73114 0.978418 0 -67.2027 -0.21924 0 -232.785 34.9999 -262.32 -192.109 0 -808.44 -1247.35 -1310.27 -1086.3 -1150.8 -90.1702 
0.00768082 2.9883 1.9786 0.983214 0.121483 1.22203 0.696016 0.960868 0.806252 0.287032 0 -69.6029 -0.0866455 0 -254.068 19.9124 -192.458 -104.511 0 -949.514 -1124.4 -988.698 -606.41 -444.732 -17.8187 
0.00272604 2.99682 1.99023 0.972262 0.989059 1.22766 0.696082 0.947658 0.986063 0.953884 0 -68.4161 -0.238339 0 -231.112 35.8062 -265.102 -194.673 0 -774.618 -1219.22 -1295.16 -1081.32 -1154.36 -90.4972 
0.00258645 2.99885 1.99636 0.993979 0.985735 1.14734 0.737562 0.947144 0.912919 0.99468 0 -69.7656 -0.241097 0 -242.027 36.1207 -273.032 -199.236 0 -840.17 -1301.98 -1369.4 -1130.64 -1191.28 -92.6855 
0.0510163 2.9997 1.98017 0.992727 0.997359 1.23536 0.496572 0.98082 0.84338 0.361955 0 -66.6817 -0.201377 0 -239.908 31.7458 -217.31 -157.939 0 -891.581 -1075.38 -1016.66 -834.741 -899.76 -71.0694 
0.00338173 2.99553 1.97977 0.939801 0.985799 0.0605054 0.420552 0.963079 0.871048 0.892073 0 -66.5737 -0.230672 0 -216.244 35.1251 -254.404 -187.771 0 -686.254 -1111.39 -1200.11 -1014.69 -1098.48 -86.3997 
0.00258645 2.99885 1.99837 0.993979 0.993973 1.15264 0.737748 0.949781 0.912919 0.99468 0 -69.729 -0.244692 0 -241.669 36.4309 -273.981 -200.785 0 -838.024 -1301.66 -1371.69 -1137.96 -1204.97 -94.439 
0.00309634 2.99836 1.99252 0.992812 0.997861 1.00445 0.421437 0.969987 0.918629 0.992499 0 -69.6128 -0.241886 0 -240.704 36.3811 -274.163 -201.015 0 -831.259 -1299.24 -1373.74 -1140.73 -1208.81 -94.931 
0.00275549 2.99885 1.99261 0.971739 0.934512 1.13055 0.802386 0.987546 0.911483 0.954204 0 -68.6744 -0.224288 0 -232.065 34.6202 -266.408 -191.212 0 -774.911 -1241.38 -1323.31 -1078.77 -1116.99 -83.5299 
0.00488076 2.98819 1.98142 0.985231 0.112102 0.145589 0.693541 0.96856 0.753857 0.523892 0 -69.8513 -0.089394 0 -251.913 20.8019 -209.463 -114.853 0 -922.806 -1203.33 -1102.57 -682.328 -499.021 -20.6214 
0.0143292 2.98778 1.46405 0.985228 0.950296 0.27574 0.580009 0.968953 0.830124 0.491141 0 -70.4883 0.0460209 0 -265.42 18.5258 -157.816 -94.2973 0 -1015.19 -986.581 -810.221 -527.107 -479.613 -32.7584 
0.068246 2.99553 1.9785 0.939736 0.985799 0.0376309 0.802716 0.988286 0.92318 0.889921 0 -62.179 -0.1894 0 -201.727 32.9637 -239.357 -176.589 0 -638.155 -1043.64 -1132.35 -957.803 -1035.82 -81.302 
0.00265294 2.99836 1.99257 0.992266 0.997862 0.994501 0.591689 0.963689 0.919766 0.978935 0 -69.6101 -0.242295 0 -240.85 36.3155 -272.643 -199.898 0 -833.253 -1292.87 -1362.26 -1130.84 -1199.36 -94.2499 
0.00272604 2.99682 1.99022 0.97254 0.989059 1.22676 0.51112 0.988926 0.992006 0.952453 0 -68.4325 -0.238244 0 -230.599 35.9725 -268.233 -197.036 0 -768.634 -1230.07 -1317.06 -1100.88 -1173.65 -91.9113 
0.00436449 2.92792 1.98099 0.999205 0.990683 0.398021 0.702013 0.970107 0.483555 0.260327 0 -64.8895 -0.232329 0 -228.309 32.0347 -207.185 -152.727 0 -837.995 -985.333 -930.386 -779.916 -852.555 -67.5364 
0.0677413 2.99985 1.99334 0.992743 0.997861 0.983977 0.803601 0.970213 0.443731 0.992427 0 -65.306 -0.20118 0 -225.678 34.112 -256.916 -188.24 0 -779.591 -1218.12 -1287.77 -1069.15 -1132.88 -88.8592 
0.00249974 2.99836 1.99257 0.992137 0.997862 0.454047 0.591847 0.963689 0.919766 0.978978 0 -69.6069 -0.2424 0 -240.813 36.3208 -272.662 -199.923 0 -832.944 -1292.67 -1362.21 -1130.89 -1199.49 -94.2633 
0.00197535 2.84636 1.99143 0.976618 0.111642 0.193798 0.474723 0.949764 0.921819 0.874983 0 -59.7246 -0.0966724 0 -191.022 21.5351 -206.907 -120.309 0 -610.887 -1002.81 -1046.48 -698.741 -534.572 -23.5835 
0.003399 2.99806 1.98432 0.972347 0.983124 1.16902 0.510578 0.786812 0.995823 0.970889 0 -68.5203 -0.232587 0 -234.29 34.8182 -253.2 -184.79 0 -803.206 -1184.35 -1219.86 -1009.02 -1076.51 -84.1009 
0.0243375 2.99686 1.99146 0.9728 0.985089 1.22482 0.486054 0.988929 0.912179 0.953492 0 -67.079 -0.222759 0 -225.882 35.1487 -262.645 -192.59 0 -752.939 -1205.63 -1290.81 -1077.15 -1146.02 -89.4264 
0.0180295 2.99887 1.98453 0.948853 0.988691 1.4661 0.47992 0.964946 0.97253 0.992944 0 -66.441 -0.224159 0 -216.901 35.314 -261.432 -192.921 0 -689.598 -1151.39 -1259.91 -1064.92 -1145.92 -89.9728 
0.00409316 2.98824 1.48129 0.988458 0.985056 0.432986 0.0520316 0.799619 0.551532 0.934401 0 -71.2644 0.0246936 0 -265.222 20.474 -178.817 -109.771 0 -995.689 -1086.67 -939.613 -630.072 -582.015 -41.2 
0.000620325 2.99613 1.91025 0.984259 0.976501 1.02568 0.809289 0.988389 0.986505 0.357533 0 -69.6793 -0.189903 0 -250.774 30.5932 -215.833 -152.532 0 -926.556 -1090.22 -1017.51 -808.352 -849.708 -65.175 
0.00262743 2.98454 1.95012 0.988697 0.985241 1.18919 0.764851 0.798627 0.555412 0.865385 0 -68.6889 -0.213978 0 -240.792 33.2369 -240.491 -173.252 0 -858.522 -1173.58 -1160.94 -940.09 -992.586 -77.2493 
0.00258645 2.99885 1.99059 0.993979 0.985806 1.14893 0.496501 0.993566 0.912537 0.992363 0 -69.8014 -0.237603 0 -241.654 36.101 -275.531 -200.786 0 -834.549 -1312.59 -1390.18 -1146.87 -1205.08 -93.5567 
0.00424895 2.9962 1.99256 0.999877 0.988989 0.14245 0.713693 0.964035 0.991297 0.954295 0 -69.7902 -0.238702 0 -244.138 35.8925 -270.568 -197.193 0 -858.672 -1304.9 -1359.1 -1118.43 -1177.16 -91.7413 
0.00432109 2.98824 1.95077 0.988522 0.927128 0.432986 0.0671856 0.801285 0.38944 0.957285 0 -68.988 -0.196538 0 -241.508 32.1284 -245.273 -172.178 0 -853.924 -1212.38 -1215.85 -959.221 -976.35 -71.9388 
0.00265295 2.99885 1.99257 0.993979 0.997862 0.976155 0.802386 0.987983 0.912979 0.994676 0 -69.7429 -0.242411 0 -241.278 36.4905 -276.185 -202.448 0 -832.914 -1309.92 -1388.93 -1153.15 -1220.43 -95.7642 
0.00361593 2.99629 1.9919 0.993979 0.997039 0.976155 0.647553 0.988479 0.912979 0.766492 0 -69.4952 -0.241038 0 -243.756 35.4197 -257.799 -188.6 0 -866.137 -1242.23 -1261.78 -1041.8 -1110.02 -87.5058 
0.00272604 2.99973 1.99022 0.983385 0.989272 1.20471 0.562541 0.988864 0.992271 0.952435 0 -69.2509 -0.238328 0 -237.207 36.0003 -270.63 -198.001 0 -808.588 -1269.04 -1344.53 -1115.72 -1182.13 -92.3378 
0.0324161 2.99301 1.46041 0.982163 0.997895 0.407087 0.693437 0.987529 0.852683 0.409136 0 -69.2712 0.0408235 0 -260.876 18.8938 -154.382 -94.6709 0 -998.955 -944.791 -779.377 -521.491 -491.47 -35.4753 
0.00258645 2.99782 1.98242 0.993979 0.985735 1.14734 0.737562 0.99185 0.814855 0.99468 0 -69.773 -0.232899 0 -241.726 35.8029 -273.963 -199.164 0 -835.444 -1308.92 -1383.55 -1138.1 -1193.41 -92.5043 
0.0173579 2.99524 1.77345 0.936426 0.989736 0.163578 0.695465 0.964946 0.973278 0.292905 0 -66.5732 -0.110104 0 -231.206 26.1272 -183.124 -126.316 0 -812.742 -902.283 -829.851 -645.447 -679.735 -52.1264 
0.0481063 2.67704 1.99229 0.920498 0.152679 0.20344 0.610861 0.969899 0.992351 0.893803 0 -44.6939 -0.0740891 0 -115.6 20.0722 -166.13 -103.512 0 -282.846 -612.413 -738.27 -541.765 -449.402 -20.7991 
0.00227652 2.9962 1.99196 0.993914 0.970315 0.30178 0.708169 0.864187 0.983159 0.974949 0 -69.6485 -0.234234 0 -243.278 35.1027 -263.053 -190.315 0 -856.159 -1270.69 -1307.3 -1067.23 -1117.65 -85.9681 
0.003399 2.99682 1.99021 0.97254 0.983079 1.22676 0.51112 0.990547 0.995823 0.970889 0 -68.4075 -0.236033 0 -230.258 35.8694 -269.318 -197.355 0 -765.361 -1235.3 -1327.22 -1106.91 -1175.53 -91.5454 
0.00261725 2.99817 1.9412 0.982457 0.26824 0.278401 0.802771 0.975831 0.754977 0.98038 0 -70.7373 -0.0760775 0 -249.497 22.0276 -240.077 -134.593 0 -870.792 -1333.94 -1324.59 -845.762 -629.092 -28.002 
0.0486829 2.99573 1.96175 0.938246 0.985578 0.375101 0.798843 0.793839 0.776609 0.956121 0 -63.5513 -0.192286 0 -208.345 32.5619 -232.665 -170.577 0 -673.156 -1030.81 -1085.15 -909.148 -983.706 -77.217 
0.00265389 2.99817 1.94148 0.995211 0.245297 1.0072 0.790689 0.975864 0.754274 0.980805 0 -71.4803 -0.0744738 0 -256.192 21.8758 -241.558 -134.37 0 -914.118 -1374.47 -1348.37 -852.975 -626.547 -27.5424 
0.0168926 2.99885 1.98453 0.939607 0.996786 1.1961 0.696702 0.963008 0.913014 0.978021 0 -65.9094 -0.227928 0 -212.636 35.5104 -259.418 -192.664 0 -664.886 -1121.26 -1234.23 -1052.77 -1143.93 -90.6583 
0.00409365 2.98801 1.99138 0.993979 0.989041 1.34666 0.695806 0.96374 0.832792 0.993945 0 -68.8993 -0.238109 0 -237.319 35.9567 -270.623 -198.013 0 -817.417 -1278.94 -1352.78 -1121.1 -1184.25 -92.4129 
0.019577 2.99732 1.54233 0.926337 0.989059 0.231774 0.793913 0.794489 0.98192 0.966388 0 -67.1823 0.00217542 0 -231.634 21.7696 -180.975 -115.678 0 -785.719 -962.439 -897.653 -638.897 -618.389 -44.9743 
0.00361593 2.99835 1.92063 0.993979 0.997862 0.976496 0.414445 0.991161 0.913306 0.99241 0 -70.0676 -0.199986 0 -245.159 33.9406 -263.999 -189.087 0 -856.582 -1293.94 -1343.16 -1084.2 -1125.26 -87.0478 
0.0612429 2.99957 1.96101 0.991524 0.920429 0.341596 0.611095 0.96334 0.37619 -0.874123 0 -65.9263 -0.164432 0 -254.713 24.0983 -148.425 -104.295 0 -1020.39 -706.564 -649.304 -544.765 -585.974 -41.3962 
0.00258645 2.99885 1.99257 0.993979 0.985735 1.14734 0.698237 0.963675 0.912537 0.994676 0 -69.7887 -0.238839 0 -241.987 36.0547 -273.692 -199.508 0 -838.66 -1305.66 -1376.16 -1135.1 -1194.2 -92.8058 
0.0432717 2.16906 1.9418 0.999578 0.14594 0.201068 0.765048 0.985031 0.540888 0.291753 0 -25.9303 -0.0496026 0 -57.3273 14.7719 -84.61 -55.6836 0 -139.59 -251.557 -301.925 -243.086 -209.712 -8.69438 
0.0202735 2.99699 1.99018 0.97254 0.979401 0.341141 0.696164 0.995162 0.387043 0.332004 0 -67.2444 -0.223974 0 -236.226 32.528 -220.615 -160.833 0 -850.154 -1051.59 -1011.87 -838.64 -908.705 -71.0645 
0.00766968 2.99885 1.99317 0.99421 0.997442 0.901715 0.0679581 0.966125 0.912549 0.954188 0 -69.4145 -0.2387 0 -241.175 36.0507 -270.048 -197.792 0 -840.148 -1287.8 -1348.58 -1117.26 -1184.27 -93.0438 
0.000468853 2.91685 1.96193 0.96117 0.994251 0.371581 0.0336257 0.793952 0.902297 0.995801 0 -62.4347 -0.224761 0 -199.972 33.9086 -234.072 -174.726 0 -638.49 -1004.1 -1076.1 -920.07 -1006.2 -80.0751 
0.0069924 2.99283 1.8764 0.940768 0.149563 0.36467 0.785812 0.914719 0.726407 0.339787 0 -68.2141 -0.0302906 0 -240.724 17.4909 -174.174 -90.9352 0 -856.674 -1006.65 -876.743 -516.669 -369.859 -13.8373 
0.00610853 2.99682 1.99019 0.972021 0.989059 1.22676 0.51112 0.988926 0.993106 0.952453 0 -68.1887 -0.235884 0 -229.581 35.8521 -267.255 -196.336 0 -764.446 -1224.4 -1311.58 -1096.6 -1169.39 -91.5816 
0.0414424 2.7787 1.99837 0.993725 0.993973 1.15264 0.0492395 0.947662 0.73114 0.823871 0 -52.7785 -0.215823 0 -160.614 32.4981 -205.341 -158.95 0 -500.373 -819.279 -900.29 -804.027 -902.116 -73.2213 

