0.941895 0.0305196 
0.421658 0.351791 
0.45875 0.323847 
0.205787 0.547842 
0.304824 0.449307 
0.487519 0.302798 
0.794785 0.109669 
0.117376 0.658326 
0.824613 0.093095 
0.168052 0.591381 
0.999326 0.00101336 
0.808614 0.102208 
0.515533 0.282945 
0.736679 0.142629 
0.623737 0.211196 
0.635019 0.203842 
0.709928 0.158478 
0.779204 0.118158 
0.227868 0.523803 
0.557615 0.254495 
0.0806061 0.717584 
0.042464 0.79522 
0.289587 0.463639 
0.320412 0.434913 
0.612254 0.218821 
0.138939 0.628899 
0.412947 0.358506 
0.449282 0.331304 
0.154074 0.608876 
0.0882489 0.704221 
0.906578 0.048926 
0.671931 0.181487 
0.328614 0.428232 
0.96068 0.0208857 
0.839941 0.0843041 
0.265892 0.485452 
0.0177726 0.86867 
0.29662 0.456481 
0.600961 0.226009 
0.590861 0.232553 
0.353087 0.406962 
0.190991 0.563998 
0.979976 0.0110151 
0.147016 0.618286 
0.125485 0.647383 
0.242753 0.508599 
0.496484 0.296596 
0.280684 0.471486 
0.855119 0.0763085 
0.53634 0.268616 
0.198352 0.556085 
0.344872 0.414105 
0.47785 0.310083 
0.220644 0.532305 
0.56758 0.247962 
0.176216 0.582272 
0.64735 0.196615 
0.369867 0.392993 
0.378607 0.386166 
0.05813 0.760546 
0.872112 0.0668328 
0.235192 0.516251 
0.132744 0.637153 
0.213022 0.539522 
1.24529e-05 0.99806 
0.752596 0.133665 
0.0655204 0.745598 
0.0732268 0.73105 
0.251011 0.500779 
0.183579 0.572761 
0.924357 0.0397743 
0.68531 0.17354 
0.387405 0.378861 
0.467525 0.317153 
0.273386 0.477962 
0.888828 0.058099 
0.525975 0.276304 
0.034493 0.816241 
0.439974 0.338327 
0.0505368 0.776574 
0.396333 0.371782 
0.361611 0.399782 
0.00929474 0.905166 
0.430534 0.345063 
0.161514 0.599296 
0.0261953 0.839922 
0.110342 0.669127 
0.547228 0.261604 
0.506147 0.289778 
0.578878 0.240193 
0.697237 0.165939 
0.336938 0.420724 
0.258199 0.4934 
0.764842 0.126351 
0.0953673 0.692799 
0.312576 0.442175 
0.723244 0.150477 
0.659322 0.188919 
0.404374 0.36509 
0.102473 0.681351 

