0.0654429 0.745769 
0.578415 0.240288 
0.466986 0.318206 
0.905117 0.0495703 
0.369852 0.393311 
0.65922 0.189182 
0.0729305 0.731319 
0.485692 0.304487 
0.623226 0.211576 
0.280437 0.472083 
0.17574 0.582359 
0.146751 0.619054 
0.438901 0.338735 
0.888333 0.058671 
0.822725 0.0940604 
0.124779 0.648357 
0.00910281 0.906393 
0.0177309 0.868248 
0.412134 0.359384 
0.04988 0.778186 
0.352683 0.40772 
0.635133 0.204265 
0.611902 0.218947 
0.96029 0.0210497 
0.0802716 0.717873 
0.0263122 0.839411 
0.546576 0.261767 
0.420153 0.352828 
0.709551 0.159061 
0.344482 0.414597 
0.378237 0.386264 
0.476099 0.311476 
0.212303 0.540987 
0.042321 0.796119 
0.696129 0.166665 
0.853628 0.0767811 
0.328391 0.428605 
0.312458 0.442857 
0.161064 0.600224 
0.235003 0.516508 
0.923658 0.0398206 
0.525852 0.276075 
0.723703 0.1508 
0.288355 0.464483 
0.53614 0.268988 
0.567389 0.247897 
0.749726 0.135214 
0.649158 0.195623 
0.0580486 0.760888 
0.190552 0.564899 
0.109878 0.670296 
0.0953255 0.692537 
0.871005 0.0673415 
0.102838 0.680749 
0.257711 0.493926 
0.837244 0.0859586 
0.999194 0.00128807 
0.5567 0.254949 
0.0341025 0.816871 
0.296356 0.456849 
0.360848 0.400772 
0.20519 0.548506 
0.250052 0.501386 
0.132106 0.63771 
0.153909 0.609267 
0.196795 0.558128 
0.600375 0.226507 
0.777724 0.119142 
0.403577 0.366143 
0.589108 0.233563 
0.0878814 0.705108 
0.495307 0.297424 
0.320162 0.435956 
0.683495 0.174407 
0.506026 0.28971 
0.33546 0.422248 
0.792549 0.110653 
0.242169 0.509296 
0.265196 0.4867 
0.457578 0.324828 
0.117141 0.659387 
0.395308 0.372469 
0.429873 0.3454 
0.515105 0.283151 
0.139422 0.627895 
0.387034 0.379797 
0.18336 0.57426 
0.273213 0.47913 
2.48368e-06 1.00015 
0.807597 0.102426 
0.979678 0.0114577 
0.942184 0.030642 
0.735179 0.143658 
0.448489 0.33193 
0.670506 0.182507 
0.304232 0.450233 
0.22743 0.524471 
0.220003 0.53205 
0.763984 0.127403 
0.1688 0.590114 

