0.475756 0.311639 
0.429941 0.34541 
0.359905 0.400994 
0.505038 0.290521 
0.823286 0.0940242 
0.36899 0.393414 
0.212791 0.540364 
0.378134 0.386228 
0.646125 0.197028 
0.546553 0.262109 
0.20579 0.547635 
0.870982 0.0677429 
0.0869658 0.706946 
0.0653717 0.747637 
0.792221 0.111131 
0.579011 0.239787 
0.0343862 0.816378 
0.634368 0.2046 
0.515789 0.283102 
0.288157 0.464711 
0.403956 0.365494 
0.986451 0.00775238 
0.32823 0.427905 
0.139444 0.628061 
0.855552 0.0759939 
0.0808741 0.717094 
0.242525 0.509804 
0.589004 0.233423 
0.557069 0.25463 
0.735704 0.14336 
0.941174 0.030786 
0.457466 0.324764 
3.69977e-08 1.00117 
0.623018 0.211757 
0.197748 0.556759 
0.124497 0.649093 
0.161333 0.600551 
0.27278 0.478891 
0.525048 0.276213 
0.670622 0.181852 
0.658715 0.189276 
0.722176 0.151083 
0.265308 0.486249 
0.0954615 0.692996 
0.39531 0.372725 
0.109806 0.670045 
0.168248 0.591436 
0.319878 0.435654 
0.00920335 0.906084 
0.295934 0.457465 
0.0576475 0.761259 
0.258093 0.493517 
0.14651 0.619046 
0.749026 0.13527 
0.806985 0.102793 
0.764128 0.126995 
0.102701 0.681365 
0.922389 0.0403811 
0.311615 0.44255 
0.60103 0.225666 
0.249971 0.501648 
0.0500902 0.777962 
0.467069 0.317942 
0.0420921 0.796529 
0.386295 0.379608 
0.447815 0.332062 
0.190475 0.566223 
0.683416 0.17446 
0.0723784 0.732252 
0.486081 0.304089 
0.708975 0.158815 
0.336066 0.4214 
0.887914 0.0585699 
0.566845 0.247863 
0.905598 0.0490627 
0.117354 0.659004 
0.778662 0.118371 
0.412828 0.358932 
0.303372 0.450664 
0.535584 0.269438 
0.419916 0.352792 
0.219907 0.53236 
0.697128 0.166492 
0.0179711 0.869592 
0.838219 0.0853398 
0.0262435 0.839672 
0.43864 0.338768 
0.28021 0.472266 
0.610935 0.219193 
0.352321 0.407272 
0.495705 0.297542 
0.183059 0.573545 
0.960258 0.0214452 
0.228018 0.523773 
0.153926 0.609395 
0.343676 0.414968 
0.235128 0.51635 
0.175586 0.582301 
0.999869 0.00110769 
0.131695 0.638428 

