0.658052 0.189805 
0.709492 0.159061 
0.722715 0.150994 
0.242191 0.508972 
0.190145 0.565392 
0.0501085 0.778193 
0.960224 0.0210083 
0.0803578 0.718184 
0.622685 0.212267 
0.0880127 0.705167 
0.26518 0.486501 
0.368866 0.393781 
0.257661 0.493667 
0.0951529 0.693274 
0.646922 0.196728 
0.577726 0.240721 
0.439766 0.337707 
0.940595 0.0315875 
0.808893 0.101639 
0.999218 0.00108744 
0.763642 0.127004 
0.403125 0.365949 
0.131744 0.638431 
0.0420782 0.796742 
0.890211 0.0576678 
0.11042 0.669134 
0.00935443 0.905389 
0.160911 0.600184 
0.447953 0.331995 
0.0178026 0.869141 
0.504844 0.290533 
0.63331 0.205215 
0.219947 0.532255 
0.588927 0.233668 
0.751014 0.134408 
0.567274 0.248978 
0.839491 0.0849079 
0.22777 0.525021 
0.515614 0.283203 
0.272432 0.479338 
0.167943 0.591834 
0.535601 0.26984 
0.334855 0.422941 
0.555656 0.255764 
0.212017 0.540575 
0.146509 0.618477 
0.495869 0.297157 
0.525486 0.276249 
0.139151 0.628391 
0.736207 0.142931 
0.360959 0.400964 
0.456969 0.325266 
0.600069 0.226434 
0.183219 0.573453 
0.303996 0.450136 
0.072865 0.731688 
0.981148 0.0104977 
0.422869 0.351164 
0.43014 0.345503 
0.352498 0.407918 
0.288267 0.464646 
0.154067 0.608935 
0.475673 0.311366 
0.871609 0.0675885 
0.853335 0.077264 
0.377415 0.38657 
0.295712 0.457693 
0.923869 0.0398338 
0.412148 0.359312 
0.546241 0.262131 
0.385862 0.380048 
0.777588 0.119494 
0.175734 0.582433 
0.684302 0.174252 
0.116664 0.660323 
0.906031 0.0494354 
0.124544 0.649504 
0.466899 0.318022 
0.0657195 0.745767 
0.204927 0.548999 
0.326635 0.429578 
0.0261714 0.839832 
0.3114 0.443441 
0.319738 0.436133 
0.485493 0.304234 
0.102618 0.68133 
0.823778 0.0931453 
0.610632 0.21975 
0.249961 0.501823 
0.696161 0.167053 
0.197469 0.557177 
0.235038 0.516212 
0.795066 0.109055 
0.6705 0.182349 
0.34431 0.414614 
0.0341664 0.817468 
0.0575971 0.761564 
0.39484 0.372812 
0.280216 0.472254 
7.16393e-08 1.00169 

