0.368861 0.393752 
0.515265 0.283019 
0.272743 0.479348 
0.476625 0.311011 
0.764759 0.126374 
0.735584 0.143083 
0.525709 0.276256 
0.887778 0.0587469 
0.182781 0.573906 
0.242209 0.508913 
0.854503 0.0764573 
0.589603 0.233231 
0.448206 0.331708 
0.420946 0.352356 
0.823035 0.0937671 
0.69621 0.166673 
0.109927 0.66989 
0.197699 0.557008 
0.295785 0.45739 
1.27737e-08 1.00142 
0.578181 0.240624 
0.486455 0.303599 
0.0575462 0.761644 
0.265043 0.486668 
0.556261 0.255134 
0.0652605 0.746364 
0.429941 0.345335 
0.809133 0.102208 
0.073033 0.731518 
0.567562 0.247764 
0.160778 0.600451 
0.385763 0.380239 
0.0341252 0.81737 
0.670114 0.182309 
0.0955001 0.692276 
0.600085 0.226139 
0.634167 0.205102 
0.710391 0.157991 
0.395065 0.372647 
0.190305 0.56528 
0.175358 0.582057 
0.43913 0.338678 
0.320924 0.43544 
0.457587 0.324675 
0.72145 0.151434 
0.343208 0.415159 
0.153605 0.608906 
0.0261321 0.839845 
0.311093 0.443509 
0.494759 0.29772 
0.0497111 0.778598 
0.249717 0.501746 
0.212691 0.540186 
0.102613 0.681251 
0.749451 0.135059 
0.659254 0.189289 
0.941355 0.0305277 
0.168109 0.591561 
0.40293 0.366111 
0.622904 0.211752 
0.546578 0.262222 
0.0423378 0.796044 
0.124419 0.648666 
0.839334 0.084583 
0.466619 0.31778 
0.64686 0.196902 
0.505958 0.28968 
0.871928 0.0671329 
0.131905 0.638318 
0.220193 0.531918 
0.28836 0.464456 
0.961334 0.0203533 
0.117428 0.658728 
0.981703 0.0101022 
0.377592 0.386493 
0.905504 0.0491245 
0.234278 0.517163 
0.611616 0.219326 
0.227241 0.52457 
0.999716 0.00100375 
0.146864 0.618425 
0.683913 0.173827 
0.0176759 0.868497 
0.139051 0.6283 
0.412398 0.359259 
0.353097 0.40708 
0.923358 0.0397666 
0.328339 0.428686 
0.205295 0.548372 
0.0090021 0.907812 
0.360785 0.400718 
0.792822 0.110404 
0.337114 0.420127 
0.535906 0.269416 
0.257584 0.494215 
0.303984 0.44986 
0.0877873 0.704871 
0.778047 0.119068 
0.0804112 0.718055 
0.280373 0.472153 

