10.7523 1e-07 0.00279224 205.165 1e-07 1.69681 0.00307883 4.23771e-05 5308.99 1e-07 106.034 3.2455 0.0477546 0.000163972 2.54354e-06 170934 5120.05 5022.41 248.99 20.8119 0.094402 2e-07 -72.2991 0.915357 4e-07 -1792.77 9.515 -100.522 23.1084 6e-07 -56059.1 -2892.34 -4839.1 -12.1524 -31.4285 1350.96 0.0411781 2.9788 0.0351638 1.49807 0.0315529 1.5 0.125839 0.99991 0.99999 -0.782335
0.0372426 1e-07 4.98125 0.00433371 1e-07 2.12147 1.2577 42.6949 0.00331572 1e-07 0.45292 2.8808 82.7475 13.8953 493.856 0.0406339 0.0186465 0.130027 0.986562 36.0661 74.1229 2e-07 4.94271 -0.0803344 4e-07 6.35907 2.12521 35.5455 28.8087 6e-07 2.24909 11.4254 245.902 -5.35147 30.5916 3440.87 1.50294e-05 0.0700222 1.99601 0.179739 0.998639 1.5 0.357695 0.999944 0.999993 -0.962105
11.25 1e-07 5.03295e-08 217.687 1e-07 1.78433 8.58854e-09 1.29563e-14 5683.92 1e-07 120.448 0.904055 5.38859e-07 5.28373e-14 1.02557e-15 184349 2264.9 5826.74 102.355 19.3748 4.58642e-07 2e-07 -76.5562 0.915915 4e-07 -1917.51 9.94718 -113.756 25.9151 6e-07 -60386.3 -1180.03 -5605.68 187.114 -29.0622 1350 8.97228e-12 3 -0.000224342 1.5 5.48557e-08 1.5 0.14028 0.999962 0.999989 -0.885755
4.488 1e-07 2.81608 50.5711 1e-07 14.9717 10.1487 17.3966 866.981 1e-07 201.292 129.258 217.494 77.3521 154.451 19662.6 5664.87 4052.12 3092.48 1864.89 1439.5 2e-07 -16.8432 0.352699 4e-07 -265.75 21.4137 -211.726 -160.187 6e-07 -5759.31 -2875.83 -3637.08 -3956.85 -3676.07 -418.363 0.0453712 1.5339 1.40579 1.49717 0.984663 1.5 0.293797 0.999979 0.999964 -0.980716
2.79935 1e-07 1.70248 20.9453 1e-07 7.55908 5.10246 9.31463 244.558 1e-07 77.4822 54.8553 92.2929 33.2624 70.4094 3832.56 1548.01 1148.79 993.503 663.539 536.451 2e-07 -7.38047 0.57542 4e-07 -71.6354 11.2571 -84.6273 -53.6061 6e-07 -1006.91 -705.699 -1005.94 -1264.89 -1356.26 960.044 0.460351 1.32594 1.55931 1.22876 0.825755 1.5 0.220456 0.999891 0.999994 -0.98401
9.44167 1e-07 0.00526828 164.752 1e-07 2.04157 0.00100885 7.34272e-05 3952.39 1e-07 113.846 -2.64347 0.0869883 0.000166003 3.41693e-06 118887 -1219.87 4950.86 -130.08 27.1816 -0.0218809 2e-07 -58.8619 0.914862 4e-07 -1344.34 8.24147 -108.586 30.197 6e-07 -39049.3 849.478 -4796.25 432.78 -41.1982 1352.17 0.0411781 2.74796 -0.0614229 1.48299 0.0315529 1.5 0.130034 0.999999 0.99999 -0.997959
4.20517 1e-07 0.0397752 55.2209 1e-07 2.11425 0.109029 0.00511532 1152.89 1e-07 50.9762 6.79824 0.514988 0.0249778 0.00116682 31658.2 1649.16 1643.86 185.968 32.957 2.439 2e-07 -20.7317 0.90796 4e-07 -394.746 3.64679 -52.2489 18.6225 6e-07 -10395.5 -921.921 -1632.9 -125.352 -51.0231 1361.64 0.762646 2.92352 0.115644 1.39298 0.065951 1.5 0.215959 0.999984 1 -0.967757
3.67233 1e-07 0.0395727 38.1551 1e-07 2.09397 0.112771 0.00557031 611.98 1e-07 44.4321 6.35722 0.490621 0.0277364 0.00137182 12837.2 1144.4 1139.85 151.791 31.323 2.46793 2e-07 -15.0793 0.908001 4e-07 -215.467 3.17029 -46.2991 19.1355 6e-07 -4240.98 -635.151 -1159.6 -97.0583 -48.4173 1361.49 0.755595 2.56218 0.09182 1.2267 0.0238406 1.5 0.222401 0.999983 0.999988 -0.978791
9.05612 1e-07 3.69494 153.019 1e-07 37.5092 24.9252 24.391 3553.27 1e-07 715.521 427.077 661.02 192.774 214.738 103343 33882 18734.4 12772.3 6586.34 4687.53 2e-07 -51.267 0.176928 4e-07 -1106.47 50.6432 -739.583 -574.644 6e-07 -30978.4 -18623.9 -17152.6 -16463.2 -12838 -6541.49 0.0748619 2.73985 1.80855 1.44917 0.848049 1.5 0.219566 0.999976 0.999997 -0.994645
6.88243 1e-07 2.28776 111.404 1e-07 25.5488 13.1165 8.86678 2573.59 1e-07 499.591 250.285 269.884 51.4956 35.0585 75020.2 27011.7 13277.2 8405.44 3363.08 1522.69 2e-07 -38.0158 0.458364 4e-07 -806.834 27.427 -521.347 -316.782 6e-07 -22581.7 -15203.8 -12713.7 -10766.4 -6264.59 -672.492 0.43637 2.90737 1.9904 1.41991 0.000737471 1.5 0.35449 0.999983 1 -0.990875
2.15441 1e-07 0.00108283 13.9256 1e-07 1.7954 0.00317148 8.04735e-05 150.034 1e-07 23.1982 1.15083 0.01359 0.000402353 1.02241e-05 2263.24 107.053 374.877 24.7751 19.7443 0.0663004 2e-07 -6.33102 0.915699 4e-07 -53.5496 1.62052 -26.2655 25.6122 6e-07 -713.016 -51.5133 -407.288 33.6976 -29.6555 1350.32 0.041542 -0.0336436 -0.00253825 1.46599 0.00468574 1.5 0.159407 0.999965 0.99999 -0.885462
8.99783 1e-07 1.86348 136.322 1e-07 20.5998 7.94216 3.94958 2720.18 1e-07 394.593 169.705 128.5 16.9397 8.39921 66269.9 19334.3 9828.91 5217.01 1958.31 688.195 2e-07 -48.031 0.54322 4e-07 -890.576 20.0056 -415.366 -199.754 6e-07 -20628.2 -10875.8 -9695.21 -6600.61 -3507.29 813.542 0.121132 2.9062 1.4548 1.21732 0.033751 1.5 0.140933 0.999894 0.999989 -0.97912
3.39445 1e-07 1.1991 24.2368 1e-07 6.10139 2.02299 1.45836 248.532 1e-07 69.8735 40.9709 25.9845 2.48239 1.78044 3275.27 981.432 1023.27 732.321 353.424 134.062 2e-07 -9.46638 0.676095 4e-07 -80.4921 5.93473 -80.3388 -24.2507 6e-07 -881.745 -416.752 -1064.9 -922.918 -640.99 1598.4 0.0109288 1.51327 1.10044 1.05693 0.0331941 1.5 0.159914 0.999971 0.999999 -0.987641
10.3897 1e-07 2.85818 195.461 1e-07 34.9734 21.0327 18.0717 4996.3 1e-07 755.468 402.236 583.032 165.188 162.873 158907 43914.9 21955.6 12389.4 6296.83 4729.63 2e-07 -66.17 0.34428 4e-07 -1589.43 44.5868 -773.08 -531.335 6e-07 -48891.1 -24712.1 -20398 -15906.4 -12087.5 -6846.35 0.0783886 2.97962 1.46328 1.48457 0.977749 1.5 0.219526 0.999999 0.999994 -0.791354
11.1992 1e-07 1.43395 216.308 1e-07 19.2984 5.6495 2.08158 5639.39 1e-07 469.028 150.76 79.2782 8.69122 3.04721 182640 41914.9 15031.7 6040.59 1634.85 429.552 2e-07 -74.6576 0.629126 4e-07 -1850.23 17.6968 -479.634 -169.463 6e-07 -58086.2 -24441.6 -14743 -7457.65 -2798.22 1132.18 0.00438558 2.99872 1.1987 1.49875 0.0548936 1.5 0.285421 0.999909 0.999999 -0.779622
4.20403 1e-07 0.794051 55.1386 1e-07 9.35867 4.84638 4.57931 1167.77 1e-07 175.912 88.4832 122.681 35.3279 39.0945 33014.7 8763.86 4596.1 2541.23 1281.25 949.392 2e-07 -19.9515 0.757105 4e-07 -377.393 11.6716 -183.272 -96.0334 6e-07 -10192.6 -4889.06 -4322.73 -3216.88 -2469.46 -209.825 0.720292 2.645 1.34719 1.49663 0.97527 1.5 0.16812 0.999908 0.99999 -0.885839
2.04953 1e-07 4.56819 12.6007 1e-07 11.3509 -2.15162 34.446 129.108 1e-07 82.008 -19.2705 146.596 -18.9305 344.793 1851.88 -293.381 965.449 -419.147 1129.49 -244.266 2e-07 -1.26155 0.00227671 4e-07 -17.2803 -4.69622 -72.7685 70.0572 6e-07 -274.631 94.086 -669.359 601.275 -2092.67 4019.75 0.00842821 -0.180062 1.94994 1.41965 0.896664 1.5 0.300585 0.999909 0.999987 -0.998509
10.9983 1e-07 1.37712 211.876 1e-07 18.5991 5.41067 1.99621 5521.26 1e-07 452.972 144.996 76.169 8.37705 2.97174 178834 40597.6 14546.7 5806.95 1570.14 412.429 2e-07 -73.1841 0.640491 4e-07 -1812.46 17.1751 -463.099 -161.869 6e-07 -56906.6 -23675.1 -14266 -7162.87 -2687.72 1140.74 0.0272285 2.99929 1.18487 1.49915 0.0976486 1.5 0.282026 0.999942 0.999999 -0.780795
8.66473 1e-07 4.08042 136.728 1e-07 40.3086 29.6204 31.1261 2933.01 1e-07 717.827 472.94 829.701 265.396 318.17 78272.8 28411.8 17340.3 12803.4 7465.56 6025.85 2e-07 -45.6027 0.0998316 4e-07 -895.704 59.1153 -744.73 -649.036 6e-07 -22825.7 -15173.6 -15412.5 -16601.5 -14890.1 -9199.61 0.101446 2.74774 1.91966 1.35605 0.923917 1.5 0.145097 0.999948 0.999994 -0.998234
4.59747 1e-07 0.999401 60.9882 1e-07 12.2516 7.10877 6.42606 1229.05 1e-07 226.42 126.245 198.836 56.6607 60.1462 31856 9742.34 5600.22 3385.02 1893.82 1520.75 2e-07 -21.8945 0.716035 4e-07 -392.947 15.9781 -236.239 -150.007 6e-07 -9653.75 -5329.85 -5160.82 -4341.75 -3737.98 -1270.36 0.715015 2.96246 1.55964 1.30805 0.975723 1.5 0.220823 0.999976 0.999993 -0.971986
0.14679 1e-07 3.7546 0.805904 1e-07 2.09657 0.10762 14.8892 9.03931 1e-07 1.79134 0.668439 45.1137 0.544019 59.1338 142.364 63.2703 24.4378 7.58378 31.7472 6.2698 2e-07 3.36604 0.164996 4e-07 2.77202 -0.0696271 6.95497 40.4451 6e-07 -42.7917 -34.9086 107.773 -13.2467 -213.342 3025.14 0.052903 0.00697901 1.99037 0.171055 0.0334118 1.5 0.170166 0.999983 0.999962 -0.990948
6.23905 1e-07 0.0613699 101.553 1e-07 2.43251 0.00476062 0.0167119 2430.97 1e-07 77.5463 1.57676 2.09295 -0.0108285 0.00855173 74241.2 439.01 2963.9 17.5732 59.0035 -1.29132 2e-07 -36.6437 0.903641 4e-07 -823.547 5.23746 -77.0739 25.4194 6e-07 -24315.6 -179.594 -2894.34 153.569 -98.9124 1377.47 0.529691 2.92646 -0.0896493 1.47229 0.31411 1.5 0.145327 0.999967 0.999999 -0.884211
10.5256 1e-07 0.922621 201.188 1e-07 11.8403 -0.151351 2.71773 5228.85 1e-07 297.734 2.42702 105.271 -0.874089 13.4535 169152 2449.95 9936.98 211.253 1182.13 -38.1493 2e-07 -69.9595 0.731391 4e-07 -1734.32 6.96982 -300.719 28.6761 6e-07 -54485.7 -1335.54 -9521.4 42.1911 -2287.04 1826.84 0.0793305 2.99866 -0.0594919 1.49892 0.993845 1.5 0.354878 0.999985 0.999999 -0.776498
8.89205 1e-07 2.57218 86.1087 1e-07 25.3849 12.5138 6.80808 887.618 1e-07 333.652 202.796 214.389 33.1367 18.0235 9685.97 4747.3 4920.4 3852.74 2306.98 1061.4 2e-07 -32.1525 0.401479 4e-07 -276.239 28.095 -373.387 -254.998 6e-07 -2125.15 -2025.06 -4846.99 -5074.36 -4416.34 365.111 0.0286172 2.98865 1.62708 0.394587 0.000297501 1.5 0.139926 0.999991 0.999988 -0.998194
7.94131 1e-07 0.623842 142.865 1e-07 8.65283 0.013751 1.7976 3635.77 1e-07 211.064 5.82188 70.1643 -0.0370355 8.73164 116479 2434.79 6916.65 253.12 801.958 -1.34585 2e-07 -50.1769 0.791147 4e-07 -1207.64 5.57051 -214.122 22.668 6e-07 -37524.1 -1348.95 -6649.43 -93.2047 -1544.88 1624.76 0.365559 2.99663 -0.0383293 1.49693 0.985009 1.5 0.141775 0.999986 0.999998 -0.779467
4.3304 1e-07 4.13412 46.6097 1e-07 20.4218 16.9083 32.0385 760.522 1e-07 252.086 193.946 361.308 156.88 339.861 16386.5 6340.86 4672.92 4615.75 2885.07 2517.32 2e-07 -14.1792 0.0890904 4e-07 -213.501 33.6984 -261.177 -263.465 6e-07 -4416.04 -3036.46 -3936.14 -5916.3 -5717.85 -2211.89 0.0418945 1.5195 1.82911 1.45344 0.98394 1.5 0.160157 0.999976 0.999962 -0.957732
8.65961 1e-07 0.00116444 117.395 1e-07 1.97448 0.000925274 1.92424e-05 2074.66 1e-07 102.23 0.516594 0.0338234 8.47896e-05 1.66654e-06 44629 198.067 3462.69 25.6417 23.8174 0.0215247 2e-07 -43.8768 0.915682 4e-07 -733.868 7.53843 -97.931 26.3828 6e-07 -14952.2 -29.6963 -3423.17 211.811 -35.8867 1350.43 0.0146731 2.72966 0.00564713 1.14193 0.0292929 1.5 0.139985 0.999984 0.999991 -0.982417
2.10217 1e-07 2.83097 13.2602 1e-07 7.88266 -1.12833 15.9665 139.439 1e-07 61.8908 -11.1265 84.0701 -7.48628 124.448 2053.37 -152.543 778.599 -234.446 650.876 -113.422 2e-07 -3.24925 0.349721 4e-07 -31.4439 -1.90777 -63.0448 54.0361 6e-07 -445.997 46.7871 -630.864 377.318 -1278.81 2890.31 0.0721835 -0.187765 1.52033 1.43367 0.858978 1.5 0.159429 0.999965 0.999951 -0.984734
10.2666 1e-07 4.56959 192.152 1e-07 53.9413 38.8352 38.392 4898.11 1e-07 1117.04 704.031 1183.64 389.958 433.715 155562 57478 31249.9 21805.9 11995 9545.63 2e-07 -63.3427 0.00199669 4e-07 -1499.76 76.2855 -1140.42 -963.422 6e-07 -45981.4 -31718.1 -28136.3 -28103.1 -23316.3 -16054 0.0782753 2.95431 1.99938 1.48977 0.977749 1.5 0.220495 0.999988 0.999994 -0.789006
7.16096 1e-07 2.23358 124.504 1e-07 26.8133 16.8552 15.3574 3118.36 1e-07 560.84 316.801 479.686 140.27 146.367 98961.4 31192.1 15982.5 10001.2 5081.87 3716.44 2e-07 -42.2787 0.469199 4e-07 -979.572 34.9066 -574.895 -414.45 6e-07 -30002.6 -17446.2 -14722.7 -12839.2 -9790.62 -5153.44 0.439373 2.95969 1.7485 1.5 0.928189 1.5 0.288659 0.999983 0.999992 -0.8856
7.87602 1e-07 3.09865 139.526 1e-07 36.1515 24.6926 23.8855 3490.34 1e-07 742.684 451.598 740.756 224.985 247.742 109834 38417 20758.5 14229.7 7530.41 5636.94 2e-07 -46.6353 0.296186 4e-07 -1078.17 49.3687 -760.393 -606.214 6e-07 -32727.1 -21264.6 -18823.9 -18317 -14638 -8711.94 0.36314 2.98197 1.98926 1.48049 0.911838 1.5 0.367267 0.999986 0.99999 -0.962112
7.98311 1e-07 2.09313 72.9992 1e-07 18.7501 8.41856 4.3832 746.975 1e-07 248.859 144.285 127.581 17.6553 9.17891 8420.25 3604.04 3752.04 2782.46 1546.48 654.326 2e-07 -27.7897 0.497289 4e-07 -240.841 20.399 -278.366 -170.067 6e-07 -2028.75 -1568.19 -3783.96 -3613.23 -2880.17 968.712 0.000474709 2.77321 1.4471 0.543255 0.00106088 1.5 0.199665 0.999787 0.99996 -0.993864
7.51677 1e-07 0.4211 125.551 1e-07 6.23891 0.196059 0.744341 2945.31 1e-07 164.581 5.59672 34.9618 0.365113 2.32063 86630.5 1053.65 5518.49 151.475 467.203 18.7938 2e-07 -44.7611 0.831695 4e-07 -990.427 6.02906 -166.154 21.5161 6e-07 -28111.6 -527.728 -5357.18 19.8277 -871.679 1493.36 0.379063 2.9555 0.0270761 1.41314 0.792621 1.5 0.283855 0.999794 0.999993 -0.981456
9.49469 1e-07 0.00130378 160.672 1e-07 1.80915 0.00391081 6.78084e-05 3678.76 1e-07 102.24 1.27968 0.0157975 0.000339039 5.87854e-06 104574 1497.41 4319.41 92.3248 20.0355 0.080504 2e-07 -57.6951 0.915654 4e-07 -1258.87 8.34233 -97.4444 25.4559 6e-07 -34539.9 -766.614 -4194.53 150.385 -30.0965 1350.38 0.075185 2.85319 -0.00042832 1.39391 6.51259e-05 1.5 0.131676 0.999796 0.999989 -0.889461
10.7023 1e-07 0.000210138 193.987 1e-07 1.78825 0.000624243 1.22767e-05 4714.05 1e-07 114.653 1.0427 0.00254641 6.13828e-05 1.20793e-06 141735 1933.75 5194.03 102.63 19.5326 0.0129117 2e-07 -68.8983 0.915873 4e-07 -1602.84 9.44602 -108.553 25.7474 6e-07 -46661.3 -1001.34 -5018.89 171.463 -29.3059 1350.06 0.0105677 2.96006 0.00148523 1.42501 5.48557e-08 1.5 0.14028 0.999964 0.999989 -0.885755
6.56857 1e-07 1.84932 101.813 1e-07 20.92 9.81905 5.98385 2256.45 1e-07 403.284 190.452 181.906 32.7201 19.6846 63160 22011 10482.3 6216.66 2395.56 1006.37 2e-07 -35.2631 0.54605 4e-07 -715.987 21.4704 -422.677 -233.049 6e-07 -19188 -12432.2 -10155.3 -7936.8 -4409.61 161.597 0.449135 2.85544 1.81483 1.39143 5.48557e-08 1.5 0.279142 0.999986 0.999981 -0.885353
2.30087 1e-07 4.7077 15.8764 1e-07 12.5251 -2.12051 36.198 182.519 1e-07 98.1384 -20.7594 153.627 -16.0058 368.123 2936.63 -477.601 1263.2 -579.781 1268.88 -222.263 2e-07 -2.35609 -0.0256253 4e-07 -33.0568 -4.63864 -89.0658 71.7852 6e-07 -572.818 198.437 -964.183 816.267 -2314.75 4029.17 0.00842821 -0.23209 1.98572 1.49915 0.896604 1.5 0.297016 0.999934 0.999989 -0.889279
10.5215 1e-07 3.32467 183.412 1e-07 37.8477 23.6172 20.7232 4243.3 1e-07 753.644 426.174 652.071 175.697 177.516 120698 35960.2 20032.1 12300.2 6512.58 4749.05 2e-07 -62.2205 0.250981 4e-07 -1342.86 49.3017 -778.184 -568.897 6e-07 -36684.4 -19854.1 -18461.4 -15882.2 -12723.2 -6727.78 0.0294095 2.98885 1.62179 1.35605 0.891385 1.5 0.146905 0.999948 0.999994 -0.994655
7.20778 1e-07 1.84931 126.738 1e-07 23.0584 10.295 5.98384 3207.81 1e-07 495.602 218.167 199.174 34.2878 19.6846 102760 33393.7 14473.2 8043.7 2825.55 1117.86 2e-07 -43.3798 0.546054 4e-07 -1019.91 22.58 -512.322 -268.211 6e-07 -31557.8 -19146.6 -13980.6 -10214.9 -5137.36 -48.5154 0.449135 3 1.81483 1.5 5.48557e-08 1.5 0.279065 0.999986 0.999981 -0.885353
7.99657 1e-07 3.76545 76.9329 1e-07 33.324 21.1941 14.9304 841.214 1e-07 398.71 286.926 406.991 84.241 59.2973 10243.3 5790.9 5613.94 4921.52 3470.9 2023.06 2e-07 -27.311 0.162825 4e-07 -229.325 43.0476 -450.238 -387.367 6e-07 -1920.66 -2336.12 -5113.78 -6648.8 -7030 -1102.4 0.0502855 2.82016 1.99037 0.589533 0.0334118 1.5 0.200095 0.999977 0.999962 -0.990876
7.0925 1e-07 1.84931 121.383 1e-07 22.6796 10.2322 5.98386 2980.84 1e-07 476.187 212.851 196.488 34.0877 19.6848 92516.1 30575.6 13542.4 7615.56 2738.61 1097.4 2e-07 -41.6581 0.546054 4e-07 -947.596 22.4246 -493.693 -261.58 6e-07 -28354.7 -17478 -13091.1 -9684.36 -4994 -10.4852 0.449135 2.98001 1.81483 1.46978 0.00125045 1.5 0.279065 0.999985 0.999981 -0.884251
0.0263204 1e-07 1.00182 0.00225316 1e-07 2.02279 0.0165712 3.01094 0.00282331 1e-07 0.317317 0.100585 36.0009 0.0827893 15.082 0.0404891 0.0179827 0.0677849 0.0255546 25.8146 0.999001 2e-07 0.974826 0.715551 4e-07 6.06527 -0.347308 -3.34798 31.1141 6e-07 1.57162 0.330149 106.96 -2.84093 -203.534 1785.76 1.50294e-05 0.0700222 0.0675075 0.146232 0.998639 1.5 0.128243 0.99991 0.99999 -0.998308
8.69904 1e-07 3.00178 137.671 1e-07 30.2934 19.0413 17.4874 2960.72 1e-07 559.042 322.59 481.246 131.298 138.245 79194.8 24338.9 13959.2 8979.69 4710.31 3305.04 2e-07 -46.9985 0.315558 4e-07 -935.006 39.9915 -582.243 -426.771 6e-07 -23923.9 -13298.7 -12893.5 -11594.5 -9224.7 -4013.84 0.101446 2.75438 1.62574 1.35666 0.833828 1.5 0.145097 0.999947 0.999963 -0.998234
10.6257 1e-07 2.95599 191.387 1e-07 33.8389 15.1744 8.88017 4619.86 1e-07 702.277 315.135 286.524 45.6455 26.6976 137929 42807.2 19622.9 11058.6 4038.77 1582.49 2e-07 -65.0857 0.324718 4e-07 -1475.83 33.3133 -729.238 -399.167 6e-07 -42487.1 -24389 -19002.4 -14081.3 -7347.92 -469.191 0.015682 2.95783 1.73268 1.41787 0.0217457 1.5 0.163528 0.999959 0.999992 -0.995177
3.6489 1e-07 4.907 32.4597 1e-07 20.1454 19.4732 41.6511 434.948 1e-07 205.458 186.593 395.637 197.21 477.939 7673.24 3590.59 3134.64 3678.68 2675.49 2673.64 2e-07 -8.47981 -0.0654846 4e-07 -102.508 38.2594 -209.539 -264.499 6e-07 -1709.63 -1419.34 -2306.62 -4715.39 -5433.73 -2373.01 1.50294e-05 1.39084 1.97754 1.30939 0.998211 1.5 0.357695 0.999944 0.999989 -0.932596
0.024071 1e-07 2.08772 0.0478382 1e-07 2.0229 -0.102131 4.37172 0.528396 1e-07 0.290685 -0.963656 24.9822 -0.188784 9.15482 8.32108 3.69808 1.45024 0.279316 26.2366 -6.10877 2e-07 2.04929 0.498372 4e-07 5.86234 -0.586794 -1.92795 38.2893 6e-07 -1.5713 -6.0878 73.0584 4.91574 -155.952 2262.22 0.00309215 -0.0399672 1.4471 0.124777 0.000436602 1.5 0.169736 0.999794 0.99996 -0.993936
6.95397 1e-07 1.83091 118.167 1e-07 22.2642 12.7194 10.6725 2890.33 1e-07 464.683 244.728 339.417 88.7853 85.3364 89435.3 26308.1 13170.8 7740.05 3706.59 2449.92 2e-07 -40.5731 0.549732 4e-07 -918.474 27.3553 -478.15 -311.759 6e-07 -27397.5 -14790.7 -12302.9 -9915.05 -7099.53 -2755.62 0.46432 2.97962 1.63508 1.46738 0.838763 1.5 0.217287 0.999985 0.999962 -0.937954
1.33387 1e-07 0.897172 5.40824 1e-07 3.14074 0.0542914 2.47771 37.3262 1e-07 20.3556 0.721688 34.3169 0.239496 11.4042 372.548 37.1584 189.876 9.62384 119.038 4.07354 2e-07 -2.05916 0.736481 4e-07 -7.18389 0.702143 -25.2808 29.8561 6e-07 -47.3128 -18.5259 -129.221 25.5912 -338.36 1731.78 0.0273025 -0.0644718 -0.170927 1.14193 0.944745 1.5 0.145592 0.999983 0.999991 -0.98248
9.66649 1e-07 0.84393 149.913 1e-07 10.1572 0.334247 2.14066 3063.23 1e-07 241.939 6.80955 85.4927 1.41051 9.05006 76688.4 755.246 7055.94 186.766 929.464 60.8353 2e-07 -53.7966 0.747129 4e-07 -1038.41 7.49074 -246.176 21.2731 6e-07 -24860.1 -336.989 -6821.73 34.0805 -1810.25 1597.8 0.00194609 2.84478 0.0452416 1.26023 0.918422 1.5 0.123951 0.999864 0.99996 -0.992875
4.72001 1e-07 0.0860852 70.1285 1e-07 2.1351 0.252143 0.0291223 1650.55 1e-07 51.7029 7.65396 1.09366 0.145509 0.0169036 50952 2969.06 1793.35 228.593 39.5212 6.07119 2e-07 -25.6725 0.898698 4e-07 -558.889 4.4004 -52.9844 17.2681 6e-07 -16677.7 -1696.93 -1768.14 -165.901 -62.4966 1373.45 0.718517 2.9636 0.095792 1.49735 0.00879066 1.5 0.340858 0.999943 0.999999 -0.756768
9.37884 1e-07 0.017721 157.881 1e-07 2.15727 0.0142273 0.000645036 3600.84 1e-07 115.052 6.07873 0.298706 0.00124932 4.58155e-05 102018 2278.06 4790.04 266.739 35.5291 0.579843 2e-07 -56.7253 0.912371 4e-07 -1231.66 8.18722 -110.023 19.7457 6e-07 -33631 -1220.92 -4657.12 -79.4348 -54.6574 1356.13 0.0836192 2.84411 0.115644 1.39298 0.0581418 1.5 0.168276 0.999974 0.999987 -0.998392
4.87729 1e-07 0.463162 74.0657 1e-07 7.03544 1.74585 0.570813 1767.44 1e-07 153.9 47.7008 22.1097 2.37504 0.773761 55092.5 12990.5 4627.2 1802.89 478.074 119.688 2e-07 -26.6338 0.823283 4e-07 -583.193 6.5518 -159.569 -34.9074 6e-07 -17525.7 -7566.46 -4574.16 -2188.02 -812.083 1315.27 0.705992 2.99042 1.17128 1.49784 0.0315529 1.5 0.290362 0.99991 0.99999 -0.749787
4.0332 1e-07 0.0164272 50.5366 1e-07 2.02166 0.0426765 0.000834072 1028.38 1e-07 47.0904 5.87982 0.201048 0.00404279 7.81862e-05 28104.7 1539.38 1446.7 163.484 27.4663 0.91463 2e-07 -19.1778 0.91263 4e-07 -352.984 3.37509 -48.4583 19.8635 6e-07 -9224.35 -863.241 -1444.46 -99.766 -41.8158 1354.99 0.720292 2.52747 0.09182 1.49569 0.0238406 1.5 0.138966 0.999892 0.999994 -0.923411
6.46676 1e-07 1.88282 99.2529 1e-07 20.066 9.39438 6.15297 2194.57 1e-07 381.903 182.133 175.518 30.7823 20.2267 61617.9 20533 9936.2 6096.37 2323.15 983.015 2e-07 -34.3598 0.53935 4e-07 -697.426 20.6986 -400.576 -221.252 6e-07 -18770.4 -11576.7 -9616.37 -7767.94 -4271.44 230.822 0.428568 2.75889 1.81055 1.4205 0.0325324 1.5 0.145063 0.999985 0.99999 -0.999471
4.63294 1e-07 0.0380962 68.6607 1e-07 2.03293 0.106262 0.00486478 1622.37 1e-07 48.8216 6.94731 0.46407 0.0240586 0.00111935 50368.8 3620.43 1667.62 235.77 32.4961 2.36776 2e-07 -25.1931 0.908296 4e-07 -549.272 4.04932 -50.0652 18.4456 6e-07 -16488.9 -2091.35 -1648.02 -174.589 -50.1021 1361.09 0.734561 2.99778 0.115644 1.49688 0.032922 1.5 0.215959 0.999984 1 -0.660078
0.0376247 1e-07 4.81501 0.00571253 1e-07 2.11642 1.19572 37.8178 0.018413 1e-07 0.457143 2.92089 76.778 12.03 393.716 0.278267 0.124274 0.173214 1.01795 35.6956 70.3458 2e-07 4.77567 -0.0470861 4e-07 6.33803 2.00261 30.6984 30.0458 6e-07 2.18382 11.5228 227.93 -6.90969 -38.7806 3384.61 0.000103334 0.0713431 1.99601 0.179739 0.911838 1.5 0.357695 0.999945 0.99999 -0.962112
10.1609 1e-07 1.84298 185.289 1e-07 21.6279 7.51879 3.59299 4593.14 1e-07 482.572 181.404 121.066 14.7323 7.02544 141816 35003.6 14508.5 6913.92 2131.08 666.5 2e-07 -63.9045 0.547319 4e-07 -1498.35 20.0185 -497.861 -212.069 6e-07 -44725.1 -20203.4 -14196.6 -8648.08 -3733.43 853.462 0.0534512 2.9062 1.39454 1.47024 0.0343287 1.5 0.140933 0.999988 0.999989 -0.984934
10.3498 1e-07 3.38364 192.469 1e-07 39.5665 25.5582 23.8824 4850.84 1e-07 831.128 473.907 752.026 218.876 236.51 151905 44069.6 23632.6 14496.2 7706.37 6037.4 2e-07 -64.7068 0.239188 4e-07 -1529.02 52.6827 -850.5 -634.879 6e-07 -46266.7 -24536.1 -21648.8 -18657.2 -14958.5 -9273.99 0.0780974 2.98081 1.63509 1.46656 0.993467 1.5 0.340011 0.999985 0.999962 -0.957657
9.87404 1e-07 2.96322 181.54 1e-07 34.6272 21.1039 18.7263 4553.07 1e-07 729.773 397.38 587.495 160.72 164.311 142218 40157.5 20844.2 12362.4 6215.97 4474.82 2e-07 -61.3728 0.323271 4e-07 -1443.58 44.3262 -748.282 -525.478 6e-07 -43569.6 -22484.6 -19305.9 -15881 -11984.2 -6310.19 0.121132 2.96028 1.5886 1.47024 0.919276 1.5 0.145517 0.999986 0.999989 -0.957708
2.61837 1e-07 0.0312514 19.2068 1e-07 2.07814 0.0279255 0.00167455 224.776 1e-07 31.8975 2.00035 0.380217 0.00271076 0.000111202 3574.48 646.985 580.325 45.1624 30.0473 0.357251 2e-07 -8.34915 0.909665 4e-07 -80.4053 2.03843 -34.9489 24.6589 6e-07 -1137.63 -368.977 -617.444 19.7734 -46.7175 1362.02 0.624838 1.2839 -0.23132 1.25837 0.00274146 1.5 0.133728 0.999965 0.999998 -0.987748
7.98529 1e-07 0.670308 72.5706 1e-07 7.31896 -0.615435 1.34812 734.758 1e-07 143.053 -10.5605 55.0153 -2.0363 4.51788 8167.94 -242.179 2638.45 -197.709 500.389 -84.8085 2e-07 -29.0862 0.781854 4e-07 -271.041 4.61919 -149.172 45.2787 6e-07 -2469.88 140.923 -2635.55 509.238 -1025.76 1802.16 0.000421913 2.77626 -0.114083 0.529209 0.810903 1.5 0.167631 0.999786 0.99996 -0.986672
4.82301 1e-07 0.469603 73.0217 1e-07 7.15351 1.81606 0.612406 1743.6 1e-07 156.089 49.047 23.59 2.61646 0.882378 54450.3 13084.9 4682.34 1849.47 497.198 127.588 2e-07 -26.2599 0.821995 4e-07 -574.643 6.61888 -161.873 -36.7849 6e-07 -17298.3 -7619.11 -4626.31 -2250.22 -847.54 1302.72 0.713881 2.99945 1.1987 1.49871 0.0559603 1.5 0.284015 0.999984 0.999999 -0.748425
5.72552 1e-07 0.0786472 93.1644 1e-07 2.01519 0.235826 0.0302618 2287.32 1e-07 58.8694 6.02639 1.01231 0.151309 0.0194178 72208.5 2664.49 2274.66 179.756 34.2889 5.73833 2e-07 -33.5962 0.900186 4e-07 -773.315 5.31271 -59.0685 19.2451 6e-07 -23655.5 -1501.03 -2222.58 -74.2515 -54.3911 1371.02 0.612494 2.99619 0.00612628 1.49726 0.00879066 1.5 0.358235 0.999944 0.999999 -0.756768
9.41021 1e-07 4.90506 147.209 1e-07 48.7667 38.3157 41.5941 3072.46 1e-07 846.615 592.449 1119.14 385.633 476.729 79144 30856.2 19720.7 15158.1 9562.24 8460.72 2e-07 -48.6679 -0.0650969 4e-07 -922.648 75.4969 -878.154 -826.883 6e-07 -22582.6 -16178.4 -17108.8 -19713.9 -19304.2 -13921.1 1.50294e-05 2.77413 1.97754 1.30939 0.99724 1.5 0.357695 0.999944 0.999989 -0.932596
10.1857 1e-07 3.08 161.516 1e-07 34.1886 20.7923 17.0669 3333.19 1e-07 634.155 359.501 529.822 137.771 129.052 83652.6 26373.4 15370.6 9469.38 5127.55 3602.7 2e-07 -55.5605 0.299916 4e-07 -1058.91 44.0762 -662.476 -477.471 6e-07 -25258.2 -14364.9 -14254.4 -12274.8 -10089.8 -4557.05 0.0108773 2.95974 1.55931 1.23 0.825755 1.5 0.220456 0.99993 0.999994 -0.923503
8.53289 1e-07 4.58275 81.9357 1e-07 41.3293 33.7251 32.1604 868.501 1e-07 480.348 409.402 879.654 272.59 292.053 10036.8 5846.81 6458.58 6253.03 5494.66 5092.24 2e-07 -28.5308 -0.000633919 4e-07 -218.498 66.9998 -534.258 -586.862 6e-07 -1477.8 -1891.5 -4737.63 -8490.41 -12175.6 -7328.94 0.00350464 2.87895 1.98694 0.516383 0.80674 1.5 0.166599 0.999988 0.99996 -0.986764
11.0552 1e-07 4.2897 213.045 1e-07 52.723 35.836 33.1158 5550.17 1e-07 1126.82 672.167 1060.97 334.762 348.1 179693 62552.8 32380 21091.8 11194.2 8604.6 2e-07 -70.6791 0.0579756 4e-07 -1719.93 71.253 -1149.94 -912.616 6e-07 -53824.1 -34873.3 -29541.1 -27165.5 -21587.2 -14163.4 0.0198526 2.9978 1.8536 1.49892 0.968586 1.5 0.35771 0.999961 0.999999 -0.722124
3.29665 1e-07 0.0274078 26.5867 1e-07 2.06045 -0.00425388 0.00224353 323.368 1e-07 39.7089 -1.00833 0.933894 -0.000548356 0.000304876 5181.4 -42.74 794.88 -19.8582 29.6798 -0.258447 2e-07 -11.2453 0.910434 4e-07 -117.416 2.59885 -41.9158 28.3767 6e-07 -1679.24 38.0201 -831.415 127.821 -49.2275 1361.6 0.000712867 1.31736 -0.0475651 1.24978 0.158594 1.5 0.133819 0.999892 0.999944 -0.985917
6.10733 1e-07 0.00939439 40.2321 1e-07 1.952 0.00722662 0.000157951 276.276 1e-07 68.8799 4.67472 0.110871 0.000459748 8.97072e-06 2019.1 224.133 1128.33 125.726 26.805 0.247198 2e-07 -18.1675 0.914036 4e-07 -117.259 5.21785 -67.8499 21.413 6e-07 -537.607 -92.7078 -1223.21 6.01209 -40.6959 1353.36 0.0765635 2.52747 0.09182 0.197559 0.0118841 1.5 0.138966 0.999796 0.999995 -0.924557
0.0379321 1e-07 2.50632 0.0380022 1e-07 1.97455 -0.201608 6.29584 0.3936 1e-07 0.443056 -2.19484 28.9189 -0.205813 15.8154 6.19208 2.75167 1.14662 -0.244427 26.5323 -11.5438 2e-07 2.45699 0.414651 4e-07 5.76756 -0.763382 0.0339251 41.6954 6e-07 -0.0359442 -10.4842 85.054 8.96878 -170.321 2464.08 0.00230097 -0.0960554 1.58494 0.153635 0.000902268 1.5 0.16131 0.999948 0.999963 -0.952128
10.363 1e-07 2.52796 176.017 1e-07 29.1616 16.1923 12.7937 3946.04 1e-07 588.143 301.708 413.391 99.014 90.5074 108385 28368.8 15681.5 8648.05 4318.16 2895.61 2e-07 -60.6402 0.410322 4e-07 -1272.34 36.0438 -608.878 -391.044 6e-07 -33520.8 -15770.9 -14728.2 -11111.8 -8354.88 -3310.9 0.0407101 2.9958 1.39058 1.31623 0.836878 1.5 0.166689 0.999911 0.999965 -0.982852
11.201 1e-07 0.987646 216.368 1e-07 12.6261 -0.199197 2.93565 5641.63 1e-07 320.029 1.7445 113.821 -0.988036 14.549 182736 2489.79 10725.7 207.7 1277.16 -43.04 2e-07 -75.1236 0.718386 4e-07 -1870.98 7.33555 -322.909 29.9567 6e-07 -58862.4 -1352.73 -10272.3 68.091 -2471.62 1865 0.00419501 2.99866 -0.0594919 1.49892 0.993845 1.5 0.35771 0.999944 0.999999 -0.779622
6.42889 1e-07 2.64993 102.8 1e-07 28.6725 20.7134 22.0706 2395.45 1e-07 551.765 354.586 621.111 205.941 251.734 71140.5 25453.3 14561.4 10536 5940.31 4884.51 2e-07 -34.6189 0.38593 4e-07 -735.419 41.5807 -566.749 -475.622 6e-07 -20978.8 -13869.8 -13003.6 -13566.9 -11677.5 -7452.36 0.469533 2.82492 1.98345 1.46547 0.991575 1.5 0.297199 0.999985 0.999961 -0.967041
3.51213 1e-07 0.0868699 31.5227 1e-07 2.23767 -0.00715361 0.0235678 433.428 1e-07 43.407 -0.362835 3.09821 -0.00457904 0.0107523 7912.63 51.3167 949.641 -5.31765 44.4092 -0.614955 2e-07 -12.8821 0.898541 4e-07 -154.838 2.75497 -45.7536 27.932 6e-07 -2590.18 -12.0506 -975.494 113.709 -82.1573 1386.63 0.0657829 1.32844 -0.0475651 1.35508 0.298831 1.5 0.142215 0.999922 0.999943 -0.962487
3.92595 1e-07 1.01917 30.2981 1e-07 10.442 5.55805 3.5309 288.621 1e-07 118.128 77.6576 99.9954 19.7705 12.5426 3379.42 1826.13 1507.54 1233.36 859.985 481.055 2e-07 -11.9962 0.71208 4e-07 -85.5584 12.6235 -135.778 -84.2328 6e-07 -711.805 -780.923 -1434.48 -1627.74 -1736.39 819.228 0.720292 2.86404 1.8841 0.197559 0.0238406 1.5 0.190353 0.999892 0.999994 -0.919827
4.50252 1e-07 0.760846 65.7436 1e-07 10.91 4.15096 2.09156 1543.98 1e-07 228.512 92.3005 72.3827 12.3661 6.01311 47832.6 15895.1 6516.05 3301.02 1097.68 401.899 2e-07 -23.4647 0.763746 4e-07 -496.207 10.2438 -237.545 -97.0198 6e-07 -14751.2 -9153.35 -6360.53 -4153.12 -1970.59 885.655 0.748438 2.99276 1.6967 1.49918 0.0179898 1.5 0.221052 0.999961 0.999989 -0.666118
5.55779 1e-07 1.80529 86.8514 1e-07 21.0958 13.498 12.4298 2047.69 1e-07 420.445 245.593 377.097 112.319 118.043 62157.8 21762 11451.3 7602.56 3900.89 2788.73 2e-07 -29.8079 0.554858 4e-07 -637.871 27.8673 -433.307 -316.754 6e-07 -18592.8 -12079.4 -10509.9 -9765.65 -7551.31 -3512.55 0.610144 2.92646 1.91474 1.47326 0.869789 1.5 0.364456 0.999967 0.999998 -0.888664
9.31601 1e-07 3.43372 153.953 1e-07 34.9253 23.2841 22.8819 3456.84 1e-07 658.496 391.935 626.742 187.204 212.151 96722.1 29411.4 16893.5 10983.2 6018.93 4692.19 2e-07 -52.0682 0.229172 4e-07 -1086.23 48.1158 -681.526 -526.741 6e-07 -29181 -16069.8 -15417 -14180.4 -11830.3 -6641.43 0.028326 2.74774 1.62179 1.40425 0.948597 1.5 0.360542 0.999948 0.999994 -0.961979
10.8157 1e-07 0.941546 207.189 1e-07 12.4417 0.210769 2.76796 5379.1 1e-07 327.005 5.85393 112.849 1.02101 13.574 173704 1392.75 11222.9 209.929 1344.21 46.2419 2e-07 -72.0307 0.727606 4e-07 -1783.59 7.83946 -328.925 23.1993 6e-07 -55855.3 -687.867 -10744.8 41.9684 -2565.56 1671.85 0.0409209 2.98918 0.0173213 1.49866 0.99021 1.5 0.145489 1 0.999993 -0.956
7.00454 1e-07 2.28776 114.972 1e-07 26.0333 13.281 8.86678 2686 1e-07 515.226 256.266 275.64 52.1475 35.0585 79047.4 28333.1 13830.8 8660.45 3454.02 1553.29 2e-07 -39.2083 0.458364 4e-07 -842.672 27.771 -536.921 -324.618 6e-07 -23824.1 -15972.5 -13243.3 -11091.4 -6428.6 -731.479 0.43637 2.94439 1.9904 1.41991 0.000737471 1.5 0.35449 0.999983 1 -0.990875
6.92197 1e-07 2.46132 117.424 1e-07 29.1669 19.5178 18.8098 2869.43 1e-07 594.066 357.205 583.514 176.686 194.225 88723.3 30397.8 16438.5 11074 5900.01 4470.71 2e-07 -39.6879 0.42365 4e-07 -890.751 39.5423 -609.206 -473.715 6e-07 -26516.1 -16821.1 -14933.4 -14250.4 -11482.9 -6618.66 0.467856 2.97962 1.929 1.46677 0.928852 1.5 0.217287 0.999986 0.999993 -0.957906
5.42786 1e-07 0.0332799 83.9998 1e-07 2.09057 0.0295368 0.00190963 1972.21 1e-07 61.5876 0.283547 0.395346 0.00373921 0.00014489 59745.2 -772.594 2290.03 -76.8727 33.8249 0.296626 2e-07 -30.5945 0.909259 4e-07 -669.392 4.61242 -61.7075 26.7237 6e-07 -19587.8 529.31 -2244.69 249.003 -52.4453 1362.95 0.624838 2.92395 -0.231859 1.47347 0.000120937 1.5 0.144859 0.999965 0.999998 -0.871891
0.0376247 1e-07 3.98524 0.00571253 1e-07 2.08539 0.79414 15.9092 0.018413 1e-07 0.453704 2.87942 46.9224 3.77377 63.6115 0.278267 0.124274 0.172586 1.01082 33.4427 46.2703 2e-07 3.9459 0.118867 4e-07 6.24493 1.20566 9.00643 35.9053 6e-07 2.16663 11.3576 138.387 -11.476 -215.778 3038.5 0.000103334 0.0713431 1.99601 0.179739 0.0399817 1.5 0.357695 0.999943 0.99999 -0.962113
2.19779 1e-07 2.10893 14.4874 1e-07 6.62984 -0.623346 4.4717 159.127 1e-07 56.8585 -9.33915 35.4603 -1.31518 9.48293 2446.4 -310.646 769.09 -246.248 421.631 -45.9074 2e-07 -4.43509 0.494128 4e-07 -42.3361 -0.559667 -66.4034 50.5013 6e-07 -608.755 150.928 -753.574 411.815 -805.317 2350.39 0.00542711 -0.204837 1.45611 1.46818 0.0065891 1.5 0.154746 0.999932 0.999989 -0.998265
11.0225 1e-07 3.40343 212.075 1e-07 40.7804 19.3529 11.8246 5518.23 1e-07 883.417 402.628 387.783 68.1072 41.1027 178481 58499.8 25920.2 14913.8 5355.73 2187.7 2e-07 -71.2417 0.235229 4e-07 -1745.2 40.6455 -911.398 -519.592 6e-07 -54645.6 -33471.8 -24935.9 -19004.3 -9788.21 -1480.31 0.0202693 2.99276 1.86363 1.49914 0.0179898 1.5 0.139945 0.999961 0.999989 -0.927839
9.63146 1e-07 0.00655702 168.699 1e-07 2.05624 -0.000836874 7.68923e-05 4052.18 1e-07 116.355 -3.46768 0.103549 4.90547e-05 1.98462e-06 121954 -1539.17 5073.92 -164.573 28.2767 -0.082033 2e-07 -60.2346 0.914604 4e-07 -1378.19 8.40868 -110.888 31.2006 6e-07 -40056.5 1040.88 -4914.24 482.667 -42.9405 1352.8 0.0158736 2.74796 -0.073447 1.48299 0.0315529 1.5 0.130034 0.999999 0.99999 -0.997598
3.39215 1e-07 0.176483 23.5114 1e-07 3.14297 -0.0941505 0.327323 217.599 1e-07 48.5417 2.72321 12.5665 -0.421955 1.08106 2702.86 877.673 760.346 72.6242 121.193 -15.5888 2e-07 -10.2691 0.880619 4e-07 -79.3621 2.29003 -52.7609 24.9477 6e-07 -785.748 -503.885 -793.054 4.94777 -244.192 1455.92 0.751347 2.6031 -0.105216 0.259328 0.806744 1.5 0.125839 0.999903 0.999961 -0.984177
6.85498 1e-07 2.6875 107.17 1e-07 29.917 20.8424 20.0622 2375.02 1e-07 561.556 353.181 580.934 186.987 202.668 66276.4 25094.7 14160 9896.11 5564.07 4339.34 2e-07 -36.3184 0.378415 4e-07 -729.924 41.9799 -581.342 -473.442 6e-07 -19450.2 -13658.3 -12791.9 -12797 -10950.7 -6340.28 0.410595 2.85319 1.91432 1.38646 0.916697 1.5 0.280264 0.99998 0.999998 -0.791003
3.24937 1e-07 0.0302783 26.0718 1e-07 2.07049 -0.00219114 0.00276278 316.479 1e-07 39.2362 -0.678431 1.02259 -0.000458532 0.00042081 5068.91 13.2581 780.79 -12.7014 30.3439 -0.230917 2e-07 -11.0406 0.90986 4e-07 -114.804 2.55767 -41.5206 27.9882 6e-07 -1640.97 5.3637 -817.149 116.657 -50.6482 1362.72 0.0458518 1.31736 -0.0475651 1.24978 0.169152 1.5 0.133645 0.999934 0.999943 -0.985917
9.59524 1e-07 1.87889 173.126 1e-07 21.9962 8.02443 4.01519 4276.94 1e-07 482.571 187.468 133.126 17.2333 8.60916 131868 34116.7 14314 7063.1 2240.3 733.846 2e-07 -59.6542 0.540137 4e-07 -1390.22 20.438 -498.695 -221.34 6e-07 -41424.5 -19658.1 -13987.1 -8864.42 -3952.59 736.626 0.121132 2.9062 1.46081 1.47024 0.033751 1.5 0.140933 0.999988 0.999989 -0.984973
4.77206 1e-07 0.015239 65.5979 1e-07 1.97916 0.0450827 0.00110164 1402.94 1e-07 54.5331 4.27224 0.190029 0.00550635 0.000134592 39457.4 1097 1846.99 109.54 25.3357 0.939842 2e-07 -24.4362 0.912867 4e-07 -480.544 4.06514 -55.0297 21.7763 6e-07 -12967.5 -591.933 -1826.6 -8.88017 -38.5434 1354.46 0.614407 2.56007 0.00215423 1.49559 0.0238406 1.5 0.156343 0.999893 0.999994 -0.923411
2.15657 1e-07 2.47198 13.9524 1e-07 7.2498 -0.0814204 6.11411 150.447 1e-07 59.3182 -1.74717 41.7525 0.0294999 15.1225 2271.14 -73.4806 773.48 -62.7785 476.237 -4.5129 2e-07 -3.87031 0.421519 4e-07 -37.337 0.362437 -68.9973 40.5614 6e-07 -535.197 38.0152 -748.305 163.75 -908.756 2434.02 0.000569443 -0.0569883 1.5727 1.4674 0.00128374 1.5 0.162099 0.999945 0.999962 -0.962165
6.4169 1e-07 0.0132104 83.3159 1e-07 2.04097 0.030946 0.000718707 1451.87 1e-07 76.7654 4.87141 0.175266 0.00344876 7.91877e-05 30867.8 1012.64 2479.07 147.003 27.6833 0.679336 2e-07 -31.3985 0.913273 4e-07 -512.753 5.53104 -75.2203 21.1028 6e-07 -10328.4 -527.138 -2462.39 -11.4795 -42.1194 1354.12 0.43637 2.90737 0.0676932 1.09096 0.0333632 1.5 0.151383 0.999956 1 -0.986153
3.1693 1e-07 1.71262 28.96 1e-07 8.75138 5.14323 9.40563 427.948 1e-07 107.37 65.6315 99.483 33.6411 71.3093 8645.29 2976.78 1968.42 1601.18 891.428 610.548 2e-07 -10.1447 0.573391 4e-07 -131.09 11.439 -115.024 -66.6812 6e-07 -2484.68 -1518.49 -1814.93 -2022.79 -1732.96 829.214 0.460351 1.32594 1.56533 1.48169 0.825755 1.5 0.220456 0.999985 0.999994 -0.98402
10.3455 1e-07 3.64954 167.789 1e-07 40.1225 27.3971 25.7558 3556.04 1e-07 743.165 458.569 787.585 234.184 254.334 91895.4 29433.4 18130.7 11869.4 7109.82 6020.6 2e-07 -57.0327 0.186008 4e-07 -1114.24 56.2453 -771.679 -623.117 6e-07 -27408.8 -15820.7 -16321.9 -15424.4 -14214.5 -9212.87 0.00139201 2.96122 1.63455 1.26012 0.991385 1.5 0.138925 0.999894 0.999943 -0.957655
9.45667 1e-07 4.19356 169.01 1e-07 45.8638 32.2195 32.3433 4143.51 1e-07 912.178 567.287 942.442 290.47 330.924 126919 44677.2 24765.7 17496.8 9344.91 7038.46 2e-07 -55.9661 0.0772027 4e-07 -1274.47 63.9277 -935.874 -772.514 6e-07 -37658.3 -24564.8 -22368.5 -22554 -18248.8 -11117.8 0.121132 2.87895 1.98694 1.47024 0.901102 1.5 0.290456 0.999988 0.999989 -0.984924
5.90646 1e-07 0.0369251 91.7716 1e-07 2.12336 0.0125659 0.00222048 2116.07 1e-07 67.6853 -1.44101 0.453349 0.00157205 0.000156776 62622.2 -1169.37 2533.72 -131.302 36.535 -0.225672 2e-07 -33.401 0.90853 4e-07 -720.224 5.01028 -67.2884 28.881 6e-07 -20564.3 766.376 -2481.61 334.292 -56.9547 1365.38 0.529691 2.80296 -0.241447 1.47241 0.0307676 1.5 0.130801 0.999967 0.999991 -0.884211
3.71555 1e-07 0.017752 37.4662 1e-07 2.05271 0.0424768 0.000842084 573.764 1e-07 44.7186 6.12326 0.215008 0.00393982 7.54955e-05 11419.6 1137.2 1117.64 154.824 28.338 0.927328 2e-07 -14.9377 0.912365 4e-07 -203.437 3.07754 -46.4168 19.5794 6e-07 -3776.04 -632.453 -1141.23 -98.759 -43.1949 1355.51 0.720292 2.46167 0.12007 1.19571 0.00094402 1.5 0.13801 0.999892 0.999981 -0.978791
4.03274 1e-07 0.51615 50.5129 1e-07 6.46599 1.80114 0.903761 1027.4 1e-07 121.32 44.3475 25.5982 3.23819 1.62551 28063.2 7450.7 3166.37 1540.7 465.221 143.191 2e-07 -18.6704 0.812685 4e-07 -339.335 6.00273 -128.223 -30.9466 6e-07 -8839.74 -4271.03 -3150.21 -1885.58 -809.32 1293.31 0.720292 2.52747 1.33978 1.49514 0.0238406 1.5 0.138966 0.999892 0.999994 -0.923411
4.56696 1e-07 0.0392186 67.127 1e-07 2.04455 0.109233 0.00510356 1579.06 1e-07 48.8351 6.96383 0.484517 0.0251593 0.0011905 48885.9 3396.16 1662.5 231.605 32.7597 2.4445 2e-07 -24.6658 0.908072 4e-07 -534.711 3.99251 -50.1129 18.42 6e-07 -16000.6 -1958.13 -1643.39 -171.381 -50.573 1361.4 0.741779 2.99778 0.115644 1.49535 0.0473836 1.5 0.217793 0.999944 0.999999 -0.689685
5.43312 1e-07 0.0349772 84.1504 1e-07 2.12101 0.0276633 0.00209974 1976.95 1e-07 62.6252 0.000206529 0.421313 0.00359185 0.000160827 59916.6 -955.299 2330.63 -92.4955 35.5555 0.188964 2e-07 -30.6433 0.90892 4e-07 -670.874 4.6074 -62.7319 27.0805 6e-07 -19638.8 637.73 -2284.18 269.183 -55.1881 1363.83 0.624838 2.92646 -0.241447 1.47326 2.99022e-05 1.5 0.14483 0.999967 0.999998 -0.884211
8.8847 1e-07 3.18484 85.7082 1e-07 31.9101 17.7796 10.4383 877.921 1e-07 397.317 261.935 323.24 59.4742 34.2176 9500.07 5544.63 5494.15 4582.39 3018.05 1562.43 2e-07 -31.4123 0.278947 4e-07 -253.355 37.3149 -448.211 -345.114 6e-07 -1741.36 -2280 -5245.54 -6141.71 -5975.96 -406.488 0.0286172 2.98865 1.81055 0.384884 5.48557e-08 1.5 0.140725 0.999985 0.999989 -0.885353
9.23228 1e-07 0.00276912 152.612 1e-07 2.01759 0.00246839 4.61481e-05 3433.22 1e-07 110.902 1.89953 0.056387 0.000179118 3.07022e-06 96299 677.886 4576.45 80.1279 25.4621 0.0657577 2e-07 -55.013 0.915361 4e-07 -1176.53 8.05741 -105.866 24.7259 6e-07 -31768.4 -281.535 -4451.91 156.586 -38.4526 1351 0.0411781 2.74813 0.034152 1.4071 0.0315529 1.5 0.130027 0.99991 0.99999 -0.997959
0.197386 1e-07 0.0310153 1.1611 1e-07 1.92033 0.00816345 0.00122143 13.0387 1e-07 2.38707 0.718799 0.38249 0.0010167 6.76511e-05 205.356 91.2686 35.1966 10.8547 22.4138 0.233411 2e-07 -0.5147 0.909712 4e-07 0.688254 -0.18695 -7.91057 26.2747 6e-07 -62.7101 -51.2999 -37.9063 -0.169239 -35.4588 1362.15 0.0763111 -0.0553776 0.173304 0.157293 0.0348958 1.5 0.167775 0.999891 0.999993 -0.953287
4.61601 1e-07 1.68353 30.8192 1e-07 12.8294 7.33921 4.98597 240.572 1e-07 127.468 94.9114 116.159 21.804 14.8651 2347.2 1281.34 1419.13 1350.62 1016.72 581.38 2e-07 -12.1782 0.579209 4e-07 -64.5027 16.3404 -150.425 -108.993 6e-07 -307.392 -386.426 -1339.62 -1808.11 -2034.69 914.104 0.43637 2.52891 1.72346 0.22901 0.0355749 1.5 0.140925 0.999983 0.999948 -0.997134
7.04615 1e-07 0.0096405 56.1399 1e-07 2.03901 0.0029106 9.41545e-05 495.224 1e-07 83.5995 4.73519 0.115562 3.7195e-05 9.84397e-07 4775.09 188.895 1658.09 126.055 28.5842 0.164851 2e-07 -23.8785 0.913987 4e-07 -198.59 6.0517 -81.3573 21.3591 6e-07 -1509.75 -59.6966 -1744.15 31.1988 -43.4274 1353.61 0.00551985 2.61628 0.0981624 0.477366 0.000416405 1.5 0.102212 0.999787 0.999962 -0.980554
8.94582 1e-07 0.744108 153.541 1e-07 9.21338 -0.6433 1.83562 3637.11 1e-07 232.008 -13.18 72.114 -2.76053 7.62892 108027 -1866.65 7542.27 -391.906 851.073 -120.543 2e-07 -54.2641 0.767094 4e-07 -1217.04 5.06434 -234.418 48.7441 6e-07 -34885.3 1161.5 -7263.77 780.809 -1634.06 1905.55 0.118269 2.77507 -0.114083 1.46388 0.905265 1.5 0.291488 0.99979 0.999989 -0.984832
0.0514397 1e-07 0.969055 0.0444961 1e-07 1.65168 0.311882 2.82407 0.43232 1e-07 0.515847 1.59053 28.1783 1.51431 13.7173 6.78779 3.01764 1.3072 1.06504 18.966 15.0891 2e-07 0.904266 0.722104 4e-07 4.78086 0.340541 -2.68882 28.0396 6e-07 0.110579 4.48912 81.3338 -5.4172 -153.524 1736.79 0.00252222 0.086007 -0.0348949 0.196172 0.985009 1.5 0.132202 0.999944 0.999998 -0.779467
6.4169 1e-07 1.71037 83.3159 1e-07 18.2859 8.53594 4.99252 1451.87 1e-07 306.293 155.482 153.04 25.2073 14.8564 30867.8 11381.4 6610.28 4086.26 1871.09 807.1 2e-07 -29.7013 0.573842 4e-07 -464.018 19.292 -328.09 -186.32 6e-07 -9180.74 -6191.88 -6455.65 -5262.49 -3491.4 498.351 0.43637 2.90737 1.72346 1.09096 0.0331941 1.5 0.2856 0.999983 1 -0.9876
10.6216 1e-07 1.34613 203.359 1e-07 17.3125 4.95191 1.94856 5288 1e-07 422.977 137.73 73.3201 7.29682 2.85319 171097 36099.1 13758.1 5634.08 1531.48 401.688 2e-07 -70.2833 0.646689 4e-07 -1737.82 16.1699 -432.154 -151.465 6e-07 -54502.2 -21006.9 -13472.6 -6944.63 -2619.27 1153.42 0.069072 2.99945 1.1987 1.49871 0.0559603 1.5 0.284015 0.999888 0.999993 -0.952979
2.25331 1e-07 1.62191 15.2322 1e-07 5.61973 0.413398 4.57982 171.615 1e-07 51.2718 6.93864 29.1043 1.12078 13.1732 2706.9 638.007 727.298 156.485 346.649 27.4237 2e-07 -5.20107 0.591533 4e-07 -49.8574 1.76669 -58.548 24.1013 6e-07 -727.326 -351.352 -723.153 -133.215 -649.095 2005.8 0.449135 0.0775442 1.69729 1.5 5.48557e-08 1.5 0.279065 0.999987 0.999989 -0.958145
6.33067 1e-07 0.41387 56.2785 1e-07 5.45539 -0.236365 0.757878 550.557 1e-07 105.056 -2.14162 33.4486 -0.906545 2.40434 5878.22 393.088 1925.91 -25.3155 324.351 -39.6848 2e-07 -22.8003 0.833141 4e-07 -205.079 4.23455 -110.088 32.4867 6e-07 -1788.74 -213.884 -1947.5 224.661 -653.076 1603.46 0.379063 2.95312 -0.0921698 0.317603 0.792621 1.5 0.220876 0.999794 0.999937 -0.952346
0.328813 1e-07 0.670714 0.31839 1e-07 2.17998 0.0778433 1.34923 0.513123 1e-07 4.07863 0.759604 23.9071 0.258281 4.52224 1.25973 0.179947 9.69546 2.1845 39.0834 4.82738 2e-07 0.246384 0.781772 4e-07 6.06762 0.0208548 -8.88484 28.9233 6e-07 19.5021 2.40634 50.5316 6.15195 -173.054 1627.22 5.85543e-05 -0.2398 -0.12008 0.520766 0.810143 1.5 0.167965 0.999775 0.99996 -0.979171
10.6236 1e-07 3.50279 200.389 1e-07 40.7969 26.2925 24.7147 5126.74 1e-07 864.399 490.146 771.39 224.724 244.053 163211 46927.4 24880.5 15228.1 7993.46 6203.6 2e-07 -67.2375 0.215357 4e-07 -1616.02 54.1561 -883.523 -656.981 6e-07 -49768.1 -26185.2 -22818.5 -19582.4 -15474.6 -9553.08 0.041758 2.96122 1.63455 1.48987 0.991385 1.5 0.138893 0.999995 0.999943 -0.957655
3.71555 1e-07 1.34428 37.4662 1e-07 11.4005 8.10008 8.82091 573.764 1e-07 161.875 109.959 193.39 65.8047 84.673 11419.6 4682.35 3103.16 2392.97 1531.41 1296.57 2e-07 -13.6111 0.647059 4e-07 -175.394 17.3232 -173.498 -133.492 6e-07 -3190.26 -2367.63 -2731.29 -3094.17 -3138.1 -763.83 0.720292 2.46167 1.87578 1.19571 0.896009 1.5 0.433816 0.999892 0.999988 -0.978791
2.05466 1e-07 0.213323 12.6654 1e-07 2.41327 0.000679202 0.045695 130.127 1e-07 27.0492 -0.149559 2.62274 0.000671844 0.00979442 1871.82 -3.94369 402.967 -3.49891 55.1264 0.0343922 2e-07 -5.64097 0.873251 4e-07 -44.4637 1.4006 -31.5386 28.3308 6e-07 -556.426 7.95861 -435.905 72.4872 -95.7876 1436.95 0.00440107 -0.0351706 0.462773 1.43268 0.00468574 1.5 0.138953 0.999907 0.999963 -0.987728
10.8583 1e-07 4.78927 202.189 1e-07 54.3918 38.3103 37.8392 5075.04 1e-07 1107.66 687.642 1150.93 355.016 397.767 158139 55573.5 30599.5 21311.2 11488.1 8774.28 2e-07 -66.7257 -0.0419384 4e-07 -1561.53 75.6875 -1133.73 -940.228 6e-07 -46978.4 -30629.9 -27616 -27482.2 -22415.6 -14352.9 0.000507419 2.95116 1.98454 1.4674 0.923727 1.5 0.222112 0.999945 0.999962 -0.962165
9.05485 1e-07 2.63653 87.8094 1e-07 26.8403 13.2699 6.97968 904.379 1e-07 350.063 211.422 222.108 35.9285 18.4778 9843.83 5185.06 5054.93 3930.94 2353.74 1083.38 2e-07 -32.7611 0.38861 4e-07 -278.602 29.4652 -392.579 -268.088 6e-07 -2107.21 -2254.94 -4996.72 -5187.81 -4519.1 336.938 0.00412966 2.98787 1.62708 0.394587 4.31825e-08 1.5 0.139926 0.999985 0.99999 -0.885548
5.64108 1e-07 0.0120622 90.6753 1e-07 1.94365 0.0361862 0.000712094 2206.27 1e-07 62.3632 4.2719 0.146345 0.00356043 7.00644e-05 69171.7 1570.56 2459.23 124.274 24.1742 0.747741 2e-07 -32.8316 0.913503 4e-07 -746.727 4.8504 -61.9679 21.795 6e-07 -22646 -854.667 -2401.24 -3.27728 -36.6633 1353.53 0.612965 2.96006 -0.000224342 1.49992 5.48557e-08 1.5 0.14028 0.999965 0.999989 -0.885755
9.2967 1e-07 3.9854 157.869 1e-07 42.2208 28.5259 27.1904 3645.38 1e-07 804.916 491.155 777.53 224.451 241.036 104725 37142.7 20826.8 14572.1 7652.06 5369.98 2e-07 -52.672 0.118835 4e-07 -1124.82 57.1226 -832.454 -665.464 6e-07 -31038.2 -20337.4 -18973.6 -18830.2 -14975.7 -7819.65 0.101698 2.8485 1.94627 1.4073 0.803403 1.5 0.167088 0.999975 0.999987 -0.998425
