-6 0.00369753
-5.99 0.00376435
-5.98 0.0038322
-5.97 0.0039011
-5.96 0.00397106
-5.95 0.0040421
-5.94 0.00411422
-5.93 0.00418744
-5.92 0.00426178
-5.91 0.00433723
-5.9 0.00441383
-5.89 0.00449158
-5.88 0.00457049
-5.87 0.00465058
-5.86 0.00473187
-5.85 0.00481435
-5.84 0.00489806
-5.83 0.004983
-5.82 0.00506918
-5.81 0.00515662
-5.8 0.00524534
-5.79 0.00533534
-5.78 0.00542665
-5.77 0.00551927
-5.76 0.00561321
-5.75 0.00570851
-5.74 0.00580516
-5.73 0.00590318
-5.72 0.00600258
-5.71 0.00610339
-5.7 0.00620561
-5.69 0.00630927
-5.68 0.00641436
-5.67 0.00652092
-5.66 0.00662894
-5.65 0.00673846
-5.64 0.00684947
-5.63 0.00696201
-5.62 0.00707607
-5.61 0.00719169
-5.6 0.00730886
-5.59 0.00742761
-5.58 0.00754795
-5.57 0.0076699
-5.56 0.00779347
-5.55 0.00791867
-5.54 0.00804552
-5.53 0.00817405
-5.52 0.00830425
-5.51 0.00843614
-5.5 0.00856975
-5.49 0.00870509
-5.48 0.00884216
-5.47 0.00898099
-5.46 0.00912159
-5.45 0.00926398
-5.44 0.00940817
-5.43 0.00955418
-5.42 0.00970201
-5.41 0.0098517
-5.4 0.0100032
-5.39 0.0101567
-5.38 0.010312
-5.37 0.0104692
-5.36 0.0106283
-5.35 0.0107894
-5.34 0.0109524
-5.33 0.0111174
-5.32 0.0112844
-5.31 0.0114533
-5.3 0.0116243
-5.29 0.0117973
-5.28 0.0119723
-5.27 0.0121494
-5.26 0.0123286
-5.25 0.0125098
-5.24 0.0126931
-5.23 0.0128786
-5.22 0.0130661
-5.21 0.0132558
-5.2 0.0134477
-5.19 0.0136417
-5.18 0.0138379
-5.17 0.0140363
-5.16 0.0142369
-5.15 0.0144397
-5.14 0.0146448
-5.13 0.014852
-5.12 0.0150616
-5.11 0.0152734
-5.1 0.0154875
-5.09 0.015704
-5.08 0.0159227
-5.07 0.0161437
-5.06 0.0163671
-5.05 0.0165928
-5.04 0.0168209
-5.03 0.0170514
-5.02 0.0172842
-5.01 0.0175195
-5 0.0177571
-4.99 0.0179972
-4.98 0.0182397
-4.97 0.0184846
-4.96 0.018732
-4.95 0.0189818
-4.94 0.0192341
-4.93 0.0194889
-4.92 0.0197462
-4.91 0.020006
-4.9 0.0202683
-4.89 0.0205331
-4.88 0.0208004
-4.87 0.0210703
-4.86 0.0213427
-4.85 0.0216177
-4.84 0.0218952
-4.83 0.0221754
-4.82 0.022458
-4.81 0.0227433
-4.8 0.0230312
-4.79 0.0233216
-4.78 0.0236147
-4.77 0.0239104
-4.76 0.0242087
-4.75 0.0245096
-4.74 0.0248132
-4.73 0.0251194
-4.72 0.0254282
-4.71 0.0257397
-4.7 0.0260538
-4.69 0.0263706
-4.68 0.0266901
-4.67 0.0270121
-4.66 0.0273369
-4.65 0.0276643
-4.64 0.0279944
-4.63 0.0283272
-4.62 0.0286626
-4.61 0.0290008
-4.6 0.0293416
-4.59 0.029685
-4.58 0.0300312
-4.57 0.03038
-4.56 0.0307315
-4.55 0.0310857
-4.54 0.0314425
-4.53 0.031802
-4.52 0.0321642
-4.51 0.0325291
-4.5 0.0328966
-4.49 0.0332668
-4.48 0.0336397
-4.47 0.0340152
-4.46 0.0343934
-4.45 0.0347742
-4.44 0.0351577
-4.43 0.0355438
-4.42 0.0359325
-4.41 0.0363239
-4.4 0.0367179
-4.39 0.0371145
-4.38 0.0375137
-4.37 0.0379155
-4.36 0.0383199
-4.35 0.0387268
-4.34 0.0391364
-4.33 0.0395485
-4.32 0.0399632
-4.31 0.0403804
-4.3 0.0408001
-4.29 0.0412224
-4.28 0.0416472
-4.27 0.0420744
-4.26 0.0425042
-4.25 0.0429364
-4.24 0.0433711
-4.23 0.0438082
-4.22 0.0442478
-4.21 0.0446898
-4.2 0.0451341
-4.19 0.0455809
-4.18 0.04603
-4.17 0.0464815
-4.16 0.0469353
-4.15 0.0473914
-4.14 0.0478498
-4.13 0.0483105
-4.12 0.0487735
-4.11 0.0492387
-4.1 0.0497061
-4.09 0.0501757
-4.08 0.0506475
-4.07 0.0511214
-4.06 0.0515975
-4.05 0.0520757
-4.04 0.0525559
-4.03 0.0530383
-4.02 0.0535227
-4.01 0.054009
-4 0.0544974
-3.99 0.0549878
-3.98 0.0554801
-3.97 0.0559743
-3.96 0.0564703
-3.95 0.0569683
-3.94 0.057468
-3.93 0.0579696
-3.92 0.058473
-3.91 0.0589781
-3.9 0.0594849
-3.89 0.0599933
-3.88 0.0605035
-3.87 0.0610152
-3.86 0.0615286
-3.85 0.0620435
-3.84 0.0625599
-3.83 0.0630778
-3.82 0.0635972
-3.81 0.064118
-3.8 0.0646402
-3.79 0.0651638
-3.78 0.0656886
-3.77 0.0662148
-3.76 0.0667422
-3.75 0.0672708
-3.74 0.0678006
-3.73 0.0683315
-3.72 0.0688635
-3.71 0.0693966
-3.7 0.0699307
-3.69 0.0704658
-3.68 0.0710018
-3.67 0.0715387
-3.66 0.0720765
-3.65 0.0726151
-3.64 0.0731545
-3.63 0.0736946
-3.62 0.0742354
-3.61 0.0747769
-3.6 0.075319
-3.59 0.0758617
-3.58 0.0764048
-3.57 0.0769485
-3.56 0.0774926
-3.55 0.0780371
-3.54 0.0785819
-3.53 0.079127
-3.52 0.0796724
-3.51 0.080218
-3.5 0.0807638
-3.49 0.0813096
-3.48 0.0818556
-3.47 0.0824015
-3.46 0.0829475
-3.45 0.0834934
-3.44 0.0840391
-3.43 0.0845847
-3.42 0.0851301
-3.41 0.0856752
-3.4 0.08622
-3.39 0.0867644
-3.38 0.0873085
-3.37 0.087852
-3.36 0.0883951
-3.35 0.0889376
-3.34 0.0894794
-3.33 0.0900207
-3.32 0.0905612
-3.31 0.0911009
-3.3 0.0916399
-3.29 0.0921779
-3.28 0.0927151
-3.27 0.0932513
-3.26 0.0937864
-3.25 0.0943205
-3.24 0.0948535
-3.23 0.0953853
-3.22 0.0959159
-3.21 0.0964452
-3.2 0.0969732
-3.19 0.0974998
-3.18 0.098025
-3.17 0.0985487
-3.16 0.0990708
-3.15 0.0995914
-3.14 0.10011
-3.13 0.100628
-3.12 0.101143
-3.11 0.101657
-3.1 0.102169
-3.09 0.102679
-3.08 0.103187
-3.07 0.103693
-3.06 0.104197
-3.05 0.104698
-3.04 0.105198
-3.03 0.105696
-3.02 0.106191
-3.01 0.106684
-3 0.107174
-2.99 0.107662
-2.98 0.108148
-2.97 0.108631
-2.96 0.109112
-2.95 0.10959
-2.94 0.110065
-2.93 0.110538
-2.92 0.111008
-2.91 0.111475
-2.9 0.111939
-2.89 0.1124
-2.88 0.112859
-2.87 0.113314
-2.86 0.113766
-2.85 0.114215
-2.84 0.114661
-2.83 0.115104
-2.82 0.115544
-2.81 0.11598
-2.8 0.116413
-2.79 0.116843
-2.78 0.117269
-2.77 0.117692
-2.76 0.118111
-2.75 0.118527
-2.74 0.118939
-2.73 0.119347
-2.72 0.119752
-2.71 0.120153
-2.7 0.12055
-2.69 0.120944
-2.68 0.121333
-2.67 0.121719
-2.66 0.122101
-2.65 0.122479
-2.64 0.122853
-2.63 0.123223
-2.62 0.123588
-2.61 0.12395
-2.6 0.124308
-2.59 0.124661
-2.58 0.12501
-2.57 0.125355
-2.56 0.125695
-2.55 0.126032
-2.54 0.126364
-2.53 0.126691
-2.52 0.127014
-2.51 0.127333
-2.5 0.127647
-2.49 0.127957
-2.48 0.128262
-2.47 0.128563
-2.46 0.128859
-2.45 0.12915
-2.44 0.129437
-2.43 0.129719
-2.42 0.129996
-2.41 0.130269
-2.4 0.130537
-2.39 0.1308
-2.38 0.131059
-2.37 0.131312
-2.36 0.131561
-2.35 0.131805
-2.34 0.132044
-2.33 0.132279
-2.32 0.132508
-2.31 0.132733
-2.3 0.132952
-2.29 0.133167
-2.28 0.133377
-2.27 0.133581
-2.26 0.133781
-2.25 0.133976
-2.24 0.134166
-2.23 0.134351
-2.22 0.13453
-2.21 0.134705
-2.2 0.134875
-2.19 0.13504
-2.18 0.1352
-2.17 0.135354
-2.16 0.135504
-2.15 0.135649
-2.14 0.135788
-2.13 0.135923
-2.12 0.136052
-2.11 0.136177
-2.1 0.136296
-2.09 0.136411
-2.08 0.13652
-2.07 0.136624
-2.06 0.136724
-2.05 0.136818
-2.04 0.136907
-2.03 0.136992
-2.02 0.137071
-2.01 0.137145
-2 0.137215
-1.99 0.137279
-1.98 0.137339
-1.97 0.137393
-1.96 0.137443
-1.95 0.137488
-1.94 0.137528
-1.93 0.137563
-1.92 0.137593
-1.91 0.137618
-1.9 0.137639
-1.89 0.137655
-1.88 0.137666
-1.87 0.137672
-1.86 0.137673
-1.85 0.13767
-1.84 0.137662
-1.83 0.13765
-1.82 0.137633
-1.81 0.137611
-1.8 0.137585
-1.79 0.137554
-1.78 0.137519
-1.77 0.137479
-1.76 0.137435
-1.75 0.137387
-1.74 0.137334
-1.73 0.137277
-1.72 0.137215
-1.71 0.137149
-1.7 0.137079
-1.69 0.137005
-1.68 0.136927
-1.67 0.136844
-1.66 0.136757
-1.65 0.136667
-1.64 0.136572
-1.63 0.136474
-1.62 0.136371
-1.61 0.136265
-1.6 0.136155
-1.59 0.136041
-1.58 0.135923
-1.57 0.135802
-1.56 0.135677
-1.55 0.135548
-1.54 0.135416
-1.53 0.135281
-1.52 0.135142
-1.51 0.134999
-1.5 0.134853
-1.49 0.134704
-1.48 0.134552
-1.47 0.134396
-1.46 0.134238
-1.45 0.134076
-1.44 0.133911
-1.43 0.133744
-1.42 0.133573
-1.41 0.1334
-1.4 0.133223
-1.39 0.133044
-1.38 0.132862
-1.37 0.132678
-1.36 0.132491
-1.35 0.132302
-1.34 0.13211
-1.33 0.131915
-1.32 0.131719
-1.31 0.13152
-1.3 0.131319
-1.29 0.131115
-1.28 0.13091
-1.27 0.130703
-1.26 0.130493
-1.25 0.130282
-1.24 0.130069
-1.23 0.129854
-1.22 0.129637
-1.21 0.129419
-1.2 0.129199
-1.19 0.128977
-1.18 0.128754
-1.17 0.12853
-1.16 0.128304
-1.15 0.128078
-1.14 0.127849
-1.13 0.12762
-1.12 0.12739
-1.11 0.127158
-1.1 0.126926
-1.09 0.126693
-1.08 0.126459
-1.07 0.126224
-1.06 0.125989
-1.05 0.125753
-1.04 0.125516
-1.03 0.125279
-1.02 0.125041
-1.01 0.124803
-1 0.124565
-0.99 0.124327
-0.98 0.124088
-0.97 0.12385
-0.96 0.123611
-0.95 0.123372
-0.94 0.123134
-0.93 0.122895
-0.92 0.122657
-0.91 0.12242
-0.9 0.122182
-0.89 0.121945
-0.88 0.121708
-0.87 0.121472
-0.86 0.121237
-0.85 0.121002
-0.84 0.120768
-0.83 0.120535
-0.82 0.120303
-0.81 0.120071
-0.8 0.119841
-0.79 0.119612
-0.78 0.119384
-0.77 0.119157
-0.76 0.118931
-0.75 0.118706
-0.74 0.118483
-0.73 0.118261
-0.72 0.118041
-0.71 0.117822
-0.7 0.117605
-0.69 0.11739
-0.68 0.117176
-0.67 0.116964
-0.66 0.116754
-0.65 0.116545
-0.64 0.116339
-0.63 0.116135
-0.62 0.115932
-0.61 0.115732
-0.6 0.115534
-0.59 0.115338
-0.58 0.115144
-0.57 0.114953
-0.56 0.114763
-0.55 0.114577
-0.54 0.114392
-0.53 0.114211
-0.52 0.114031
-0.51 0.113855
-0.5 0.113681
-0.49 0.113509
-0.48 0.113341
-0.47 0.113175
-0.46 0.113012
-0.45 0.112852
-0.44 0.112694
-0.43 0.11254
-0.42 0.112389
-0.41 0.11224
-0.4 0.112095
-0.39 0.111953
-0.38 0.111813
-0.37 0.111677
-0.36 0.111545
-0.35 0.111415
-0.34 0.111289
-0.33 0.111166
-0.32 0.111046
-0.31 0.11093
-0.3 0.110817
-0.29 0.110707
-0.28 0.110601
-0.27 0.110499
-0.26 0.1104
-0.25 0.110304
-0.24 0.110212
-0.23 0.110123
-0.22 0.110039
-0.21 0.109957
-0.2 0.10988
-0.19 0.109806
-0.18 0.109736
-0.17 0.109669
-0.16 0.109606
-0.15 0.109547
-0.14 0.109492
-0.13 0.10944
-0.12 0.109392
-0.11 0.109348
-0.1 0.109308
-0.09 0.109271
-0.08 0.109239
-0.07 0.10921
-0.06 0.109185
-0.05 0.109164
-0.04 0.109146
-0.03 0.109133
-0.02 0.109123
-0.01 0.109117
0 0.109115
0.01 0.109117
0.02 0.109123
0.03 0.109133
0.04 0.109146
0.05 0.109164
0.06 0.109185
0.07 0.10921
0.08 0.109239
0.09 0.109271
0.1 0.109308
0.11 0.109348
0.12 0.109392
0.13 0.10944
0.14 0.109492
0.15 0.109547
0.16 0.109606
0.17 0.109669
0.18 0.109736
0.19 0.109806
0.2 0.10988
0.21 0.109957
0.22 0.110039
0.23 0.110123
0.24 0.110212
0.25 0.110304
0.26 0.1104
0.27 0.110499
0.28 0.110601
0.29 0.110707
0.3 0.110817
0.31 0.11093
0.32 0.111046
0.33 0.111166
0.34 0.111289
0.35 0.111415
0.36 0.111545
0.37 0.111677
0.38 0.111813
0.39 0.111953
0.4 0.112095
0.41 0.11224
0.42 0.112389
0.43 0.11254
0.44 0.112694
0.45 0.112852
0.46 0.113012
0.47 0.113175
0.48 0.113341
0.49 0.113509
0.5 0.113681
0.51 0.113855
0.52 0.114031
0.53 0.114211
0.54 0.114392
0.55 0.114577
0.56 0.114763
0.57 0.114953
0.58 0.115144
0.59 0.115338
0.6 0.115534
0.61 0.115732
0.62 0.115932
0.63 0.116135
0.64 0.116339
0.65 0.116545
0.66 0.116754
0.67 0.116964
0.68 0.117176
0.69 0.11739
0.7 0.117605
0.71 0.117822
0.72 0.118041
0.73 0.118261
0.74 0.118483
0.75 0.118706
0.76 0.118931
0.77 0.119157
0.78 0.119384
0.79 0.119612
0.8 0.119841
0.81 0.120071
0.82 0.120303
0.83 0.120535
0.84 0.120768
0.85 0.121002
0.86 0.121237
0.87 0.121472
0.88 0.121708
0.89 0.121945
0.9 0.122182
0.91 0.12242
0.92 0.122657
0.93 0.122895
0.94 0.123134
0.95 0.123372
0.96 0.123611
0.97 0.12385
0.98 0.124088
0.99 0.124327
1 0.124565
1.01 0.124803
1.02 0.125041
1.03 0.125279
1.04 0.125516
1.05 0.125753
1.06 0.125989
1.07 0.126224
1.08 0.126459
1.09 0.126693
1.1 0.126926
1.11 0.127158
1.12 0.12739
1.13 0.12762
1.14 0.127849
1.15 0.128078
1.16 0.128304
1.17 0.12853
1.18 0.128754
1.19 0.128977
1.2 0.129199
1.21 0.129419
1.22 0.129637
1.23 0.129854
1.24 0.130069
1.25 0.130282
1.26 0.130493
1.27 0.130703
1.28 0.13091
1.29 0.131115
1.3 0.131319
1.31 0.13152
1.32 0.131719
1.33 0.131915
1.34 0.13211
1.35 0.132302
1.36 0.132491
1.37 0.132678
1.38 0.132862
1.39 0.133044
1.4 0.133223
1.41 0.1334
1.42 0.133573
1.43 0.133744
1.44 0.133911
1.45 0.134076
1.46 0.134238
1.47 0.134396
1.48 0.134552
1.49 0.134704
1.5 0.134853
1.51 0.134999
1.52 0.135142
1.53 0.135281
1.54 0.135416
1.55 0.135548
1.56 0.135677
1.57 0.135802
1.58 0.135923
1.59 0.136041
1.6 0.136155
1.61 0.136265
1.62 0.136371
1.63 0.136474
1.64 0.136572
1.65 0.136667
1.66 0.136757
1.67 0.136844
1.68 0.136927
1.69 0.137005
1.7 0.137079
1.71 0.137149
1.72 0.137215
1.73 0.137277
1.74 0.137334
1.75 0.137387
1.76 0.137435
1.77 0.137479
1.78 0.137519
1.79 0.137554
1.8 0.137585
1.81 0.137611
1.82 0.137633
1.83 0.13765
1.84 0.137662
1.85 0.13767
1.86 0.137673
1.87 0.137672
1.88 0.137666
1.89 0.137655
1.9 0.137639
1.91 0.137618
1.92 0.137593
1.93 0.137563
1.94 0.137528
1.95 0.137488
1.96 0.137443
1.97 0.137393
1.98 0.137339
1.99 0.137279
2 0.137215
2.01 0.137145
2.02 0.137071
2.03 0.136992
2.04 0.136907
2.05 0.136818
2.06 0.136724
2.07 0.136624
2.08 0.13652
2.09 0.136411
2.1 0.136296
2.11 0.136177
2.12 0.136052
2.13 0.135923
2.14 0.135788
2.15 0.135649
2.16 0.135504
2.17 0.135354
2.18 0.1352
2.19 0.13504
2.2 0.134875
2.21 0.134705
2.22 0.13453
2.23 0.134351
2.24 0.134166
2.25 0.133976
2.26 0.133781
2.27 0.133581
2.28 0.133377
2.29 0.133167
2.3 0.132952
2.31 0.132733
2.32 0.132508
2.33 0.132279
2.34 0.132044
2.35 0.131805
2.36 0.131561
2.37 0.131312
2.38 0.131059
2.39 0.1308
2.4 0.130537
2.41 0.130269
2.42 0.129996
2.43 0.129719
2.44 0.129437
2.45 0.12915
2.46 0.128859
2.47 0.128563
2.48 0.128262
2.49 0.127957
2.5 0.127647
2.51 0.127333
2.52 0.127014
2.53 0.126691
2.54 0.126364
2.55 0.126032
2.56 0.125695
2.57 0.125355
2.58 0.12501
2.59 0.124661
2.6 0.124308
2.61 0.12395
2.62 0.123588
2.63 0.123223
2.64 0.122853
2.65 0.122479
2.66 0.122101
2.67 0.121719
2.68 0.121333
2.69 0.120944
2.7 0.12055
2.71 0.120153
2.72 0.119752
2.73 0.119347
2.74 0.118939
2.75 0.118527
2.76 0.118111
2.77 0.117692
2.78 0.117269
2.79 0.116843
2.8 0.116413
2.81 0.11598
2.82 0.115544
2.83 0.115104
2.84 0.114661
2.85 0.114215
2.86 0.113766
2.87 0.113314
2.88 0.112859
2.89 0.1124
2.9 0.111939
2.91 0.111475
2.92 0.111008
2.93 0.110538
2.94 0.110065
2.95 0.10959
2.96 0.109112
2.97 0.108631
2.98 0.108148
2.99 0.107662
3 0.107174
3.01 0.106684
3.02 0.106191
3.03 0.105696
3.04 0.105198
3.05 0.104698
3.06 0.104197
3.07 0.103693
3.08 0.103187
3.09 0.102679
3.1 0.102169
3.11 0.101657
3.12 0.101143
3.13 0.100628
3.14 0.10011
3.15 0.0995914
3.16 0.0990708
3.17 0.0985487
3.18 0.098025
3.19 0.0974998
3.2 0.0969732
3.21 0.0964452
3.22 0.0959159
3.23 0.0953853
3.24 0.0948535
3.25 0.0943205
3.26 0.0937864
3.27 0.0932513
3.28 0.0927151
3.29 0.0921779
3.3 0.0916399
3.31 0.0911009
3.32 0.0905612
3.33 0.0900207
3.34 0.0894794
3.35 0.0889376
3.36 0.0883951
3.37 0.087852
3.38 0.0873085
3.39 0.0867644
3.4 0.08622
3.41 0.0856752
3.42 0.0851301
3.43 0.0845847
3.44 0.0840391
3.45 0.0834934
3.46 0.0829475
3.47 0.0824015
3.48 0.0818556
3.49 0.0813096
3.5 0.0807638
3.51 0.080218
3.52 0.0796724
3.53 0.079127
3.54 0.0785819
3.55 0.0780371
3.56 0.0774926
3.57 0.0769485
3.58 0.0764048
3.59 0.0758617
3.6 0.075319
3.61 0.0747769
3.62 0.0742354
3.63 0.0736946
3.64 0.0731545
3.65 0.0726151
3.66 0.0720765
3.67 0.0715387
3.68 0.0710018
3.69 0.0704658
3.7 0.0699307
3.71 0.0693966
3.72 0.0688635
3.73 0.0683315
3.74 0.0678006
3.75 0.0672708
3.76 0.0667422
3.77 0.0662148
3.78 0.0656886
3.79 0.0651638
3.8 0.0646402
3.81 0.064118
3.82 0.0635972
3.83 0.0630778
3.84 0.0625599
3.85 0.0620435
3.86 0.0615286
3.87 0.0610152
3.88 0.0605035
3.89 0.0599933
3.9 0.0594849
3.91 0.0589781
3.92 0.058473
3.93 0.0579696
3.94 0.057468
3.95 0.0569683
3.96 0.0564703
3.97 0.0559743
3.98 0.0554801
3.99 0.0549878
4 0.0544974
4.01 0.054009
4.02 0.0535227
4.03 0.0530383
4.04 0.0525559
4.05 0.0520757
4.06 0.0515975
4.07 0.0511214
4.08 0.0506475
4.09 0.0501757
4.1 0.0497061
4.11 0.0492387
4.12 0.0487735
4.13 0.0483105
4.14 0.0478498
4.15 0.0473914
4.16 0.0469353
4.17 0.0464815
4.18 0.04603
4.19 0.0455809
4.2 0.0451341
4.21 0.0446898
4.22 0.0442478
4.23 0.0438082
4.24 0.0433711
4.25 0.0429364
4.26 0.0425042
4.27 0.0420744
4.28 0.0416472
4.29 0.0412224
4.3 0.0408001
4.31 0.0403804
4.32 0.0399632
4.33 0.0395485
4.34 0.0391364
4.35 0.0387268
4.36 0.0383199
4.37 0.0379155
4.38 0.0375137
4.39 0.0371145
4.4 0.0367179
4.41 0.0363239
4.42 0.0359325
4.43 0.0355438
4.44 0.0351577
4.45 0.0347742
4.46 0.0343934
4.47 0.0340152
4.48 0.0336397
4.49 0.0332668
4.5 0.0328966
4.51 0.0325291
4.52 0.0321642
4.53 0.031802
4.54 0.0314425
4.55 0.0310857
4.56 0.0307315
4.57 0.03038
4.58 0.0300312
4.59 0.029685
4.6 0.0293416
4.61 0.0290008
4.62 0.0286626
4.63 0.0283272
4.64 0.0279944
4.65 0.0276643
4.66 0.0273369
4.67 0.0270121
4.68 0.0266901
4.69 0.0263706
4.7 0.0260538
4.71 0.0257397
4.72 0.0254282
4.73 0.0251194
4.74 0.0248132
4.75 0.0245096
4.76 0.0242087
4.77 0.0239104
4.78 0.0236147
4.79 0.0233216
4.8 0.0230312
4.81 0.0227433
4.82 0.022458
4.83 0.0221754
4.84 0.0218952
4.85 0.0216177
4.86 0.0213427
4.87 0.0210703
4.88 0.0208004
4.89 0.0205331
4.9 0.0202683
4.91 0.020006
4.92 0.0197462
4.93 0.0194889
4.94 0.0192341
4.95 0.0189818
4.96 0.018732
4.97 0.0184846
4.98 0.0182397
4.99 0.0179972
5 0.0177571
5.01 0.0175195
5.02 0.0172842
5.03 0.0170514
5.04 0.0168209
5.05 0.0165928
5.06 0.0163671
5.07 0.0161437
5.08 0.0159227
5.09 0.015704
5.1 0.0154875
5.11 0.0152734
5.12 0.0150616
5.13 0.014852
5.14 0.0146448
5.15 0.0144397
5.16 0.0142369
5.17 0.0140363
5.18 0.0138379
5.19 0.0136417
5.2 0.0134477
5.21 0.0132558
5.22 0.0130661
5.23 0.0128786
5.24 0.0126931
5.25 0.0125098
5.26 0.0123286
5.27 0.0121494
5.28 0.0119723
5.29 0.0117973
5.3 0.0116243
5.31 0.0114533
5.32 0.0112844
5.33 0.0111174
5.34 0.0109524
5.35 0.0107894
5.36 0.0106283
5.37 0.0104692
5.38 0.010312
5.39 0.0101567
5.4 0.0100032
5.41 0.0098517
5.42 0.00970201
5.43 0.00955418
5.44 0.00940817
5.45 0.00926398
5.46 0.00912159
5.47 0.00898099
5.48 0.00884216
5.49 0.00870509
5.5 0.00856975
5.51 0.00843614
5.52 0.00830425
5.53 0.00817405
5.54 0.00804552
5.55 0.00791867
5.56 0.00779347
5.57 0.0076699
5.58 0.00754795
5.59 0.00742761
5.6 0.00730886
5.61 0.00719169
5.62 0.00707607
5.63 0.00696201
5.64 0.00684947
5.65 0.00673846
5.66 0.00662894
5.67 0.00652092
5.68 0.00641436
5.69 0.00630927
5.7 0.00620561
5.71 0.00610339
5.72 0.00600258
5.73 0.00590318
5.74 0.00580516
5.75 0.00570851
5.76 0.00561321
5.77 0.00551927
5.78 0.00542665
5.79 0.00533534
5.8 0.00524534
5.81 0.00515662
5.82 0.00506918
5.83 0.004983
5.84 0.00489806
5.85 0.00481435
5.86 0.00473187
5.87 0.00465058
5.88 0.00457049
5.89 0.00449158
5.9 0.00441383
5.91 0.00433723
5.92 0.00426178
5.93 0.00418744
5.94 0.00411422
5.95 0.0040421
5.96 0.00397106
5.97 0.0039011
5.98 0.0038322
5.99 0.00376435
