-6 4.40948e-06
-5.99 4.57895e-06
-5.98 4.75463e-06
-5.97 4.93673e-06
-5.96 5.12547e-06
-5.95 5.32107e-06
-5.94 5.52378e-06
-5.93 5.73384e-06
-5.92 5.95149e-06
-5.91 6.17701e-06
-5.9 6.41065e-06
-5.89 6.65269e-06
-5.88 6.90342e-06
-5.87 7.16314e-06
-5.86 7.43214e-06
-5.85 7.71073e-06
-5.84 7.99925e-06
-5.83 8.29803e-06
-5.82 8.6074e-06
-5.81 8.92772e-06
-5.8 9.25936e-06
-5.79 9.60269e-06
-5.78 9.9581e-06
-5.77 1.0326e-05
-5.76 1.07068e-05
-5.75 1.11009e-05
-5.74 1.15087e-05
-5.73 1.19308e-05
-5.72 1.23676e-05
-5.71 1.28194e-05
-5.7 1.3287e-05
-5.69 1.37707e-05
-5.68 1.4271e-05
-5.67 1.47886e-05
-5.66 1.5324e-05
-5.65 1.58777e-05
-5.64 1.64503e-05
-5.63 1.70425e-05
-5.62 1.76549e-05
-5.61 1.8288e-05
-5.6 1.89426e-05
-5.59 1.96194e-05
-5.58 2.03191e-05
-5.57 2.10423e-05
-5.56 2.17898e-05
-5.55 2.25625e-05
-5.54 2.3361e-05
-5.53 2.41862e-05
-5.52 2.50389e-05
-5.51 2.592e-05
-5.5 2.68303e-05
-5.49 2.77708e-05
-5.48 2.87425e-05
-5.47 2.97461e-05
-5.46 3.07828e-05
-5.45 3.18536e-05
-5.44 3.29595e-05
-5.43 3.41015e-05
-5.42 3.52809e-05
-5.41 3.64986e-05
-5.4 3.77559e-05
-5.39 3.9054e-05
-5.38 4.03941e-05
-5.37 4.17775e-05
-5.36 4.32054e-05
-5.35 4.46792e-05
-5.34 4.62003e-05
-5.33 4.77701e-05
-5.32 4.93901e-05
-5.31 5.10616e-05
-5.3 5.27863e-05
-5.29 5.45656e-05
-5.28 5.64013e-05
-5.27 5.8295e-05
-5.26 6.02484e-05
-5.25 6.22631e-05
-5.24 6.4341e-05
-5.23 6.6484e-05
-5.22 6.86939e-05
-5.21 7.09727e-05
-5.2 7.33222e-05
-5.19 7.57447e-05
-5.18 7.82421e-05
-5.17 8.08166e-05
-5.16 8.34704e-05
-5.15 8.62058e-05
-5.14 8.9025e-05
-5.13 9.19304e-05
-5.12 9.49246e-05
-5.11 9.80098e-05
-5.1 0.000101189
-5.09 0.000104464
-5.08 0.000107839
-5.07 0.000111315
-5.06 0.000114896
-5.05 0.000118584
-5.04 0.000122383
-5.03 0.000126295
-5.02 0.000130324
-5.01 0.000134472
-5 0.000138744
-4.99 0.000143142
-4.98 0.00014767
-4.97 0.000152332
-4.96 0.00015713
-4.95 0.000162069
-4.94 0.000167153
-4.93 0.000172385
-4.92 0.000177769
-4.91 0.000183309
-4.9 0.00018901
-4.89 0.000194875
-4.88 0.00020091
-4.87 0.000207118
-4.86 0.000213504
-4.85 0.000220072
-4.84 0.000226829
-4.83 0.000233777
-4.82 0.000240923
-4.81 0.000248271
-4.8 0.000255826
-4.79 0.000263595
-4.78 0.000271582
-4.77 0.000279793
-4.76 0.000288233
-4.75 0.000296909
-4.74 0.000305826
-4.73 0.000314991
-4.72 0.00032441
-4.71 0.000334088
-4.7 0.000344033
-4.69 0.000354252
-4.68 0.00036475
-4.67 0.000375535
-4.66 0.000386614
-4.65 0.000397995
-4.64 0.000409683
-4.63 0.000421688
-4.62 0.000434017
-4.61 0.000446678
-4.6 0.000459678
-4.59 0.000473026
-4.58 0.00048673
-4.57 0.000500799
-4.56 0.000515241
-4.55 0.000530066
-4.54 0.000545282
-4.53 0.000560899
-4.52 0.000576926
-4.51 0.000593373
-4.5 0.00061025
-4.49 0.000627565
-4.48 0.000645331
-4.47 0.000663557
-4.46 0.000682254
-4.45 0.000701433
-4.44 0.000721104
-4.43 0.000741279
-4.42 0.00076197
-4.41 0.000783188
-4.4 0.000804945
-4.39 0.000827253
-4.38 0.000850125
-4.37 0.000873573
-4.36 0.00089761
-4.35 0.000922249
-4.34 0.000947504
-4.33 0.000973387
-4.32 0.000999914
-4.31 0.0010271
-4.3 0.00105495
-4.29 0.00108349
-4.28 0.00111273
-4.27 0.00114269
-4.26 0.00117338
-4.25 0.00120482
-4.24 0.00123701
-4.23 0.00126999
-4.22 0.00130376
-4.21 0.00133835
-4.2 0.00137376
-4.19 0.00141002
-4.18 0.00144715
-4.17 0.00148516
-4.16 0.00152406
-4.15 0.00156389
-4.14 0.00160466
-4.13 0.00164638
-4.12 0.00168908
-4.11 0.00173277
-4.1 0.00177748
-4.09 0.00182323
-4.08 0.00187004
-4.07 0.00191793
-4.06 0.00196691
-4.05 0.00201702
-4.04 0.00206827
-4.03 0.00212069
-4.02 0.0021743
-4.01 0.00222912
-4 0.00228518
-3.99 0.00234249
-3.98 0.0024011
-3.97 0.00246101
-3.96 0.00252225
-3.95 0.00258485
-3.94 0.00264884
-3.93 0.00271424
-3.92 0.00278107
-3.91 0.00284937
-3.9 0.00291916
-3.89 0.00299047
-3.88 0.00306332
-3.87 0.00313775
-3.86 0.00321378
-3.85 0.00329145
-3.84 0.00337077
-3.83 0.00345179
-3.82 0.00353453
-3.81 0.00361902
-3.8 0.0037053
-3.79 0.00379339
-3.78 0.00388333
-3.77 0.00397514
-3.76 0.00406887
-3.75 0.00416455
-3.74 0.0042622
-3.73 0.00436186
-3.72 0.00446357
-3.71 0.00456736
-3.7 0.00467327
-3.69 0.00478133
-3.68 0.00489157
-3.67 0.00500404
-3.66 0.00511877
-3.65 0.0052358
-3.64 0.00535516
-3.63 0.00547689
-3.62 0.00560104
-3.61 0.00572763
-3.6 0.00585672
-3.59 0.00598833
-3.58 0.00612251
-3.57 0.00625931
-3.56 0.00639875
-3.55 0.00654088
-3.54 0.00668574
-3.53 0.00683338
-3.52 0.00698384
-3.51 0.00713716
-3.5 0.00729338
-3.49 0.00745254
-3.48 0.0076147
-3.47 0.00777989
-3.46 0.00794816
-3.45 0.00811956
-3.44 0.00829412
-3.43 0.00847191
-3.42 0.00865295
-3.41 0.0088373
-3.4 0.00902501
-3.39 0.00921613
-3.38 0.00941069
-3.37 0.00960875
-3.36 0.00981037
-3.35 0.0100156
-3.34 0.0102244
-3.33 0.010437
-3.32 0.0106533
-3.31 0.0108734
-3.3 0.0110973
-3.29 0.0113251
-3.28 0.0115569
-3.27 0.0117927
-3.26 0.0120325
-3.25 0.0122764
-3.24 0.0125245
-3.23 0.0127768
-3.22 0.0130333
-3.21 0.0132942
-3.2 0.0135594
-3.19 0.013829
-3.18 0.0141031
-3.17 0.0143818
-3.16 0.014665
-3.15 0.0149528
-3.14 0.0152454
-3.13 0.0155426
-3.12 0.0158447
-3.11 0.0161516
-3.1 0.0164635
-3.09 0.0167803
-3.08 0.0171021
-3.07 0.017429
-3.06 0.017761
-3.05 0.0180982
-3.04 0.0184407
-3.03 0.0187884
-3.02 0.0191415
-3.01 0.0195
-3 0.019864
-2.99 0.0202335
-2.98 0.0206086
-2.97 0.0209893
-2.96 0.0213757
-2.95 0.0217678
-2.94 0.0221657
-2.93 0.0225695
-2.92 0.0229792
-2.91 0.0233949
-2.9 0.0238166
-2.89 0.0242444
-2.88 0.0246783
-2.87 0.0251184
-2.86 0.0255648
-2.85 0.0260174
-2.84 0.0264764
-2.83 0.0269418
-2.82 0.0274137
-2.81 0.0278921
-2.8 0.028377
-2.79 0.0288686
-2.78 0.0293668
-2.77 0.0298718
-2.76 0.0303836
-2.75 0.0309022
-2.74 0.0314276
-2.73 0.03196
-2.72 0.0324994
-2.71 0.0330459
-2.7 0.0335994
-2.69 0.03416
-2.68 0.0347278
-2.67 0.0353029
-2.66 0.0358852
-2.65 0.0364749
-2.64 0.0370719
-2.63 0.0376764
-2.62 0.0382883
-2.61 0.0389077
-2.6 0.0395347
-2.59 0.0401692
-2.58 0.0408114
-2.57 0.0414613
-2.56 0.0421189
-2.55 0.0427843
-2.54 0.0434574
-2.53 0.0441384
-2.52 0.0448273
-2.51 0.045524
-2.5 0.0462288
-2.49 0.0469415
-2.48 0.0476622
-2.47 0.048391
-2.46 0.0491278
-2.45 0.0498728
-2.44 0.0506259
-2.43 0.0513872
-2.42 0.0521567
-2.41 0.0529344
-2.4 0.0537204
-2.39 0.0545146
-2.38 0.0553171
-2.37 0.056128
-2.36 0.0569472
-2.35 0.0577748
-2.34 0.0586107
-2.33 0.0594551
-2.32 0.0603078
-2.31 0.061169
-2.3 0.0620387
-2.29 0.0629168
-2.28 0.0638033
-2.27 0.0646984
-2.26 0.0656019
-2.25 0.0665139
-2.24 0.0674343
-2.23 0.0683633
-2.22 0.0693008
-2.21 0.0702468
-2.2 0.0712013
-2.19 0.0721642
-2.18 0.0731357
-2.17 0.0741156
-2.16 0.075104
-2.15 0.0761009
-2.14 0.0771063
-2.13 0.07812
-2.12 0.0791422
-2.11 0.0801728
-2.1 0.0812118
-2.09 0.0822592
-2.08 0.0833149
-2.07 0.0843789
-2.06 0.0854513
-2.05 0.0865319
-2.04 0.0876208
-2.03 0.0887178
-2.02 0.0898231
-2.01 0.0909365
-2 0.092058
-1.99 0.0931876
-1.98 0.0943252
-1.97 0.0954708
-1.96 0.0966243
-1.95 0.0977858
-1.94 0.098955
-1.93 0.100132
-1.92 0.101317
-1.91 0.102509
-1.9 0.10371
-1.89 0.104917
-1.88 0.106133
-1.87 0.107355
-1.86 0.108585
-1.85 0.109823
-1.84 0.111067
-1.83 0.112319
-1.82 0.113578
-1.81 0.114844
-1.8 0.116117
-1.79 0.117397
-1.78 0.118683
-1.77 0.119977
-1.76 0.121277
-1.75 0.122583
-1.74 0.123896
-1.73 0.125215
-1.72 0.126541
-1.71 0.127872
-1.7 0.12921
-1.69 0.130554
-1.68 0.131903
-1.67 0.133259
-1.66 0.13462
-1.65 0.135986
-1.64 0.137358
-1.63 0.138735
-1.62 0.140118
-1.61 0.141505
-1.6 0.142897
-1.59 0.144295
-1.58 0.145697
-1.57 0.147103
-1.56 0.148514
-1.55 0.14993
-1.54 0.151349
-1.53 0.152773
-1.52 0.1542
-1.51 0.155632
-1.5 0.157067
-1.49 0.158505
-1.48 0.159947
-1.47 0.161392
-1.46 0.16284
-1.45 0.164291
-1.44 0.165745
-1.43 0.167201
-1.42 0.16866
-1.41 0.170121
-1.4 0.171584
-1.39 0.17305
-1.38 0.174517
-1.37 0.175985
-1.36 0.177456
-1.35 0.178927
-1.34 0.1804
-1.33 0.181874
-1.32 0.183348
-1.31 0.184823
-1.3 0.186299
-1.29 0.187775
-1.28 0.189251
-1.27 0.190726
-1.26 0.192202
-1.25 0.193677
-1.24 0.195152
-1.23 0.196626
-1.22 0.198098
-1.21 0.19957
-1.2 0.20104
-1.19 0.202509
-1.18 0.203976
-1.17 0.205441
-1.16 0.206904
-1.15 0.208364
-1.14 0.209823
-1.13 0.211278
-1.12 0.21273
-1.11 0.21418
-1.1 0.215626
-1.09 0.217068
-1.08 0.218507
-1.07 0.219942
-1.06 0.221373
-1.05 0.222799
-1.04 0.224221
-1.03 0.225639
-1.02 0.227051
-1.01 0.228459
-1 0.229861
-0.99 0.231257
-0.98 0.232648
-0.97 0.234033
-0.96 0.235412
-0.95 0.236784
-0.94 0.23815
-0.93 0.239509
-0.92 0.240861
-0.91 0.242206
-0.9 0.243544
-0.89 0.244874
-0.88 0.246197
-0.87 0.247511
-0.86 0.248817
-0.85 0.250115
-0.84 0.251405
-0.83 0.252685
-0.82 0.253957
-0.81 0.25522
-0.8 0.256473
-0.79 0.257717
-0.78 0.25895
-0.77 0.260174
-0.76 0.261388
-0.75 0.262592
-0.74 0.263784
-0.73 0.264967
-0.72 0.266138
-0.71 0.267298
-0.7 0.268447
-0.69 0.269584
-0.68 0.27071
-0.67 0.271824
-0.66 0.272926
-0.65 0.274015
-0.64 0.275092
-0.63 0.276157
-0.62 0.277209
-0.61 0.278248
-0.6 0.279274
-0.59 0.280286
-0.58 0.281285
-0.57 0.282271
-0.56 0.283242
-0.55 0.2842
-0.54 0.285144
-0.53 0.286073
-0.52 0.286988
-0.51 0.287888
-0.5 0.288774
-0.49 0.289644
-0.48 0.2905
-0.47 0.29134
-0.46 0.292165
-0.45 0.292975
-0.44 0.293769
-0.43 0.294547
-0.42 0.295309
-0.41 0.296055
-0.4 0.296785
-0.39 0.297499
-0.38 0.298196
-0.37 0.298877
-0.36 0.299541
-0.35 0.300188
-0.34 0.300819
-0.33 0.301432
-0.32 0.302028
-0.31 0.302607
-0.3 0.303169
-0.29 0.303713
-0.28 0.30424
-0.27 0.304749
-0.26 0.30524
-0.25 0.305714
-0.24 0.30617
-0.23 0.306608
-0.22 0.307027
-0.21 0.307429
-0.2 0.307812
-0.19 0.308177
-0.18 0.308524
-0.17 0.308853
-0.16 0.309163
-0.15 0.309454
-0.14 0.309727
-0.13 0.309981
-0.12 0.310217
-0.11 0.310434
-0.1 0.310632
-0.09 0.310812
-0.08 0.310972
-0.07 0.311114
-0.06 0.311237
-0.05 0.311341
-0.04 0.311427
-0.03 0.311493
-0.02 0.31154
-0.01 0.311569
0 0.311578
0.01 0.311569
0.02 0.31154
0.03 0.311493
0.04 0.311427
0.05 0.311341
0.06 0.311237
0.07 0.311114
0.08 0.310972
0.09 0.310812
0.1 0.310632
0.11 0.310434
0.12 0.310217
0.13 0.309981
0.14 0.309727
0.15 0.309454
0.16 0.309163
0.17 0.308853
0.18 0.308524
0.19 0.308177
0.2 0.307812
0.21 0.307429
0.22 0.307027
0.23 0.306608
0.24 0.30617
0.25 0.305714
0.26 0.30524
0.27 0.304749
0.28 0.30424
0.29 0.303713
0.3 0.303169
0.31 0.302607
0.32 0.302028
0.33 0.301432
0.34 0.300819
0.35 0.300188
0.36 0.299541
0.37 0.298877
0.38 0.298196
0.39 0.297499
0.4 0.296785
0.41 0.296055
0.42 0.295309
0.43 0.294547
0.44 0.293769
0.45 0.292975
0.46 0.292165
0.47 0.29134
0.48 0.2905
0.49 0.289644
0.5 0.288774
0.51 0.287888
0.52 0.286988
0.53 0.286073
0.54 0.285144
0.55 0.2842
0.56 0.283242
0.57 0.282271
0.58 0.281285
0.59 0.280286
0.6 0.279274
0.61 0.278248
0.62 0.277209
0.63 0.276157
0.64 0.275092
0.65 0.274015
0.66 0.272926
0.67 0.271824
0.68 0.27071
0.69 0.269584
0.7 0.268447
0.71 0.267298
0.72 0.266138
0.73 0.264967
0.74 0.263784
0.75 0.262592
0.76 0.261388
0.77 0.260174
0.78 0.25895
0.79 0.257717
0.8 0.256473
0.81 0.25522
0.82 0.253957
0.83 0.252685
0.84 0.251405
0.85 0.250115
0.86 0.248817
0.87 0.247511
0.88 0.246197
0.89 0.244874
0.9 0.243544
0.91 0.242206
0.92 0.240861
0.93 0.239509
0.94 0.23815
0.95 0.236784
0.96 0.235412
0.97 0.234033
0.98 0.232648
0.99 0.231257
1 0.229861
1.01 0.228459
1.02 0.227051
1.03 0.225639
1.04 0.224221
1.05 0.222799
1.06 0.221373
1.07 0.219942
1.08 0.218507
1.09 0.217068
1.1 0.215626
1.11 0.21418
1.12 0.21273
1.13 0.211278
1.14 0.209823
1.15 0.208364
1.16 0.206904
1.17 0.205441
1.18 0.203976
1.19 0.202509
1.2 0.20104
1.21 0.19957
1.22 0.198098
1.23 0.196626
1.24 0.195152
1.25 0.193677
1.26 0.192202
1.27 0.190726
1.28 0.189251
1.29 0.187775
1.3 0.186299
1.31 0.184823
1.32 0.183348
1.33 0.181874
1.34 0.1804
1.35 0.178927
1.36 0.177456
1.37 0.175985
1.38 0.174517
1.39 0.17305
1.4 0.171584
1.41 0.170121
1.42 0.16866
1.43 0.167201
1.44 0.165745
1.45 0.164291
1.46 0.16284
1.47 0.161392
1.48 0.159947
1.49 0.158505
1.5 0.157067
1.51 0.155632
1.52 0.1542
1.53 0.152773
1.54 0.151349
1.55 0.14993
1.56 0.148514
1.57 0.147103
1.58 0.145697
1.59 0.144295
1.6 0.142897
1.61 0.141505
1.62 0.140118
1.63 0.138735
1.64 0.137358
1.65 0.135986
1.66 0.13462
1.67 0.133259
1.68 0.131903
1.69 0.130554
1.7 0.12921
1.71 0.127872
1.72 0.126541
1.73 0.125215
1.74 0.123896
1.75 0.122583
1.76 0.121277
1.77 0.119977
1.78 0.118683
1.79 0.117397
1.8 0.116117
1.81 0.114844
1.82 0.113578
1.83 0.112319
1.84 0.111067
1.85 0.109823
1.86 0.108585
1.87 0.107355
1.88 0.106133
1.89 0.104917
1.9 0.10371
1.91 0.102509
1.92 0.101317
1.93 0.100132
1.94 0.098955
1.95 0.0977858
1.96 0.0966243
1.97 0.0954708
1.98 0.0943252
1.99 0.0931876
2 0.092058
2.01 0.0909365
2.02 0.0898231
2.03 0.0887178
2.04 0.0876208
2.05 0.0865319
2.06 0.0854513
2.07 0.0843789
2.08 0.0833149
2.09 0.0822592
2.1 0.0812118
2.11 0.0801728
2.12 0.0791422
2.13 0.07812
2.14 0.0771063
2.15 0.0761009
2.16 0.075104
2.17 0.0741156
2.18 0.0731357
2.19 0.0721642
2.2 0.0712013
2.21 0.0702468
2.22 0.0693008
2.23 0.0683633
2.24 0.0674343
2.25 0.0665139
2.26 0.0656019
2.27 0.0646984
2.28 0.0638033
2.29 0.0629168
2.3 0.0620387
2.31 0.061169
2.32 0.0603078
2.33 0.0594551
2.34 0.0586107
2.35 0.0577748
2.36 0.0569472
2.37 0.056128
2.38 0.0553171
2.39 0.0545146
2.4 0.0537204
2.41 0.0529344
2.42 0.0521567
2.43 0.0513872
2.44 0.0506259
2.45 0.0498728
2.46 0.0491278
2.47 0.048391
2.48 0.0476622
2.49 0.0469415
2.5 0.0462288
2.51 0.045524
2.52 0.0448273
2.53 0.0441384
2.54 0.0434574
2.55 0.0427843
2.56 0.0421189
2.57 0.0414613
2.58 0.0408114
2.59 0.0401692
2.6 0.0395347
2.61 0.0389077
2.62 0.0382883
2.63 0.0376764
2.64 0.0370719
2.65 0.0364749
2.66 0.0358852
2.67 0.0353029
2.68 0.0347278
2.69 0.03416
2.7 0.0335994
2.71 0.0330459
2.72 0.0324994
2.73 0.03196
2.74 0.0314276
2.75 0.0309022
2.76 0.0303836
2.77 0.0298718
2.78 0.0293668
2.79 0.0288686
2.8 0.028377
2.81 0.0278921
2.82 0.0274137
2.83 0.0269418
2.84 0.0264764
2.85 0.0260174
2.86 0.0255648
2.87 0.0251184
2.88 0.0246783
2.89 0.0242444
2.9 0.0238166
2.91 0.0233949
2.92 0.0229792
2.93 0.0225695
2.94 0.0221657
2.95 0.0217678
2.96 0.0213757
2.97 0.0209893
2.98 0.0206086
2.99 0.0202335
3 0.019864
3.01 0.0195
3.02 0.0191415
3.03 0.0187884
3.04 0.0184407
3.05 0.0180982
3.06 0.017761
3.07 0.017429
3.08 0.0171021
3.09 0.0167803
3.1 0.0164635
3.11 0.0161516
3.12 0.0158447
3.13 0.0155426
3.14 0.0152454
3.15 0.0149528
3.16 0.014665
3.17 0.0143818
3.18 0.0141031
3.19 0.013829
3.2 0.0135594
3.21 0.0132942
3.22 0.0130333
3.23 0.0127768
3.24 0.0125245
3.25 0.0122764
3.26 0.0120325
3.27 0.0117927
3.28 0.0115569
3.29 0.0113251
3.3 0.0110973
3.31 0.0108734
3.32 0.0106533
3.33 0.010437
3.34 0.0102244
3.35 0.0100156
3.36 0.00981037
3.37 0.00960875
3.38 0.00941069
3.39 0.00921613
3.4 0.00902501
3.41 0.0088373
3.42 0.00865295
3.43 0.00847191
3.44 0.00829412
3.45 0.00811956
3.46 0.00794816
3.47 0.00777989
3.48 0.0076147
3.49 0.00745254
3.5 0.00729338
3.51 0.00713716
3.52 0.00698384
3.53 0.00683338
3.54 0.00668574
3.55 0.00654088
3.56 0.00639875
3.57 0.00625931
3.58 0.00612251
3.59 0.00598833
3.6 0.00585672
3.61 0.00572763
3.62 0.00560104
3.63 0.00547689
3.64 0.00535516
3.65 0.0052358
3.66 0.00511877
3.67 0.00500404
3.68 0.00489157
3.69 0.00478133
3.7 0.00467327
3.71 0.00456736
3.72 0.00446357
3.73 0.00436186
3.74 0.0042622
3.75 0.00416455
3.76 0.00406887
3.77 0.00397514
3.78 0.00388333
3.79 0.00379339
3.8 0.0037053
3.81 0.00361902
3.82 0.00353453
3.83 0.00345179
3.84 0.00337077
3.85 0.00329145
3.86 0.00321378
3.87 0.00313775
3.88 0.00306332
3.89 0.00299047
3.9 0.00291916
3.91 0.00284937
3.92 0.00278107
3.93 0.00271424
3.94 0.00264884
3.95 0.00258485
3.96 0.00252225
3.97 0.00246101
3.98 0.0024011
3.99 0.00234249
4 0.00228518
4.01 0.00222912
4.02 0.0021743
4.03 0.00212069
4.04 0.00206827
4.05 0.00201702
4.06 0.00196691
4.07 0.00191793
4.08 0.00187004
4.09 0.00182323
4.1 0.00177748
4.11 0.00173277
4.12 0.00168908
4.13 0.00164638
4.14 0.00160466
4.15 0.00156389
4.16 0.00152406
4.17 0.00148516
4.18 0.00144715
4.19 0.00141002
4.2 0.00137376
4.21 0.00133835
4.22 0.00130376
4.23 0.00126999
4.24 0.00123701
4.25 0.00120482
4.26 0.00117338
4.27 0.00114269
4.28 0.00111273
4.29 0.00108349
4.3 0.00105495
4.31 0.0010271
4.32 0.000999914
4.33 0.000973387
4.34 0.000947504
4.35 0.000922249
4.36 0.00089761
4.37 0.000873573
4.38 0.000850125
4.39 0.000827253
4.4 0.000804945
4.41 0.000783188
4.42 0.00076197
4.43 0.000741279
4.44 0.000721104
4.45 0.000701433
4.46 0.000682254
4.47 0.000663557
4.48 0.000645331
4.49 0.000627565
4.5 0.00061025
4.51 0.000593373
4.52 0.000576926
4.53 0.000560899
4.54 0.000545282
4.55 0.000530066
4.56 0.000515241
4.57 0.000500799
4.58 0.00048673
4.59 0.000473026
4.6 0.000459678
4.61 0.000446678
4.62 0.000434017
4.63 0.000421688
4.64 0.000409683
4.65 0.000397995
4.66 0.000386614
4.67 0.000375535
4.68 0.00036475
4.69 0.000354252
4.7 0.000344033
4.71 0.000334088
4.72 0.00032441
4.73 0.000314991
4.74 0.000305826
4.75 0.000296909
4.76 0.000288233
4.77 0.000279793
4.78 0.000271582
4.79 0.000263595
4.8 0.000255826
4.81 0.000248271
4.82 0.000240923
4.83 0.000233777
4.84 0.000226829
4.85 0.000220072
4.86 0.000213504
4.87 0.000207118
4.88 0.00020091
4.89 0.000194875
4.9 0.00018901
4.91 0.000183309
4.92 0.000177769
4.93 0.000172385
4.94 0.000167153
4.95 0.000162069
4.96 0.00015713
4.97 0.000152332
4.98 0.00014767
4.99 0.000143142
5 0.000138744
5.01 0.000134472
5.02 0.000130324
5.03 0.000126295
5.04 0.000122383
5.05 0.000118584
5.06 0.000114896
5.07 0.000111315
5.08 0.000107839
5.09 0.000104464
5.1 0.000101189
5.11 9.80098e-05
5.12 9.49246e-05
5.13 9.19304e-05
5.14 8.9025e-05
5.15 8.62058e-05
5.16 8.34704e-05
5.17 8.08166e-05
5.18 7.82421e-05
5.19 7.57447e-05
5.2 7.33222e-05
5.21 7.09727e-05
5.22 6.86939e-05
5.23 6.6484e-05
5.24 6.4341e-05
5.25 6.22631e-05
5.26 6.02484e-05
5.27 5.8295e-05
5.28 5.64013e-05
5.29 5.45656e-05
5.3 5.27863e-05
5.31 5.10616e-05
5.32 4.93901e-05
5.33 4.77701e-05
5.34 4.62003e-05
5.35 4.46792e-05
5.36 4.32054e-05
5.37 4.17775e-05
5.38 4.03941e-05
5.39 3.9054e-05
5.4 3.77559e-05
5.41 3.64986e-05
5.42 3.52809e-05
5.43 3.41015e-05
5.44 3.29595e-05
5.45 3.18536e-05
5.46 3.07828e-05
5.47 2.97461e-05
5.48 2.87425e-05
5.49 2.77708e-05
5.5 2.68303e-05
5.51 2.592e-05
5.52 2.50389e-05
5.53 2.41862e-05
5.54 2.3361e-05
5.55 2.25625e-05
5.56 2.17898e-05
5.57 2.10423e-05
5.58 2.03191e-05
5.59 1.96194e-05
5.6 1.89426e-05
5.61 1.8288e-05
5.62 1.76549e-05
5.63 1.70425e-05
5.64 1.64503e-05
5.65 1.58777e-05
5.66 1.5324e-05
5.67 1.47886e-05
5.68 1.4271e-05
5.69 1.37707e-05
5.7 1.3287e-05
5.71 1.28194e-05
5.72 1.23676e-05
5.73 1.19308e-05
5.74 1.15087e-05
5.75 1.11009e-05
5.76 1.07068e-05
5.77 1.0326e-05
5.78 9.9581e-06
5.79 9.60269e-06
5.8 9.25936e-06
5.81 8.92772e-06
5.82 8.6074e-06
5.83 8.29803e-06
5.84 7.99925e-06
5.85 7.71073e-06
5.86 7.43214e-06
5.87 7.16314e-06
5.88 6.90342e-06
5.89 6.65269e-06
5.9 6.41065e-06
5.91 6.17701e-06
5.92 5.95149e-06
5.93 5.73384e-06
5.94 5.52378e-06
5.95 5.32107e-06
5.96 5.12547e-06
5.97 4.93673e-06
5.98 4.75463e-06
5.99 4.57895e-06
