-6 0.00122547
-5.99 0.00125341
-5.98 0.00128193
-5.97 0.00131102
-5.96 0.00134071
-5.95 0.00137099
-5.94 0.00140188
-5.93 0.00143339
-5.92 0.00146553
-5.91 0.00149832
-5.9 0.00153175
-5.89 0.00156585
-5.88 0.00160062
-5.87 0.00163607
-5.86 0.00167222
-5.85 0.00170908
-5.84 0.00174666
-5.83 0.00178497
-5.82 0.00182402
-5.81 0.00186383
-5.8 0.0019044
-5.79 0.00194575
-5.78 0.0019879
-5.77 0.00203085
-5.76 0.00207462
-5.75 0.00211921
-5.74 0.00216466
-5.73 0.00221095
-5.72 0.00225812
-5.71 0.00230617
-5.7 0.00235512
-5.69 0.00240497
-5.68 0.00245576
-5.67 0.00250748
-5.66 0.00256015
-5.65 0.00261379
-5.64 0.00266841
-5.63 0.00272403
-5.62 0.00278066
-5.61 0.00283832
-5.6 0.00289701
-5.59 0.00295677
-5.58 0.00301759
-5.57 0.0030795
-5.56 0.00314251
-5.55 0.00320665
-5.54 0.00327191
-5.53 0.00333833
-5.52 0.00340591
-5.51 0.00347468
-5.5 0.00354464
-5.49 0.00361583
-5.48 0.00368824
-5.47 0.0037619
-5.46 0.00383683
-5.45 0.00391305
-5.44 0.00399056
-5.43 0.0040694
-5.42 0.00414957
-5.41 0.00423109
-5.4 0.00431399
-5.39 0.00439827
-5.38 0.00448396
-5.37 0.00457108
-5.36 0.00465964
-5.35 0.00474967
-5.34 0.00484118
-5.33 0.00493418
-5.32 0.00502871
-5.31 0.00512477
-5.3 0.00522239
-5.29 0.00532158
-5.28 0.00542237
-5.27 0.00552477
-5.26 0.00562881
-5.25 0.0057345
-5.24 0.00584187
-5.23 0.00595092
-5.22 0.00606169
-5.21 0.00617419
-5.2 0.00628845
-5.19 0.00640448
-5.18 0.0065223
-5.17 0.00664193
-5.16 0.0067634
-5.15 0.00688672
-5.14 0.00701192
-5.13 0.00713901
-5.12 0.00726802
-5.11 0.00739896
-5.1 0.00753186
-5.09 0.00766674
-5.08 0.00780363
-5.07 0.00794253
-5.06 0.00808347
-5.05 0.00822647
-5.04 0.00837156
-5.03 0.00851875
-5.02 0.00866807
-5.01 0.00881954
-5 0.00897317
-4.99 0.009129
-4.98 0.00928703
-4.97 0.0094473
-4.96 0.00960982
-4.95 0.00977461
-4.94 0.0099417
-4.93 0.0101111
-4.92 0.0102829
-4.91 0.010457
-4.9 0.0106335
-4.89 0.0108123
-4.88 0.0109937
-4.87 0.0111774
-4.86 0.0113636
-4.85 0.0115524
-4.84 0.0117436
-4.83 0.0119373
-4.82 0.0121336
-4.81 0.0123325
-4.8 0.0125339
-4.79 0.012738
-4.78 0.0129447
-4.77 0.0131541
-4.76 0.0133661
-4.75 0.0135808
-4.74 0.0137983
-4.73 0.0140184
-4.72 0.0142414
-4.71 0.0144671
-4.7 0.0146956
-4.69 0.0149269
-4.68 0.015161
-4.67 0.015398
-4.66 0.0156379
-4.65 0.0158806
-4.64 0.0161263
-4.63 0.0163749
-4.62 0.0166264
-4.61 0.0168809
-4.6 0.0171384
-4.59 0.0173989
-4.58 0.0176624
-4.57 0.017929
-4.56 0.0181986
-4.55 0.0184712
-4.54 0.018747
-4.53 0.0190258
-4.52 0.0193078
-4.51 0.0195929
-4.5 0.0198812
-4.49 0.0201726
-4.48 0.0204672
-4.47 0.020765
-4.46 0.021066
-4.45 0.0213703
-4.44 0.0216777
-4.43 0.0219885
-4.42 0.0223025
-4.41 0.0226198
-4.4 0.0229403
-4.39 0.0232642
-4.38 0.0235914
-4.37 0.0239219
-4.36 0.0242558
-4.35 0.024593
-4.34 0.0249335
-4.33 0.0252775
-4.32 0.0256248
-4.31 0.0259755
-4.3 0.0263296
-4.29 0.0266871
-4.28 0.0270481
-4.27 0.0274124
-4.26 0.0277802
-4.25 0.0281514
-4.24 0.0285261
-4.23 0.0289042
-4.22 0.0292857
-4.21 0.0296708
-4.2 0.0300592
-4.19 0.0304512
-4.18 0.0308466
-4.17 0.0312455
-4.16 0.0316478
-4.15 0.0320537
-4.14 0.032463
-4.13 0.0328758
-4.12 0.0332921
-4.11 0.0337118
-4.1 0.034135
-4.09 0.0345617
-4.08 0.0349919
-4.07 0.0354256
-4.06 0.0358627
-4.05 0.0363033
-4.04 0.0367473
-4.03 0.0371948
-4.02 0.0376457
-4.01 0.0381001
-4 0.0385579
-3.99 0.0390191
-3.98 0.0394838
-3.97 0.0399519
-3.96 0.0404233
-3.95 0.0408982
-3.94 0.0413764
-3.93 0.041858
-3.92 0.042343
-3.91 0.0428313
-3.9 0.043323
-3.89 0.0438179
-3.88 0.0443162
-3.87 0.0448177
-3.86 0.0453225
-3.85 0.0458306
-3.84 0.0463419
-3.83 0.0468564
-3.82 0.0473741
-3.81 0.047895
-3.8 0.0484191
-3.79 0.0489463
-3.78 0.0494766
-3.77 0.05001
-3.76 0.0505464
-3.75 0.0510859
-3.74 0.0516285
-3.73 0.052174
-3.72 0.0527225
-3.71 0.0532739
-3.7 0.0538283
-3.69 0.0543855
-3.68 0.0549456
-3.67 0.0555085
-3.66 0.0560742
-3.65 0.0566427
-3.64 0.0572139
-3.63 0.0577878
-3.62 0.0583644
-3.61 0.0589436
-3.6 0.0595254
-3.59 0.0601098
-3.58 0.0606967
-3.57 0.061286
-3.56 0.0618779
-3.55 0.0624721
-3.54 0.0630687
-3.53 0.0636676
-3.52 0.0642689
-3.51 0.0648723
-3.5 0.065478
-3.49 0.0660859
-3.48 0.0666958
-3.47 0.0673078
-3.46 0.0679219
-3.45 0.0685379
-3.44 0.0691559
-3.43 0.0697758
-3.42 0.0703975
-3.41 0.071021
-3.4 0.0716462
-3.39 0.0722732
-3.38 0.0729018
-3.37 0.0735319
-3.36 0.0741636
-3.35 0.0747968
-3.34 0.0754314
-3.33 0.0760674
-3.32 0.0767047
-3.31 0.0773433
-3.3 0.0779831
-3.29 0.0786241
-3.28 0.0792661
-3.27 0.0799092
-3.26 0.0805533
-3.25 0.0811982
-3.24 0.0818441
-3.23 0.0824908
-3.22 0.0831382
-3.21 0.0837862
-3.2 0.0844349
-3.19 0.0850842
-3.18 0.0857339
-3.17 0.0863841
-3.16 0.0870347
-3.15 0.0876855
-3.14 0.0883366
-3.13 0.0889879
-3.12 0.0896392
-3.11 0.0902906
-3.1 0.090942
-3.09 0.0915933
-3.08 0.0922444
-3.07 0.0928954
-3.06 0.093546
-3.05 0.0941962
-3.04 0.094846
-3.03 0.0954954
-3.02 0.0961441
-3.01 0.0967922
-3 0.0974396
-2.99 0.0980862
-2.98 0.098732
-2.97 0.0993769
-2.96 0.100021
-2.95 0.100664
-2.94 0.101305
-2.93 0.101946
-2.92 0.102585
-2.91 0.103223
-2.9 0.103859
-2.89 0.104494
-2.88 0.105127
-2.87 0.105759
-2.86 0.106389
-2.85 0.107017
-2.84 0.107644
-2.83 0.108268
-2.82 0.108891
-2.81 0.109511
-2.8 0.110129
-2.79 0.110745
-2.78 0.111359
-2.77 0.11197
-2.76 0.112579
-2.75 0.113186
-2.74 0.113789
-2.73 0.114391
-2.72 0.114989
-2.71 0.115585
-2.7 0.116178
-2.69 0.116768
-2.68 0.117354
-2.67 0.117938
-2.66 0.118519
-2.65 0.119096
-2.64 0.119671
-2.63 0.120241
-2.62 0.120809
-2.61 0.121373
-2.6 0.121933
-2.59 0.12249
-2.58 0.123043
-2.57 0.123592
-2.56 0.124138
-2.55 0.124679
-2.54 0.125217
-2.53 0.12575
-2.52 0.12628
-2.51 0.126805
-2.5 0.127326
-2.49 0.127843
-2.48 0.128356
-2.47 0.128864
-2.46 0.129368
-2.45 0.129867
-2.44 0.130361
-2.43 0.130851
-2.42 0.131337
-2.41 0.131817
-2.4 0.132293
-2.39 0.132764
-2.38 0.13323
-2.37 0.133691
-2.36 0.134147
-2.35 0.134598
-2.34 0.135043
-2.33 0.135484
-2.32 0.135919
-2.31 0.136349
-2.3 0.136774
-2.29 0.137194
-2.28 0.137608
-2.27 0.138016
-2.26 0.138419
-2.25 0.138817
-2.24 0.139209
-2.23 0.139595
-2.22 0.139975
-2.21 0.14035
-2.2 0.140719
-2.19 0.141083
-2.18 0.14144
-2.17 0.141792
-2.16 0.142138
-2.15 0.142478
-2.14 0.142812
-2.13 0.14314
-2.12 0.143462
-2.11 0.143778
-2.1 0.144088
-2.09 0.144391
-2.08 0.144689
-2.07 0.144981
-2.06 0.145266
-2.05 0.145545
-2.04 0.145818
-2.03 0.146085
-2.02 0.146346
-2.01 0.1466
-2 0.146848
-1.99 0.14709
-1.98 0.147326
-1.97 0.147555
-1.96 0.147778
-1.95 0.147995
-1.94 0.148205
-1.93 0.148409
-1.92 0.148607
-1.91 0.148799
-1.9 0.148984
-1.89 0.149163
-1.88 0.149335
-1.87 0.149501
-1.86 0.149661
-1.85 0.149815
-1.84 0.149962
-1.83 0.150103
-1.82 0.150237
-1.81 0.150366
-1.8 0.150488
-1.79 0.150604
-1.78 0.150714
-1.77 0.150817
-1.76 0.150914
-1.75 0.151006
-1.74 0.151091
-1.73 0.151169
-1.72 0.151242
-1.71 0.151309
-1.7 0.15137
-1.69 0.151424
-1.68 0.151473
-1.67 0.151515
-1.66 0.151552
-1.65 0.151583
-1.64 0.151608
-1.63 0.151627
-1.62 0.15164
-1.61 0.151648
-1.6 0.15165
-1.59 0.151646
-1.58 0.151636
-1.57 0.151621
-1.56 0.151601
-1.55 0.151574
-1.54 0.151543
-1.53 0.151506
-1.52 0.151463
-1.51 0.151416
-1.5 0.151363
-1.49 0.151305
-1.48 0.151241
-1.47 0.151173
-1.46 0.1511
-1.45 0.151021
-1.44 0.150938
-1.43 0.15085
-1.42 0.150757
-1.41 0.150659
-1.4 0.150557
-1.39 0.15045
-1.38 0.150338
-1.37 0.150222
-1.36 0.150102
-1.35 0.149977
-1.34 0.149848
-1.33 0.149714
-1.32 0.149577
-1.31 0.149435
-1.3 0.14929
-1.29 0.14914
-1.28 0.148987
-1.27 0.14883
-1.26 0.148669
-1.25 0.148505
-1.24 0.148337
-1.23 0.148165
-1.22 0.14799
-1.21 0.147812
-1.2 0.147631
-1.19 0.147446
-1.18 0.147259
-1.17 0.147068
-1.16 0.146874
-1.15 0.146678
-1.14 0.146479
-1.13 0.146277
-1.12 0.146073
-1.11 0.145866
-1.1 0.145657
-1.09 0.145445
-1.08 0.145231
-1.07 0.145015
-1.06 0.144797
-1.05 0.144577
-1.04 0.144356
-1.03 0.144132
-1.02 0.143907
-1.01 0.14368
-1 0.143451
-0.99 0.143221
-0.98 0.14299
-0.97 0.142757
-0.96 0.142523
-0.95 0.142289
-0.94 0.142053
-0.93 0.141816
-0.92 0.141578
-0.91 0.14134
-0.9 0.141101
-0.89 0.140862
-0.88 0.140622
-0.87 0.140381
-0.86 0.140141
-0.85 0.1399
-0.84 0.139659
-0.83 0.139418
-0.82 0.139177
-0.81 0.138936
-0.8 0.138696
-0.79 0.138456
-0.78 0.138216
-0.77 0.137977
-0.76 0.137738
-0.75 0.1375
-0.74 0.137263
-0.73 0.137027
-0.72 0.136791
-0.71 0.136557
-0.7 0.136324
-0.69 0.136092
-0.68 0.135861
-0.67 0.135631
-0.66 0.135403
-0.65 0.135177
-0.64 0.134952
-0.63 0.134728
-0.62 0.134507
-0.61 0.134287
-0.6 0.134069
-0.59 0.133854
-0.58 0.13364
-0.57 0.133428
-0.56 0.133219
-0.55 0.133012
-0.54 0.132807
-0.53 0.132604
-0.52 0.132405
-0.51 0.132207
-0.5 0.132013
-0.49 0.131821
-0.48 0.131631
-0.47 0.131445
-0.46 0.131261
-0.45 0.131081
-0.44 0.130903
-0.43 0.130729
-0.42 0.130557
-0.41 0.130389
-0.4 0.130224
-0.39 0.130063
-0.38 0.129904
-0.37 0.12975
-0.36 0.129598
-0.35 0.129451
-0.34 0.129306
-0.33 0.129166
-0.32 0.129029
-0.31 0.128896
-0.3 0.128766
-0.29 0.128641
-0.28 0.128519
-0.27 0.128401
-0.26 0.128287
-0.25 0.128177
-0.24 0.128071
-0.23 0.127969
-0.22 0.127871
-0.21 0.127777
-0.2 0.127688
-0.19 0.127602
-0.18 0.127521
-0.17 0.127444
-0.16 0.127372
-0.15 0.127303
-0.14 0.127239
-0.13 0.127179
-0.12 0.127124
-0.11 0.127073
-0.1 0.127026
-0.09 0.126984
-0.08 0.126946
-0.07 0.126912
-0.06 0.126883
-0.05 0.126859
-0.04 0.126839
-0.03 0.126823
-0.02 0.126812
-0.01 0.126805
0 0.126803
0.01 0.126805
0.02 0.126812
0.03 0.126823
0.04 0.126839
0.05 0.126859
0.06 0.126883
0.07 0.126912
0.08 0.126946
0.09 0.126984
0.1 0.127026
0.11 0.127073
0.12 0.127124
0.13 0.127179
0.14 0.127239
0.15 0.127303
0.16 0.127372
0.17 0.127444
0.18 0.127521
0.19 0.127602
0.2 0.127688
0.21 0.127777
0.22 0.127871
0.23 0.127969
0.24 0.128071
0.25 0.128177
0.26 0.128287
0.27 0.128401
0.28 0.128519
0.29 0.128641
0.3 0.128766
0.31 0.128896
0.32 0.129029
0.33 0.129166
0.34 0.129306
0.35 0.129451
0.36 0.129598
0.37 0.12975
0.38 0.129904
0.39 0.130063
0.4 0.130224
0.41 0.130389
0.42 0.130557
0.43 0.130729
0.44 0.130903
0.45 0.131081
0.46 0.131261
0.47 0.131445
0.48 0.131631
0.49 0.131821
0.5 0.132013
0.51 0.132207
0.52 0.132405
0.53 0.132604
0.54 0.132807
0.55 0.133012
0.56 0.133219
0.57 0.133428
0.58 0.13364
0.59 0.133854
0.6 0.134069
0.61 0.134287
0.62 0.134507
0.63 0.134728
0.64 0.134952
0.65 0.135177
0.66 0.135403
0.67 0.135631
0.68 0.135861
0.69 0.136092
0.7 0.136324
0.71 0.136557
0.72 0.136791
0.73 0.137027
0.74 0.137263
0.75 0.1375
0.76 0.137738
0.77 0.137977
0.78 0.138216
0.79 0.138456
0.8 0.138696
0.81 0.138936
0.82 0.139177
0.83 0.139418
0.84 0.139659
0.85 0.1399
0.86 0.140141
0.87 0.140381
0.88 0.140622
0.89 0.140862
0.9 0.141101
0.91 0.14134
0.92 0.141578
0.93 0.141816
0.94 0.142053
0.95 0.142289
0.96 0.142523
0.97 0.142757
0.98 0.14299
0.99 0.143221
1 0.143451
1.01 0.14368
1.02 0.143907
1.03 0.144132
1.04 0.144356
1.05 0.144577
1.06 0.144797
1.07 0.145015
1.08 0.145231
1.09 0.145445
1.1 0.145657
1.11 0.145866
1.12 0.146073
1.13 0.146277
1.14 0.146479
1.15 0.146678
1.16 0.146874
1.17 0.147068
1.18 0.147259
1.19 0.147446
1.2 0.147631
1.21 0.147812
1.22 0.14799
1.23 0.148165
1.24 0.148337
1.25 0.148505
1.26 0.148669
1.27 0.14883
1.28 0.148987
1.29 0.14914
1.3 0.14929
1.31 0.149435
1.32 0.149577
1.33 0.149714
1.34 0.149848
1.35 0.149977
1.36 0.150102
1.37 0.150222
1.38 0.150338
1.39 0.15045
1.4 0.150557
1.41 0.150659
1.42 0.150757
1.43 0.15085
1.44 0.150938
1.45 0.151021
1.46 0.1511
1.47 0.151173
1.48 0.151241
1.49 0.151305
1.5 0.151363
1.51 0.151416
1.52 0.151463
1.53 0.151506
1.54 0.151543
1.55 0.151574
1.56 0.151601
1.57 0.151621
1.58 0.151636
1.59 0.151646
1.6 0.15165
1.61 0.151648
1.62 0.15164
1.63 0.151627
1.64 0.151608
1.65 0.151583
1.66 0.151552
1.67 0.151515
1.68 0.151473
1.69 0.151424
1.7 0.15137
1.71 0.151309
1.72 0.151242
1.73 0.151169
1.74 0.151091
1.75 0.151006
1.76 0.150914
1.77 0.150817
1.78 0.150714
1.79 0.150604
1.8 0.150488
1.81 0.150366
1.82 0.150237
1.83 0.150103
1.84 0.149962
1.85 0.149815
1.86 0.149661
1.87 0.149501
1.88 0.149335
1.89 0.149163
1.9 0.148984
1.91 0.148799
1.92 0.148607
1.93 0.148409
1.94 0.148205
1.95 0.147995
1.96 0.147778
1.97 0.147555
1.98 0.147326
1.99 0.14709
2 0.146848
2.01 0.1466
2.02 0.146346
2.03 0.146085
2.04 0.145818
2.05 0.145545
2.06 0.145266
2.07 0.144981
2.08 0.144689
2.09 0.144391
2.1 0.144088
2.11 0.143778
2.12 0.143462
2.13 0.14314
2.14 0.142812
2.15 0.142478
2.16 0.142138
2.17 0.141792
2.18 0.14144
2.19 0.141083
2.2 0.140719
2.21 0.14035
2.22 0.139975
2.23 0.139595
2.24 0.139209
2.25 0.138817
2.26 0.138419
2.27 0.138016
2.28 0.137608
2.29 0.137194
2.3 0.136774
2.31 0.136349
2.32 0.135919
2.33 0.135484
2.34 0.135043
2.35 0.134598
2.36 0.134147
2.37 0.133691
2.38 0.13323
2.39 0.132764
2.4 0.132293
2.41 0.131817
2.42 0.131337
2.43 0.130851
2.44 0.130361
2.45 0.129867
2.46 0.129368
2.47 0.128864
2.48 0.128356
2.49 0.127843
2.5 0.127326
2.51 0.126805
2.52 0.12628
2.53 0.12575
2.54 0.125217
2.55 0.124679
2.56 0.124138
2.57 0.123592
2.58 0.123043
2.59 0.12249
2.6 0.121933
2.61 0.121373
2.62 0.120809
2.63 0.120241
2.64 0.119671
2.65 0.119096
2.66 0.118519
2.67 0.117938
2.68 0.117354
2.69 0.116768
2.7 0.116178
2.71 0.115585
2.72 0.114989
2.73 0.114391
2.74 0.113789
2.75 0.113186
2.76 0.112579
2.77 0.11197
2.78 0.111359
2.79 0.110745
2.8 0.110129
2.81 0.109511
2.82 0.108891
2.83 0.108268
2.84 0.107644
2.85 0.107017
2.86 0.106389
2.87 0.105759
2.88 0.105127
2.89 0.104494
2.9 0.103859
2.91 0.103223
2.92 0.102585
2.93 0.101946
2.94 0.101305
2.95 0.100664
2.96 0.100021
2.97 0.0993769
2.98 0.098732
2.99 0.0980862
3 0.0974396
3.01 0.0967922
3.02 0.0961441
3.03 0.0954954
3.04 0.094846
3.05 0.0941962
3.06 0.093546
3.07 0.0928954
3.08 0.0922444
3.09 0.0915933
3.1 0.090942
3.11 0.0902906
3.12 0.0896392
3.13 0.0889879
3.14 0.0883366
3.15 0.0876855
3.16 0.0870347
3.17 0.0863841
3.18 0.0857339
3.19 0.0850842
3.2 0.0844349
3.21 0.0837862
3.22 0.0831382
3.23 0.0824908
3.24 0.0818441
3.25 0.0811982
3.26 0.0805533
3.27 0.0799092
3.28 0.0792661
3.29 0.0786241
3.3 0.0779831
3.31 0.0773433
3.32 0.0767047
3.33 0.0760674
3.34 0.0754314
3.35 0.0747968
3.36 0.0741636
3.37 0.0735319
3.38 0.0729018
3.39 0.0722732
3.4 0.0716462
3.41 0.071021
3.42 0.0703975
3.43 0.0697758
3.44 0.0691559
3.45 0.0685379
3.46 0.0679219
3.47 0.0673078
3.48 0.0666958
3.49 0.0660859
3.5 0.065478
3.51 0.0648723
3.52 0.0642689
3.53 0.0636676
3.54 0.0630687
3.55 0.0624721
3.56 0.0618779
3.57 0.061286
3.58 0.0606967
3.59 0.0601098
3.6 0.0595254
3.61 0.0589436
3.62 0.0583644
3.63 0.0577878
3.64 0.0572139
3.65 0.0566427
3.66 0.0560742
3.67 0.0555085
3.68 0.0549456
3.69 0.0543855
3.7 0.0538283
3.71 0.0532739
3.72 0.0527225
3.73 0.052174
3.74 0.0516285
3.75 0.0510859
3.76 0.0505464
3.77 0.05001
3.78 0.0494766
3.79 0.0489463
3.8 0.0484191
3.81 0.047895
3.82 0.0473741
3.83 0.0468564
3.84 0.0463419
3.85 0.0458306
3.86 0.0453225
3.87 0.0448177
3.88 0.0443162
3.89 0.0438179
3.9 0.043323
3.91 0.0428313
3.92 0.042343
3.93 0.041858
3.94 0.0413764
3.95 0.0408982
3.96 0.0404233
3.97 0.0399519
3.98 0.0394838
3.99 0.0390191
4 0.0385579
4.01 0.0381001
4.02 0.0376457
4.03 0.0371948
4.04 0.0367473
4.05 0.0363033
4.06 0.0358627
4.07 0.0354256
4.08 0.0349919
4.09 0.0345617
4.1 0.034135
4.11 0.0337118
4.12 0.0332921
4.13 0.0328758
4.14 0.032463
4.15 0.0320537
4.16 0.0316478
4.17 0.0312455
4.18 0.0308466
4.19 0.0304512
4.2 0.0300592
4.21 0.0296708
4.22 0.0292857
4.23 0.0289042
4.24 0.0285261
4.25 0.0281514
4.26 0.0277802
4.27 0.0274124
4.28 0.0270481
4.29 0.0266871
4.3 0.0263296
4.31 0.0259755
4.32 0.0256248
4.33 0.0252775
4.34 0.0249335
4.35 0.024593
4.36 0.0242558
4.37 0.0239219
4.38 0.0235914
4.39 0.0232642
4.4 0.0229403
4.41 0.0226198
4.42 0.0223025
4.43 0.0219885
4.44 0.0216777
4.45 0.0213703
4.46 0.021066
4.47 0.020765
4.48 0.0204672
4.49 0.0201726
4.5 0.0198812
4.51 0.0195929
4.52 0.0193078
4.53 0.0190258
4.54 0.018747
4.55 0.0184712
4.56 0.0181986
4.57 0.017929
4.58 0.0176624
4.59 0.0173989
4.6 0.0171384
4.61 0.0168809
4.62 0.0166264
4.63 0.0163749
4.64 0.0161263
4.65 0.0158806
4.66 0.0156379
4.67 0.015398
4.68 0.015161
4.69 0.0149269
4.7 0.0146956
4.71 0.0144671
4.72 0.0142414
4.73 0.0140184
4.74 0.0137983
4.75 0.0135808
4.76 0.0133661
4.77 0.0131541
4.78 0.0129447
4.79 0.012738
4.8 0.0125339
4.81 0.0123325
4.82 0.0121336
4.83 0.0119373
4.84 0.0117436
4.85 0.0115524
4.86 0.0113636
4.87 0.0111774
4.88 0.0109937
4.89 0.0108123
4.9 0.0106335
4.91 0.010457
4.92 0.0102829
4.93 0.0101111
4.94 0.0099417
4.95 0.00977461
4.96 0.00960982
4.97 0.0094473
4.98 0.00928703
4.99 0.009129
5 0.00897317
5.01 0.00881954
5.02 0.00866807
5.03 0.00851875
5.04 0.00837156
5.05 0.00822647
5.06 0.00808347
5.07 0.00794253
5.08 0.00780363
5.09 0.00766674
5.1 0.00753186
5.11 0.00739896
5.12 0.00726802
5.13 0.00713901
5.14 0.00701192
5.15 0.00688672
5.16 0.0067634
5.17 0.00664193
5.18 0.0065223
5.19 0.00640448
5.2 0.00628845
5.21 0.00617419
5.22 0.00606169
5.23 0.00595092
5.24 0.00584187
5.25 0.0057345
5.26 0.00562881
5.27 0.00552477
5.28 0.00542237
5.29 0.00532158
5.3 0.00522239
5.31 0.00512477
5.32 0.00502871
5.33 0.00493418
5.34 0.00484118
5.35 0.00474967
5.36 0.00465964
5.37 0.00457108
5.38 0.00448396
5.39 0.00439827
5.4 0.00431399
5.41 0.00423109
5.42 0.00414957
5.43 0.0040694
5.44 0.00399056
5.45 0.00391305
5.46 0.00383683
5.47 0.0037619
5.48 0.00368824
5.49 0.00361583
5.5 0.00354464
5.51 0.00347468
5.52 0.00340591
5.53 0.00333833
5.54 0.00327191
5.55 0.00320665
5.56 0.00314251
5.57 0.0030795
5.58 0.00301759
5.59 0.00295677
5.6 0.00289701
5.61 0.00283832
5.62 0.00278066
5.63 0.00272403
5.64 0.00266841
5.65 0.00261379
5.66 0.00256015
5.67 0.00250748
5.68 0.00245576
5.69 0.00240497
5.7 0.00235512
5.71 0.00230617
5.72 0.00225812
5.73 0.00221095
5.74 0.00216466
5.75 0.00211921
5.76 0.00207462
5.77 0.00203085
5.78 0.0019879
5.79 0.00194575
5.8 0.0019044
5.81 0.00186383
5.82 0.00182402
5.83 0.00178497
5.84 0.00174666
5.85 0.00170908
5.86 0.00167222
5.87 0.00163607
5.88 0.00160062
5.89 0.00156585
5.9 0.00153175
5.91 0.00149832
5.92 0.00146553
5.93 0.00143339
5.94 0.00140188
5.95 0.00137099
5.96 0.00134071
5.97 0.00131102
5.98 0.00128193
5.99 0.00125341
