-6 3.75675e-12
-5.99 3.99593e-12
-5.98 4.24991e-12
-5.97 4.51956e-12
-5.96 4.80582e-12
-5.95 5.10969e-12
-5.94 5.43221e-12
-5.93 5.7745e-12
-5.92 6.13772e-12
-5.91 6.52312e-12
-5.9 6.932e-12
-5.89 7.36576e-12
-5.88 7.82585e-12
-5.87 8.31382e-12
-5.86 8.83132e-12
-5.85 9.38005e-12
-5.84 9.96186e-12
-5.83 1.05787e-11
-5.82 1.12325e-11
-5.81 1.19255e-11
-5.8 1.266e-11
-5.79 1.34383e-11
-5.78 1.4263e-11
-5.77 1.51368e-11
-5.76 1.60625e-11
-5.75 1.70429e-11
-5.74 1.80814e-11
-5.73 1.91812e-11
-5.72 2.03458e-11
-5.71 2.15789e-11
-5.7 2.28843e-11
-5.69 2.42662e-11
-5.68 2.57289e-11
-5.67 2.7277e-11
-5.66 2.89153e-11
-5.65 3.06488e-11
-5.64 3.24828e-11
-5.63 3.44231e-11
-5.62 3.64755e-11
-5.61 3.86463e-11
-5.6 4.09421e-11
-5.59 4.33698e-11
-5.58 4.59367e-11
-5.57 4.86506e-11
-5.56 5.15194e-11
-5.55 5.45518e-11
-5.54 5.77568e-11
-5.53 6.11438e-11
-5.52 6.47227e-11
-5.51 6.8504e-11
-5.5 7.24988e-11
-5.49 7.67187e-11
-5.48 8.11758e-11
-5.47 8.5883e-11
-5.46 9.08539e-11
-5.45 9.61025e-11
-5.44 1.01644e-10
-5.43 1.07494e-10
-5.42 1.13669e-10
-5.41 1.20186e-10
-5.4 1.27063e-10
-5.39 1.34321e-10
-5.38 1.41978e-10
-5.37 1.50057e-10
-5.36 1.58579e-10
-5.35 1.67567e-10
-5.34 1.77047e-10
-5.33 1.87044e-10
-5.32 1.97585e-10
-5.31 2.08698e-10
-5.3 2.20414e-10
-5.29 2.32763e-10
-5.28 2.4578e-10
-5.27 2.59497e-10
-5.26 2.73952e-10
-5.25 2.89182e-10
-5.24 3.05228e-10
-5.23 3.2213e-10
-5.22 3.39934e-10
-5.21 3.58684e-10
-5.2 3.7843e-10
-5.19 3.99222e-10
-5.18 4.21113e-10
-5.17 4.44159e-10
-5.16 4.68417e-10
-5.15 4.9395e-10
-5.14 5.2082e-10
-5.13 5.49096e-10
-5.12 5.78847e-10
-5.11 6.10148e-10
-5.1 6.43075e-10
-5.09 6.77709e-10
-5.08 7.14134e-10
-5.07 7.5244e-10
-5.06 7.9272e-10
-5.05 8.35069e-10
-5.04 8.7959e-10
-5.03 9.2639e-10
-5.02 9.75579e-10
-5.01 1.02727e-09
-5 1.0816e-09
-4.99 1.13868e-09
-4.98 1.19864e-09
-4.97 1.26164e-09
-4.96 1.32781e-09
-4.95 1.3973e-09
-4.94 1.47029e-09
-4.93 1.54692e-09
-4.92 1.62738e-09
-4.91 1.71185e-09
-4.9 1.80052e-09
-4.89 1.89359e-09
-4.88 1.99126e-09
-4.87 2.09376e-09
-4.86 2.2013e-09
-4.85 2.31413e-09
-4.84 2.43249e-09
-4.83 2.55665e-09
-4.82 2.68686e-09
-4.81 2.82342e-09
-4.8 2.96661e-09
-4.79 3.11674e-09
-4.78 3.27413e-09
-4.77 3.43911e-09
-4.76 3.61204e-09
-4.75 3.79327e-09
-4.74 3.98318e-09
-4.73 4.18218e-09
-4.72 4.39066e-09
-4.71 4.60906e-09
-4.7 4.83782e-09
-4.69 5.07742e-09
-4.68 5.32833e-09
-4.67 5.59107e-09
-4.66 5.86616e-09
-4.65 6.15415e-09
-4.64 6.45561e-09
-4.63 6.77115e-09
-4.62 7.10138e-09
-4.61 7.44694e-09
-4.6 7.80852e-09
-4.59 8.18681e-09
-4.58 8.58254e-09
-4.57 8.99647e-09
-4.56 9.4294e-09
-4.55 9.88214e-09
-4.54 1.03556e-08
-4.53 1.08505e-08
-4.52 1.1368e-08
-4.51 1.19089e-08
-4.5 1.24743e-08
-4.49 1.30652e-08
-4.48 1.36826e-08
-4.47 1.43278e-08
-4.46 1.50018e-08
-4.45 1.57059e-08
-4.44 1.64414e-08
-4.43 1.72095e-08
-4.42 1.80117e-08
-4.41 1.88493e-08
-4.4 1.97239e-08
-4.39 2.06369e-08
-4.38 2.15899e-08
-4.37 2.25846e-08
-4.36 2.36227e-08
-4.35 2.4706e-08
-4.34 2.58363e-08
-4.33 2.70156e-08
-4.32 2.82458e-08
-4.31 2.95289e-08
-4.3 3.08671e-08
-4.29 3.22627e-08
-4.28 3.37179e-08
-4.27 3.52351e-08
-4.26 3.68168e-08
-4.25 3.84655e-08
-4.24 4.0184e-08
-4.23 4.19748e-08
-4.22 4.3841e-08
-4.21 4.57854e-08
-4.2 4.78112e-08
-4.19 4.99214e-08
-4.18 5.21194e-08
-4.17 5.44086e-08
-4.16 5.67925e-08
-4.15 5.92747e-08
-4.14 6.1859e-08
-4.13 6.45494e-08
-4.12 6.73499e-08
-4.11 7.02646e-08
-4.1 7.32979e-08
-4.09 7.64543e-08
-4.08 7.97383e-08
-4.07 8.31549e-08
-4.06 8.6709e-08
-4.05 9.04056e-08
-4.04 9.42502e-08
-4.03 9.82481e-08
-4.02 1.02405e-07
-4.01 1.06727e-07
-4 1.1122e-07
-3.99 1.1589e-07
-3.98 1.20743e-07
-3.97 1.25787e-07
-3.96 1.31029e-07
-3.95 1.36474e-07
-3.94 1.42131e-07
-3.93 1.48008e-07
-3.92 1.54111e-07
-3.91 1.6045e-07
-3.9 1.67032e-07
-3.89 1.73867e-07
-3.88 1.80962e-07
-3.87 1.88328e-07
-3.86 1.95973e-07
-3.85 2.03908e-07
-3.84 2.12142e-07
-3.83 2.20686e-07
-3.82 2.2955e-07
-3.81 2.38745e-07
-3.8 2.48284e-07
-3.79 2.58177e-07
-3.78 2.68437e-07
-3.77 2.79075e-07
-3.76 2.90105e-07
-3.75 3.01541e-07
-3.74 3.13394e-07
-3.73 3.2568e-07
-3.72 3.38413e-07
-3.71 3.51608e-07
-3.7 3.65279e-07
-3.69 3.79443e-07
-3.68 3.94116e-07
-3.67 4.09313e-07
-3.66 4.25054e-07
-3.65 4.41353e-07
-3.64 4.58231e-07
-3.63 4.75705e-07
-3.62 4.93795e-07
-3.61 5.1252e-07
-3.6 5.319e-07
-3.59 5.51956e-07
-3.58 5.7271e-07
-3.57 5.94182e-07
-3.56 6.16396e-07
-3.55 6.39375e-07
-3.54 6.63142e-07
-3.53 6.87722e-07
-3.52 7.1314e-07
-3.51 7.39421e-07
-3.5 7.66591e-07
-3.49 7.94678e-07
-3.48 8.23709e-07
-3.47 8.53713e-07
-3.46 8.84719e-07
-3.45 9.16756e-07
-3.44 9.49856e-07
-3.43 9.84049e-07
-3.42 1.01937e-06
-3.41 1.05585e-06
-3.4 1.09352e-06
-3.39 1.13242e-06
-3.38 1.17258e-06
-3.37 1.21404e-06
-3.36 1.25684e-06
-3.35 1.30101e-06
-3.34 1.34659e-06
-3.33 1.39363e-06
-3.32 1.44217e-06
-3.31 1.49224e-06
-3.3 1.54389e-06
-3.29 1.59717e-06
-3.28 1.65211e-06
-3.27 1.70876e-06
-3.26 1.76718e-06
-3.25 1.82741e-06
-3.24 1.88949e-06
-3.23 1.95348e-06
-3.22 2.01944e-06
-3.21 2.0874e-06
-3.2 2.15743e-06
-3.19 2.22958e-06
-3.18 2.3039e-06
-3.17 2.38046e-06
-3.16 2.4593e-06
-3.15 2.5405e-06
-3.14 2.62411e-06
-3.13 2.71019e-06
-3.12 2.7988e-06
-3.11 2.89002e-06
-3.1 2.9839e-06
-3.09 3.08051e-06
-3.08 3.17993e-06
-3.07 3.28221e-06
-3.06 3.38744e-06
-3.05 3.49568e-06
-3.04 3.60701e-06
-3.03 3.7215e-06
-3.02 3.83922e-06
-3.01 3.96027e-06
-3 4.08471e-06
-2.99 4.21263e-06
-2.98 4.3441e-06
-2.97 4.47922e-06
-2.96 4.61806e-06
-2.95 4.76072e-06
-2.94 4.90728e-06
-2.93 5.05783e-06
-2.92 5.21247e-06
-2.91 5.37127e-06
-2.9 5.53435e-06
-2.89 5.70179e-06
-2.88 5.87369e-06
-2.87 6.05015e-06
-2.86 6.23127e-06
-2.85 6.41716e-06
-2.84 6.6079e-06
-2.83 6.80362e-06
-2.82 7.00441e-06
-2.81 7.21038e-06
-2.8 7.42165e-06
-2.79 7.63832e-06
-2.78 7.86051e-06
-2.77 8.08833e-06
-2.76 8.3219e-06
-2.75 8.56132e-06
-2.74 8.80673e-06
-2.73 9.05824e-06
-2.72 9.31598e-06
-2.71 9.58006e-06
-2.7 9.85061e-06
-2.69 1.01278e-05
-2.68 1.04116e-05
-2.67 1.07024e-05
-2.66 1.10001e-05
-2.65 1.13049e-05
-2.64 1.1617e-05
-2.63 1.19365e-05
-2.62 1.22635e-05
-2.61 1.25981e-05
-2.6 1.29406e-05
-2.59 1.3291e-05
-2.58 1.36495e-05
-2.57 1.40162e-05
-2.56 1.43913e-05
-2.55 1.47749e-05
-2.54 1.51671e-05
-2.53 1.55682e-05
-2.52 1.59782e-05
-2.51 1.63974e-05
-2.5 1.68258e-05
-2.49 1.72636e-05
-2.48 1.7711e-05
-2.47 1.81681e-05
-2.46 1.8635e-05
-2.45 1.91121e-05
-2.44 1.95993e-05
-2.43 2.00969e-05
-2.42 2.06049e-05
-2.41 2.11237e-05
-2.4 2.16532e-05
-2.39 2.21938e-05
-2.38 2.27455e-05
-2.37 2.33086e-05
-2.36 2.38831e-05
-2.35 2.44692e-05
-2.34 2.50672e-05
-2.33 2.56771e-05
-2.32 2.62992e-05
-2.31 2.69336e-05
-2.3 2.75804e-05
-2.29 2.82398e-05
-2.28 2.89121e-05
-2.27 2.95973e-05
-2.26 3.02956e-05
-2.25 3.10072e-05
-2.24 3.17322e-05
-2.23 3.24709e-05
-2.22 3.32233e-05
-2.21 3.39897e-05
-2.2 3.47701e-05
-2.19 3.55648e-05
-2.18 3.6374e-05
-2.17 3.71977e-05
-2.16 3.80361e-05
-2.15 3.88895e-05
-2.14 3.97579e-05
-2.13 4.06415e-05
-2.12 4.15405e-05
-2.11 4.24549e-05
-2.1 4.33851e-05
-2.09 4.43311e-05
-2.08 4.5293e-05
-2.07 4.6271e-05
-2.06 4.72653e-05
-2.05 4.8276e-05
-2.04 4.93032e-05
-2.03 5.03471e-05
-2.02 5.14078e-05
-2.01 5.24854e-05
-2 5.35801e-05
-1.99 5.4692e-05
-1.98 5.58213e-05
-1.97 5.6968e-05
-1.96 5.81322e-05
-1.95 5.93142e-05
-1.94 6.05139e-05
-1.93 6.17316e-05
-1.92 6.29672e-05
-1.91 6.4221e-05
-1.9 6.54931e-05
-1.89 6.67834e-05
-1.88 6.80922e-05
-1.87 6.94194e-05
-1.86 7.07652e-05
-1.85 7.21297e-05
-1.84 7.3513e-05
-1.83 7.4915e-05
-1.82 7.6336e-05
-1.81 7.77759e-05
-1.8 7.92347e-05
-1.79 8.07127e-05
-1.78 8.22097e-05
-1.77 8.37259e-05
-1.76 8.52613e-05
-1.75 8.68159e-05
-1.74 8.83897e-05
-1.73 8.99828e-05
-1.72 9.15952e-05
-1.71 9.32268e-05
-1.7 9.48778e-05
-1.69 9.65481e-05
-1.68 9.82376e-05
-1.67 9.99464e-05
-1.66 0.000101675
-1.65 0.000103422
-1.64 0.000105188
-1.63 0.000106974
-1.62 0.000108779
-1.61 0.000110603
-1.6 0.000112446
-1.59 0.000114307
-1.58 0.000116188
-1.57 0.000118087
-1.56 0.000120006
-1.55 0.000121942
-1.54 0.000123897
-1.53 0.000125871
-1.52 0.000127863
-1.51 0.000129873
-1.5 0.000131901
-1.49 0.000133947
-1.48 0.000136011
-1.47 0.000138092
-1.46 0.000140191
-1.45 0.000142307
-1.44 0.000144439
-1.43 0.000146589
-1.42 0.000148756
-1.41 0.000150939
-1.4 0.000153138
-1.39 0.000155353
-1.38 0.000157585
-1.37 0.000159831
-1.36 0.000162093
-1.35 0.000164371
-1.34 0.000166663
-1.33 0.000168969
-1.32 0.00017129
-1.31 0.000173625
-1.3 0.000175973
-1.29 0.000178335
-1.28 0.00018071
-1.27 0.000183098
-1.26 0.000185498
-1.25 0.000187911
-1.24 0.000190335
-1.23 0.000192771
-1.22 0.000195217
-1.21 0.000197675
-1.2 0.000200142
-1.19 0.00020262
-1.18 0.000205107
-1.17 0.000207603
-1.16 0.000210109
-1.15 0.000212622
-1.14 0.000215143
-1.13 0.000217672
-1.12 0.000220208
-1.11 0.000222751
-1.1 0.000225299
-1.09 0.000227854
-1.08 0.000230413
-1.07 0.000232977
-1.06 0.000235546
-1.05 0.000238119
-1.04 0.000240694
-1.03 0.000243273
-1.02 0.000245854
-1.01 0.000248436
-1 0.00025102
-0.99 0.000253605
-0.98 0.00025619
-0.97 0.000258775
-0.96 0.000261359
-0.95 0.000263941
-0.94 0.000266522
-0.93 0.0002691
-0.92 0.000271675
-0.91 0.000274246
-0.9 0.000276813
-0.89 0.000279376
-0.88 0.000281933
-0.87 0.000284484
-0.86 0.000287029
-0.85 0.000289567
-0.84 0.000292097
-0.83 0.000294619
-0.82 0.000297132
-0.81 0.000299636
-0.8 0.00030213
-0.79 0.000304613
-0.78 0.000307085
-0.77 0.000309545
-0.76 0.000311993
-0.75 0.000314427
-0.74 0.000316848
-0.73 0.000319255
-0.72 0.000321647
-0.71 0.000324024
-0.7 0.000326384
-0.69 0.000328728
-0.68 0.000331054
-0.67 0.000333363
-0.66 0.000335653
-0.65 0.000337925
-0.64 0.000340176
-0.63 0.000342407
-0.62 0.000344618
-0.61 0.000346807
-0.6 0.000348974
-0.59 0.000351118
-0.58 0.000353246
-0.57 0.000355788
-0.56 0.000376987
-0.55 0.000892551
-0.54 0.00947946
-0.53 0.0983219
-0.52 0.661414
-0.51 2.80239
-0.5 7.46072
-0.49 12.4769
-0.48 13.1066
-0.47 8.6482
-0.46 3.58452
-0.45 0.933443
-0.44 0.152956
-0.43 0.0160533
-0.42 0.00139463
-0.41 0.000426181
-0.4 0.000387861
-0.39 0.000388411
-0.38 0.000389937
-0.37 0.000391445
-0.36 0.000392919
-0.35 0.000394358
-0.34 0.000395761
-0.33 0.000397128
-0.32 0.000398459
-0.31 0.000399754
-0.3 0.000401011
-0.29 0.000402231
-0.28 0.000403413
-0.27 0.000404557
-0.26 0.000405662
-0.25 0.000406728
-0.24 0.000407756
-0.23 0.000408743
-0.22 0.000409691
-0.21 0.000410599
-0.2 0.000411467
-0.19 0.000412294
-0.18 0.00041308
-0.17 0.000413825
-0.16 0.000414528
-0.15 0.00041519
-0.14 0.000415811
-0.13 0.000416389
-0.12 0.000416925
-0.11 0.000417419
-0.1 0.000417871
-0.09 0.00041828
-0.08 0.000418646
-0.07 0.000418969
-0.06 0.00041925
-0.05 0.000419487
-0.04 0.000419681
-0.03 0.000419833
-0.02 0.000419941
-0.01 0.000420006
0 0.000420027
0.01 0.000420006
0.02 0.000419941
0.03 0.000419833
0.04 0.000419681
0.05 0.000419487
0.06 0.00041925
0.07 0.000418969
0.08 0.000418646
0.09 0.00041828
0.1 0.000417871
0.11 0.000417419
0.12 0.000416925
0.13 0.000416389
0.14 0.000415811
0.15 0.00041519
0.16 0.000414528
0.17 0.000413825
0.18 0.00041308
0.19 0.000412294
0.2 0.000411467
0.21 0.000410599
0.22 0.000409691
0.23 0.000408743
0.24 0.000407756
0.25 0.000406728
0.26 0.000405662
0.27 0.000404557
0.28 0.000403413
0.29 0.000402231
0.3 0.000401011
0.31 0.000399754
0.32 0.000398459
0.33 0.000397128
0.34 0.000395761
0.35 0.000394358
0.36 0.000392919
0.37 0.000391445
0.38 0.000389937
0.39 0.000388411
0.4 0.000387861
0.41 0.000426181
0.42 0.00139463
0.43 0.0160533
0.44 0.152956
0.45 0.933443
0.46 3.58452
0.47 8.6482
0.48 13.1066
0.49 12.4769
0.5 7.46072
0.51 2.80239
0.52 0.661414
0.53 0.0983219
0.54 0.00947946
0.55 0.000892551
0.56 0.000376987
0.57 0.000355788
0.58 0.000353246
0.59 0.000351118
0.6 0.000348974
0.61 0.000346807
0.62 0.000344618
0.63 0.000342407
0.64 0.000340176
0.65 0.000337925
0.66 0.000335653
0.67 0.000333363
0.68 0.000331054
0.69 0.000328728
0.7 0.000326384
0.71 0.000324024
0.72 0.000321647
0.73 0.000319255
0.74 0.000316848
0.75 0.000314427
0.76 0.000311993
0.77 0.000309545
0.78 0.000307085
0.79 0.000304613
0.8 0.00030213
0.81 0.000299636
0.82 0.000297132
0.83 0.000294619
0.84 0.000292097
0.85 0.000289567
0.86 0.000287029
0.87 0.000284484
0.88 0.000281933
0.89 0.000279376
0.9 0.000276813
0.91 0.000274246
0.92 0.000271675
0.93 0.0002691
0.94 0.000266522
0.95 0.000263941
0.96 0.000261359
0.97 0.000258775
0.98 0.00025619
0.99 0.000253605
1 0.00025102
1.01 0.000248436
1.02 0.000245854
1.03 0.000243273
1.04 0.000240694
1.05 0.000238119
1.06 0.000235546
1.07 0.000232977
1.08 0.000230413
1.09 0.000227854
1.1 0.000225299
1.11 0.000222751
1.12 0.000220208
1.13 0.000217672
1.14 0.000215143
1.15 0.000212622
1.16 0.000210109
1.17 0.000207603
1.18 0.000205107
1.19 0.00020262
1.2 0.000200142
1.21 0.000197675
1.22 0.000195217
1.23 0.000192771
1.24 0.000190335
1.25 0.000187911
1.26 0.000185498
1.27 0.000183098
1.28 0.00018071
1.29 0.000178335
1.3 0.000175973
1.31 0.000173625
1.32 0.00017129
1.33 0.000168969
1.34 0.000166663
1.35 0.000164371
1.36 0.000162093
1.37 0.000159831
1.38 0.000157585
1.39 0.000155353
1.4 0.000153138
1.41 0.000150939
1.42 0.000148756
1.43 0.000146589
1.44 0.000144439
1.45 0.000142307
1.46 0.000140191
1.47 0.000138092
1.48 0.000136011
1.49 0.000133947
1.5 0.000131901
1.51 0.000129873
1.52 0.000127863
1.53 0.000125871
1.54 0.000123897
1.55 0.000121942
1.56 0.000120006
1.57 0.000118087
1.58 0.000116188
1.59 0.000114307
1.6 0.000112446
1.61 0.000110603
1.62 0.000108779
1.63 0.000106974
1.64 0.000105188
1.65 0.000103422
1.66 0.000101675
1.67 9.99464e-05
1.68 9.82376e-05
1.69 9.65481e-05
1.7 9.48778e-05
1.71 9.32268e-05
1.72 9.15952e-05
1.73 8.99828e-05
1.74 8.83897e-05
1.75 8.68159e-05
1.76 8.52613e-05
1.77 8.37259e-05
1.78 8.22097e-05
1.79 8.07127e-05
1.8 7.92347e-05
1.81 7.77759e-05
1.82 7.6336e-05
1.83 7.4915e-05
1.84 7.3513e-05
1.85 7.21297e-05
1.86 7.07652e-05
1.87 6.94194e-05
1.88 6.80922e-05
1.89 6.67834e-05
1.9 6.54931e-05
1.91 6.4221e-05
1.92 6.29672e-05
1.93 6.17316e-05
1.94 6.05139e-05
1.95 5.93142e-05
1.96 5.81322e-05
1.97 5.6968e-05
1.98 5.58213e-05
1.99 5.4692e-05
2 5.35801e-05
2.01 5.24854e-05
2.02 5.14078e-05
2.03 5.03471e-05
2.04 4.93032e-05
2.05 4.8276e-05
2.06 4.72653e-05
2.07 4.6271e-05
2.08 4.5293e-05
2.09 4.43311e-05
2.1 4.33851e-05
2.11 4.24549e-05
2.12 4.15405e-05
2.13 4.06415e-05
2.14 3.97579e-05
2.15 3.88895e-05
2.16 3.80361e-05
2.17 3.71977e-05
2.18 3.6374e-05
2.19 3.55648e-05
2.2 3.47701e-05
2.21 3.39897e-05
2.22 3.32233e-05
2.23 3.24709e-05
2.24 3.17322e-05
2.25 3.10072e-05
2.26 3.02956e-05
2.27 2.95973e-05
2.28 2.89121e-05
2.29 2.82398e-05
2.3 2.75804e-05
2.31 2.69336e-05
2.32 2.62992e-05
2.33 2.56771e-05
2.34 2.50672e-05
2.35 2.44692e-05
2.36 2.38831e-05
2.37 2.33086e-05
2.38 2.27455e-05
2.39 2.21938e-05
2.4 2.16532e-05
2.41 2.11237e-05
2.42 2.06049e-05
2.43 2.00969e-05
2.44 1.95993e-05
2.45 1.91121e-05
2.46 1.8635e-05
2.47 1.81681e-05
2.48 1.7711e-05
2.49 1.72636e-05
2.5 1.68258e-05
2.51 1.63974e-05
2.52 1.59782e-05
2.53 1.55682e-05
2.54 1.51671e-05
2.55 1.47749e-05
2.56 1.43913e-05
2.57 1.40162e-05
2.58 1.36495e-05
2.59 1.3291e-05
2.6 1.29406e-05
2.61 1.25981e-05
2.62 1.22635e-05
2.63 1.19365e-05
2.64 1.1617e-05
2.65 1.13049e-05
2.66 1.10001e-05
2.67 1.07024e-05
2.68 1.04116e-05
2.69 1.01278e-05
2.7 9.85061e-06
2.71 9.58006e-06
2.72 9.31598e-06
2.73 9.05824e-06
2.74 8.80673e-06
2.75 8.56132e-06
2.76 8.3219e-06
2.77 8.08833e-06
2.78 7.86051e-06
2.79 7.63832e-06
2.8 7.42165e-06
2.81 7.21038e-06
2.82 7.00441e-06
2.83 6.80362e-06
2.84 6.6079e-06
2.85 6.41716e-06
2.86 6.23127e-06
2.87 6.05015e-06
2.88 5.87369e-06
2.89 5.70179e-06
2.9 5.53435e-06
2.91 5.37127e-06
2.92 5.21247e-06
2.93 5.05783e-06
2.94 4.90728e-06
2.95 4.76072e-06
2.96 4.61806e-06
2.97 4.47922e-06
2.98 4.3441e-06
2.99 4.21263e-06
3 4.08471e-06
3.01 3.96027e-06
3.02 3.83922e-06
3.03 3.7215e-06
3.04 3.60701e-06
3.05 3.49568e-06
3.06 3.38744e-06
3.07 3.28221e-06
3.08 3.17993e-06
3.09 3.08051e-06
3.1 2.9839e-06
3.11 2.89002e-06
3.12 2.7988e-06
3.13 2.71019e-06
3.14 2.62411e-06
3.15 2.5405e-06
3.16 2.4593e-06
3.17 2.38046e-06
3.18 2.3039e-06
3.19 2.22958e-06
3.2 2.15743e-06
3.21 2.0874e-06
3.22 2.01944e-06
3.23 1.95348e-06
3.24 1.88949e-06
3.25 1.82741e-06
3.26 1.76718e-06
3.27 1.70876e-06
3.28 1.65211e-06
3.29 1.59717e-06
3.3 1.54389e-06
3.31 1.49224e-06
3.32 1.44217e-06
3.33 1.39363e-06
3.34 1.34659e-06
3.35 1.30101e-06
3.36 1.25684e-06
3.37 1.21404e-06
3.38 1.17258e-06
3.39 1.13242e-06
3.4 1.09352e-06
3.41 1.05585e-06
3.42 1.01937e-06
3.43 9.84049e-07
3.44 9.49856e-07
3.45 9.16756e-07
3.46 8.84719e-07
3.47 8.53713e-07
3.48 8.23709e-07
3.49 7.94678e-07
3.5 7.66591e-07
3.51 7.39421e-07
3.52 7.1314e-07
3.53 6.87722e-07
3.54 6.63142e-07
3.55 6.39375e-07
3.56 6.16396e-07
3.57 5.94182e-07
3.58 5.7271e-07
3.59 5.51956e-07
3.6 5.319e-07
3.61 5.1252e-07
3.62 4.93795e-07
3.63 4.75705e-07
3.64 4.58231e-07
3.65 4.41353e-07
3.66 4.25054e-07
3.67 4.09313e-07
3.68 3.94116e-07
3.69 3.79443e-07
3.7 3.65279e-07
3.71 3.51608e-07
3.72 3.38413e-07
3.73 3.2568e-07
3.74 3.13394e-07
3.75 3.01541e-07
3.76 2.90105e-07
3.77 2.79075e-07
3.78 2.68437e-07
3.79 2.58177e-07
3.8 2.48284e-07
3.81 2.38745e-07
3.82 2.2955e-07
3.83 2.20686e-07
3.84 2.12142e-07
3.85 2.03908e-07
3.86 1.95973e-07
3.87 1.88328e-07
3.88 1.80962e-07
3.89 1.73867e-07
3.9 1.67032e-07
3.91 1.6045e-07
3.92 1.54111e-07
3.93 1.48008e-07
3.94 1.42131e-07
3.95 1.36474e-07
3.96 1.31029e-07
3.97 1.25787e-07
3.98 1.20743e-07
3.99 1.1589e-07
4 1.1122e-07
4.01 1.06727e-07
4.02 1.02405e-07
4.03 9.82481e-08
4.04 9.42502e-08
4.05 9.04056e-08
4.06 8.6709e-08
4.07 8.31549e-08
4.08 7.97383e-08
4.09 7.64543e-08
4.1 7.32979e-08
4.11 7.02646e-08
4.12 6.73499e-08
4.13 6.45494e-08
4.14 6.1859e-08
4.15 5.92747e-08
4.16 5.67925e-08
4.17 5.44086e-08
4.18 5.21194e-08
4.19 4.99214e-08
4.2 4.78112e-08
4.21 4.57854e-08
4.22 4.3841e-08
4.23 4.19748e-08
4.24 4.0184e-08
4.25 3.84655e-08
4.26 3.68168e-08
4.27 3.52351e-08
4.28 3.37179e-08
4.29 3.22627e-08
4.3 3.08671e-08
4.31 2.95289e-08
4.32 2.82458e-08
4.33 2.70156e-08
4.34 2.58363e-08
4.35 2.4706e-08
4.36 2.36227e-08
4.37 2.25846e-08
4.38 2.15899e-08
4.39 2.06369e-08
4.4 1.97239e-08
4.41 1.88493e-08
4.42 1.80117e-08
4.43 1.72095e-08
4.44 1.64414e-08
4.45 1.57059e-08
4.46 1.50018e-08
4.47 1.43278e-08
4.48 1.36826e-08
4.49 1.30652e-08
4.5 1.24743e-08
4.51 1.19089e-08
4.52 1.1368e-08
4.53 1.08505e-08
4.54 1.03556e-08
4.55 9.88214e-09
4.56 9.4294e-09
4.57 8.99647e-09
4.58 8.58254e-09
4.59 8.18681e-09
4.6 7.80852e-09
4.61 7.44694e-09
4.62 7.10138e-09
4.63 6.77115e-09
4.64 6.45561e-09
4.65 6.15415e-09
4.66 5.86616e-09
4.67 5.59107e-09
4.68 5.32833e-09
4.69 5.07742e-09
4.7 4.83782e-09
4.71 4.60906e-09
4.72 4.39066e-09
4.73 4.18218e-09
4.74 3.98318e-09
4.75 3.79327e-09
4.76 3.61204e-09
4.77 3.43911e-09
4.78 3.27413e-09
4.79 3.11674e-09
4.8 2.96661e-09
4.81 2.82342e-09
4.82 2.68686e-09
4.83 2.55665e-09
4.84 2.43249e-09
4.85 2.31413e-09
4.86 2.2013e-09
4.87 2.09376e-09
4.88 1.99126e-09
4.89 1.89359e-09
4.9 1.80052e-09
4.91 1.71185e-09
4.92 1.62738e-09
4.93 1.54692e-09
4.94 1.47029e-09
4.95 1.3973e-09
4.96 1.32781e-09
4.97 1.26164e-09
4.98 1.19864e-09
4.99 1.13868e-09
5 1.0816e-09
5.01 1.02727e-09
5.02 9.75579e-10
5.03 9.2639e-10
5.04 8.7959e-10
5.05 8.35069e-10
5.06 7.9272e-10
5.07 7.5244e-10
5.08 7.14134e-10
5.09 6.77709e-10
5.1 6.43075e-10
5.11 6.10148e-10
5.12 5.78847e-10
5.13 5.49096e-10
5.14 5.2082e-10
5.15 4.9395e-10
5.16 4.68417e-10
5.17 4.44159e-10
5.18 4.21113e-10
5.19 3.99222e-10
5.2 3.7843e-10
5.21 3.58684e-10
5.22 3.39934e-10
5.23 3.2213e-10
5.24 3.05228e-10
5.25 2.89182e-10
5.26 2.73952e-10
5.27 2.59497e-10
5.28 2.4578e-10
5.29 2.32763e-10
5.3 2.20414e-10
5.31 2.08698e-10
5.32 1.97585e-10
5.33 1.87044e-10
5.34 1.77047e-10
5.35 1.67567e-10
5.36 1.58579e-10
5.37 1.50057e-10
5.38 1.41978e-10
5.39 1.34321e-10
5.4 1.27063e-10
5.41 1.20186e-10
5.42 1.13669e-10
5.43 1.07494e-10
5.44 1.01644e-10
5.45 9.61025e-11
5.46 9.08539e-11
5.47 8.5883e-11
5.48 8.11758e-11
5.49 7.67187e-11
5.5 7.24988e-11
5.51 6.8504e-11
5.52 6.47227e-11
5.53 6.11438e-11
5.54 5.77568e-11
5.55 5.45518e-11
5.56 5.15194e-11
5.57 4.86506e-11
5.58 4.59367e-11
5.59 4.33698e-11
5.6 4.09421e-11
5.61 3.86463e-11
5.62 3.64755e-11
5.63 3.44231e-11
5.64 3.24828e-11
5.65 3.06488e-11
5.66 2.89153e-11
5.67 2.7277e-11
5.68 2.57289e-11
5.69 2.42662e-11
5.7 2.28843e-11
5.71 2.15789e-11
5.72 2.03458e-11
5.73 1.91812e-11
5.74 1.80814e-11
5.75 1.70429e-11
5.76 1.60625e-11
5.77 1.51368e-11
5.78 1.4263e-11
5.79 1.34383e-11
5.8 1.266e-11
5.81 1.19255e-11
5.82 1.12325e-11
5.83 1.05787e-11
5.84 9.96186e-12
5.85 9.38005e-12
5.86 8.83132e-12
5.87 8.31382e-12
5.88 7.82585e-12
5.89 7.36576e-12
5.9 6.932e-12
5.91 6.52312e-12
5.92 6.13772e-12
5.93 5.7745e-12
5.94 5.43221e-12
5.95 5.10969e-12
5.96 4.80582e-12
5.97 4.51956e-12
5.98 4.24991e-12
5.99 3.99593e-12
