-6 6.98149e-10
-5.99 7.36672e-10
-5.98 7.77252e-10
-5.97 8.19993e-10
-5.96 8.65007e-10
-5.95 9.1241e-10
-5.94 9.62325e-10
-5.93 1.01488e-09
-5.92 1.07021e-09
-5.91 1.12845e-09
-5.9 1.18976e-09
-5.89 1.25428e-09
-5.88 1.32219e-09
-5.87 1.39365e-09
-5.86 1.46884e-09
-5.85 1.54794e-09
-5.84 1.63116e-09
-5.83 1.7187e-09
-5.82 1.81078e-09
-5.81 1.90762e-09
-5.8 2.00946e-09
-5.79 2.11654e-09
-5.78 2.22913e-09
-5.77 2.3475e-09
-5.76 2.47194e-09
-5.75 2.60273e-09
-5.74 2.7402e-09
-5.73 2.88468e-09
-5.72 3.0365e-09
-5.71 3.19602e-09
-5.7 3.36362e-09
-5.69 3.5397e-09
-5.68 3.72466e-09
-5.67 3.91893e-09
-5.66 4.12296e-09
-5.65 4.33723e-09
-5.64 4.56223e-09
-5.63 4.79847e-09
-5.62 5.04649e-09
-5.61 5.30685e-09
-5.6 5.58014e-09
-5.59 5.86699e-09
-5.58 6.16802e-09
-5.57 6.48393e-09
-5.56 6.8154e-09
-5.55 7.16317e-09
-5.54 7.52802e-09
-5.53 7.91074e-09
-5.52 8.31217e-09
-5.51 8.73319e-09
-5.5 9.17471e-09
-5.49 9.63769e-09
-5.48 1.01231e-08
-5.47 1.06321e-08
-5.46 1.11656e-08
-5.45 1.17248e-08
-5.44 1.2311e-08
-5.43 1.29253e-08
-5.42 1.3569e-08
-5.41 1.42435e-08
-5.4 1.49502e-08
-5.39 1.56906e-08
-5.38 1.64662e-08
-5.37 1.72785e-08
-5.36 1.81293e-08
-5.35 1.90203e-08
-5.34 1.99533e-08
-5.33 2.09302e-08
-5.32 2.19529e-08
-5.31 2.30235e-08
-5.3 2.41442e-08
-5.29 2.53172e-08
-5.28 2.65448e-08
-5.27 2.78294e-08
-5.26 2.91736e-08
-5.25 3.058e-08
-5.24 3.20512e-08
-5.23 3.35903e-08
-5.22 3.52001e-08
-5.21 3.68838e-08
-5.2 3.86445e-08
-5.19 4.04856e-08
-5.18 4.24107e-08
-5.17 4.44233e-08
-5.16 4.65273e-08
-5.15 4.87265e-08
-5.14 5.10252e-08
-5.13 5.34274e-08
-5.12 5.59378e-08
-5.11 5.85609e-08
-5.1 6.13015e-08
-5.09 6.41646e-08
-5.08 6.71553e-08
-5.07 7.02792e-08
-5.06 7.35419e-08
-5.05 7.69491e-08
-5.04 8.05069e-08
-5.03 8.42217e-08
-5.02 8.81e-08
-5.01 9.21487e-08
-5 9.63747e-08
-4.99 1.00786e-07
-4.98 1.05389e-07
-4.97 1.10193e-07
-4.96 1.15205e-07
-4.95 1.20434e-07
-4.94 1.2589e-07
-4.93 1.31581e-07
-4.92 1.37517e-07
-4.91 1.43707e-07
-4.9 1.50164e-07
-4.89 1.56896e-07
-4.88 1.63915e-07
-4.87 1.71232e-07
-4.86 1.78861e-07
-4.85 1.86813e-07
-4.84 1.951e-07
-4.83 2.03737e-07
-4.82 2.12738e-07
-4.81 2.22116e-07
-4.8 2.31886e-07
-4.79 2.42065e-07
-4.78 2.52668e-07
-4.77 2.63712e-07
-4.76 2.75213e-07
-4.75 2.87191e-07
-4.74 2.99663e-07
-4.73 3.12649e-07
-4.72 3.26168e-07
-4.71 3.40242e-07
-4.7 3.5489e-07
-4.69 3.70137e-07
-4.68 3.86004e-07
-4.67 4.02514e-07
-4.66 4.19694e-07
-4.65 4.37567e-07
-4.64 4.56161e-07
-4.63 4.75503e-07
-4.62 4.9562e-07
-4.61 5.16541e-07
-4.6 5.38298e-07
-4.59 5.60921e-07
-4.58 5.84442e-07
-4.57 6.08895e-07
-4.56 6.34315e-07
-4.55 6.60736e-07
-4.54 6.88196e-07
-4.53 7.16734e-07
-4.52 7.46387e-07
-4.51 7.77198e-07
-4.5 8.09209e-07
-4.49 8.42462e-07
-4.48 8.77003e-07
-4.47 9.12879e-07
-4.46 9.50137e-07
-4.45 9.88827e-07
-4.44 1.029e-06
-4.43 1.07071e-06
-4.42 1.11401e-06
-4.41 1.15896e-06
-4.4 1.20561e-06
-4.39 1.25403e-06
-4.38 1.30428e-06
-4.37 1.35641e-06
-4.36 1.41051e-06
-4.35 1.46663e-06
-4.34 1.52485e-06
-4.33 1.58524e-06
-4.32 1.64787e-06
-4.31 1.71282e-06
-4.3 1.78018e-06
-4.29 1.85001e-06
-4.28 1.92241e-06
-4.27 1.99747e-06
-4.26 2.07528e-06
-4.25 2.15591e-06
-4.24 2.23949e-06
-4.23 2.32609e-06
-4.22 2.41583e-06
-4.21 2.5088e-06
-4.2 2.60512e-06
-4.19 2.70489e-06
-4.18 2.80824e-06
-4.17 2.91527e-06
-4.16 3.02611e-06
-4.15 3.14088e-06
-4.14 3.25971e-06
-4.13 3.38273e-06
-4.12 3.51009e-06
-4.11 3.64191e-06
-4.1 3.77834e-06
-4.09 3.91954e-06
-4.08 4.06564e-06
-4.07 4.21682e-06
-4.06 4.37322e-06
-4.05 4.53502e-06
-4.04 4.70238e-06
-4.03 4.87549e-06
-4.02 5.05451e-06
-4.01 5.23964e-06
-4 5.43106e-06
-3.99 5.62897e-06
-3.98 5.83357e-06
-3.97 6.04506e-06
-3.96 6.26366e-06
-3.95 6.48958e-06
-3.94 6.72305e-06
-3.93 6.9643e-06
-3.92 7.21355e-06
-3.91 7.47106e-06
-3.9 7.73707e-06
-3.89 8.01183e-06
-3.88 8.2956e-06
-3.87 8.58866e-06
-3.86 8.89127e-06
-3.85 9.20372e-06
-3.84 9.52629e-06
-3.83 9.85929e-06
-3.82 1.0203e-05
-3.81 1.05578e-05
-3.8 1.09239e-05
-3.79 1.13017e-05
-3.78 1.16915e-05
-3.77 1.20937e-05
-3.76 1.25086e-05
-3.75 1.29366e-05
-3.74 1.3378e-05
-3.73 1.38332e-05
-3.72 1.43027e-05
-3.71 1.47867e-05
-3.7 1.52858e-05
-3.69 1.58003e-05
-3.68 1.63306e-05
-3.67 1.68773e-05
-3.66 1.74406e-05
-3.65 1.80212e-05
-3.64 1.86194e-05
-3.63 1.92358e-05
-3.62 1.98707e-05
-3.61 2.05248e-05
-3.6 2.11986e-05
-3.59 2.18925e-05
-3.58 2.2607e-05
-3.57 2.33428e-05
-3.56 2.41004e-05
-3.55 2.48804e-05
-3.54 2.56833e-05
-3.53 2.65097e-05
-3.52 2.73603e-05
-3.51 2.82356e-05
-3.5 2.91363e-05
-3.49 3.00631e-05
-3.48 3.10166e-05
-3.47 3.19974e-05
-3.46 3.30063e-05
-3.45 3.4044e-05
-3.44 3.51111e-05
-3.43 3.62084e-05
-3.42 3.73367e-05
-3.41 3.84967e-05
-3.4 3.96892e-05
-3.39 4.09149e-05
-3.38 4.21748e-05
-3.37 4.34695e-05
-3.36 4.48e-05
-3.35 4.6167e-05
-3.34 4.75715e-05
-3.33 4.90143e-05
-3.32 5.04964e-05
-3.31 5.20186e-05
-3.3 5.3582e-05
-3.29 5.51873e-05
-3.28 5.68357e-05
-3.27 5.8528e-05
-3.26 6.02654e-05
-3.25 6.20487e-05
-3.24 6.38791e-05
-3.23 6.57576e-05
-3.22 6.76853e-05
-3.21 6.96632e-05
-3.2 7.16926e-05
-3.19 7.37744e-05
-3.18 7.59099e-05
-3.17 7.81002e-05
-3.16 8.03465e-05
-3.15 8.265e-05
-3.14 8.50119e-05
-3.13 8.74335e-05
-3.12 8.9916e-05
-3.11 9.24607e-05
-3.1 9.50689e-05
-3.09 9.77419e-05
-3.08 0.000100481
-3.07 0.000103288
-3.06 0.000106163
-3.05 0.000109109
-3.04 0.000112127
-3.03 0.000115218
-3.02 0.000118383
-3.01 0.000121624
-3 0.000124943
-2.99 0.000128341
-2.98 0.00013182
-2.97 0.00013538
-2.96 0.000139025
-2.95 0.000142754
-2.94 0.000146571
-2.93 0.000150476
-2.92 0.000154472
-2.91 0.000158559
-2.9 0.00016274
-2.89 0.000167016
-2.88 0.00017139
-2.87 0.000175861
-2.86 0.000180434
-2.85 0.000185109
-2.84 0.000189888
-2.83 0.000194772
-2.82 0.000199765
-2.81 0.000204867
-2.8 0.000210081
-2.79 0.000215408
-2.78 0.00022085
-2.77 0.00022641
-2.76 0.000232088
-2.75 0.000237888
-2.74 0.000243811
-2.73 0.000249859
-2.72 0.000256034
-2.71 0.000262339
-2.7 0.000268774
-2.69 0.000275342
-2.68 0.000282046
-2.67 0.000288887
-2.66 0.000295868
-2.65 0.00030299
-2.64 0.000310256
-2.63 0.000317667
-2.62 0.000325227
-2.61 0.000332936
-2.6 0.000340798
-2.59 0.000348814
-2.58 0.000356987
-2.57 0.000365318
-2.56 0.00037381
-2.55 0.000382466
-2.54 0.000391287
-2.53 0.000400275
-2.52 0.000409433
-2.51 0.000418764
-2.5 0.000428268
-2.49 0.000437949
-2.48 0.000447809
-2.47 0.000457849
-2.46 0.000468073
-2.45 0.000478483
-2.44 0.00048908
-2.43 0.000499866
-2.42 0.000510845
-2.41 0.000522019
-2.4 0.000533389
-2.39 0.000544957
-2.38 0.000556727
-2.37 0.0005687
-2.36 0.000580879
-2.35 0.000593265
-2.34 0.000605861
-2.33 0.000618669
-2.32 0.000631691
-2.31 0.000644929
-2.3 0.000658386
-2.29 0.000672064
-2.28 0.000685964
-2.27 0.000700089
-2.26 0.000714441
-2.25 0.000729021
-2.24 0.000743833
-2.23 0.000758877
-2.22 0.000774157
-2.21 0.000789673
-2.2 0.000805428
-2.19 0.000821424
-2.18 0.000837663
-2.17 0.000854146
-2.16 0.000870875
-2.15 0.000887852
-2.14 0.00090508
-2.13 0.000922559
-2.12 0.000940291
-2.11 0.000958278
-2.1 0.000976522
-2.09 0.000995024
-2.08 0.00101379
-2.07 0.00103281
-2.06 0.00105209
-2.05 0.00107164
-2.04 0.00109146
-2.03 0.00111154
-2.02 0.00113189
-2.01 0.00115251
-2 0.0011734
-1.99 0.00119456
-1.98 0.001216
-1.97 0.0012377
-1.96 0.00125969
-1.95 0.00128194
-1.94 0.00130448
-1.93 0.00132729
-1.92 0.00135038
-1.91 0.00137375
-1.9 0.0013974
-1.89 0.00142132
-1.88 0.00144553
-1.87 0.00147002
-1.86 0.00149479
-1.85 0.00151984
-1.84 0.00154517
-1.83 0.00157078
-1.82 0.00159667
-1.81 0.00162285
-1.8 0.00164931
-1.79 0.00167605
-1.78 0.00170307
-1.77 0.00173036
-1.76 0.00175794
-1.75 0.0017858
-1.74 0.00181394
-1.73 0.00184236
-1.72 0.00187105
-1.71 0.00190002
-1.7 0.00192927
-1.69 0.00195879
-1.68 0.00198859
-1.67 0.00201865
-1.66 0.00204899
-1.65 0.0020796
-1.64 0.00211048
-1.63 0.00214162
-1.62 0.00217302
-1.61 0.0022047
-1.6 0.00223663
-1.59 0.00226882
-1.58 0.00230127
-1.57 0.00233397
-1.56 0.00236692
-1.55 0.00240013
-1.54 0.00243358
-1.53 0.00246728
-1.52 0.00250122
-1.51 0.0025354
-1.5 0.00256982
-1.49 0.00260447
-1.48 0.00263936
-1.47 0.00267447
-1.46 0.0027098
-1.45 0.00274536
-1.44 0.00278113
-1.43 0.00281712
-1.42 0.00285331
-1.41 0.00288972
-1.4 0.00292632
-1.39 0.00296312
-1.38 0.00300012
-1.37 0.00303731
-1.36 0.00307469
-1.35 0.00311225
-1.34 0.00314999
-1.33 0.00318791
-1.32 0.00322601
-1.31 0.00326429
-1.3 0.00330274
-1.29 0.00334138
-1.28 0.00338021
-1.27 0.00341926
-1.26 0.00345854
-1.25 0.00349811
-1.24 0.00353802
-1.23 0.00357836
-1.22 0.00361925
-1.21 0.00366087
-1.2 0.00370347
-1.19 0.0037474
-1.18 0.00379311
-1.17 0.00384126
-1.16 0.00389272
-1.15 0.00394865
-1.14 0.00401062
-1.13 0.00408068
-1.12 0.00416157
-1.11 0.00425684
-1.1 0.00437111
-1.09 0.00451032
-1.08 0.00468209
-1.07 0.00489609
-1.06 0.00516453
-1.05 0.00550272
-1.04 0.00592965
-1.03 0.00646881
-1.02 0.00714896
-1.01 0.00800504
-1 0.00907924
-0.99 0.010422
-0.98 0.0120932
-0.97 0.0141634
-0.96 0.0167148
-0.95 0.0198426
-0.94 0.0236558
-0.93 0.0282783
-0.92 0.0338491
-0.91 0.040523
-0.9 0.0484703
-0.89 0.057876
-0.88 0.0689386
-0.87 0.0818685
-0.86 0.0968848
-0.85 0.114212
-0.84 0.134076
-0.83 0.156697
-0.82 0.182287
-0.81 0.21104
-0.8 0.243124
-0.79 0.278675
-0.78 0.317789
-0.77 0.360511
-0.76 0.406829
-0.75 0.456665
-0.74 0.50987
-0.73 0.566217
-0.72 0.625399
-0.71 0.687025
-0.7 0.750622
-0.69 0.815636
-0.68 0.88144
-0.67 0.94734
-0.66 1.01259
-0.65 1.07639
-0.64 1.13792
-0.63 1.19635
-0.62 1.25087
-0.61 1.30066
-0.6 1.34499
-0.59 1.38316
-0.58 1.41457
-0.57 1.43872
-0.56 1.45521
-0.55 1.46377
-0.54 1.46425
-0.53 1.45666
-0.52 1.44112
-0.51 1.41788
-0.5 1.38733
-0.49 1.34995
-0.48 1.30635
-0.47 1.25719
-0.46 1.20324
-0.45 1.14526
-0.44 1.0841
-0.43 1.02057
-0.42 0.955509
-0.41 0.889703
-0.4 0.823911
-0.39 0.758834
-0.38 0.695106
-0.37 0.63329
-0.36 0.573868
-0.35 0.517241
-0.34 0.463724
-0.33 0.413555
-0.32 0.366891
-0.31 0.323817
-0.3 0.284353
-0.29 0.248458
-0.28 0.216044
-0.27 0.186977
-0.26 0.161093
-0.25 0.138201
-0.24 0.11809
-0.23 0.100541
-0.22 0.0853272
-0.21 0.072225
-0.2 0.061014
-0.19 0.0514829
-0.18 0.0434315
-0.17 0.0366732
-0.16 0.0310363
-0.15 0.0263641
-0.14 0.0225159
-0.13 0.0193663
-0.12 0.0168048
-0.11 0.014735
-0.1 0.0130736
-0.09 0.0117492
-0.08 0.0107015
-0.07 0.00988
-0.06 0.00924275
-0.05 0.00875567
-0.04 0.0083915
-0.03 0.008129
-0.02 0.00795235
-0.01 0.00785063
0 0.00781743
0.01 0.00785063
0.02 0.00795235
0.03 0.008129
0.04 0.0083915
0.05 0.00875567
0.06 0.00924275
0.07 0.00988
0.08 0.0107015
0.09 0.0117492
0.1 0.0130736
0.11 0.014735
0.12 0.0168048
0.13 0.0193663
0.14 0.0225159
0.15 0.0263641
0.16 0.0310363
0.17 0.0366732
0.18 0.0434315
0.19 0.0514829
0.2 0.061014
0.21 0.072225
0.22 0.0853272
0.23 0.100541
0.24 0.11809
0.25 0.138201
0.26 0.161093
0.27 0.186977
0.28 0.216044
0.29 0.248458
0.3 0.284353
0.31 0.323817
0.32 0.366891
0.33 0.413555
0.34 0.463724
0.35 0.517241
0.36 0.573868
0.37 0.63329
0.38 0.695106
0.39 0.758834
0.4 0.823911
0.41 0.889703
0.42 0.955509
0.43 1.02057
0.44 1.0841
0.45 1.14526
0.46 1.20324
0.47 1.25719
0.48 1.30635
0.49 1.34995
0.5 1.38733
0.51 1.41788
0.52 1.44112
0.53 1.45666
0.54 1.46425
0.55 1.46377
0.56 1.45521
0.57 1.43872
0.58 1.41457
0.59 1.38316
0.6 1.34499
0.61 1.30066
0.62 1.25087
0.63 1.19635
0.64 1.13792
0.65 1.07639
0.66 1.01259
0.67 0.94734
0.68 0.88144
0.69 0.815636
0.7 0.750622
0.71 0.687025
0.72 0.625399
0.73 0.566217
0.74 0.50987
0.75 0.456665
0.76 0.406829
0.77 0.360511
0.78 0.317789
0.79 0.278675
0.8 0.243124
0.81 0.21104
0.82 0.182287
0.83 0.156697
0.84 0.134076
0.85 0.114212
0.86 0.0968848
0.87 0.0818685
0.88 0.0689386
0.89 0.057876
0.9 0.0484703
0.91 0.040523
0.92 0.0338491
0.93 0.0282783
0.94 0.0236558
0.95 0.0198426
0.96 0.0167148
0.97 0.0141634
0.98 0.0120932
0.99 0.010422
1 0.00907924
1.01 0.00800504
1.02 0.00714896
1.03 0.00646881
1.04 0.00592965
1.05 0.00550272
1.06 0.00516453
1.07 0.00489609
1.08 0.00468209
1.09 0.00451032
1.1 0.00437111
1.11 0.00425684
1.12 0.00416157
1.13 0.00408068
1.14 0.00401062
1.15 0.00394865
1.16 0.00389272
1.17 0.00384126
1.18 0.00379311
1.19 0.0037474
1.2 0.00370347
1.21 0.00366087
1.22 0.00361925
1.23 0.00357836
1.24 0.00353802
1.25 0.00349811
1.26 0.00345854
1.27 0.00341926
1.28 0.00338021
1.29 0.00334138
1.3 0.00330274
1.31 0.00326429
1.32 0.00322601
1.33 0.00318791
1.34 0.00314999
1.35 0.00311225
1.36 0.00307469
1.37 0.00303731
1.38 0.00300012
1.39 0.00296312
1.4 0.00292632
1.41 0.00288972
1.42 0.00285331
1.43 0.00281712
1.44 0.00278113
1.45 0.00274536
1.46 0.0027098
1.47 0.00267447
1.48 0.00263936
1.49 0.00260447
1.5 0.00256982
1.51 0.0025354
1.52 0.00250122
1.53 0.00246728
1.54 0.00243358
1.55 0.00240013
1.56 0.00236692
1.57 0.00233397
1.58 0.00230127
1.59 0.00226882
1.6 0.00223663
1.61 0.0022047
1.62 0.00217302
1.63 0.00214162
1.64 0.00211048
1.65 0.0020796
1.66 0.00204899
1.67 0.00201865
1.68 0.00198859
1.69 0.00195879
1.7 0.00192927
1.71 0.00190002
1.72 0.00187105
1.73 0.00184236
1.74 0.00181394
1.75 0.0017858
1.76 0.00175794
1.77 0.00173036
1.78 0.00170307
1.79 0.00167605
1.8 0.00164931
1.81 0.00162285
1.82 0.00159667
1.83 0.00157078
1.84 0.00154517
1.85 0.00151984
1.86 0.00149479
1.87 0.00147002
1.88 0.00144553
1.89 0.00142132
1.9 0.0013974
1.91 0.00137375
1.92 0.00135038
1.93 0.00132729
1.94 0.00130448
1.95 0.00128194
1.96 0.00125969
1.97 0.0012377
1.98 0.001216
1.99 0.00119456
2 0.0011734
2.01 0.00115251
2.02 0.00113189
2.03 0.00111154
2.04 0.00109146
2.05 0.00107164
2.06 0.00105209
2.07 0.00103281
2.08 0.00101379
2.09 0.000995024
2.1 0.000976522
2.11 0.000958278
2.12 0.000940291
2.13 0.000922559
2.14 0.00090508
2.15 0.000887852
2.16 0.000870875
2.17 0.000854146
2.18 0.000837663
2.19 0.000821424
2.2 0.000805428
2.21 0.000789673
2.22 0.000774157
2.23 0.000758877
2.24 0.000743833
2.25 0.000729021
2.26 0.000714441
2.27 0.000700089
2.28 0.000685964
2.29 0.000672064
2.3 0.000658386
2.31 0.000644929
2.32 0.000631691
2.33 0.000618669
2.34 0.000605861
2.35 0.000593265
2.36 0.000580879
2.37 0.0005687
2.38 0.000556727
2.39 0.000544957
2.4 0.000533389
2.41 0.000522019
2.42 0.000510845
2.43 0.000499866
2.44 0.00048908
2.45 0.000478483
2.46 0.000468073
2.47 0.000457849
2.48 0.000447809
2.49 0.000437949
2.5 0.000428268
2.51 0.000418764
2.52 0.000409433
2.53 0.000400275
2.54 0.000391287
2.55 0.000382466
2.56 0.00037381
2.57 0.000365318
2.58 0.000356987
2.59 0.000348814
2.6 0.000340798
2.61 0.000332936
2.62 0.000325227
2.63 0.000317667
2.64 0.000310256
2.65 0.00030299
2.66 0.000295868
2.67 0.000288887
2.68 0.000282046
2.69 0.000275342
2.7 0.000268774
2.71 0.000262339
2.72 0.000256034
2.73 0.000249859
2.74 0.000243811
2.75 0.000237888
2.76 0.000232088
2.77 0.00022641
2.78 0.00022085
2.79 0.000215408
2.8 0.000210081
2.81 0.000204867
2.82 0.000199765
2.83 0.000194772
2.84 0.000189888
2.85 0.000185109
2.86 0.000180434
2.87 0.000175861
2.88 0.00017139
2.89 0.000167016
2.9 0.00016274
2.91 0.000158559
2.92 0.000154472
2.93 0.000150476
2.94 0.000146571
2.95 0.000142754
2.96 0.000139025
2.97 0.00013538
2.98 0.00013182
2.99 0.000128341
3 0.000124943
3.01 0.000121624
3.02 0.000118383
3.03 0.000115218
3.04 0.000112127
3.05 0.000109109
3.06 0.000106163
3.07 0.000103288
3.08 0.000100481
3.09 9.77419e-05
3.1 9.50689e-05
3.11 9.24607e-05
3.12 8.9916e-05
3.13 8.74335e-05
3.14 8.50119e-05
3.15 8.265e-05
3.16 8.03465e-05
3.17 7.81002e-05
3.18 7.59099e-05
3.19 7.37744e-05
3.2 7.16926e-05
3.21 6.96632e-05
3.22 6.76853e-05
3.23 6.57576e-05
3.24 6.38791e-05
3.25 6.20487e-05
3.26 6.02654e-05
3.27 5.8528e-05
3.28 5.68357e-05
3.29 5.51873e-05
3.3 5.3582e-05
3.31 5.20186e-05
3.32 5.04964e-05
3.33 4.90143e-05
3.34 4.75715e-05
3.35 4.6167e-05
3.36 4.48e-05
3.37 4.34695e-05
3.38 4.21748e-05
3.39 4.09149e-05
3.4 3.96892e-05
3.41 3.84967e-05
3.42 3.73367e-05
3.43 3.62084e-05
3.44 3.51111e-05
3.45 3.4044e-05
3.46 3.30063e-05
3.47 3.19974e-05
3.48 3.10166e-05
3.49 3.00631e-05
3.5 2.91363e-05
3.51 2.82356e-05
3.52 2.73603e-05
3.53 2.65097e-05
3.54 2.56833e-05
3.55 2.48804e-05
3.56 2.41004e-05
3.57 2.33428e-05
3.58 2.2607e-05
3.59 2.18925e-05
3.6 2.11986e-05
3.61 2.05248e-05
3.62 1.98707e-05
3.63 1.92358e-05
3.64 1.86194e-05
3.65 1.80212e-05
3.66 1.74406e-05
3.67 1.68773e-05
3.68 1.63306e-05
3.69 1.58003e-05
3.7 1.52858e-05
3.71 1.47867e-05
3.72 1.43027e-05
3.73 1.38332e-05
3.74 1.3378e-05
3.75 1.29366e-05
3.76 1.25086e-05
3.77 1.20937e-05
3.78 1.16915e-05
3.79 1.13017e-05
3.8 1.09239e-05
3.81 1.05578e-05
3.82 1.0203e-05
3.83 9.85929e-06
3.84 9.52629e-06
3.85 9.20372e-06
3.86 8.89127e-06
3.87 8.58866e-06
3.88 8.2956e-06
3.89 8.01183e-06
3.9 7.73707e-06
3.91 7.47106e-06
3.92 7.21355e-06
3.93 6.9643e-06
3.94 6.72305e-06
3.95 6.48958e-06
3.96 6.26366e-06
3.97 6.04506e-06
3.98 5.83357e-06
3.99 5.62897e-06
4 5.43106e-06
4.01 5.23964e-06
4.02 5.05451e-06
4.03 4.87549e-06
4.04 4.70238e-06
4.05 4.53502e-06
4.06 4.37322e-06
4.07 4.21682e-06
4.08 4.06564e-06
4.09 3.91954e-06
4.1 3.77834e-06
4.11 3.64191e-06
4.12 3.51009e-06
4.13 3.38273e-06
4.14 3.25971e-06
4.15 3.14088e-06
4.16 3.02611e-06
4.17 2.91527e-06
4.18 2.80824e-06
4.19 2.70489e-06
4.2 2.60512e-06
4.21 2.5088e-06
4.22 2.41583e-06
4.23 2.32609e-06
4.24 2.23949e-06
4.25 2.15591e-06
4.26 2.07528e-06
4.27 1.99747e-06
4.28 1.92241e-06
4.29 1.85001e-06
4.3 1.78018e-06
4.31 1.71282e-06
4.32 1.64787e-06
4.33 1.58524e-06
4.34 1.52485e-06
4.35 1.46663e-06
4.36 1.41051e-06
4.37 1.35641e-06
4.38 1.30428e-06
4.39 1.25403e-06
4.4 1.20561e-06
4.41 1.15896e-06
4.42 1.11401e-06
4.43 1.07071e-06
4.44 1.029e-06
4.45 9.88827e-07
4.46 9.50137e-07
4.47 9.12879e-07
4.48 8.77003e-07
4.49 8.42462e-07
4.5 8.09209e-07
4.51 7.77198e-07
4.52 7.46387e-07
4.53 7.16734e-07
4.54 6.88196e-07
4.55 6.60736e-07
4.56 6.34315e-07
4.57 6.08895e-07
4.58 5.84442e-07
4.59 5.60921e-07
4.6 5.38298e-07
4.61 5.16541e-07
4.62 4.9562e-07
4.63 4.75503e-07
4.64 4.56161e-07
4.65 4.37567e-07
4.66 4.19694e-07
4.67 4.02514e-07
4.68 3.86004e-07
4.69 3.70137e-07
4.7 3.5489e-07
4.71 3.40242e-07
4.72 3.26168e-07
4.73 3.12649e-07
4.74 2.99663e-07
4.75 2.87191e-07
4.76 2.75213e-07
4.77 2.63712e-07
4.78 2.52668e-07
4.79 2.42065e-07
4.8 2.31886e-07
4.81 2.22116e-07
4.82 2.12738e-07
4.83 2.03737e-07
4.84 1.951e-07
4.85 1.86813e-07
4.86 1.78861e-07
4.87 1.71232e-07
4.88 1.63915e-07
4.89 1.56896e-07
4.9 1.50164e-07
4.91 1.43707e-07
4.92 1.37517e-07
4.93 1.31581e-07
4.94 1.2589e-07
4.95 1.20434e-07
4.96 1.15205e-07
4.97 1.10193e-07
4.98 1.05389e-07
4.99 1.00786e-07
5 9.63747e-08
5.01 9.21487e-08
5.02 8.81e-08
5.03 8.42217e-08
5.04 8.05069e-08
5.05 7.69491e-08
5.06 7.35419e-08
5.07 7.02792e-08
5.08 6.71553e-08
5.09 6.41646e-08
5.1 6.13015e-08
5.11 5.85609e-08
5.12 5.59378e-08
5.13 5.34274e-08
5.14 5.10252e-08
5.15 4.87265e-08
5.16 4.65273e-08
5.17 4.44233e-08
5.18 4.24107e-08
5.19 4.04856e-08
5.2 3.86445e-08
5.21 3.68838e-08
5.22 3.52001e-08
5.23 3.35903e-08
5.24 3.20512e-08
5.25 3.058e-08
5.26 2.91736e-08
5.27 2.78294e-08
5.28 2.65448e-08
5.29 2.53172e-08
5.3 2.41442e-08
5.31 2.30235e-08
5.32 2.19529e-08
5.33 2.09302e-08
5.34 1.99533e-08
5.35 1.90203e-08
5.36 1.81293e-08
5.37 1.72785e-08
5.38 1.64662e-08
5.39 1.56906e-08
5.4 1.49502e-08
5.41 1.42435e-08
5.42 1.3569e-08
5.43 1.29253e-08
5.44 1.2311e-08
5.45 1.17248e-08
5.46 1.11656e-08
5.47 1.06321e-08
5.48 1.01231e-08
5.49 9.63769e-09
5.5 9.17471e-09
5.51 8.73319e-09
5.52 8.31217e-09
5.53 7.91074e-09
5.54 7.52802e-09
5.55 7.16317e-09
5.56 6.8154e-09
5.57 6.48393e-09
5.58 6.16802e-09
5.59 5.86699e-09
5.6 5.58014e-09
5.61 5.30685e-09
5.62 5.04649e-09
5.63 4.79847e-09
5.64 4.56223e-09
5.65 4.33723e-09
5.66 4.12296e-09
5.67 3.91893e-09
5.68 3.72466e-09
5.69 3.5397e-09
5.7 3.36362e-09
5.71 3.19602e-09
5.72 3.0365e-09
5.73 2.88468e-09
5.74 2.7402e-09
5.75 2.60273e-09
5.76 2.47194e-09
5.77 2.3475e-09
5.78 2.22913e-09
5.79 2.11654e-09
5.8 2.00946e-09
5.81 1.90762e-09
5.82 1.81078e-09
5.83 1.7187e-09
5.84 1.63116e-09
5.85 1.54794e-09
5.86 1.46884e-09
5.87 1.39365e-09
5.88 1.32219e-09
5.89 1.25428e-09
5.9 1.18976e-09
5.91 1.12845e-09
5.92 1.07021e-09
5.93 1.01488e-09
5.94 9.62325e-10
5.95 9.1241e-10
5.96 8.65007e-10
5.97 8.19993e-10
5.98 7.77252e-10
5.99 7.36672e-10
