-6 2.33039e-06
-5.99 2.42161e-06
-5.98 2.51624e-06
-5.97 2.6144e-06
-5.96 2.71621e-06
-5.95 2.82181e-06
-5.94 2.93132e-06
-5.93 3.04488e-06
-5.92 3.16263e-06
-5.91 3.28473e-06
-5.9 3.41131e-06
-5.89 3.54255e-06
-5.88 3.6786e-06
-5.87 3.81962e-06
-5.86 3.96579e-06
-5.85 4.11729e-06
-5.84 4.2743e-06
-5.83 4.43701e-06
-5.82 4.60562e-06
-5.81 4.78032e-06
-5.8 4.96133e-06
-5.79 5.14886e-06
-5.78 5.34313e-06
-5.77 5.54438e-06
-5.76 5.75283e-06
-5.75 5.96873e-06
-5.74 6.19234e-06
-5.73 6.4239e-06
-5.72 6.6637e-06
-5.71 6.912e-06
-5.7 7.16909e-06
-5.69 7.43526e-06
-5.68 7.71082e-06
-5.67 7.99607e-06
-5.66 8.29134e-06
-5.65 8.59696e-06
-5.64 8.91327e-06
-5.63 9.24062e-06
-5.62 9.57938e-06
-5.61 9.92991e-06
-5.6 1.02926e-05
-5.59 1.06679e-05
-5.58 1.10561e-05
-5.57 1.14577e-05
-5.56 1.18732e-05
-5.55 1.23029e-05
-5.54 1.27473e-05
-5.53 1.3207e-05
-5.52 1.36824e-05
-5.51 1.41739e-05
-5.5 1.46822e-05
-5.49 1.52077e-05
-5.48 1.5751e-05
-5.47 1.63127e-05
-5.46 1.68933e-05
-5.45 1.74935e-05
-5.44 1.81139e-05
-5.43 1.8755e-05
-5.42 1.94176e-05
-5.41 2.01023e-05
-5.4 2.08098e-05
-5.39 2.15408e-05
-5.38 2.22961e-05
-5.37 2.30764e-05
-5.36 2.38825e-05
-5.35 2.47152e-05
-5.34 2.55752e-05
-5.33 2.64635e-05
-5.32 2.73809e-05
-5.31 2.83283e-05
-5.3 2.93066e-05
-5.29 3.03168e-05
-5.28 3.13598e-05
-5.27 3.24365e-05
-5.26 3.35482e-05
-5.25 3.46957e-05
-5.24 3.58802e-05
-5.23 3.71027e-05
-5.22 3.83645e-05
-5.21 3.96667e-05
-5.2 4.10104e-05
-5.19 4.2397e-05
-5.18 4.38277e-05
-5.17 4.53038e-05
-5.16 4.68266e-05
-5.15 4.83976e-05
-5.14 5.00181e-05
-5.13 5.16896e-05
-5.12 5.34135e-05
-5.11 5.51915e-05
-5.1 5.7025e-05
-5.09 5.89157e-05
-5.08 6.08652e-05
-5.07 6.28753e-05
-5.06 6.49477e-05
-5.05 6.70841e-05
-5.04 6.92865e-05
-5.03 7.15566e-05
-5.02 7.38964e-05
-5.01 7.6308e-05
-5 7.87933e-05
-4.99 8.13544e-05
-4.98 8.39935e-05
-4.97 8.67127e-05
-4.96 8.95143e-05
-4.95 9.24007e-05
-4.94 9.53741e-05
-4.93 9.84371e-05
-4.92 0.000101592
-4.91 0.000104841
-4.9 0.000108188
-4.89 0.000111635
-4.88 0.000115184
-4.87 0.000118838
-4.86 0.000122601
-4.85 0.000126475
-4.84 0.000130463
-4.83 0.000134568
-4.82 0.000138795
-4.81 0.000143144
-4.8 0.000147621
-4.79 0.000152229
-4.78 0.000156971
-4.77 0.00016185
-4.76 0.00016687
-4.75 0.000172036
-4.74 0.00017735
-4.73 0.000182817
-4.72 0.000188441
-4.71 0.000194227
-4.7 0.000200177
-4.69 0.000206296
-4.68 0.00021259
-4.67 0.000219062
-4.66 0.000225717
-4.65 0.00023256
-4.64 0.000239596
-4.63 0.000246829
-4.62 0.000254265
-4.61 0.000261909
-4.6 0.000269766
-4.59 0.000277842
-4.58 0.000286141
-4.57 0.000294671
-4.56 0.000303436
-4.55 0.000312442
-4.54 0.000321697
-4.53 0.000331205
-4.52 0.000340973
-4.51 0.000351007
-4.5 0.000361315
-4.49 0.000371903
-4.48 0.000382778
-4.47 0.000393946
-4.46 0.000405416
-4.45 0.000417194
-4.44 0.000429288
-4.43 0.000441706
-4.42 0.000454455
-4.41 0.000467544
-4.4 0.00048098
-4.39 0.000494773
-4.38 0.00050893
-4.37 0.000523461
-4.36 0.000538373
-4.35 0.000553677
-4.34 0.000569382
-4.33 0.000585496
-4.32 0.00060203
-4.31 0.000618994
-4.3 0.000636397
-4.29 0.00065425
-4.28 0.000672563
-4.27 0.000691347
-4.26 0.000710612
-4.25 0.000730371
-4.24 0.000750634
-4.23 0.000771412
-4.22 0.000792718
-4.21 0.000814564
-4.2 0.000836961
-4.19 0.000859923
-4.18 0.000883462
-4.17 0.00090759
-4.16 0.000932322
-4.15 0.00095767
-4.14 0.000983649
-4.13 0.00101027
-4.12 0.00103755
-4.11 0.00106551
-4.1 0.00109415
-4.09 0.0011235
-4.08 0.00115356
-4.07 0.00118436
-4.06 0.00121591
-4.05 0.00124822
-4.04 0.00128132
-4.03 0.00131522
-4.02 0.00134993
-4.01 0.00138548
-4 0.00142188
-3.99 0.00145915
-3.98 0.0014973
-3.97 0.00153637
-3.96 0.00157636
-3.95 0.00161729
-3.94 0.0016592
-3.93 0.00170208
-3.92 0.00174597
-3.91 0.00179089
-3.9 0.00183686
-3.89 0.00188389
-3.88 0.00193202
-3.87 0.00198126
-3.86 0.00203163
-3.85 0.00208317
-3.84 0.00213588
-3.83 0.0021898
-3.82 0.00224495
-3.81 0.00230136
-3.8 0.00235904
-3.79 0.00241803
-3.78 0.00247835
-3.77 0.00254003
-3.76 0.00260308
-3.75 0.00266755
-3.74 0.00273346
-3.73 0.00280083
-3.72 0.00286969
-3.71 0.00294008
-3.7 0.00301202
-3.69 0.00308554
-3.68 0.00316066
-3.67 0.00323744
-3.66 0.00331588
-3.65 0.00339602
-3.64 0.00347791
-3.63 0.00356156
-3.62 0.00364701
-3.61 0.00373429
-3.6 0.00382345
-3.59 0.0039145
-3.58 0.00400749
-3.57 0.00410246
-3.56 0.00419943
-3.55 0.00429844
-3.54 0.00439954
-3.53 0.00450276
-3.52 0.00460813
-3.51 0.00471569
-3.5 0.00482549
-3.49 0.00493756
-3.48 0.00505194
-3.47 0.00516867
-3.46 0.0052878
-3.45 0.00540936
-3.44 0.0055334
-3.43 0.00565996
-3.42 0.00578907
-3.41 0.0059208
-3.4 0.00605517
-3.39 0.00619224
-3.38 0.00633205
-3.37 0.00647464
-3.36 0.00662006
-3.35 0.00676837
-3.34 0.00691959
-3.33 0.0070738
-3.32 0.00723102
-3.31 0.00739131
-3.3 0.00755473
-3.29 0.00772131
-3.28 0.00789112
-3.27 0.0080642
-3.26 0.0082406
-3.25 0.00842039
-3.24 0.0086036
-3.23 0.00879029
-3.22 0.00898052
-3.21 0.00917434
-3.2 0.00937181
-3.19 0.00957298
-3.18 0.00977792
-3.17 0.00998666
-3.16 0.0101993
-3.15 0.0104158
-3.14 0.0106364
-3.13 0.010861
-3.12 0.0110897
-3.11 0.0113225
-3.1 0.0115596
-3.09 0.011801
-3.08 0.0120467
-3.07 0.0122969
-3.06 0.0125515
-3.05 0.0128106
-3.04 0.0130744
-3.03 0.0133428
-3.02 0.013616
-3.01 0.0138939
-3 0.0141767
-2.99 0.0144645
-2.98 0.0147572
-2.97 0.015055
-2.96 0.0153579
-2.95 0.015666
-2.94 0.0159794
-2.93 0.0162981
-2.92 0.0166222
-2.91 0.0169518
-2.9 0.0172869
-2.89 0.0176276
-2.88 0.017974
-2.87 0.0183262
-2.86 0.0186842
-2.85 0.0190481
-2.84 0.0194179
-2.83 0.0197938
-2.82 0.0201758
-2.81 0.020564
-2.8 0.0209584
-2.79 0.0213592
-2.78 0.0217664
-2.77 0.02218
-2.76 0.0226002
-2.75 0.0230271
-2.74 0.0234606
-2.73 0.0239009
-2.72 0.0243481
-2.71 0.0248021
-2.7 0.0252632
-2.69 0.0257314
-2.68 0.0262067
-2.67 0.0266892
-2.66 0.027179
-2.65 0.0276762
-2.64 0.0281809
-2.63 0.028693
-2.62 0.0292128
-2.61 0.0297402
-2.6 0.0302754
-2.59 0.0308185
-2.58 0.0313694
-2.57 0.0319282
-2.56 0.0324952
-2.55 0.0330702
-2.54 0.0336535
-2.53 0.034245
-2.52 0.0348448
-2.51 0.0354531
-2.5 0.0360698
-2.49 0.0366951
-2.48 0.0373291
-2.47 0.0379717
-2.46 0.0386231
-2.45 0.0392833
-2.44 0.0399525
-2.43 0.0406306
-2.42 0.0413178
-2.41 0.0420141
-2.4 0.0427195
-2.39 0.0434342
-2.38 0.0441583
-2.37 0.0448917
-2.36 0.0456345
-2.35 0.0463869
-2.34 0.0471488
-2.33 0.0479203
-2.32 0.0487015
-2.31 0.0494925
-2.3 0.0502933
-2.29 0.051104
-2.28 0.0519245
-2.27 0.0527551
-2.26 0.0535957
-2.25 0.0544463
-2.24 0.0553071
-2.23 0.0561781
-2.22 0.0570593
-2.21 0.0579508
-2.2 0.0588526
-2.19 0.0597648
-2.18 0.0606874
-2.17 0.0616205
-2.16 0.062564
-2.15 0.0635181
-2.14 0.0644828
-2.13 0.0654581
-2.12 0.066444
-2.11 0.0674406
-2.1 0.0684479
-2.09 0.0694659
-2.08 0.0704947
-2.07 0.0715343
-2.06 0.0725847
-2.05 0.0736459
-2.04 0.0747179
-2.03 0.0758008
-2.02 0.0768946
-2.01 0.0779993
-2 0.0791148
-1.99 0.0802413
-1.98 0.0813787
-1.97 0.082527
-1.96 0.0836862
-1.95 0.0848563
-1.94 0.0860374
-1.93 0.0872293
-1.92 0.0884321
-1.91 0.0896458
-1.9 0.0908704
-1.89 0.0921058
-1.88 0.093352
-1.87 0.0946091
-1.86 0.0958769
-1.85 0.0971555
-1.84 0.0984448
-1.83 0.0997448
-1.82 0.101055
-1.81 0.102377
-1.8 0.103709
-1.79 0.105051
-1.78 0.106404
-1.77 0.107767
-1.76 0.109141
-1.75 0.110524
-1.74 0.111919
-1.73 0.113323
-1.72 0.114737
-1.71 0.116162
-1.7 0.117597
-1.69 0.119041
-1.68 0.120495
-1.67 0.121959
-1.66 0.123433
-1.65 0.124916
-1.64 0.126408
-1.63 0.12791
-1.62 0.129422
-1.61 0.130942
-1.6 0.132471
-1.59 0.13401
-1.58 0.135557
-1.57 0.137113
-1.56 0.138677
-1.55 0.14025
-1.54 0.141832
-1.53 0.143421
-1.52 0.145018
-1.51 0.146624
-1.5 0.148237
-1.49 0.149858
-1.48 0.151486
-1.47 0.153122
-1.46 0.154765
-1.45 0.156415
-1.44 0.158071
-1.43 0.159735
-1.42 0.161404
-1.41 0.16308
-1.4 0.164763
-1.39 0.166451
-1.38 0.168145
-1.37 0.169845
-1.36 0.17155
-1.35 0.17326
-1.34 0.174975
-1.33 0.176695
-1.32 0.17842
-1.31 0.180149
-1.3 0.181882
-1.29 0.183619
-1.28 0.18536
-1.27 0.187104
-1.26 0.188851
-1.25 0.190602
-1.24 0.192355
-1.23 0.194111
-1.22 0.19587
-1.21 0.19763
-1.2 0.199392
-1.19 0.201156
-1.18 0.202921
-1.17 0.204688
-1.16 0.206455
-1.15 0.208223
-1.14 0.209991
-1.13 0.211759
-1.12 0.213527
-1.11 0.215294
-1.1 0.217061
-1.09 0.218826
-1.08 0.220591
-1.07 0.222353
-1.06 0.224114
-1.05 0.225873
-1.04 0.227629
-1.03 0.229383
-1.02 0.231133
-1.01 0.23288
-1 0.234624
-0.99 0.236364
-0.98 0.238099
-0.97 0.23983
-0.96 0.241556
-0.95 0.243277
-0.94 0.244993
-0.93 0.246703
-0.92 0.248407
-0.91 0.250105
-0.9 0.251796
-0.89 0.25348
-0.88 0.255157
-0.87 0.256827
-0.86 0.258488
-0.85 0.260142
-0.84 0.261787
-0.83 0.263423
-0.82 0.26505
-0.81 0.266667
-0.8 0.268275
-0.79 0.269873
-0.78 0.271461
-0.77 0.273038
-0.76 0.274604
-0.75 0.276159
-0.74 0.277702
-0.73 0.279234
-0.72 0.280753
-0.71 0.282259
-0.7 0.283753
-0.69 0.285234
-0.68 0.286702
-0.67 0.288155
-0.66 0.289595
-0.65 0.291021
-0.64 0.292432
-0.63 0.293827
-0.62 0.295208
-0.61 0.296574
-0.6 0.297923
-0.59 0.299257
-0.58 0.300574
-0.57 0.301875
-0.56 0.303158
-0.55 0.304425
-0.54 0.305674
-0.53 0.306906
-0.52 0.308119
-0.51 0.309314
-0.5 0.310491
-0.49 0.311649
-0.48 0.312788
-0.47 0.313908
-0.46 0.315008
-0.45 0.316089
-0.44 0.317149
-0.43 0.318189
-0.42 0.319209
-0.41 0.320208
-0.4 0.321186
-0.39 0.322143
-0.38 0.323079
-0.37 0.323993
-0.36 0.324886
-0.35 0.325756
-0.34 0.326604
-0.33 0.32743
-0.32 0.328233
-0.31 0.329014
-0.3 0.329771
-0.29 0.330506
-0.28 0.331217
-0.27 0.331905
-0.26 0.332569
-0.25 0.333209
-0.24 0.333826
-0.23 0.334418
-0.22 0.334986
-0.21 0.33553
-0.2 0.33605
-0.19 0.336545
-0.18 0.337015
-0.17 0.337461
-0.16 0.337881
-0.15 0.338277
-0.14 0.338648
-0.13 0.338993
-0.12 0.339313
-0.11 0.339608
-0.1 0.339877
-0.09 0.340121
-0.08 0.34034
-0.07 0.340532
-0.06 0.3407
-0.05 0.340841
-0.04 0.340957
-0.03 0.341047
-0.02 0.341111
-0.01 0.34115
0 0.341163
0.01 0.34115
0.02 0.341111
0.03 0.341047
0.04 0.340957
0.05 0.340841
0.06 0.3407
0.07 0.340532
0.08 0.34034
0.09 0.340121
0.1 0.339877
0.11 0.339608
0.12 0.339313
0.13 0.338993
0.14 0.338648
0.15 0.338277
0.16 0.337881
0.17 0.337461
0.18 0.337015
0.19 0.336545
0.2 0.33605
0.21 0.33553
0.22 0.334986
0.23 0.334418
0.24 0.333826
0.25 0.333209
0.26 0.332569
0.27 0.331905
0.28 0.331217
0.29 0.330506
0.3 0.329771
0.31 0.329014
0.32 0.328233
0.33 0.32743
0.34 0.326604
0.35 0.325756
0.36 0.324886
0.37 0.323993
0.38 0.323079
0.39 0.322143
0.4 0.321186
0.41 0.320208
0.42 0.319209
0.43 0.318189
0.44 0.317149
0.45 0.316089
0.46 0.315008
0.47 0.313908
0.48 0.312788
0.49 0.311649
0.5 0.310491
0.51 0.309314
0.52 0.308119
0.53 0.306906
0.54 0.305674
0.55 0.304425
0.56 0.303158
0.57 0.301875
0.58 0.300574
0.59 0.299257
0.6 0.297923
0.61 0.296574
0.62 0.295208
0.63 0.293827
0.64 0.292432
0.65 0.291021
0.66 0.289595
0.67 0.288155
0.68 0.286702
0.69 0.285234
0.7 0.283753
0.71 0.282259
0.72 0.280753
0.73 0.279234
0.74 0.277702
0.75 0.276159
0.76 0.274604
0.77 0.273038
0.78 0.271461
0.79 0.269873
0.8 0.268275
0.81 0.266667
0.82 0.26505
0.83 0.263423
0.84 0.261787
0.85 0.260142
0.86 0.258488
0.87 0.256827
0.88 0.255157
0.89 0.25348
0.9 0.251796
0.91 0.250105
0.92 0.248407
0.93 0.246703
0.94 0.244993
0.95 0.243277
0.96 0.241556
0.97 0.23983
0.98 0.238099
0.99 0.236364
1 0.234624
1.01 0.23288
1.02 0.231133
1.03 0.229383
1.04 0.227629
1.05 0.225873
1.06 0.224114
1.07 0.222353
1.08 0.220591
1.09 0.218826
1.1 0.217061
1.11 0.215294
1.12 0.213527
1.13 0.211759
1.14 0.209991
1.15 0.208223
1.16 0.206455
1.17 0.204688
1.18 0.202921
1.19 0.201156
1.2 0.199392
1.21 0.19763
1.22 0.19587
1.23 0.194111
1.24 0.192355
1.25 0.190602
1.26 0.188851
1.27 0.187104
1.28 0.18536
1.29 0.183619
1.3 0.181882
1.31 0.180149
1.32 0.17842
1.33 0.176695
1.34 0.174975
1.35 0.17326
1.36 0.17155
1.37 0.169845
1.38 0.168145
1.39 0.166451
1.4 0.164763
1.41 0.16308
1.42 0.161404
1.43 0.159735
1.44 0.158071
1.45 0.156415
1.46 0.154765
1.47 0.153122
1.48 0.151486
1.49 0.149858
1.5 0.148237
1.51 0.146624
1.52 0.145018
1.53 0.143421
1.54 0.141832
1.55 0.14025
1.56 0.138677
1.57 0.137113
1.58 0.135557
1.59 0.13401
1.6 0.132471
1.61 0.130942
1.62 0.129422
1.63 0.12791
1.64 0.126408
1.65 0.124916
1.66 0.123433
1.67 0.121959
1.68 0.120495
1.69 0.119041
1.7 0.117597
1.71 0.116162
1.72 0.114737
1.73 0.113323
1.74 0.111919
1.75 0.110524
1.76 0.109141
1.77 0.107767
1.78 0.106404
1.79 0.105051
1.8 0.103709
1.81 0.102377
1.82 0.101055
1.83 0.0997448
1.84 0.0984448
1.85 0.0971555
1.86 0.0958769
1.87 0.0946091
1.88 0.093352
1.89 0.0921058
1.9 0.0908704
1.91 0.0896458
1.92 0.0884321
1.93 0.0872293
1.94 0.0860374
1.95 0.0848563
1.96 0.0836862
1.97 0.082527
1.98 0.0813787
1.99 0.0802413
2 0.0791148
2.01 0.0779993
2.02 0.0768946
2.03 0.0758008
2.04 0.0747179
2.05 0.0736459
2.06 0.0725847
2.07 0.0715343
2.08 0.0704947
2.09 0.0694659
2.1 0.0684479
2.11 0.0674406
2.12 0.066444
2.13 0.0654581
2.14 0.0644828
2.15 0.0635181
2.16 0.062564
2.17 0.0616205
2.18 0.0606874
2.19 0.0597648
2.2 0.0588526
2.21 0.0579508
2.22 0.0570593
2.23 0.0561781
2.24 0.0553071
2.25 0.0544463
2.26 0.0535957
2.27 0.0527551
2.28 0.0519245
2.29 0.051104
2.3 0.0502933
2.31 0.0494925
2.32 0.0487015
2.33 0.0479203
2.34 0.0471488
2.35 0.0463869
2.36 0.0456345
2.37 0.0448917
2.38 0.0441583
2.39 0.0434342
2.4 0.0427195
2.41 0.0420141
2.42 0.0413178
2.43 0.0406306
2.44 0.0399525
2.45 0.0392833
2.46 0.0386231
2.47 0.0379717
2.48 0.0373291
2.49 0.0366951
2.5 0.0360698
2.51 0.0354531
2.52 0.0348448
2.53 0.034245
2.54 0.0336535
2.55 0.0330702
2.56 0.0324952
2.57 0.0319282
2.58 0.0313694
2.59 0.0308185
2.6 0.0302754
2.61 0.0297402
2.62 0.0292128
2.63 0.028693
2.64 0.0281809
2.65 0.0276762
2.66 0.027179
2.67 0.0266892
2.68 0.0262067
2.69 0.0257314
2.7 0.0252632
2.71 0.0248021
2.72 0.0243481
2.73 0.0239009
2.74 0.0234606
2.75 0.0230271
2.76 0.0226002
2.77 0.02218
2.78 0.0217664
2.79 0.0213592
2.8 0.0209584
2.81 0.020564
2.82 0.0201758
2.83 0.0197938
2.84 0.0194179
2.85 0.0190481
2.86 0.0186842
2.87 0.0183262
2.88 0.017974
2.89 0.0176276
2.9 0.0172869
2.91 0.0169518
2.92 0.0166222
2.93 0.0162981
2.94 0.0159794
2.95 0.015666
2.96 0.0153579
2.97 0.015055
2.98 0.0147572
2.99 0.0144645
3 0.0141767
3.01 0.0138939
3.02 0.013616
3.03 0.0133428
3.04 0.0130744
3.05 0.0128106
3.06 0.0125515
3.07 0.0122969
3.08 0.0120467
3.09 0.011801
3.1 0.0115596
3.11 0.0113225
3.12 0.0110897
3.13 0.010861
3.14 0.0106364
3.15 0.0104158
3.16 0.0101993
3.17 0.00998666
3.18 0.00977792
3.19 0.00957298
3.2 0.00937181
3.21 0.00917434
3.22 0.00898052
3.23 0.00879029
3.24 0.0086036
3.25 0.00842039
3.26 0.0082406
3.27 0.0080642
3.28 0.00789112
3.29 0.00772131
3.3 0.00755473
3.31 0.00739131
3.32 0.00723102
3.33 0.0070738
3.34 0.00691959
3.35 0.00676837
3.36 0.00662006
3.37 0.00647464
3.38 0.00633205
3.39 0.00619224
3.4 0.00605517
3.41 0.0059208
3.42 0.00578907
3.43 0.00565996
3.44 0.0055334
3.45 0.00540936
3.46 0.0052878
3.47 0.00516867
3.48 0.00505194
3.49 0.00493756
3.5 0.00482549
3.51 0.00471569
3.52 0.00460813
3.53 0.00450276
3.54 0.00439954
3.55 0.00429844
3.56 0.00419943
3.57 0.00410246
3.58 0.00400749
3.59 0.0039145
3.6 0.00382345
3.61 0.00373429
3.62 0.00364701
3.63 0.00356156
3.64 0.00347791
3.65 0.00339602
3.66 0.00331588
3.67 0.00323744
3.68 0.00316066
3.69 0.00308554
3.7 0.00301202
3.71 0.00294008
3.72 0.00286969
3.73 0.00280083
3.74 0.00273346
3.75 0.00266755
3.76 0.00260308
3.77 0.00254003
3.78 0.00247835
3.79 0.00241803
3.8 0.00235904
3.81 0.00230136
3.82 0.00224495
3.83 0.0021898
3.84 0.00213588
3.85 0.00208317
3.86 0.00203163
3.87 0.00198126
3.88 0.00193202
3.89 0.00188389
3.9 0.00183686
3.91 0.00179089
3.92 0.00174597
3.93 0.00170208
3.94 0.0016592
3.95 0.00161729
3.96 0.00157636
3.97 0.00153637
3.98 0.0014973
3.99 0.00145915
4 0.00142188
4.01 0.00138548
4.02 0.00134993
4.03 0.00131522
4.04 0.00128132
4.05 0.00124822
4.06 0.00121591
4.07 0.00118436
4.08 0.00115356
4.09 0.0011235
4.1 0.00109415
4.11 0.00106551
4.12 0.00103755
4.13 0.00101027
4.14 0.000983649
4.15 0.00095767
4.16 0.000932322
4.17 0.00090759
4.18 0.000883462
4.19 0.000859923
4.2 0.000836961
4.21 0.000814564
4.22 0.000792718
4.23 0.000771412
4.24 0.000750634
4.25 0.000730371
4.26 0.000710612
4.27 0.000691347
4.28 0.000672563
4.29 0.00065425
4.3 0.000636397
4.31 0.000618994
4.32 0.00060203
4.33 0.000585496
4.34 0.000569382
4.35 0.000553677
4.36 0.000538373
4.37 0.000523461
4.38 0.00050893
4.39 0.000494773
4.4 0.00048098
4.41 0.000467544
4.42 0.000454455
4.43 0.000441706
4.44 0.000429288
4.45 0.000417194
4.46 0.000405416
4.47 0.000393946
4.48 0.000382778
4.49 0.000371903
4.5 0.000361315
4.51 0.000351007
4.52 0.000340973
4.53 0.000331205
4.54 0.000321697
4.55 0.000312442
4.56 0.000303436
4.57 0.000294671
4.58 0.000286141
4.59 0.000277842
4.6 0.000269766
4.61 0.000261909
4.62 0.000254265
4.63 0.000246829
4.64 0.000239596
4.65 0.00023256
4.66 0.000225717
4.67 0.000219062
4.68 0.00021259
4.69 0.000206296
4.7 0.000200177
4.71 0.000194227
4.72 0.000188441
4.73 0.000182817
4.74 0.00017735
4.75 0.000172036
4.76 0.00016687
4.77 0.00016185
4.78 0.000156971
4.79 0.000152229
4.8 0.000147621
4.81 0.000143144
4.82 0.000138795
4.83 0.000134568
4.84 0.000130463
4.85 0.000126475
4.86 0.000122601
4.87 0.000118838
4.88 0.000115184
4.89 0.000111635
4.9 0.000108188
4.91 0.000104841
4.92 0.000101592
4.93 9.84371e-05
4.94 9.53741e-05
4.95 9.24007e-05
4.96 8.95143e-05
4.97 8.67127e-05
4.98 8.39935e-05
4.99 8.13544e-05
5 7.87933e-05
5.01 7.6308e-05
5.02 7.38964e-05
5.03 7.15566e-05
5.04 6.92865e-05
5.05 6.70841e-05
5.06 6.49477e-05
5.07 6.28753e-05
5.08 6.08652e-05
5.09 5.89157e-05
5.1 5.7025e-05
5.11 5.51915e-05
5.12 5.34135e-05
5.13 5.16896e-05
5.14 5.00181e-05
5.15 4.83976e-05
5.16 4.68266e-05
5.17 4.53038e-05
5.18 4.38277e-05
5.19 4.2397e-05
5.2 4.10104e-05
5.21 3.96667e-05
5.22 3.83645e-05
5.23 3.71027e-05
5.24 3.58802e-05
5.25 3.46957e-05
5.26 3.35482e-05
5.27 3.24365e-05
5.28 3.13598e-05
5.29 3.03168e-05
5.3 2.93066e-05
5.31 2.83283e-05
5.32 2.73809e-05
5.33 2.64635e-05
5.34 2.55752e-05
5.35 2.47152e-05
5.36 2.38825e-05
5.37 2.30764e-05
5.38 2.22961e-05
5.39 2.15408e-05
5.4 2.08098e-05
5.41 2.01023e-05
5.42 1.94176e-05
5.43 1.8755e-05
5.44 1.81139e-05
5.45 1.74935e-05
5.46 1.68933e-05
5.47 1.63127e-05
5.48 1.5751e-05
5.49 1.52077e-05
5.5 1.46822e-05
5.51 1.41739e-05
5.52 1.36824e-05
5.53 1.3207e-05
5.54 1.27473e-05
5.55 1.23029e-05
5.56 1.18732e-05
5.57 1.14577e-05
5.58 1.10561e-05
5.59 1.06679e-05
5.6 1.02926e-05
5.61 9.92991e-06
5.62 9.57938e-06
5.63 9.24062e-06
5.64 8.91327e-06
5.65 8.59696e-06
5.66 8.29134e-06
5.67 7.99607e-06
5.68 7.71082e-06
5.69 7.43526e-06
5.7 7.16909e-06
5.71 6.912e-06
5.72 6.6637e-06
5.73 6.4239e-06
5.74 6.19234e-06
5.75 5.96873e-06
5.76 5.75283e-06
5.77 5.54438e-06
5.78 5.34313e-06
5.79 5.14886e-06
5.8 4.96133e-06
5.81 4.78032e-06
5.82 4.60562e-06
5.83 4.43701e-06
5.84 4.2743e-06
5.85 4.11729e-06
5.86 3.96579e-06
5.87 3.81962e-06
5.88 3.6786e-06
5.89 3.54255e-06
5.9 3.41131e-06
5.91 3.28473e-06
5.92 3.16263e-06
5.93 3.04488e-06
5.94 2.93132e-06
5.95 2.82181e-06
5.96 2.71621e-06
5.97 2.6144e-06
5.98 2.51624e-06
5.99 2.42161e-06
