-6 0.00017092
-5.99 0.000175196
-5.98 0.00017957
-5.97 0.000184046
-5.96 0.000188625
-5.95 0.00019331
-5.94 0.000198102
-5.93 0.000203005
-5.92 0.00020802
-5.91 0.00021315
-5.9 0.000218396
-5.89 0.000223763
-5.88 0.000229251
-5.87 0.000234863
-5.86 0.000240603
-5.85 0.000246472
-5.84 0.000252474
-5.83 0.00025861
-5.82 0.000264884
-5.81 0.000271299
-5.8 0.000277857
-5.79 0.000284561
-5.78 0.000291415
-5.77 0.00029842
-5.76 0.000305581
-5.75 0.000312901
-5.74 0.000320381
-5.73 0.000328027
-5.72 0.00033584
-5.71 0.000343825
-5.7 0.000351984
-5.69 0.000360322
-5.68 0.000368841
-5.67 0.000377545
-5.66 0.000386438
-5.65 0.000395523
-5.64 0.000404805
-5.63 0.000414286
-5.62 0.000423972
-5.61 0.000433865
-5.6 0.00044397
-5.59 0.00045429
-5.58 0.000464831
-5.57 0.000475595
-5.56 0.000486588
-5.55 0.000497814
-5.54 0.000509277
-5.53 0.000520981
-5.52 0.000532931
-5.51 0.000545132
-5.5 0.000557589
-5.49 0.000570305
-5.48 0.000583286
-5.47 0.000596538
-5.46 0.000610064
-5.45 0.00062387
-5.44 0.000637961
-5.43 0.000652342
-5.42 0.000667018
-5.41 0.000681996
-5.4 0.00069728
-5.39 0.000712876
-5.38 0.00072879
-5.37 0.000745026
-5.36 0.000761592
-5.35 0.000778493
-5.34 0.000795734
-5.33 0.000813323
-5.32 0.000831265
-5.31 0.000849566
-5.3 0.000868232
-5.29 0.000887271
-5.28 0.000906688
-5.27 0.000926491
-5.26 0.000946686
-5.25 0.000967279
-5.24 0.000988278
-5.23 0.00100969
-5.22 0.00103152
-5.21 0.00105378
-5.2 0.00107647
-5.19 0.0010996
-5.18 0.00112319
-5.17 0.00114723
-5.16 0.00117173
-5.15 0.00119671
-5.14 0.00122216
-5.13 0.00124811
-5.12 0.00127455
-5.11 0.00130149
-5.1 0.00132895
-5.09 0.00135693
-5.08 0.00138544
-5.07 0.00141449
-5.06 0.00144408
-5.05 0.00147423
-5.04 0.00150495
-5.03 0.00153624
-5.02 0.00156811
-5.01 0.00160058
-5 0.00163365
-4.99 0.00166733
-4.98 0.00170163
-4.97 0.00173657
-4.96 0.00177214
-4.95 0.00180837
-4.94 0.00184526
-4.93 0.00188282
-4.92 0.00192107
-4.91 0.00196
-4.9 0.00199965
-4.89 0.00204
-4.88 0.00208109
-4.87 0.0021229
-4.86 0.00216547
-4.85 0.0022088
-4.84 0.0022529
-4.83 0.00229778
-4.82 0.00234345
-4.81 0.00238993
-4.8 0.00243723
-4.79 0.00248536
-4.78 0.00253433
-4.77 0.00258416
-4.76 0.00263485
-4.75 0.00268643
-4.74 0.00273889
-4.73 0.00279227
-4.72 0.00284656
-4.71 0.00290178
-4.7 0.00295795
-4.69 0.00301508
-4.68 0.00307318
-4.67 0.00313227
-4.66 0.00319236
-4.65 0.00325346
-4.64 0.0033156
-4.63 0.00337877
-4.62 0.003443
-4.61 0.00350831
-4.6 0.0035747
-4.59 0.0036422
-4.58 0.00371081
-4.57 0.00378055
-4.56 0.00385144
-4.55 0.00392349
-4.54 0.00399673
-4.53 0.00407115
-4.52 0.00414679
-4.51 0.00422365
-4.5 0.00430176
-4.49 0.00438112
-4.48 0.00446176
-4.47 0.00454369
-4.46 0.00462693
-4.45 0.00471149
-4.44 0.0047974
-4.43 0.00488467
-4.42 0.00497331
-4.41 0.00506335
-4.4 0.0051548
-4.39 0.00524768
-4.38 0.00534201
-4.37 0.00543781
-4.36 0.00553508
-4.35 0.00563386
-4.34 0.00573416
-4.33 0.005836
-4.32 0.0059394
-4.31 0.00604437
-4.3 0.00615094
-4.29 0.00625913
-4.28 0.00636895
-4.27 0.00648042
-4.26 0.00659356
-4.25 0.0067084
-4.24 0.00682495
-4.23 0.00694323
-4.22 0.00706327
-4.21 0.00718507
-4.2 0.00730867
-4.19 0.00743408
-4.18 0.00756133
-4.17 0.00769042
-4.16 0.0078214
-4.15 0.00795427
-4.14 0.00808905
-4.13 0.00822578
-4.12 0.00836446
-4.11 0.00850512
-4.1 0.00864779
-4.09 0.00879247
-4.08 0.00893921
-4.07 0.00908801
-4.06 0.00923889
-4.05 0.00939189
-4.04 0.00954702
-4.03 0.00970431
-4.02 0.00986377
-4.01 0.0100254
-4 0.0101893
-3.99 0.0103554
-3.98 0.0105238
-3.97 0.0106945
-3.96 0.0108675
-3.95 0.0110429
-3.94 0.0112205
-3.93 0.0114006
-3.92 0.0115831
-3.91 0.011768
-3.9 0.0119554
-3.89 0.0121452
-3.88 0.0123375
-3.87 0.0125324
-3.86 0.0127297
-3.85 0.0129297
-3.84 0.0131323
-3.83 0.0133374
-3.82 0.0135452
-3.81 0.0137557
-3.8 0.0139688
-3.79 0.0141847
-3.78 0.0144033
-3.77 0.0146247
-3.76 0.0148488
-3.75 0.0150757
-3.74 0.0153055
-3.73 0.0155381
-3.72 0.0157736
-3.71 0.016012
-3.7 0.0162533
-3.69 0.0164976
-3.68 0.0167449
-3.67 0.0169951
-3.66 0.0172484
-3.65 0.0175047
-3.64 0.0177641
-3.63 0.0180265
-3.62 0.0182921
-3.61 0.0185608
-3.6 0.0188327
-3.59 0.0191078
-3.58 0.0193861
-3.57 0.0196676
-3.56 0.0199524
-3.55 0.0202405
-3.54 0.0205318
-3.53 0.0208265
-3.52 0.0211246
-3.51 0.021426
-3.5 0.0217308
-3.49 0.0220391
-3.48 0.0223508
-3.47 0.0226659
-3.46 0.0229845
-3.45 0.0233067
-3.44 0.0236324
-3.43 0.0239616
-3.42 0.0242945
-3.41 0.0246309
-3.4 0.0249709
-3.39 0.0253146
-3.38 0.025662
-3.37 0.0260131
-3.36 0.0263678
-3.35 0.0267263
-3.34 0.0270886
-3.33 0.0274546
-3.32 0.0278244
-3.31 0.028198
-3.3 0.0285755
-3.29 0.0289568
-3.28 0.029342
-3.27 0.0297311
-3.26 0.0301241
-3.25 0.030521
-3.24 0.0309219
-3.23 0.0313268
-3.22 0.0317357
-3.21 0.0321485
-3.2 0.0325654
-3.19 0.0329863
-3.18 0.0334113
-3.17 0.0338404
-3.16 0.0342736
-3.15 0.0347109
-3.14 0.0351523
-3.13 0.0355979
-3.12 0.0360476
-3.11 0.0365015
-3.1 0.0369596
-3.09 0.0374219
-3.08 0.0378885
-3.07 0.0383593
-3.06 0.0388343
-3.05 0.0393136
-3.04 0.0397971
-3.03 0.040285
-3.02 0.0407772
-3.01 0.0412737
-3 0.0417745
-2.99 0.0422796
-2.98 0.0427891
-2.97 0.043303
-2.96 0.0438213
-2.95 0.0443439
-2.94 0.0448709
-2.93 0.0454023
-2.92 0.0459382
-2.91 0.0464784
-2.9 0.0470231
-2.89 0.0475722
-2.88 0.0481258
-2.87 0.0486838
-2.86 0.0492462
-2.85 0.0498131
-2.84 0.0503845
-2.83 0.0509603
-2.82 0.0515407
-2.81 0.0521255
-2.8 0.0527147
-2.79 0.0533085
-2.78 0.0539067
-2.77 0.0545095
-2.76 0.0551167
-2.75 0.0557284
-2.74 0.0563446
-2.73 0.0569653
-2.72 0.0575905
-2.71 0.0582201
-2.7 0.0588543
-2.69 0.0594929
-2.68 0.060136
-2.67 0.0607836
-2.66 0.0614356
-2.65 0.0620921
-2.64 0.0627531
-2.63 0.0634185
-2.62 0.0640884
-2.61 0.0647627
-2.6 0.0654415
-2.59 0.0661246
-2.58 0.0668122
-2.57 0.0675042
-2.56 0.0682006
-2.55 0.0689013
-2.54 0.0696065
-2.53 0.070316
-2.52 0.0710298
-2.51 0.071748
-2.5 0.0724705
-2.49 0.0731973
-2.48 0.0739284
-2.47 0.0746637
-2.46 0.0754034
-2.45 0.0761472
-2.44 0.0768953
-2.43 0.0776476
-2.42 0.078404
-2.41 0.0791647
-2.4 0.0799294
-2.39 0.0806983
-2.38 0.0814713
-2.37 0.0822484
-2.36 0.0830295
-2.35 0.0838146
-2.34 0.0846037
-2.33 0.0853969
-2.32 0.0861939
-2.31 0.0869949
-2.3 0.0877998
-2.29 0.0886085
-2.28 0.0894211
-2.27 0.0902375
-2.26 0.0910577
-2.25 0.0918816
-2.24 0.0927092
-2.23 0.0935405
-2.22 0.0943754
-2.21 0.095214
-2.2 0.0960561
-2.19 0.0969018
-2.18 0.097751
-2.17 0.0986036
-2.16 0.0994597
-2.15 0.100319
-2.14 0.101182
-2.13 0.102048
-2.12 0.102917
-2.11 0.10379
-2.1 0.104666
-2.09 0.105545
-2.08 0.106427
-2.07 0.107312
-2.06 0.1082
-2.05 0.109091
-2.04 0.109985
-2.03 0.110882
-2.02 0.111782
-2.01 0.112684
-2 0.113589
-1.99 0.114497
-1.98 0.115408
-1.97 0.116321
-1.96 0.117236
-1.95 0.118154
-1.94 0.119074
-1.93 0.119997
-1.92 0.120922
-1.91 0.12185
-1.9 0.122779
-1.89 0.123711
-1.88 0.124644
-1.87 0.12558
-1.86 0.126518
-1.85 0.127457
-1.84 0.128398
-1.83 0.129342
-1.82 0.130286
-1.81 0.131233
-1.8 0.132181
-1.79 0.133131
-1.78 0.134082
-1.77 0.135034
-1.76 0.135988
-1.75 0.136943
-1.74 0.137899
-1.73 0.138856
-1.72 0.139815
-1.71 0.140774
-1.7 0.141734
-1.69 0.142695
-1.68 0.143657
-1.67 0.14462
-1.66 0.145583
-1.65 0.146546
-1.64 0.147511
-1.63 0.148475
-1.62 0.14944
-1.61 0.150405
-1.6 0.151371
-1.59 0.152336
-1.58 0.153302
-1.57 0.154267
-1.56 0.155233
-1.55 0.156198
-1.54 0.157163
-1.53 0.158127
-1.52 0.159092
-1.51 0.160055
-1.5 0.161018
-1.49 0.161981
-1.48 0.162942
-1.47 0.163903
-1.46 0.164863
-1.45 0.165822
-1.44 0.166779
-1.43 0.167736
-1.42 0.168691
-1.41 0.169645
-1.4 0.170598
-1.39 0.171549
-1.38 0.172499
-1.37 0.173447
-1.36 0.174393
-1.35 0.175337
-1.34 0.176279
-1.33 0.17722
-1.32 0.178158
-1.31 0.179094
-1.3 0.180028
-1.29 0.18096
-1.28 0.181889
-1.27 0.182815
-1.26 0.183739
-1.25 0.184661
-1.24 0.185579
-1.23 0.186495
-1.22 0.187408
-1.21 0.188317
-1.2 0.189224
-1.19 0.190127
-1.18 0.191027
-1.17 0.191924
-1.16 0.192817
-1.15 0.193707
-1.14 0.194593
-1.13 0.195475
-1.12 0.196353
-1.11 0.197228
-1.1 0.198098
-1.09 0.198965
-1.08 0.199827
-1.07 0.200685
-1.06 0.201539
-1.05 0.202388
-1.04 0.203232
-1.03 0.204073
-1.02 0.204908
-1.01 0.205739
-1 0.206564
-0.99 0.207385
-0.98 0.208201
-0.97 0.209012
-0.96 0.209817
-0.95 0.210617
-0.94 0.211412
-0.93 0.212201
-0.92 0.212985
-0.91 0.213763
-0.9 0.214536
-0.89 0.215303
-0.88 0.216064
-0.87 0.216818
-0.86 0.217567
-0.85 0.21831
-0.84 0.219047
-0.83 0.219777
-0.82 0.220501
-0.81 0.221218
-0.8 0.22193
-0.79 0.222634
-0.78 0.223332
-0.77 0.224023
-0.76 0.224707
-0.75 0.225384
-0.74 0.226055
-0.73 0.226718
-0.72 0.227374
-0.71 0.228023
-0.7 0.228665
-0.69 0.2293
-0.68 0.229927
-0.67 0.230546
-0.66 0.231158
-0.65 0.231763
-0.64 0.232359
-0.63 0.232948
-0.62 0.23353
-0.61 0.234103
-0.6 0.234668
-0.59 0.235226
-0.58 0.235775
-0.57 0.236316
-0.56 0.236849
-0.55 0.237374
-0.54 0.23789
-0.53 0.238398
-0.52 0.238898
-0.51 0.239389
-0.5 0.239871
-0.49 0.240345
-0.48 0.240811
-0.47 0.241267
-0.46 0.241715
-0.45 0.242154
-0.44 0.242584
-0.43 0.243005
-0.42 0.243417
-0.41 0.243821
-0.4 0.244215
-0.39 0.2446
-0.38 0.244975
-0.37 0.245342
-0.36 0.245699
-0.35 0.246048
-0.34 0.246386
-0.33 0.246716
-0.32 0.247036
-0.31 0.247346
-0.3 0.247647
-0.29 0.247939
-0.28 0.248221
-0.27 0.248493
-0.26 0.248756
-0.25 0.249009
-0.24 0.249252
-0.23 0.249486
-0.22 0.24971
-0.21 0.249924
-0.2 0.250129
-0.19 0.250323
-0.18 0.250508
-0.17 0.250683
-0.16 0.250848
-0.15 0.251003
-0.14 0.251148
-0.13 0.251284
-0.12 0.251409
-0.11 0.251524
-0.1 0.25163
-0.09 0.251725
-0.08 0.25181
-0.07 0.251886
-0.06 0.251951
-0.05 0.252006
-0.04 0.252051
-0.03 0.252087
-0.02 0.252112
-0.01 0.252127
0 0.252132
0.01 0.252127
0.02 0.252112
0.03 0.252087
0.04 0.252051
0.05 0.252006
0.06 0.251951
0.07 0.251886
0.08 0.25181
0.09 0.251725
0.1 0.25163
0.11 0.251524
0.12 0.251409
0.13 0.251284
0.14 0.251148
0.15 0.251003
0.16 0.250848
0.17 0.250683
0.18 0.250508
0.19 0.250323
0.2 0.250129
0.21 0.249924
0.22 0.24971
0.23 0.249486
0.24 0.249252
0.25 0.249009
0.26 0.248756
0.27 0.248493
0.28 0.248221
0.29 0.247939
0.3 0.247647
0.31 0.247346
0.32 0.247036
0.33 0.246716
0.34 0.246386
0.35 0.246048
0.36 0.245699
0.37 0.245342
0.38 0.244975
0.39 0.2446
0.4 0.244215
0.41 0.243821
0.42 0.243417
0.43 0.243005
0.44 0.242584
0.45 0.242154
0.46 0.241715
0.47 0.241267
0.48 0.240811
0.49 0.240345
0.5 0.239871
0.51 0.239389
0.52 0.238898
0.53 0.238398
0.54 0.23789
0.55 0.237374
0.56 0.236849
0.57 0.236316
0.58 0.235775
0.59 0.235226
0.6 0.234668
0.61 0.234103
0.62 0.23353
0.63 0.232948
0.64 0.232359
0.65 0.231763
0.66 0.231158
0.67 0.230546
0.68 0.229927
0.69 0.2293
0.7 0.228665
0.71 0.228023
0.72 0.227374
0.73 0.226718
0.74 0.226055
0.75 0.225384
0.76 0.224707
0.77 0.224023
0.78 0.223332
0.79 0.222634
0.8 0.22193
0.81 0.221218
0.82 0.220501
0.83 0.219777
0.84 0.219047
0.85 0.21831
0.86 0.217567
0.87 0.216818
0.88 0.216064
0.89 0.215303
0.9 0.214536
0.91 0.213763
0.92 0.212985
0.93 0.212201
0.94 0.211412
0.95 0.210617
0.96 0.209817
0.97 0.209012
0.98 0.208201
0.99 0.207385
1 0.206564
1.01 0.205739
1.02 0.204908
1.03 0.204073
1.04 0.203232
1.05 0.202388
1.06 0.201539
1.07 0.200685
1.08 0.199827
1.09 0.198965
1.1 0.198098
1.11 0.197228
1.12 0.196353
1.13 0.195475
1.14 0.194593
1.15 0.193707
1.16 0.192817
1.17 0.191924
1.18 0.191027
1.19 0.190127
1.2 0.189224
1.21 0.188317
1.22 0.187408
1.23 0.186495
1.24 0.185579
1.25 0.184661
1.26 0.183739
1.27 0.182815
1.28 0.181889
1.29 0.18096
1.3 0.180028
1.31 0.179094
1.32 0.178158
1.33 0.17722
1.34 0.176279
1.35 0.175337
1.36 0.174393
1.37 0.173447
1.38 0.172499
1.39 0.171549
1.4 0.170598
1.41 0.169645
1.42 0.168691
1.43 0.167736
1.44 0.166779
1.45 0.165822
1.46 0.164863
1.47 0.163903
1.48 0.162942
1.49 0.161981
1.5 0.161018
1.51 0.160055
1.52 0.159092
1.53 0.158127
1.54 0.157163
1.55 0.156198
1.56 0.155233
1.57 0.154267
1.58 0.153302
1.59 0.152336
1.6 0.151371
1.61 0.150405
1.62 0.14944
1.63 0.148475
1.64 0.147511
1.65 0.146546
1.66 0.145583
1.67 0.14462
1.68 0.143657
1.69 0.142695
1.7 0.141734
1.71 0.140774
1.72 0.139815
1.73 0.138856
1.74 0.137899
1.75 0.136943
1.76 0.135988
1.77 0.135034
1.78 0.134082
1.79 0.133131
1.8 0.132181
1.81 0.131233
1.82 0.130286
1.83 0.129342
1.84 0.128398
1.85 0.127457
1.86 0.126518
1.87 0.12558
1.88 0.124644
1.89 0.123711
1.9 0.122779
1.91 0.12185
1.92 0.120922
1.93 0.119997
1.94 0.119074
1.95 0.118154
1.96 0.117236
1.97 0.116321
1.98 0.115408
1.99 0.114497
2 0.113589
2.01 0.112684
2.02 0.111782
2.03 0.110882
2.04 0.109985
2.05 0.109091
2.06 0.1082
2.07 0.107312
2.08 0.106427
2.09 0.105545
2.1 0.104666
2.11 0.10379
2.12 0.102917
2.13 0.102048
2.14 0.101182
2.15 0.100319
2.16 0.0994597
2.17 0.0986036
2.18 0.097751
2.19 0.0969018
2.2 0.0960561
2.21 0.095214
2.22 0.0943754
2.23 0.0935405
2.24 0.0927092
2.25 0.0918816
2.26 0.0910577
2.27 0.0902375
2.28 0.0894211
2.29 0.0886085
2.3 0.0877998
2.31 0.0869949
2.32 0.0861939
2.33 0.0853969
2.34 0.0846037
2.35 0.0838146
2.36 0.0830295
2.37 0.0822484
2.38 0.0814713
2.39 0.0806983
2.4 0.0799294
2.41 0.0791647
2.42 0.078404
2.43 0.0776476
2.44 0.0768953
2.45 0.0761472
2.46 0.0754034
2.47 0.0746637
2.48 0.0739284
2.49 0.0731973
2.5 0.0724705
2.51 0.071748
2.52 0.0710298
2.53 0.070316
2.54 0.0696065
2.55 0.0689013
2.56 0.0682006
2.57 0.0675042
2.58 0.0668122
2.59 0.0661246
2.6 0.0654415
2.61 0.0647627
2.62 0.0640884
2.63 0.0634185
2.64 0.0627531
2.65 0.0620921
2.66 0.0614356
2.67 0.0607836
2.68 0.060136
2.69 0.0594929
2.7 0.0588543
2.71 0.0582201
2.72 0.0575905
2.73 0.0569653
2.74 0.0563446
2.75 0.0557284
2.76 0.0551167
2.77 0.0545095
2.78 0.0539067
2.79 0.0533085
2.8 0.0527147
2.81 0.0521255
2.82 0.0515407
2.83 0.0509603
2.84 0.0503845
2.85 0.0498131
2.86 0.0492462
2.87 0.0486838
2.88 0.0481258
2.89 0.0475722
2.9 0.0470231
2.91 0.0464784
2.92 0.0459382
2.93 0.0454023
2.94 0.0448709
2.95 0.0443439
2.96 0.0438213
2.97 0.043303
2.98 0.0427891
2.99 0.0422796
3 0.0417745
3.01 0.0412737
3.02 0.0407772
3.03 0.040285
3.04 0.0397971
3.05 0.0393136
3.06 0.0388343
3.07 0.0383593
3.08 0.0378885
3.09 0.0374219
3.1 0.0369596
3.11 0.0365015
3.12 0.0360476
3.13 0.0355979
3.14 0.0351523
3.15 0.0347109
3.16 0.0342736
3.17 0.0338404
3.18 0.0334113
3.19 0.0329863
3.2 0.0325654
3.21 0.0321485
3.22 0.0317357
3.23 0.0313268
3.24 0.0309219
3.25 0.030521
3.26 0.0301241
3.27 0.0297311
3.28 0.029342
3.29 0.0289568
3.3 0.0285755
3.31 0.028198
3.32 0.0278244
3.33 0.0274546
3.34 0.0270886
3.35 0.0267263
3.36 0.0263678
3.37 0.0260131
3.38 0.025662
3.39 0.0253146
3.4 0.0249709
3.41 0.0246309
3.42 0.0242945
3.43 0.0239616
3.44 0.0236324
3.45 0.0233067
3.46 0.0229845
3.47 0.0226659
3.48 0.0223508
3.49 0.0220391
3.5 0.0217308
3.51 0.021426
3.52 0.0211246
3.53 0.0208265
3.54 0.0205318
3.55 0.0202405
3.56 0.0199524
3.57 0.0196676
3.58 0.0193861
3.59 0.0191078
3.6 0.0188327
3.61 0.0185608
3.62 0.0182921
3.63 0.0180265
3.64 0.0177641
3.65 0.0175047
3.66 0.0172484
3.67 0.0169951
3.68 0.0167449
3.69 0.0164976
3.7 0.0162533
3.71 0.016012
3.72 0.0157736
3.73 0.0155381
3.74 0.0153055
3.75 0.0150757
3.76 0.0148488
3.77 0.0146247
3.78 0.0144033
3.79 0.0141847
3.8 0.0139688
3.81 0.0137557
3.82 0.0135452
3.83 0.0133374
3.84 0.0131323
3.85 0.0129297
3.86 0.0127297
3.87 0.0125324
3.88 0.0123375
3.89 0.0121452
3.9 0.0119554
3.91 0.011768
3.92 0.0115831
3.93 0.0114006
3.94 0.0112205
3.95 0.0110429
3.96 0.0108675
3.97 0.0106945
3.98 0.0105238
3.99 0.0103554
4 0.0101893
4.01 0.0100254
4.02 0.00986377
4.03 0.00970431
4.04 0.00954702
4.05 0.00939189
4.06 0.00923889
4.07 0.00908801
4.08 0.00893921
4.09 0.00879247
4.1 0.00864779
4.11 0.00850512
4.12 0.00836446
4.13 0.00822578
4.14 0.00808905
4.15 0.00795427
4.16 0.0078214
4.17 0.00769042
4.18 0.00756133
4.19 0.00743408
4.2 0.00730867
4.21 0.00718507
4.22 0.00706327
4.23 0.00694323
4.24 0.00682495
4.25 0.0067084
4.26 0.00659356
4.27 0.00648042
4.28 0.00636895
4.29 0.00625913
4.3 0.00615094
4.31 0.00604437
4.32 0.0059394
4.33 0.005836
4.34 0.00573416
4.35 0.00563386
4.36 0.00553508
4.37 0.00543781
4.38 0.00534201
4.39 0.00524768
4.4 0.0051548
4.41 0.00506335
4.42 0.00497331
4.43 0.00488467
4.44 0.0047974
4.45 0.00471149
4.46 0.00462693
4.47 0.00454369
4.48 0.00446176
4.49 0.00438112
4.5 0.00430176
4.51 0.00422365
4.52 0.00414679
4.53 0.00407115
4.54 0.00399673
4.55 0.00392349
4.56 0.00385144
4.57 0.00378055
4.58 0.00371081
4.59 0.0036422
4.6 0.0035747
4.61 0.00350831
4.62 0.003443
4.63 0.00337877
4.64 0.0033156
4.65 0.00325346
4.66 0.00319236
4.67 0.00313227
4.68 0.00307318
4.69 0.00301508
4.7 0.00295795
4.71 0.00290178
4.72 0.00284656
4.73 0.00279227
4.74 0.00273889
4.75 0.00268643
4.76 0.00263485
4.77 0.00258416
4.78 0.00253433
4.79 0.00248536
4.8 0.00243723
4.81 0.00238993
4.82 0.00234345
4.83 0.00229778
4.84 0.0022529
4.85 0.0022088
4.86 0.00216547
4.87 0.0021229
4.88 0.00208109
4.89 0.00204
4.9 0.00199965
4.91 0.00196
4.92 0.00192107
4.93 0.00188282
4.94 0.00184526
4.95 0.00180837
4.96 0.00177214
4.97 0.00173657
4.98 0.00170163
4.99 0.00166733
5 0.00163365
5.01 0.00160058
5.02 0.00156811
5.03 0.00153624
5.04 0.00150495
5.05 0.00147423
5.06 0.00144408
5.07 0.00141449
5.08 0.00138544
5.09 0.00135693
5.1 0.00132895
5.11 0.00130149
5.12 0.00127455
5.13 0.00124811
5.14 0.00122216
5.15 0.00119671
5.16 0.00117173
5.17 0.00114723
5.18 0.00112319
5.19 0.0010996
5.2 0.00107647
5.21 0.00105378
5.22 0.00103152
5.23 0.00100969
5.24 0.000988278
5.25 0.000967279
5.26 0.000946686
5.27 0.000926491
5.28 0.000906688
5.29 0.000887271
5.3 0.000868232
5.31 0.000849566
5.32 0.000831265
5.33 0.000813323
5.34 0.000795734
5.35 0.000778493
5.36 0.000761592
5.37 0.000745026
5.38 0.00072879
5.39 0.000712876
5.4 0.00069728
5.41 0.000681996
5.42 0.000667018
5.43 0.000652342
5.44 0.000637961
5.45 0.00062387
5.46 0.000610064
5.47 0.000596538
5.48 0.000583286
5.49 0.000570305
5.5 0.000557589
5.51 0.000545132
5.52 0.000532931
5.53 0.000520981
5.54 0.000509277
5.55 0.000497814
5.56 0.000486588
5.57 0.000475595
5.58 0.000464831
5.59 0.00045429
5.6 0.00044397
5.61 0.000433865
5.62 0.000423972
5.63 0.000414286
5.64 0.000404805
5.65 0.000395523
5.66 0.000386438
5.67 0.000377545
5.68 0.000368841
5.69 0.000360322
5.7 0.000351984
5.71 0.000343825
5.72 0.00033584
5.73 0.000328027
5.74 0.000320381
5.75 0.000312901
5.76 0.000305581
5.77 0.00029842
5.78 0.000291415
5.79 0.000284561
5.8 0.000277857
5.81 0.000271299
5.82 0.000264884
5.83 0.00025861
5.84 0.000252474
5.85 0.000246472
5.86 0.000240603
5.87 0.000234863
5.88 0.000229251
5.89 0.000223763
5.9 0.000218396
5.91 0.00021315
5.92 0.00020802
5.93 0.000203005
5.94 0.000198102
5.95 0.00019331
5.96 0.000188625
5.97 0.000184046
5.98 0.00017957
5.99 0.000175196
