-6 0.00352706
-5.99 0.00359115
-5.98 0.00365624
-5.97 0.00372234
-5.96 0.00378947
-5.95 0.00385763
-5.94 0.00392685
-5.93 0.00399712
-5.92 0.00406847
-5.91 0.00414091
-5.9 0.00421445
-5.89 0.0042891
-5.88 0.00436488
-5.87 0.0044418
-5.86 0.00451987
-5.85 0.0045991
-5.84 0.00467952
-5.83 0.00476112
-5.82 0.00484394
-5.81 0.00492797
-5.8 0.00501323
-5.79 0.00509974
-5.78 0.00518751
-5.77 0.00527655
-5.76 0.00536688
-5.75 0.00545851
-5.74 0.00555146
-5.73 0.00564573
-5.72 0.00574135
-5.71 0.00583833
-5.7 0.00593667
-5.69 0.0060364
-5.68 0.00613754
-5.67 0.00624008
-5.66 0.00634406
-5.65 0.00644947
-5.64 0.00655635
-5.63 0.00666469
-5.62 0.00677452
-5.61 0.00688585
-5.6 0.0069987
-5.59 0.00711308
-5.58 0.007229
-5.57 0.00734648
-5.56 0.00746553
-5.55 0.00758618
-5.54 0.00770842
-5.53 0.00783229
-5.52 0.00795778
-5.51 0.00808493
-5.5 0.00821374
-5.49 0.00834422
-5.48 0.0084764
-5.47 0.00861028
-5.46 0.00874589
-5.45 0.00888323
-5.44 0.00902232
-5.43 0.00916318
-5.42 0.00930582
-5.41 0.00945026
-5.4 0.00959651
-5.39 0.00974458
-5.38 0.00989449
-5.37 0.0100463
-5.36 0.0101999
-5.35 0.0103554
-5.34 0.0105128
-5.33 0.0106722
-5.32 0.0108334
-5.31 0.0109967
-5.3 0.0111618
-5.29 0.011329
-5.28 0.0114981
-5.27 0.0116692
-5.26 0.0118423
-5.25 0.0120175
-5.24 0.0121947
-5.23 0.012374
-5.22 0.0125553
-5.21 0.0127388
-5.2 0.0129243
-5.19 0.0131119
-5.18 0.0133017
-5.17 0.0134936
-5.16 0.0136876
-5.15 0.0138839
-5.14 0.0140823
-5.13 0.0142829
-5.12 0.0144857
-5.11 0.0146907
-5.1 0.014898
-5.09 0.0151075
-5.08 0.0153192
-5.07 0.0155333
-5.06 0.0157496
-5.05 0.0159682
-5.04 0.0161891
-5.03 0.0164124
-5.02 0.016638
-5.01 0.0168659
-5 0.0170961
-4.99 0.0173288
-4.98 0.0175638
-4.97 0.0178012
-4.96 0.018041
-4.95 0.0182832
-4.94 0.0185278
-4.93 0.0187749
-4.92 0.0190244
-4.91 0.0192764
-4.9 0.0195308
-4.89 0.0197877
-4.88 0.020047
-4.87 0.0203089
-4.86 0.0205732
-4.85 0.0208401
-4.84 0.0211094
-4.83 0.0213813
-4.82 0.0216557
-4.81 0.0219327
-4.8 0.0222122
-4.79 0.0224942
-4.78 0.0227789
-4.77 0.023066
-4.76 0.0233558
-4.75 0.0236481
-4.74 0.023943
-4.73 0.0242405
-4.72 0.0245406
-4.71 0.0248433
-4.7 0.0251487
-4.69 0.0254566
-4.68 0.0257671
-4.67 0.0260803
-4.66 0.026396
-4.65 0.0267144
-4.64 0.0270354
-4.63 0.0273591
-4.62 0.0276854
-4.61 0.0280143
-4.6 0.0283459
-4.59 0.0286801
-4.58 0.0290169
-4.57 0.0293564
-4.56 0.0296985
-4.55 0.0300432
-4.54 0.0303906
-4.53 0.0307407
-4.52 0.0310934
-4.51 0.0314487
-4.5 0.0318066
-4.49 0.0321672
-4.48 0.0325304
-4.47 0.0328962
-4.46 0.0332647
-4.45 0.0336357
-4.44 0.0340094
-4.43 0.0343857
-4.42 0.0347646
-4.41 0.0351461
-4.4 0.0355302
-4.39 0.0359169
-4.38 0.0363062
-4.37 0.0366981
-4.36 0.0370925
-4.35 0.0374894
-4.34 0.037889
-4.33 0.038291
-4.32 0.0386956
-4.31 0.0391028
-4.3 0.0395124
-4.29 0.0399246
-4.28 0.0403392
-4.27 0.0407563
-4.26 0.0411759
-4.25 0.041598
-4.24 0.0420225
-4.23 0.0424494
-4.22 0.0428787
-4.21 0.0433105
-4.2 0.0437446
-4.19 0.0441811
-4.18 0.04462
-4.17 0.0450612
-4.16 0.0455048
-4.15 0.0459506
-4.14 0.0463988
-4.13 0.0468492
-4.12 0.0473019
-4.11 0.0477568
-4.1 0.048214
-4.09 0.0486733
-4.08 0.0491349
-4.07 0.0495986
-4.06 0.0500644
-4.05 0.0505323
-4.04 0.0510024
-4.03 0.0514745
-4.02 0.0519486
-4.01 0.0524248
-4 0.052903
-3.99 0.0533832
-3.98 0.0538653
-3.97 0.0543494
-3.96 0.0548354
-3.95 0.0553232
-3.94 0.0558129
-3.93 0.0563044
-3.92 0.0567977
-3.91 0.0572928
-3.9 0.0577896
-3.89 0.0582881
-3.88 0.0587883
-3.87 0.0592901
-3.86 0.0597936
-3.85 0.0602987
-3.84 0.0608053
-3.83 0.0613134
-3.82 0.0618231
-3.81 0.0623342
-3.8 0.0628467
-3.79 0.0633606
-3.78 0.0638759
-3.77 0.0643925
-3.76 0.0649104
-3.75 0.0654296
-3.74 0.06595
-3.73 0.0664715
-3.72 0.0669942
-3.71 0.0675181
-3.7 0.068043
-3.69 0.0685689
-3.68 0.0690958
-3.67 0.0696237
-3.66 0.0701525
-3.65 0.0706822
-3.64 0.0712127
-3.63 0.0717441
-3.62 0.0722761
-3.61 0.0728089
-3.6 0.0733424
-3.59 0.0738766
-3.58 0.0744113
-3.57 0.0749465
-3.56 0.0754823
-3.55 0.0760186
-3.54 0.0765552
-3.53 0.0770923
-3.52 0.0776297
-3.51 0.0781673
-3.5 0.0787053
-3.49 0.0792434
-3.48 0.0797817
-3.47 0.0803201
-3.46 0.0808585
-3.45 0.081397
-3.44 0.0819355
-3.43 0.0824738
-3.42 0.0830121
-3.41 0.0835502
-3.4 0.0840881
-3.39 0.0846257
-3.38 0.085163
-3.37 0.0857
-3.36 0.0862365
-3.35 0.0867726
-3.34 0.0873082
-3.33 0.0878433
-3.32 0.0883777
-3.31 0.0889115
-3.3 0.0894446
-3.29 0.089977
-3.28 0.0905086
-3.27 0.0910393
-3.26 0.0915691
-3.25 0.092098
-3.24 0.0926259
-3.23 0.0931527
-3.22 0.0936785
-3.21 0.0942031
-3.2 0.0947265
-3.19 0.0952487
-3.18 0.0957696
-3.17 0.0962891
-3.16 0.0968073
-3.15 0.097324
-3.14 0.0978392
-3.13 0.0983529
-3.12 0.098865
-3.11 0.0993754
-3.1 0.0998842
-3.09 0.100391
-3.08 0.100896
-3.07 0.1014
-3.06 0.101901
-3.05 0.102401
-3.04 0.102898
-3.03 0.103394
-3.02 0.103887
-3.01 0.104378
-3 0.104868
-2.99 0.105354
-2.98 0.105839
-2.97 0.106321
-2.96 0.106801
-2.95 0.107278
-2.94 0.107753
-2.93 0.108226
-2.92 0.108696
-2.91 0.109163
-2.9 0.109627
-2.89 0.110089
-2.88 0.110548
-2.87 0.111005
-2.86 0.111458
-2.85 0.111909
-2.84 0.112356
-2.83 0.112801
-2.82 0.113243
-2.81 0.113681
-2.8 0.114117
-2.79 0.114549
-2.78 0.114978
-2.77 0.115404
-2.76 0.115826
-2.75 0.116245
-2.74 0.116661
-2.73 0.117074
-2.72 0.117483
-2.71 0.117888
-2.7 0.11829
-2.69 0.118688
-2.68 0.119083
-2.67 0.119474
-2.66 0.119862
-2.65 0.120246
-2.64 0.120626
-2.63 0.121002
-2.62 0.121374
-2.61 0.121743
-2.6 0.122107
-2.59 0.122468
-2.58 0.122825
-2.57 0.123178
-2.56 0.123526
-2.55 0.123871
-2.54 0.124212
-2.53 0.124548
-2.52 0.124881
-2.51 0.125209
-2.5 0.125533
-2.49 0.125853
-2.48 0.126168
-2.47 0.12648
-2.46 0.126787
-2.45 0.127089
-2.44 0.127387
-2.43 0.127681
-2.42 0.127971
-2.41 0.128256
-2.4 0.128537
-2.39 0.128813
-2.38 0.129085
-2.37 0.129352
-2.36 0.129615
-2.35 0.129873
-2.34 0.130127
-2.33 0.130376
-2.32 0.130621
-2.31 0.130861
-2.3 0.131096
-2.29 0.131327
-2.28 0.131553
-2.27 0.131775
-2.26 0.131991
-2.25 0.132204
-2.24 0.132411
-2.23 0.132614
-2.22 0.132813
-2.21 0.133006
-2.2 0.133195
-2.19 0.133379
-2.18 0.133559
-2.17 0.133734
-2.16 0.133904
-2.15 0.134069
-2.14 0.13423
-2.13 0.134386
-2.12 0.134537
-2.11 0.134684
-2.1 0.134826
-2.09 0.134963
-2.08 0.135096
-2.07 0.135224
-2.06 0.135347
-2.05 0.135466
-2.04 0.13558
-2.03 0.135689
-2.02 0.135794
-2.01 0.135894
-2 0.135989
-1.99 0.13608
-1.98 0.136166
-1.97 0.136248
-1.96 0.136325
-1.95 0.136398
-1.94 0.136466
-1.93 0.13653
-1.92 0.136589
-1.91 0.136644
-1.9 0.136694
-1.89 0.13674
-1.88 0.136781
-1.87 0.136818
-1.86 0.136851
-1.85 0.136879
-1.84 0.136903
-1.83 0.136923
-1.82 0.136939
-1.81 0.13695
-1.8 0.136957
-1.79 0.13696
-1.78 0.136959
-1.77 0.136953
-1.76 0.136944
-1.75 0.136931
-1.74 0.136913
-1.73 0.136892
-1.72 0.136866
-1.71 0.136837
-1.7 0.136804
-1.69 0.136767
-1.68 0.136726
-1.67 0.136681
-1.66 0.136633
-1.65 0.13658
-1.64 0.136525
-1.63 0.136465
-1.62 0.136402
-1.61 0.136336
-1.6 0.136266
-1.59 0.136193
-1.58 0.136116
-1.57 0.136035
-1.56 0.135952
-1.55 0.135865
-1.54 0.135775
-1.53 0.135682
-1.52 0.135585
-1.51 0.135486
-1.5 0.135383
-1.49 0.135278
-1.48 0.135169
-1.47 0.135058
-1.46 0.134943
-1.45 0.134826
-1.44 0.134707
-1.43 0.134584
-1.42 0.134459
-1.41 0.134331
-1.4 0.1342
-1.39 0.134067
-1.38 0.133932
-1.37 0.133794
-1.36 0.133654
-1.35 0.133512
-1.34 0.133367
-1.33 0.13322
-1.32 0.133071
-1.31 0.13292
-1.3 0.132767
-1.29 0.132612
-1.28 0.132455
-1.27 0.132296
-1.26 0.132135
-1.25 0.131973
-1.24 0.131809
-1.23 0.131643
-1.22 0.131475
-1.21 0.131306
-1.2 0.131136
-1.19 0.130964
-1.18 0.130791
-1.17 0.130617
-1.16 0.130441
-1.15 0.130264
-1.14 0.130086
-1.13 0.129907
-1.12 0.129727
-1.11 0.129545
-1.1 0.129363
-1.09 0.129181
-1.08 0.128997
-1.07 0.128812
-1.06 0.128627
-1.05 0.128442
-1.04 0.128255
-1.03 0.128069
-1.02 0.127881
-1.01 0.127694
-1 0.127506
-0.99 0.127317
-0.98 0.127129
-0.97 0.12694
-0.96 0.126752
-0.95 0.126563
-0.94 0.126374
-0.93 0.126185
-0.92 0.125996
-0.91 0.125808
-0.9 0.12562
-0.89 0.125432
-0.88 0.125244
-0.87 0.125057
-0.86 0.12487
-0.85 0.124683
-0.84 0.124497
-0.83 0.124312
-0.82 0.124127
-0.81 0.123944
-0.8 0.12376
-0.79 0.123578
-0.78 0.123396
-0.77 0.123216
-0.76 0.123036
-0.75 0.122857
-0.74 0.12268
-0.73 0.122503
-0.72 0.122328
-0.71 0.122154
-0.7 0.121981
-0.69 0.121809
-0.68 0.121639
-0.67 0.12147
-0.66 0.121302
-0.65 0.121136
-0.64 0.120972
-0.63 0.120809
-0.62 0.120647
-0.61 0.120488
-0.6 0.12033
-0.59 0.120173
-0.58 0.120019
-0.57 0.119866
-0.56 0.119716
-0.55 0.119567
-0.54 0.11942
-0.53 0.119275
-0.52 0.119132
-0.51 0.118991
-0.5 0.118852
-0.49 0.118716
-0.48 0.118581
-0.47 0.118449
-0.46 0.118319
-0.45 0.118191
-0.44 0.118066
-0.43 0.117942
-0.42 0.117822
-0.41 0.117703
-0.4 0.117587
-0.39 0.117474
-0.38 0.117363
-0.37 0.117254
-0.36 0.117149
-0.35 0.117045
-0.34 0.116945
-0.33 0.116846
-0.32 0.116751
-0.31 0.116658
-0.3 0.116568
-0.29 0.116481
-0.28 0.116396
-0.27 0.116314
-0.26 0.116235
-0.25 0.116159
-0.24 0.116086
-0.23 0.116015
-0.22 0.115948
-0.21 0.115883
-0.2 0.115821
-0.19 0.115762
-0.18 0.115706
-0.17 0.115653
-0.16 0.115603
-0.15 0.115556
-0.14 0.115511
-0.13 0.11547
-0.12 0.115432
-0.11 0.115397
-0.1 0.115365
-0.09 0.115336
-0.08 0.11531
-0.07 0.115287
-0.06 0.115267
-0.05 0.11525
-0.04 0.115236
-0.03 0.115225
-0.02 0.115218
-0.01 0.115213
0 0.115212
0.01 0.115213
0.02 0.115218
0.03 0.115225
0.04 0.115236
0.05 0.11525
0.06 0.115267
0.07 0.115287
0.08 0.11531
0.09 0.115336
0.1 0.115365
0.11 0.115397
0.12 0.115432
0.13 0.11547
0.14 0.115511
0.15 0.115556
0.16 0.115603
0.17 0.115653
0.18 0.115706
0.19 0.115762
0.2 0.115821
0.21 0.115883
0.22 0.115948
0.23 0.116015
0.24 0.116086
0.25 0.116159
0.26 0.116235
0.27 0.116314
0.28 0.116396
0.29 0.116481
0.3 0.116568
0.31 0.116658
0.32 0.116751
0.33 0.116846
0.34 0.116945
0.35 0.117045
0.36 0.117149
0.37 0.117254
0.38 0.117363
0.39 0.117474
0.4 0.117587
0.41 0.117703
0.42 0.117822
0.43 0.117942
0.44 0.118066
0.45 0.118191
0.46 0.118319
0.47 0.118449
0.48 0.118581
0.49 0.118716
0.5 0.118852
0.51 0.118991
0.52 0.119132
0.53 0.119275
0.54 0.11942
0.55 0.119567
0.56 0.119716
0.57 0.119866
0.58 0.120019
0.59 0.120173
0.6 0.12033
0.61 0.120488
0.62 0.120647
0.63 0.120809
0.64 0.120972
0.65 0.121136
0.66 0.121302
0.67 0.12147
0.68 0.121639
0.69 0.121809
0.7 0.121981
0.71 0.122154
0.72 0.122328
0.73 0.122503
0.74 0.12268
0.75 0.122857
0.76 0.123036
0.77 0.123216
0.78 0.123396
0.79 0.123578
0.8 0.12376
0.81 0.123944
0.82 0.124127
0.83 0.124312
0.84 0.124497
0.85 0.124683
0.86 0.12487
0.87 0.125057
0.88 0.125244
0.89 0.125432
0.9 0.12562
0.91 0.125808
0.92 0.125996
0.93 0.126185
0.94 0.126374
0.95 0.126563
0.96 0.126752
0.97 0.12694
0.98 0.127129
0.99 0.127317
1 0.127506
1.01 0.127694
1.02 0.127881
1.03 0.128069
1.04 0.128255
1.05 0.128442
1.06 0.128627
1.07 0.128812
1.08 0.128997
1.09 0.129181
1.1 0.129363
1.11 0.129545
1.12 0.129727
1.13 0.129907
1.14 0.130086
1.15 0.130264
1.16 0.130441
1.17 0.130617
1.18 0.130791
1.19 0.130964
1.2 0.131136
1.21 0.131306
1.22 0.131475
1.23 0.131643
1.24 0.131809
1.25 0.131973
1.26 0.132135
1.27 0.132296
1.28 0.132455
1.29 0.132612
1.3 0.132767
1.31 0.13292
1.32 0.133071
1.33 0.13322
1.34 0.133367
1.35 0.133512
1.36 0.133654
1.37 0.133794
1.38 0.133932
1.39 0.134067
1.4 0.1342
1.41 0.134331
1.42 0.134459
1.43 0.134584
1.44 0.134707
1.45 0.134826
1.46 0.134943
1.47 0.135058
1.48 0.135169
1.49 0.135278
1.5 0.135383
1.51 0.135486
1.52 0.135585
1.53 0.135682
1.54 0.135775
1.55 0.135865
1.56 0.135952
1.57 0.136035
1.58 0.136116
1.59 0.136193
1.6 0.136266
1.61 0.136336
1.62 0.136402
1.63 0.136465
1.64 0.136525
1.65 0.13658
1.66 0.136633
1.67 0.136681
1.68 0.136726
1.69 0.136767
1.7 0.136804
1.71 0.136837
1.72 0.136866
1.73 0.136892
1.74 0.136913
1.75 0.136931
1.76 0.136944
1.77 0.136953
1.78 0.136959
1.79 0.13696
1.8 0.136957
1.81 0.13695
1.82 0.136939
1.83 0.136923
1.84 0.136903
1.85 0.136879
1.86 0.136851
1.87 0.136818
1.88 0.136781
1.89 0.13674
1.9 0.136694
1.91 0.136644
1.92 0.136589
1.93 0.13653
1.94 0.136466
1.95 0.136398
1.96 0.136325
1.97 0.136248
1.98 0.136166
1.99 0.13608
2 0.135989
2.01 0.135894
2.02 0.135794
2.03 0.135689
2.04 0.13558
2.05 0.135466
2.06 0.135347
2.07 0.135224
2.08 0.135096
2.09 0.134963
2.1 0.134826
2.11 0.134684
2.12 0.134537
2.13 0.134386
2.14 0.13423
2.15 0.134069
2.16 0.133904
2.17 0.133734
2.18 0.133559
2.19 0.133379
2.2 0.133195
2.21 0.133006
2.22 0.132813
2.23 0.132614
2.24 0.132411
2.25 0.132204
2.26 0.131991
2.27 0.131775
2.28 0.131553
2.29 0.131327
2.3 0.131096
2.31 0.130861
2.32 0.130621
2.33 0.130376
2.34 0.130127
2.35 0.129873
2.36 0.129615
2.37 0.129352
2.38 0.129085
2.39 0.128813
2.4 0.128537
2.41 0.128256
2.42 0.127971
2.43 0.127681
2.44 0.127387
2.45 0.127089
2.46 0.126787
2.47 0.12648
2.48 0.126168
2.49 0.125853
2.5 0.125533
2.51 0.125209
2.52 0.124881
2.53 0.124548
2.54 0.124212
2.55 0.123871
2.56 0.123526
2.57 0.123178
2.58 0.122825
2.59 0.122468
2.6 0.122107
2.61 0.121743
2.62 0.121374
2.63 0.121002
2.64 0.120626
2.65 0.120246
2.66 0.119862
2.67 0.119474
2.68 0.119083
2.69 0.118688
2.7 0.11829
2.71 0.117888
2.72 0.117483
2.73 0.117074
2.74 0.116661
2.75 0.116245
2.76 0.115826
2.77 0.115404
2.78 0.114978
2.79 0.114549
2.8 0.114117
2.81 0.113681
2.82 0.113243
2.83 0.112801
2.84 0.112356
2.85 0.111909
2.86 0.111458
2.87 0.111005
2.88 0.110548
2.89 0.110089
2.9 0.109627
2.91 0.109163
2.92 0.108696
2.93 0.108226
2.94 0.107753
2.95 0.107278
2.96 0.106801
2.97 0.106321
2.98 0.105839
2.99 0.105354
3 0.104868
3.01 0.104378
3.02 0.103887
3.03 0.103394
3.04 0.102898
3.05 0.102401
3.06 0.101901
3.07 0.1014
3.08 0.100896
3.09 0.100391
3.1 0.0998842
3.11 0.0993754
3.12 0.098865
3.13 0.0983529
3.14 0.0978392
3.15 0.097324
3.16 0.0968073
3.17 0.0962891
3.18 0.0957696
3.19 0.0952487
3.2 0.0947265
3.21 0.0942031
3.22 0.0936785
3.23 0.0931527
3.24 0.0926259
3.25 0.092098
3.26 0.0915691
3.27 0.0910393
3.28 0.0905086
3.29 0.089977
3.3 0.0894446
3.31 0.0889115
3.32 0.0883777
3.33 0.0878433
3.34 0.0873082
3.35 0.0867726
3.36 0.0862365
3.37 0.0857
3.38 0.085163
3.39 0.0846257
3.4 0.0840881
3.41 0.0835502
3.42 0.0830121
3.43 0.0824738
3.44 0.0819355
3.45 0.081397
3.46 0.0808585
3.47 0.0803201
3.48 0.0797817
3.49 0.0792434
3.5 0.0787053
3.51 0.0781673
3.52 0.0776297
3.53 0.0770923
3.54 0.0765552
3.55 0.0760186
3.56 0.0754823
3.57 0.0749465
3.58 0.0744113
3.59 0.0738766
3.6 0.0733424
3.61 0.0728089
3.62 0.0722761
3.63 0.0717441
3.64 0.0712127
3.65 0.0706822
3.66 0.0701525
3.67 0.0696237
3.68 0.0690958
3.69 0.0685689
3.7 0.068043
3.71 0.0675181
3.72 0.0669942
3.73 0.0664715
3.74 0.06595
3.75 0.0654296
3.76 0.0649104
3.77 0.0643925
3.78 0.0638759
3.79 0.0633606
3.8 0.0628467
3.81 0.0623342
3.82 0.0618231
3.83 0.0613134
3.84 0.0608053
3.85 0.0602987
3.86 0.0597936
3.87 0.0592901
3.88 0.0587883
3.89 0.0582881
3.9 0.0577896
3.91 0.0572928
3.92 0.0567977
3.93 0.0563044
3.94 0.0558129
3.95 0.0553232
3.96 0.0548354
3.97 0.0543494
3.98 0.0538653
3.99 0.0533832
4 0.052903
4.01 0.0524248
4.02 0.0519486
4.03 0.0514745
4.04 0.0510024
4.05 0.0505323
4.06 0.0500644
4.07 0.0495986
4.08 0.0491349
4.09 0.0486733
4.1 0.048214
4.11 0.0477568
4.12 0.0473019
4.13 0.0468492
4.14 0.0463988
4.15 0.0459506
4.16 0.0455048
4.17 0.0450612
4.18 0.04462
4.19 0.0441811
4.2 0.0437446
4.21 0.0433105
4.22 0.0428787
4.23 0.0424494
4.24 0.0420225
4.25 0.041598
4.26 0.0411759
4.27 0.0407563
4.28 0.0403392
4.29 0.0399246
4.3 0.0395124
4.31 0.0391028
4.32 0.0386956
4.33 0.038291
4.34 0.037889
4.35 0.0374894
4.36 0.0370925
4.37 0.0366981
4.38 0.0363062
4.39 0.0359169
4.4 0.0355302
4.41 0.0351461
4.42 0.0347646
4.43 0.0343857
4.44 0.0340094
4.45 0.0336357
4.46 0.0332647
4.47 0.0328962
4.48 0.0325304
4.49 0.0321672
4.5 0.0318066
4.51 0.0314487
4.52 0.0310934
4.53 0.0307407
4.54 0.0303906
4.55 0.0300432
4.56 0.0296985
4.57 0.0293564
4.58 0.0290169
4.59 0.0286801
4.6 0.0283459
4.61 0.0280143
4.62 0.0276854
4.63 0.0273591
4.64 0.0270354
4.65 0.0267144
4.66 0.026396
4.67 0.0260803
4.68 0.0257671
4.69 0.0254566
4.7 0.0251487
4.71 0.0248433
4.72 0.0245406
4.73 0.0242405
4.74 0.023943
4.75 0.0236481
4.76 0.0233558
4.77 0.023066
4.78 0.0227789
4.79 0.0224942
4.8 0.0222122
4.81 0.0219327
4.82 0.0216557
4.83 0.0213813
4.84 0.0211094
4.85 0.0208401
4.86 0.0205732
4.87 0.0203089
4.88 0.020047
4.89 0.0197877
4.9 0.0195308
4.91 0.0192764
4.92 0.0190244
4.93 0.0187749
4.94 0.0185278
4.95 0.0182832
4.96 0.018041
4.97 0.0178012
4.98 0.0175638
4.99 0.0173288
5 0.0170961
5.01 0.0168659
5.02 0.016638
5.03 0.0164124
5.04 0.0161891
5.05 0.0159682
5.06 0.0157496
5.07 0.0155333
5.08 0.0153192
5.09 0.0151075
5.1 0.014898
5.11 0.0146907
5.12 0.0144857
5.13 0.0142829
5.14 0.0140823
5.15 0.0138839
5.16 0.0136876
5.17 0.0134936
5.18 0.0133017
5.19 0.0131119
5.2 0.0129243
5.21 0.0127388
5.22 0.0125553
5.23 0.012374
5.24 0.0121947
5.25 0.0120175
5.26 0.0118423
5.27 0.0116692
5.28 0.0114981
5.29 0.011329
5.3 0.0111618
5.31 0.0109967
5.32 0.0108334
5.33 0.0106722
5.34 0.0105128
5.35 0.0103554
5.36 0.0101999
5.37 0.0100463
5.38 0.00989449
5.39 0.00974458
5.4 0.00959651
5.41 0.00945026
5.42 0.00930582
5.43 0.00916318
5.44 0.00902232
5.45 0.00888323
5.46 0.00874589
5.47 0.00861028
5.48 0.0084764
5.49 0.00834422
5.5 0.00821374
5.51 0.00808493
5.52 0.00795778
5.53 0.00783229
5.54 0.00770842
5.55 0.00758618
5.56 0.00746553
5.57 0.00734648
5.58 0.007229
5.59 0.00711308
5.6 0.0069987
5.61 0.00688585
5.62 0.00677452
5.63 0.00666469
5.64 0.00655635
5.65 0.00644947
5.66 0.00634406
5.67 0.00624008
5.68 0.00613754
5.69 0.0060364
5.7 0.00593667
5.71 0.00583833
5.72 0.00574135
5.73 0.00564573
5.74 0.00555146
5.75 0.00545851
5.76 0.00536688
5.77 0.00527655
5.78 0.00518751
5.79 0.00509974
5.8 0.00501323
5.81 0.00492797
5.82 0.00484394
5.83 0.00476112
5.84 0.00467952
5.85 0.0045991
5.86 0.00451987
5.87 0.0044418
5.88 0.00436488
5.89 0.0042891
5.9 0.00421445
5.91 0.00414091
5.92 0.00406847
5.93 0.00399712
5.94 0.00392685
5.95 0.00385763
5.96 0.00378947
5.97 0.00372234
5.98 0.00365624
5.99 0.00359115
