-6 0.00348648
-5.99 0.00355001
-5.98 0.00361453
-5.97 0.00368006
-5.96 0.00374661
-5.95 0.00381419
-5.94 0.00388281
-5.93 0.00395249
-5.92 0.00402325
-5.91 0.00409508
-5.9 0.00416802
-5.89 0.00424206
-5.88 0.00431722
-5.87 0.00439352
-5.86 0.00447096
-5.85 0.00454957
-5.84 0.00462935
-5.83 0.00471032
-5.82 0.00479249
-5.81 0.00487588
-5.8 0.00496049
-5.79 0.00504635
-5.78 0.00513346
-5.77 0.00522184
-5.76 0.00531151
-5.75 0.00540247
-5.74 0.00549475
-5.73 0.00558835
-5.72 0.00568329
-5.71 0.00577958
-5.7 0.00587725
-5.69 0.00597629
-5.68 0.00607673
-5.67 0.00617858
-5.66 0.00628186
-5.65 0.00638658
-5.64 0.00649275
-5.63 0.00660039
-5.62 0.00670952
-5.61 0.00682015
-5.6 0.00693228
-5.59 0.00704595
-5.58 0.00716116
-5.57 0.00727792
-5.56 0.00739626
-5.55 0.00751619
-5.54 0.00763772
-5.53 0.00776086
-5.52 0.00788564
-5.51 0.00801207
-5.5 0.00814015
-5.49 0.00826992
-5.48 0.00840137
-5.47 0.00853454
-5.46 0.00866942
-5.45 0.00880604
-5.44 0.00894442
-5.43 0.00908456
-5.42 0.00922649
-5.41 0.00937021
-5.4 0.00951574
-5.39 0.0096631
-5.38 0.00981231
-5.37 0.00996337
-5.36 0.0101163
-5.35 0.0102711
-5.34 0.0104278
-5.33 0.0105865
-5.32 0.0107471
-5.31 0.0109096
-5.3 0.0110741
-5.29 0.0112405
-5.28 0.011409
-5.27 0.0115794
-5.26 0.0117519
-5.25 0.0119264
-5.24 0.0121029
-5.23 0.0122816
-5.22 0.0124623
-5.21 0.0126451
-5.2 0.01283
-5.19 0.013017
-5.18 0.0132061
-5.17 0.0133974
-5.16 0.0135909
-5.15 0.0137865
-5.14 0.0139843
-5.13 0.0141844
-5.12 0.0143866
-5.11 0.0145911
-5.1 0.0147978
-5.09 0.0150068
-5.08 0.015218
-5.07 0.0154316
-5.06 0.0156474
-5.05 0.0158655
-5.04 0.016086
-5.03 0.0163088
-5.02 0.0165339
-5.01 0.0167614
-5 0.0169912
-4.99 0.0172235
-4.98 0.0174581
-4.97 0.0176951
-4.96 0.0179346
-4.95 0.0181765
-4.94 0.0184208
-4.93 0.0186675
-4.92 0.0189168
-4.91 0.0191684
-4.9 0.0194226
-4.89 0.0196793
-4.88 0.0199384
-4.87 0.0202001
-4.86 0.0204643
-4.85 0.020731
-4.84 0.0210002
-4.83 0.021272
-4.82 0.0215463
-4.81 0.0218232
-4.8 0.0221027
-4.79 0.0223848
-4.78 0.0226694
-4.77 0.0229566
-4.76 0.0232464
-4.75 0.0235389
-4.74 0.0238339
-4.73 0.0241316
-4.72 0.0244318
-4.71 0.0247347
-4.7 0.0250403
-4.69 0.0253485
-4.68 0.0256593
-4.67 0.0259728
-4.66 0.0262889
-4.65 0.0266077
-4.64 0.0269292
-4.63 0.0272533
-4.62 0.02758
-4.61 0.0279095
-4.6 0.0282416
-4.59 0.0285764
-4.58 0.0289139
-4.57 0.029254
-4.56 0.0295969
-4.55 0.0299424
-4.54 0.0302905
-4.53 0.0306414
-4.52 0.0309949
-4.51 0.0313512
-4.5 0.03171
-4.49 0.0320716
-4.48 0.0324359
-4.47 0.0328028
-4.46 0.0331723
-4.45 0.0335446
-4.44 0.0339195
-4.43 0.034297
-4.42 0.0346772
-4.41 0.0350601
-4.4 0.0354456
-4.39 0.0358337
-4.38 0.0362245
-4.37 0.0366179
-4.36 0.0370139
-4.35 0.0374125
-4.34 0.0378137
-4.33 0.0382175
-4.32 0.0386239
-4.31 0.0390329
-4.3 0.0394445
-4.29 0.0398586
-4.28 0.0402752
-4.27 0.0406944
-4.26 0.0411162
-4.25 0.0415404
-4.24 0.0419671
-4.23 0.0423964
-4.22 0.0428281
-4.21 0.0432622
-4.2 0.0436989
-4.19 0.0441379
-4.18 0.0445794
-4.17 0.0450233
-4.16 0.0454696
-4.15 0.0459182
-4.14 0.0463692
-4.13 0.0468226
-4.12 0.0472782
-4.11 0.0477362
-4.1 0.0481965
-4.09 0.048659
-4.08 0.0491238
-4.07 0.0495908
-4.06 0.05006
-4.05 0.0505314
-4.04 0.051005
-4.03 0.0514807
-4.02 0.0519585
-4.01 0.0524384
-4 0.0529204
-3.99 0.0534045
-3.98 0.0538906
-3.97 0.0543787
-3.96 0.0548687
-3.95 0.0553607
-3.94 0.0558547
-3.93 0.0563505
-3.92 0.0568482
-3.91 0.0573477
-3.9 0.0578491
-3.89 0.0583522
-3.88 0.0588571
-3.87 0.0593637
-3.86 0.0598721
-3.85 0.0603821
-3.84 0.0608937
-3.83 0.0614069
-3.82 0.0619217
-3.81 0.062438
-3.8 0.0629559
-3.79 0.0634752
-3.78 0.063996
-3.77 0.0645181
-3.76 0.0650417
-3.75 0.0655666
-3.74 0.0660927
-3.73 0.0666202
-3.72 0.0671488
-3.71 0.0676787
-3.7 0.0682097
-3.69 0.0687418
-3.68 0.069275
-3.67 0.0698093
-3.66 0.0703445
-3.65 0.0708807
-3.64 0.0714178
-3.63 0.0719559
-3.62 0.0724947
-3.61 0.0730343
-3.6 0.0735748
-3.59 0.0741159
-3.58 0.0746577
-3.57 0.0752001
-3.56 0.0757431
-3.55 0.0762867
-3.54 0.0768307
-3.53 0.0773753
-3.52 0.0779202
-3.51 0.0784655
-3.5 0.0790111
-3.49 0.079557
-3.48 0.0801032
-3.47 0.0806495
-3.46 0.081196
-3.45 0.0817426
-3.44 0.0822892
-3.43 0.0828358
-3.42 0.0833824
-3.41 0.0839289
-3.4 0.0844752
-3.39 0.0850213
-3.38 0.0855673
-3.37 0.0861129
-3.36 0.0866582
-3.35 0.0872031
-3.34 0.0877476
-3.33 0.0882916
-3.32 0.088835
-3.31 0.0893779
-3.3 0.0899201
-3.29 0.0904617
-3.28 0.0910025
-3.27 0.0915426
-3.26 0.0920818
-3.25 0.0926201
-3.24 0.0931575
-3.23 0.0936939
-3.22 0.0942293
-3.21 0.0947636
-3.2 0.0952967
-3.19 0.0958287
-3.18 0.0963594
-3.17 0.0968888
-3.16 0.0974169
-3.15 0.0979436
-3.14 0.0984688
-3.13 0.0989925
-3.12 0.0995147
-3.11 0.100035
-3.1 0.100554
-3.09 0.101071
-3.08 0.101587
-3.07 0.102101
-3.06 0.102612
-3.05 0.103122
-3.04 0.10363
-3.03 0.104136
-3.02 0.10464
-3.01 0.105142
-3 0.105641
-2.99 0.106138
-2.98 0.106633
-2.97 0.107126
-2.96 0.107617
-2.95 0.108104
-2.94 0.10859
-2.93 0.109073
-2.92 0.109553
-2.91 0.110031
-2.9 0.110506
-2.89 0.110978
-2.88 0.111448
-2.87 0.111915
-2.86 0.112379
-2.85 0.11284
-2.84 0.113298
-2.83 0.113753
-2.82 0.114205
-2.81 0.114654
-2.8 0.1151
-2.79 0.115542
-2.78 0.115982
-2.77 0.116418
-2.76 0.11685
-2.75 0.11728
-2.74 0.117706
-2.73 0.118128
-2.72 0.118547
-2.71 0.118963
-2.7 0.119374
-2.69 0.119783
-2.68 0.120187
-2.67 0.120588
-2.66 0.120985
-2.65 0.121379
-2.64 0.121768
-2.63 0.122154
-2.62 0.122535
-2.61 0.122913
-2.6 0.123287
-2.59 0.123657
-2.58 0.124022
-2.57 0.124384
-2.56 0.124741
-2.55 0.125095
-2.54 0.125444
-2.53 0.125789
-2.52 0.126129
-2.51 0.126466
-2.5 0.126798
-2.49 0.127125
-2.48 0.127449
-2.47 0.127768
-2.46 0.128082
-2.45 0.128392
-2.44 0.128697
-2.43 0.128998
-2.42 0.129295
-2.41 0.129587
-2.4 0.129874
-2.39 0.130156
-2.38 0.130434
-2.37 0.130708
-2.36 0.130976
-2.35 0.13124
-2.34 0.131499
-2.33 0.131754
-2.32 0.132003
-2.31 0.132248
-2.3 0.132488
-2.29 0.132723
-2.28 0.132954
-2.27 0.133179
-2.26 0.1334
-2.25 0.133616
-2.24 0.133827
-2.23 0.134033
-2.22 0.134234
-2.21 0.13443
-2.2 0.134621
-2.19 0.134808
-2.18 0.134989
-2.17 0.135166
-2.16 0.135337
-2.15 0.135504
-2.14 0.135665
-2.13 0.135822
-2.12 0.135974
-2.11 0.13612
-2.1 0.136262
-2.09 0.136399
-2.08 0.136531
-2.07 0.136657
-2.06 0.136779
-2.05 0.136896
-2.04 0.137008
-2.03 0.137115
-2.02 0.137217
-2.01 0.137314
-2 0.137407
-1.99 0.137494
-1.98 0.137577
-1.97 0.137654
-1.96 0.137727
-1.95 0.137795
-1.94 0.137858
-1.93 0.137916
-1.92 0.137969
-1.91 0.138018
-1.9 0.138061
-1.89 0.1381
-1.88 0.138135
-1.87 0.138164
-1.86 0.138189
-1.85 0.138209
-1.84 0.138225
-1.83 0.138235
-1.82 0.138242
-1.81 0.138243
-1.8 0.13824
-1.79 0.138233
-1.78 0.138221
-1.77 0.138205
-1.76 0.138184
-1.75 0.138159
-1.74 0.138129
-1.73 0.138095
-1.72 0.138057
-1.71 0.138014
-1.7 0.137967
-1.69 0.137916
-1.68 0.137861
-1.67 0.137801
-1.66 0.137738
-1.65 0.13767
-1.64 0.137599
-1.63 0.137523
-1.62 0.137443
-1.61 0.13736
-1.6 0.137273
-1.59 0.137182
-1.58 0.137087
-1.57 0.136988
-1.56 0.136886
-1.55 0.13678
-1.54 0.13667
-1.53 0.136557
-1.52 0.13644
-1.51 0.13632
-1.5 0.136197
-1.49 0.13607
-1.48 0.13594
-1.47 0.135806
-1.46 0.135669
-1.45 0.13553
-1.44 0.135387
-1.43 0.135241
-1.42 0.135092
-1.41 0.13494
-1.4 0.134785
-1.39 0.134628
-1.38 0.134467
-1.37 0.134304
-1.36 0.134138
-1.35 0.13397
-1.34 0.133799
-1.33 0.133625
-1.32 0.133449
-1.31 0.133271
-1.3 0.133091
-1.29 0.132908
-1.28 0.132723
-1.27 0.132536
-1.26 0.132346
-1.25 0.132155
-1.24 0.131962
-1.23 0.131767
-1.22 0.13157
-1.21 0.131371
-1.2 0.13117
-1.19 0.130968
-1.18 0.130765
-1.17 0.130559
-1.16 0.130353
-1.15 0.130145
-1.14 0.129935
-1.13 0.129725
-1.12 0.129513
-1.11 0.1293
-1.1 0.129086
-1.09 0.12887
-1.08 0.128654
-1.07 0.128437
-1.06 0.12822
-1.05 0.128001
-1.04 0.127782
-1.03 0.127562
-1.02 0.127342
-1.01 0.127121
-1 0.126899
-0.99 0.126678
-0.98 0.126456
-0.97 0.126234
-0.96 0.126011
-0.95 0.125789
-0.94 0.125566
-0.93 0.125344
-0.92 0.125121
-0.91 0.124899
-0.9 0.124677
-0.89 0.124455
-0.88 0.124233
-0.87 0.124012
-0.86 0.123792
-0.85 0.123572
-0.84 0.123352
-0.83 0.123133
-0.82 0.122915
-0.81 0.122698
-0.8 0.122481
-0.79 0.122265
-0.78 0.122051
-0.77 0.121837
-0.76 0.121625
-0.75 0.121413
-0.74 0.121203
-0.73 0.120994
-0.72 0.120786
-0.71 0.12058
-0.7 0.120375
-0.69 0.120171
-0.68 0.119969
-0.67 0.119769
-0.66 0.119571
-0.65 0.119374
-0.64 0.119178
-0.63 0.118985
-0.62 0.118794
-0.61 0.118604
-0.6 0.118416
-0.59 0.118231
-0.58 0.118047
-0.57 0.117866
-0.56 0.117687
-0.55 0.11751
-0.54 0.117335
-0.53 0.117163
-0.52 0.116992
-0.51 0.116825
-0.5 0.11666
-0.49 0.116497
-0.48 0.116337
-0.47 0.116179
-0.46 0.116024
-0.45 0.115872
-0.44 0.115723
-0.43 0.115576
-0.42 0.115432
-0.41 0.115291
-0.4 0.115153
-0.39 0.115017
-0.38 0.114885
-0.37 0.114756
-0.36 0.114629
-0.35 0.114506
-0.34 0.114386
-0.33 0.114269
-0.32 0.114155
-0.31 0.114044
-0.3 0.113936
-0.29 0.113832
-0.28 0.113731
-0.27 0.113633
-0.26 0.113539
-0.25 0.113448
-0.24 0.11336
-0.23 0.113276
-0.22 0.113195
-0.21 0.113117
-0.2 0.113044
-0.19 0.112973
-0.18 0.112906
-0.17 0.112843
-0.16 0.112783
-0.15 0.112726
-0.14 0.112673
-0.13 0.112624
-0.12 0.112578
-0.11 0.112536
-0.1 0.112498
-0.09 0.112463
-0.08 0.112432
-0.07 0.112405
-0.06 0.112381
-0.05 0.11236
-0.04 0.112344
-0.03 0.112331
-0.02 0.112322
-0.01 0.112316
0 0.112315
0.01 0.112316
0.02 0.112322
0.03 0.112331
0.04 0.112344
0.05 0.11236
0.06 0.112381
0.07 0.112405
0.08 0.112432
0.09 0.112463
0.1 0.112498
0.11 0.112536
0.12 0.112578
0.13 0.112624
0.14 0.112673
0.15 0.112726
0.16 0.112783
0.17 0.112843
0.18 0.112906
0.19 0.112973
0.2 0.113044
0.21 0.113117
0.22 0.113195
0.23 0.113276
0.24 0.11336
0.25 0.113448
0.26 0.113539
0.27 0.113633
0.28 0.113731
0.29 0.113832
0.3 0.113936
0.31 0.114044
0.32 0.114155
0.33 0.114269
0.34 0.114386
0.35 0.114506
0.36 0.114629
0.37 0.114756
0.38 0.114885
0.39 0.115017
0.4 0.115153
0.41 0.115291
0.42 0.115432
0.43 0.115576
0.44 0.115723
0.45 0.115872
0.46 0.116024
0.47 0.116179
0.48 0.116337
0.49 0.116497
0.5 0.11666
0.51 0.116825
0.52 0.116992
0.53 0.117163
0.54 0.117335
0.55 0.11751
0.56 0.117687
0.57 0.117866
0.58 0.118047
0.59 0.118231
0.6 0.118416
0.61 0.118604
0.62 0.118794
0.63 0.118985
0.64 0.119178
0.65 0.119374
0.66 0.119571
0.67 0.119769
0.68 0.119969
0.69 0.120171
0.7 0.120375
0.71 0.12058
0.72 0.120786
0.73 0.120994
0.74 0.121203
0.75 0.121413
0.76 0.121625
0.77 0.121837
0.78 0.122051
0.79 0.122265
0.8 0.122481
0.81 0.122698
0.82 0.122915
0.83 0.123133
0.84 0.123352
0.85 0.123572
0.86 0.123792
0.87 0.124012
0.88 0.124233
0.89 0.124455
0.9 0.124677
0.91 0.124899
0.92 0.125121
0.93 0.125344
0.94 0.125566
0.95 0.125789
0.96 0.126011
0.97 0.126234
0.98 0.126456
0.99 0.126678
1 0.126899
1.01 0.127121
1.02 0.127342
1.03 0.127562
1.04 0.127782
1.05 0.128001
1.06 0.12822
1.07 0.128437
1.08 0.128654
1.09 0.12887
1.1 0.129086
1.11 0.1293
1.12 0.129513
1.13 0.129725
1.14 0.129935
1.15 0.130145
1.16 0.130353
1.17 0.130559
1.18 0.130765
1.19 0.130968
1.2 0.13117
1.21 0.131371
1.22 0.13157
1.23 0.131767
1.24 0.131962
1.25 0.132155
1.26 0.132346
1.27 0.132536
1.28 0.132723
1.29 0.132908
1.3 0.133091
1.31 0.133271
1.32 0.133449
1.33 0.133625
1.34 0.133799
1.35 0.13397
1.36 0.134138
1.37 0.134304
1.38 0.134467
1.39 0.134628
1.4 0.134785
1.41 0.13494
1.42 0.135092
1.43 0.135241
1.44 0.135387
1.45 0.13553
1.46 0.135669
1.47 0.135806
1.48 0.13594
1.49 0.13607
1.5 0.136197
1.51 0.13632
1.52 0.13644
1.53 0.136557
1.54 0.13667
1.55 0.13678
1.56 0.136886
1.57 0.136988
1.58 0.137087
1.59 0.137182
1.6 0.137273
1.61 0.13736
1.62 0.137443
1.63 0.137523
1.64 0.137599
1.65 0.13767
1.66 0.137738
1.67 0.137801
1.68 0.137861
1.69 0.137916
1.7 0.137967
1.71 0.138014
1.72 0.138057
1.73 0.138095
1.74 0.138129
1.75 0.138159
1.76 0.138184
1.77 0.138205
1.78 0.138221
1.79 0.138233
1.8 0.13824
1.81 0.138243
1.82 0.138242
1.83 0.138235
1.84 0.138225
1.85 0.138209
1.86 0.138189
1.87 0.138164
1.88 0.138135
1.89 0.1381
1.9 0.138061
1.91 0.138018
1.92 0.137969
1.93 0.137916
1.94 0.137858
1.95 0.137795
1.96 0.137727
1.97 0.137654
1.98 0.137577
1.99 0.137494
2 0.137407
2.01 0.137314
2.02 0.137217
2.03 0.137115
2.04 0.137008
2.05 0.136896
2.06 0.136779
2.07 0.136657
2.08 0.136531
2.09 0.136399
2.1 0.136262
2.11 0.13612
2.12 0.135974
2.13 0.135822
2.14 0.135665
2.15 0.135504
2.16 0.135337
2.17 0.135166
2.18 0.134989
2.19 0.134808
2.2 0.134621
2.21 0.13443
2.22 0.134234
2.23 0.134033
2.24 0.133827
2.25 0.133616
2.26 0.1334
2.27 0.133179
2.28 0.132954
2.29 0.132723
2.3 0.132488
2.31 0.132248
2.32 0.132003
2.33 0.131754
2.34 0.131499
2.35 0.13124
2.36 0.130976
2.37 0.130708
2.38 0.130434
2.39 0.130156
2.4 0.129874
2.41 0.129587
2.42 0.129295
2.43 0.128998
2.44 0.128697
2.45 0.128392
2.46 0.128082
2.47 0.127768
2.48 0.127449
2.49 0.127125
2.5 0.126798
2.51 0.126466
2.52 0.126129
2.53 0.125789
2.54 0.125444
2.55 0.125095
2.56 0.124741
2.57 0.124384
2.58 0.124022
2.59 0.123657
2.6 0.123287
2.61 0.122913
2.62 0.122535
2.63 0.122154
2.64 0.121768
2.65 0.121379
2.66 0.120985
2.67 0.120588
2.68 0.120187
2.69 0.119783
2.7 0.119374
2.71 0.118963
2.72 0.118547
2.73 0.118128
2.74 0.117706
2.75 0.11728
2.76 0.11685
2.77 0.116418
2.78 0.115982
2.79 0.115542
2.8 0.1151
2.81 0.114654
2.82 0.114205
2.83 0.113753
2.84 0.113298
2.85 0.11284
2.86 0.112379
2.87 0.111915
2.88 0.111448
2.89 0.110978
2.9 0.110506
2.91 0.110031
2.92 0.109553
2.93 0.109073
2.94 0.10859
2.95 0.108104
2.96 0.107617
2.97 0.107126
2.98 0.106633
2.99 0.106138
3 0.105641
3.01 0.105142
3.02 0.10464
3.03 0.104136
3.04 0.10363
3.05 0.103122
3.06 0.102612
3.07 0.102101
3.08 0.101587
3.09 0.101071
3.1 0.100554
3.11 0.100035
3.12 0.0995147
3.13 0.0989925
3.14 0.0984688
3.15 0.0979436
3.16 0.0974169
3.17 0.0968888
3.18 0.0963594
3.19 0.0958287
3.2 0.0952967
3.21 0.0947636
3.22 0.0942293
3.23 0.0936939
3.24 0.0931575
3.25 0.0926201
3.26 0.0920818
3.27 0.0915426
3.28 0.0910025
3.29 0.0904617
3.3 0.0899201
3.31 0.0893779
3.32 0.088835
3.33 0.0882916
3.34 0.0877476
3.35 0.0872031
3.36 0.0866582
3.37 0.0861129
3.38 0.0855673
3.39 0.0850213
3.4 0.0844752
3.41 0.0839289
3.42 0.0833824
3.43 0.0828358
3.44 0.0822892
3.45 0.0817426
3.46 0.081196
3.47 0.0806495
3.48 0.0801032
3.49 0.079557
3.5 0.0790111
3.51 0.0784655
3.52 0.0779202
3.53 0.0773753
3.54 0.0768307
3.55 0.0762867
3.56 0.0757431
3.57 0.0752001
3.58 0.0746577
3.59 0.0741159
3.6 0.0735748
3.61 0.0730343
3.62 0.0724947
3.63 0.0719559
3.64 0.0714178
3.65 0.0708807
3.66 0.0703445
3.67 0.0698093
3.68 0.069275
3.69 0.0687418
3.7 0.0682097
3.71 0.0676787
3.72 0.0671488
3.73 0.0666202
3.74 0.0660927
3.75 0.0655666
3.76 0.0650417
3.77 0.0645181
3.78 0.063996
3.79 0.0634752
3.8 0.0629559
3.81 0.062438
3.82 0.0619217
3.83 0.0614069
3.84 0.0608937
3.85 0.0603821
3.86 0.0598721
3.87 0.0593637
3.88 0.0588571
3.89 0.0583522
3.9 0.0578491
3.91 0.0573477
3.92 0.0568482
3.93 0.0563505
3.94 0.0558547
3.95 0.0553607
3.96 0.0548687
3.97 0.0543787
3.98 0.0538906
3.99 0.0534045
4 0.0529204
4.01 0.0524384
4.02 0.0519585
4.03 0.0514807
4.04 0.051005
4.05 0.0505314
4.06 0.05006
4.07 0.0495908
4.08 0.0491238
4.09 0.048659
4.1 0.0481965
4.11 0.0477362
4.12 0.0472782
4.13 0.0468226
4.14 0.0463692
4.15 0.0459182
4.16 0.0454696
4.17 0.0450233
4.18 0.0445794
4.19 0.0441379
4.2 0.0436989
4.21 0.0432622
4.22 0.0428281
4.23 0.0423964
4.24 0.0419671
4.25 0.0415404
4.26 0.0411162
4.27 0.0406944
4.28 0.0402752
4.29 0.0398586
4.3 0.0394445
4.31 0.0390329
4.32 0.0386239
4.33 0.0382175
4.34 0.0378137
4.35 0.0374125
4.36 0.0370139
4.37 0.0366179
4.38 0.0362245
4.39 0.0358337
4.4 0.0354456
4.41 0.0350601
4.42 0.0346772
4.43 0.034297
4.44 0.0339195
4.45 0.0335446
4.46 0.0331723
4.47 0.0328028
4.48 0.0324359
4.49 0.0320716
4.5 0.03171
4.51 0.0313512
4.52 0.0309949
4.53 0.0306414
4.54 0.0302905
4.55 0.0299424
4.56 0.0295969
4.57 0.029254
4.58 0.0289139
4.59 0.0285764
4.6 0.0282416
4.61 0.0279095
4.62 0.02758
4.63 0.0272533
4.64 0.0269292
4.65 0.0266077
4.66 0.0262889
4.67 0.0259728
4.68 0.0256593
4.69 0.0253485
4.7 0.0250403
4.71 0.0247347
4.72 0.0244318
4.73 0.0241316
4.74 0.0238339
4.75 0.0235389
4.76 0.0232464
4.77 0.0229566
4.78 0.0226694
4.79 0.0223848
4.8 0.0221027
4.81 0.0218232
4.82 0.0215463
4.83 0.021272
4.84 0.0210002
4.85 0.020731
4.86 0.0204643
4.87 0.0202001
4.88 0.0199384
4.89 0.0196793
4.9 0.0194226
4.91 0.0191684
4.92 0.0189168
4.93 0.0186675
4.94 0.0184208
4.95 0.0181765
4.96 0.0179346
4.97 0.0176951
4.98 0.0174581
4.99 0.0172235
5 0.0169912
5.01 0.0167614
5.02 0.0165339
5.03 0.0163088
5.04 0.016086
5.05 0.0158655
5.06 0.0156474
5.07 0.0154316
5.08 0.015218
5.09 0.0150068
5.1 0.0147978
5.11 0.0145911
5.12 0.0143866
5.13 0.0141844
5.14 0.0139843
5.15 0.0137865
5.16 0.0135909
5.17 0.0133974
5.18 0.0132061
5.19 0.013017
5.2 0.01283
5.21 0.0126451
5.22 0.0124623
5.23 0.0122816
5.24 0.0121029
5.25 0.0119264
5.26 0.0117519
5.27 0.0115794
5.28 0.011409
5.29 0.0112405
5.3 0.0110741
5.31 0.0109096
5.32 0.0107471
5.33 0.0105865
5.34 0.0104278
5.35 0.0102711
5.36 0.0101163
5.37 0.00996337
5.38 0.00981231
5.39 0.0096631
5.4 0.00951574
5.41 0.00937021
5.42 0.00922649
5.43 0.00908456
5.44 0.00894442
5.45 0.00880604
5.46 0.00866942
5.47 0.00853454
5.48 0.00840137
5.49 0.00826992
5.5 0.00814015
5.51 0.00801207
5.52 0.00788564
5.53 0.00776086
5.54 0.00763772
5.55 0.00751619
5.56 0.00739626
5.57 0.00727792
5.58 0.00716116
5.59 0.00704595
5.6 0.00693228
5.61 0.00682015
5.62 0.00670952
5.63 0.00660039
5.64 0.00649275
5.65 0.00638658
5.66 0.00628186
5.67 0.00617858
5.68 0.00607673
5.69 0.00597629
5.7 0.00587725
5.71 0.00577958
5.72 0.00568329
5.73 0.00558835
5.74 0.00549475
5.75 0.00540247
5.76 0.00531151
5.77 0.00522184
5.78 0.00513346
5.79 0.00504635
5.8 0.00496049
5.81 0.00487588
5.82 0.00479249
5.83 0.00471032
5.84 0.00462935
5.85 0.00454957
5.86 0.00447096
5.87 0.00439352
5.88 0.00431722
5.89 0.00424206
5.9 0.00416802
5.91 0.00409508
5.92 0.00402325
5.93 0.00395249
5.94 0.00388281
5.95 0.00381419
5.96 0.00374661
5.97 0.00368006
5.98 0.00361453
5.99 0.00355001
