-6 0.000703266
-5.99 0.000719283
-5.98 0.000735629
-5.97 0.000752311
-5.96 0.000769335
-5.95 0.000786706
-5.94 0.00080443
-5.93 0.000822514
-5.92 0.000840964
-5.91 0.000859787
-5.9 0.000878989
-5.89 0.000898577
-5.88 0.000918557
-5.87 0.000938936
-5.86 0.000959721
-5.85 0.000980919
-5.84 0.00100254
-5.83 0.00102458
-5.82 0.00104706
-5.81 0.00106999
-5.8 0.00109336
-5.79 0.00111718
-5.78 0.00114148
-5.77 0.00116624
-5.76 0.00119149
-5.75 0.00121722
-5.74 0.00124345
-5.73 0.00127018
-5.72 0.00129743
-5.71 0.00132519
-5.7 0.00135349
-5.69 0.00138232
-5.68 0.0014117
-5.67 0.00144164
-5.66 0.00147214
-5.65 0.00150321
-5.64 0.00153486
-5.63 0.00156711
-5.62 0.00159996
-5.61 0.00163341
-5.6 0.00166749
-5.59 0.0017022
-5.58 0.00173754
-5.57 0.00177353
-5.56 0.00181019
-5.55 0.00184751
-5.54 0.00188551
-5.53 0.0019242
-5.52 0.00196358
-5.51 0.00200368
-5.5 0.0020445
-5.49 0.00208605
-5.48 0.00212835
-5.47 0.0021714
-5.46 0.00221521
-5.45 0.00225979
-5.44 0.00230517
-5.43 0.00235134
-5.42 0.00239832
-5.41 0.00244613
-5.4 0.00249476
-5.39 0.00254424
-5.38 0.00259458
-5.37 0.00264579
-5.36 0.00269788
-5.35 0.00275086
-5.34 0.00280475
-5.33 0.00285956
-5.32 0.0029153
-5.31 0.00297198
-5.3 0.00302962
-5.29 0.00308823
-5.28 0.00314782
-5.27 0.00320841
-5.26 0.00327001
-5.25 0.00333263
-5.24 0.00339629
-5.23 0.003461
-5.22 0.00352677
-5.21 0.00359362
-5.2 0.00366156
-5.19 0.00373061
-5.18 0.00380077
-5.17 0.00387208
-5.16 0.00394453
-5.15 0.00401814
-5.14 0.00409293
-5.13 0.00416891
-5.12 0.00424611
-5.11 0.00432452
-5.1 0.00440417
-5.09 0.00448507
-5.08 0.00456724
-5.07 0.0046507
-5.06 0.00473545
-5.05 0.00482151
-5.04 0.00490891
-5.03 0.00499765
-5.02 0.00508775
-5.01 0.00517922
-5 0.00527209
-4.99 0.00536637
-4.98 0.00546207
-4.97 0.00555922
-4.96 0.00565782
-4.95 0.00575789
-4.94 0.00585946
-4.93 0.00596253
-4.92 0.00606712
-4.91 0.00617325
-4.9 0.00628094
-4.89 0.0063902
-4.88 0.00650106
-4.87 0.00661352
-4.86 0.0067276
-4.85 0.00684332
-4.84 0.00696071
-4.83 0.00707977
-4.82 0.00720052
-4.81 0.00732298
-4.8 0.00744716
-4.79 0.00757309
-4.78 0.00770079
-4.77 0.00783026
-4.76 0.00796153
-4.75 0.00809461
-4.74 0.00822953
-4.73 0.00836629
-4.72 0.00850493
-4.71 0.00864544
-4.7 0.00878786
-4.69 0.0089322
-4.68 0.00907848
-4.67 0.00922671
-4.66 0.00937692
-4.65 0.00952911
-4.64 0.00968332
-4.63 0.00983955
-4.62 0.00999782
-4.61 0.0101582
-4.6 0.0103206
-4.59 0.0104851
-4.58 0.0106517
-4.57 0.0108205
-4.56 0.0109914
-4.55 0.0111645
-4.54 0.0113397
-4.53 0.0115172
-4.52 0.0116969
-4.51 0.0118788
-4.5 0.012063
-4.49 0.0122495
-4.48 0.0124382
-4.47 0.0126293
-4.46 0.0128226
-4.45 0.0130184
-4.44 0.0132164
-4.43 0.0134169
-4.42 0.0136198
-4.41 0.013825
-4.4 0.0140327
-4.39 0.0142428
-4.38 0.0144554
-4.37 0.0146705
-4.36 0.014888
-4.35 0.0151081
-4.34 0.0153307
-4.33 0.0155558
-4.32 0.0157835
-4.31 0.0160138
-4.3 0.0162466
-4.29 0.0164821
-4.28 0.0167202
-4.27 0.0169609
-4.26 0.0172042
-4.25 0.0174503
-4.24 0.017699
-4.23 0.0179504
-4.22 0.0182045
-4.21 0.0184613
-4.2 0.0187209
-4.19 0.0189832
-4.18 0.0192483
-4.17 0.0195161
-4.16 0.0197868
-4.15 0.0200603
-4.14 0.0203365
-4.13 0.0206156
-4.12 0.0208976
-4.11 0.0211824
-4.1 0.0214701
-4.09 0.0217606
-4.08 0.0220541
-4.07 0.0223504
-4.06 0.0226497
-4.05 0.0229519
-4.04 0.023257
-4.03 0.023565
-4.02 0.0238761
-4.01 0.02419
-4 0.024507
-3.99 0.0248269
-3.98 0.0251499
-3.97 0.0254758
-3.96 0.0258047
-3.95 0.0261367
-3.94 0.0264717
-3.93 0.0268097
-3.92 0.0271508
-3.91 0.0274949
-3.9 0.027842
-3.89 0.0281923
-3.88 0.0285455
-3.87 0.0289019
-3.86 0.0292613
-3.85 0.0296238
-3.84 0.0299894
-3.83 0.0303581
-3.82 0.0307299
-3.81 0.0311048
-3.8 0.0314827
-3.79 0.0318638
-3.78 0.032248
-3.77 0.0326353
-3.76 0.0330257
-3.75 0.0334191
-3.74 0.0338158
-3.73 0.0342155
-3.72 0.0346183
-3.71 0.0350242
-3.7 0.0354333
-3.69 0.0358454
-3.68 0.0362606
-3.67 0.036679
-3.66 0.0371004
-3.65 0.037525
-3.64 0.0379526
-3.63 0.0383833
-3.62 0.0388171
-3.61 0.039254
-3.6 0.039694
-3.59 0.040137
-3.58 0.0405831
-3.57 0.0410322
-3.56 0.0414844
-3.55 0.0419396
-3.54 0.0423979
-3.53 0.0428591
-3.52 0.0433234
-3.51 0.0437907
-3.5 0.044261
-3.49 0.0447343
-3.48 0.0452105
-3.47 0.0456897
-3.46 0.0461719
-3.45 0.046657
-3.44 0.047145
-3.43 0.0476359
-3.42 0.0481297
-3.41 0.0486264
-3.4 0.049126
-3.39 0.0496284
-3.38 0.0501337
-3.37 0.0506417
-3.36 0.0511526
-3.35 0.0516663
-3.34 0.0521827
-3.33 0.0527019
-3.32 0.0532238
-3.31 0.0537484
-3.3 0.0542757
-3.29 0.0548057
-3.28 0.0553383
-3.27 0.0558736
-3.26 0.0564115
-3.25 0.0569519
-3.24 0.0574949
-3.23 0.0580405
-3.22 0.0585885
-3.21 0.0591391
-3.2 0.0596921
-3.19 0.0602476
-3.18 0.0608054
-3.17 0.0613657
-3.16 0.0619283
-3.15 0.0624933
-3.14 0.0630605
-3.13 0.06363
-3.12 0.0642018
-3.11 0.0647758
-3.1 0.065352
-3.09 0.0659304
-3.08 0.0665108
-3.07 0.0670934
-3.06 0.0676781
-3.05 0.0682647
-3.04 0.0688534
-3.03 0.0694441
-3.02 0.0700367
-3.01 0.0706311
-3 0.0712275
-2.99 0.0718257
-2.98 0.0724257
-2.97 0.0730274
-2.96 0.0736309
-2.95 0.0742361
-2.94 0.0748429
-2.93 0.0754513
-2.92 0.0760614
-2.91 0.0766729
-2.9 0.077286
-2.89 0.0779005
-2.88 0.0785165
-2.87 0.0791338
-2.86 0.0797525
-2.85 0.0803725
-2.84 0.0809938
-2.83 0.0816163
-2.82 0.08224
-2.81 0.0828648
-2.8 0.0834908
-2.79 0.0841177
-2.78 0.0847458
-2.77 0.0853747
-2.76 0.0860047
-2.75 0.0866355
-2.74 0.0872671
-2.73 0.0878996
-2.72 0.0885328
-2.71 0.0891667
-2.7 0.0898013
-2.69 0.0904365
-2.68 0.0910723
-2.67 0.0917087
-2.66 0.0923455
-2.65 0.0929828
-2.64 0.0936204
-2.63 0.0942585
-2.62 0.0948968
-2.61 0.0955354
-2.6 0.0961742
-2.59 0.0968131
-2.58 0.0974522
-2.57 0.0980914
-2.56 0.0987306
-2.55 0.0993698
-2.54 0.100009
-2.53 0.100648
-2.52 0.101287
-2.51 0.101925
-2.5 0.102564
-2.49 0.103202
-2.48 0.103839
-2.47 0.104477
-2.46 0.105114
-2.45 0.10575
-2.44 0.106386
-2.43 0.107021
-2.42 0.107656
-2.41 0.10829
-2.4 0.108923
-2.39 0.109555
-2.38 0.110187
-2.37 0.110818
-2.36 0.111447
-2.35 0.112076
-2.34 0.112704
-2.33 0.113331
-2.32 0.113957
-2.31 0.114581
-2.3 0.115204
-2.29 0.115827
-2.28 0.116447
-2.27 0.117067
-2.26 0.117685
-2.25 0.118301
-2.24 0.118917
-2.23 0.11953
-2.22 0.120142
-2.21 0.120753
-2.2 0.121362
-2.19 0.121969
-2.18 0.122574
-2.17 0.123178
-2.16 0.12378
-2.15 0.12438
-2.14 0.124978
-2.13 0.125574
-2.12 0.126168
-2.11 0.12676
-2.1 0.12735
-2.09 0.127937
-2.08 0.128523
-2.07 0.129107
-2.06 0.129688
-2.05 0.130267
-2.04 0.130843
-2.03 0.131418
-2.02 0.13199
-2.01 0.132559
-2 0.133126
-1.99 0.133691
-1.98 0.134253
-1.97 0.134812
-1.96 0.135369
-1.95 0.135923
-1.94 0.136474
-1.93 0.137023
-1.92 0.137569
-1.91 0.138112
-1.9 0.138653
-1.89 0.13919
-1.88 0.139725
-1.87 0.140257
-1.86 0.140785
-1.85 0.141311
-1.84 0.141834
-1.83 0.142354
-1.82 0.142871
-1.81 0.143384
-1.8 0.143895
-1.79 0.144402
-1.78 0.144907
-1.77 0.145408
-1.76 0.145906
-1.75 0.146401
-1.74 0.146892
-1.73 0.14738
-1.72 0.147865
-1.71 0.148347
-1.7 0.148825
-1.69 0.1493
-1.68 0.149771
-1.67 0.150239
-1.66 0.150704
-1.65 0.151165
-1.64 0.151623
-1.63 0.152077
-1.62 0.152528
-1.61 0.152975
-1.6 0.153419
-1.59 0.153859
-1.58 0.154296
-1.57 0.154729
-1.56 0.155158
-1.55 0.155584
-1.54 0.156007
-1.53 0.156426
-1.52 0.156841
-1.51 0.157253
-1.5 0.157661
-1.49 0.158065
-1.48 0.158466
-1.47 0.158863
-1.46 0.159256
-1.45 0.159646
-1.44 0.160032
-1.43 0.160414
-1.42 0.160793
-1.41 0.161168
-1.4 0.16154
-1.39 0.161907
-1.38 0.162271
-1.37 0.162632
-1.36 0.162989
-1.35 0.163342
-1.34 0.163691
-1.33 0.164037
-1.32 0.164379
-1.31 0.164717
-1.3 0.165052
-1.29 0.165383
-1.28 0.165711
-1.27 0.166034
-1.26 0.166355
-1.25 0.166671
-1.24 0.166984
-1.23 0.167293
-1.22 0.167599
-1.21 0.167901
-1.2 0.1682
-1.19 0.168495
-1.18 0.168786
-1.17 0.169074
-1.16 0.169359
-1.15 0.169639
-1.14 0.169917
-1.13 0.17019
-1.12 0.170461
-1.11 0.170728
-1.1 0.170991
-1.09 0.171251
-1.08 0.171507
-1.07 0.17176
-1.06 0.17201
-1.05 0.172256
-1.04 0.172499
-1.03 0.172739
-1.02 0.172975
-1.01 0.173208
-1 0.173438
-0.99 0.173664
-0.98 0.173887
-0.97 0.174107
-0.96 0.174323
-0.95 0.174537
-0.94 0.174747
-0.93 0.174954
-0.92 0.175158
-0.91 0.175359
-0.9 0.175557
-0.89 0.175751
-0.88 0.175943
-0.87 0.176131
-0.86 0.176317
-0.85 0.1765
-0.84 0.176679
-0.83 0.176856
-0.82 0.177029
-0.81 0.1772
-0.8 0.177368
-0.79 0.177533
-0.78 0.177695
-0.77 0.177855
-0.76 0.178011
-0.75 0.178165
-0.74 0.178316
-0.73 0.178465
-0.72 0.17861
-0.71 0.178753
-0.7 0.178894
-0.69 0.179031
-0.68 0.179166
-0.67 0.179299
-0.66 0.179429
-0.65 0.179556
-0.64 0.179681
-0.63 0.179804
-0.62 0.179924
-0.61 0.180041
-0.6 0.180156
-0.59 0.180269
-0.58 0.180379
-0.57 0.180487
-0.56 0.180593
-0.55 0.180696
-0.54 0.180797
-0.53 0.180896
-0.52 0.180992
-0.51 0.181086
-0.5 0.181178
-0.49 0.181268
-0.48 0.181356
-0.47 0.181441
-0.46 0.181525
-0.45 0.181606
-0.44 0.181685
-0.43 0.181762
-0.42 0.181837
-0.41 0.18191
-0.4 0.181981
-0.39 0.18205
-0.38 0.182117
-0.37 0.182182
-0.36 0.182246
-0.35 0.182307
-0.34 0.182366
-0.33 0.182423
-0.32 0.182479
-0.31 0.182533
-0.3 0.182584
-0.29 0.182634
-0.28 0.182682
-0.27 0.182729
-0.26 0.182773
-0.25 0.182816
-0.24 0.182857
-0.23 0.182896
-0.22 0.182933
-0.21 0.182969
-0.2 0.183003
-0.19 0.183035
-0.18 0.183066
-0.17 0.183095
-0.16 0.183122
-0.15 0.183147
-0.14 0.183171
-0.13 0.183193
-0.12 0.183214
-0.11 0.183232
-0.1 0.18325
-0.09 0.183265
-0.08 0.183279
-0.07 0.183291
-0.06 0.183302
-0.05 0.183311
-0.04 0.183318
-0.03 0.183324
-0.02 0.183328
-0.01 0.18333
0 0.183331
0.01 0.18333
0.02 0.183328
0.03 0.183324
0.04 0.183318
0.05 0.183311
0.06 0.183302
0.07 0.183291
0.08 0.183279
0.09 0.183265
0.1 0.18325
0.11 0.183232
0.12 0.183214
0.13 0.183193
0.14 0.183171
0.15 0.183147
0.16 0.183122
0.17 0.183095
0.18 0.183066
0.19 0.183035
0.2 0.183003
0.21 0.182969
0.22 0.182933
0.23 0.182896
0.24 0.182857
0.25 0.182816
0.26 0.182773
0.27 0.182729
0.28 0.182682
0.29 0.182634
0.3 0.182584
0.31 0.182533
0.32 0.182479
0.33 0.182423
0.34 0.182366
0.35 0.182307
0.36 0.182246
0.37 0.182182
0.38 0.182117
0.39 0.18205
0.4 0.181981
0.41 0.18191
0.42 0.181837
0.43 0.181762
0.44 0.181685
0.45 0.181606
0.46 0.181525
0.47 0.181441
0.48 0.181356
0.49 0.181268
0.5 0.181178
0.51 0.181086
0.52 0.180992
0.53 0.180896
0.54 0.180797
0.55 0.180696
0.56 0.180593
0.57 0.180487
0.58 0.180379
0.59 0.180269
0.6 0.180156
0.61 0.180041
0.62 0.179924
0.63 0.179804
0.64 0.179681
0.65 0.179556
0.66 0.179429
0.67 0.179299
0.68 0.179166
0.69 0.179031
0.7 0.178894
0.71 0.178753
0.72 0.17861
0.73 0.178465
0.74 0.178316
0.75 0.178165
0.76 0.178011
0.77 0.177855
0.78 0.177695
0.79 0.177533
0.8 0.177368
0.81 0.1772
0.82 0.177029
0.83 0.176856
0.84 0.176679
0.85 0.1765
0.86 0.176317
0.87 0.176131
0.88 0.175943
0.89 0.175751
0.9 0.175557
0.91 0.175359
0.92 0.175158
0.93 0.174954
0.94 0.174747
0.95 0.174537
0.96 0.174323
0.97 0.174107
0.98 0.173887
0.99 0.173664
1 0.173438
1.01 0.173208
1.02 0.172975
1.03 0.172739
1.04 0.172499
1.05 0.172256
1.06 0.17201
1.07 0.17176
1.08 0.171507
1.09 0.171251
1.1 0.170991
1.11 0.170728
1.12 0.170461
1.13 0.17019
1.14 0.169917
1.15 0.169639
1.16 0.169359
1.17 0.169074
1.18 0.168786
1.19 0.168495
1.2 0.1682
1.21 0.167901
1.22 0.167599
1.23 0.167293
1.24 0.166984
1.25 0.166671
1.26 0.166355
1.27 0.166034
1.28 0.165711
1.29 0.165383
1.3 0.165052
1.31 0.164717
1.32 0.164379
1.33 0.164037
1.34 0.163691
1.35 0.163342
1.36 0.162989
1.37 0.162632
1.38 0.162271
1.39 0.161907
1.4 0.16154
1.41 0.161168
1.42 0.160793
1.43 0.160414
1.44 0.160032
1.45 0.159646
1.46 0.159256
1.47 0.158863
1.48 0.158466
1.49 0.158065
1.5 0.157661
1.51 0.157253
1.52 0.156841
1.53 0.156426
1.54 0.156007
1.55 0.155584
1.56 0.155158
1.57 0.154729
1.58 0.154296
1.59 0.153859
1.6 0.153419
1.61 0.152975
1.62 0.152528
1.63 0.152077
1.64 0.151623
1.65 0.151165
1.66 0.150704
1.67 0.150239
1.68 0.149771
1.69 0.1493
1.7 0.148825
1.71 0.148347
1.72 0.147865
1.73 0.14738
1.74 0.146892
1.75 0.146401
1.76 0.145906
1.77 0.145408
1.78 0.144907
1.79 0.144402
1.8 0.143895
1.81 0.143384
1.82 0.142871
1.83 0.142354
1.84 0.141834
1.85 0.141311
1.86 0.140785
1.87 0.140257
1.88 0.139725
1.89 0.13919
1.9 0.138653
1.91 0.138112
1.92 0.137569
1.93 0.137023
1.94 0.136474
1.95 0.135923
1.96 0.135369
1.97 0.134812
1.98 0.134253
1.99 0.133691
2 0.133126
2.01 0.132559
2.02 0.13199
2.03 0.131418
2.04 0.130843
2.05 0.130267
2.06 0.129688
2.07 0.129107
2.08 0.128523
2.09 0.127937
2.1 0.12735
2.11 0.12676
2.12 0.126168
2.13 0.125574
2.14 0.124978
2.15 0.12438
2.16 0.12378
2.17 0.123178
2.18 0.122574
2.19 0.121969
2.2 0.121362
2.21 0.120753
2.22 0.120142
2.23 0.11953
2.24 0.118917
2.25 0.118301
2.26 0.117685
2.27 0.117067
2.28 0.116447
2.29 0.115827
2.3 0.115204
2.31 0.114581
2.32 0.113957
2.33 0.113331
2.34 0.112704
2.35 0.112076
2.36 0.111447
2.37 0.110818
2.38 0.110187
2.39 0.109555
2.4 0.108923
2.41 0.10829
2.42 0.107656
2.43 0.107021
2.44 0.106386
2.45 0.10575
2.46 0.105114
2.47 0.104477
2.48 0.103839
2.49 0.103202
2.5 0.102564
2.51 0.101925
2.52 0.101287
2.53 0.100648
2.54 0.100009
2.55 0.0993698
2.56 0.0987306
2.57 0.0980914
2.58 0.0974522
2.59 0.0968131
2.6 0.0961742
2.61 0.0955354
2.62 0.0948968
2.63 0.0942585
2.64 0.0936204
2.65 0.0929828
2.66 0.0923455
2.67 0.0917087
2.68 0.0910723
2.69 0.0904365
2.7 0.0898013
2.71 0.0891667
2.72 0.0885328
2.73 0.0878996
2.74 0.0872671
2.75 0.0866355
2.76 0.0860047
2.77 0.0853747
2.78 0.0847458
2.79 0.0841177
2.8 0.0834908
2.81 0.0828648
2.82 0.08224
2.83 0.0816163
2.84 0.0809938
2.85 0.0803725
2.86 0.0797525
2.87 0.0791338
2.88 0.0785165
2.89 0.0779005
2.9 0.077286
2.91 0.0766729
2.92 0.0760614
2.93 0.0754513
2.94 0.0748429
2.95 0.0742361
2.96 0.0736309
2.97 0.0730274
2.98 0.0724257
2.99 0.0718257
3 0.0712275
3.01 0.0706311
3.02 0.0700367
3.03 0.0694441
3.04 0.0688534
3.05 0.0682647
3.06 0.0676781
3.07 0.0670934
3.08 0.0665108
3.09 0.0659304
3.1 0.065352
3.11 0.0647758
3.12 0.0642018
3.13 0.06363
3.14 0.0630605
3.15 0.0624933
3.16 0.0619283
3.17 0.0613657
3.18 0.0608054
3.19 0.0602476
3.2 0.0596921
3.21 0.0591391
3.22 0.0585885
3.23 0.0580405
3.24 0.0574949
3.25 0.0569519
3.26 0.0564115
3.27 0.0558736
3.28 0.0553383
3.29 0.0548057
3.3 0.0542757
3.31 0.0537484
3.32 0.0532238
3.33 0.0527019
3.34 0.0521827
3.35 0.0516663
3.36 0.0511526
3.37 0.0506417
3.38 0.0501337
3.39 0.0496284
3.4 0.049126
3.41 0.0486264
3.42 0.0481297
3.43 0.0476359
3.44 0.047145
3.45 0.046657
3.46 0.0461719
3.47 0.0456897
3.48 0.0452105
3.49 0.0447343
3.5 0.044261
3.51 0.0437907
3.52 0.0433234
3.53 0.0428591
3.54 0.0423979
3.55 0.0419396
3.56 0.0414844
3.57 0.0410322
3.58 0.0405831
3.59 0.040137
3.6 0.039694
3.61 0.039254
3.62 0.0388171
3.63 0.0383833
3.64 0.0379526
3.65 0.037525
3.66 0.0371004
3.67 0.036679
3.68 0.0362606
3.69 0.0358454
3.7 0.0354333
3.71 0.0350242
3.72 0.0346183
3.73 0.0342155
3.74 0.0338158
3.75 0.0334191
3.76 0.0330257
3.77 0.0326353
3.78 0.032248
3.79 0.0318638
3.8 0.0314827
3.81 0.0311048
3.82 0.0307299
3.83 0.0303581
3.84 0.0299894
3.85 0.0296238
3.86 0.0292613
3.87 0.0289019
3.88 0.0285455
3.89 0.0281923
3.9 0.027842
3.91 0.0274949
3.92 0.0271508
3.93 0.0268097
3.94 0.0264717
3.95 0.0261367
3.96 0.0258047
3.97 0.0254758
3.98 0.0251499
3.99 0.0248269
4 0.024507
4.01 0.02419
4.02 0.0238761
4.03 0.023565
4.04 0.023257
4.05 0.0229519
4.06 0.0226497
4.07 0.0223504
4.08 0.0220541
4.09 0.0217606
4.1 0.0214701
4.11 0.0211824
4.12 0.0208976
4.13 0.0206156
4.14 0.0203365
4.15 0.0200603
4.16 0.0197868
4.17 0.0195161
4.18 0.0192483
4.19 0.0189832
4.2 0.0187209
4.21 0.0184613
4.22 0.0182045
4.23 0.0179504
4.24 0.017699
4.25 0.0174503
4.26 0.0172042
4.27 0.0169609
4.28 0.0167202
4.29 0.0164821
4.3 0.0162466
4.31 0.0160138
4.32 0.0157835
4.33 0.0155558
4.34 0.0153307
4.35 0.0151081
4.36 0.014888
4.37 0.0146705
4.38 0.0144554
4.39 0.0142428
4.4 0.0140327
4.41 0.013825
4.42 0.0136198
4.43 0.0134169
4.44 0.0132164
4.45 0.0130184
4.46 0.0128226
4.47 0.0126293
4.48 0.0124382
4.49 0.0122495
4.5 0.012063
4.51 0.0118788
4.52 0.0116969
4.53 0.0115172
4.54 0.0113397
4.55 0.0111645
4.56 0.0109914
4.57 0.0108205
4.58 0.0106517
4.59 0.0104851
4.6 0.0103206
4.61 0.0101582
4.62 0.00999782
4.63 0.00983955
4.64 0.00968332
4.65 0.00952911
4.66 0.00937692
4.67 0.00922671
4.68 0.00907848
4.69 0.0089322
4.7 0.00878786
4.71 0.00864544
4.72 0.00850493
4.73 0.00836629
4.74 0.00822953
4.75 0.00809461
4.76 0.00796153
4.77 0.00783026
4.78 0.00770079
4.79 0.00757309
4.8 0.00744716
4.81 0.00732298
4.82 0.00720052
4.83 0.00707977
4.84 0.00696071
4.85 0.00684332
4.86 0.0067276
4.87 0.00661352
4.88 0.00650106
4.89 0.0063902
4.9 0.00628094
4.91 0.00617325
4.92 0.00606712
4.93 0.00596253
4.94 0.00585946
4.95 0.00575789
4.96 0.00565782
4.97 0.00555922
4.98 0.00546207
4.99 0.00536637
5 0.00527209
5.01 0.00517922
5.02 0.00508775
5.03 0.00499765
5.04 0.00490891
5.05 0.00482151
5.06 0.00473545
5.07 0.0046507
5.08 0.00456724
5.09 0.00448507
5.1 0.00440417
5.11 0.00432452
5.12 0.00424611
5.13 0.00416891
5.14 0.00409293
5.15 0.00401814
5.16 0.00394453
5.17 0.00387208
5.18 0.00380077
5.19 0.00373061
5.2 0.00366156
5.21 0.00359362
5.22 0.00352677
5.23 0.003461
5.24 0.00339629
5.25 0.00333263
5.26 0.00327001
5.27 0.00320841
5.28 0.00314782
5.29 0.00308823
5.3 0.00302962
5.31 0.00297198
5.32 0.0029153
5.33 0.00285956
5.34 0.00280475
5.35 0.00275086
5.36 0.00269788
5.37 0.00264579
5.38 0.00259458
5.39 0.00254424
5.4 0.00249476
5.41 0.00244613
5.42 0.00239832
5.43 0.00235134
5.44 0.00230517
5.45 0.00225979
5.46 0.00221521
5.47 0.0021714
5.48 0.00212835
5.49 0.00208605
5.5 0.0020445
5.51 0.00200368
5.52 0.00196358
5.53 0.0019242
5.54 0.00188551
5.55 0.00184751
5.56 0.00181019
5.57 0.00177353
5.58 0.00173754
5.59 0.0017022
5.6 0.00166749
5.61 0.00163341
5.62 0.00159996
5.63 0.00156711
5.64 0.00153486
5.65 0.00150321
5.66 0.00147214
5.67 0.00144164
5.68 0.0014117
5.69 0.00138232
5.7 0.00135349
5.71 0.00132519
5.72 0.00129743
5.73 0.00127018
5.74 0.00124345
5.75 0.00121722
5.76 0.00119149
5.77 0.00116624
5.78 0.00114148
5.79 0.00111718
5.8 0.00109336
5.81 0.00106999
5.82 0.00104706
5.83 0.00102458
5.84 0.00100254
5.85 0.000980919
5.86 0.000959721
5.87 0.000938936
5.88 0.000918557
5.89 0.000898577
5.9 0.000878989
5.91 0.000859787
5.92 0.000840964
5.93 0.000822514
5.94 0.00080443
5.95 0.000786706
5.96 0.000769335
5.97 0.000752311
5.98 0.000735629
5.99 0.000719283
