-6 0.00261239
-5.99 0.00266167
-5.98 0.00271176
-5.97 0.00276267
-5.96 0.00281441
-5.95 0.00286699
-5.94 0.00292042
-5.93 0.00297471
-5.92 0.00302987
-5.91 0.00308592
-5.9 0.00314287
-5.89 0.00320072
-5.88 0.00325949
-5.87 0.00331919
-5.86 0.00337983
-5.85 0.00344143
-5.84 0.00350399
-5.83 0.00356753
-5.82 0.00363206
-5.81 0.00369759
-5.8 0.00376413
-5.79 0.0038317
-5.78 0.0039003
-5.77 0.00396996
-5.76 0.00404068
-5.75 0.00411247
-5.74 0.00418536
-5.73 0.00425934
-5.72 0.00433443
-5.71 0.00441065
-5.7 0.00448802
-5.69 0.00456653
-5.68 0.00464621
-5.67 0.00472706
-5.66 0.00480911
-5.65 0.00489236
-5.64 0.00497683
-5.63 0.00506253
-5.62 0.00514948
-5.61 0.00523768
-5.6 0.00532716
-5.59 0.00541792
-5.58 0.00550998
-5.57 0.00560335
-5.56 0.00569805
-5.55 0.00579409
-5.54 0.00589149
-5.53 0.00599025
-5.52 0.0060904
-5.51 0.00619194
-5.5 0.00629489
-5.49 0.00639927
-5.48 0.00650508
-5.47 0.00661235
-5.46 0.00672109
-5.45 0.00683131
-5.44 0.00694302
-5.43 0.00705625
-5.42 0.007171
-5.41 0.00728728
-5.4 0.00740513
-5.39 0.00752454
-5.38 0.00764553
-5.37 0.00776812
-5.36 0.00789232
-5.35 0.00801815
-5.34 0.00814562
-5.33 0.00827474
-5.32 0.00840554
-5.31 0.00853801
-5.3 0.00867219
-5.29 0.00880808
-5.28 0.0089457
-5.27 0.00908506
-5.26 0.00922618
-5.25 0.00936907
-5.24 0.00951375
-5.23 0.00966023
-5.22 0.00980852
-5.21 0.00995864
-5.2 0.0101106
-5.19 0.0102644
-5.18 0.0104201
-5.17 0.0105777
-5.16 0.0107372
-5.15 0.0108986
-5.14 0.011062
-5.13 0.0112272
-5.12 0.0113945
-5.11 0.0115637
-5.1 0.0117349
-5.09 0.0119081
-5.08 0.0120833
-5.07 0.0122605
-5.06 0.0124398
-5.05 0.0126212
-5.04 0.0128046
-5.03 0.0129901
-5.02 0.0131776
-5.01 0.0133673
-5 0.0135592
-4.99 0.0137531
-4.98 0.0139492
-4.97 0.0141475
-4.96 0.0143479
-4.95 0.0145506
-4.94 0.0147554
-4.93 0.0149624
-4.92 0.0151717
-4.91 0.0153832
-4.9 0.015597
-4.89 0.015813
-4.88 0.0160313
-4.87 0.0162519
-4.86 0.0164747
-4.85 0.0166999
-4.84 0.0169274
-4.83 0.0171573
-4.82 0.0173894
-4.81 0.017624
-4.8 0.0178609
-4.79 0.0181001
-4.78 0.0183418
-4.77 0.0185858
-4.76 0.0188323
-4.75 0.0190811
-4.74 0.0193324
-4.73 0.0195861
-4.72 0.0198423
-4.71 0.0201009
-4.7 0.0203619
-4.69 0.0206255
-4.68 0.0208915
-4.67 0.02116
-4.66 0.0214309
-4.65 0.0217044
-4.64 0.0219804
-4.63 0.0222589
-4.62 0.0225399
-4.61 0.0228235
-4.6 0.0231095
-4.59 0.0233981
-4.58 0.0236893
-4.57 0.023983
-4.56 0.0242793
-4.55 0.0245781
-4.54 0.0248795
-4.53 0.0251834
-4.52 0.02549
-4.51 0.0257991
-4.5 0.0261108
-4.49 0.026425
-4.48 0.0267419
-4.47 0.0270613
-4.46 0.0273834
-4.45 0.027708
-4.44 0.0280352
-4.43 0.0283651
-4.42 0.0286975
-4.41 0.0290325
-4.4 0.0293701
-4.39 0.0297103
-4.38 0.0300532
-4.37 0.0303986
-4.36 0.0307466
-4.35 0.0310972
-4.34 0.0314504
-4.33 0.0318061
-4.32 0.0321645
-4.31 0.0325255
-4.3 0.032889
-4.29 0.0332551
-4.28 0.0336238
-4.27 0.0339951
-4.26 0.0343689
-4.25 0.0347453
-4.24 0.0351242
-4.23 0.0355057
-4.22 0.0358898
-4.21 0.0362763
-4.2 0.0366654
-4.19 0.037057
-4.18 0.0374511
-4.17 0.0378478
-4.16 0.0382469
-4.15 0.0386485
-4.14 0.0390526
-4.13 0.0394591
-4.12 0.0398681
-4.11 0.0402796
-4.1 0.0406935
-4.09 0.0411098
-4.08 0.0415285
-4.07 0.0419496
-4.06 0.042373
-4.05 0.0427989
-4.04 0.0432271
-4.03 0.0436577
-4.02 0.0440905
-4.01 0.0445257
-4 0.0449632
-3.99 0.045403
-3.98 0.045845
-3.97 0.0462892
-3.96 0.0467357
-3.95 0.0471844
-3.94 0.0476353
-3.93 0.0480884
-3.92 0.0485436
-3.91 0.0490009
-3.9 0.0494604
-3.89 0.0499219
-3.88 0.0503855
-3.87 0.0508512
-3.86 0.0513188
-3.85 0.0517885
-3.84 0.0522602
-3.83 0.0527338
-3.82 0.0532094
-3.81 0.0536868
-3.8 0.0541661
-3.79 0.0546473
-3.78 0.0551304
-3.77 0.0556152
-3.76 0.0561018
-3.75 0.0565902
-3.74 0.0570802
-3.73 0.057572
-3.72 0.0580655
-3.71 0.0585605
-3.7 0.0590572
-3.69 0.0595555
-3.68 0.0600553
-3.67 0.0605566
-3.66 0.0610595
-3.65 0.0615637
-3.64 0.0620694
-3.63 0.0625765
-3.62 0.063085
-3.61 0.0635947
-3.6 0.0641058
-3.59 0.0646181
-3.58 0.0651317
-3.57 0.0656464
-3.56 0.0661623
-3.55 0.0666793
-3.54 0.0671974
-3.53 0.0677165
-3.52 0.0682366
-3.51 0.0687578
-3.5 0.0692798
-3.49 0.0698027
-3.48 0.0703265
-3.47 0.0708512
-3.46 0.0713766
-3.45 0.0719027
-3.44 0.0724295
-3.43 0.072957
-3.42 0.0734852
-3.41 0.0740139
-3.4 0.0745431
-3.39 0.0750729
-3.38 0.0756031
-3.37 0.0761337
-3.36 0.0766647
-3.35 0.077196
-3.34 0.0777277
-3.33 0.0782595
-3.32 0.0787916
-3.31 0.0793238
-3.3 0.0798562
-3.29 0.0803886
-3.28 0.0809211
-3.27 0.0814535
-3.26 0.0819859
-3.25 0.0825182
-3.24 0.0830503
-3.23 0.0835823
-3.22 0.084114
-3.21 0.0846454
-3.2 0.0851765
-3.19 0.0857072
-3.18 0.0862375
-3.17 0.0867673
-3.16 0.0872967
-3.15 0.0878254
-3.14 0.0883536
-3.13 0.0888811
-3.12 0.0894079
-3.11 0.089934
-3.1 0.0904593
-3.09 0.0909837
-3.08 0.0915073
-3.07 0.0920299
-3.06 0.0925516
-3.05 0.0930722
-3.04 0.0935918
-3.03 0.0941103
-3.02 0.0946276
-3.01 0.0951437
-3 0.0956585
-2.99 0.096172
-2.98 0.0966842
-2.97 0.097195
-2.96 0.0977044
-2.95 0.0982122
-2.94 0.0987186
-2.93 0.0992233
-2.92 0.0997265
-2.91 0.100228
-2.9 0.100728
-2.89 0.101226
-2.88 0.101722
-2.87 0.102216
-2.86 0.102709
-2.85 0.103199
-2.84 0.103688
-2.83 0.104174
-2.82 0.104659
-2.81 0.105141
-2.8 0.105621
-2.79 0.106099
-2.78 0.106575
-2.77 0.107048
-2.76 0.107519
-2.75 0.107988
-2.74 0.108454
-2.73 0.108918
-2.72 0.109379
-2.71 0.109838
-2.7 0.110295
-2.69 0.110748
-2.68 0.111199
-2.67 0.111648
-2.66 0.112093
-2.65 0.112536
-2.64 0.112976
-2.63 0.113413
-2.62 0.113847
-2.61 0.114279
-2.6 0.114707
-2.59 0.115133
-2.58 0.115555
-2.57 0.115974
-2.56 0.116391
-2.55 0.116804
-2.54 0.117214
-2.53 0.117621
-2.52 0.118024
-2.51 0.118425
-2.5 0.118822
-2.49 0.119216
-2.48 0.119606
-2.47 0.119993
-2.46 0.120377
-2.45 0.120757
-2.44 0.121134
-2.43 0.121508
-2.42 0.121878
-2.41 0.122244
-2.4 0.122607
-2.39 0.122966
-2.38 0.123322
-2.37 0.123674
-2.36 0.124023
-2.35 0.124368
-2.34 0.124709
-2.33 0.125046
-2.32 0.12538
-2.31 0.12571
-2.3 0.126037
-2.29 0.126359
-2.28 0.126678
-2.27 0.126993
-2.26 0.127305
-2.25 0.127612
-2.24 0.127916
-2.23 0.128216
-2.22 0.128512
-2.21 0.128804
-2.2 0.129093
-2.19 0.129377
-2.18 0.129658
-2.17 0.129935
-2.16 0.130208
-2.15 0.130477
-2.14 0.130742
-2.13 0.131003
-2.12 0.131261
-2.11 0.131514
-2.1 0.131764
-2.09 0.13201
-2.08 0.132252
-2.07 0.13249
-2.06 0.132724
-2.05 0.132954
-2.04 0.13318
-2.03 0.133403
-2.02 0.133622
-2.01 0.133836
-2 0.134047
-1.99 0.134255
-1.98 0.134458
-1.97 0.134658
-1.96 0.134853
-1.95 0.135045
-1.94 0.135234
-1.93 0.135418
-1.92 0.135599
-1.91 0.135776
-1.9 0.135949
-1.89 0.136118
-1.88 0.136284
-1.87 0.136447
-1.86 0.136605
-1.85 0.13676
-1.84 0.136912
-1.83 0.137059
-1.82 0.137204
-1.81 0.137344
-1.8 0.137481
-1.79 0.137615
-1.78 0.137745
-1.77 0.137872
-1.76 0.137996
-1.75 0.138116
-1.74 0.138232
-1.73 0.138346
-1.72 0.138456
-1.71 0.138563
-1.7 0.138666
-1.69 0.138766
-1.68 0.138864
-1.67 0.138958
-1.66 0.139049
-1.65 0.139136
-1.64 0.139221
-1.63 0.139303
-1.62 0.139382
-1.61 0.139457
-1.6 0.13953
-1.59 0.1396
-1.58 0.139668
-1.57 0.139732
-1.56 0.139793
-1.55 0.139852
-1.54 0.139909
-1.53 0.139962
-1.52 0.140013
-1.51 0.140061
-1.5 0.140107
-1.49 0.14015
-1.48 0.140191
-1.47 0.140229
-1.46 0.140265
-1.45 0.140299
-1.44 0.14033
-1.43 0.140359
-1.42 0.140386
-1.41 0.140411
-1.4 0.140433
-1.39 0.140454
-1.38 0.140472
-1.37 0.140488
-1.36 0.140503
-1.35 0.140515
-1.34 0.140525
-1.33 0.140534
-1.32 0.140541
-1.31 0.140546
-1.3 0.140549
-1.29 0.14055
-1.28 0.14055
-1.27 0.140549
-1.26 0.140545
-1.25 0.14054
-1.24 0.140534
-1.23 0.140526
-1.22 0.140517
-1.21 0.140506
-1.2 0.140494
-1.19 0.140481
-1.18 0.140467
-1.17 0.140451
-1.16 0.140434
-1.15 0.140416
-1.14 0.140397
-1.13 0.140376
-1.12 0.140355
-1.11 0.140333
-1.1 0.14031
-1.09 0.140285
-1.08 0.14026
-1.07 0.140235
-1.06 0.140208
-1.05 0.14018
-1.04 0.140152
-1.03 0.140123
-1.02 0.140094
-1.01 0.140063
-1 0.140033
-0.99 0.140001
-0.98 0.139969
-0.97 0.139937
-0.96 0.139904
-0.95 0.139871
-0.94 0.139837
-0.93 0.139803
-0.92 0.139768
-0.91 0.139733
-0.9 0.139698
-0.89 0.139663
-0.88 0.139627
-0.87 0.139591
-0.86 0.139555
-0.85 0.139519
-0.84 0.139482
-0.83 0.139446
-0.82 0.139409
-0.81 0.139373
-0.8 0.139336
-0.79 0.139299
-0.78 0.139262
-0.77 0.139226
-0.76 0.139189
-0.75 0.139153
-0.74 0.139116
-0.73 0.13908
-0.72 0.139044
-0.71 0.139008
-0.7 0.138972
-0.69 0.138936
-0.68 0.138901
-0.67 0.138865
-0.66 0.13883
-0.65 0.138796
-0.64 0.138761
-0.63 0.138727
-0.62 0.138693
-0.61 0.13866
-0.6 0.138626
-0.59 0.138593
-0.58 0.138561
-0.57 0.138529
-0.56 0.138497
-0.55 0.138466
-0.54 0.138435
-0.53 0.138404
-0.52 0.138374
-0.51 0.138344
-0.5 0.138315
-0.49 0.138286
-0.48 0.138258
-0.47 0.13823
-0.46 0.138203
-0.45 0.138176
-0.44 0.13815
-0.43 0.138124
-0.42 0.138098
-0.41 0.138074
-0.4 0.138049
-0.39 0.138026
-0.38 0.138002
-0.37 0.13798
-0.36 0.137958
-0.35 0.137936
-0.34 0.137915
-0.33 0.137895
-0.32 0.137875
-0.31 0.137856
-0.3 0.137837
-0.29 0.137819
-0.28 0.137801
-0.27 0.137784
-0.26 0.137768
-0.25 0.137752
-0.24 0.137737
-0.23 0.137722
-0.22 0.137709
-0.21 0.137695
-0.2 0.137682
-0.19 0.13767
-0.18 0.137659
-0.17 0.137648
-0.16 0.137638
-0.15 0.137628
-0.14 0.137619
-0.13 0.13761
-0.12 0.137603
-0.11 0.137595
-0.1 0.137589
-0.09 0.137583
-0.08 0.137578
-0.07 0.137573
-0.06 0.137569
-0.05 0.137565
-0.04 0.137563
-0.03 0.13756
-0.02 0.137559
-0.01 0.137558
0 0.137558
0.01 0.137558
0.02 0.137559
0.03 0.13756
0.04 0.137563
0.05 0.137565
0.06 0.137569
0.07 0.137573
0.08 0.137578
0.09 0.137583
0.1 0.137589
0.11 0.137595
0.12 0.137603
0.13 0.13761
0.14 0.137619
0.15 0.137628
0.16 0.137638
0.17 0.137648
0.18 0.137659
0.19 0.13767
0.2 0.137682
0.21 0.137695
0.22 0.137709
0.23 0.137722
0.24 0.137737
0.25 0.137752
0.26 0.137768
0.27 0.137784
0.28 0.137801
0.29 0.137819
0.3 0.137837
0.31 0.137856
0.32 0.137875
0.33 0.137895
0.34 0.137915
0.35 0.137936
0.36 0.137958
0.37 0.13798
0.38 0.138002
0.39 0.138026
0.4 0.138049
0.41 0.138074
0.42 0.138098
0.43 0.138124
0.44 0.13815
0.45 0.138176
0.46 0.138203
0.47 0.13823
0.48 0.138258
0.49 0.138286
0.5 0.138315
0.51 0.138344
0.52 0.138374
0.53 0.138404
0.54 0.138435
0.55 0.138466
0.56 0.138497
0.57 0.138529
0.58 0.138561
0.59 0.138593
0.6 0.138626
0.61 0.13866
0.62 0.138693
0.63 0.138727
0.64 0.138761
0.65 0.138796
0.66 0.13883
0.67 0.138865
0.68 0.138901
0.69 0.138936
0.7 0.138972
0.71 0.139008
0.72 0.139044
0.73 0.13908
0.74 0.139116
0.75 0.139153
0.76 0.139189
0.77 0.139226
0.78 0.139262
0.79 0.139299
0.8 0.139336
0.81 0.139373
0.82 0.139409
0.83 0.139446
0.84 0.139482
0.85 0.139519
0.86 0.139555
0.87 0.139591
0.88 0.139627
0.89 0.139663
0.9 0.139698
0.91 0.139733
0.92 0.139768
0.93 0.139803
0.94 0.139837
0.95 0.139871
0.96 0.139904
0.97 0.139937
0.98 0.139969
0.99 0.140001
1 0.140033
1.01 0.140063
1.02 0.140094
1.03 0.140123
1.04 0.140152
1.05 0.14018
1.06 0.140208
1.07 0.140235
1.08 0.14026
1.09 0.140285
1.1 0.14031
1.11 0.140333
1.12 0.140355
1.13 0.140376
1.14 0.140397
1.15 0.140416
1.16 0.140434
1.17 0.140451
1.18 0.140467
1.19 0.140481
1.2 0.140494
1.21 0.140506
1.22 0.140517
1.23 0.140526
1.24 0.140534
1.25 0.14054
1.26 0.140545
1.27 0.140549
1.28 0.14055
1.29 0.14055
1.3 0.140549
1.31 0.140546
1.32 0.140541
1.33 0.140534
1.34 0.140525
1.35 0.140515
1.36 0.140503
1.37 0.140488
1.38 0.140472
1.39 0.140454
1.4 0.140433
1.41 0.140411
1.42 0.140386
1.43 0.140359
1.44 0.14033
1.45 0.140299
1.46 0.140265
1.47 0.140229
1.48 0.140191
1.49 0.14015
1.5 0.140107
1.51 0.140061
1.52 0.140013
1.53 0.139962
1.54 0.139909
1.55 0.139852
1.56 0.139793
1.57 0.139732
1.58 0.139668
1.59 0.1396
1.6 0.13953
1.61 0.139457
1.62 0.139382
1.63 0.139303
1.64 0.139221
1.65 0.139136
1.66 0.139049
1.67 0.138958
1.68 0.138864
1.69 0.138766
1.7 0.138666
1.71 0.138563
1.72 0.138456
1.73 0.138346
1.74 0.138232
1.75 0.138116
1.76 0.137996
1.77 0.137872
1.78 0.137745
1.79 0.137615
1.8 0.137481
1.81 0.137344
1.82 0.137204
1.83 0.137059
1.84 0.136912
1.85 0.13676
1.86 0.136605
1.87 0.136447
1.88 0.136284
1.89 0.136118
1.9 0.135949
1.91 0.135776
1.92 0.135599
1.93 0.135418
1.94 0.135234
1.95 0.135045
1.96 0.134853
1.97 0.134658
1.98 0.134458
1.99 0.134255
2 0.134047
2.01 0.133836
2.02 0.133622
2.03 0.133403
2.04 0.13318
2.05 0.132954
2.06 0.132724
2.07 0.13249
2.08 0.132252
2.09 0.13201
2.1 0.131764
2.11 0.131514
2.12 0.131261
2.13 0.131003
2.14 0.130742
2.15 0.130477
2.16 0.130208
2.17 0.129935
2.18 0.129658
2.19 0.129377
2.2 0.129093
2.21 0.128804
2.22 0.128512
2.23 0.128216
2.24 0.127916
2.25 0.127612
2.26 0.127305
2.27 0.126993
2.28 0.126678
2.29 0.126359
2.3 0.126037
2.31 0.12571
2.32 0.12538
2.33 0.125046
2.34 0.124709
2.35 0.124368
2.36 0.124023
2.37 0.123674
2.38 0.123322
2.39 0.122966
2.4 0.122607
2.41 0.122244
2.42 0.121878
2.43 0.121508
2.44 0.121134
2.45 0.120757
2.46 0.120377
2.47 0.119993
2.48 0.119606
2.49 0.119216
2.5 0.118822
2.51 0.118425
2.52 0.118024
2.53 0.117621
2.54 0.117214
2.55 0.116804
2.56 0.116391
2.57 0.115974
2.58 0.115555
2.59 0.115133
2.6 0.114707
2.61 0.114279
2.62 0.113847
2.63 0.113413
2.64 0.112976
2.65 0.112536
2.66 0.112093
2.67 0.111648
2.68 0.111199
2.69 0.110748
2.7 0.110295
2.71 0.109838
2.72 0.109379
2.73 0.108918
2.74 0.108454
2.75 0.107988
2.76 0.107519
2.77 0.107048
2.78 0.106575
2.79 0.106099
2.8 0.105621
2.81 0.105141
2.82 0.104659
2.83 0.104174
2.84 0.103688
2.85 0.103199
2.86 0.102709
2.87 0.102216
2.88 0.101722
2.89 0.101226
2.9 0.100728
2.91 0.100228
2.92 0.0997265
2.93 0.0992233
2.94 0.0987186
2.95 0.0982122
2.96 0.0977044
2.97 0.097195
2.98 0.0966842
2.99 0.096172
3 0.0956585
3.01 0.0951437
3.02 0.0946276
3.03 0.0941103
3.04 0.0935918
3.05 0.0930722
3.06 0.0925516
3.07 0.0920299
3.08 0.0915073
3.09 0.0909837
3.1 0.0904593
3.11 0.089934
3.12 0.0894079
3.13 0.0888811
3.14 0.0883536
3.15 0.0878254
3.16 0.0872967
3.17 0.0867673
3.18 0.0862375
3.19 0.0857072
3.2 0.0851765
3.21 0.0846454
3.22 0.084114
3.23 0.0835823
3.24 0.0830503
3.25 0.0825182
3.26 0.0819859
3.27 0.0814535
3.28 0.0809211
3.29 0.0803886
3.3 0.0798562
3.31 0.0793238
3.32 0.0787916
3.33 0.0782595
3.34 0.0777277
3.35 0.077196
3.36 0.0766647
3.37 0.0761337
3.38 0.0756031
3.39 0.0750729
3.4 0.0745431
3.41 0.0740139
3.42 0.0734852
3.43 0.072957
3.44 0.0724295
3.45 0.0719027
3.46 0.0713766
3.47 0.0708512
3.48 0.0703265
3.49 0.0698027
3.5 0.0692798
3.51 0.0687578
3.52 0.0682366
3.53 0.0677165
3.54 0.0671974
3.55 0.0666793
3.56 0.0661623
3.57 0.0656464
3.58 0.0651317
3.59 0.0646181
3.6 0.0641058
3.61 0.0635947
3.62 0.063085
3.63 0.0625765
3.64 0.0620694
3.65 0.0615637
3.66 0.0610595
3.67 0.0605566
3.68 0.0600553
3.69 0.0595555
3.7 0.0590572
3.71 0.0585605
3.72 0.0580655
3.73 0.057572
3.74 0.0570802
3.75 0.0565902
3.76 0.0561018
3.77 0.0556152
3.78 0.0551304
3.79 0.0546473
3.8 0.0541661
3.81 0.0536868
3.82 0.0532094
3.83 0.0527338
3.84 0.0522602
3.85 0.0517885
3.86 0.0513188
3.87 0.0508512
3.88 0.0503855
3.89 0.0499219
3.9 0.0494604
3.91 0.0490009
3.92 0.0485436
3.93 0.0480884
3.94 0.0476353
3.95 0.0471844
3.96 0.0467357
3.97 0.0462892
3.98 0.045845
3.99 0.045403
4 0.0449632
4.01 0.0445257
4.02 0.0440905
4.03 0.0436577
4.04 0.0432271
4.05 0.0427989
4.06 0.042373
4.07 0.0419496
4.08 0.0415285
4.09 0.0411098
4.1 0.0406935
4.11 0.0402796
4.12 0.0398681
4.13 0.0394591
4.14 0.0390526
4.15 0.0386485
4.16 0.0382469
4.17 0.0378478
4.18 0.0374511
4.19 0.037057
4.2 0.0366654
4.21 0.0362763
4.22 0.0358898
4.23 0.0355057
4.24 0.0351242
4.25 0.0347453
4.26 0.0343689
4.27 0.0339951
4.28 0.0336238
4.29 0.0332551
4.3 0.032889
4.31 0.0325255
4.32 0.0321645
4.33 0.0318061
4.34 0.0314504
4.35 0.0310972
4.36 0.0307466
4.37 0.0303986
4.38 0.0300532
4.39 0.0297103
4.4 0.0293701
4.41 0.0290325
4.42 0.0286975
4.43 0.0283651
4.44 0.0280352
4.45 0.027708
4.46 0.0273834
4.47 0.0270613
4.48 0.0267419
4.49 0.026425
4.5 0.0261108
4.51 0.0257991
4.52 0.02549
4.53 0.0251834
4.54 0.0248795
4.55 0.0245781
4.56 0.0242793
4.57 0.023983
4.58 0.0236893
4.59 0.0233981
4.6 0.0231095
4.61 0.0228235
4.62 0.0225399
4.63 0.0222589
4.64 0.0219804
4.65 0.0217044
4.66 0.0214309
4.67 0.02116
4.68 0.0208915
4.69 0.0206255
4.7 0.0203619
4.71 0.0201009
4.72 0.0198423
4.73 0.0195861
4.74 0.0193324
4.75 0.0190811
4.76 0.0188323
4.77 0.0185858
4.78 0.0183418
4.79 0.0181001
4.8 0.0178609
4.81 0.017624
4.82 0.0173894
4.83 0.0171573
4.84 0.0169274
4.85 0.0166999
4.86 0.0164747
4.87 0.0162519
4.88 0.0160313
4.89 0.015813
4.9 0.015597
4.91 0.0153832
4.92 0.0151717
4.93 0.0149624
4.94 0.0147554
4.95 0.0145506
4.96 0.0143479
4.97 0.0141475
4.98 0.0139492
4.99 0.0137531
5 0.0135592
5.01 0.0133673
5.02 0.0131776
5.03 0.0129901
5.04 0.0128046
5.05 0.0126212
5.06 0.0124398
5.07 0.0122605
5.08 0.0120833
5.09 0.0119081
5.1 0.0117349
5.11 0.0115637
5.12 0.0113945
5.13 0.0112272
5.14 0.011062
5.15 0.0108986
5.16 0.0107372
5.17 0.0105777
5.18 0.0104201
5.19 0.0102644
5.2 0.0101106
5.21 0.00995864
5.22 0.00980852
5.23 0.00966023
5.24 0.00951375
5.25 0.00936907
5.26 0.00922618
5.27 0.00908506
5.28 0.0089457
5.29 0.00880808
5.3 0.00867219
5.31 0.00853801
5.32 0.00840554
5.33 0.00827474
5.34 0.00814562
5.35 0.00801815
5.36 0.00789232
5.37 0.00776812
5.38 0.00764553
5.39 0.00752454
5.4 0.00740513
5.41 0.00728728
5.42 0.007171
5.43 0.00705625
5.44 0.00694302
5.45 0.00683131
5.46 0.00672109
5.47 0.00661235
5.48 0.00650508
5.49 0.00639927
5.5 0.00629489
5.51 0.00619194
5.52 0.0060904
5.53 0.00599025
5.54 0.00589149
5.55 0.00579409
5.56 0.00569805
5.57 0.00560335
5.58 0.00550998
5.59 0.00541792
5.6 0.00532716
5.61 0.00523768
5.62 0.00514948
5.63 0.00506253
5.64 0.00497683
5.65 0.00489236
5.66 0.00480911
5.67 0.00472706
5.68 0.00464621
5.69 0.00456653
5.7 0.00448802
5.71 0.00441065
5.72 0.00433443
5.73 0.00425934
5.74 0.00418536
5.75 0.00411247
5.76 0.00404068
5.77 0.00396996
5.78 0.0039003
5.79 0.0038317
5.8 0.00376413
5.81 0.00369759
5.82 0.00363206
5.83 0.00356753
5.84 0.00350399
5.85 0.00344143
5.86 0.00337983
5.87 0.00331919
5.88 0.00325949
5.89 0.00320072
5.9 0.00314287
5.91 0.00308592
5.92 0.00302987
5.93 0.00297471
5.94 0.00292042
5.95 0.00286699
5.96 0.00281441
5.97 0.00276267
5.98 0.00271176
5.99 0.00266167
