-6 0.00357623
-5.99 0.00364087
-5.98 0.00370651
-5.97 0.00377317
-5.96 0.00384085
-5.95 0.00390958
-5.94 0.00397936
-5.93 0.0040502
-5.92 0.00412212
-5.91 0.00419513
-5.9 0.00426925
-5.89 0.00434448
-5.88 0.00442084
-5.87 0.00449834
-5.86 0.004577
-5.85 0.00465682
-5.84 0.00473783
-5.83 0.00482003
-5.82 0.00490344
-5.81 0.00498807
-5.8 0.00507394
-5.79 0.00516106
-5.78 0.00524943
-5.77 0.00533909
-5.76 0.00543003
-5.75 0.00552228
-5.74 0.00561584
-5.73 0.00571074
-5.72 0.00580698
-5.71 0.00590458
-5.7 0.00600356
-5.69 0.00610392
-5.68 0.00620568
-5.67 0.00630886
-5.66 0.00641347
-5.65 0.00651952
-5.64 0.00662704
-5.63 0.00673602
-5.62 0.0068465
-5.61 0.00695848
-5.6 0.00707197
-5.59 0.007187
-5.58 0.00730357
-5.57 0.0074217
-5.56 0.00754141
-5.55 0.00766271
-5.54 0.00778561
-5.53 0.00791014
-5.52 0.00803629
-5.51 0.0081641
-5.5 0.00829357
-5.49 0.00842472
-5.48 0.00855756
-5.47 0.00869211
-5.46 0.00882838
-5.45 0.0089664
-5.44 0.00910616
-5.43 0.00924769
-5.42 0.00939101
-5.41 0.00953612
-5.4 0.00968304
-5.39 0.00983179
-5.38 0.00998238
-5.37 0.0101348
-5.36 0.0102891
-5.35 0.0104453
-5.34 0.0106034
-5.33 0.0107635
-5.32 0.0109254
-5.31 0.0110893
-5.3 0.0112551
-5.29 0.011423
-5.28 0.0115928
-5.27 0.0117646
-5.26 0.0119384
-5.25 0.0121143
-5.24 0.0122922
-5.23 0.0124721
-5.22 0.0126541
-5.21 0.0128383
-5.2 0.0130245
-5.19 0.0132128
-5.18 0.0134033
-5.17 0.0135959
-5.16 0.0137906
-5.15 0.0139875
-5.14 0.0141866
-5.13 0.0143879
-5.12 0.0145914
-5.11 0.0147972
-5.1 0.0150051
-5.09 0.0152153
-5.08 0.0154278
-5.07 0.0156425
-5.06 0.0158595
-5.05 0.0160788
-5.04 0.0163005
-5.03 0.0165244
-5.02 0.0167507
-5.01 0.0169793
-5 0.0172103
-4.99 0.0174436
-4.98 0.0176794
-4.97 0.0179175
-4.96 0.018158
-4.95 0.0184009
-4.94 0.0186462
-4.93 0.018894
-4.92 0.0191442
-4.91 0.0193969
-4.9 0.019652
-4.89 0.0199096
-4.88 0.0201697
-4.87 0.0204323
-4.86 0.0206974
-4.85 0.020965
-4.84 0.0212351
-4.83 0.0215077
-4.82 0.0217828
-4.81 0.0220605
-4.8 0.0223408
-4.79 0.0226236
-4.78 0.0229089
-4.77 0.0231968
-4.76 0.0234873
-4.75 0.0237804
-4.74 0.0240761
-4.73 0.0243744
-4.72 0.0246752
-4.71 0.0249787
-4.7 0.0252848
-4.69 0.0255935
-4.68 0.0259048
-4.67 0.0262187
-4.66 0.0265353
-4.65 0.0268545
-4.64 0.0271763
-4.63 0.0275008
-4.62 0.0278279
-4.61 0.0281576
-4.6 0.02849
-4.59 0.0288251
-4.58 0.0291627
-4.57 0.0295031
-4.56 0.029846
-4.55 0.0301916
-4.54 0.0305399
-4.53 0.0308908
-4.52 0.0312444
-4.51 0.0316006
-4.5 0.0319594
-4.49 0.0323209
-4.48 0.032685
-4.47 0.0330518
-4.46 0.0334212
-4.45 0.0337932
-4.44 0.0341679
-4.43 0.0345451
-4.42 0.034925
-4.41 0.0353075
-4.4 0.0356926
-4.39 0.0360803
-4.38 0.0364706
-4.37 0.0368635
-4.36 0.037259
-4.35 0.037657
-4.34 0.0380576
-4.33 0.0384608
-4.32 0.0388665
-4.31 0.0392747
-4.3 0.0396855
-4.29 0.0400988
-4.28 0.0405146
-4.27 0.0409329
-4.26 0.0413537
-4.25 0.041777
-4.24 0.0422027
-4.23 0.0426309
-4.22 0.0430615
-4.21 0.0434946
-4.2 0.04393
-4.19 0.0443679
-4.18 0.0448081
-4.17 0.0452507
-4.16 0.0456956
-4.15 0.0461429
-4.14 0.0465925
-4.13 0.0470444
-4.12 0.0474985
-4.11 0.047955
-4.1 0.0484136
-4.09 0.0488745
-4.08 0.0493376
-4.07 0.0498029
-4.06 0.0502704
-4.05 0.05074
-4.04 0.0512117
-4.03 0.0516855
-4.02 0.0521614
-4.01 0.0526393
-4 0.0531193
-3.99 0.0536013
-3.98 0.0540853
-3.97 0.0545712
-3.96 0.0550591
-3.95 0.0555488
-3.94 0.0560405
-3.93 0.056534
-3.92 0.0570293
-3.91 0.0575264
-3.9 0.0580253
-3.89 0.058526
-3.88 0.0590284
-3.87 0.0595324
-3.86 0.0600381
-3.85 0.0605454
-3.84 0.0610543
-3.83 0.0615648
-3.82 0.0620768
-3.81 0.0625903
-3.8 0.0631053
-3.79 0.0636217
-3.78 0.0641395
-3.77 0.0646587
-3.76 0.0651792
-3.75 0.065701
-3.74 0.066224
-3.73 0.0667483
-3.72 0.0672738
-3.71 0.0678004
-3.7 0.0683282
-3.69 0.068857
-3.68 0.0693868
-3.67 0.0699177
-3.66 0.0704495
-3.65 0.0709822
-3.64 0.0715159
-3.63 0.0720503
-3.62 0.0725856
-3.61 0.0731217
-3.6 0.0736584
-3.59 0.0741959
-3.58 0.074734
-3.57 0.0752726
-3.56 0.0758119
-3.55 0.0763516
-3.54 0.0768919
-3.53 0.0774325
-3.52 0.0779736
-3.51 0.0785149
-3.5 0.0790566
-3.49 0.0795985
-3.48 0.0801406
-3.47 0.0806829
-3.46 0.0812253
-3.45 0.0817678
-3.44 0.0823103
-3.43 0.0828527
-3.42 0.0833951
-3.41 0.0839374
-3.4 0.0844795
-3.39 0.0850214
-3.38 0.085563
-3.37 0.0861044
-3.36 0.0866453
-3.35 0.0871859
-3.34 0.087726
-3.33 0.0882656
-3.32 0.0888047
-3.31 0.0893431
-3.3 0.089881
-3.29 0.0904181
-3.28 0.0909544
-3.27 0.09149
-3.26 0.0920247
-3.25 0.0925586
-3.24 0.0930914
-3.23 0.0936233
-3.22 0.0941542
-3.21 0.0946839
-3.2 0.0952125
-3.19 0.0957399
-3.18 0.096266
-3.17 0.0967909
-3.16 0.0973143
-3.15 0.0978364
-3.14 0.0983571
-3.13 0.0988762
-3.12 0.0993938
-3.11 0.0999097
-3.1 0.100424
-3.09 0.100937
-3.08 0.101448
-3.07 0.101957
-3.06 0.102464
-3.05 0.102969
-3.04 0.103472
-3.03 0.103974
-3.02 0.104473
-3.01 0.10497
-3 0.105465
-2.99 0.105958
-2.98 0.106448
-2.97 0.106937
-2.96 0.107422
-2.95 0.107906
-2.94 0.108387
-2.93 0.108865
-2.92 0.109341
-2.91 0.109815
-2.9 0.110285
-2.89 0.110753
-2.88 0.111219
-2.87 0.111681
-2.86 0.112141
-2.85 0.112597
-2.84 0.113051
-2.83 0.113502
-2.82 0.11395
-2.81 0.114394
-2.8 0.114836
-2.79 0.115274
-2.78 0.11571
-2.77 0.116142
-2.76 0.11657
-2.75 0.116996
-2.74 0.117418
-2.73 0.117836
-2.72 0.118251
-2.71 0.118663
-2.7 0.119071
-2.69 0.119475
-2.68 0.119876
-2.67 0.120273
-2.66 0.120667
-2.65 0.121056
-2.64 0.121442
-2.63 0.121824
-2.62 0.122203
-2.61 0.122577
-2.6 0.122947
-2.59 0.123314
-2.58 0.123676
-2.57 0.124034
-2.56 0.124389
-2.55 0.124739
-2.54 0.125085
-2.53 0.125427
-2.52 0.125764
-2.51 0.126098
-2.5 0.126427
-2.49 0.126752
-2.48 0.127072
-2.47 0.127388
-2.46 0.1277
-2.45 0.128007
-2.44 0.12831
-2.43 0.128609
-2.42 0.128903
-2.41 0.129192
-2.4 0.129477
-2.39 0.129757
-2.38 0.130033
-2.37 0.130304
-2.36 0.130571
-2.35 0.130833
-2.34 0.13109
-2.33 0.131343
-2.32 0.13159
-2.31 0.131833
-2.3 0.132072
-2.29 0.132306
-2.28 0.132534
-2.27 0.132759
-2.26 0.132978
-2.25 0.133192
-2.24 0.133402
-2.23 0.133607
-2.22 0.133807
-2.21 0.134002
-2.2 0.134192
-2.19 0.134378
-2.18 0.134558
-2.17 0.134734
-2.16 0.134905
-2.15 0.135071
-2.14 0.135232
-2.13 0.135388
-2.12 0.13554
-2.11 0.135686
-2.1 0.135828
-2.09 0.135964
-2.08 0.136096
-2.07 0.136223
-2.06 0.136345
-2.05 0.136462
-2.04 0.136574
-2.03 0.136681
-2.02 0.136784
-2.01 0.136882
-2 0.136974
-1.99 0.137062
-1.98 0.137146
-1.97 0.137224
-1.96 0.137297
-1.95 0.137366
-1.94 0.13743
-1.93 0.13749
-1.92 0.137544
-1.91 0.137594
-1.9 0.137639
-1.89 0.137679
-1.88 0.137715
-1.87 0.137746
-1.86 0.137773
-1.85 0.137794
-1.84 0.137812
-1.83 0.137824
-1.82 0.137833
-1.81 0.137836
-1.8 0.137835
-1.79 0.13783
-1.78 0.13782
-1.77 0.137806
-1.76 0.137788
-1.75 0.137765
-1.74 0.137738
-1.73 0.137706
-1.72 0.137671
-1.71 0.137631
-1.7 0.137587
-1.69 0.137538
-1.68 0.137486
-1.67 0.13743
-1.66 0.137369
-1.65 0.137305
-1.64 0.137236
-1.63 0.137164
-1.62 0.137088
-1.61 0.137008
-1.6 0.136924
-1.59 0.136836
-1.58 0.136745
-1.57 0.13665
-1.56 0.136551
-1.55 0.136449
-1.54 0.136343
-1.53 0.136234
-1.52 0.136121
-1.51 0.136005
-1.5 0.135885
-1.49 0.135763
-1.48 0.135637
-1.47 0.135507
-1.46 0.135375
-1.45 0.135239
-1.44 0.135101
-1.43 0.134959
-1.42 0.134815
-1.41 0.134667
-1.4 0.134517
-1.39 0.134364
-1.38 0.134208
-1.37 0.13405
-1.36 0.133889
-1.35 0.133725
-1.34 0.133559
-1.33 0.13339
-1.32 0.133219
-1.31 0.133046
-1.3 0.13287
-1.29 0.132692
-1.28 0.132512
-1.27 0.13233
-1.26 0.132146
-1.25 0.13196
-1.24 0.131772
-1.23 0.131582
-1.22 0.13139
-1.21 0.131196
-1.2 0.131001
-1.19 0.130804
-1.18 0.130606
-1.17 0.130406
-1.16 0.130204
-1.15 0.130002
-1.14 0.129797
-1.13 0.129592
-1.12 0.129386
-1.11 0.129178
-1.1 0.128969
-1.09 0.12876
-1.08 0.128549
-1.07 0.128337
-1.06 0.128125
-1.05 0.127912
-1.04 0.127698
-1.03 0.127484
-1.02 0.127269
-1.01 0.127053
-1 0.126838
-0.99 0.126621
-0.98 0.126405
-0.97 0.126188
-0.96 0.125971
-0.95 0.125754
-0.94 0.125537
-0.93 0.12532
-0.92 0.125102
-0.91 0.124886
-0.9 0.124669
-0.89 0.124452
-0.88 0.124236
-0.87 0.12402
-0.86 0.123805
-0.85 0.12359
-0.84 0.123376
-0.83 0.123162
-0.82 0.122949
-0.81 0.122737
-0.8 0.122526
-0.79 0.122315
-0.78 0.122106
-0.77 0.121897
-0.76 0.121689
-0.75 0.121483
-0.74 0.121278
-0.73 0.121074
-0.72 0.120871
-0.71 0.120669
-0.7 0.120469
-0.69 0.120271
-0.68 0.120073
-0.67 0.119878
-0.66 0.119684
-0.65 0.119491
-0.64 0.119301
-0.63 0.119112
-0.62 0.118925
-0.61 0.11874
-0.6 0.118557
-0.59 0.118375
-0.58 0.118196
-0.57 0.118019
-0.56 0.117844
-0.55 0.117671
-0.54 0.1175
-0.53 0.117332
-0.52 0.117166
-0.51 0.117002
-0.5 0.116841
-0.49 0.116682
-0.48 0.116525
-0.47 0.116372
-0.46 0.11622
-0.45 0.116072
-0.44 0.115926
-0.43 0.115782
-0.42 0.115642
-0.41 0.115504
-0.4 0.115369
-0.39 0.115236
-0.38 0.115107
-0.37 0.114981
-0.36 0.114857
-0.35 0.114737
-0.34 0.114619
-0.33 0.114505
-0.32 0.114394
-0.31 0.114285
-0.3 0.11418
-0.29 0.114078
-0.28 0.11398
-0.27 0.113884
-0.26 0.113792
-0.25 0.113703
-0.24 0.113617
-0.23 0.113535
-0.22 0.113456
-0.21 0.11338
-0.2 0.113308
-0.19 0.113239
-0.18 0.113174
-0.17 0.113112
-0.16 0.113053
-0.15 0.112998
-0.14 0.112946
-0.13 0.112898
-0.12 0.112854
-0.11 0.112812
-0.1 0.112775
-0.09 0.112741
-0.08 0.11271
-0.07 0.112684
-0.06 0.11266
-0.05 0.11264
-0.04 0.112624
-0.03 0.112612
-0.02 0.112603
-0.01 0.112597
0 0.112596
0.01 0.112597
0.02 0.112603
0.03 0.112612
0.04 0.112624
0.05 0.11264
0.06 0.11266
0.07 0.112684
0.08 0.11271
0.09 0.112741
0.1 0.112775
0.11 0.112812
0.12 0.112854
0.13 0.112898
0.14 0.112946
0.15 0.112998
0.16 0.113053
0.17 0.113112
0.18 0.113174
0.19 0.113239
0.2 0.113308
0.21 0.11338
0.22 0.113456
0.23 0.113535
0.24 0.113617
0.25 0.113703
0.26 0.113792
0.27 0.113884
0.28 0.11398
0.29 0.114078
0.3 0.11418
0.31 0.114285
0.32 0.114394
0.33 0.114505
0.34 0.114619
0.35 0.114737
0.36 0.114857
0.37 0.114981
0.38 0.115107
0.39 0.115236
0.4 0.115369
0.41 0.115504
0.42 0.115642
0.43 0.115782
0.44 0.115926
0.45 0.116072
0.46 0.11622
0.47 0.116372
0.48 0.116525
0.49 0.116682
0.5 0.116841
0.51 0.117002
0.52 0.117166
0.53 0.117332
0.54 0.1175
0.55 0.117671
0.56 0.117844
0.57 0.118019
0.58 0.118196
0.59 0.118375
0.6 0.118557
0.61 0.11874
0.62 0.118925
0.63 0.119112
0.64 0.119301
0.65 0.119491
0.66 0.119684
0.67 0.119878
0.68 0.120073
0.69 0.120271
0.7 0.120469
0.71 0.120669
0.72 0.120871
0.73 0.121074
0.74 0.121278
0.75 0.121483
0.76 0.121689
0.77 0.121897
0.78 0.122106
0.79 0.122315
0.8 0.122526
0.81 0.122737
0.82 0.122949
0.83 0.123162
0.84 0.123376
0.85 0.12359
0.86 0.123805
0.87 0.12402
0.88 0.124236
0.89 0.124452
0.9 0.124669
0.91 0.124886
0.92 0.125102
0.93 0.12532
0.94 0.125537
0.95 0.125754
0.96 0.125971
0.97 0.126188
0.98 0.126405
0.99 0.126621
1 0.126838
1.01 0.127053
1.02 0.127269
1.03 0.127484
1.04 0.127698
1.05 0.127912
1.06 0.128125
1.07 0.128337
1.08 0.128549
1.09 0.12876
1.1 0.128969
1.11 0.129178
1.12 0.129386
1.13 0.129592
1.14 0.129797
1.15 0.130002
1.16 0.130204
1.17 0.130406
1.18 0.130606
1.19 0.130804
1.2 0.131001
1.21 0.131196
1.22 0.13139
1.23 0.131582
1.24 0.131772
1.25 0.13196
1.26 0.132146
1.27 0.13233
1.28 0.132512
1.29 0.132692
1.3 0.13287
1.31 0.133046
1.32 0.133219
1.33 0.13339
1.34 0.133559
1.35 0.133725
1.36 0.133889
1.37 0.13405
1.38 0.134208
1.39 0.134364
1.4 0.134517
1.41 0.134667
1.42 0.134815
1.43 0.134959
1.44 0.135101
1.45 0.135239
1.46 0.135375
1.47 0.135507
1.48 0.135637
1.49 0.135763
1.5 0.135885
1.51 0.136005
1.52 0.136121
1.53 0.136234
1.54 0.136343
1.55 0.136449
1.56 0.136551
1.57 0.13665
1.58 0.136745
1.59 0.136836
1.6 0.136924
1.61 0.137008
1.62 0.137088
1.63 0.137164
1.64 0.137236
1.65 0.137305
1.66 0.137369
1.67 0.13743
1.68 0.137486
1.69 0.137538
1.7 0.137587
1.71 0.137631
1.72 0.137671
1.73 0.137706
1.74 0.137738
1.75 0.137765
1.76 0.137788
1.77 0.137806
1.78 0.13782
1.79 0.13783
1.8 0.137835
1.81 0.137836
1.82 0.137833
1.83 0.137824
1.84 0.137812
1.85 0.137794
1.86 0.137773
1.87 0.137746
1.88 0.137715
1.89 0.137679
1.9 0.137639
1.91 0.137594
1.92 0.137544
1.93 0.13749
1.94 0.13743
1.95 0.137366
1.96 0.137297
1.97 0.137224
1.98 0.137146
1.99 0.137062
2 0.136974
2.01 0.136882
2.02 0.136784
2.03 0.136681
2.04 0.136574
2.05 0.136462
2.06 0.136345
2.07 0.136223
2.08 0.136096
2.09 0.135964
2.1 0.135828
2.11 0.135686
2.12 0.13554
2.13 0.135388
2.14 0.135232
2.15 0.135071
2.16 0.134905
2.17 0.134734
2.18 0.134558
2.19 0.134378
2.2 0.134192
2.21 0.134002
2.22 0.133807
2.23 0.133607
2.24 0.133402
2.25 0.133192
2.26 0.132978
2.27 0.132759
2.28 0.132534
2.29 0.132306
2.3 0.132072
2.31 0.131833
2.32 0.13159
2.33 0.131343
2.34 0.13109
2.35 0.130833
2.36 0.130571
2.37 0.130304
2.38 0.130033
2.39 0.129757
2.4 0.129477
2.41 0.129192
2.42 0.128903
2.43 0.128609
2.44 0.12831
2.45 0.128007
2.46 0.1277
2.47 0.127388
2.48 0.127072
2.49 0.126752
2.5 0.126427
2.51 0.126098
2.52 0.125764
2.53 0.125427
2.54 0.125085
2.55 0.124739
2.56 0.124389
2.57 0.124034
2.58 0.123676
2.59 0.123314
2.6 0.122947
2.61 0.122577
2.62 0.122203
2.63 0.121824
2.64 0.121442
2.65 0.121056
2.66 0.120667
2.67 0.120273
2.68 0.119876
2.69 0.119475
2.7 0.119071
2.71 0.118663
2.72 0.118251
2.73 0.117836
2.74 0.117418
2.75 0.116996
2.76 0.11657
2.77 0.116142
2.78 0.11571
2.79 0.115274
2.8 0.114836
2.81 0.114394
2.82 0.11395
2.83 0.113502
2.84 0.113051
2.85 0.112597
2.86 0.112141
2.87 0.111681
2.88 0.111219
2.89 0.110753
2.9 0.110285
2.91 0.109815
2.92 0.109341
2.93 0.108865
2.94 0.108387
2.95 0.107906
2.96 0.107422
2.97 0.106937
2.98 0.106448
2.99 0.105958
3 0.105465
3.01 0.10497
3.02 0.104473
3.03 0.103974
3.04 0.103472
3.05 0.102969
3.06 0.102464
3.07 0.101957
3.08 0.101448
3.09 0.100937
3.1 0.100424
3.11 0.0999097
3.12 0.0993938
3.13 0.0988762
3.14 0.0983571
3.15 0.0978364
3.16 0.0973143
3.17 0.0967909
3.18 0.096266
3.19 0.0957399
3.2 0.0952125
3.21 0.0946839
3.22 0.0941542
3.23 0.0936233
3.24 0.0930914
3.25 0.0925586
3.26 0.0920247
3.27 0.09149
3.28 0.0909544
3.29 0.0904181
3.3 0.089881
3.31 0.0893431
3.32 0.0888047
3.33 0.0882656
3.34 0.087726
3.35 0.0871859
3.36 0.0866453
3.37 0.0861044
3.38 0.085563
3.39 0.0850214
3.4 0.0844795
3.41 0.0839374
3.42 0.0833951
3.43 0.0828527
3.44 0.0823103
3.45 0.0817678
3.46 0.0812253
3.47 0.0806829
3.48 0.0801406
3.49 0.0795985
3.5 0.0790566
3.51 0.0785149
3.52 0.0779736
3.53 0.0774325
3.54 0.0768919
3.55 0.0763516
3.56 0.0758119
3.57 0.0752726
3.58 0.074734
3.59 0.0741959
3.6 0.0736584
3.61 0.0731217
3.62 0.0725856
3.63 0.0720503
3.64 0.0715159
3.65 0.0709822
3.66 0.0704495
3.67 0.0699177
3.68 0.0693868
3.69 0.068857
3.7 0.0683282
3.71 0.0678004
3.72 0.0672738
3.73 0.0667483
3.74 0.066224
3.75 0.065701
3.76 0.0651792
3.77 0.0646587
3.78 0.0641395
3.79 0.0636217
3.8 0.0631053
3.81 0.0625903
3.82 0.0620768
3.83 0.0615648
3.84 0.0610543
3.85 0.0605454
3.86 0.0600381
3.87 0.0595324
3.88 0.0590284
3.89 0.058526
3.9 0.0580253
3.91 0.0575264
3.92 0.0570293
3.93 0.056534
3.94 0.0560405
3.95 0.0555488
3.96 0.0550591
3.97 0.0545712
3.98 0.0540853
3.99 0.0536013
4 0.0531193
4.01 0.0526393
4.02 0.0521614
4.03 0.0516855
4.04 0.0512117
4.05 0.05074
4.06 0.0502704
4.07 0.0498029
4.08 0.0493376
4.09 0.0488745
4.1 0.0484136
4.11 0.047955
4.12 0.0474985
4.13 0.0470444
4.14 0.0465925
4.15 0.0461429
4.16 0.0456956
4.17 0.0452507
4.18 0.0448081
4.19 0.0443679
4.2 0.04393
4.21 0.0434946
4.22 0.0430615
4.23 0.0426309
4.24 0.0422027
4.25 0.041777
4.26 0.0413537
4.27 0.0409329
4.28 0.0405146
4.29 0.0400988
4.3 0.0396855
4.31 0.0392747
4.32 0.0388665
4.33 0.0384608
4.34 0.0380576
4.35 0.037657
4.36 0.037259
4.37 0.0368635
4.38 0.0364706
4.39 0.0360803
4.4 0.0356926
4.41 0.0353075
4.42 0.034925
4.43 0.0345451
4.44 0.0341679
4.45 0.0337932
4.46 0.0334212
4.47 0.0330518
4.48 0.032685
4.49 0.0323209
4.5 0.0319594
4.51 0.0316006
4.52 0.0312444
4.53 0.0308908
4.54 0.0305399
4.55 0.0301916
4.56 0.029846
4.57 0.0295031
4.58 0.0291627
4.59 0.0288251
4.6 0.02849
4.61 0.0281576
4.62 0.0278279
4.63 0.0275008
4.64 0.0271763
4.65 0.0268545
4.66 0.0265353
4.67 0.0262187
4.68 0.0259048
4.69 0.0255935
4.7 0.0252848
4.71 0.0249787
4.72 0.0246752
4.73 0.0243744
4.74 0.0240761
4.75 0.0237804
4.76 0.0234873
4.77 0.0231968
4.78 0.0229089
4.79 0.0226236
4.8 0.0223408
4.81 0.0220605
4.82 0.0217828
4.83 0.0215077
4.84 0.0212351
4.85 0.020965
4.86 0.0206974
4.87 0.0204323
4.88 0.0201697
4.89 0.0199096
4.9 0.019652
4.91 0.0193969
4.92 0.0191442
4.93 0.018894
4.94 0.0186462
4.95 0.0184009
4.96 0.018158
4.97 0.0179175
4.98 0.0176794
4.99 0.0174436
5 0.0172103
5.01 0.0169793
5.02 0.0167507
5.03 0.0165244
5.04 0.0163005
5.05 0.0160788
5.06 0.0158595
5.07 0.0156425
5.08 0.0154278
5.09 0.0152153
5.1 0.0150051
5.11 0.0147972
5.12 0.0145914
5.13 0.0143879
5.14 0.0141866
5.15 0.0139875
5.16 0.0137906
5.17 0.0135959
5.18 0.0134033
5.19 0.0132128
5.2 0.0130245
5.21 0.0128383
5.22 0.0126541
5.23 0.0124721
5.24 0.0122922
5.25 0.0121143
5.26 0.0119384
5.27 0.0117646
5.28 0.0115928
5.29 0.011423
5.3 0.0112551
5.31 0.0110893
5.32 0.0109254
5.33 0.0107635
5.34 0.0106034
5.35 0.0104453
5.36 0.0102891
5.37 0.0101348
5.38 0.00998238
5.39 0.00983179
5.4 0.00968304
5.41 0.00953612
5.42 0.00939101
5.43 0.00924769
5.44 0.00910616
5.45 0.0089664
5.46 0.00882838
5.47 0.00869211
5.48 0.00855756
5.49 0.00842472
5.5 0.00829357
5.51 0.0081641
5.52 0.00803629
5.53 0.00791014
5.54 0.00778561
5.55 0.00766271
5.56 0.00754141
5.57 0.0074217
5.58 0.00730357
5.59 0.007187
5.6 0.00707197
5.61 0.00695848
5.62 0.0068465
5.63 0.00673602
5.64 0.00662704
5.65 0.00651952
5.66 0.00641347
5.67 0.00630886
5.68 0.00620568
5.69 0.00610392
5.7 0.00600356
5.71 0.00590458
5.72 0.00580698
5.73 0.00571074
5.74 0.00561584
5.75 0.00552228
5.76 0.00543003
5.77 0.00533909
5.78 0.00524943
5.79 0.00516106
5.8 0.00507394
5.81 0.00498807
5.82 0.00490344
5.83 0.00482003
5.84 0.00473783
5.85 0.00465682
5.86 0.004577
5.87 0.00449834
5.88 0.00442084
5.89 0.00434448
5.9 0.00426925
5.91 0.00419513
5.92 0.00412212
5.93 0.0040502
5.94 0.00397936
5.95 0.00390958
5.96 0.00384085
5.97 0.00377317
5.98 0.00370651
5.99 0.00364087
