-6 0.0020976
-5.99 0.0021371
-5.98 0.00217725
-5.97 0.00221806
-5.96 0.00225953
-5.95 0.00230167
-5.94 0.00234449
-5.93 0.00238801
-5.92 0.00243222
-5.91 0.00247714
-5.9 0.00252278
-5.89 0.00256915
-5.88 0.00261625
-5.87 0.0026641
-5.86 0.00271271
-5.85 0.00276207
-5.84 0.00281221
-5.83 0.00286313
-5.82 0.00291485
-5.81 0.00296737
-5.8 0.0030207
-5.79 0.00307485
-5.78 0.00312983
-5.77 0.00318566
-5.76 0.00324233
-5.75 0.00329987
-5.74 0.00335828
-5.73 0.00341758
-5.72 0.00347776
-5.71 0.00353885
-5.7 0.00360085
-5.69 0.00366377
-5.68 0.00372763
-5.67 0.00379243
-5.66 0.00385819
-5.65 0.00392491
-5.64 0.00399261
-5.63 0.0040613
-5.62 0.00413098
-5.61 0.00420168
-5.6 0.00427339
-5.59 0.00434613
-5.58 0.00441992
-5.57 0.00449476
-5.56 0.00457067
-5.55 0.00464765
-5.54 0.00472571
-5.53 0.00480488
-5.52 0.00488515
-5.51 0.00496654
-5.5 0.00504907
-5.49 0.00513274
-5.48 0.00521756
-5.47 0.00530355
-5.46 0.00539072
-5.45 0.00547907
-5.44 0.00556863
-5.43 0.0056594
-5.42 0.0057514
-5.41 0.00584463
-5.4 0.0059391
-5.39 0.00603484
-5.38 0.00613185
-5.37 0.00623014
-5.36 0.00632973
-5.35 0.00643062
-5.34 0.00653283
-5.33 0.00663637
-5.32 0.00674125
-5.31 0.00684748
-5.3 0.00695508
-5.29 0.00706406
-5.28 0.00717443
-5.27 0.0072862
-5.26 0.00739938
-5.25 0.00751398
-5.24 0.00763002
-5.23 0.00774751
-5.22 0.00786646
-5.21 0.00798689
-5.2 0.00810879
-5.19 0.00823219
-5.18 0.0083571
-5.17 0.00848353
-5.16 0.00861149
-5.15 0.00874099
-5.14 0.00887204
-5.13 0.00900466
-5.12 0.00913885
-5.11 0.00927464
-5.1 0.00941202
-5.09 0.00955102
-5.08 0.00969164
-5.07 0.00983389
-5.06 0.00997779
-5.05 0.0101233
-5.04 0.0102706
-5.03 0.0104195
-5.02 0.0105701
-5.01 0.0107224
-5 0.0108764
-4.99 0.0110321
-4.98 0.0111896
-4.97 0.0113488
-4.96 0.0115097
-4.95 0.0116725
-4.94 0.011837
-4.93 0.0120033
-4.92 0.0121713
-4.91 0.0123412
-4.9 0.012513
-4.89 0.0126865
-4.88 0.0128619
-4.87 0.0130391
-4.86 0.0132182
-4.85 0.0133991
-4.84 0.013582
-4.83 0.0137667
-4.82 0.0139533
-4.81 0.0141418
-4.8 0.0143322
-4.79 0.0145245
-4.78 0.0147188
-4.77 0.014915
-4.76 0.0151132
-4.75 0.0153133
-4.74 0.0155154
-4.73 0.0157194
-4.72 0.0159254
-4.71 0.0161335
-4.7 0.0163435
-4.69 0.0165555
-4.68 0.0167695
-4.67 0.0169855
-4.66 0.0172036
-4.65 0.0174237
-4.64 0.0176458
-4.63 0.01787
-4.62 0.0180962
-4.61 0.0183245
-4.6 0.0185548
-4.59 0.0187872
-4.58 0.0190217
-4.57 0.0192582
-4.56 0.0194969
-4.55 0.0197376
-4.54 0.0199804
-4.53 0.0202253
-4.52 0.0204723
-4.51 0.0207214
-4.5 0.0209726
-4.49 0.021226
-4.48 0.0214814
-4.47 0.0217389
-4.46 0.0219986
-4.45 0.0222604
-4.44 0.0225244
-4.43 0.0227904
-4.42 0.0230586
-4.41 0.0233289
-4.4 0.0236013
-4.39 0.0238759
-4.38 0.0241526
-4.37 0.0244315
-4.36 0.0247125
-4.35 0.0249956
-4.34 0.0252808
-4.33 0.0255682
-4.32 0.0258577
-4.31 0.0261494
-4.3 0.0264431
-4.29 0.026739
-4.28 0.0270371
-4.27 0.0273372
-4.26 0.0276395
-4.25 0.0279439
-4.24 0.0282504
-4.23 0.0285591
-4.22 0.0288698
-4.21 0.0291827
-4.2 0.0294976
-4.19 0.0298147
-4.18 0.0301338
-4.17 0.030455
-4.16 0.0307784
-4.15 0.0311037
-4.14 0.0314312
-4.13 0.0317607
-4.12 0.0320923
-4.11 0.032426
-4.1 0.0327617
-4.09 0.0330994
-4.08 0.0334391
-4.07 0.0337809
-4.06 0.0341247
-4.05 0.0344705
-4.04 0.0348183
-4.03 0.035168
-4.02 0.0355198
-4.01 0.0358735
-4 0.0362292
-3.99 0.0365868
-3.98 0.0369463
-3.97 0.0373078
-3.96 0.0376712
-3.95 0.0380365
-3.94 0.0384037
-3.93 0.0387727
-3.92 0.0391436
-3.91 0.0395164
-3.9 0.039891
-3.89 0.0402674
-3.88 0.0406457
-3.87 0.0410257
-3.86 0.0414075
-3.85 0.0417911
-3.84 0.0421764
-3.83 0.0425635
-3.82 0.0429523
-3.81 0.0433428
-3.8 0.043735
-3.79 0.0441288
-3.78 0.0445243
-3.77 0.0449215
-3.76 0.0453202
-3.75 0.0457206
-3.74 0.0461226
-3.73 0.0465261
-3.72 0.0469312
-3.71 0.0473377
-3.7 0.0477459
-3.69 0.0481555
-3.68 0.0485665
-3.67 0.048979
-3.66 0.049393
-3.65 0.0498084
-3.64 0.0502251
-3.63 0.0506432
-3.62 0.0510627
-3.61 0.0514835
-3.6 0.0519056
-3.59 0.052329
-3.58 0.0527537
-3.57 0.0531796
-3.56 0.0536067
-3.55 0.054035
-3.54 0.0544645
-3.53 0.0548951
-3.52 0.0553269
-3.51 0.0557598
-3.5 0.0561937
-3.49 0.0566287
-3.48 0.0570648
-3.47 0.0575019
-3.46 0.0579399
-3.45 0.0583789
-3.44 0.0588189
-3.43 0.0592597
-3.42 0.0597015
-3.41 0.0601441
-3.4 0.0605876
-3.39 0.0610318
-3.38 0.0614769
-3.37 0.0619227
-3.36 0.0623693
-3.35 0.0628166
-3.34 0.0632646
-3.33 0.0637132
-3.32 0.0641625
-3.31 0.0646124
-3.3 0.0650629
-3.29 0.065514
-3.28 0.0659656
-3.27 0.0664177
-3.26 0.0668703
-3.25 0.0673233
-3.24 0.0677768
-3.23 0.0682308
-3.22 0.0686851
-3.21 0.0691397
-3.2 0.0695947
-3.19 0.07005
-3.18 0.0705056
-3.17 0.0709614
-3.16 0.0714175
-3.15 0.0718738
-3.14 0.0723303
-3.13 0.072787
-3.12 0.0732437
-3.11 0.0737006
-3.1 0.0741576
-3.09 0.0746147
-3.08 0.0750718
-3.07 0.0755289
-3.06 0.0759859
-3.05 0.076443
-3.04 0.0769
-3.03 0.0773569
-3.02 0.0778138
-3.01 0.0782705
-3 0.078727
-2.99 0.0791834
-2.98 0.0796396
-2.97 0.0800956
-2.96 0.0805513
-2.95 0.0810068
-2.94 0.0814621
-2.93 0.081917
-2.92 0.0823716
-2.91 0.0828258
-2.9 0.0832797
-2.89 0.0837333
-2.88 0.0841864
-2.87 0.0846391
-2.86 0.0850914
-2.85 0.0855432
-2.84 0.0859946
-2.83 0.0864454
-2.82 0.0868958
-2.81 0.0873456
-2.8 0.0877949
-2.79 0.0882437
-2.78 0.0886918
-2.77 0.0891394
-2.76 0.0895864
-2.75 0.0900328
-2.74 0.0904785
-2.73 0.0909236
-2.72 0.091368
-2.71 0.0918117
-2.7 0.0922548
-2.69 0.0926972
-2.68 0.0931389
-2.67 0.0935798
-2.66 0.09402
-2.65 0.0944595
-2.64 0.0948982
-2.63 0.0953362
-2.62 0.0957734
-2.61 0.0962098
-2.6 0.0966455
-2.59 0.0970803
-2.58 0.0975144
-2.57 0.0979476
-2.56 0.0983801
-2.55 0.0988117
-2.54 0.0992425
-2.53 0.0996725
-2.52 0.100102
-2.51 0.10053
-2.5 0.100957
-2.49 0.101384
-2.48 0.10181
-2.47 0.102235
-2.46 0.102659
-2.45 0.103082
-2.44 0.103504
-2.43 0.103926
-2.42 0.104347
-2.41 0.104767
-2.4 0.105186
-2.39 0.105604
-2.38 0.106021
-2.37 0.106438
-2.36 0.106853
-2.35 0.107268
-2.34 0.107682
-2.33 0.108095
-2.32 0.108508
-2.31 0.108919
-2.3 0.10933
-2.29 0.10974
-2.28 0.110149
-2.27 0.110558
-2.26 0.110965
-2.25 0.111372
-2.24 0.111778
-2.23 0.112184
-2.22 0.112588
-2.21 0.112992
-2.2 0.113395
-2.19 0.113798
-2.18 0.114199
-2.17 0.114601
-2.16 0.115001
-2.15 0.115401
-2.14 0.1158
-2.13 0.116198
-2.12 0.116596
-2.11 0.116993
-2.1 0.11739
-2.09 0.117786
-2.08 0.118181
-2.07 0.118576
-2.06 0.11897
-2.05 0.119364
-2.04 0.119757
-2.03 0.12015
-2.02 0.120543
-2.01 0.120934
-2 0.121326
-1.99 0.121716
-1.98 0.122107
-1.97 0.122497
-1.96 0.122887
-1.95 0.123276
-1.94 0.123665
-1.93 0.124053
-1.92 0.124441
-1.91 0.124829
-1.9 0.125217
-1.89 0.125604
-1.88 0.125991
-1.87 0.126377
-1.86 0.126764
-1.85 0.12715
-1.84 0.127536
-1.83 0.127922
-1.82 0.128307
-1.81 0.128692
-1.8 0.129077
-1.79 0.129462
-1.78 0.129847
-1.77 0.130232
-1.76 0.130617
-1.75 0.131001
-1.74 0.131385
-1.73 0.13177
-1.72 0.132154
-1.71 0.132538
-1.7 0.132922
-1.69 0.133306
-1.68 0.13369
-1.67 0.134074
-1.66 0.134458
-1.65 0.134842
-1.64 0.135226
-1.63 0.13561
-1.62 0.135994
-1.61 0.136378
-1.6 0.136762
-1.59 0.137146
-1.58 0.13753
-1.57 0.137914
-1.56 0.138298
-1.55 0.138682
-1.54 0.139066
-1.53 0.13945
-1.52 0.139835
-1.51 0.140219
-1.5 0.140603
-1.49 0.140987
-1.48 0.141372
-1.47 0.141756
-1.46 0.142141
-1.45 0.142525
-1.44 0.14291
-1.43 0.143294
-1.42 0.143678
-1.41 0.144063
-1.4 0.144447
-1.39 0.144832
-1.38 0.145216
-1.37 0.1456
-1.36 0.145985
-1.35 0.146369
-1.34 0.146753
-1.33 0.147137
-1.32 0.147521
-1.31 0.147904
-1.3 0.148288
-1.29 0.148671
-1.28 0.149055
-1.27 0.149438
-1.26 0.14982
-1.25 0.150203
-1.24 0.150585
-1.23 0.150967
-1.22 0.151348
-1.21 0.15173
-1.2 0.15211
-1.19 0.152491
-1.18 0.152871
-1.17 0.15325
-1.16 0.153629
-1.15 0.154008
-1.14 0.154385
-1.13 0.154763
-1.12 0.155139
-1.11 0.155515
-1.1 0.155891
-1.09 0.156265
-1.08 0.156639
-1.07 0.157012
-1.06 0.157384
-1.05 0.157755
-1.04 0.158126
-1.03 0.158495
-1.02 0.158863
-1.01 0.15923
-1 0.159596
-0.99 0.159961
-0.98 0.160325
-0.97 0.160688
-0.96 0.161049
-0.95 0.161409
-0.94 0.161767
-0.93 0.162124
-0.92 0.16248
-0.91 0.162834
-0.9 0.163187
-0.89 0.163537
-0.88 0.163887
-0.87 0.164234
-0.86 0.16458
-0.85 0.164923
-0.84 0.165265
-0.83 0.165605
-0.82 0.165943
-0.81 0.166279
-0.8 0.166613
-0.79 0.166945
-0.78 0.167274
-0.77 0.167601
-0.76 0.167926
-0.75 0.168248
-0.74 0.168568
-0.73 0.168886
-0.72 0.1692
-0.71 0.169513
-0.7 0.169822
-0.69 0.170129
-0.68 0.170433
-0.67 0.170734
-0.66 0.171032
-0.65 0.171328
-0.64 0.17162
-0.63 0.171909
-0.62 0.172195
-0.61 0.172478
-0.6 0.172758
-0.59 0.173034
-0.58 0.173307
-0.57 0.173576
-0.56 0.173842
-0.55 0.174105
-0.54 0.174364
-0.53 0.174619
-0.52 0.17487
-0.51 0.175118
-0.5 0.175362
-0.49 0.175602
-0.48 0.175838
-0.47 0.17607
-0.46 0.176299
-0.45 0.176523
-0.44 0.176743
-0.43 0.176959
-0.42 0.17717
-0.41 0.177377
-0.4 0.177581
-0.39 0.177779
-0.38 0.177973
-0.37 0.178163
-0.36 0.178349
-0.35 0.178529
-0.34 0.178705
-0.33 0.178877
-0.32 0.179044
-0.31 0.179206
-0.3 0.179364
-0.29 0.179516
-0.28 0.179664
-0.27 0.179807
-0.26 0.179945
-0.25 0.180078
-0.24 0.180206
-0.23 0.18033
-0.22 0.180448
-0.21 0.180561
-0.2 0.180669
-0.19 0.180772
-0.18 0.18087
-0.17 0.180963
-0.16 0.18105
-0.15 0.181133
-0.14 0.18121
-0.13 0.181282
-0.12 0.181348
-0.11 0.18141
-0.1 0.181466
-0.09 0.181517
-0.08 0.181562
-0.07 0.181602
-0.06 0.181637
-0.05 0.181667
-0.04 0.181691
-0.03 0.181709
-0.02 0.181723
-0.01 0.181731
0 0.181734
0.01 0.181731
0.02 0.181723
0.03 0.181709
0.04 0.181691
0.05 0.181667
0.06 0.181637
0.07 0.181602
0.08 0.181562
0.09 0.181517
0.1 0.181466
0.11 0.18141
0.12 0.181348
0.13 0.181282
0.14 0.18121
0.15 0.181133
0.16 0.18105
0.17 0.180963
0.18 0.18087
0.19 0.180772
0.2 0.180669
0.21 0.180561
0.22 0.180448
0.23 0.18033
0.24 0.180206
0.25 0.180078
0.26 0.179945
0.27 0.179807
0.28 0.179664
0.29 0.179516
0.3 0.179364
0.31 0.179206
0.32 0.179044
0.33 0.178877
0.34 0.178705
0.35 0.178529
0.36 0.178349
0.37 0.178163
0.38 0.177973
0.39 0.177779
0.4 0.177581
0.41 0.177377
0.42 0.17717
0.43 0.176959
0.44 0.176743
0.45 0.176523
0.46 0.176299
0.47 0.17607
0.48 0.175838
0.49 0.175602
0.5 0.175362
0.51 0.175118
0.52 0.17487
0.53 0.174619
0.54 0.174364
0.55 0.174105
0.56 0.173842
0.57 0.173576
0.58 0.173307
0.59 0.173034
0.6 0.172758
0.61 0.172478
0.62 0.172195
0.63 0.171909
0.64 0.17162
0.65 0.171328
0.66 0.171032
0.67 0.170734
0.68 0.170433
0.69 0.170129
0.7 0.169822
0.71 0.169513
0.72 0.1692
0.73 0.168886
0.74 0.168568
0.75 0.168248
0.76 0.167926
0.77 0.167601
0.78 0.167274
0.79 0.166945
0.8 0.166613
0.81 0.166279
0.82 0.165943
0.83 0.165605
0.84 0.165265
0.85 0.164923
0.86 0.16458
0.87 0.164234
0.88 0.163887
0.89 0.163537
0.9 0.163187
0.91 0.162834
0.92 0.16248
0.93 0.162124
0.94 0.161767
0.95 0.161409
0.96 0.161049
0.97 0.160688
0.98 0.160325
0.99 0.159961
1 0.159596
1.01 0.15923
1.02 0.158863
1.03 0.158495
1.04 0.158126
1.05 0.157755
1.06 0.157384
1.07 0.157012
1.08 0.156639
1.09 0.156265
1.1 0.155891
1.11 0.155515
1.12 0.155139
1.13 0.154763
1.14 0.154385
1.15 0.154008
1.16 0.153629
1.17 0.15325
1.18 0.152871
1.19 0.152491
1.2 0.15211
1.21 0.15173
1.22 0.151348
1.23 0.150967
1.24 0.150585
1.25 0.150203
1.26 0.14982
1.27 0.149438
1.28 0.149055
1.29 0.148671
1.3 0.148288
1.31 0.147904
1.32 0.147521
1.33 0.147137
1.34 0.146753
1.35 0.146369
1.36 0.145985
1.37 0.1456
1.38 0.145216
1.39 0.144832
1.4 0.144447
1.41 0.144063
1.42 0.143678
1.43 0.143294
1.44 0.14291
1.45 0.142525
1.46 0.142141
1.47 0.141756
1.48 0.141372
1.49 0.140987
1.5 0.140603
1.51 0.140219
1.52 0.139835
1.53 0.13945
1.54 0.139066
1.55 0.138682
1.56 0.138298
1.57 0.137914
1.58 0.13753
1.59 0.137146
1.6 0.136762
1.61 0.136378
1.62 0.135994
1.63 0.13561
1.64 0.135226
1.65 0.134842
1.66 0.134458
1.67 0.134074
1.68 0.13369
1.69 0.133306
1.7 0.132922
1.71 0.132538
1.72 0.132154
1.73 0.13177
1.74 0.131385
1.75 0.131001
1.76 0.130617
1.77 0.130232
1.78 0.129847
1.79 0.129462
1.8 0.129077
1.81 0.128692
1.82 0.128307
1.83 0.127922
1.84 0.127536
1.85 0.12715
1.86 0.126764
1.87 0.126377
1.88 0.125991
1.89 0.125604
1.9 0.125217
1.91 0.124829
1.92 0.124441
1.93 0.124053
1.94 0.123665
1.95 0.123276
1.96 0.122887
1.97 0.122497
1.98 0.122107
1.99 0.121716
2 0.121326
2.01 0.120934
2.02 0.120543
2.03 0.12015
2.04 0.119757
2.05 0.119364
2.06 0.11897
2.07 0.118576
2.08 0.118181
2.09 0.117786
2.1 0.11739
2.11 0.116993
2.12 0.116596
2.13 0.116198
2.14 0.1158
2.15 0.115401
2.16 0.115001
2.17 0.114601
2.18 0.114199
2.19 0.113798
2.2 0.113395
2.21 0.112992
2.22 0.112588
2.23 0.112184
2.24 0.111778
2.25 0.111372
2.26 0.110965
2.27 0.110558
2.28 0.110149
2.29 0.10974
2.3 0.10933
2.31 0.108919
2.32 0.108508
2.33 0.108095
2.34 0.107682
2.35 0.107268
2.36 0.106853
2.37 0.106438
2.38 0.106021
2.39 0.105604
2.4 0.105186
2.41 0.104767
2.42 0.104347
2.43 0.103926
2.44 0.103504
2.45 0.103082
2.46 0.102659
2.47 0.102235
2.48 0.10181
2.49 0.101384
2.5 0.100957
2.51 0.10053
2.52 0.100102
2.53 0.0996725
2.54 0.0992425
2.55 0.0988117
2.56 0.0983801
2.57 0.0979476
2.58 0.0975144
2.59 0.0970803
2.6 0.0966455
2.61 0.0962098
2.62 0.0957734
2.63 0.0953362
2.64 0.0948982
2.65 0.0944595
2.66 0.09402
2.67 0.0935798
2.68 0.0931389
2.69 0.0926972
2.7 0.0922548
2.71 0.0918117
2.72 0.091368
2.73 0.0909236
2.74 0.0904785
2.75 0.0900328
2.76 0.0895864
2.77 0.0891394
2.78 0.0886918
2.79 0.0882437
2.8 0.0877949
2.81 0.0873456
2.82 0.0868958
2.83 0.0864454
2.84 0.0859946
2.85 0.0855432
2.86 0.0850914
2.87 0.0846391
2.88 0.0841864
2.89 0.0837333
2.9 0.0832797
2.91 0.0828258
2.92 0.0823716
2.93 0.081917
2.94 0.0814621
2.95 0.0810068
2.96 0.0805513
2.97 0.0800956
2.98 0.0796396
2.99 0.0791834
3 0.078727
3.01 0.0782705
3.02 0.0778138
3.03 0.0773569
3.04 0.0769
3.05 0.076443
3.06 0.0759859
3.07 0.0755289
3.08 0.0750718
3.09 0.0746147
3.1 0.0741576
3.11 0.0737006
3.12 0.0732437
3.13 0.072787
3.14 0.0723303
3.15 0.0718738
3.16 0.0714175
3.17 0.0709614
3.18 0.0705056
3.19 0.07005
3.2 0.0695947
3.21 0.0691397
3.22 0.0686851
3.23 0.0682308
3.24 0.0677768
3.25 0.0673233
3.26 0.0668703
3.27 0.0664177
3.28 0.0659656
3.29 0.065514
3.3 0.0650629
3.31 0.0646124
3.32 0.0641625
3.33 0.0637132
3.34 0.0632646
3.35 0.0628166
3.36 0.0623693
3.37 0.0619227
3.38 0.0614769
3.39 0.0610318
3.4 0.0605876
3.41 0.0601441
3.42 0.0597015
3.43 0.0592597
3.44 0.0588189
3.45 0.0583789
3.46 0.0579399
3.47 0.0575019
3.48 0.0570648
3.49 0.0566287
3.5 0.0561937
3.51 0.0557598
3.52 0.0553269
3.53 0.0548951
3.54 0.0544645
3.55 0.054035
3.56 0.0536067
3.57 0.0531796
3.58 0.0527537
3.59 0.052329
3.6 0.0519056
3.61 0.0514835
3.62 0.0510627
3.63 0.0506432
3.64 0.0502251
3.65 0.0498084
3.66 0.049393
3.67 0.048979
3.68 0.0485665
3.69 0.0481555
3.7 0.0477459
3.71 0.0473377
3.72 0.0469312
3.73 0.0465261
3.74 0.0461226
3.75 0.0457206
3.76 0.0453202
3.77 0.0449215
3.78 0.0445243
3.79 0.0441288
3.8 0.043735
3.81 0.0433428
3.82 0.0429523
3.83 0.0425635
3.84 0.0421764
3.85 0.0417911
3.86 0.0414075
3.87 0.0410257
3.88 0.0406457
3.89 0.0402674
3.9 0.039891
3.91 0.0395164
3.92 0.0391436
3.93 0.0387727
3.94 0.0384037
3.95 0.0380365
3.96 0.0376712
3.97 0.0373078
3.98 0.0369463
3.99 0.0365868
4 0.0362292
4.01 0.0358735
4.02 0.0355198
4.03 0.035168
4.04 0.0348183
4.05 0.0344705
4.06 0.0341247
4.07 0.0337809
4.08 0.0334391
4.09 0.0330994
4.1 0.0327617
4.11 0.032426
4.12 0.0320923
4.13 0.0317607
4.14 0.0314312
4.15 0.0311037
4.16 0.0307784
4.17 0.030455
4.18 0.0301338
4.19 0.0298147
4.2 0.0294976
4.21 0.0291827
4.22 0.0288698
4.23 0.0285591
4.24 0.0282504
4.25 0.0279439
4.26 0.0276395
4.27 0.0273372
4.28 0.0270371
4.29 0.026739
4.3 0.0264431
4.31 0.0261494
4.32 0.0258577
4.33 0.0255682
4.34 0.0252808
4.35 0.0249956
4.36 0.0247125
4.37 0.0244315
4.38 0.0241526
4.39 0.0238759
4.4 0.0236013
4.41 0.0233289
4.42 0.0230586
4.43 0.0227904
4.44 0.0225244
4.45 0.0222604
4.46 0.0219986
4.47 0.0217389
4.48 0.0214814
4.49 0.021226
4.5 0.0209726
4.51 0.0207214
4.52 0.0204723
4.53 0.0202253
4.54 0.0199804
4.55 0.0197376
4.56 0.0194969
4.57 0.0192582
4.58 0.0190217
4.59 0.0187872
4.6 0.0185548
4.61 0.0183245
4.62 0.0180962
4.63 0.01787
4.64 0.0176458
4.65 0.0174237
4.66 0.0172036
4.67 0.0169855
4.68 0.0167695
4.69 0.0165555
4.7 0.0163435
4.71 0.0161335
4.72 0.0159254
4.73 0.0157194
4.74 0.0155154
4.75 0.0153133
4.76 0.0151132
4.77 0.014915
4.78 0.0147188
4.79 0.0145245
4.8 0.0143322
4.81 0.0141418
4.82 0.0139533
4.83 0.0137667
4.84 0.013582
4.85 0.0133991
4.86 0.0132182
4.87 0.0130391
4.88 0.0128619
4.89 0.0126865
4.9 0.012513
4.91 0.0123412
4.92 0.0121713
4.93 0.0120033
4.94 0.011837
4.95 0.0116725
4.96 0.0115097
4.97 0.0113488
4.98 0.0111896
4.99 0.0110321
5 0.0108764
5.01 0.0107224
5.02 0.0105701
5.03 0.0104195
5.04 0.0102706
5.05 0.0101233
5.06 0.00997779
5.07 0.00983389
5.08 0.00969164
5.09 0.00955102
5.1 0.00941202
5.11 0.00927464
5.12 0.00913885
5.13 0.00900466
5.14 0.00887204
5.15 0.00874099
5.16 0.00861149
5.17 0.00848353
5.18 0.0083571
5.19 0.00823219
5.2 0.00810879
5.21 0.00798689
5.22 0.00786646
5.23 0.00774751
5.24 0.00763002
5.25 0.00751398
5.26 0.00739938
5.27 0.0072862
5.28 0.00717443
5.29 0.00706406
5.3 0.00695508
5.31 0.00684748
5.32 0.00674125
5.33 0.00663637
5.34 0.00653283
5.35 0.00643062
5.36 0.00632973
5.37 0.00623014
5.38 0.00613185
5.39 0.00603484
5.4 0.0059391
5.41 0.00584463
5.42 0.0057514
5.43 0.0056594
5.44 0.00556863
5.45 0.00547907
5.46 0.00539072
5.47 0.00530355
5.48 0.00521756
5.49 0.00513274
5.5 0.00504907
5.51 0.00496654
5.52 0.00488515
5.53 0.00480488
5.54 0.00472571
5.55 0.00464765
5.56 0.00457067
5.57 0.00449476
5.58 0.00441992
5.59 0.00434613
5.6 0.00427339
5.61 0.00420168
5.62 0.00413098
5.63 0.0040613
5.64 0.00399261
5.65 0.00392491
5.66 0.00385819
5.67 0.00379243
5.68 0.00372763
5.69 0.00366377
5.7 0.00360085
5.71 0.00353885
5.72 0.00347776
5.73 0.00341758
5.74 0.00335828
5.75 0.00329987
5.76 0.00324233
5.77 0.00318566
5.78 0.00312983
5.79 0.00307485
5.8 0.0030207
5.81 0.00296737
5.82 0.00291485
5.83 0.00286313
5.84 0.00281221
5.85 0.00276207
5.86 0.00271271
5.87 0.0026641
5.88 0.00261625
5.89 0.00256915
5.9 0.00252278
5.91 0.00247714
5.92 0.00243222
5.93 0.00238801
5.94 0.00234449
5.95 0.00230167
5.96 0.00225953
5.97 0.00221806
5.98 0.00217725
5.99 0.0021371
