-6 0.000575617
-5.99 0.000588504
-5.98 0.000601651
-5.97 0.000615065
-5.96 0.00062875
-5.95 0.000642711
-5.94 0.000656953
-5.93 0.000671479
-5.92 0.000686297
-5.91 0.00070141
-5.9 0.000716824
-5.89 0.000732544
-5.88 0.000748575
-5.87 0.000764923
-5.86 0.000781594
-5.85 0.000798591
-5.84 0.000815922
-5.83 0.000833592
-5.82 0.000851607
-5.81 0.000869972
-5.8 0.000888693
-5.79 0.000907777
-5.78 0.000927229
-5.77 0.000947056
-5.76 0.000967263
-5.75 0.000987858
-5.74 0.00100885
-5.73 0.00103023
-5.72 0.00105203
-5.71 0.00107424
-5.7 0.00109686
-5.69 0.00111992
-5.68 0.00114341
-5.67 0.00116734
-5.66 0.00119171
-5.65 0.00121654
-5.64 0.00124184
-5.63 0.0012676
-5.62 0.00129384
-5.61 0.00132056
-5.6 0.00134778
-5.59 0.00137549
-5.58 0.00140371
-5.57 0.00143245
-5.56 0.00146171
-5.55 0.0014915
-5.54 0.00152183
-5.53 0.00155271
-5.52 0.00158415
-5.51 0.00161615
-5.5 0.00164872
-5.49 0.00168187
-5.48 0.00171562
-5.47 0.00174996
-5.46 0.00178491
-5.45 0.00182048
-5.44 0.00185668
-5.43 0.00189351
-5.42 0.00193098
-5.41 0.00196911
-5.4 0.0020079
-5.39 0.00204737
-5.38 0.00208752
-5.37 0.00212836
-5.36 0.00216991
-5.35 0.00221216
-5.34 0.00225514
-5.33 0.00229885
-5.32 0.00234331
-5.31 0.00238852
-5.3 0.00243449
-5.29 0.00248124
-5.28 0.00252877
-5.27 0.0025771
-5.26 0.00262624
-5.25 0.00267619
-5.24 0.00272697
-5.23 0.0027786
-5.22 0.00283107
-5.21 0.00288441
-5.2 0.00293862
-5.19 0.00299372
-5.18 0.00304972
-5.17 0.00310663
-5.16 0.00316445
-5.15 0.00322322
-5.14 0.00328292
-5.13 0.00334359
-5.12 0.00340522
-5.11 0.00346784
-5.1 0.00353145
-5.09 0.00359607
-5.08 0.00366171
-5.07 0.00372839
-5.06 0.0037961
-5.05 0.00386488
-5.04 0.00393473
-5.03 0.00400567
-5.02 0.0040777
-5.01 0.00415084
-5 0.00422511
-4.99 0.00430052
-4.98 0.00437708
-4.97 0.00445481
-4.96 0.00453372
-4.95 0.00461382
-4.94 0.00469513
-4.93 0.00477766
-4.92 0.00486142
-4.91 0.00494644
-4.9 0.00503272
-4.89 0.00512028
-4.88 0.00520913
-4.87 0.00529929
-4.86 0.00539077
-4.85 0.00548359
-4.84 0.00557776
-4.83 0.0056733
-4.82 0.00577022
-4.81 0.00586854
-4.8 0.00596827
-4.79 0.00606943
-4.78 0.00617203
-4.77 0.00627609
-4.76 0.00638162
-4.75 0.00648864
-4.74 0.00659716
-4.73 0.0067072
-4.72 0.00681878
-4.71 0.00693191
-4.7 0.00704661
-4.69 0.00716289
-4.68 0.00728077
-4.67 0.00740026
-4.66 0.00752138
-4.65 0.00764415
-4.64 0.00776858
-4.63 0.00789469
-4.62 0.0080225
-4.61 0.00815201
-4.6 0.00828326
-4.59 0.00841624
-4.58 0.00855099
-4.57 0.00868751
-4.56 0.00882583
-4.55 0.00896595
-4.54 0.0091079
-4.53 0.00925169
-4.52 0.00939734
-4.51 0.00954486
-4.5 0.00969428
-4.49 0.0098456
-4.48 0.00999885
-4.47 0.010154
-4.46 0.0103112
-4.45 0.0104703
-4.44 0.0106314
-4.43 0.0107945
-4.42 0.0109597
-4.41 0.0111269
-4.4 0.0112961
-4.39 0.0114674
-4.38 0.0116408
-4.37 0.0118163
-4.36 0.0119939
-4.35 0.0121737
-4.34 0.0123556
-4.33 0.0125397
-4.32 0.012726
-4.31 0.0129145
-4.3 0.0131052
-4.29 0.0132982
-4.28 0.0134934
-4.27 0.0136908
-4.26 0.0138906
-4.25 0.0140926
-4.24 0.014297
-4.23 0.0145037
-4.22 0.0147128
-4.21 0.0149242
-4.2 0.015138
-4.19 0.0153542
-4.18 0.0155728
-4.17 0.0157939
-4.16 0.0160173
-4.15 0.0162433
-4.14 0.0164717
-4.13 0.0167026
-4.12 0.016936
-4.11 0.0171719
-4.1 0.0174104
-4.09 0.0176514
-4.08 0.017895
-4.07 0.0181411
-4.06 0.0183898
-4.05 0.0186412
-4.04 0.0188951
-4.03 0.0191517
-4.02 0.019411
-4.01 0.0196729
-4 0.0199375
-3.99 0.0202047
-3.98 0.0204747
-3.97 0.0207474
-3.96 0.0210228
-3.95 0.0213009
-3.94 0.0215818
-3.93 0.0218655
-3.92 0.0221519
-3.91 0.0224412
-3.9 0.0227332
-3.89 0.023028
-3.88 0.0233257
-3.87 0.0236262
-3.86 0.0239295
-3.85 0.0242357
-3.84 0.0245448
-3.83 0.0248568
-3.82 0.0251716
-3.81 0.0254893
-3.8 0.02581
-3.79 0.0261335
-3.78 0.02646
-3.77 0.0267895
-3.76 0.0271218
-3.75 0.0274572
-3.74 0.0277954
-3.73 0.0281367
-3.72 0.0284809
-3.71 0.0288282
-3.7 0.0291784
-3.69 0.0295316
-3.68 0.0298878
-3.67 0.030247
-3.66 0.0306093
-3.65 0.0309746
-3.64 0.0313429
-3.63 0.0317142
-3.62 0.0320886
-3.61 0.0324661
-3.6 0.0328466
-3.59 0.0332301
-3.58 0.0336167
-3.57 0.0340064
-3.56 0.0343991
-3.55 0.0347949
-3.54 0.0351938
-3.53 0.0355958
-3.52 0.0360008
-3.51 0.0364089
-3.5 0.0368201
-3.49 0.0372344
-3.48 0.0376517
-3.47 0.0380722
-3.46 0.0384957
-3.45 0.0389223
-3.44 0.039352
-3.43 0.0397847
-3.42 0.0402206
-3.41 0.0406595
-3.4 0.0411015
-3.39 0.0415466
-3.38 0.0419947
-3.37 0.0424459
-3.36 0.0429002
-3.35 0.0433575
-3.34 0.0438179
-3.33 0.0442813
-3.32 0.0447478
-3.31 0.0452173
-3.3 0.0456899
-3.29 0.0461655
-3.28 0.0466441
-3.27 0.0471257
-3.26 0.0476104
-3.25 0.048098
-3.24 0.0485886
-3.23 0.0490823
-3.22 0.0495789
-3.21 0.0500784
-3.2 0.0505809
-3.19 0.0510864
-3.18 0.0515948
-3.17 0.0521061
-3.16 0.0526203
-3.15 0.0531375
-3.14 0.0536575
-3.13 0.0541804
-3.12 0.0547062
-3.11 0.0552348
-3.1 0.0557663
-3.09 0.0563006
-3.08 0.0568377
-3.07 0.0573776
-3.06 0.0579203
-3.05 0.0584657
-3.04 0.0590139
-3.03 0.0595648
-3.02 0.0601185
-3.01 0.0606748
-3 0.0612339
-2.99 0.0617955
-2.98 0.0623599
-2.97 0.0629268
-2.96 0.0634964
-2.95 0.0640685
-2.94 0.0646433
-2.93 0.0652205
-2.92 0.0658003
-2.91 0.0663826
-2.9 0.0669674
-2.89 0.0675546
-2.88 0.0681443
-2.87 0.0687364
-2.86 0.0693309
-2.85 0.0699278
-2.84 0.070527
-2.83 0.0711285
-2.82 0.0717323
-2.81 0.0723384
-2.8 0.0729468
-2.79 0.0735573
-2.78 0.0741701
-2.77 0.074785
-2.76 0.0754021
-2.75 0.0760213
-2.74 0.0766426
-2.73 0.0772659
-2.72 0.0778913
-2.71 0.0785186
-2.7 0.079148
-2.69 0.0797793
-2.68 0.0804125
-2.67 0.0810476
-2.66 0.0816845
-2.65 0.0823233
-2.64 0.0829638
-2.63 0.0836062
-2.62 0.0842502
-2.61 0.084896
-2.6 0.0855434
-2.59 0.0861924
-2.58 0.0868431
-2.57 0.0874953
-2.56 0.0881491
-2.55 0.0888043
-2.54 0.0894611
-2.53 0.0901192
-2.52 0.0907788
-2.51 0.0914397
-2.5 0.092102
-2.49 0.0927656
-2.48 0.0934304
-2.47 0.0940964
-2.46 0.0947636
-2.45 0.095432
-2.44 0.0961015
-2.43 0.0967721
-2.42 0.0974437
-2.41 0.0981163
-2.4 0.0987899
-2.39 0.0994644
-2.38 0.10014
-2.37 0.100816
-2.36 0.101493
-2.35 0.102171
-2.34 0.10285
-2.33 0.103529
-2.32 0.104209
-2.31 0.10489
-2.3 0.105571
-2.29 0.106252
-2.28 0.106935
-2.27 0.107617
-2.26 0.1083
-2.25 0.108984
-2.24 0.109668
-2.23 0.110352
-2.22 0.111036
-2.21 0.111721
-2.2 0.112406
-2.19 0.113091
-2.18 0.113776
-2.17 0.114461
-2.16 0.115146
-2.15 0.115832
-2.14 0.116517
-2.13 0.117202
-2.12 0.117887
-2.11 0.118571
-2.1 0.119256
-2.09 0.11994
-2.08 0.120624
-2.07 0.121308
-2.06 0.121991
-2.05 0.122674
-2.04 0.123356
-2.03 0.124038
-2.02 0.124719
-2.01 0.1254
-2 0.12608
-1.99 0.126759
-1.98 0.127438
-1.97 0.128116
-1.96 0.128793
-1.95 0.129469
-1.94 0.130145
-1.93 0.130819
-1.92 0.131493
-1.91 0.132165
-1.9 0.132837
-1.89 0.133507
-1.88 0.134177
-1.87 0.134845
-1.86 0.135512
-1.85 0.136178
-1.84 0.136842
-1.83 0.137505
-1.82 0.138167
-1.81 0.138828
-1.8 0.139487
-1.79 0.140144
-1.78 0.1408
-1.77 0.141455
-1.76 0.142108
-1.75 0.142759
-1.74 0.143409
-1.73 0.144056
-1.72 0.144703
-1.71 0.145347
-1.7 0.14599
-1.69 0.14663
-1.68 0.147269
-1.67 0.147906
-1.66 0.148541
-1.65 0.149174
-1.64 0.149805
-1.63 0.150434
-1.62 0.151061
-1.61 0.151685
-1.6 0.152308
-1.59 0.152928
-1.58 0.153546
-1.57 0.154162
-1.56 0.154775
-1.55 0.155386
-1.54 0.155995
-1.53 0.156601
-1.52 0.157205
-1.51 0.157806
-1.5 0.158405
-1.49 0.159001
-1.48 0.159595
-1.47 0.160186
-1.46 0.160774
-1.45 0.16136
-1.44 0.161943
-1.43 0.162523
-1.42 0.1631
-1.41 0.163675
-1.4 0.164247
-1.39 0.164816
-1.38 0.165382
-1.37 0.165945
-1.36 0.166505
-1.35 0.167062
-1.34 0.167616
-1.33 0.168168
-1.32 0.168716
-1.31 0.169261
-1.3 0.169802
-1.29 0.170341
-1.28 0.170877
-1.27 0.171409
-1.26 0.171938
-1.25 0.172464
-1.24 0.172987
-1.23 0.173506
-1.22 0.174022
-1.21 0.174534
-1.2 0.175043
-1.19 0.175549
-1.18 0.176052
-1.17 0.176551
-1.16 0.177046
-1.15 0.177538
-1.14 0.178026
-1.13 0.178511
-1.12 0.178992
-1.11 0.17947
-1.1 0.179944
-1.09 0.180415
-1.08 0.180882
-1.07 0.181345
-1.06 0.181804
-1.05 0.18226
-1.04 0.182712
-1.03 0.18316
-1.02 0.183605
-1.01 0.184045
-1 0.184482
-0.99 0.184915
-0.98 0.185345
-0.97 0.18577
-0.96 0.186191
-0.95 0.186609
-0.94 0.187023
-0.93 0.187432
-0.92 0.187838
-0.91 0.18824
-0.9 0.188638
-0.89 0.189032
-0.88 0.189421
-0.87 0.189807
-0.86 0.190189
-0.85 0.190567
-0.84 0.19094
-0.83 0.19131
-0.82 0.191675
-0.81 0.192037
-0.8 0.192394
-0.79 0.192747
-0.78 0.193096
-0.77 0.193441
-0.76 0.193781
-0.75 0.194118
-0.74 0.19445
-0.73 0.194778
-0.72 0.195102
-0.71 0.195422
-0.7 0.195737
-0.69 0.196048
-0.68 0.196355
-0.67 0.196657
-0.66 0.196955
-0.65 0.197249
-0.64 0.197539
-0.63 0.197824
-0.62 0.198105
-0.61 0.198382
-0.6 0.198654
-0.59 0.198922
-0.58 0.199186
-0.57 0.199445
-0.56 0.1997
-0.55 0.199951
-0.54 0.200197
-0.53 0.200439
-0.52 0.200676
-0.51 0.200909
-0.5 0.201137
-0.49 0.201361
-0.48 0.201581
-0.47 0.201796
-0.46 0.202007
-0.45 0.202213
-0.44 0.202415
-0.43 0.202613
-0.42 0.202806
-0.41 0.202994
-0.4 0.203178
-0.39 0.203358
-0.38 0.203533
-0.37 0.203703
-0.36 0.203869
-0.35 0.204031
-0.34 0.204188
-0.33 0.20434
-0.32 0.204488
-0.31 0.204632
-0.3 0.204771
-0.29 0.204905
-0.28 0.205035
-0.27 0.205161
-0.26 0.205282
-0.25 0.205398
-0.24 0.20551
-0.23 0.205617
-0.22 0.20572
-0.21 0.205818
-0.2 0.205912
-0.19 0.206001
-0.18 0.206085
-0.17 0.206165
-0.16 0.20624
-0.15 0.206311
-0.14 0.206378
-0.13 0.206439
-0.12 0.206496
-0.11 0.206549
-0.1 0.206597
-0.09 0.20664
-0.08 0.206679
-0.07 0.206714
-0.06 0.206743
-0.05 0.206769
-0.04 0.206789
-0.03 0.206805
-0.02 0.206817
-0.01 0.206823
0 0.206826
0.01 0.206823
0.02 0.206817
0.03 0.206805
0.04 0.206789
0.05 0.206769
0.06 0.206743
0.07 0.206714
0.08 0.206679
0.09 0.20664
0.1 0.206597
0.11 0.206549
0.12 0.206496
0.13 0.206439
0.14 0.206378
0.15 0.206311
0.16 0.20624
0.17 0.206165
0.18 0.206085
0.19 0.206001
0.2 0.205912
0.21 0.205818
0.22 0.20572
0.23 0.205617
0.24 0.20551
0.25 0.205398
0.26 0.205282
0.27 0.205161
0.28 0.205035
0.29 0.204905
0.3 0.204771
0.31 0.204632
0.32 0.204488
0.33 0.20434
0.34 0.204188
0.35 0.204031
0.36 0.203869
0.37 0.203703
0.38 0.203533
0.39 0.203358
0.4 0.203178
0.41 0.202994
0.42 0.202806
0.43 0.202613
0.44 0.202415
0.45 0.202213
0.46 0.202007
0.47 0.201796
0.48 0.201581
0.49 0.201361
0.5 0.201137
0.51 0.200909
0.52 0.200676
0.53 0.200439
0.54 0.200197
0.55 0.199951
0.56 0.1997
0.57 0.199445
0.58 0.199186
0.59 0.198922
0.6 0.198654
0.61 0.198382
0.62 0.198105
0.63 0.197824
0.64 0.197539
0.65 0.197249
0.66 0.196955
0.67 0.196657
0.68 0.196355
0.69 0.196048
0.7 0.195737
0.71 0.195422
0.72 0.195102
0.73 0.194778
0.74 0.19445
0.75 0.194118
0.76 0.193781
0.77 0.193441
0.78 0.193096
0.79 0.192747
0.8 0.192394
0.81 0.192037
0.82 0.191675
0.83 0.19131
0.84 0.19094
0.85 0.190567
0.86 0.190189
0.87 0.189807
0.88 0.189421
0.89 0.189032
0.9 0.188638
0.91 0.18824
0.92 0.187838
0.93 0.187432
0.94 0.187023
0.95 0.186609
0.96 0.186191
0.97 0.18577
0.98 0.185345
0.99 0.184915
1 0.184482
1.01 0.184045
1.02 0.183605
1.03 0.18316
1.04 0.182712
1.05 0.18226
1.06 0.181804
1.07 0.181345
1.08 0.180882
1.09 0.180415
1.1 0.179944
1.11 0.17947
1.12 0.178992
1.13 0.178511
1.14 0.178026
1.15 0.177538
1.16 0.177046
1.17 0.176551
1.18 0.176052
1.19 0.175549
1.2 0.175043
1.21 0.174534
1.22 0.174022
1.23 0.173506
1.24 0.172987
1.25 0.172464
1.26 0.171938
1.27 0.171409
1.28 0.170877
1.29 0.170341
1.3 0.169802
1.31 0.169261
1.32 0.168716
1.33 0.168168
1.34 0.167616
1.35 0.167062
1.36 0.166505
1.37 0.165945
1.38 0.165382
1.39 0.164816
1.4 0.164247
1.41 0.163675
1.42 0.1631
1.43 0.162523
1.44 0.161943
1.45 0.16136
1.46 0.160774
1.47 0.160186
1.48 0.159595
1.49 0.159001
1.5 0.158405
1.51 0.157806
1.52 0.157205
1.53 0.156601
1.54 0.155995
1.55 0.155386
1.56 0.154775
1.57 0.154162
1.58 0.153546
1.59 0.152928
1.6 0.152308
1.61 0.151685
1.62 0.151061
1.63 0.150434
1.64 0.149805
1.65 0.149174
1.66 0.148541
1.67 0.147906
1.68 0.147269
1.69 0.14663
1.7 0.14599
1.71 0.145347
1.72 0.144703
1.73 0.144056
1.74 0.143409
1.75 0.142759
1.76 0.142108
1.77 0.141455
1.78 0.1408
1.79 0.140144
1.8 0.139487
1.81 0.138828
1.82 0.138167
1.83 0.137505
1.84 0.136842
1.85 0.136178
1.86 0.135512
1.87 0.134845
1.88 0.134177
1.89 0.133507
1.9 0.132837
1.91 0.132165
1.92 0.131493
1.93 0.130819
1.94 0.130145
1.95 0.129469
1.96 0.128793
1.97 0.128116
1.98 0.127438
1.99 0.126759
2 0.12608
2.01 0.1254
2.02 0.124719
2.03 0.124038
2.04 0.123356
2.05 0.122674
2.06 0.121991
2.07 0.121308
2.08 0.120624
2.09 0.11994
2.1 0.119256
2.11 0.118571
2.12 0.117887
2.13 0.117202
2.14 0.116517
2.15 0.115832
2.16 0.115146
2.17 0.114461
2.18 0.113776
2.19 0.113091
2.2 0.112406
2.21 0.111721
2.22 0.111036
2.23 0.110352
2.24 0.109668
2.25 0.108984
2.26 0.1083
2.27 0.107617
2.28 0.106935
2.29 0.106252
2.3 0.105571
2.31 0.10489
2.32 0.104209
2.33 0.103529
2.34 0.10285
2.35 0.102171
2.36 0.101493
2.37 0.100816
2.38 0.10014
2.39 0.0994644
2.4 0.0987899
2.41 0.0981163
2.42 0.0974437
2.43 0.0967721
2.44 0.0961015
2.45 0.095432
2.46 0.0947636
2.47 0.0940964
2.48 0.0934304
2.49 0.0927656
2.5 0.092102
2.51 0.0914397
2.52 0.0907788
2.53 0.0901192
2.54 0.0894611
2.55 0.0888043
2.56 0.0881491
2.57 0.0874953
2.58 0.0868431
2.59 0.0861924
2.6 0.0855434
2.61 0.084896
2.62 0.0842502
2.63 0.0836062
2.64 0.0829638
2.65 0.0823233
2.66 0.0816845
2.67 0.0810476
2.68 0.0804125
2.69 0.0797793
2.7 0.079148
2.71 0.0785186
2.72 0.0778913
2.73 0.0772659
2.74 0.0766426
2.75 0.0760213
2.76 0.0754021
2.77 0.074785
2.78 0.0741701
2.79 0.0735573
2.8 0.0729468
2.81 0.0723384
2.82 0.0717323
2.83 0.0711285
2.84 0.070527
2.85 0.0699278
2.86 0.0693309
2.87 0.0687364
2.88 0.0681443
2.89 0.0675546
2.9 0.0669674
2.91 0.0663826
2.92 0.0658003
2.93 0.0652205
2.94 0.0646433
2.95 0.0640685
2.96 0.0634964
2.97 0.0629268
2.98 0.0623599
2.99 0.0617955
3 0.0612339
3.01 0.0606748
3.02 0.0601185
3.03 0.0595648
3.04 0.0590139
3.05 0.0584657
3.06 0.0579203
3.07 0.0573776
3.08 0.0568377
3.09 0.0563006
3.1 0.0557663
3.11 0.0552348
3.12 0.0547062
3.13 0.0541804
3.14 0.0536575
3.15 0.0531375
3.16 0.0526203
3.17 0.0521061
3.18 0.0515948
3.19 0.0510864
3.2 0.0505809
3.21 0.0500784
3.22 0.0495789
3.23 0.0490823
3.24 0.0485886
3.25 0.048098
3.26 0.0476104
3.27 0.0471257
3.28 0.0466441
3.29 0.0461655
3.3 0.0456899
3.31 0.0452173
3.32 0.0447478
3.33 0.0442813
3.34 0.0438179
3.35 0.0433575
3.36 0.0429002
3.37 0.0424459
3.38 0.0419947
3.39 0.0415466
3.4 0.0411015
3.41 0.0406595
3.42 0.0402206
3.43 0.0397847
3.44 0.039352
3.45 0.0389223
3.46 0.0384957
3.47 0.0380722
3.48 0.0376517
3.49 0.0372344
3.5 0.0368201
3.51 0.0364089
3.52 0.0360008
3.53 0.0355958
3.54 0.0351938
3.55 0.0347949
3.56 0.0343991
3.57 0.0340064
3.58 0.0336167
3.59 0.0332301
3.6 0.0328466
3.61 0.0324661
3.62 0.0320886
3.63 0.0317142
3.64 0.0313429
3.65 0.0309746
3.66 0.0306093
3.67 0.030247
3.68 0.0298878
3.69 0.0295316
3.7 0.0291784
3.71 0.0288282
3.72 0.0284809
3.73 0.0281367
3.74 0.0277954
3.75 0.0274572
3.76 0.0271218
3.77 0.0267895
3.78 0.02646
3.79 0.0261335
3.8 0.02581
3.81 0.0254893
3.82 0.0251716
3.83 0.0248568
3.84 0.0245448
3.85 0.0242357
3.86 0.0239295
3.87 0.0236262
3.88 0.0233257
3.89 0.023028
3.9 0.0227332
3.91 0.0224412
3.92 0.0221519
3.93 0.0218655
3.94 0.0215818
3.95 0.0213009
3.96 0.0210228
3.97 0.0207474
3.98 0.0204747
3.99 0.0202047
4 0.0199375
4.01 0.0196729
4.02 0.019411
4.03 0.0191517
4.04 0.0188951
4.05 0.0186412
4.06 0.0183898
4.07 0.0181411
4.08 0.017895
4.09 0.0176514
4.1 0.0174104
4.11 0.0171719
4.12 0.016936
4.13 0.0167026
4.14 0.0164717
4.15 0.0162433
4.16 0.0160173
4.17 0.0157939
4.18 0.0155728
4.19 0.0153542
4.2 0.015138
4.21 0.0149242
4.22 0.0147128
4.23 0.0145037
4.24 0.014297
4.25 0.0140926
4.26 0.0138906
4.27 0.0136908
4.28 0.0134934
4.29 0.0132982
4.3 0.0131052
4.31 0.0129145
4.32 0.012726
4.33 0.0125397
4.34 0.0123556
4.35 0.0121737
4.36 0.0119939
4.37 0.0118163
4.38 0.0116408
4.39 0.0114674
4.4 0.0112961
4.41 0.0111269
4.42 0.0109597
4.43 0.0107945
4.44 0.0106314
4.45 0.0104703
4.46 0.0103112
4.47 0.010154
4.48 0.00999885
4.49 0.0098456
4.5 0.00969428
4.51 0.00954486
4.52 0.00939734
4.53 0.00925169
4.54 0.0091079
4.55 0.00896595
4.56 0.00882583
4.57 0.00868751
4.58 0.00855099
4.59 0.00841624
4.6 0.00828326
4.61 0.00815201
4.62 0.0080225
4.63 0.00789469
4.64 0.00776858
4.65 0.00764415
4.66 0.00752138
4.67 0.00740026
4.68 0.00728077
4.69 0.00716289
4.7 0.00704661
4.71 0.00693191
4.72 0.00681878
4.73 0.0067072
4.74 0.00659716
4.75 0.00648864
4.76 0.00638162
4.77 0.00627609
4.78 0.00617203
4.79 0.00606943
4.8 0.00596827
4.81 0.00586854
4.82 0.00577022
4.83 0.0056733
4.84 0.00557776
4.85 0.00548359
4.86 0.00539077
4.87 0.00529929
4.88 0.00520913
4.89 0.00512028
4.9 0.00503272
4.91 0.00494644
4.92 0.00486142
4.93 0.00477766
4.94 0.00469513
4.95 0.00461382
4.96 0.00453372
4.97 0.00445481
4.98 0.00437708
4.99 0.00430052
5 0.00422511
5.01 0.00415084
5.02 0.0040777
5.03 0.00400567
5.04 0.00393473
5.05 0.00386488
5.06 0.0037961
5.07 0.00372839
5.08 0.00366171
5.09 0.00359607
5.1 0.00353145
5.11 0.00346784
5.12 0.00340522
5.13 0.00334359
5.14 0.00328292
5.15 0.00322322
5.16 0.00316445
5.17 0.00310663
5.18 0.00304972
5.19 0.00299372
5.2 0.00293862
5.21 0.00288441
5.22 0.00283107
5.23 0.0027786
5.24 0.00272697
5.25 0.00267619
5.26 0.00262624
5.27 0.0025771
5.28 0.00252877
5.29 0.00248124
5.3 0.00243449
5.31 0.00238852
5.32 0.00234331
5.33 0.00229885
5.34 0.00225514
5.35 0.00221216
5.36 0.00216991
5.37 0.00212836
5.38 0.00208752
5.39 0.00204737
5.4 0.0020079
5.41 0.00196911
5.42 0.00193098
5.43 0.00189351
5.44 0.00185668
5.45 0.00182048
5.46 0.00178491
5.47 0.00174996
5.48 0.00171562
5.49 0.00168187
5.5 0.00164872
5.51 0.00161615
5.52 0.00158415
5.53 0.00155271
5.54 0.00152183
5.55 0.0014915
5.56 0.00146171
5.57 0.00143245
5.58 0.00140371
5.59 0.00137549
5.6 0.00134778
5.61 0.00132056
5.62 0.00129384
5.63 0.0012676
5.64 0.00124184
5.65 0.00121654
5.66 0.00119171
5.67 0.00116734
5.68 0.00114341
5.69 0.00111992
5.7 0.00109686
5.71 0.00107424
5.72 0.00105203
5.73 0.00103023
5.74 0.00100885
5.75 0.000987858
5.76 0.000967263
5.77 0.000947056
5.78 0.000927229
5.79 0.000907777
5.8 0.000888693
5.81 0.000869972
5.82 0.000851607
5.83 0.000833592
5.84 0.000815922
5.85 0.000798591
5.86 0.000781594
5.87 0.000764923
5.88 0.000748575
5.89 0.000732544
5.9 0.000716824
5.91 0.00070141
5.92 0.000686297
5.93 0.000671479
5.94 0.000656953
5.95 0.000642711
5.96 0.00062875
5.97 0.000615065
5.98 0.000601651
5.99 0.000588504
