-6 0.000522279
-5.99 0.000535872
-5.98 0.000549787
-5.97 0.00056403
-5.96 0.000578608
-5.95 0.000593528
-5.94 0.000608798
-5.93 0.000624424
-5.92 0.000640414
-5.91 0.000656776
-5.9 0.000673516
-5.89 0.000690642
-5.88 0.000708163
-5.87 0.000726085
-5.86 0.000744418
-5.85 0.000763169
-5.84 0.000782348
-5.83 0.000801961
-5.82 0.000822018
-5.81 0.000842527
-5.8 0.000863498
-5.79 0.00088494
-5.78 0.000906861
-5.77 0.00092927
-5.76 0.000952178
-5.75 0.000975594
-5.74 0.000999528
-5.73 0.00102399
-5.72 0.00104899
-5.71 0.00107453
-5.7 0.00110064
-5.69 0.00112731
-5.68 0.00115456
-5.67 0.0011824
-5.66 0.00121084
-5.65 0.0012399
-5.64 0.00126958
-5.63 0.00129989
-5.62 0.00133085
-5.61 0.00136246
-5.6 0.00139475
-5.59 0.00142772
-5.58 0.00146138
-5.57 0.00149574
-5.56 0.00153083
-5.55 0.00156665
-5.54 0.00160321
-5.53 0.00164054
-5.52 0.00167863
-5.51 0.0017175
-5.5 0.00175718
-5.49 0.00179767
-5.48 0.00183898
-5.47 0.00188113
-5.46 0.00192414
-5.45 0.00196801
-5.44 0.00201277
-5.43 0.00205842
-5.42 0.00210499
-5.41 0.00215249
-5.4 0.00220093
-5.39 0.00225033
-5.38 0.0023007
-5.37 0.00235206
-5.36 0.00240443
-5.35 0.00245783
-5.34 0.00251226
-5.33 0.00256775
-5.32 0.00262431
-5.31 0.00268196
-5.3 0.00274072
-5.29 0.0028006
-5.28 0.00286162
-5.27 0.0029238
-5.26 0.00298716
-5.25 0.00305172
-5.24 0.00311749
-5.23 0.00318449
-5.22 0.00325274
-5.21 0.00332226
-5.2 0.00339307
-5.19 0.00346518
-5.18 0.00353862
-5.17 0.00361341
-5.16 0.00368956
-5.15 0.0037671
-5.14 0.00384604
-5.13 0.00392641
-5.12 0.00400823
-5.11 0.00409151
-5.1 0.00417628
-5.09 0.00426256
-5.08 0.00435036
-5.07 0.00443972
-5.06 0.00453065
-5.05 0.00462317
-5.04 0.0047173
-5.03 0.00481307
-5.02 0.0049105
-5.01 0.00500961
-5 0.00511042
-4.99 0.00521296
-4.98 0.00531724
-4.97 0.0054233
-4.96 0.00553115
-4.95 0.00564081
-4.94 0.00575231
-4.93 0.00586568
-4.92 0.00598093
-4.91 0.00609809
-4.9 0.00621718
-4.89 0.00633823
-4.88 0.00646127
-4.87 0.0065863
-4.86 0.00671336
-4.85 0.00684248
-4.84 0.00697367
-4.83 0.00710697
-4.82 0.00724239
-4.81 0.00737996
-4.8 0.00751971
-4.79 0.00766165
-4.78 0.00780583
-4.77 0.00795225
-4.76 0.00810094
-4.75 0.00825194
-4.74 0.00840526
-4.73 0.00856093
-4.72 0.00871898
-4.71 0.00887942
-4.7 0.0090423
-4.69 0.00920762
-4.68 0.00937542
-4.67 0.00954572
-4.66 0.00971855
-4.65 0.00989394
-4.64 0.0100719
-4.63 0.0102525
-4.62 0.0104357
-4.61 0.0106215
-4.6 0.01081
-4.59 0.0110013
-4.58 0.0111952
-4.57 0.011392
-4.56 0.0115915
-4.55 0.0117938
-4.54 0.0119989
-4.53 0.0122069
-4.52 0.0124178
-4.51 0.0126316
-4.5 0.0128484
-4.49 0.013068
-4.48 0.0132907
-4.47 0.0135164
-4.46 0.0137451
-4.45 0.0139769
-4.44 0.0142117
-4.43 0.0144497
-4.42 0.0146907
-4.41 0.014935
-4.4 0.0151824
-4.39 0.015433
-4.38 0.0156868
-4.37 0.0159439
-4.36 0.0162043
-4.35 0.0164679
-4.34 0.0167349
-4.33 0.0170052
-4.32 0.0172788
-4.31 0.0175559
-4.3 0.0178363
-4.29 0.0181202
-4.28 0.0184075
-4.27 0.0186983
-4.26 0.0189926
-4.25 0.0192904
-4.24 0.0195917
-4.23 0.0198965
-4.22 0.020205
-4.21 0.020517
-4.2 0.0208326
-4.19 0.0211519
-4.18 0.0214748
-4.17 0.0218013
-4.16 0.0221316
-4.15 0.0224655
-4.14 0.0228032
-4.13 0.0231445
-4.12 0.0234897
-4.11 0.0238385
-4.1 0.0241912
-4.09 0.0245477
-4.08 0.0249079
-4.07 0.025272
-4.06 0.0256399
-4.05 0.0260116
-4.04 0.0263873
-4.03 0.0267667
-4.02 0.0271501
-4.01 0.0275373
-4 0.0279285
-3.99 0.0283235
-3.98 0.0287225
-3.97 0.0291254
-3.96 0.0295323
-3.95 0.029943
-3.94 0.0303578
-3.93 0.0307765
-3.92 0.0311991
-3.91 0.0316258
-3.9 0.0320564
-3.89 0.032491
-3.88 0.0329295
-3.87 0.0333721
-3.86 0.0338186
-3.85 0.0342691
-3.84 0.0347236
-3.83 0.0351821
-3.82 0.0356446
-3.81 0.036111
-3.8 0.0365815
-3.79 0.0370559
-3.78 0.0375343
-3.77 0.0380167
-3.76 0.038503
-3.75 0.0389933
-3.74 0.0394875
-3.73 0.0399858
-3.72 0.0404879
-3.71 0.040994
-3.7 0.041504
-3.69 0.0420179
-3.68 0.0425357
-3.67 0.0430573
-3.66 0.0435829
-3.65 0.0441123
-3.64 0.0446456
-3.63 0.0451827
-3.62 0.0457236
-3.61 0.0462683
-3.6 0.0468168
-3.59 0.0473691
-3.58 0.0479251
-3.57 0.0484848
-3.56 0.0490483
-3.55 0.0496154
-3.54 0.0501861
-3.53 0.0507605
-3.52 0.0513385
-3.51 0.0519201
-3.5 0.0525052
-3.49 0.0530939
-3.48 0.053686
-3.47 0.0542817
-3.46 0.0548807
-3.45 0.0554832
-3.44 0.0560891
-3.43 0.0566982
-3.42 0.0573108
-3.41 0.0579265
-3.4 0.0585456
-3.39 0.0591678
-3.38 0.0597932
-3.37 0.0604217
-3.36 0.0610533
-3.35 0.061688
-3.34 0.0623256
-3.33 0.0629663
-3.32 0.0636098
-3.31 0.0642563
-3.3 0.0649055
-3.29 0.0655576
-3.28 0.0662124
-3.27 0.0668699
-3.26 0.06753
-3.25 0.0681928
-3.24 0.068858
-3.23 0.0695258
-3.22 0.0701961
-3.21 0.0708687
-3.2 0.0715436
-3.19 0.0722209
-3.18 0.0729004
-3.17 0.073582
-3.16 0.0742658
-3.15 0.0749516
-3.14 0.0756394
-3.13 0.0763292
-3.12 0.0770208
-3.11 0.0777143
-3.1 0.0784095
-3.09 0.0791064
-3.08 0.079805
-3.07 0.0805051
-3.06 0.0812067
-3.05 0.0819098
-3.04 0.0826142
-3.03 0.0833199
-3.02 0.0840269
-3.01 0.084735
-3 0.0854442
-2.99 0.0861545
-2.98 0.0868657
-2.97 0.0875778
-2.96 0.0882907
-2.95 0.0890044
-2.94 0.0897187
-2.93 0.0904336
-2.92 0.0911491
-2.91 0.091865
-2.9 0.0925812
-2.89 0.0932978
-2.88 0.0940145
-2.87 0.0947314
-2.86 0.0954484
-2.85 0.0961654
-2.84 0.0968822
-2.83 0.0975989
-2.82 0.0983154
-2.81 0.0990315
-2.8 0.0997472
-2.79 0.100462
-2.78 0.101177
-2.77 0.101891
-2.76 0.102604
-2.75 0.103317
-2.74 0.104028
-2.73 0.104739
-2.72 0.105448
-2.71 0.106157
-2.7 0.106864
-2.69 0.107569
-2.68 0.108274
-2.67 0.108977
-2.66 0.109678
-2.65 0.110378
-2.64 0.111076
-2.63 0.111772
-2.62 0.112466
-2.61 0.113158
-2.6 0.113849
-2.59 0.114537
-2.58 0.115222
-2.57 0.115906
-2.56 0.116587
-2.55 0.117266
-2.54 0.117942
-2.53 0.118615
-2.52 0.119286
-2.51 0.119953
-2.5 0.120618
-2.49 0.12128
-2.48 0.121939
-2.47 0.122595
-2.46 0.123247
-2.45 0.123896
-2.44 0.124542
-2.43 0.125184
-2.42 0.125823
-2.41 0.126458
-2.4 0.12709
-2.39 0.127717
-2.38 0.128341
-2.37 0.128961
-2.36 0.129577
-2.35 0.130188
-2.34 0.130796
-2.33 0.131399
-2.32 0.131998
-2.31 0.132593
-2.3 0.133183
-2.29 0.133769
-2.28 0.134349
-2.27 0.134926
-2.26 0.135497
-2.25 0.136064
-2.24 0.136626
-2.23 0.137183
-2.22 0.137735
-2.21 0.138281
-2.2 0.138823
-2.19 0.139359
-2.18 0.13989
-2.17 0.140416
-2.16 0.140937
-2.15 0.141451
-2.14 0.141961
-2.13 0.142465
-2.12 0.142963
-2.11 0.143455
-2.1 0.143942
-2.09 0.144423
-2.08 0.144898
-2.07 0.145368
-2.06 0.145831
-2.05 0.146288
-2.04 0.14674
-2.03 0.147185
-2.02 0.147624
-2.01 0.148057
-2 0.148483
-1.99 0.148904
-1.98 0.149318
-1.97 0.149726
-1.96 0.150127
-1.95 0.150523
-1.94 0.150911
-1.93 0.151293
-1.92 0.151669
-1.91 0.152038
-1.9 0.152401
-1.89 0.152757
-1.88 0.153107
-1.87 0.153449
-1.86 0.153786
-1.85 0.154115
-1.84 0.154438
-1.83 0.154754
-1.82 0.155064
-1.81 0.155367
-1.8 0.155663
-1.79 0.155952
-1.78 0.156234
-1.77 0.15651
-1.76 0.156779
-1.75 0.157041
-1.74 0.157297
-1.73 0.157546
-1.72 0.157787
-1.71 0.158023
-1.7 0.158251
-1.69 0.158473
-1.68 0.158688
-1.67 0.158896
-1.66 0.159097
-1.65 0.159292
-1.64 0.15948
-1.63 0.159661
-1.62 0.159836
-1.61 0.160004
-1.6 0.160165
-1.59 0.16032
-1.58 0.160468
-1.57 0.160609
-1.56 0.160744
-1.55 0.160873
-1.54 0.160995
-1.53 0.161111
-1.52 0.16122
-1.51 0.161323
-1.5 0.161419
-1.49 0.161509
-1.48 0.161593
-1.47 0.161671
-1.46 0.161743
-1.45 0.161808
-1.44 0.161867
-1.43 0.161921
-1.42 0.161968
-1.41 0.162009
-1.4 0.162045
-1.39 0.162074
-1.38 0.162098
-1.37 0.162116
-1.36 0.162129
-1.35 0.162135
-1.34 0.162137
-1.33 0.162132
-1.32 0.162123
-1.31 0.162108
-1.3 0.162087
-1.29 0.162062
-1.28 0.162031
-1.27 0.161995
-1.26 0.161955
-1.25 0.161909
-1.24 0.161858
-1.23 0.161803
-1.22 0.161743
-1.21 0.161678
-1.2 0.161608
-1.19 0.161535
-1.18 0.161456
-1.17 0.161374
-1.16 0.161287
-1.15 0.161196
-1.14 0.1611
-1.13 0.161001
-1.12 0.160898
-1.11 0.160791
-1.1 0.16068
-1.09 0.160566
-1.08 0.160448
-1.07 0.160327
-1.06 0.160202
-1.05 0.160074
-1.04 0.159942
-1.03 0.159808
-1.02 0.15967
-1.01 0.15953
-1 0.159387
-0.99 0.159241
-0.98 0.159092
-0.97 0.158941
-0.96 0.158787
-0.95 0.158631
-0.94 0.158472
-0.93 0.158312
-0.92 0.158149
-0.91 0.157985
-0.9 0.157818
-0.89 0.15765
-0.88 0.15748
-0.87 0.157308
-0.86 0.157135
-0.85 0.15696
-0.84 0.156785
-0.83 0.156608
-0.82 0.156429
-0.81 0.15625
-0.8 0.15607
-0.79 0.155889
-0.78 0.155708
-0.77 0.155525
-0.76 0.155343
-0.75 0.155159
-0.74 0.154976
-0.73 0.154792
-0.72 0.154608
-0.71 0.154424
-0.7 0.15424
-0.69 0.154056
-0.68 0.153873
-0.67 0.15369
-0.66 0.153507
-0.65 0.153325
-0.64 0.153143
-0.63 0.152962
-0.62 0.152782
-0.61 0.152602
-0.6 0.152424
-0.59 0.152247
-0.58 0.15207
-0.57 0.151895
-0.56 0.151722
-0.55 0.151549
-0.54 0.151379
-0.53 0.151209
-0.52 0.151042
-0.51 0.150876
-0.5 0.150712
-0.49 0.15055
-0.48 0.150389
-0.47 0.150231
-0.46 0.150075
-0.45 0.149921
-0.44 0.149769
-0.43 0.14962
-0.42 0.149473
-0.41 0.149329
-0.4 0.149187
-0.39 0.149047
-0.38 0.148911
-0.37 0.148777
-0.36 0.148646
-0.35 0.148517
-0.34 0.148392
-0.33 0.14827
-0.32 0.14815
-0.31 0.148034
-0.3 0.147921
-0.29 0.147811
-0.28 0.147704
-0.27 0.147601
-0.26 0.147501
-0.25 0.147404
-0.24 0.147311
-0.23 0.147221
-0.22 0.147135
-0.21 0.147052
-0.2 0.146973
-0.19 0.146897
-0.18 0.146825
-0.17 0.146757
-0.16 0.146693
-0.15 0.146632
-0.14 0.146575
-0.13 0.146522
-0.12 0.146473
-0.11 0.146428
-0.1 0.146386
-0.09 0.146348
-0.08 0.146315
-0.07 0.146285
-0.06 0.146259
-0.05 0.146237
-0.04 0.146219
-0.03 0.146205
-0.02 0.146195
-0.01 0.146189
0 0.146187
0.01 0.146189
0.02 0.146195
0.03 0.146205
0.04 0.146219
0.05 0.146237
0.06 0.146259
0.07 0.146285
0.08 0.146315
0.09 0.146348
0.1 0.146386
0.11 0.146428
0.12 0.146473
0.13 0.146522
0.14 0.146575
0.15 0.146632
0.16 0.146693
0.17 0.146757
0.18 0.146825
0.19 0.146897
0.2 0.146973
0.21 0.147052
0.22 0.147135
0.23 0.147221
0.24 0.147311
0.25 0.147404
0.26 0.147501
0.27 0.147601
0.28 0.147704
0.29 0.147811
0.3 0.147921
0.31 0.148034
0.32 0.14815
0.33 0.14827
0.34 0.148392
0.35 0.148517
0.36 0.148646
0.37 0.148777
0.38 0.148911
0.39 0.149047
0.4 0.149187
0.41 0.149329
0.42 0.149473
0.43 0.14962
0.44 0.149769
0.45 0.149921
0.46 0.150075
0.47 0.150231
0.48 0.150389
0.49 0.15055
0.5 0.150712
0.51 0.150876
0.52 0.151042
0.53 0.151209
0.54 0.151379
0.55 0.151549
0.56 0.151722
0.57 0.151895
0.58 0.15207
0.59 0.152247
0.6 0.152424
0.61 0.152602
0.62 0.152782
0.63 0.152962
0.64 0.153143
0.65 0.153325
0.66 0.153507
0.67 0.15369
0.68 0.153873
0.69 0.154056
0.7 0.15424
0.71 0.154424
0.72 0.154608
0.73 0.154792
0.74 0.154976
0.75 0.155159
0.76 0.155343
0.77 0.155525
0.78 0.155708
0.79 0.155889
0.8 0.15607
0.81 0.15625
0.82 0.156429
0.83 0.156608
0.84 0.156785
0.85 0.15696
0.86 0.157135
0.87 0.157308
0.88 0.15748
0.89 0.15765
0.9 0.157818
0.91 0.157985
0.92 0.158149
0.93 0.158312
0.94 0.158472
0.95 0.158631
0.96 0.158787
0.97 0.158941
0.98 0.159092
0.99 0.159241
1 0.159387
1.01 0.15953
1.02 0.15967
1.03 0.159808
1.04 0.159942
1.05 0.160074
1.06 0.160202
1.07 0.160327
1.08 0.160448
1.09 0.160566
1.1 0.16068
1.11 0.160791
1.12 0.160898
1.13 0.161001
1.14 0.1611
1.15 0.161196
1.16 0.161287
1.17 0.161374
1.18 0.161456
1.19 0.161535
1.2 0.161608
1.21 0.161678
1.22 0.161743
1.23 0.161803
1.24 0.161858
1.25 0.161909
1.26 0.161955
1.27 0.161995
1.28 0.162031
1.29 0.162062
1.3 0.162087
1.31 0.162108
1.32 0.162123
1.33 0.162132
1.34 0.162137
1.35 0.162135
1.36 0.162129
1.37 0.162116
1.38 0.162098
1.39 0.162074
1.4 0.162045
1.41 0.162009
1.42 0.161968
1.43 0.161921
1.44 0.161867
1.45 0.161808
1.46 0.161743
1.47 0.161671
1.48 0.161593
1.49 0.161509
1.5 0.161419
1.51 0.161323
1.52 0.16122
1.53 0.161111
1.54 0.160995
1.55 0.160873
1.56 0.160744
1.57 0.160609
1.58 0.160468
1.59 0.16032
1.6 0.160165
1.61 0.160004
1.62 0.159836
1.63 0.159661
1.64 0.15948
1.65 0.159292
1.66 0.159097
1.67 0.158896
1.68 0.158688
1.69 0.158473
1.7 0.158251
1.71 0.158023
1.72 0.157787
1.73 0.157546
1.74 0.157297
1.75 0.157041
1.76 0.156779
1.77 0.15651
1.78 0.156234
1.79 0.155952
1.8 0.155663
1.81 0.155367
1.82 0.155064
1.83 0.154754
1.84 0.154438
1.85 0.154115
1.86 0.153786
1.87 0.153449
1.88 0.153107
1.89 0.152757
1.9 0.152401
1.91 0.152038
1.92 0.151669
1.93 0.151293
1.94 0.150911
1.95 0.150523
1.96 0.150127
1.97 0.149726
1.98 0.149318
1.99 0.148904
2 0.148483
2.01 0.148057
2.02 0.147624
2.03 0.147185
2.04 0.14674
2.05 0.146288
2.06 0.145831
2.07 0.145368
2.08 0.144898
2.09 0.144423
2.1 0.143942
2.11 0.143455
2.12 0.142963
2.13 0.142465
2.14 0.141961
2.15 0.141451
2.16 0.140937
2.17 0.140416
2.18 0.13989
2.19 0.139359
2.2 0.138823
2.21 0.138281
2.22 0.137735
2.23 0.137183
2.24 0.136626
2.25 0.136064
2.26 0.135497
2.27 0.134926
2.28 0.134349
2.29 0.133769
2.3 0.133183
2.31 0.132593
2.32 0.131998
2.33 0.131399
2.34 0.130796
2.35 0.130188
2.36 0.129577
2.37 0.128961
2.38 0.128341
2.39 0.127717
2.4 0.12709
2.41 0.126458
2.42 0.125823
2.43 0.125184
2.44 0.124542
2.45 0.123896
2.46 0.123247
2.47 0.122595
2.48 0.121939
2.49 0.12128
2.5 0.120618
2.51 0.119953
2.52 0.119286
2.53 0.118615
2.54 0.117942
2.55 0.117266
2.56 0.116587
2.57 0.115906
2.58 0.115222
2.59 0.114537
2.6 0.113849
2.61 0.113158
2.62 0.112466
2.63 0.111772
2.64 0.111076
2.65 0.110378
2.66 0.109678
2.67 0.108977
2.68 0.108274
2.69 0.107569
2.7 0.106864
2.71 0.106157
2.72 0.105448
2.73 0.104739
2.74 0.104028
2.75 0.103317
2.76 0.102604
2.77 0.101891
2.78 0.101177
2.79 0.100462
2.8 0.0997472
2.81 0.0990315
2.82 0.0983154
2.83 0.0975989
2.84 0.0968822
2.85 0.0961654
2.86 0.0954484
2.87 0.0947314
2.88 0.0940145
2.89 0.0932978
2.9 0.0925812
2.91 0.091865
2.92 0.0911491
2.93 0.0904336
2.94 0.0897187
2.95 0.0890044
2.96 0.0882907
2.97 0.0875778
2.98 0.0868657
2.99 0.0861545
3 0.0854442
3.01 0.084735
3.02 0.0840269
3.03 0.0833199
3.04 0.0826142
3.05 0.0819098
3.06 0.0812067
3.07 0.0805051
3.08 0.079805
3.09 0.0791064
3.1 0.0784095
3.11 0.0777143
3.12 0.0770208
3.13 0.0763292
3.14 0.0756394
3.15 0.0749516
3.16 0.0742658
3.17 0.073582
3.18 0.0729004
3.19 0.0722209
3.2 0.0715436
3.21 0.0708687
3.22 0.0701961
3.23 0.0695258
3.24 0.068858
3.25 0.0681928
3.26 0.06753
3.27 0.0668699
3.28 0.0662124
3.29 0.0655576
3.3 0.0649055
3.31 0.0642563
3.32 0.0636098
3.33 0.0629663
3.34 0.0623256
3.35 0.061688
3.36 0.0610533
3.37 0.0604217
3.38 0.0597932
3.39 0.0591678
3.4 0.0585456
3.41 0.0579265
3.42 0.0573108
3.43 0.0566982
3.44 0.0560891
3.45 0.0554832
3.46 0.0548807
3.47 0.0542817
3.48 0.053686
3.49 0.0530939
3.5 0.0525052
3.51 0.0519201
3.52 0.0513385
3.53 0.0507605
3.54 0.0501861
3.55 0.0496154
3.56 0.0490483
3.57 0.0484848
3.58 0.0479251
3.59 0.0473691
3.6 0.0468168
3.61 0.0462683
3.62 0.0457236
3.63 0.0451827
3.64 0.0446456
3.65 0.0441123
3.66 0.0435829
3.67 0.0430573
3.68 0.0425357
3.69 0.0420179
3.7 0.041504
3.71 0.040994
3.72 0.0404879
3.73 0.0399858
3.74 0.0394875
3.75 0.0389933
3.76 0.038503
3.77 0.0380167
3.78 0.0375343
3.79 0.0370559
3.8 0.0365815
3.81 0.036111
3.82 0.0356446
3.83 0.0351821
3.84 0.0347236
3.85 0.0342691
3.86 0.0338186
3.87 0.0333721
3.88 0.0329295
3.89 0.032491
3.9 0.0320564
3.91 0.0316258
3.92 0.0311991
3.93 0.0307765
3.94 0.0303578
3.95 0.029943
3.96 0.0295323
3.97 0.0291254
3.98 0.0287225
3.99 0.0283235
4 0.0279285
4.01 0.0275373
4.02 0.0271501
4.03 0.0267667
4.04 0.0263873
4.05 0.0260116
4.06 0.0256399
4.07 0.025272
4.08 0.0249079
4.09 0.0245477
4.1 0.0241912
4.11 0.0238385
4.12 0.0234897
4.13 0.0231445
4.14 0.0228032
4.15 0.0224655
4.16 0.0221316
4.17 0.0218013
4.18 0.0214748
4.19 0.0211519
4.2 0.0208326
4.21 0.020517
4.22 0.020205
4.23 0.0198965
4.24 0.0195917
4.25 0.0192904
4.26 0.0189926
4.27 0.0186983
4.28 0.0184075
4.29 0.0181202
4.3 0.0178363
4.31 0.0175559
4.32 0.0172788
4.33 0.0170052
4.34 0.0167349
4.35 0.0164679
4.36 0.0162043
4.37 0.0159439
4.38 0.0156868
4.39 0.015433
4.4 0.0151824
4.41 0.014935
4.42 0.0146907
4.43 0.0144497
4.44 0.0142117
4.45 0.0139769
4.46 0.0137451
4.47 0.0135164
4.48 0.0132907
4.49 0.013068
4.5 0.0128484
4.51 0.0126316
4.52 0.0124178
4.53 0.0122069
4.54 0.0119989
4.55 0.0117938
4.56 0.0115915
4.57 0.011392
4.58 0.0111952
4.59 0.0110013
4.6 0.01081
4.61 0.0106215
4.62 0.0104357
4.63 0.0102525
4.64 0.0100719
4.65 0.00989394
4.66 0.00971855
4.67 0.00954572
4.68 0.00937542
4.69 0.00920762
4.7 0.0090423
4.71 0.00887942
4.72 0.00871898
4.73 0.00856093
4.74 0.00840526
4.75 0.00825194
4.76 0.00810094
4.77 0.00795225
4.78 0.00780583
4.79 0.00766165
4.8 0.00751971
4.81 0.00737996
4.82 0.00724239
4.83 0.00710697
4.84 0.00697367
4.85 0.00684248
4.86 0.00671336
4.87 0.0065863
4.88 0.00646127
4.89 0.00633823
4.9 0.00621718
4.91 0.00609809
4.92 0.00598093
4.93 0.00586568
4.94 0.00575231
4.95 0.00564081
4.96 0.00553115
4.97 0.0054233
4.98 0.00531724
4.99 0.00521296
5 0.00511042
5.01 0.00500961
5.02 0.0049105
5.03 0.00481307
5.04 0.0047173
5.05 0.00462317
5.06 0.00453065
5.07 0.00443972
5.08 0.00435036
5.09 0.00426256
5.1 0.00417628
5.11 0.00409151
5.12 0.00400823
5.13 0.00392641
5.14 0.00384604
5.15 0.0037671
5.16 0.00368956
5.17 0.00361341
5.18 0.00353862
5.19 0.00346518
5.2 0.00339307
5.21 0.00332226
5.22 0.00325274
5.23 0.00318449
5.24 0.00311749
5.25 0.00305172
5.26 0.00298716
5.27 0.0029238
5.28 0.00286162
5.29 0.0028006
5.3 0.00274072
5.31 0.00268196
5.32 0.00262431
5.33 0.00256775
5.34 0.00251226
5.35 0.00245783
5.36 0.00240443
5.37 0.00235206
5.38 0.0023007
5.39 0.00225033
5.4 0.00220093
5.41 0.00215249
5.42 0.00210499
5.43 0.00205842
5.44 0.00201277
5.45 0.00196801
5.46 0.00192414
5.47 0.00188113
5.48 0.00183898
5.49 0.00179767
5.5 0.00175718
5.51 0.0017175
5.52 0.00167863
5.53 0.00164054
5.54 0.00160321
5.55 0.00156665
5.56 0.00153083
5.57 0.00149574
5.58 0.00146138
5.59 0.00142772
5.6 0.00139475
5.61 0.00136246
5.62 0.00133085
5.63 0.00129989
5.64 0.00126958
5.65 0.0012399
5.66 0.00121084
5.67 0.0011824
5.68 0.00115456
5.69 0.00112731
5.7 0.00110064
5.71 0.00107453
5.72 0.00104899
5.73 0.00102399
5.74 0.000999528
5.75 0.000975594
5.76 0.000952178
5.77 0.00092927
5.78 0.000906861
5.79 0.00088494
5.8 0.000863498
5.81 0.000842527
5.82 0.000822018
5.83 0.000801961
5.84 0.000782348
5.85 0.000763169
5.86 0.000744418
5.87 0.000726085
5.88 0.000708163
5.89 0.000690642
5.9 0.000673516
5.91 0.000656776
5.92 0.000640414
5.93 0.000624424
5.94 0.000608798
5.95 0.000593528
5.96 0.000578608
5.97 0.00056403
5.98 0.000549787
5.99 0.000535872
