-6 1.51601e-09
-5.99 1.6579e-09
-5.98 1.81268e-09
-5.97 1.9815e-09
-5.96 2.16558e-09
-5.95 2.36626e-09
-5.94 2.585e-09
-5.93 2.82336e-09
-5.92 3.08305e-09
-5.91 3.36592e-09
-5.9 3.67396e-09
-5.89 4.00936e-09
-5.88 4.37445e-09
-5.87 4.77179e-09
-5.86 5.20411e-09
-5.85 5.67442e-09
-5.84 6.18592e-09
-5.83 6.74211e-09
-5.82 7.34675e-09
-5.81 8.00394e-09
-5.8 8.71809e-09
-5.79 9.49395e-09
-5.78 1.03367e-08
-5.77 1.12518e-08
-5.76 1.22455e-08
-5.75 1.3324e-08
-5.74 1.44945e-08
-5.73 1.57645e-08
-5.72 1.71422e-08
-5.71 1.86363e-08
-5.7 2.02564e-08
-5.69 2.20127e-08
-5.68 2.39162e-08
-5.67 2.59789e-08
-5.66 2.82135e-08
-5.65 3.06339e-08
-5.64 3.3255e-08
-5.63 3.60927e-08
-5.62 3.91643e-08
-5.61 4.24883e-08
-5.6 4.60848e-08
-5.59 4.99751e-08
-5.58 5.41825e-08
-5.57 5.87317e-08
-5.56 6.36495e-08
-5.55 6.89645e-08
-5.54 7.47076e-08
-5.53 8.09119e-08
-5.52 8.76131e-08
-5.51 9.48492e-08
-5.5 1.02661e-07
-5.49 1.11094e-07
-5.48 1.20193e-07
-5.47 1.30011e-07
-5.46 1.406e-07
-5.45 1.52021e-07
-5.44 1.64334e-07
-5.43 1.77607e-07
-5.42 1.91912e-07
-5.41 2.07325e-07
-5.4 2.23929e-07
-5.39 2.41812e-07
-5.38 2.61068e-07
-5.37 2.81799e-07
-5.36 3.04111e-07
-5.35 3.28121e-07
-5.34 3.53951e-07
-5.33 3.81735e-07
-5.32 4.11613e-07
-5.31 4.43736e-07
-5.3 4.78266e-07
-5.29 5.15373e-07
-5.28 5.55243e-07
-5.27 5.98072e-07
-5.26 6.44068e-07
-5.25 6.93455e-07
-5.24 7.46473e-07
-5.23 8.03374e-07
-5.22 8.64432e-07
-5.21 9.29933e-07
-5.2 1.00019e-06
-5.19 1.07552e-06
-5.18 1.15629e-06
-5.17 1.24286e-06
-5.16 1.33563e-06
-5.15 1.43502e-06
-5.14 1.54148e-06
-5.13 1.6555e-06
-5.12 1.77757e-06
-5.11 1.90824e-06
-5.1 2.04808e-06
-5.09 2.19771e-06
-5.08 2.35778e-06
-5.07 2.52897e-06
-5.06 2.71202e-06
-5.05 2.90771e-06
-5.04 3.11686e-06
-5.03 3.34035e-06
-5.02 3.57911e-06
-5.01 3.83413e-06
-5 4.10646e-06
-4.99 4.3972e-06
-4.98 4.70754e-06
-4.97 5.03872e-06
-4.96 5.39206e-06
-4.95 5.76897e-06
-4.94 6.17092e-06
-4.93 6.59948e-06
-4.92 7.05633e-06
-4.91 7.5432e-06
-4.9 8.06198e-06
-4.89 8.61462e-06
-4.88 9.2032e-06
-4.87 9.82993e-06
-4.86 1.04971e-05
-4.85 1.12072e-05
-4.84 1.19629e-05
-4.83 1.27668e-05
-4.82 1.36218e-05
-4.81 1.45311e-05
-4.8 1.54978e-05
-4.79 1.65253e-05
-4.78 1.76172e-05
-4.77 1.87774e-05
-4.76 2.00097e-05
-4.75 2.13184e-05
-4.74 2.27079e-05
-4.73 2.41828e-05
-4.72 2.57482e-05
-4.71 2.74091e-05
-4.7 2.9171e-05
-4.69 3.10396e-05
-4.68 3.3021e-05
-4.67 3.51215e-05
-4.66 3.73477e-05
-4.65 3.97066e-05
-4.64 4.22057e-05
-4.63 4.48525e-05
-4.62 4.76554e-05
-4.61 5.06227e-05
-4.6 5.37635e-05
-4.59 5.70871e-05
-4.58 6.06034e-05
-4.57 6.43228e-05
-4.56 6.8256e-05
-4.55 7.24145e-05
-4.54 7.68102e-05
-4.53 8.14555e-05
-4.52 8.63636e-05
-4.51 9.15482e-05
-4.5 9.70236e-05
-4.49 0.000102805
-4.48 0.000108907
-4.47 0.000115348
-4.46 0.000122144
-4.45 0.000129313
-4.44 0.000136874
-4.43 0.000144847
-4.42 0.000153251
-4.41 0.000162109
-4.4 0.000171443
-4.39 0.000181277
-4.38 0.000191634
-4.37 0.00020254
-4.36 0.000214022
-4.35 0.000226106
-4.34 0.000238824
-4.33 0.000252203
-4.32 0.000266275
-4.31 0.000281074
-4.3 0.000296632
-4.29 0.000312986
-4.28 0.000330172
-4.27 0.000348229
-4.26 0.000367195
-4.25 0.000387113
-4.24 0.000408025
-4.23 0.000429977
-4.22 0.000453014
-4.21 0.000477185
-4.2 0.00050254
-4.19 0.00052913
-4.18 0.00055701
-4.17 0.000586236
-4.16 0.000616865
-4.15 0.000648958
-4.14 0.000682576
-4.13 0.000717786
-4.12 0.000754652
-4.11 0.000793245
-4.1 0.000833635
-4.09 0.000875898
-4.08 0.00092011
-4.07 0.00096635
-4.06 0.0010147
-4.05 0.00106524
-4.04 0.00111807
-4.03 0.00117327
-4.02 0.00123094
-4.01 0.00129116
-4 0.00135405
-3.99 0.00141971
-3.98 0.00148823
-3.97 0.00155973
-3.96 0.00163433
-3.95 0.00171213
-3.94 0.00179325
-3.93 0.00187783
-3.92 0.00196598
-3.91 0.00205783
-3.9 0.00215353
-3.89 0.00225319
-3.88 0.00235698
-3.87 0.00246502
-3.86 0.00257748
-3.85 0.0026945
-3.84 0.00281623
-3.83 0.00294285
-3.82 0.00307452
-3.81 0.00321139
-3.8 0.00335366
-3.79 0.00350149
-3.78 0.00365506
-3.77 0.00381457
-3.76 0.0039802
-3.75 0.00415215
-3.74 0.00433062
-3.73 0.0045158
-3.72 0.00470792
-3.71 0.00490717
-3.7 0.00511378
-3.69 0.00532796
-3.68 0.00554995
-3.67 0.00577997
-3.66 0.00601825
-3.65 0.00626504
-3.64 0.00652057
-3.63 0.0067851
-3.62 0.00705888
-3.61 0.00734215
-3.6 0.00763518
-3.59 0.00793824
-3.58 0.00825159
-3.57 0.0085755
-3.56 0.00891025
-3.55 0.00925612
-3.54 0.00961339
-3.53 0.00998235
-3.52 0.0103633
-3.51 0.0107565
-3.5 0.0111623
-3.49 0.0115809
-3.48 0.0120127
-3.47 0.012458
-3.46 0.0129171
-3.45 0.0133903
-3.44 0.0138779
-3.43 0.0143802
-3.42 0.0148975
-3.41 0.0154302
-3.4 0.0159786
-3.39 0.0165431
-3.38 0.0171238
-3.37 0.0177212
-3.36 0.0183356
-3.35 0.0189673
-3.34 0.0196166
-3.33 0.0202839
-3.32 0.0209694
-3.31 0.0216736
-3.3 0.0223967
-3.29 0.023139
-3.28 0.0239009
-3.27 0.0246827
-3.26 0.0254847
-3.25 0.0263073
-3.24 0.0271506
-3.23 0.0280152
-3.22 0.0289011
-3.21 0.0298088
-3.2 0.0307385
-3.19 0.0316905
-3.18 0.0326652
-3.17 0.0336627
-3.16 0.0346834
-3.15 0.0357276
-3.14 0.0367954
-3.13 0.0378871
-3.12 0.0390031
-3.11 0.0401434
-3.1 0.0413084
-3.09 0.0424983
-3.08 0.0437132
-3.07 0.0449534
-3.06 0.046219
-3.05 0.0475103
-3.04 0.0488274
-3.03 0.0501704
-3.02 0.0515395
-3.01 0.0529349
-3 0.0543565
-2.99 0.0558046
-2.98 0.0572792
-2.97 0.0587804
-2.96 0.0603083
-2.95 0.0618628
-2.94 0.0634441
-2.93 0.0650521
-2.92 0.0666868
-2.91 0.0683482
-2.9 0.0700362
-2.89 0.0717509
-2.88 0.073492
-2.87 0.0752596
-2.86 0.0770534
-2.85 0.0788734
-2.84 0.0807194
-2.83 0.0825912
-2.82 0.0844886
-2.81 0.0864115
-2.8 0.0883595
-2.79 0.0903324
-2.78 0.0923299
-2.77 0.0943518
-2.76 0.0963976
-2.75 0.0984671
-2.74 0.10056
-2.73 0.102675
-2.72 0.104813
-2.71 0.106974
-2.7 0.109155
-2.69 0.111358
-2.68 0.113581
-2.67 0.115824
-2.66 0.118087
-2.65 0.120369
-2.64 0.122668
-2.63 0.124986
-2.62 0.12732
-2.61 0.129671
-2.6 0.132038
-2.59 0.134419
-2.58 0.136815
-2.57 0.139223
-2.56 0.141645
-2.55 0.144078
-2.54 0.146523
-2.53 0.148977
-2.52 0.151441
-2.51 0.153913
-2.5 0.156393
-2.49 0.158879
-2.48 0.16137
-2.47 0.163867
-2.46 0.166367
-2.45 0.168869
-2.44 0.171374
-2.43 0.173878
-2.42 0.176383
-2.41 0.178885
-2.4 0.181386
-2.39 0.183882
-2.38 0.186374
-2.37 0.188859
-2.36 0.191338
-2.35 0.193809
-2.34 0.19627
-2.33 0.19872
-2.32 0.201159
-2.31 0.203585
-2.3 0.205997
-2.29 0.208394
-2.28 0.210775
-2.27 0.213138
-2.26 0.215482
-2.25 0.217806
-2.24 0.220109
-2.23 0.22239
-2.22 0.224647
-2.21 0.226879
-2.2 0.229086
-2.19 0.231265
-2.18 0.233416
-2.17 0.235538
-2.16 0.237629
-2.15 0.239689
-2.14 0.241715
-2.13 0.243708
-2.12 0.245665
-2.11 0.247587
-2.1 0.249471
-2.09 0.251316
-2.08 0.253122
-2.07 0.254888
-2.06 0.256612
-2.05 0.258294
-2.04 0.259932
-2.03 0.261526
-2.02 0.263075
-2.01 0.264577
-2 0.266032
-1.99 0.26744
-1.98 0.268798
-1.97 0.270107
-1.96 0.271365
-1.95 0.272572
-1.94 0.273727
-1.93 0.27483
-1.92 0.275879
-1.91 0.276875
-1.9 0.277816
-1.89 0.278702
-1.88 0.279532
-1.87 0.280306
-1.86 0.281024
-1.85 0.281685
-1.84 0.282288
-1.83 0.282834
-1.82 0.283321
-1.81 0.28375
-1.8 0.284121
-1.79 0.284433
-1.78 0.284686
-1.77 0.284879
-1.76 0.285014
-1.75 0.285089
-1.74 0.285105
-1.73 0.285061
-1.72 0.284958
-1.71 0.284797
-1.7 0.284576
-1.69 0.284296
-1.68 0.283957
-1.67 0.28356
-1.66 0.283105
-1.65 0.282592
-1.64 0.282021
-1.63 0.281393
-1.62 0.280709
-1.61 0.279968
-1.6 0.279171
-1.59 0.27832
-1.58 0.277413
-1.57 0.276452
-1.56 0.275438
-1.55 0.274371
-1.54 0.273252
-1.53 0.272081
-1.52 0.270859
-1.51 0.269588
-1.5 0.268267
-1.49 0.266898
-1.48 0.265482
-1.47 0.264019
-1.46 0.26251
-1.45 0.260956
-1.44 0.259359
-1.43 0.257719
-1.42 0.256037
-1.41 0.254314
-1.4 0.252551
-1.39 0.250749
-1.38 0.24891
-1.37 0.247034
-1.36 0.245122
-1.35 0.243176
-1.34 0.241197
-1.33 0.239185
-1.32 0.237143
-1.31 0.235071
-1.3 0.232969
-1.29 0.230841
-1.28 0.228686
-1.27 0.226506
-1.26 0.224301
-1.25 0.222075
-1.24 0.219826
-1.23 0.217557
-1.22 0.215269
-1.21 0.212963
-1.2 0.21064
-1.19 0.208301
-1.18 0.205948
-1.17 0.203581
-1.16 0.201203
-1.15 0.198814
-1.14 0.196414
-1.13 0.194007
-1.12 0.191592
-1.11 0.18917
-1.1 0.186744
-1.09 0.184313
-1.08 0.181879
-1.07 0.179444
-1.06 0.177007
-1.05 0.174571
-1.04 0.172137
-1.03 0.169704
-1.02 0.167275
-1.01 0.164851
-1 0.162431
-0.99 0.160018
-0.98 0.157613
-0.97 0.155215
-0.96 0.152827
-0.95 0.150449
-0.94 0.148081
-0.93 0.145725
-0.92 0.143382
-0.91 0.141052
-0.9 0.138737
-0.89 0.136436
-0.88 0.134151
-0.87 0.131882
-0.86 0.12963
-0.85 0.127396
-0.84 0.125181
-0.83 0.122984
-0.82 0.120807
-0.81 0.118651
-0.8 0.116515
-0.79 0.114401
-0.78 0.112308
-0.77 0.110238
-0.76 0.108191
-0.75 0.106167
-0.74 0.104167
-0.73 0.102191
-0.72 0.10024
-0.71 0.0983133
-0.7 0.0964122
-0.69 0.0945368
-0.68 0.0926873
-0.67 0.090864
-0.66 0.0890673
-0.65 0.0872974
-0.64 0.0855545
-0.63 0.0838388
-0.62 0.0821506
-0.61 0.08049
-0.6 0.0788571
-0.59 0.0772522
-0.58 0.0756754
-0.57 0.0741268
-0.56 0.0726064
-0.55 0.0711144
-0.54 0.0696509
-0.53 0.0682159
-0.52 0.0668094
-0.51 0.0654315
-0.5 0.0640823
-0.49 0.0627617
-0.48 0.0614697
-0.47 0.0602063
-0.46 0.0589715
-0.45 0.0577652
-0.44 0.0565875
-0.43 0.0554382
-0.42 0.0543174
-0.41 0.0532249
-0.4 0.0521607
-0.39 0.0511247
-0.38 0.0501168
-0.37 0.0491369
-0.36 0.048185
-0.35 0.047261
-0.34 0.0463646
-0.33 0.0454959
-0.32 0.0446547
-0.31 0.043841
-0.3 0.0430545
-0.29 0.0422953
-0.28 0.0415631
-0.27 0.0408579
-0.26 0.0401795
-0.25 0.0395279
-0.24 0.0389029
-0.23 0.0383044
-0.22 0.0377323
-0.21 0.0371864
-0.2 0.0366668
-0.19 0.0361732
-0.18 0.0357056
-0.17 0.0352639
-0.16 0.034848
-0.15 0.0344578
-0.14 0.0340931
-0.13 0.033754
-0.12 0.0334404
-0.11 0.0331521
-0.1 0.0328891
-0.09 0.0326513
-0.08 0.0324387
-0.07 0.0322513
-0.06 0.0320889
-0.05 0.0319516
-0.04 0.0318393
-0.03 0.031752
-0.02 0.0316897
-0.01 0.0316523
0 0.0316398
0.01 0.0316523
0.02 0.0316897
0.03 0.031752
0.04 0.0318393
0.05 0.0319516
0.06 0.0320889
0.07 0.0322513
0.08 0.0324387
0.09 0.0326513
0.1 0.0328891
0.11 0.0331521
0.12 0.0334404
0.13 0.033754
0.14 0.0340931
0.15 0.0344578
0.16 0.034848
0.17 0.0352639
0.18 0.0357056
0.19 0.0361732
0.2 0.0366668
0.21 0.0371864
0.22 0.0377323
0.23 0.0383044
0.24 0.0389029
0.25 0.0395279
0.26 0.0401795
0.27 0.0408579
0.28 0.0415631
0.29 0.0422953
0.3 0.0430545
0.31 0.043841
0.32 0.0446547
0.33 0.0454959
0.34 0.0463646
0.35 0.047261
0.36 0.048185
0.37 0.0491369
0.38 0.0501168
0.39 0.0511247
0.4 0.0521607
0.41 0.0532249
0.42 0.0543174
0.43 0.0554382
0.44 0.0565875
0.45 0.0577652
0.46 0.0589715
0.47 0.0602063
0.48 0.0614697
0.49 0.0627617
0.5 0.0640823
0.51 0.0654315
0.52 0.0668094
0.53 0.0682159
0.54 0.0696509
0.55 0.0711144
0.56 0.0726064
0.57 0.0741268
0.58 0.0756754
0.59 0.0772522
0.6 0.0788571
0.61 0.08049
0.62 0.0821506
0.63 0.0838388
0.64 0.0855545
0.65 0.0872974
0.66 0.0890673
0.67 0.090864
0.68 0.0926873
0.69 0.0945368
0.7 0.0964122
0.71 0.0983133
0.72 0.10024
0.73 0.102191
0.74 0.104167
0.75 0.106167
0.76 0.108191
0.77 0.110238
0.78 0.112308
0.79 0.114401
0.8 0.116515
0.81 0.118651
0.82 0.120807
0.83 0.122984
0.84 0.125181
0.85 0.127396
0.86 0.12963
0.87 0.131882
0.88 0.134151
0.89 0.136436
0.9 0.138737
0.91 0.141052
0.92 0.143382
0.93 0.145725
0.94 0.148081
0.95 0.150449
0.96 0.152827
0.97 0.155215
0.98 0.157613
0.99 0.160018
1 0.162431
1.01 0.164851
1.02 0.167275
1.03 0.169704
1.04 0.172137
1.05 0.174571
1.06 0.177007
1.07 0.179444
1.08 0.181879
1.09 0.184313
1.1 0.186744
1.11 0.18917
1.12 0.191592
1.13 0.194007
1.14 0.196414
1.15 0.198814
1.16 0.201203
1.17 0.203581
1.18 0.205948
1.19 0.208301
1.2 0.21064
1.21 0.212963
1.22 0.215269
1.23 0.217557
1.24 0.219826
1.25 0.222075
1.26 0.224301
1.27 0.226506
1.28 0.228686
1.29 0.230841
1.3 0.232969
1.31 0.235071
1.32 0.237143
1.33 0.239185
1.34 0.241197
1.35 0.243176
1.36 0.245122
1.37 0.247034
1.38 0.24891
1.39 0.250749
1.4 0.252551
1.41 0.254314
1.42 0.256037
1.43 0.257719
1.44 0.259359
1.45 0.260956
1.46 0.26251
1.47 0.264019
1.48 0.265482
1.49 0.266898
1.5 0.268267
1.51 0.269588
1.52 0.270859
1.53 0.272081
1.54 0.273252
1.55 0.274371
1.56 0.275438
1.57 0.276452
1.58 0.277413
1.59 0.27832
1.6 0.279171
1.61 0.279968
1.62 0.280709
1.63 0.281393
1.64 0.282021
1.65 0.282592
1.66 0.283105
1.67 0.28356
1.68 0.283957
1.69 0.284296
1.7 0.284576
1.71 0.284797
1.72 0.284958
1.73 0.285061
1.74 0.285105
1.75 0.285089
1.76 0.285014
1.77 0.284879
1.78 0.284686
1.79 0.284433
1.8 0.284121
1.81 0.28375
1.82 0.283321
1.83 0.282834
1.84 0.282288
1.85 0.281685
1.86 0.281024
1.87 0.280306
1.88 0.279532
1.89 0.278702
1.9 0.277816
1.91 0.276875
1.92 0.275879
1.93 0.27483
1.94 0.273727
1.95 0.272572
1.96 0.271365
1.97 0.270107
1.98 0.268798
1.99 0.26744
2 0.266032
2.01 0.264577
2.02 0.263075
2.03 0.261526
2.04 0.259932
2.05 0.258294
2.06 0.256612
2.07 0.254888
2.08 0.253122
2.09 0.251316
2.1 0.249471
2.11 0.247587
2.12 0.245665
2.13 0.243708
2.14 0.241715
2.15 0.239689
2.16 0.237629
2.17 0.235538
2.18 0.233416
2.19 0.231265
2.2 0.229086
2.21 0.226879
2.22 0.224647
2.23 0.22239
2.24 0.220109
2.25 0.217806
2.26 0.215482
2.27 0.213138
2.28 0.210775
2.29 0.208394
2.3 0.205997
2.31 0.203585
2.32 0.201159
2.33 0.19872
2.34 0.19627
2.35 0.193809
2.36 0.191338
2.37 0.188859
2.38 0.186374
2.39 0.183882
2.4 0.181386
2.41 0.178885
2.42 0.176383
2.43 0.173878
2.44 0.171374
2.45 0.168869
2.46 0.166367
2.47 0.163867
2.48 0.16137
2.49 0.158879
2.5 0.156393
2.51 0.153913
2.52 0.151441
2.53 0.148977
2.54 0.146523
2.55 0.144078
2.56 0.141645
2.57 0.139223
2.58 0.136815
2.59 0.134419
2.6 0.132038
2.61 0.129671
2.62 0.12732
2.63 0.124986
2.64 0.122668
2.65 0.120369
2.66 0.118087
2.67 0.115824
2.68 0.113581
2.69 0.111358
2.7 0.109155
2.71 0.106974
2.72 0.104813
2.73 0.102675
2.74 0.10056
2.75 0.0984671
2.76 0.0963976
2.77 0.0943518
2.78 0.0923299
2.79 0.0903324
2.8 0.0883595
2.81 0.0864115
2.82 0.0844886
2.83 0.0825912
2.84 0.0807194
2.85 0.0788734
2.86 0.0770534
2.87 0.0752596
2.88 0.073492
2.89 0.0717509
2.9 0.0700362
2.91 0.0683482
2.92 0.0666868
2.93 0.0650521
2.94 0.0634441
2.95 0.0618628
2.96 0.0603083
2.97 0.0587804
2.98 0.0572792
2.99 0.0558046
3 0.0543565
3.01 0.0529349
3.02 0.0515395
3.03 0.0501704
3.04 0.0488274
3.05 0.0475103
3.06 0.046219
3.07 0.0449534
3.08 0.0437132
3.09 0.0424983
3.1 0.0413084
3.11 0.0401434
3.12 0.0390031
3.13 0.0378871
3.14 0.0367954
3.15 0.0357276
3.16 0.0346834
3.17 0.0336627
3.18 0.0326652
3.19 0.0316905
3.2 0.0307385
3.21 0.0298088
3.22 0.0289011
3.23 0.0280152
3.24 0.0271506
3.25 0.0263073
3.26 0.0254847
3.27 0.0246827
3.28 0.0239009
3.29 0.023139
3.3 0.0223967
3.31 0.0216736
3.32 0.0209694
3.33 0.0202839
3.34 0.0196166
3.35 0.0189673
3.36 0.0183356
3.37 0.0177212
3.38 0.0171238
3.39 0.0165431
3.4 0.0159786
3.41 0.0154302
3.42 0.0148975
3.43 0.0143802
3.44 0.0138779
3.45 0.0133903
3.46 0.0129171
3.47 0.012458
3.48 0.0120127
3.49 0.0115809
3.5 0.0111623
3.51 0.0107565
3.52 0.0103633
3.53 0.00998235
3.54 0.00961339
3.55 0.00925612
3.56 0.00891025
3.57 0.0085755
3.58 0.00825159
3.59 0.00793824
3.6 0.00763518
3.61 0.00734215
3.62 0.00705888
3.63 0.0067851
3.64 0.00652057
3.65 0.00626504
3.66 0.00601825
3.67 0.00577997
3.68 0.00554995
3.69 0.00532796
3.7 0.00511378
3.71 0.00490717
3.72 0.00470792
3.73 0.0045158
3.74 0.00433062
3.75 0.00415215
3.76 0.0039802
3.77 0.00381457
3.78 0.00365506
3.79 0.00350149
3.8 0.00335366
3.81 0.00321139
3.82 0.00307452
3.83 0.00294285
3.84 0.00281623
3.85 0.0026945
3.86 0.00257748
3.87 0.00246502
3.88 0.00235698
3.89 0.00225319
3.9 0.00215353
3.91 0.00205783
3.92 0.00196598
3.93 0.00187783
3.94 0.00179325
3.95 0.00171213
3.96 0.00163433
3.97 0.00155973
3.98 0.00148823
3.99 0.00141971
4 0.00135405
4.01 0.00129116
4.02 0.00123094
4.03 0.00117327
4.04 0.00111807
4.05 0.00106524
4.06 0.0010147
4.07 0.00096635
4.08 0.00092011
4.09 0.000875898
4.1 0.000833635
4.11 0.000793245
4.12 0.000754652
4.13 0.000717786
4.14 0.000682576
4.15 0.000648958
4.16 0.000616865
4.17 0.000586236
4.18 0.00055701
4.19 0.00052913
4.2 0.00050254
4.21 0.000477185
4.22 0.000453014
4.23 0.000429977
4.24 0.000408025
4.25 0.000387113
4.26 0.000367195
4.27 0.000348229
4.28 0.000330172
4.29 0.000312986
4.3 0.000296632
4.31 0.000281074
4.32 0.000266275
4.33 0.000252203
4.34 0.000238824
4.35 0.000226106
4.36 0.000214022
4.37 0.00020254
4.38 0.000191634
4.39 0.000181277
4.4 0.000171443
4.41 0.000162109
4.42 0.000153251
4.43 0.000144847
4.44 0.000136874
4.45 0.000129313
4.46 0.000122144
4.47 0.000115348
4.48 0.000108907
4.49 0.000102805
4.5 9.70236e-05
4.51 9.15482e-05
4.52 8.63636e-05
4.53 8.14555e-05
4.54 7.68102e-05
4.55 7.24145e-05
4.56 6.8256e-05
4.57 6.43228e-05
4.58 6.06034e-05
4.59 5.70871e-05
4.6 5.37635e-05
4.61 5.06227e-05
4.62 4.76554e-05
4.63 4.48525e-05
4.64 4.22057e-05
4.65 3.97066e-05
4.66 3.73477e-05
4.67 3.51215e-05
4.68 3.3021e-05
4.69 3.10396e-05
4.7 2.9171e-05
4.71 2.74091e-05
4.72 2.57482e-05
4.73 2.41828e-05
4.74 2.27079e-05
4.75 2.13184e-05
4.76 2.00097e-05
4.77 1.87774e-05
4.78 1.76172e-05
4.79 1.65253e-05
4.8 1.54978e-05
4.81 1.45311e-05
4.82 1.36218e-05
4.83 1.27668e-05
4.84 1.19629e-05
4.85 1.12072e-05
4.86 1.04971e-05
4.87 9.82993e-06
4.88 9.2032e-06
4.89 8.61462e-06
4.9 8.06198e-06
4.91 7.5432e-06
4.92 7.05633e-06
4.93 6.59948e-06
4.94 6.17092e-06
4.95 5.76897e-06
4.96 5.39206e-06
4.97 5.03872e-06
4.98 4.70754e-06
4.99 4.3972e-06
5 4.10646e-06
5.01 3.83413e-06
5.02 3.57911e-06
5.03 3.34035e-06
5.04 3.11686e-06
5.05 2.90771e-06
5.06 2.71202e-06
5.07 2.52897e-06
5.08 2.35778e-06
5.09 2.19771e-06
5.1 2.04808e-06
5.11 1.90824e-06
5.12 1.77757e-06
5.13 1.6555e-06
5.14 1.54148e-06
5.15 1.43502e-06
5.16 1.33563e-06
5.17 1.24286e-06
5.18 1.15629e-06
5.19 1.07552e-06
5.2 1.00019e-06
5.21 9.29933e-07
5.22 8.64432e-07
5.23 8.03374e-07
5.24 7.46473e-07
5.25 6.93455e-07
5.26 6.44068e-07
5.27 5.98072e-07
5.28 5.55243e-07
5.29 5.15373e-07
5.3 4.78266e-07
5.31 4.43736e-07
5.32 4.11613e-07
5.33 3.81735e-07
5.34 3.53951e-07
5.35 3.28121e-07
5.36 3.04111e-07
5.37 2.81799e-07
5.38 2.61068e-07
5.39 2.41812e-07
5.4 2.23929e-07
5.41 2.07325e-07
5.42 1.91912e-07
5.43 1.77607e-07
5.44 1.64334e-07
5.45 1.52021e-07
5.46 1.406e-07
5.47 1.30011e-07
5.48 1.20193e-07
5.49 1.11094e-07
5.5 1.02661e-07
5.51 9.48492e-08
5.52 8.76131e-08
5.53 8.09119e-08
5.54 7.47076e-08
5.55 6.89645e-08
5.56 6.36495e-08
5.57 5.87317e-08
5.58 5.41825e-08
5.59 4.99751e-08
5.6 4.60848e-08
5.61 4.24883e-08
5.62 3.91643e-08
5.63 3.60927e-08
5.64 3.3255e-08
5.65 3.06339e-08
5.66 2.82135e-08
5.67 2.59789e-08
5.68 2.39162e-08
5.69 2.20127e-08
5.7 2.02564e-08
5.71 1.86363e-08
5.72 1.71422e-08
5.73 1.57645e-08
5.74 1.44945e-08
5.75 1.3324e-08
5.76 1.22455e-08
5.77 1.12518e-08
5.78 1.03367e-08
5.79 9.49395e-09
5.8 8.71809e-09
5.81 8.00394e-09
5.82 7.34675e-09
5.83 6.74211e-09
5.84 6.18592e-09
5.85 5.67442e-09
5.86 5.20411e-09
5.87 4.77179e-09
5.88 4.37445e-09
5.89 4.00936e-09
5.9 3.67396e-09
5.91 3.36592e-09
5.92 3.08305e-09
5.93 2.82336e-09
5.94 2.585e-09
5.95 2.36626e-09
5.96 2.16558e-09
5.97 1.9815e-09
5.98 1.81268e-09
5.99 1.6579e-09
