-6 0.000989892
-5.99 0.00101
-5.98 0.00103048
-5.97 0.00105132
-5.96 0.00107254
-5.95 0.00109414
-5.94 0.00111612
-5.93 0.00113849
-5.92 0.00116126
-5.91 0.00118443
-5.9 0.001208
-5.89 0.001232
-5.88 0.00125641
-5.87 0.00128125
-5.86 0.00130652
-5.85 0.00133223
-5.84 0.00135838
-5.83 0.00138499
-5.82 0.00141205
-5.81 0.00143958
-5.8 0.00146758
-5.79 0.00149606
-5.78 0.00152502
-5.77 0.00155447
-5.76 0.00158442
-5.75 0.00161488
-5.74 0.00164584
-5.73 0.00167733
-5.72 0.00170934
-5.71 0.00174188
-5.7 0.00177496
-5.69 0.00180859
-5.68 0.00184278
-5.67 0.00187753
-5.66 0.00191284
-5.65 0.00194874
-5.64 0.00198521
-5.63 0.00202228
-5.62 0.00205996
-5.61 0.00209823
-5.6 0.00213713
-5.59 0.00217664
-5.58 0.00221679
-5.57 0.00225758
-5.56 0.00229902
-5.55 0.00234111
-5.54 0.00238386
-5.53 0.00242729
-5.52 0.0024714
-5.51 0.00251619
-5.5 0.00256169
-5.49 0.00260789
-5.48 0.0026548
-5.47 0.00270244
-5.46 0.0027508
-5.45 0.00279991
-5.44 0.00284977
-5.43 0.00290039
-5.42 0.00295177
-5.41 0.00300393
-5.4 0.00305687
-5.39 0.00311061
-5.38 0.00316515
-5.37 0.0032205
-5.36 0.00327668
-5.35 0.00333368
-5.34 0.00339152
-5.33 0.00345022
-5.32 0.00350977
-5.31 0.00357019
-5.3 0.00363149
-5.29 0.00369368
-5.28 0.00375676
-5.27 0.00382075
-5.26 0.00388566
-5.25 0.00395149
-5.24 0.00401826
-5.23 0.00408597
-5.22 0.00415464
-5.21 0.00422428
-5.2 0.00429489
-5.19 0.00436648
-5.18 0.00443907
-5.17 0.00451266
-5.16 0.00458728
-5.15 0.00466291
-5.14 0.00473958
-5.13 0.0048173
-5.12 0.00489607
-5.11 0.00497591
-5.1 0.00505683
-5.09 0.00513883
-5.08 0.00522193
-5.07 0.00530613
-5.06 0.00539145
-5.05 0.00547791
-5.04 0.00556549
-5.03 0.00565423
-5.02 0.00574413
-5.01 0.00583519
-5 0.00592744
-4.99 0.00602087
-4.98 0.00611551
-4.97 0.00621135
-4.96 0.00630842
-4.95 0.00640672
-4.94 0.00650626
-4.93 0.00660705
-4.92 0.00670911
-4.91 0.00681244
-4.9 0.00691705
-4.89 0.00702296
-4.88 0.00713017
-4.87 0.00723869
-4.86 0.00734855
-4.85 0.00745973
-4.84 0.00757227
-4.83 0.00768615
-4.82 0.00780141
-4.81 0.00791804
-4.8 0.00803606
-4.79 0.00815548
-4.78 0.0082763
-4.77 0.00839854
-4.76 0.00852221
-4.75 0.00864732
-4.74 0.00877387
-4.73 0.00890188
-4.72 0.00903136
-4.71 0.00916232
-4.7 0.00929476
-4.69 0.00942871
-4.68 0.00956415
-4.67 0.00970112
-4.66 0.00983961
-4.65 0.00997964
-4.64 0.0101212
-4.63 0.0102643
-4.62 0.010409
-4.61 0.0105553
-4.6 0.0107031
-4.59 0.0108526
-4.58 0.0110036
-4.57 0.0111563
-4.56 0.0113106
-4.55 0.0114664
-4.54 0.011624
-4.53 0.0117832
-4.52 0.011944
-4.51 0.0121065
-4.5 0.0122707
-4.49 0.0124365
-4.48 0.0126041
-4.47 0.0127733
-4.46 0.0129442
-4.45 0.0131169
-4.44 0.0132913
-4.43 0.0134674
-4.42 0.0136452
-4.41 0.0138248
-4.4 0.0140061
-4.39 0.0141892
-4.38 0.0143741
-4.37 0.0145607
-4.36 0.0147491
-4.35 0.0149393
-4.34 0.0151313
-4.33 0.0153251
-4.32 0.0155207
-4.31 0.0157181
-4.3 0.0159173
-4.29 0.0161183
-4.28 0.0163212
-4.27 0.0165259
-4.26 0.0167325
-4.25 0.0169409
-4.24 0.0171512
-4.23 0.0173633
-4.22 0.0175773
-4.21 0.0177931
-4.2 0.0180108
-4.19 0.0182304
-4.18 0.0184519
-4.17 0.0186753
-4.16 0.0189006
-4.15 0.0191277
-4.14 0.0193568
-4.13 0.0195877
-4.12 0.0198206
-4.11 0.0200554
-4.1 0.0202921
-4.09 0.0205307
-4.08 0.0207712
-4.07 0.0210137
-4.06 0.0212581
-4.05 0.0215044
-4.04 0.0217526
-4.03 0.0220028
-4.02 0.0222549
-4.01 0.0225089
-4 0.0227649
-3.99 0.0230228
-3.98 0.0232826
-3.97 0.0235444
-3.96 0.0238081
-3.95 0.0240738
-3.94 0.0243414
-3.93 0.024611
-3.92 0.0248825
-3.91 0.025156
-3.9 0.0254314
-3.89 0.0257087
-3.88 0.025988
-3.87 0.0262692
-3.86 0.0265524
-3.85 0.0268375
-3.84 0.0271245
-3.83 0.0274135
-3.82 0.0277045
-3.81 0.0279973
-3.8 0.0282921
-3.79 0.0285889
-3.78 0.0288875
-3.77 0.0291881
-3.76 0.0294907
-3.75 0.0297951
-3.74 0.0301015
-3.73 0.0304098
-3.72 0.03072
-3.71 0.0310321
-3.7 0.0313461
-3.69 0.031662
-3.68 0.0319799
-3.67 0.0322996
-3.66 0.0326212
-3.65 0.0329448
-3.64 0.0332702
-3.63 0.0335975
-3.62 0.0339267
-3.61 0.0342577
-3.6 0.0345906
-3.59 0.0349254
-3.58 0.0352621
-3.57 0.0356006
-3.56 0.035941
-3.55 0.0362832
-3.54 0.0366272
-3.53 0.0369731
-3.52 0.0373209
-3.51 0.0376704
-3.5 0.0380218
-3.49 0.038375
-3.48 0.03873
-3.47 0.0390868
-3.46 0.0394454
-3.45 0.0398058
-3.44 0.040168
-3.43 0.040532
-3.42 0.0408978
-3.41 0.0412653
-3.4 0.0416346
-3.39 0.0420057
-3.38 0.0423785
-3.37 0.042753
-3.36 0.0431293
-3.35 0.0435074
-3.34 0.0438872
-3.33 0.0442687
-3.32 0.0446519
-3.31 0.0450368
-3.3 0.0454235
-3.29 0.0458118
-3.28 0.0462018
-3.27 0.0465936
-3.26 0.046987
-3.25 0.0473821
-3.24 0.0477789
-3.23 0.0481773
-3.22 0.0485774
-3.21 0.0489792
-3.2 0.0493826
-3.19 0.0497877
-3.18 0.0501944
-3.17 0.0506028
-3.16 0.0510128
-3.15 0.0514244
-3.14 0.0518376
-3.13 0.0522525
-3.12 0.052669
-3.11 0.0530871
-3.1 0.0535068
-3.09 0.0539281
-3.08 0.0543511
-3.07 0.0547756
-3.06 0.0552017
-3.05 0.0556294
-3.04 0.0560587
-3.03 0.0564896
-3.02 0.0569221
-3.01 0.0573562
-3 0.0577918
-2.99 0.058229
-2.98 0.0586679
-2.97 0.0591082
-2.96 0.0595502
-2.95 0.0599937
-2.94 0.0604389
-2.93 0.0608856
-2.92 0.0613338
-2.91 0.0617837
-2.9 0.0622351
-2.89 0.0626881
-2.88 0.0631427
-2.87 0.0635988
-2.86 0.0640566
-2.85 0.0645159
-2.84 0.0649768
-2.83 0.0654393
-2.82 0.0659034
-2.81 0.0663691
-2.8 0.0668364
-2.79 0.0673053
-2.78 0.0677758
-2.77 0.0682479
-2.76 0.0687217
-2.75 0.069197
-2.74 0.069674
-2.73 0.0701526
-2.72 0.0706329
-2.71 0.0711148
-2.7 0.0715984
-2.69 0.0720836
-2.68 0.0725705
-2.67 0.0730591
-2.66 0.0735493
-2.65 0.0740413
-2.64 0.0745349
-2.63 0.0750303
-2.62 0.0755274
-2.61 0.0760262
-2.6 0.0765268
-2.59 0.0770291
-2.58 0.0775332
-2.57 0.078039
-2.56 0.0785467
-2.55 0.0790561
-2.54 0.0795674
-2.53 0.0800805
-2.52 0.0805954
-2.51 0.0811121
-2.5 0.0816308
-2.49 0.0821513
-2.48 0.0826737
-2.47 0.083198
-2.46 0.0837242
-2.45 0.0842524
-2.44 0.0847825
-2.43 0.0853146
-2.42 0.0858486
-2.41 0.0863847
-2.4 0.0869228
-2.39 0.0874629
-2.38 0.088005
-2.37 0.0885492
-2.36 0.0890955
-2.35 0.0896439
-2.34 0.0901944
-2.33 0.090747
-2.32 0.0913018
-2.31 0.0918588
-2.3 0.0924179
-2.29 0.0929793
-2.28 0.0935428
-2.27 0.0941086
-2.26 0.0946767
-2.25 0.095247
-2.24 0.0958197
-2.23 0.0963946
-2.22 0.0969719
-2.21 0.0975515
-2.2 0.0981335
-2.19 0.0987179
-2.18 0.0993047
-2.17 0.0998938
-2.16 0.100485
-2.15 0.10108
-2.14 0.101676
-2.13 0.102275
-2.12 0.102877
-2.11 0.103481
-2.1 0.104087
-2.09 0.104697
-2.08 0.105308
-2.07 0.105923
-2.06 0.10654
-2.05 0.107159
-2.04 0.107781
-2.03 0.108406
-2.02 0.109034
-2.01 0.109664
-2 0.110297
-1.99 0.110933
-1.98 0.111571
-1.97 0.112212
-1.96 0.112856
-1.95 0.113502
-1.94 0.114152
-1.93 0.114804
-1.92 0.115458
-1.91 0.116116
-1.9 0.116776
-1.89 0.11744
-1.88 0.118106
-1.87 0.118775
-1.86 0.119446
-1.85 0.120121
-1.84 0.120798
-1.83 0.121478
-1.82 0.122161
-1.81 0.122847
-1.8 0.123535
-1.79 0.124227
-1.78 0.124921
-1.77 0.125618
-1.76 0.126318
-1.75 0.12702
-1.74 0.127726
-1.73 0.128434
-1.72 0.129145
-1.71 0.129859
-1.7 0.130575
-1.69 0.131295
-1.68 0.132017
-1.67 0.132741
-1.66 0.133469
-1.65 0.134199
-1.64 0.134932
-1.63 0.135667
-1.62 0.136405
-1.61 0.137146
-1.6 0.137889
-1.59 0.138634
-1.58 0.139383
-1.57 0.140133
-1.56 0.140886
-1.55 0.141642
-1.54 0.1424
-1.53 0.14316
-1.52 0.143923
-1.51 0.144688
-1.5 0.145455
-1.49 0.146224
-1.48 0.146996
-1.47 0.147769
-1.46 0.148545
-1.45 0.149323
-1.44 0.150102
-1.43 0.150884
-1.42 0.151667
-1.41 0.152453
-1.4 0.15324
-1.39 0.154028
-1.38 0.154818
-1.37 0.15561
-1.36 0.156404
-1.35 0.157199
-1.34 0.157995
-1.33 0.158792
-1.32 0.159591
-1.31 0.160391
-1.3 0.161192
-1.29 0.161994
-1.28 0.162797
-1.27 0.163601
-1.26 0.164405
-1.25 0.165211
-1.24 0.166017
-1.23 0.166823
-1.22 0.16763
-1.21 0.168437
-1.2 0.169245
-1.19 0.170052
-1.18 0.17086
-1.17 0.171668
-1.16 0.172476
-1.15 0.173283
-1.14 0.17409
-1.13 0.174897
-1.12 0.175703
-1.11 0.176509
-1.1 0.177314
-1.09 0.178118
-1.08 0.178921
-1.07 0.179723
-1.06 0.180524
-1.05 0.181324
-1.04 0.182122
-1.03 0.182919
-1.02 0.183714
-1.01 0.184508
-1 0.185299
-0.99 0.186089
-0.98 0.186877
-0.97 0.187662
-0.96 0.188445
-0.95 0.189226
-0.94 0.190004
-0.93 0.190779
-0.92 0.191551
-0.91 0.192321
-0.9 0.193087
-0.89 0.19385
-0.88 0.19461
-0.87 0.195367
-0.86 0.196119
-0.85 0.196868
-0.84 0.197614
-0.83 0.198355
-0.82 0.199092
-0.81 0.199824
-0.8 0.200553
-0.79 0.201277
-0.78 0.201996
-0.77 0.20271
-0.76 0.203419
-0.75 0.204123
-0.74 0.204823
-0.73 0.205516
-0.72 0.206204
-0.71 0.206887
-0.7 0.207564
-0.69 0.208235
-0.68 0.2089
-0.67 0.209558
-0.66 0.210211
-0.65 0.210857
-0.64 0.211496
-0.63 0.212129
-0.62 0.212755
-0.61 0.213374
-0.6 0.213986
-0.59 0.214591
-0.58 0.215188
-0.57 0.215778
-0.56 0.21636
-0.55 0.216935
-0.54 0.217501
-0.53 0.21806
-0.52 0.218611
-0.51 0.219153
-0.5 0.219687
-0.49 0.220213
-0.48 0.22073
-0.47 0.221238
-0.46 0.221738
-0.45 0.222229
-0.44 0.22271
-0.43 0.223183
-0.42 0.223646
-0.41 0.2241
-0.4 0.224545
-0.39 0.22498
-0.38 0.225405
-0.37 0.22582
-0.36 0.226226
-0.35 0.226622
-0.34 0.227007
-0.33 0.227383
-0.32 0.227748
-0.31 0.228103
-0.3 0.228448
-0.29 0.228782
-0.28 0.229105
-0.27 0.229418
-0.26 0.22972
-0.25 0.230012
-0.24 0.230292
-0.23 0.230562
-0.22 0.230821
-0.21 0.231068
-0.2 0.231305
-0.19 0.23153
-0.18 0.231744
-0.17 0.231947
-0.16 0.232139
-0.15 0.232319
-0.14 0.232487
-0.13 0.232645
-0.12 0.232791
-0.11 0.232925
-0.1 0.233048
-0.09 0.233159
-0.08 0.233258
-0.07 0.233346
-0.06 0.233422
-0.05 0.233487
-0.04 0.233539
-0.03 0.23358
-0.02 0.23361
-0.01 0.233627
0 0.233633
0.01 0.233627
0.02 0.23361
0.03 0.23358
0.04 0.233539
0.05 0.233487
0.06 0.233422
0.07 0.233346
0.08 0.233258
0.09 0.233159
0.1 0.233048
0.11 0.232925
0.12 0.232791
0.13 0.232645
0.14 0.232487
0.15 0.232319
0.16 0.232139
0.17 0.231947
0.18 0.231744
0.19 0.23153
0.2 0.231305
0.21 0.231068
0.22 0.230821
0.23 0.230562
0.24 0.230292
0.25 0.230012
0.26 0.22972
0.27 0.229418
0.28 0.229105
0.29 0.228782
0.3 0.228448
0.31 0.228103
0.32 0.227748
0.33 0.227383
0.34 0.227007
0.35 0.226622
0.36 0.226226
0.37 0.22582
0.38 0.225405
0.39 0.22498
0.4 0.224545
0.41 0.2241
0.42 0.223646
0.43 0.223183
0.44 0.22271
0.45 0.222229
0.46 0.221738
0.47 0.221238
0.48 0.22073
0.49 0.220213
0.5 0.219687
0.51 0.219153
0.52 0.218611
0.53 0.21806
0.54 0.217501
0.55 0.216935
0.56 0.21636
0.57 0.215778
0.58 0.215188
0.59 0.214591
0.6 0.213986
0.61 0.213374
0.62 0.212755
0.63 0.212129
0.64 0.211496
0.65 0.210857
0.66 0.210211
0.67 0.209558
0.68 0.2089
0.69 0.208235
0.7 0.207564
0.71 0.206887
0.72 0.206204
0.73 0.205516
0.74 0.204823
0.75 0.204123
0.76 0.203419
0.77 0.20271
0.78 0.201996
0.79 0.201277
0.8 0.200553
0.81 0.199824
0.82 0.199092
0.83 0.198355
0.84 0.197614
0.85 0.196868
0.86 0.196119
0.87 0.195367
0.88 0.19461
0.89 0.19385
0.9 0.193087
0.91 0.192321
0.92 0.191551
0.93 0.190779
0.94 0.190004
0.95 0.189226
0.96 0.188445
0.97 0.187662
0.98 0.186877
0.99 0.186089
1 0.185299
1.01 0.184508
1.02 0.183714
1.03 0.182919
1.04 0.182122
1.05 0.181324
1.06 0.180524
1.07 0.179723
1.08 0.178921
1.09 0.178118
1.1 0.177314
1.11 0.176509
1.12 0.175703
1.13 0.174897
1.14 0.17409
1.15 0.173283
1.16 0.172476
1.17 0.171668
1.18 0.17086
1.19 0.170052
1.2 0.169245
1.21 0.168437
1.22 0.16763
1.23 0.166823
1.24 0.166017
1.25 0.165211
1.26 0.164405
1.27 0.163601
1.28 0.162797
1.29 0.161994
1.3 0.161192
1.31 0.160391
1.32 0.159591
1.33 0.158792
1.34 0.157995
1.35 0.157199
1.36 0.156404
1.37 0.15561
1.38 0.154818
1.39 0.154028
1.4 0.15324
1.41 0.152453
1.42 0.151667
1.43 0.150884
1.44 0.150102
1.45 0.149323
1.46 0.148545
1.47 0.147769
1.48 0.146996
1.49 0.146224
1.5 0.145455
1.51 0.144688
1.52 0.143923
1.53 0.14316
1.54 0.1424
1.55 0.141642
1.56 0.140886
1.57 0.140133
1.58 0.139383
1.59 0.138634
1.6 0.137889
1.61 0.137146
1.62 0.136405
1.63 0.135667
1.64 0.134932
1.65 0.134199
1.66 0.133469
1.67 0.132741
1.68 0.132017
1.69 0.131295
1.7 0.130575
1.71 0.129859
1.72 0.129145
1.73 0.128434
1.74 0.127726
1.75 0.12702
1.76 0.126318
1.77 0.125618
1.78 0.124921
1.79 0.124227
1.8 0.123535
1.81 0.122847
1.82 0.122161
1.83 0.121478
1.84 0.120798
1.85 0.120121
1.86 0.119446
1.87 0.118775
1.88 0.118106
1.89 0.11744
1.9 0.116776
1.91 0.116116
1.92 0.115458
1.93 0.114804
1.94 0.114152
1.95 0.113502
1.96 0.112856
1.97 0.112212
1.98 0.111571
1.99 0.110933
2 0.110297
2.01 0.109664
2.02 0.109034
2.03 0.108406
2.04 0.107781
2.05 0.107159
2.06 0.10654
2.07 0.105923
2.08 0.105308
2.09 0.104697
2.1 0.104087
2.11 0.103481
2.12 0.102877
2.13 0.102275
2.14 0.101676
2.15 0.10108
2.16 0.100485
2.17 0.0998938
2.18 0.0993047
2.19 0.0987179
2.2 0.0981335
2.21 0.0975515
2.22 0.0969719
2.23 0.0963946
2.24 0.0958197
2.25 0.095247
2.26 0.0946767
2.27 0.0941086
2.28 0.0935428
2.29 0.0929793
2.3 0.0924179
2.31 0.0918588
2.32 0.0913018
2.33 0.090747
2.34 0.0901944
2.35 0.0896439
2.36 0.0890955
2.37 0.0885492
2.38 0.088005
2.39 0.0874629
2.4 0.0869228
2.41 0.0863847
2.42 0.0858486
2.43 0.0853146
2.44 0.0847825
2.45 0.0842524
2.46 0.0837242
2.47 0.083198
2.48 0.0826737
2.49 0.0821513
2.5 0.0816308
2.51 0.0811121
2.52 0.0805954
2.53 0.0800805
2.54 0.0795674
2.55 0.0790561
2.56 0.0785467
2.57 0.078039
2.58 0.0775332
2.59 0.0770291
2.6 0.0765268
2.61 0.0760262
2.62 0.0755274
2.63 0.0750303
2.64 0.0745349
2.65 0.0740413
2.66 0.0735493
2.67 0.0730591
2.68 0.0725705
2.69 0.0720836
2.7 0.0715984
2.71 0.0711148
2.72 0.0706329
2.73 0.0701526
2.74 0.069674
2.75 0.069197
2.76 0.0687217
2.77 0.0682479
2.78 0.0677758
2.79 0.0673053
2.8 0.0668364
2.81 0.0663691
2.82 0.0659034
2.83 0.0654393
2.84 0.0649768
2.85 0.0645159
2.86 0.0640566
2.87 0.0635988
2.88 0.0631427
2.89 0.0626881
2.9 0.0622351
2.91 0.0617837
2.92 0.0613338
2.93 0.0608856
2.94 0.0604389
2.95 0.0599937
2.96 0.0595502
2.97 0.0591082
2.98 0.0586679
2.99 0.058229
3 0.0577918
3.01 0.0573562
3.02 0.0569221
3.03 0.0564896
3.04 0.0560587
3.05 0.0556294
3.06 0.0552017
3.07 0.0547756
3.08 0.0543511
3.09 0.0539281
3.1 0.0535068
3.11 0.0530871
3.12 0.052669
3.13 0.0522525
3.14 0.0518376
3.15 0.0514244
3.16 0.0510128
3.17 0.0506028
3.18 0.0501944
3.19 0.0497877
3.2 0.0493826
3.21 0.0489792
3.22 0.0485774
3.23 0.0481773
3.24 0.0477789
3.25 0.0473821
3.26 0.046987
3.27 0.0465936
3.28 0.0462018
3.29 0.0458118
3.3 0.0454235
3.31 0.0450368
3.32 0.0446519
3.33 0.0442687
3.34 0.0438872
3.35 0.0435074
3.36 0.0431293
3.37 0.042753
3.38 0.0423785
3.39 0.0420057
3.4 0.0416346
3.41 0.0412653
3.42 0.0408978
3.43 0.040532
3.44 0.040168
3.45 0.0398058
3.46 0.0394454
3.47 0.0390868
3.48 0.03873
3.49 0.038375
3.5 0.0380218
3.51 0.0376704
3.52 0.0373209
3.53 0.0369731
3.54 0.0366272
3.55 0.0362832
3.56 0.035941
3.57 0.0356006
3.58 0.0352621
3.59 0.0349254
3.6 0.0345906
3.61 0.0342577
3.62 0.0339267
3.63 0.0335975
3.64 0.0332702
3.65 0.0329448
3.66 0.0326212
3.67 0.0322996
3.68 0.0319799
3.69 0.031662
3.7 0.0313461
3.71 0.0310321
3.72 0.03072
3.73 0.0304098
3.74 0.0301015
3.75 0.0297951
3.76 0.0294907
3.77 0.0291881
3.78 0.0288875
3.79 0.0285889
3.8 0.0282921
3.81 0.0279973
3.82 0.0277045
3.83 0.0274135
3.84 0.0271245
3.85 0.0268375
3.86 0.0265524
3.87 0.0262692
3.88 0.025988
3.89 0.0257087
3.9 0.0254314
3.91 0.025156
3.92 0.0248825
3.93 0.024611
3.94 0.0243414
3.95 0.0240738
3.96 0.0238081
3.97 0.0235444
3.98 0.0232826
3.99 0.0230228
4 0.0227649
4.01 0.0225089
4.02 0.0222549
4.03 0.0220028
4.04 0.0217526
4.05 0.0215044
4.06 0.0212581
4.07 0.0210137
4.08 0.0207712
4.09 0.0205307
4.1 0.0202921
4.11 0.0200554
4.12 0.0198206
4.13 0.0195877
4.14 0.0193568
4.15 0.0191277
4.16 0.0189006
4.17 0.0186753
4.18 0.0184519
4.19 0.0182304
4.2 0.0180108
4.21 0.0177931
4.22 0.0175773
4.23 0.0173633
4.24 0.0171512
4.25 0.0169409
4.26 0.0167325
4.27 0.0165259
4.28 0.0163212
4.29 0.0161183
4.3 0.0159173
4.31 0.0157181
4.32 0.0155207
4.33 0.0153251
4.34 0.0151313
4.35 0.0149393
4.36 0.0147491
4.37 0.0145607
4.38 0.0143741
4.39 0.0141892
4.4 0.0140061
4.41 0.0138248
4.42 0.0136452
4.43 0.0134674
4.44 0.0132913
4.45 0.0131169
4.46 0.0129442
4.47 0.0127733
4.48 0.0126041
4.49 0.0124365
4.5 0.0122707
4.51 0.0121065
4.52 0.011944
4.53 0.0117832
4.54 0.011624
4.55 0.0114664
4.56 0.0113106
4.57 0.0111563
4.58 0.0110036
4.59 0.0108526
4.6 0.0107031
4.61 0.0105553
4.62 0.010409
4.63 0.0102643
4.64 0.0101212
4.65 0.00997964
4.66 0.00983961
4.67 0.00970112
4.68 0.00956415
4.69 0.00942871
4.7 0.00929476
4.71 0.00916232
4.72 0.00903136
4.73 0.00890188
4.74 0.00877387
4.75 0.00864732
4.76 0.00852221
4.77 0.00839854
4.78 0.0082763
4.79 0.00815548
4.8 0.00803606
4.81 0.00791804
4.82 0.00780141
4.83 0.00768615
4.84 0.00757227
4.85 0.00745973
4.86 0.00734855
4.87 0.00723869
4.88 0.00713017
4.89 0.00702296
4.9 0.00691705
4.91 0.00681244
4.92 0.00670911
4.93 0.00660705
4.94 0.00650626
4.95 0.00640672
4.96 0.00630842
4.97 0.00621135
4.98 0.00611551
4.99 0.00602087
5 0.00592744
5.01 0.00583519
5.02 0.00574413
5.03 0.00565423
5.04 0.00556549
5.05 0.00547791
5.06 0.00539145
5.07 0.00530613
5.08 0.00522193
5.09 0.00513883
5.1 0.00505683
5.11 0.00497591
5.12 0.00489607
5.13 0.0048173
5.14 0.00473958
5.15 0.00466291
5.16 0.00458728
5.17 0.00451266
5.18 0.00443907
5.19 0.00436648
5.2 0.00429489
5.21 0.00422428
5.22 0.00415464
5.23 0.00408597
5.24 0.00401826
5.25 0.00395149
5.26 0.00388566
5.27 0.00382075
5.28 0.00375676
5.29 0.00369368
5.3 0.00363149
5.31 0.00357019
5.32 0.00350977
5.33 0.00345022
5.34 0.00339152
5.35 0.00333368
5.36 0.00327668
5.37 0.0032205
5.38 0.00316515
5.39 0.00311061
5.4 0.00305687
5.41 0.00300393
5.42 0.00295177
5.43 0.00290039
5.44 0.00284977
5.45 0.00279991
5.46 0.0027508
5.47 0.00270244
5.48 0.0026548
5.49 0.00260789
5.5 0.00256169
5.51 0.00251619
5.52 0.0024714
5.53 0.00242729
5.54 0.00238386
5.55 0.00234111
5.56 0.00229902
5.57 0.00225758
5.58 0.00221679
5.59 0.00217664
5.6 0.00213713
5.61 0.00209823
5.62 0.00205996
5.63 0.00202228
5.64 0.00198521
5.65 0.00194874
5.66 0.00191284
5.67 0.00187753
5.68 0.00184278
5.69 0.00180859
5.7 0.00177496
5.71 0.00174188
5.72 0.00170934
5.73 0.00167733
5.74 0.00164584
5.75 0.00161488
5.76 0.00158442
5.77 0.00155447
5.78 0.00152502
5.79 0.00149606
5.8 0.00146758
5.81 0.00143958
5.82 0.00141205
5.83 0.00138499
5.84 0.00135838
5.85 0.00133223
5.86 0.00130652
5.87 0.00128125
5.88 0.00125641
5.89 0.001232
5.9 0.001208
5.91 0.00118443
5.92 0.00116126
5.93 0.00113849
5.94 0.00111612
5.95 0.00109414
5.96 0.00107254
5.97 0.00105132
5.98 0.00103048
5.99 0.00101
