-6 4.54656e-14
-5.99 4.93253e-14
-5.98 5.35054e-14
-5.97 5.80319e-14
-5.96 6.29328e-14
-5.95 6.82382e-14
-5.94 7.39809e-14
-5.93 8.01959e-14
-5.92 8.69213e-14
-5.91 9.41978e-14
-5.9 1.0207e-13
-5.89 1.10584e-13
-5.88 1.19793e-13
-5.87 1.29751e-13
-5.86 1.40517e-13
-5.85 1.52156e-13
-5.84 1.64737e-13
-5.83 1.78334e-13
-5.82 1.93027e-13
-5.81 2.08902e-13
-5.8 2.26052e-13
-5.79 2.44576e-13
-5.78 2.64583e-13
-5.77 2.86187e-13
-5.76 3.09513e-13
-5.75 3.34695e-13
-5.74 3.61877e-13
-5.73 3.91213e-13
-5.72 4.22869e-13
-5.71 4.57025e-13
-5.7 4.93873e-13
-5.69 5.33619e-13
-5.68 5.76486e-13
-5.67 6.22711e-13
-5.66 6.72552e-13
-5.65 7.26283e-13
-5.64 7.842e-13
-5.63 8.46621e-13
-5.62 9.13886e-13
-5.61 9.86361e-13
-5.6 1.06444e-12
-5.59 1.14854e-12
-5.58 1.23912e-12
-5.57 1.33666e-12
-5.56 1.44168e-12
-5.55 1.55475e-12
-5.54 1.67645e-12
-5.53 1.80743e-12
-5.52 1.94839e-12
-5.51 2.10005e-12
-5.5 2.2632e-12
-5.49 2.4387e-12
-5.48 2.62746e-12
-5.47 2.83043e-12
-5.46 3.04868e-12
-5.45 3.2833e-12
-5.44 3.53551e-12
-5.43 3.80656e-12
-5.42 4.09784e-12
-5.41 4.41081e-12
-5.4 4.74704e-12
-5.39 5.10821e-12
-5.38 5.4961e-12
-5.37 5.91265e-12
-5.36 6.3599e-12
-5.35 6.84005e-12
-5.34 7.35546e-12
-5.33 7.90862e-12
-5.32 8.50223e-12
-5.31 9.13916e-12
-5.3 9.82246e-12
-5.29 1.05554e-11
-5.28 1.13415e-11
-5.27 1.21845e-11
-5.26 1.30884e-11
-5.25 1.40574e-11
-5.24 1.50961e-11
-5.23 1.62094e-11
-5.22 1.74023e-11
-5.21 1.86806e-11
-5.2 2.005e-11
-5.19 2.15169e-11
-5.18 2.30879e-11
-5.17 2.47703e-11
-5.16 2.65717e-11
-5.15 2.85002e-11
-5.14 3.05645e-11
-5.13 3.27739e-11
-5.12 3.51382e-11
-5.11 3.7668e-11
-5.1 4.03744e-11
-5.09 4.32694e-11
-5.08 4.63656e-11
-5.07 4.96767e-11
-5.06 5.32169e-11
-5.05 5.70018e-11
-5.04 6.10475e-11
-5.03 6.53714e-11
-5.02 6.99921e-11
-5.01 7.49293e-11
-5 8.02038e-11
-4.99 8.58379e-11
-4.98 9.18553e-11
-4.97 9.82812e-11
-4.96 1.05142e-10
-4.95 1.12467e-10
-4.94 1.20286e-10
-4.93 1.28631e-10
-4.92 1.37536e-10
-4.91 1.47037e-10
-4.9 1.57174e-10
-4.89 1.67987e-10
-4.88 1.79519e-10
-4.87 1.91816e-10
-4.86 2.04929e-10
-4.85 2.18907e-10
-4.84 2.33808e-10
-4.83 2.49689e-10
-4.82 2.66612e-10
-4.81 2.84644e-10
-4.8 3.03853e-10
-4.79 3.24316e-10
-4.78 3.46109e-10
-4.77 3.69316e-10
-4.76 3.94026e-10
-4.75 4.20332e-10
-4.74 4.48333e-10
-4.73 4.78135e-10
-4.72 5.09848e-10
-4.71 5.43591e-10
-4.7 5.79488e-10
-4.69 6.17672e-10
-4.68 6.58283e-10
-4.67 7.01468e-10
-4.66 7.47385e-10
-4.65 7.96199e-10
-4.64 8.48086e-10
-4.63 9.03231e-10
-4.62 9.61832e-10
-4.61 1.0241e-09
-4.6 1.09024e-09
-4.59 1.1605e-09
-4.58 1.23512e-09
-4.57 1.31436e-09
-4.56 1.3985e-09
-4.55 1.48781e-09
-4.54 1.58262e-09
-4.53 1.68324e-09
-4.52 1.79001e-09
-4.51 1.90329e-09
-4.5 2.02347e-09
-4.49 2.15095e-09
-4.48 2.28615e-09
-4.47 2.42951e-09
-4.46 2.58152e-09
-4.45 2.74266e-09
-4.44 2.91346e-09
-4.43 3.09448e-09
-4.42 3.2863e-09
-4.41 3.48954e-09
-4.4 3.70484e-09
-4.39 3.9329e-09
-4.38 4.17442e-09
-4.37 4.43017e-09
-4.36 4.70096e-09
-4.35 4.98761e-09
-4.34 5.29103e-09
-4.33 5.61214e-09
-4.32 5.95193e-09
-4.31 6.31144e-09
-4.3 6.69175e-09
-4.29 7.09401e-09
-4.28 7.51943e-09
-4.27 7.96929e-09
-4.26 8.4449e-09
-4.25 8.94769e-09
-4.24 9.47912e-09
-4.23 1.00407e-08
-4.22 1.06342e-08
-4.21 1.12612e-08
-4.2 1.19236e-08
-4.19 1.26232e-08
-4.18 1.3362e-08
-4.17 1.41421e-08
-4.16 1.49658e-08
-4.15 1.58353e-08
-4.14 1.6753e-08
-4.13 1.77215e-08
-4.12 1.87435e-08
-4.11 1.98216e-08
-4.1 2.0959e-08
-4.09 2.21586e-08
-4.08 2.34237e-08
-4.07 2.47576e-08
-4.06 2.61639e-08
-4.05 2.76464e-08
-4.04 2.92089e-08
-4.03 3.08555e-08
-4.02 3.25906e-08
-4.01 3.44184e-08
-4 3.63439e-08
-3.99 3.83719e-08
-3.98 4.05075e-08
-3.97 4.27562e-08
-3.96 4.51236e-08
-3.95 4.76156e-08
-3.94 5.02383e-08
-3.93 5.29984e-08
-3.92 5.59024e-08
-3.91 5.89576e-08
-3.9 6.21714e-08
-3.89 6.55513e-08
-3.88 6.91057e-08
-3.87 7.28428e-08
-3.86 7.67717e-08
-3.85 8.09014e-08
-3.84 8.52417e-08
-3.83 8.98027e-08
-3.82 9.45948e-08
-3.81 9.96291e-08
-3.8 1.04917e-07
-3.79 1.10471e-07
-3.78 1.16302e-07
-3.77 1.22425e-07
-3.76 1.28853e-07
-3.75 1.356e-07
-3.74 1.42681e-07
-3.73 1.50111e-07
-3.72 1.57907e-07
-3.71 1.66085e-07
-3.7 1.74662e-07
-3.69 1.83658e-07
-3.68 1.93091e-07
-3.67 2.0298e-07
-3.66 2.13348e-07
-3.65 2.24214e-07
-3.64 2.35601e-07
-3.63 2.47534e-07
-3.62 2.60035e-07
-3.61 2.7313e-07
-3.6 2.86846e-07
-3.59 3.0121e-07
-3.58 3.16251e-07
-3.57 3.31997e-07
-3.56 3.48479e-07
-3.55 3.65731e-07
-3.54 3.83784e-07
-3.53 4.02673e-07
-3.52 4.22435e-07
-3.51 4.43106e-07
-3.5 4.64726e-07
-3.49 4.87335e-07
-3.48 5.10973e-07
-3.47 5.35686e-07
-3.46 5.61518e-07
-3.45 5.88515e-07
-3.44 6.16726e-07
-3.43 6.46202e-07
-3.42 6.76995e-07
-3.41 7.09158e-07
-3.4 7.42749e-07
-3.39 7.77825e-07
-3.38 8.14447e-07
-3.37 8.52677e-07
-3.36 8.9258e-07
-3.35 9.34224e-07
-3.34 9.77677e-07
-3.33 1.02301e-06
-3.32 1.07031e-06
-3.31 1.11963e-06
-3.3 1.17107e-06
-3.29 1.22471e-06
-3.28 1.28063e-06
-3.27 1.33892e-06
-3.26 1.39968e-06
-3.25 1.46299e-06
-3.24 1.52896e-06
-3.23 1.59769e-06
-3.22 1.66927e-06
-3.21 1.74383e-06
-3.2 1.82148e-06
-3.19 1.90232e-06
-3.18 1.98647e-06
-3.17 2.07407e-06
-3.16 2.16524e-06
-3.15 2.26011e-06
-3.14 2.35881e-06
-3.13 2.46149e-06
-3.12 2.56829e-06
-3.11 2.67937e-06
-3.1 2.79486e-06
-3.09 2.91494e-06
-3.08 3.03976e-06
-3.07 3.16949e-06
-3.06 3.30432e-06
-3.05 3.44441e-06
-3.04 3.58995e-06
-3.03 3.74114e-06
-3.02 3.89816e-06
-3.01 4.06122e-06
-3 4.23052e-06
-2.99 4.40628e-06
-2.98 4.58873e-06
-2.97 4.77807e-06
-2.96 4.97456e-06
-2.95 5.17842e-06
-2.94 5.3899e-06
-2.93 5.60926e-06
-2.92 5.83675e-06
-2.91 6.07264e-06
-2.9 6.3172e-06
-2.89 6.57073e-06
-2.88 6.83349e-06
-2.87 7.1058e-06
-2.86 7.38796e-06
-2.85 7.68028e-06
-2.84 7.98308e-06
-2.83 8.29668e-06
-2.82 8.62144e-06
-2.81 8.95769e-06
-2.8 9.30579e-06
-2.79 9.6661e-06
-2.78 1.0039e-05
-2.77 1.04249e-05
-2.76 1.08241e-05
-2.75 1.12371e-05
-2.74 1.16643e-05
-2.73 1.2106e-05
-2.72 1.25628e-05
-2.71 1.3035e-05
-2.7 1.35232e-05
-2.69 1.40277e-05
-2.68 1.45491e-05
-2.67 1.50878e-05
-2.66 1.56443e-05
-2.65 1.62191e-05
-2.64 1.68128e-05
-2.63 1.74259e-05
-2.62 1.80588e-05
-2.61 1.87122e-05
-2.6 1.93866e-05
-2.59 2.00826e-05
-2.58 2.08007e-05
-2.57 2.15416e-05
-2.56 2.23058e-05
-2.55 2.3094e-05
-2.54 2.39068e-05
-2.53 2.47449e-05
-2.52 2.56088e-05
-2.51 2.64994e-05
-2.5 2.74171e-05
-2.49 2.83628e-05
-2.48 2.93371e-05
-2.47 3.03408e-05
-2.46 3.13745e-05
-2.45 3.24391e-05
-2.44 3.35352e-05
-2.43 3.46636e-05
-2.42 3.58251e-05
-2.41 3.70206e-05
-2.4 3.82507e-05
-2.39 3.95163e-05
-2.38 4.08182e-05
-2.37 4.21573e-05
-2.36 4.35345e-05
-2.35 4.49505e-05
-2.34 4.64062e-05
-2.33 4.79026e-05
-2.32 4.94405e-05
-2.31 5.10209e-05
-2.3 5.26446e-05
-2.29 5.43126e-05
-2.28 5.60258e-05
-2.27 5.77853e-05
-2.26 5.95918e-05
-2.25 6.14465e-05
-2.24 6.33504e-05
-2.23 6.53043e-05
-2.22 6.73093e-05
-2.21 6.93665e-05
-2.2 7.14769e-05
-2.19 7.36414e-05
-2.18 7.58612e-05
-2.17 7.81372e-05
-2.16 8.04706e-05
-2.15 8.28625e-05
-2.14 8.53138e-05
-2.13 8.78257e-05
-2.12 9.03993e-05
-2.11 9.30356e-05
-2.1 9.57359e-05
-2.09 9.85011e-05
-2.08 0.000101332
-2.07 0.000104231
-2.06 0.000107198
-2.05 0.000110234
-2.04 0.000113341
-2.03 0.00011652
-2.02 0.000119771
-2.01 0.000123097
-2 0.000126498
-1.99 0.000129979
-1.98 0.000133546
-1.97 0.000137229
-1.96 0.000141116
-1.95 0.000145495
-1.94 0.000151245
-1.93 0.000160919
-1.92 0.00018156
-1.91 0.000231593
-1.9 0.000356705
-1.89 0.000664127
-1.88 0.0013919
-1.87 0.00303908
-1.86 0.00659223
-1.85 0.0138863
-1.84 0.0281238
-1.83 0.0545289
-1.82 0.101025
-1.81 0.178699
-1.8 0.301668
-1.79 0.48593
-1.78 0.746815
-1.77 1.09503
-1.76 1.53182
-1.75 2.04429
-1.74 2.60277
-1.73 3.1614
-1.72 3.66333
-1.71 4.04971
-1.7 4.27093
-1.69 4.29706
-1.68 4.1245
-1.67 3.77679
-1.66 3.29932
-1.65 2.74967
-1.64 2.1862
-1.63 1.65827
-1.62 1.20001
-1.61 0.828482
-1.6 0.545722
-1.59 0.34299
-1.58 0.205722
-1.57 0.117789
-1.56 0.0644241
-1.55 0.0337102
-1.54 0.0169325
-1.53 0.00822918
-1.52 0.00394059
-1.51 0.00193382
-1.5 0.00104334
-1.49 0.000670341
-1.48 0.000524862
-1.47 0.000474352
-1.46 0.000461526
-1.45 0.000462952
-1.44 0.000469548
-1.43 0.000477978
-1.42 0.000487079
-1.41 0.000496467
-1.4 0.000506019
-1.39 0.0005157
-1.38 0.000525498
-1.37 0.000535411
-1.36 0.000545437
-1.35 0.000555575
-1.34 0.000565825
-1.33 0.000576185
-1.32 0.000586656
-1.31 0.000597235
-1.3 0.000607923
-1.29 0.000618718
-1.28 0.000629619
-1.27 0.000640624
-1.26 0.000651734
-1.25 0.000662946
-1.24 0.00067426
-1.23 0.000685673
-1.22 0.000697185
-1.21 0.000708794
-1.2 0.000720498
-1.19 0.000732296
-1.18 0.000744186
-1.17 0.000756166
-1.16 0.000768234
-1.15 0.00078039
-1.14 0.000792629
-1.13 0.000804951
-1.12 0.000817354
-1.11 0.000829835
-1.1 0.000842392
-1.09 0.000855023
-1.08 0.000867726
-1.07 0.000880497
-1.06 0.000893335
-1.05 0.000906237
-1.04 0.0009192
-1.03 0.000932222
-1.02 0.0009453
-1.01 0.000958431
-1 0.000971613
-0.99 0.000984842
-0.98 0.000998115
-0.97 0.00101143
-0.96 0.00102478
-0.95 0.00103817
-0.94 0.00105159
-0.93 0.00106504
-0.92 0.00107852
-0.91 0.00109201
-0.9 0.00110553
-0.89 0.00111906
-0.88 0.0011326
-0.87 0.00114615
-0.86 0.0011597
-0.85 0.00117326
-0.84 0.00118681
-0.83 0.00120036
-0.82 0.00121389
-0.81 0.00122741
-0.8 0.00124092
-0.79 0.0012544
-0.78 0.00126785
-0.77 0.00128128
-0.76 0.00129467
-0.75 0.00130802
-0.74 0.00132134
-0.73 0.0013346
-0.72 0.00134782
-0.71 0.00136098
-0.7 0.00137408
-0.69 0.00138713
-0.68 0.0014001
-0.67 0.001413
-0.66 0.00142583
-0.65 0.00143858
-0.64 0.00145125
-0.63 0.00146383
-0.62 0.00147632
-0.61 0.00148871
-0.6 0.001501
-0.59 0.00151319
-0.58 0.00152527
-0.57 0.00153724
-0.56 0.00154909
-0.55 0.00156082
-0.54 0.00157242
-0.53 0.0015839
-0.52 0.00159524
-0.51 0.00160644
-0.5 0.00161751
-0.49 0.00162843
-0.48 0.0016392
-0.47 0.00164981
-0.46 0.00166027
-0.45 0.00167057
-0.44 0.00168071
-0.43 0.00169067
-0.42 0.00170047
-0.41 0.00171009
-0.4 0.00171953
-0.39 0.00172878
-0.38 0.00173785
-0.37 0.00174673
-0.36 0.00175542
-0.35 0.00176391
-0.34 0.0017722
-0.33 0.00178029
-0.32 0.00178817
-0.31 0.00179584
-0.3 0.0018033
-0.29 0.00181055
-0.28 0.00181757
-0.27 0.00182438
-0.26 0.00183096
-0.25 0.00183732
-0.24 0.00184345
-0.23 0.00184934
-0.22 0.00185501
-0.21 0.00186044
-0.2 0.00186563
-0.19 0.00187058
-0.18 0.00187529
-0.17 0.00187975
-0.16 0.00188398
-0.15 0.00188795
-0.14 0.00189167
-0.13 0.00189515
-0.12 0.00189837
-0.11 0.00190134
-0.1 0.00190405
-0.09 0.00190651
-0.08 0.00190872
-0.07 0.00191066
-0.06 0.00191235
-0.05 0.00191378
-0.04 0.00191495
-0.03 0.00191587
-0.02 0.00191652
-0.01 0.00191691
0 0.00191704
0.01 0.00191691
0.02 0.00191652
0.03 0.00191587
0.04 0.00191495
0.05 0.00191378
0.06 0.00191235
0.07 0.00191066
0.08 0.00190872
0.09 0.00190651
0.1 0.00190405
0.11 0.00190134
0.12 0.00189837
0.13 0.00189515
0.14 0.00189167
0.15 0.00188795
0.16 0.00188398
0.17 0.00187975
0.18 0.00187529
0.19 0.00187058
0.2 0.00186563
0.21 0.00186044
0.22 0.00185501
0.23 0.00184934
0.24 0.00184345
0.25 0.00183732
0.26 0.00183096
0.27 0.00182438
0.28 0.00181757
0.29 0.00181055
0.3 0.0018033
0.31 0.00179584
0.32 0.00178817
0.33 0.00178029
0.34 0.0017722
0.35 0.00176391
0.36 0.00175542
0.37 0.00174673
0.38 0.00173785
0.39 0.00172878
0.4 0.00171953
0.41 0.00171009
0.42 0.00170047
0.43 0.00169067
0.44 0.00168071
0.45 0.00167057
0.46 0.00166027
0.47 0.00164981
0.48 0.0016392
0.49 0.00162843
0.5 0.00161751
0.51 0.00160644
0.52 0.00159524
0.53 0.0015839
0.54 0.00157242
0.55 0.00156082
0.56 0.00154909
0.57 0.00153724
0.58 0.00152527
0.59 0.00151319
0.6 0.001501
0.61 0.00148871
0.62 0.00147632
0.63 0.00146383
0.64 0.00145125
0.65 0.00143858
0.66 0.00142583
0.67 0.001413
0.68 0.0014001
0.69 0.00138713
0.7 0.00137408
0.71 0.00136098
0.72 0.00134782
0.73 0.0013346
0.74 0.00132134
0.75 0.00130802
0.76 0.00129467
0.77 0.00128128
0.78 0.00126785
0.79 0.0012544
0.8 0.00124092
0.81 0.00122741
0.82 0.00121389
0.83 0.00120036
0.84 0.00118681
0.85 0.00117326
0.86 0.0011597
0.87 0.00114615
0.88 0.0011326
0.89 0.00111906
0.9 0.00110553
0.91 0.00109201
0.92 0.00107852
0.93 0.00106504
0.94 0.00105159
0.95 0.00103817
0.96 0.00102478
0.97 0.00101143
0.98 0.000998115
0.99 0.000984842
1 0.000971613
1.01 0.000958431
1.02 0.0009453
1.03 0.000932222
1.04 0.0009192
1.05 0.000906237
1.06 0.000893335
1.07 0.000880497
1.08 0.000867726
1.09 0.000855023
1.1 0.000842392
1.11 0.000829835
1.12 0.000817354
1.13 0.000804951
1.14 0.000792629
1.15 0.00078039
1.16 0.000768234
1.17 0.000756166
1.18 0.000744186
1.19 0.000732296
1.2 0.000720498
1.21 0.000708794
1.22 0.000697185
1.23 0.000685673
1.24 0.00067426
1.25 0.000662946
1.26 0.000651734
1.27 0.000640624
1.28 0.000629619
1.29 0.000618718
1.3 0.000607923
1.31 0.000597235
1.32 0.000586656
1.33 0.000576185
1.34 0.000565825
1.35 0.000555575
1.36 0.000545437
1.37 0.000535411
1.38 0.000525498
1.39 0.0005157
1.4 0.000506019
1.41 0.000496467
1.42 0.000487079
1.43 0.000477978
1.44 0.000469548
1.45 0.000462952
1.46 0.000461526
1.47 0.000474352
1.48 0.000524862
1.49 0.000670341
1.5 0.00104334
1.51 0.00193382
1.52 0.00394059
1.53 0.00822918
1.54 0.0169325
1.55 0.0337102
1.56 0.0644241
1.57 0.117789
1.58 0.205722
1.59 0.34299
1.6 0.545722
1.61 0.828482
1.62 1.20001
1.63 1.65827
1.64 2.1862
1.65 2.74967
1.66 3.29932
1.67 3.77679
1.68 4.1245
1.69 4.29706
1.7 4.27093
1.71 4.04971
1.72 3.66333
1.73 3.1614
1.74 2.60277
1.75 2.04429
1.76 1.53182
1.77 1.09503
1.78 0.746815
1.79 0.48593
1.8 0.301668
1.81 0.178699
1.82 0.101025
1.83 0.0545289
1.84 0.0281238
1.85 0.0138863
1.86 0.00659223
1.87 0.00303908
1.88 0.0013919
1.89 0.000664127
1.9 0.000356705
1.91 0.000231593
1.92 0.00018156
1.93 0.000160919
1.94 0.000151245
1.95 0.000145495
1.96 0.000141116
1.97 0.000137229
1.98 0.000133546
1.99 0.000129979
2 0.000126498
2.01 0.000123097
2.02 0.000119771
2.03 0.00011652
2.04 0.000113341
2.05 0.000110234
2.06 0.000107198
2.07 0.000104231
2.08 0.000101332
2.09 9.85011e-05
2.1 9.57359e-05
2.11 9.30356e-05
2.12 9.03993e-05
2.13 8.78257e-05
2.14 8.53138e-05
2.15 8.28625e-05
2.16 8.04706e-05
2.17 7.81372e-05
2.18 7.58612e-05
2.19 7.36414e-05
2.2 7.14769e-05
2.21 6.93665e-05
2.22 6.73093e-05
2.23 6.53043e-05
2.24 6.33504e-05
2.25 6.14465e-05
2.26 5.95918e-05
2.27 5.77853e-05
2.28 5.60258e-05
2.29 5.43126e-05
2.3 5.26446e-05
2.31 5.10209e-05
2.32 4.94405e-05
2.33 4.79026e-05
2.34 4.64062e-05
2.35 4.49505e-05
2.36 4.35345e-05
2.37 4.21573e-05
2.38 4.08182e-05
2.39 3.95163e-05
2.4 3.82507e-05
2.41 3.70206e-05
2.42 3.58251e-05
2.43 3.46636e-05
2.44 3.35352e-05
2.45 3.24391e-05
2.46 3.13745e-05
2.47 3.03408e-05
2.48 2.93371e-05
2.49 2.83628e-05
2.5 2.74171e-05
2.51 2.64994e-05
2.52 2.56088e-05
2.53 2.47449e-05
2.54 2.39068e-05
2.55 2.3094e-05
2.56 2.23058e-05
2.57 2.15416e-05
2.58 2.08007e-05
2.59 2.00826e-05
2.6 1.93866e-05
2.61 1.87122e-05
2.62 1.80588e-05
2.63 1.74259e-05
2.64 1.68128e-05
2.65 1.62191e-05
2.66 1.56443e-05
2.67 1.50878e-05
2.68 1.45491e-05
2.69 1.40277e-05
2.7 1.35232e-05
2.71 1.3035e-05
2.72 1.25628e-05
2.73 1.2106e-05
2.74 1.16643e-05
2.75 1.12371e-05
2.76 1.08241e-05
2.77 1.04249e-05
2.78 1.0039e-05
2.79 9.6661e-06
2.8 9.30579e-06
2.81 8.95769e-06
2.82 8.62144e-06
2.83 8.29668e-06
2.84 7.98308e-06
2.85 7.68028e-06
2.86 7.38796e-06
2.87 7.1058e-06
2.88 6.83349e-06
2.89 6.57073e-06
2.9 6.3172e-06
2.91 6.07264e-06
2.92 5.83675e-06
2.93 5.60926e-06
2.94 5.3899e-06
2.95 5.17842e-06
2.96 4.97456e-06
2.97 4.77807e-06
2.98 4.58873e-06
2.99 4.40628e-06
3 4.23052e-06
3.01 4.06122e-06
3.02 3.89816e-06
3.03 3.74114e-06
3.04 3.58995e-06
3.05 3.44441e-06
3.06 3.30432e-06
3.07 3.16949e-06
3.08 3.03976e-06
3.09 2.91494e-06
3.1 2.79486e-06
3.11 2.67937e-06
3.12 2.56829e-06
3.13 2.46149e-06
3.14 2.35881e-06
3.15 2.26011e-06
3.16 2.16524e-06
3.17 2.07407e-06
3.18 1.98647e-06
3.19 1.90232e-06
3.2 1.82148e-06
3.21 1.74383e-06
3.22 1.66927e-06
3.23 1.59769e-06
3.24 1.52896e-06
3.25 1.46299e-06
3.26 1.39968e-06
3.27 1.33892e-06
3.28 1.28063e-06
3.29 1.22471e-06
3.3 1.17107e-06
3.31 1.11963e-06
3.32 1.07031e-06
3.33 1.02301e-06
3.34 9.77677e-07
3.35 9.34224e-07
3.36 8.9258e-07
3.37 8.52677e-07
3.38 8.14447e-07
3.39 7.77825e-07
3.4 7.42749e-07
3.41 7.09158e-07
3.42 6.76995e-07
3.43 6.46202e-07
3.44 6.16726e-07
3.45 5.88515e-07
3.46 5.61518e-07
3.47 5.35686e-07
3.48 5.10973e-07
3.49 4.87335e-07
3.5 4.64726e-07
3.51 4.43106e-07
3.52 4.22435e-07
3.53 4.02673e-07
3.54 3.83784e-07
3.55 3.65731e-07
3.56 3.48479e-07
3.57 3.31997e-07
3.58 3.16251e-07
3.59 3.0121e-07
3.6 2.86846e-07
3.61 2.7313e-07
3.62 2.60035e-07
3.63 2.47534e-07
3.64 2.35601e-07
3.65 2.24214e-07
3.66 2.13348e-07
3.67 2.0298e-07
3.68 1.93091e-07
3.69 1.83658e-07
3.7 1.74662e-07
3.71 1.66085e-07
3.72 1.57907e-07
3.73 1.50111e-07
3.74 1.42681e-07
3.75 1.356e-07
3.76 1.28853e-07
3.77 1.22425e-07
3.78 1.16302e-07
3.79 1.10471e-07
3.8 1.04917e-07
3.81 9.96291e-08
3.82 9.45948e-08
3.83 8.98027e-08
3.84 8.52417e-08
3.85 8.09014e-08
3.86 7.67717e-08
3.87 7.28428e-08
3.88 6.91057e-08
3.89 6.55513e-08
3.9 6.21714e-08
3.91 5.89576e-08
3.92 5.59024e-08
3.93 5.29984e-08
3.94 5.02383e-08
3.95 4.76156e-08
3.96 4.51236e-08
3.97 4.27562e-08
3.98 4.05075e-08
3.99 3.83719e-08
4 3.63439e-08
4.01 3.44184e-08
4.02 3.25906e-08
4.03 3.08555e-08
4.04 2.92089e-08
4.05 2.76464e-08
4.06 2.61639e-08
4.07 2.47576e-08
4.08 2.34237e-08
4.09 2.21586e-08
4.1 2.0959e-08
4.11 1.98216e-08
4.12 1.87435e-08
4.13 1.77215e-08
4.14 1.6753e-08
4.15 1.58353e-08
4.16 1.49658e-08
4.17 1.41421e-08
4.18 1.3362e-08
4.19 1.26232e-08
4.2 1.19236e-08
4.21 1.12612e-08
4.22 1.06342e-08
4.23 1.00407e-08
4.24 9.47912e-09
4.25 8.94769e-09
4.26 8.4449e-09
4.27 7.96929e-09
4.28 7.51943e-09
4.29 7.09401e-09
4.3 6.69175e-09
4.31 6.31144e-09
4.32 5.95193e-09
4.33 5.61214e-09
4.34 5.29103e-09
4.35 4.98761e-09
4.36 4.70096e-09
4.37 4.43017e-09
4.38 4.17442e-09
4.39 3.9329e-09
4.4 3.70484e-09
4.41 3.48954e-09
4.42 3.2863e-09
4.43 3.09448e-09
4.44 2.91346e-09
4.45 2.74266e-09
4.46 2.58152e-09
4.47 2.42951e-09
4.48 2.28615e-09
4.49 2.15095e-09
4.5 2.02347e-09
4.51 1.90329e-09
4.52 1.79001e-09
4.53 1.68324e-09
4.54 1.58262e-09
4.55 1.48781e-09
4.56 1.3985e-09
4.57 1.31436e-09
4.58 1.23512e-09
4.59 1.1605e-09
4.6 1.09024e-09
4.61 1.0241e-09
4.62 9.61832e-10
4.63 9.03231e-10
4.64 8.48086e-10
4.65 7.96199e-10
4.66 7.47385e-10
4.67 7.01468e-10
4.68 6.58283e-10
4.69 6.17672e-10
4.7 5.79488e-10
4.71 5.43591e-10
4.72 5.09848e-10
4.73 4.78135e-10
4.74 4.48333e-10
4.75 4.20332e-10
4.76 3.94026e-10
4.77 3.69316e-10
4.78 3.46109e-10
4.79 3.24316e-10
4.8 3.03853e-10
4.81 2.84644e-10
4.82 2.66612e-10
4.83 2.49689e-10
4.84 2.33808e-10
4.85 2.18907e-10
4.86 2.04929e-10
4.87 1.91816e-10
4.88 1.79519e-10
4.89 1.67987e-10
4.9 1.57174e-10
4.91 1.47037e-10
4.92 1.37536e-10
4.93 1.28631e-10
4.94 1.20286e-10
4.95 1.12467e-10
4.96 1.05142e-10
4.97 9.82812e-11
4.98 9.18553e-11
4.99 8.58379e-11
5 8.02038e-11
5.01 7.49293e-11
5.02 6.99921e-11
5.03 6.53714e-11
5.04 6.10475e-11
5.05 5.70018e-11
5.06 5.32169e-11
5.07 4.96767e-11
5.08 4.63656e-11
5.09 4.32694e-11
5.1 4.03744e-11
5.11 3.7668e-11
5.12 3.51382e-11
5.13 3.27739e-11
5.14 3.05645e-11
5.15 2.85002e-11
5.16 2.65717e-11
5.17 2.47703e-11
5.18 2.30879e-11
5.19 2.15169e-11
5.2 2.005e-11
5.21 1.86806e-11
5.22 1.74023e-11
5.23 1.62094e-11
5.24 1.50961e-11
5.25 1.40574e-11
5.26 1.30884e-11
5.27 1.21845e-11
5.28 1.13415e-11
5.29 1.05554e-11
5.3 9.82246e-12
5.31 9.13916e-12
5.32 8.50223e-12
5.33 7.90862e-12
5.34 7.35546e-12
5.35 6.84005e-12
5.36 6.3599e-12
5.37 5.91265e-12
5.38 5.4961e-12
5.39 5.10821e-12
5.4 4.74704e-12
5.41 4.41081e-12
5.42 4.09784e-12
5.43 3.80656e-12
5.44 3.53551e-12
5.45 3.2833e-12
5.46 3.04868e-12
5.47 2.83043e-12
5.48 2.62746e-12
5.49 2.4387e-12
5.5 2.2632e-12
5.51 2.10005e-12
5.52 1.94839e-12
5.53 1.80743e-12
5.54 1.67645e-12
5.55 1.55475e-12
5.56 1.44168e-12
5.57 1.33666e-12
5.58 1.23912e-12
5.59 1.14854e-12
5.6 1.06444e-12
5.61 9.86361e-13
5.62 9.13886e-13
5.63 8.46621e-13
5.64 7.842e-13
5.65 7.26283e-13
5.66 6.72552e-13
5.67 6.22711e-13
5.68 5.76486e-13
5.69 5.33619e-13
5.7 4.93873e-13
5.71 4.57025e-13
5.72 4.22869e-13
5.73 3.91213e-13
5.74 3.61877e-13
5.75 3.34695e-13
5.76 3.09513e-13
5.77 2.86187e-13
5.78 2.64583e-13
5.79 2.44576e-13
5.8 2.26052e-13
5.81 2.08902e-13
5.82 1.93027e-13
5.83 1.78334e-13
5.84 1.64737e-13
5.85 1.52156e-13
5.86 1.40517e-13
5.87 1.29751e-13
5.88 1.19793e-13
5.89 1.10584e-13
5.9 1.0207e-13
5.91 9.41978e-14
5.92 8.69213e-14
5.93 8.01959e-14
5.94 7.39809e-14
5.95 6.82382e-14
5.96 6.29328e-14
5.97 5.80319e-14
5.98 5.35054e-14
5.99 4.93253e-14
