-6 6.99172e-10
-5.99 7.37716e-10
-5.98 7.78316e-10
-5.97 8.21077e-10
-5.96 8.66109e-10
-5.95 9.13529e-10
-5.94 9.6346e-10
-5.93 1.01603e-09
-5.92 1.07137e-09
-5.91 1.12962e-09
-5.9 1.19094e-09
-5.89 1.25547e-09
-5.88 1.32338e-09
-5.87 1.39483e-09
-5.86 1.47002e-09
-5.85 1.54912e-09
-5.84 1.63232e-09
-5.83 1.71985e-09
-5.82 1.8119e-09
-5.81 1.90871e-09
-5.8 2.01051e-09
-5.79 2.11756e-09
-5.78 2.2301e-09
-5.77 2.34841e-09
-5.76 2.47278e-09
-5.75 2.6035e-09
-5.74 2.74089e-09
-5.73 2.88527e-09
-5.72 3.03698e-09
-5.71 3.19638e-09
-5.7 3.36385e-09
-5.69 3.53978e-09
-5.68 3.72457e-09
-5.67 3.91867e-09
-5.66 4.1225e-09
-5.65 4.33655e-09
-5.64 4.56131e-09
-5.63 4.79728e-09
-5.62 5.04501e-09
-5.61 5.30506e-09
-5.6 5.57802e-09
-5.59 5.86449e-09
-5.58 6.16513e-09
-5.57 6.48059e-09
-5.56 6.81159e-09
-5.55 7.15885e-09
-5.54 7.52315e-09
-5.53 7.90527e-09
-5.52 8.30606e-09
-5.51 8.72639e-09
-5.5 9.16717e-09
-5.49 9.62935e-09
-5.48 1.01139e-08
-5.47 1.06219e-08
-5.46 1.11545e-08
-5.45 1.17126e-08
-5.44 1.22977e-08
-5.43 1.29107e-08
-5.42 1.35532e-08
-5.41 1.42263e-08
-5.4 1.49315e-08
-5.39 1.56703e-08
-5.38 1.64441e-08
-5.37 1.72546e-08
-5.36 1.81035e-08
-5.35 1.89924e-08
-5.34 1.99231e-08
-5.33 2.08976e-08
-5.32 2.19179e-08
-5.31 2.29858e-08
-5.3 2.41037e-08
-5.29 2.52736e-08
-5.28 2.6498e-08
-5.27 2.77792e-08
-5.26 2.91197e-08
-5.25 3.05222e-08
-5.24 3.19894e-08
-5.23 3.35241e-08
-5.22 3.51292e-08
-5.21 3.6808e-08
-5.2 3.85635e-08
-5.19 4.03991e-08
-5.18 4.23183e-08
-5.17 4.43247e-08
-5.16 4.64221e-08
-5.15 4.86144e-08
-5.14 5.09056e-08
-5.13 5.33001e-08
-5.12 5.58022e-08
-5.11 5.84166e-08
-5.1 6.11479e-08
-5.09 6.40012e-08
-5.08 6.69817e-08
-5.07 7.00947e-08
-5.06 7.33458e-08
-5.05 7.67408e-08
-5.04 8.02858e-08
-5.03 8.3987e-08
-5.02 8.7851e-08
-5.01 9.18846e-08
-5 9.60947e-08
-4.99 1.00489e-07
-4.98 1.05074e-07
-4.97 1.09859e-07
-4.96 1.14852e-07
-4.95 1.20061e-07
-4.94 1.25494e-07
-4.93 1.31162e-07
-4.92 1.37074e-07
-4.91 1.43239e-07
-4.9 1.49668e-07
-4.89 1.56372e-07
-4.88 1.63361e-07
-4.87 1.70648e-07
-4.86 1.78243e-07
-4.85 1.8616e-07
-4.84 1.94412e-07
-4.83 2.0301e-07
-4.82 2.1197e-07
-4.81 2.21306e-07
-4.8 2.31032e-07
-4.79 2.41164e-07
-4.78 2.51718e-07
-4.77 2.62711e-07
-4.76 2.74158e-07
-4.75 2.86079e-07
-4.74 2.98492e-07
-4.73 3.11415e-07
-4.72 3.24869e-07
-4.71 3.38873e-07
-4.7 3.5345e-07
-4.69 3.68621e-07
-4.68 3.84408e-07
-4.67 4.00836e-07
-4.66 4.17928e-07
-4.65 4.35711e-07
-4.64 4.54209e-07
-4.63 4.7345e-07
-4.62 4.93462e-07
-4.61 5.14274e-07
-4.6 5.35915e-07
-4.59 5.58418e-07
-4.58 5.81813e-07
-4.57 6.06134e-07
-4.56 6.31415e-07
-4.55 6.57692e-07
-4.54 6.85e-07
-4.53 7.13379e-07
-4.52 7.42868e-07
-4.51 7.73506e-07
-4.5 8.05335e-07
-4.49 8.38399e-07
-4.48 8.72743e-07
-4.47 9.08412e-07
-4.46 9.45454e-07
-4.45 9.83918e-07
-4.44 1.02386e-06
-4.43 1.06532e-06
-4.42 1.10836e-06
-4.41 1.15304e-06
-4.4 1.19942e-06
-4.39 1.24754e-06
-4.38 1.29748e-06
-4.37 1.3493e-06
-4.36 1.40307e-06
-4.35 1.45884e-06
-4.34 1.5167e-06
-4.33 1.57671e-06
-4.32 1.63895e-06
-4.31 1.70349e-06
-4.3 1.77041e-06
-4.29 1.8398e-06
-4.28 1.91174e-06
-4.27 1.98632e-06
-4.26 2.06362e-06
-4.25 2.14373e-06
-4.24 2.22675e-06
-4.23 2.31279e-06
-4.22 2.40193e-06
-4.21 2.49429e-06
-4.2 2.58996e-06
-4.19 2.68906e-06
-4.18 2.79171e-06
-4.17 2.89801e-06
-4.16 3.0081e-06
-4.15 3.12208e-06
-4.14 3.2401e-06
-4.13 3.36227e-06
-4.12 3.48874e-06
-4.11 3.61964e-06
-4.1 3.75512e-06
-4.09 3.89532e-06
-4.08 4.04039e-06
-4.07 4.19049e-06
-4.06 4.34578e-06
-4.05 4.50641e-06
-4.04 4.67257e-06
-4.03 4.84442e-06
-4.02 5.02214e-06
-4.01 5.20592e-06
-4 5.39593e-06
-3.99 5.59239e-06
-3.98 5.79547e-06
-3.97 6.00539e-06
-3.96 6.22236e-06
-3.95 6.44659e-06
-3.94 6.67831e-06
-3.93 6.91773e-06
-3.92 7.1651e-06
-3.91 7.42064e-06
-3.9 7.68462e-06
-3.89 7.95727e-06
-3.88 8.23885e-06
-3.87 8.52964e-06
-3.86 8.8299e-06
-3.85 9.13991e-06
-3.84 9.45996e-06
-3.83 9.79035e-06
-3.82 1.01314e-05
-3.81 1.04833e-05
-3.8 1.08465e-05
-3.79 1.12213e-05
-3.78 1.1608e-05
-3.77 1.20069e-05
-3.76 1.24185e-05
-3.75 1.2843e-05
-3.74 1.32808e-05
-3.73 1.37324e-05
-3.72 1.4198e-05
-3.71 1.4678e-05
-3.7 1.5173e-05
-3.69 1.56832e-05
-3.68 1.62092e-05
-3.67 1.67512e-05
-3.66 1.73099e-05
-3.65 1.78856e-05
-3.64 1.84788e-05
-3.63 1.90899e-05
-3.62 1.97195e-05
-3.61 2.03681e-05
-3.6 2.1036e-05
-3.59 2.1724e-05
-3.58 2.24324e-05
-3.57 2.31619e-05
-3.56 2.39129e-05
-3.55 2.46861e-05
-3.54 2.5482e-05
-3.53 2.63012e-05
-3.52 2.71444e-05
-3.51 2.8012e-05
-3.5 2.89048e-05
-3.49 2.98233e-05
-3.48 3.07684e-05
-3.47 3.17405e-05
-3.46 3.27404e-05
-3.45 3.37687e-05
-3.44 3.48263e-05
-3.43 3.59137e-05
-3.42 3.70318e-05
-3.41 3.81813e-05
-3.4 3.9363e-05
-3.39 4.05775e-05
-3.38 4.18259e-05
-3.37 4.31087e-05
-3.36 4.4427e-05
-3.35 4.57814e-05
-3.34 4.71729e-05
-3.33 4.86024e-05
-3.32 5.00707e-05
-3.31 5.15787e-05
-3.3 5.31274e-05
-3.29 5.47177e-05
-3.28 5.63505e-05
-3.27 5.80269e-05
-3.26 5.97478e-05
-3.25 6.15143e-05
-3.24 6.33273e-05
-3.23 6.51879e-05
-3.22 6.70971e-05
-3.21 6.90561e-05
-3.2 7.1066e-05
-3.19 7.31277e-05
-3.18 7.52426e-05
-3.17 7.74117e-05
-3.16 7.96362e-05
-3.15 8.19173e-05
-3.14 8.42561e-05
-3.13 8.6654e-05
-3.12 8.91122e-05
-3.11 9.16319e-05
-3.1 9.42144e-05
-3.09 9.6861e-05
-3.08 9.95731e-05
-3.07 0.000102352
-3.06 0.000105199
-3.05 0.000108115
-3.04 0.000111103
-3.03 0.000114162
-3.02 0.000117296
-3.01 0.000120505
-3 0.00012379
-2.99 0.000127154
-2.98 0.000130597
-2.97 0.000134121
-2.96 0.000137729
-2.95 0.00014142
-2.94 0.000145198
-2.93 0.000149063
-2.92 0.000153018
-2.91 0.000157063
-2.9 0.0001612
-2.89 0.000165432
-2.88 0.00016976
-2.87 0.000174186
-2.86 0.000178711
-2.85 0.000183336
-2.84 0.000188065
-2.83 0.000192899
-2.82 0.000197839
-2.81 0.000202887
-2.8 0.000208046
-2.79 0.000213317
-2.78 0.000218701
-2.77 0.000224202
-2.76 0.00022982
-2.75 0.000235558
-2.74 0.000241418
-2.73 0.000247401
-2.72 0.00025351
-2.71 0.000259746
-2.7 0.000266113
-2.69 0.00027261
-2.68 0.000279242
-2.67 0.000286009
-2.66 0.000292913
-2.65 0.000299958
-2.64 0.000307145
-2.63 0.000314475
-2.62 0.000321952
-2.61 0.000329577
-2.6 0.000337352
-2.59 0.00034528
-2.58 0.000353363
-2.57 0.000361602
-2.56 0.000370001
-2.55 0.00037856
-2.54 0.000387283
-2.53 0.000396172
-2.52 0.000405228
-2.51 0.000414454
-2.5 0.000423852
-2.49 0.000433425
-2.48 0.000443174
-2.47 0.000453102
-2.46 0.00046321
-2.45 0.000473502
-2.44 0.000483979
-2.43 0.000494644
-2.42 0.000505499
-2.41 0.000516545
-2.4 0.000527786
-2.39 0.000539223
-2.38 0.000550858
-2.37 0.000562695
-2.36 0.000574734
-2.35 0.000586978
-2.34 0.000599429
-2.33 0.00061209
-2.32 0.000624962
-2.31 0.000638047
-2.3 0.000651349
-2.29 0.000664868
-2.28 0.000678607
-2.27 0.000692568
-2.26 0.000706753
-2.25 0.000721163
-2.24 0.000735802
-2.23 0.000750671
-2.22 0.000765772
-2.21 0.000781106
-2.2 0.000796676
-2.19 0.000812484
-2.18 0.000828532
-2.17 0.00084482
-2.16 0.000861352
-2.15 0.000878129
-2.14 0.000895152
-2.13 0.000912424
-2.12 0.000929946
-2.11 0.000947719
-2.1 0.000965746
-2.09 0.000984027
-2.08 0.00100256
-2.07 0.00102136
-2.06 0.00104042
-2.05 0.00105973
-2.04 0.00107931
-2.03 0.00109915
-2.02 0.00111925
-2.01 0.00113962
-2 0.00116026
-1.99 0.00118117
-1.98 0.00120234
-1.97 0.00122379
-1.96 0.0012455
-1.95 0.00126749
-1.94 0.00128975
-1.93 0.00131229
-1.92 0.00133509
-1.91 0.00135818
-1.9 0.00138154
-1.89 0.00140517
-1.88 0.00142908
-1.87 0.00145327
-1.86 0.00147773
-1.85 0.00150248
-1.84 0.00152749
-1.83 0.00155279
-1.82 0.00157837
-1.81 0.00160422
-1.8 0.00163035
-1.79 0.00165676
-1.78 0.00168344
-1.77 0.0017104
-1.76 0.00173764
-1.75 0.00176515
-1.74 0.00179294
-1.73 0.001821
-1.72 0.00184934
-1.71 0.00187795
-1.7 0.00190683
-1.69 0.00193598
-1.68 0.0019654
-1.67 0.00199509
-1.66 0.00202505
-1.65 0.00205527
-1.64 0.00208576
-1.63 0.00211651
-1.62 0.00214752
-1.61 0.00217879
-1.6 0.00221032
-1.59 0.0022421
-1.58 0.00227414
-1.57 0.00230643
-1.56 0.00233897
-1.55 0.00237175
-1.54 0.00240478
-1.53 0.00243805
-1.52 0.00247156
-1.51 0.0025053
-1.5 0.00253928
-1.49 0.00257349
-1.48 0.00260793
-1.47 0.00264259
-1.46 0.00267747
-1.45 0.00271257
-1.44 0.00274789
-1.43 0.00278341
-1.42 0.00281914
-1.41 0.00285508
-1.4 0.00289121
-1.39 0.00292754
-1.38 0.00296406
-1.37 0.00300077
-1.36 0.00303767
-1.35 0.00307474
-1.34 0.003112
-1.33 0.00314943
-1.32 0.00318703
-1.31 0.00322481
-1.3 0.00326276
-1.29 0.0033009
-1.28 0.00333923
-1.27 0.00337777
-1.26 0.00341655
-1.25 0.00345561
-1.24 0.00349501
-1.23 0.00353483
-1.22 0.00357521
-1.21 0.00361632
-1.2 0.0036584
-1.19 0.0037018
-1.18 0.003747
-1.17 0.00379463
-1.16 0.00384557
-1.15 0.00390097
-1.14 0.00396242
-1.13 0.00403196
-1.12 0.00411233
-1.11 0.00420709
-1.1 0.00432084
-1.09 0.00445954
-1.08 0.00463081
-1.07 0.00484432
-1.06 0.00511228
-1.05 0.00545
-1.04 0.00587649
-1.03 0.00641523
-1.02 0.00709499
-1.01 0.00795074
-1 0.00902464
-0.99 0.0103672
-0.98 0.0120382
-0.97 0.0141084
-0.96 0.0166598
-0.95 0.0197878
-0.94 0.0236014
-0.93 0.0282244
-0.92 0.033796
-0.91 0.0404709
-0.9 0.0484195
-0.89 0.0578269
-0.88 0.0688916
-0.87 0.081824
-0.86 0.0968433
-0.85 0.114174
-0.84 0.134042
-0.83 0.156668
-0.82 0.182264
-0.81 0.211022
-0.8 0.243113
-0.79 0.278672
-0.78 0.317795
-0.77 0.360526
-0.76 0.406854
-0.75 0.456702
-0.74 0.509919
-0.73 0.566279
-0.72 0.625474
-0.71 0.687114
-0.7 0.750725
-0.69 0.815754
-0.68 0.881573
-0.67 0.947488
-0.66 1.01275
-0.65 1.07656
-0.64 1.13811
-0.63 1.19656
-0.62 1.25108
-0.61 1.30089
-0.6 1.34523
-0.59 1.3834
-0.58 1.41482
-0.57 1.43898
-0.56 1.45547
-0.55 1.46403
-0.54 1.46452
-0.53 1.45692
-0.52 1.44138
-0.51 1.41813
-0.5 1.38757
-0.49 1.35019
-0.48 1.30657
-0.47 1.25741
-0.46 1.20343
-0.45 1.14545
-0.44 1.08427
-0.43 1.02073
-0.42 0.955649
-0.41 0.889827
-0.4 0.82402
-0.39 0.758926
-0.38 0.695183
-0.37 0.633352
-0.36 0.573916
-0.35 0.517275
-0.34 0.463746
-0.33 0.413565
-0.32 0.36689
-0.31 0.323806
-0.3 0.284332
-0.29 0.248428
-0.28 0.216006
-0.27 0.186933
-0.26 0.161043
-0.25 0.138144
-0.24 0.118029
-0.23 0.100475
-0.22 0.0852578
-0.21 0.0721523
-0.2 0.0609385
-0.19 0.0514049
-0.18 0.0433515
-0.17 0.0365915
-0.16 0.0309531
-0.15 0.0262797
-0.14 0.0224305
-0.13 0.01928
-0.12 0.0167179
-0.11 0.0146475
-0.1 0.0129855
-0.09 0.0116608
-0.08 0.0106128
-0.07 0.00979098
-0.06 0.00915352
-0.05 0.00866629
-0.04 0.00830199
-0.03 0.0080394
-0.02 0.00786269
-0.01 0.00776093
0 0.00772772
0.01 0.00776093
0.02 0.00786269
0.03 0.0080394
0.04 0.00830199
0.05 0.00866629
0.06 0.00915352
0.07 0.00979098
0.08 0.0106128
0.09 0.0116608
0.1 0.0129855
0.11 0.0146475
0.12 0.0167179
0.13 0.01928
0.14 0.0224305
0.15 0.0262797
0.16 0.0309531
0.17 0.0365915
0.18 0.0433515
0.19 0.0514049
0.2 0.0609385
0.21 0.0721523
0.22 0.0852578
0.23 0.100475
0.24 0.118029
0.25 0.138144
0.26 0.161043
0.27 0.186933
0.28 0.216006
0.29 0.248428
0.3 0.284332
0.31 0.323806
0.32 0.36689
0.33 0.413565
0.34 0.463746
0.35 0.517275
0.36 0.573916
0.37 0.633352
0.38 0.695183
0.39 0.758926
0.4 0.82402
0.41 0.889827
0.42 0.955649
0.43 1.02073
0.44 1.08427
0.45 1.14545
0.46 1.20343
0.47 1.25741
0.48 1.30657
0.49 1.35019
0.5 1.38757
0.51 1.41813
0.52 1.44138
0.53 1.45692
0.54 1.46452
0.55 1.46403
0.56 1.45547
0.57 1.43898
0.58 1.41482
0.59 1.3834
0.6 1.34523
0.61 1.30089
0.62 1.25108
0.63 1.19656
0.64 1.13811
0.65 1.07656
0.66 1.01275
0.67 0.947488
0.68 0.881573
0.69 0.815754
0.7 0.750725
0.71 0.687114
0.72 0.625474
0.73 0.566279
0.74 0.509919
0.75 0.456702
0.76 0.406854
0.77 0.360526
0.78 0.317795
0.79 0.278672
0.8 0.243113
0.81 0.211022
0.82 0.182264
0.83 0.156668
0.84 0.134042
0.85 0.114174
0.86 0.0968433
0.87 0.081824
0.88 0.0688916
0.89 0.0578269
0.9 0.0484195
0.91 0.0404709
0.92 0.033796
0.93 0.0282244
0.94 0.0236014
0.95 0.0197878
0.96 0.0166598
0.97 0.0141084
0.98 0.0120382
0.99 0.0103672
1 0.00902464
1.01 0.00795074
1.02 0.00709499
1.03 0.00641523
1.04 0.00587649
1.05 0.00545
1.06 0.00511228
1.07 0.00484432
1.08 0.00463081
1.09 0.00445954
1.1 0.00432084
1.11 0.00420709
1.12 0.00411233
1.13 0.00403196
1.14 0.00396242
1.15 0.00390097
1.16 0.00384557
1.17 0.00379463
1.18 0.003747
1.19 0.0037018
1.2 0.0036584
1.21 0.00361632
1.22 0.00357521
1.23 0.00353483
1.24 0.00349501
1.25 0.00345561
1.26 0.00341655
1.27 0.00337777
1.28 0.00333923
1.29 0.0033009
1.3 0.00326276
1.31 0.00322481
1.32 0.00318703
1.33 0.00314943
1.34 0.003112
1.35 0.00307474
1.36 0.00303767
1.37 0.00300077
1.38 0.00296406
1.39 0.00292754
1.4 0.00289121
1.41 0.00285508
1.42 0.00281914
1.43 0.00278341
1.44 0.00274789
1.45 0.00271257
1.46 0.00267747
1.47 0.00264259
1.48 0.00260793
1.49 0.00257349
1.5 0.00253928
1.51 0.0025053
1.52 0.00247156
1.53 0.00243805
1.54 0.00240478
1.55 0.00237175
1.56 0.00233897
1.57 0.00230643
1.58 0.00227414
1.59 0.0022421
1.6 0.00221032
1.61 0.00217879
1.62 0.00214752
1.63 0.00211651
1.64 0.00208576
1.65 0.00205527
1.66 0.00202505
1.67 0.00199509
1.68 0.0019654
1.69 0.00193598
1.7 0.00190683
1.71 0.00187795
1.72 0.00184934
1.73 0.001821
1.74 0.00179294
1.75 0.00176515
1.76 0.00173764
1.77 0.0017104
1.78 0.00168344
1.79 0.00165676
1.8 0.00163035
1.81 0.00160422
1.82 0.00157837
1.83 0.00155279
1.84 0.00152749
1.85 0.00150248
1.86 0.00147773
1.87 0.00145327
1.88 0.00142908
1.89 0.00140517
1.9 0.00138154
1.91 0.00135818
1.92 0.00133509
1.93 0.00131229
1.94 0.00128975
1.95 0.00126749
1.96 0.0012455
1.97 0.00122379
1.98 0.00120234
1.99 0.00118117
2 0.00116026
2.01 0.00113962
2.02 0.00111925
2.03 0.00109915
2.04 0.00107931
2.05 0.00105973
2.06 0.00104042
2.07 0.00102136
2.08 0.00100256
2.09 0.000984027
2.1 0.000965746
2.11 0.000947719
2.12 0.000929946
2.13 0.000912424
2.14 0.000895152
2.15 0.000878129
2.16 0.000861352
2.17 0.00084482
2.18 0.000828532
2.19 0.000812484
2.2 0.000796676
2.21 0.000781106
2.22 0.000765772
2.23 0.000750671
2.24 0.000735802
2.25 0.000721163
2.26 0.000706753
2.27 0.000692568
2.28 0.000678607
2.29 0.000664868
2.3 0.000651349
2.31 0.000638047
2.32 0.000624962
2.33 0.00061209
2.34 0.000599429
2.35 0.000586978
2.36 0.000574734
2.37 0.000562695
2.38 0.000550858
2.39 0.000539223
2.4 0.000527786
2.41 0.000516545
2.42 0.000505499
2.43 0.000494644
2.44 0.000483979
2.45 0.000473502
2.46 0.00046321
2.47 0.000453102
2.48 0.000443174
2.49 0.000433425
2.5 0.000423852
2.51 0.000414454
2.52 0.000405228
2.53 0.000396172
2.54 0.000387283
2.55 0.00037856
2.56 0.000370001
2.57 0.000361602
2.58 0.000353363
2.59 0.00034528
2.6 0.000337352
2.61 0.000329577
2.62 0.000321952
2.63 0.000314475
2.64 0.000307145
2.65 0.000299958
2.66 0.000292913
2.67 0.000286009
2.68 0.000279242
2.69 0.00027261
2.7 0.000266113
2.71 0.000259746
2.72 0.00025351
2.73 0.000247401
2.74 0.000241418
2.75 0.000235558
2.76 0.00022982
2.77 0.000224202
2.78 0.000218701
2.79 0.000213317
2.8 0.000208046
2.81 0.000202887
2.82 0.000197839
2.83 0.000192899
2.84 0.000188065
2.85 0.000183336
2.86 0.000178711
2.87 0.000174186
2.88 0.00016976
2.89 0.000165432
2.9 0.0001612
2.91 0.000157063
2.92 0.000153018
2.93 0.000149063
2.94 0.000145198
2.95 0.00014142
2.96 0.000137729
2.97 0.000134121
2.98 0.000130597
2.99 0.000127154
3 0.00012379
3.01 0.000120505
3.02 0.000117296
3.03 0.000114162
3.04 0.000111103
3.05 0.000108115
3.06 0.000105199
3.07 0.000102352
3.08 9.95731e-05
3.09 9.6861e-05
3.1 9.42144e-05
3.11 9.16319e-05
3.12 8.91122e-05
3.13 8.6654e-05
3.14 8.42561e-05
3.15 8.19173e-05
3.16 7.96362e-05
3.17 7.74117e-05
3.18 7.52426e-05
3.19 7.31277e-05
3.2 7.1066e-05
3.21 6.90561e-05
3.22 6.70971e-05
3.23 6.51879e-05
3.24 6.33273e-05
3.25 6.15143e-05
3.26 5.97478e-05
3.27 5.80269e-05
3.28 5.63505e-05
3.29 5.47177e-05
3.3 5.31274e-05
3.31 5.15787e-05
3.32 5.00707e-05
3.33 4.86024e-05
3.34 4.71729e-05
3.35 4.57814e-05
3.36 4.4427e-05
3.37 4.31087e-05
3.38 4.18259e-05
3.39 4.05775e-05
3.4 3.9363e-05
3.41 3.81813e-05
3.42 3.70318e-05
3.43 3.59137e-05
3.44 3.48263e-05
3.45 3.37687e-05
3.46 3.27404e-05
3.47 3.17405e-05
3.48 3.07684e-05
3.49 2.98233e-05
3.5 2.89048e-05
3.51 2.8012e-05
3.52 2.71444e-05
3.53 2.63012e-05
3.54 2.5482e-05
3.55 2.46861e-05
3.56 2.39129e-05
3.57 2.31619e-05
3.58 2.24324e-05
3.59 2.1724e-05
3.6 2.1036e-05
3.61 2.03681e-05
3.62 1.97195e-05
3.63 1.90899e-05
3.64 1.84788e-05
3.65 1.78856e-05
3.66 1.73099e-05
3.67 1.67512e-05
3.68 1.62092e-05
3.69 1.56832e-05
3.7 1.5173e-05
3.71 1.4678e-05
3.72 1.4198e-05
3.73 1.37324e-05
3.74 1.32808e-05
3.75 1.2843e-05
3.76 1.24185e-05
3.77 1.20069e-05
3.78 1.1608e-05
3.79 1.12213e-05
3.8 1.08465e-05
3.81 1.04833e-05
3.82 1.01314e-05
3.83 9.79035e-06
3.84 9.45996e-06
3.85 9.13991e-06
3.86 8.8299e-06
3.87 8.52964e-06
3.88 8.23885e-06
3.89 7.95727e-06
3.9 7.68462e-06
3.91 7.42064e-06
3.92 7.1651e-06
3.93 6.91773e-06
3.94 6.67831e-06
3.95 6.44659e-06
3.96 6.22236e-06
3.97 6.00539e-06
3.98 5.79547e-06
3.99 5.59239e-06
4 5.39593e-06
4.01 5.20592e-06
4.02 5.02214e-06
4.03 4.84442e-06
4.04 4.67257e-06
4.05 4.50641e-06
4.06 4.34578e-06
4.07 4.19049e-06
4.08 4.04039e-06
4.09 3.89532e-06
4.1 3.75512e-06
4.11 3.61964e-06
4.12 3.48874e-06
4.13 3.36227e-06
4.14 3.2401e-06
4.15 3.12208e-06
4.16 3.0081e-06
4.17 2.89801e-06
4.18 2.79171e-06
4.19 2.68906e-06
4.2 2.58996e-06
4.21 2.49429e-06
4.22 2.40193e-06
4.23 2.31279e-06
4.24 2.22675e-06
4.25 2.14373e-06
4.26 2.06362e-06
4.27 1.98632e-06
4.28 1.91174e-06
4.29 1.8398e-06
4.3 1.77041e-06
4.31 1.70349e-06
4.32 1.63895e-06
4.33 1.57671e-06
4.34 1.5167e-06
4.35 1.45884e-06
4.36 1.40307e-06
4.37 1.3493e-06
4.38 1.29748e-06
4.39 1.24754e-06
4.4 1.19942e-06
4.41 1.15304e-06
4.42 1.10836e-06
4.43 1.06532e-06
4.44 1.02386e-06
4.45 9.83918e-07
4.46 9.45454e-07
4.47 9.08412e-07
4.48 8.72743e-07
4.49 8.38399e-07
4.5 8.05335e-07
4.51 7.73506e-07
4.52 7.42868e-07
4.53 7.13379e-07
4.54 6.85e-07
4.55 6.57692e-07
4.56 6.31415e-07
4.57 6.06134e-07
4.58 5.81813e-07
4.59 5.58418e-07
4.6 5.35915e-07
4.61 5.14274e-07
4.62 4.93462e-07
4.63 4.7345e-07
4.64 4.54209e-07
4.65 4.35711e-07
4.66 4.17928e-07
4.67 4.00836e-07
4.68 3.84408e-07
4.69 3.68621e-07
4.7 3.5345e-07
4.71 3.38873e-07
4.72 3.24869e-07
4.73 3.11415e-07
4.74 2.98492e-07
4.75 2.86079e-07
4.76 2.74158e-07
4.77 2.62711e-07
4.78 2.51718e-07
4.79 2.41164e-07
4.8 2.31032e-07
4.81 2.21306e-07
4.82 2.1197e-07
4.83 2.0301e-07
4.84 1.94412e-07
4.85 1.8616e-07
4.86 1.78243e-07
4.87 1.70648e-07
4.88 1.63361e-07
4.89 1.56372e-07
4.9 1.49668e-07
4.91 1.43239e-07
4.92 1.37074e-07
4.93 1.31162e-07
4.94 1.25494e-07
4.95 1.20061e-07
4.96 1.14852e-07
4.97 1.09859e-07
4.98 1.05074e-07
4.99 1.00489e-07
5 9.60947e-08
5.01 9.18846e-08
5.02 8.7851e-08
5.03 8.3987e-08
5.04 8.02858e-08
5.05 7.67408e-08
5.06 7.33458e-08
5.07 7.00947e-08
5.08 6.69817e-08
5.09 6.40012e-08
5.1 6.11479e-08
5.11 5.84166e-08
5.12 5.58022e-08
5.13 5.33001e-08
5.14 5.09056e-08
5.15 4.86144e-08
5.16 4.64221e-08
5.17 4.43247e-08
5.18 4.23183e-08
5.19 4.03991e-08
5.2 3.85635e-08
5.21 3.6808e-08
5.22 3.51292e-08
5.23 3.35241e-08
5.24 3.19894e-08
5.25 3.05222e-08
5.26 2.91197e-08
5.27 2.77792e-08
5.28 2.6498e-08
5.29 2.52736e-08
5.3 2.41037e-08
5.31 2.29858e-08
5.32 2.19179e-08
5.33 2.08976e-08
5.34 1.99231e-08
5.35 1.89924e-08
5.36 1.81035e-08
5.37 1.72546e-08
5.38 1.64441e-08
5.39 1.56703e-08
5.4 1.49315e-08
5.41 1.42263e-08
5.42 1.35532e-08
5.43 1.29107e-08
5.44 1.22977e-08
5.45 1.17126e-08
5.46 1.11545e-08
5.47 1.06219e-08
5.48 1.01139e-08
5.49 9.62935e-09
5.5 9.16717e-09
5.51 8.72639e-09
5.52 8.30606e-09
5.53 7.90527e-09
5.54 7.52315e-09
5.55 7.15885e-09
5.56 6.81159e-09
5.57 6.48059e-09
5.58 6.16513e-09
5.59 5.86449e-09
5.6 5.57802e-09
5.61 5.30506e-09
5.62 5.04501e-09
5.63 4.79728e-09
5.64 4.56131e-09
5.65 4.33655e-09
5.66 4.1225e-09
5.67 3.91867e-09
5.68 3.72457e-09
5.69 3.53978e-09
5.7 3.36385e-09
5.71 3.19638e-09
5.72 3.03698e-09
5.73 2.88527e-09
5.74 2.74089e-09
5.75 2.6035e-09
5.76 2.47278e-09
5.77 2.34841e-09
5.78 2.2301e-09
5.79 2.11756e-09
5.8 2.01051e-09
5.81 1.90871e-09
5.82 1.8119e-09
5.83 1.71985e-09
5.84 1.63232e-09
5.85 1.54912e-09
5.86 1.47002e-09
5.87 1.39483e-09
5.88 1.32338e-09
5.89 1.25547e-09
5.9 1.19094e-09
5.91 1.12962e-09
5.92 1.07137e-09
5.93 1.01603e-09
5.94 9.6346e-10
5.95 9.13529e-10
5.96 8.66109e-10
5.97 8.21077e-10
5.98 7.78316e-10
5.99 7.37716e-10
