-6 0.00357231
-5.99 0.00363689
-5.98 0.00370247
-5.97 0.00376906
-5.96 0.00383668
-5.95 0.00390534
-5.94 0.00397506
-5.93 0.00404583
-5.92 0.00411769
-5.91 0.00419063
-5.9 0.00426468
-5.89 0.00433984
-5.88 0.00441613
-5.87 0.00449357
-5.86 0.00457215
-5.85 0.00465191
-5.84 0.00473284
-5.83 0.00481497
-5.82 0.00489831
-5.81 0.00498286
-5.8 0.00506865
-5.79 0.00515569
-5.78 0.00524399
-5.77 0.00533357
-5.76 0.00542443
-5.75 0.0055166
-5.74 0.00561008
-5.73 0.0057049
-5.72 0.00580105
-5.71 0.00589857
-5.7 0.00599746
-5.69 0.00609774
-5.68 0.00619941
-5.67 0.00630251
-5.66 0.00640703
-5.65 0.00651299
-5.64 0.00662042
-5.63 0.00672931
-5.62 0.0068397
-5.61 0.00695158
-5.6 0.00706498
-5.59 0.00717992
-5.58 0.00729639
-5.57 0.00741443
-5.56 0.00753404
-5.55 0.00765524
-5.54 0.00777805
-5.53 0.00790247
-5.52 0.00802853
-5.51 0.00815623
-5.5 0.0082856
-5.49 0.00841665
-5.48 0.00854939
-5.47 0.00868383
-5.46 0.00882
-5.45 0.0089579
-5.44 0.00909756
-5.43 0.00923898
-5.42 0.00938219
-5.41 0.00952719
-5.4 0.009674
-5.39 0.00982264
-5.38 0.00997311
-5.37 0.0101254
-5.36 0.0102796
-5.35 0.0104357
-5.34 0.0105937
-5.33 0.0107536
-5.32 0.0109154
-5.31 0.0110792
-5.3 0.0112449
-5.29 0.0114126
-5.28 0.0115823
-5.27 0.011754
-5.26 0.0119277
-5.25 0.0121035
-5.24 0.0122812
-5.23 0.0124611
-5.22 0.012643
-5.21 0.0128269
-5.2 0.013013
-5.19 0.0132012
-5.18 0.0133916
-5.17 0.013584
-5.16 0.0137786
-5.15 0.0139754
-5.14 0.0141744
-5.13 0.0143756
-5.12 0.0145789
-5.11 0.0147845
-5.1 0.0149923
-5.09 0.0152024
-5.08 0.0154147
-5.07 0.0156293
-5.06 0.0158462
-5.05 0.0160654
-5.04 0.0162869
-5.03 0.0165107
-5.02 0.0167368
-5.01 0.0169653
-5 0.0171961
-4.99 0.0174293
-4.98 0.0176649
-4.97 0.0179028
-4.96 0.0181432
-4.95 0.018386
-4.94 0.0186312
-4.93 0.0188788
-4.92 0.0191289
-4.91 0.0193814
-4.9 0.0196364
-4.89 0.0198938
-4.88 0.0201538
-4.87 0.0204162
-4.86 0.0206811
-4.85 0.0209485
-4.84 0.0212185
-4.83 0.0214909
-4.82 0.0217659
-4.81 0.0220435
-4.8 0.0223236
-4.79 0.0226062
-4.78 0.0228914
-4.77 0.0231792
-4.76 0.0234695
-4.75 0.0237624
-4.74 0.024058
-4.73 0.0243561
-4.72 0.0246568
-4.71 0.0249601
-4.7 0.025266
-4.69 0.0255746
-4.68 0.0258857
-4.67 0.0261995
-4.66 0.0265159
-4.65 0.0268349
-4.64 0.0271566
-4.63 0.0274809
-4.62 0.0278078
-4.61 0.0281374
-4.6 0.0284696
-4.59 0.0288045
-4.58 0.029142
-4.57 0.0294822
-4.56 0.029825
-4.55 0.0301705
-4.54 0.0305186
-4.53 0.0308693
-4.52 0.0312227
-4.51 0.0315788
-4.5 0.0319374
-4.49 0.0322988
-4.48 0.0326627
-4.47 0.0330293
-4.46 0.0333986
-4.45 0.0337704
-4.44 0.0341449
-4.43 0.034522
-4.42 0.0349017
-4.41 0.0352841
-4.4 0.035669
-4.39 0.0360566
-4.38 0.0364467
-4.37 0.0368395
-4.36 0.0372348
-4.35 0.0376326
-4.34 0.0380331
-4.33 0.0384361
-4.32 0.0388417
-4.31 0.0392498
-4.3 0.0396604
-4.29 0.0400735
-4.28 0.0404892
-4.27 0.0409074
-4.26 0.041328
-4.25 0.0417511
-4.24 0.0421767
-4.23 0.0426047
-4.22 0.0430352
-4.21 0.0434681
-4.2 0.0439034
-4.19 0.0443411
-4.18 0.0447812
-4.17 0.0452236
-4.16 0.0456684
-4.15 0.0461156
-4.14 0.046565
-4.13 0.0470168
-4.12 0.0474708
-4.11 0.0479271
-4.1 0.0483856
-4.09 0.0488464
-4.08 0.0493094
-4.07 0.0497745
-4.06 0.0502418
-4.05 0.0507113
-4.04 0.0511829
-4.03 0.0516566
-4.02 0.0521324
-4.01 0.0526102
-4 0.05309
-3.99 0.0535719
-3.98 0.0540558
-3.97 0.0545416
-3.96 0.0550293
-3.95 0.055519
-3.94 0.0560105
-3.93 0.0565039
-3.92 0.0569991
-3.91 0.0574962
-3.9 0.057995
-3.89 0.0584955
-3.88 0.0589978
-3.87 0.0595017
-3.86 0.0600073
-3.85 0.0605146
-3.84 0.0610234
-3.83 0.0615338
-3.82 0.0620457
-3.81 0.0625591
-3.8 0.063074
-3.79 0.0635903
-3.78 0.0641081
-3.77 0.0646272
-3.76 0.0651476
-3.75 0.0656693
-3.74 0.0661923
-3.73 0.0667165
-3.72 0.0672419
-3.71 0.0677685
-3.7 0.0682962
-3.69 0.0688249
-3.68 0.0693547
-3.67 0.0698855
-3.66 0.0704173
-3.65 0.07095
-3.64 0.0714836
-3.63 0.072018
-3.62 0.0725532
-3.61 0.0730892
-3.6 0.073626
-3.59 0.0741634
-3.58 0.0747014
-3.57 0.0752401
-3.56 0.0757793
-3.55 0.0763191
-3.54 0.0768593
-3.53 0.0773999
-3.52 0.0779409
-3.51 0.0784823
-3.5 0.079024
-3.49 0.0795659
-3.48 0.080108
-3.47 0.0806503
-3.46 0.0811927
-3.45 0.0817352
-3.44 0.0822777
-3.43 0.0828201
-3.42 0.0833625
-3.41 0.0839048
-3.4 0.084447
-3.39 0.0849889
-3.38 0.0855306
-3.37 0.0860719
-3.36 0.0866129
-3.35 0.0871535
-3.34 0.0876937
-3.33 0.0882334
-3.32 0.0887725
-3.31 0.089311
-3.3 0.0898489
-3.29 0.0903861
-3.28 0.0909225
-3.27 0.0914581
-3.26 0.0919929
-3.25 0.0925268
-3.24 0.0930598
-3.23 0.0935917
-3.22 0.0941227
-3.21 0.0946525
-3.2 0.0951812
-3.19 0.0957087
-3.18 0.0962349
-3.17 0.0967598
-3.16 0.0972834
-3.15 0.0978056
-3.14 0.0983264
-3.13 0.0988456
-3.12 0.0993633
-3.11 0.0998794
-3.1 0.100394
-3.09 0.100907
-3.08 0.101418
-3.07 0.101927
-3.06 0.102434
-3.05 0.10294
-3.04 0.103443
-3.03 0.103944
-3.02 0.104444
-3.01 0.104941
-3 0.105436
-2.99 0.105929
-2.98 0.10642
-2.97 0.106908
-2.96 0.107394
-2.95 0.107878
-2.94 0.108359
-2.93 0.108838
-2.92 0.109314
-2.91 0.109788
-2.9 0.110258
-2.89 0.110727
-2.88 0.111192
-2.87 0.111655
-2.86 0.112115
-2.85 0.112571
-2.84 0.113026
-2.83 0.113477
-2.82 0.113925
-2.81 0.114369
-2.8 0.114811
-2.79 0.11525
-2.78 0.115685
-2.77 0.116118
-2.76 0.116547
-2.75 0.116972
-2.74 0.117394
-2.73 0.117813
-2.72 0.118229
-2.71 0.11864
-2.7 0.119049
-2.69 0.119453
-2.68 0.119854
-2.67 0.120252
-2.66 0.120646
-2.65 0.121036
-2.64 0.121422
-2.63 0.121804
-2.62 0.122183
-2.61 0.122557
-2.6 0.122928
-2.59 0.123295
-2.58 0.123657
-2.57 0.124016
-2.56 0.12437
-2.55 0.124721
-2.54 0.125067
-2.53 0.125409
-2.52 0.125747
-2.51 0.126081
-2.5 0.126411
-2.49 0.126736
-2.48 0.127057
-2.47 0.127373
-2.46 0.127685
-2.45 0.127993
-2.44 0.128296
-2.43 0.128595
-2.42 0.128889
-2.41 0.129179
-2.4 0.129464
-2.39 0.129745
-2.38 0.130021
-2.37 0.130293
-2.36 0.13056
-2.35 0.130822
-2.34 0.131079
-2.33 0.131332
-2.32 0.131581
-2.31 0.131824
-2.3 0.132063
-2.29 0.132297
-2.28 0.132526
-2.27 0.132751
-2.26 0.13297
-2.25 0.133185
-2.24 0.133395
-2.23 0.133601
-2.22 0.133801
-2.21 0.133997
-2.2 0.134187
-2.19 0.134373
-2.18 0.134554
-2.17 0.13473
-2.16 0.134902
-2.15 0.135068
-2.14 0.135229
-2.13 0.135386
-2.12 0.135538
-2.11 0.135685
-2.1 0.135826
-2.09 0.135963
-2.08 0.136096
-2.07 0.136223
-2.06 0.136345
-2.05 0.136463
-2.04 0.136576
-2.03 0.136683
-2.02 0.136786
-2.01 0.136884
-2 0.136978
-1.99 0.137066
-1.98 0.13715
-1.97 0.137228
-1.96 0.137302
-1.95 0.137372
-1.94 0.137436
-1.93 0.137496
-1.92 0.137551
-1.91 0.137601
-1.9 0.137646
-1.89 0.137687
-1.88 0.137723
-1.87 0.137755
-1.86 0.137782
-1.85 0.137804
-1.84 0.137822
-1.83 0.137835
-1.82 0.137843
-1.81 0.137848
-1.8 0.137847
-1.79 0.137842
-1.78 0.137833
-1.77 0.137819
-1.76 0.137801
-1.75 0.137779
-1.74 0.137752
-1.73 0.137721
-1.72 0.137686
-1.71 0.137646
-1.7 0.137603
-1.69 0.137555
-1.68 0.137503
-1.67 0.137447
-1.66 0.137387
-1.65 0.137323
-1.64 0.137255
-1.63 0.137183
-1.62 0.137107
-1.61 0.137028
-1.6 0.136944
-1.59 0.136857
-1.58 0.136766
-1.57 0.136672
-1.56 0.136573
-1.55 0.136471
-1.54 0.136366
-1.53 0.136257
-1.52 0.136145
-1.51 0.136029
-1.5 0.13591
-1.49 0.135788
-1.48 0.135662
-1.47 0.135533
-1.46 0.135401
-1.45 0.135266
-1.44 0.135128
-1.43 0.134987
-1.42 0.134843
-1.41 0.134696
-1.4 0.134546
-1.39 0.134393
-1.38 0.134238
-1.37 0.13408
-1.36 0.133919
-1.35 0.133756
-1.34 0.13359
-1.33 0.133422
-1.32 0.133251
-1.31 0.133078
-1.3 0.132903
-1.29 0.132726
-1.28 0.132546
-1.27 0.132364
-1.26 0.13218
-1.25 0.131994
-1.24 0.131807
-1.23 0.131617
-1.22 0.131426
-1.21 0.131232
-1.2 0.131038
-1.19 0.130841
-1.18 0.130643
-1.17 0.130443
-1.16 0.130242
-1.15 0.13004
-1.14 0.129836
-1.13 0.129631
-1.12 0.129425
-1.11 0.129218
-1.1 0.12901
-1.09 0.1288
-1.08 0.12859
-1.07 0.128379
-1.06 0.128167
-1.05 0.127954
-1.04 0.12774
-1.03 0.127526
-1.02 0.127312
-1.01 0.127097
-1 0.126881
-0.99 0.126665
-0.98 0.126449
-0.97 0.126232
-0.96 0.126016
-0.95 0.125799
-0.94 0.125582
-0.93 0.125365
-0.92 0.125149
-0.91 0.124932
-0.9 0.124715
-0.89 0.124499
-0.88 0.124283
-0.87 0.124068
-0.86 0.123853
-0.85 0.123638
-0.84 0.123424
-0.83 0.123211
-0.82 0.122998
-0.81 0.122786
-0.8 0.122575
-0.79 0.122365
-0.78 0.122156
-0.77 0.121947
-0.76 0.12174
-0.75 0.121534
-0.74 0.121329
-0.73 0.121125
-0.72 0.120922
-0.71 0.120721
-0.7 0.120521
-0.69 0.120323
-0.68 0.120126
-0.67 0.11993
-0.66 0.119737
-0.65 0.119545
-0.64 0.119354
-0.63 0.119165
-0.62 0.118979
-0.61 0.118794
-0.6 0.118611
-0.59 0.11843
-0.58 0.118251
-0.57 0.118074
-0.56 0.117899
-0.55 0.117726
-0.54 0.117556
-0.53 0.117387
-0.52 0.117221
-0.51 0.117058
-0.5 0.116897
-0.49 0.116738
-0.48 0.116582
-0.47 0.116428
-0.46 0.116277
-0.45 0.116128
-0.44 0.115982
-0.43 0.115839
-0.42 0.115699
-0.41 0.115561
-0.4 0.115426
-0.39 0.115294
-0.38 0.115165
-0.37 0.115039
-0.36 0.114915
-0.35 0.114795
-0.34 0.114678
-0.33 0.114563
-0.32 0.114452
-0.31 0.114344
-0.3 0.114239
-0.29 0.114137
-0.28 0.114039
-0.27 0.113943
-0.26 0.113851
-0.25 0.113762
-0.24 0.113676
-0.23 0.113594
-0.22 0.113515
-0.21 0.11344
-0.2 0.113367
-0.19 0.113299
-0.18 0.113233
-0.17 0.113171
-0.16 0.113113
-0.15 0.113058
-0.14 0.113006
-0.13 0.112958
-0.12 0.112913
-0.11 0.112872
-0.1 0.112835
-0.09 0.112801
-0.08 0.112771
-0.07 0.112744
-0.06 0.11272
-0.05 0.112701
-0.04 0.112685
-0.03 0.112672
-0.02 0.112663
-0.01 0.112658
0 0.112656
0.01 0.112658
0.02 0.112663
0.03 0.112672
0.04 0.112685
0.05 0.112701
0.06 0.11272
0.07 0.112744
0.08 0.112771
0.09 0.112801
0.1 0.112835
0.11 0.112872
0.12 0.112913
0.13 0.112958
0.14 0.113006
0.15 0.113058
0.16 0.113113
0.17 0.113171
0.18 0.113233
0.19 0.113299
0.2 0.113367
0.21 0.11344
0.22 0.113515
0.23 0.113594
0.24 0.113676
0.25 0.113762
0.26 0.113851
0.27 0.113943
0.28 0.114039
0.29 0.114137
0.3 0.114239
0.31 0.114344
0.32 0.114452
0.33 0.114563
0.34 0.114678
0.35 0.114795
0.36 0.114915
0.37 0.115039
0.38 0.115165
0.39 0.115294
0.4 0.115426
0.41 0.115561
0.42 0.115699
0.43 0.115839
0.44 0.115982
0.45 0.116128
0.46 0.116277
0.47 0.116428
0.48 0.116582
0.49 0.116738
0.5 0.116897
0.51 0.117058
0.52 0.117221
0.53 0.117387
0.54 0.117556
0.55 0.117726
0.56 0.117899
0.57 0.118074
0.58 0.118251
0.59 0.11843
0.6 0.118611
0.61 0.118794
0.62 0.118979
0.63 0.119165
0.64 0.119354
0.65 0.119545
0.66 0.119737
0.67 0.11993
0.68 0.120126
0.69 0.120323
0.7 0.120521
0.71 0.120721
0.72 0.120922
0.73 0.121125
0.74 0.121329
0.75 0.121534
0.76 0.12174
0.77 0.121947
0.78 0.122156
0.79 0.122365
0.8 0.122575
0.81 0.122786
0.82 0.122998
0.83 0.123211
0.84 0.123424
0.85 0.123638
0.86 0.123853
0.87 0.124068
0.88 0.124283
0.89 0.124499
0.9 0.124715
0.91 0.124932
0.92 0.125149
0.93 0.125365
0.94 0.125582
0.95 0.125799
0.96 0.126016
0.97 0.126232
0.98 0.126449
0.99 0.126665
1 0.126881
1.01 0.127097
1.02 0.127312
1.03 0.127526
1.04 0.12774
1.05 0.127954
1.06 0.128167
1.07 0.128379
1.08 0.12859
1.09 0.1288
1.1 0.12901
1.11 0.129218
1.12 0.129425
1.13 0.129631
1.14 0.129836
1.15 0.13004
1.16 0.130242
1.17 0.130443
1.18 0.130643
1.19 0.130841
1.2 0.131038
1.21 0.131232
1.22 0.131426
1.23 0.131617
1.24 0.131807
1.25 0.131994
1.26 0.13218
1.27 0.132364
1.28 0.132546
1.29 0.132726
1.3 0.132903
1.31 0.133078
1.32 0.133251
1.33 0.133422
1.34 0.13359
1.35 0.133756
1.36 0.133919
1.37 0.13408
1.38 0.134238
1.39 0.134393
1.4 0.134546
1.41 0.134696
1.42 0.134843
1.43 0.134987
1.44 0.135128
1.45 0.135266
1.46 0.135401
1.47 0.135533
1.48 0.135662
1.49 0.135788
1.5 0.13591
1.51 0.136029
1.52 0.136145
1.53 0.136257
1.54 0.136366
1.55 0.136471
1.56 0.136573
1.57 0.136672
1.58 0.136766
1.59 0.136857
1.6 0.136944
1.61 0.137028
1.62 0.137107
1.63 0.137183
1.64 0.137255
1.65 0.137323
1.66 0.137387
1.67 0.137447
1.68 0.137503
1.69 0.137555
1.7 0.137603
1.71 0.137646
1.72 0.137686
1.73 0.137721
1.74 0.137752
1.75 0.137779
1.76 0.137801
1.77 0.137819
1.78 0.137833
1.79 0.137842
1.8 0.137847
1.81 0.137848
1.82 0.137843
1.83 0.137835
1.84 0.137822
1.85 0.137804
1.86 0.137782
1.87 0.137755
1.88 0.137723
1.89 0.137687
1.9 0.137646
1.91 0.137601
1.92 0.137551
1.93 0.137496
1.94 0.137436
1.95 0.137372
1.96 0.137302
1.97 0.137228
1.98 0.13715
1.99 0.137066
2 0.136978
2.01 0.136884
2.02 0.136786
2.03 0.136683
2.04 0.136576
2.05 0.136463
2.06 0.136345
2.07 0.136223
2.08 0.136096
2.09 0.135963
2.1 0.135826
2.11 0.135685
2.12 0.135538
2.13 0.135386
2.14 0.135229
2.15 0.135068
2.16 0.134902
2.17 0.13473
2.18 0.134554
2.19 0.134373
2.2 0.134187
2.21 0.133997
2.22 0.133801
2.23 0.133601
2.24 0.133395
2.25 0.133185
2.26 0.13297
2.27 0.132751
2.28 0.132526
2.29 0.132297
2.3 0.132063
2.31 0.131824
2.32 0.131581
2.33 0.131332
2.34 0.131079
2.35 0.130822
2.36 0.13056
2.37 0.130293
2.38 0.130021
2.39 0.129745
2.4 0.129464
2.41 0.129179
2.42 0.128889
2.43 0.128595
2.44 0.128296
2.45 0.127993
2.46 0.127685
2.47 0.127373
2.48 0.127057
2.49 0.126736
2.5 0.126411
2.51 0.126081
2.52 0.125747
2.53 0.125409
2.54 0.125067
2.55 0.124721
2.56 0.12437
2.57 0.124016
2.58 0.123657
2.59 0.123295
2.6 0.122928
2.61 0.122557
2.62 0.122183
2.63 0.121804
2.64 0.121422
2.65 0.121036
2.66 0.120646
2.67 0.120252
2.68 0.119854
2.69 0.119453
2.7 0.119049
2.71 0.11864
2.72 0.118229
2.73 0.117813
2.74 0.117394
2.75 0.116972
2.76 0.116547
2.77 0.116118
2.78 0.115685
2.79 0.11525
2.8 0.114811
2.81 0.114369
2.82 0.113925
2.83 0.113477
2.84 0.113026
2.85 0.112571
2.86 0.112115
2.87 0.111655
2.88 0.111192
2.89 0.110727
2.9 0.110258
2.91 0.109788
2.92 0.109314
2.93 0.108838
2.94 0.108359
2.95 0.107878
2.96 0.107394
2.97 0.106908
2.98 0.10642
2.99 0.105929
3 0.105436
3.01 0.104941
3.02 0.104444
3.03 0.103944
3.04 0.103443
3.05 0.10294
3.06 0.102434
3.07 0.101927
3.08 0.101418
3.09 0.100907
3.1 0.100394
3.11 0.0998794
3.12 0.0993633
3.13 0.0988456
3.14 0.0983264
3.15 0.0978056
3.16 0.0972834
3.17 0.0967598
3.18 0.0962349
3.19 0.0957087
3.2 0.0951812
3.21 0.0946525
3.22 0.0941227
3.23 0.0935917
3.24 0.0930598
3.25 0.0925268
3.26 0.0919929
3.27 0.0914581
3.28 0.0909225
3.29 0.0903861
3.3 0.0898489
3.31 0.089311
3.32 0.0887725
3.33 0.0882334
3.34 0.0876937
3.35 0.0871535
3.36 0.0866129
3.37 0.0860719
3.38 0.0855306
3.39 0.0849889
3.4 0.084447
3.41 0.0839048
3.42 0.0833625
3.43 0.0828201
3.44 0.0822777
3.45 0.0817352
3.46 0.0811927
3.47 0.0806503
3.48 0.080108
3.49 0.0795659
3.5 0.079024
3.51 0.0784823
3.52 0.0779409
3.53 0.0773999
3.54 0.0768593
3.55 0.0763191
3.56 0.0757793
3.57 0.0752401
3.58 0.0747014
3.59 0.0741634
3.6 0.073626
3.61 0.0730892
3.62 0.0725532
3.63 0.072018
3.64 0.0714836
3.65 0.07095
3.66 0.0704173
3.67 0.0698855
3.68 0.0693547
3.69 0.0688249
3.7 0.0682962
3.71 0.0677685
3.72 0.0672419
3.73 0.0667165
3.74 0.0661923
3.75 0.0656693
3.76 0.0651476
3.77 0.0646272
3.78 0.0641081
3.79 0.0635903
3.8 0.063074
3.81 0.0625591
3.82 0.0620457
3.83 0.0615338
3.84 0.0610234
3.85 0.0605146
3.86 0.0600073
3.87 0.0595017
3.88 0.0589978
3.89 0.0584955
3.9 0.057995
3.91 0.0574962
3.92 0.0569991
3.93 0.0565039
3.94 0.0560105
3.95 0.055519
3.96 0.0550293
3.97 0.0545416
3.98 0.0540558
3.99 0.0535719
4 0.05309
4.01 0.0526102
4.02 0.0521324
4.03 0.0516566
4.04 0.0511829
4.05 0.0507113
4.06 0.0502418
4.07 0.0497745
4.08 0.0493094
4.09 0.0488464
4.1 0.0483856
4.11 0.0479271
4.12 0.0474708
4.13 0.0470168
4.14 0.046565
4.15 0.0461156
4.16 0.0456684
4.17 0.0452236
4.18 0.0447812
4.19 0.0443411
4.2 0.0439034
4.21 0.0434681
4.22 0.0430352
4.23 0.0426047
4.24 0.0421767
4.25 0.0417511
4.26 0.041328
4.27 0.0409074
4.28 0.0404892
4.29 0.0400735
4.3 0.0396604
4.31 0.0392498
4.32 0.0388417
4.33 0.0384361
4.34 0.0380331
4.35 0.0376326
4.36 0.0372348
4.37 0.0368395
4.38 0.0364467
4.39 0.0360566
4.4 0.035669
4.41 0.0352841
4.42 0.0349017
4.43 0.034522
4.44 0.0341449
4.45 0.0337704
4.46 0.0333986
4.47 0.0330293
4.48 0.0326627
4.49 0.0322988
4.5 0.0319374
4.51 0.0315788
4.52 0.0312227
4.53 0.0308693
4.54 0.0305186
4.55 0.0301705
4.56 0.029825
4.57 0.0294822
4.58 0.029142
4.59 0.0288045
4.6 0.0284696
4.61 0.0281374
4.62 0.0278078
4.63 0.0274809
4.64 0.0271566
4.65 0.0268349
4.66 0.0265159
4.67 0.0261995
4.68 0.0258857
4.69 0.0255746
4.7 0.025266
4.71 0.0249601
4.72 0.0246568
4.73 0.0243561
4.74 0.024058
4.75 0.0237624
4.76 0.0234695
4.77 0.0231792
4.78 0.0228914
4.79 0.0226062
4.8 0.0223236
4.81 0.0220435
4.82 0.0217659
4.83 0.0214909
4.84 0.0212185
4.85 0.0209485
4.86 0.0206811
4.87 0.0204162
4.88 0.0201538
4.89 0.0198938
4.9 0.0196364
4.91 0.0193814
4.92 0.0191289
4.93 0.0188788
4.94 0.0186312
4.95 0.018386
4.96 0.0181432
4.97 0.0179028
4.98 0.0176649
4.99 0.0174293
5 0.0171961
5.01 0.0169653
5.02 0.0167368
5.03 0.0165107
5.04 0.0162869
5.05 0.0160654
5.06 0.0158462
5.07 0.0156293
5.08 0.0154147
5.09 0.0152024
5.1 0.0149923
5.11 0.0147845
5.12 0.0145789
5.13 0.0143756
5.14 0.0141744
5.15 0.0139754
5.16 0.0137786
5.17 0.013584
5.18 0.0133916
5.19 0.0132012
5.2 0.013013
5.21 0.0128269
5.22 0.012643
5.23 0.0124611
5.24 0.0122812
5.25 0.0121035
5.26 0.0119277
5.27 0.011754
5.28 0.0115823
5.29 0.0114126
5.3 0.0112449
5.31 0.0110792
5.32 0.0109154
5.33 0.0107536
5.34 0.0105937
5.35 0.0104357
5.36 0.0102796
5.37 0.0101254
5.38 0.00997311
5.39 0.00982264
5.4 0.009674
5.41 0.00952719
5.42 0.00938219
5.43 0.00923898
5.44 0.00909756
5.45 0.0089579
5.46 0.00882
5.47 0.00868383
5.48 0.00854939
5.49 0.00841665
5.5 0.0082856
5.51 0.00815623
5.52 0.00802853
5.53 0.00790247
5.54 0.00777805
5.55 0.00765524
5.56 0.00753404
5.57 0.00741443
5.58 0.00729639
5.59 0.00717992
5.6 0.00706498
5.61 0.00695158
5.62 0.0068397
5.63 0.00672931
5.64 0.00662042
5.65 0.00651299
5.66 0.00640703
5.67 0.00630251
5.68 0.00619941
5.69 0.00609774
5.7 0.00599746
5.71 0.00589857
5.72 0.00580105
5.73 0.0057049
5.74 0.00561008
5.75 0.0055166
5.76 0.00542443
5.77 0.00533357
5.78 0.00524399
5.79 0.00515569
5.8 0.00506865
5.81 0.00498286
5.82 0.00489831
5.83 0.00481497
5.84 0.00473284
5.85 0.00465191
5.86 0.00457215
5.87 0.00449357
5.88 0.00441613
5.89 0.00433984
5.9 0.00426468
5.91 0.00419063
5.92 0.00411769
5.93 0.00404583
5.94 0.00397506
5.95 0.00390534
5.96 0.00383668
5.97 0.00376906
5.98 0.00370247
5.99 0.00363689
