-6 0.00354885
-5.99 0.00361331
-5.98 0.00367877
-5.97 0.00374526
-5.96 0.00381277
-5.95 0.00388133
-5.94 0.00395094
-5.93 0.00402162
-5.92 0.00409338
-5.91 0.00416624
-5.9 0.0042402
-5.89 0.00431528
-5.88 0.0043915
-5.87 0.00446886
-5.86 0.00454738
-5.85 0.00462707
-5.84 0.00470795
-5.83 0.00479003
-5.82 0.00487332
-5.81 0.00495784
-5.8 0.0050436
-5.79 0.00513061
-5.78 0.00521889
-5.77 0.00530845
-5.76 0.00539931
-5.75 0.00549147
-5.74 0.00558496
-5.73 0.00567978
-5.72 0.00577596
-5.71 0.0058735
-5.7 0.00597243
-5.69 0.00607274
-5.68 0.00617447
-5.67 0.00627762
-5.66 0.0063822
-5.65 0.00648824
-5.64 0.00659574
-5.63 0.00670473
-5.62 0.00681521
-5.61 0.0069272
-5.6 0.00704072
-5.59 0.00715577
-5.58 0.00727238
-5.57 0.00739057
-5.56 0.00751033
-5.55 0.00763169
-5.54 0.00775467
-5.53 0.00787928
-5.52 0.00800553
-5.51 0.00813344
-5.5 0.00826302
-5.49 0.0083943
-5.48 0.00852727
-5.47 0.00866197
-5.46 0.0087984
-5.45 0.00893658
-5.44 0.00907652
-5.43 0.00921824
-5.42 0.00936175
-5.41 0.00950708
-5.4 0.00965422
-5.39 0.00980321
-5.38 0.00995405
-5.37 0.0101068
-5.36 0.0102613
-5.35 0.0104178
-5.34 0.0105762
-5.33 0.0107366
-5.32 0.0108988
-5.31 0.0110631
-5.3 0.0112293
-5.29 0.0113975
-5.28 0.0115677
-5.27 0.0117399
-5.26 0.0119141
-5.25 0.0120904
-5.24 0.0122687
-5.23 0.0124492
-5.22 0.0126317
-5.21 0.0128163
-5.2 0.013003
-5.19 0.0131918
-5.18 0.0133828
-5.17 0.013576
-5.16 0.0137713
-5.15 0.0139688
-5.14 0.0141685
-5.13 0.0143705
-5.12 0.0145746
-5.11 0.014781
-5.1 0.0149896
-5.09 0.0152005
-5.08 0.0154137
-5.07 0.0156292
-5.06 0.015847
-5.05 0.0160671
-5.04 0.0162895
-5.03 0.0165142
-5.02 0.0167413
-5.01 0.0169708
-5 0.0172027
-4.99 0.0174369
-4.98 0.0176735
-4.97 0.0179126
-4.96 0.0181541
-4.95 0.018398
-4.94 0.0186443
-4.93 0.0188931
-4.92 0.0191444
-4.91 0.0193981
-4.9 0.0196543
-4.89 0.019913
-4.88 0.0201742
-4.87 0.020438
-4.86 0.0207042
-4.85 0.020973
-4.84 0.0212443
-4.83 0.0215182
-4.82 0.0217946
-4.81 0.0220736
-4.8 0.0223552
-4.79 0.0226393
-4.78 0.022926
-4.77 0.0232153
-4.76 0.0235073
-4.75 0.0238018
-4.74 0.0240989
-4.73 0.0243987
-4.72 0.0247011
-4.71 0.0250061
-4.7 0.0253137
-4.69 0.025624
-4.68 0.0259369
-4.67 0.0262525
-4.66 0.0265707
-4.65 0.0268916
-4.64 0.0272152
-4.63 0.0275414
-4.62 0.0278702
-4.61 0.0282018
-4.6 0.028536
-4.59 0.0288728
-4.58 0.0292124
-4.57 0.0295546
-4.56 0.0298995
-4.55 0.0302471
-4.54 0.0305973
-4.53 0.0309502
-4.52 0.0313058
-4.51 0.0316641
-4.5 0.032025
-4.49 0.0323886
-4.48 0.0327548
-4.47 0.0331237
-4.46 0.0334953
-4.45 0.0338695
-4.44 0.0342464
-4.43 0.034626
-4.42 0.0350081
-4.41 0.0353929
-4.4 0.0357804
-4.39 0.0361705
-4.38 0.0365631
-4.37 0.0369585
-4.36 0.0373564
-4.35 0.0377569
-4.34 0.03816
-4.33 0.0385657
-4.32 0.0389739
-4.31 0.0393847
-4.3 0.0397981
-4.29 0.040214
-4.28 0.0406325
-4.27 0.0410534
-4.26 0.0414769
-4.25 0.0419029
-4.24 0.0423314
-4.23 0.0427623
-4.22 0.0431957
-4.21 0.0436316
-4.2 0.0440699
-4.19 0.0445106
-4.18 0.0449537
-4.17 0.0453992
-4.16 0.045847
-4.15 0.0462973
-4.14 0.0467498
-4.13 0.0472047
-4.12 0.0476619
-4.11 0.0481213
-4.1 0.0485831
-4.09 0.049047
-4.08 0.0495132
-4.07 0.0499816
-4.06 0.0504522
-4.05 0.0509249
-4.04 0.0513998
-4.03 0.0518768
-4.02 0.0523559
-4.01 0.0528371
-4 0.0533203
-3.99 0.0538056
-3.98 0.0542928
-3.97 0.054782
-3.96 0.0552732
-3.95 0.0557663
-3.94 0.0562613
-3.93 0.0567581
-3.92 0.0572568
-3.91 0.0577574
-3.9 0.0582596
-3.89 0.0587637
-3.88 0.0592695
-3.87 0.0597769
-3.86 0.0602861
-3.85 0.0607969
-3.84 0.0613092
-3.83 0.0618232
-3.82 0.0623387
-3.81 0.0628557
-3.8 0.0633741
-3.79 0.063894
-3.78 0.0644154
-3.77 0.064938
-3.76 0.0654621
-3.75 0.0659874
-3.74 0.066514
-3.73 0.0670418
-3.72 0.0675708
-3.71 0.0681009
-3.7 0.0686322
-3.69 0.0691646
-3.68 0.069698
-3.67 0.0702324
-3.66 0.0707677
-3.65 0.071304
-3.64 0.0718412
-3.63 0.0723792
-3.62 0.072918
-3.61 0.0734576
-3.6 0.0739979
-3.59 0.0745388
-3.58 0.0750804
-3.57 0.0756226
-3.56 0.0761654
-3.55 0.0767086
-3.54 0.0772523
-3.53 0.0777964
-3.52 0.0783409
-3.51 0.0788857
-3.5 0.0794308
-3.49 0.0799762
-3.48 0.0805217
-3.47 0.0810674
-3.46 0.0816132
-3.45 0.082159
-3.44 0.0827048
-3.43 0.0832506
-3.42 0.0837963
-3.41 0.0843419
-3.4 0.0848873
-3.39 0.0854324
-3.38 0.0859773
-3.37 0.0865218
-3.36 0.087066
-3.35 0.0876097
-3.34 0.0881529
-3.33 0.0886957
-3.32 0.0892378
-3.31 0.0897793
-3.3 0.0903202
-3.29 0.0908603
-3.28 0.0913996
-3.27 0.0919381
-3.26 0.0924758
-3.25 0.0930125
-3.24 0.0935482
-3.23 0.0940829
-3.22 0.0946165
-3.21 0.0951489
-3.2 0.0956802
-3.19 0.0962103
-3.18 0.096739
-3.17 0.0972665
-3.16 0.0977925
-3.15 0.0983171
-3.14 0.0988402
-3.13 0.0993617
-3.12 0.0998817
-3.11 0.1004
-3.1 0.100917
-3.09 0.101431
-3.08 0.101945
-3.07 0.102456
-3.06 0.102965
-3.05 0.103472
-3.04 0.103978
-3.03 0.104481
-3.02 0.104982
-3.01 0.105481
-3 0.105978
-2.99 0.106472
-2.98 0.106965
-2.97 0.107454
-2.96 0.107942
-2.95 0.108427
-2.94 0.108909
-2.93 0.109389
-2.92 0.109866
-2.91 0.110341
-2.9 0.110813
-2.89 0.111282
-2.88 0.111748
-2.87 0.112212
-2.86 0.112672
-2.85 0.11313
-2.84 0.113585
-2.83 0.114036
-2.82 0.114485
-2.81 0.11493
-2.8 0.115372
-2.79 0.115811
-2.78 0.116247
-2.77 0.116679
-2.76 0.117108
-2.75 0.117534
-2.74 0.117956
-2.73 0.118375
-2.72 0.11879
-2.71 0.119201
-2.7 0.119609
-2.69 0.120013
-2.68 0.120414
-2.67 0.120811
-2.66 0.121204
-2.65 0.121593
-2.64 0.121978
-2.63 0.122359
-2.62 0.122737
-2.61 0.12311
-2.6 0.12348
-2.59 0.123845
-2.58 0.124207
-2.57 0.124564
-2.56 0.124917
-2.55 0.125266
-2.54 0.12561
-2.53 0.125951
-2.52 0.126287
-2.51 0.126618
-2.5 0.126946
-2.49 0.127269
-2.48 0.127588
-2.47 0.127902
-2.46 0.128211
-2.45 0.128517
-2.44 0.128817
-2.43 0.129114
-2.42 0.129405
-2.41 0.129692
-2.4 0.129974
-2.39 0.130252
-2.38 0.130525
-2.37 0.130794
-2.36 0.131057
-2.35 0.131316
-2.34 0.13157
-2.33 0.13182
-2.32 0.132064
-2.31 0.132304
-2.3 0.132539
-2.29 0.132769
-2.28 0.132995
-2.27 0.133215
-2.26 0.133431
-2.25 0.133641
-2.24 0.133847
-2.23 0.134048
-2.22 0.134244
-2.21 0.134435
-2.2 0.134621
-2.19 0.134802
-2.18 0.134978
-2.17 0.135149
-2.16 0.135316
-2.15 0.135477
-2.14 0.135633
-2.13 0.135785
-2.12 0.135931
-2.11 0.136072
-2.1 0.136209
-2.09 0.13634
-2.08 0.136467
-2.07 0.136588
-2.06 0.136705
-2.05 0.136817
-2.04 0.136923
-2.03 0.137025
-2.02 0.137122
-2.01 0.137214
-2 0.137301
-1.99 0.137383
-1.98 0.13746
-1.97 0.137532
-1.96 0.137599
-1.95 0.137662
-1.94 0.13772
-1.93 0.137773
-1.92 0.137821
-1.91 0.137864
-1.9 0.137902
-1.89 0.137936
-1.88 0.137965
-1.87 0.137989
-1.86 0.138009
-1.85 0.138024
-1.84 0.138034
-1.83 0.13804
-1.82 0.138041
-1.81 0.138037
-1.8 0.138029
-1.79 0.138016
-1.78 0.137999
-1.77 0.137978
-1.76 0.137952
-1.75 0.137921
-1.74 0.137886
-1.73 0.137847
-1.72 0.137804
-1.71 0.137756
-1.7 0.137704
-1.69 0.137648
-1.68 0.137588
-1.67 0.137523
-1.66 0.137455
-1.65 0.137382
-1.64 0.137306
-1.63 0.137225
-1.62 0.137141
-1.61 0.137052
-1.6 0.13696
-1.59 0.136864
-1.58 0.136764
-1.57 0.136661
-1.56 0.136554
-1.55 0.136443
-1.54 0.136328
-1.53 0.136211
-1.52 0.136089
-1.51 0.135964
-1.5 0.135836
-1.49 0.135705
-1.48 0.13557
-1.47 0.135432
-1.46 0.13529
-1.45 0.135146
-1.44 0.134999
-1.43 0.134848
-1.42 0.134695
-1.41 0.134538
-1.4 0.134379
-1.39 0.134217
-1.38 0.134052
-1.37 0.133885
-1.36 0.133715
-1.35 0.133542
-1.34 0.133367
-1.33 0.133189
-1.32 0.133009
-1.31 0.132827
-1.3 0.132642
-1.29 0.132455
-1.28 0.132266
-1.27 0.132074
-1.26 0.131881
-1.25 0.131686
-1.24 0.131489
-1.23 0.13129
-1.22 0.131089
-1.21 0.130886
-1.2 0.130682
-1.19 0.130476
-1.18 0.130268
-1.17 0.130059
-1.16 0.129849
-1.15 0.129637
-1.14 0.129424
-1.13 0.12921
-1.12 0.128994
-1.11 0.128778
-1.1 0.12856
-1.09 0.128341
-1.08 0.128122
-1.07 0.127901
-1.06 0.12768
-1.05 0.127458
-1.04 0.127236
-1.03 0.127013
-1.02 0.126789
-1.01 0.126565
-1 0.12634
-0.99 0.126115
-0.98 0.12589
-0.97 0.125665
-0.96 0.12544
-0.95 0.125214
-0.94 0.124988
-0.93 0.124763
-0.92 0.124537
-0.91 0.124312
-0.9 0.124087
-0.89 0.123863
-0.88 0.123638
-0.87 0.123414
-0.86 0.123191
-0.85 0.122968
-0.84 0.122746
-0.83 0.122525
-0.82 0.122304
-0.81 0.122084
-0.8 0.121865
-0.79 0.121647
-0.78 0.12143
-0.77 0.121213
-0.76 0.120998
-0.75 0.120785
-0.74 0.120572
-0.73 0.120361
-0.72 0.120151
-0.71 0.119942
-0.7 0.119735
-0.69 0.119529
-0.68 0.119325
-0.67 0.119123
-0.66 0.118922
-0.65 0.118723
-0.64 0.118526
-0.63 0.118331
-0.62 0.118137
-0.61 0.117946
-0.6 0.117756
-0.59 0.117569
-0.58 0.117383
-0.57 0.1172
-0.56 0.117019
-0.55 0.116841
-0.54 0.116664
-0.53 0.11649
-0.52 0.116319
-0.51 0.116149
-0.5 0.115983
-0.49 0.115818
-0.48 0.115657
-0.47 0.115498
-0.46 0.115342
-0.45 0.115188
-0.44 0.115037
-0.43 0.114889
-0.42 0.114744
-0.41 0.114601
-0.4 0.114462
-0.39 0.114325
-0.38 0.114192
-0.37 0.114061
-0.36 0.113934
-0.35 0.11381
-0.34 0.113688
-0.33 0.11357
-0.32 0.113455
-0.31 0.113343
-0.3 0.113235
-0.29 0.11313
-0.28 0.113028
-0.27 0.112929
-0.26 0.112834
-0.25 0.112742
-0.24 0.112654
-0.23 0.112569
-0.22 0.112487
-0.21 0.112409
-0.2 0.112335
-0.19 0.112263
-0.18 0.112196
-0.17 0.112132
-0.16 0.112071
-0.15 0.112015
-0.14 0.111961
-0.13 0.111912
-0.12 0.111866
-0.11 0.111823
-0.1 0.111785
-0.09 0.111749
-0.08 0.111718
-0.07 0.11169
-0.06 0.111666
-0.05 0.111646
-0.04 0.111629
-0.03 0.111616
-0.02 0.111607
-0.01 0.111601
0 0.1116
0.01 0.111601
0.02 0.111607
0.03 0.111616
0.04 0.111629
0.05 0.111646
0.06 0.111666
0.07 0.11169
0.08 0.111718
0.09 0.111749
0.1 0.111785
0.11 0.111823
0.12 0.111866
0.13 0.111912
0.14 0.111961
0.15 0.112015
0.16 0.112071
0.17 0.112132
0.18 0.112196
0.19 0.112263
0.2 0.112335
0.21 0.112409
0.22 0.112487
0.23 0.112569
0.24 0.112654
0.25 0.112742
0.26 0.112834
0.27 0.112929
0.28 0.113028
0.29 0.11313
0.3 0.113235
0.31 0.113343
0.32 0.113455
0.33 0.11357
0.34 0.113688
0.35 0.11381
0.36 0.113934
0.37 0.114061
0.38 0.114192
0.39 0.114325
0.4 0.114462
0.41 0.114601
0.42 0.114744
0.43 0.114889
0.44 0.115037
0.45 0.115188
0.46 0.115342
0.47 0.115498
0.48 0.115657
0.49 0.115818
0.5 0.115983
0.51 0.116149
0.52 0.116319
0.53 0.11649
0.54 0.116664
0.55 0.116841
0.56 0.117019
0.57 0.1172
0.58 0.117383
0.59 0.117569
0.6 0.117756
0.61 0.117946
0.62 0.118137
0.63 0.118331
0.64 0.118526
0.65 0.118723
0.66 0.118922
0.67 0.119123
0.68 0.119325
0.69 0.119529
0.7 0.119735
0.71 0.119942
0.72 0.120151
0.73 0.120361
0.74 0.120572
0.75 0.120785
0.76 0.120998
0.77 0.121213
0.78 0.12143
0.79 0.121647
0.8 0.121865
0.81 0.122084
0.82 0.122304
0.83 0.122525
0.84 0.122746
0.85 0.122968
0.86 0.123191
0.87 0.123414
0.88 0.123638
0.89 0.123863
0.9 0.124087
0.91 0.124312
0.92 0.124537
0.93 0.124763
0.94 0.124988
0.95 0.125214
0.96 0.12544
0.97 0.125665
0.98 0.12589
0.99 0.126115
1 0.12634
1.01 0.126565
1.02 0.126789
1.03 0.127013
1.04 0.127236
1.05 0.127458
1.06 0.12768
1.07 0.127901
1.08 0.128122
1.09 0.128341
1.1 0.12856
1.11 0.128778
1.12 0.128994
1.13 0.12921
1.14 0.129424
1.15 0.129637
1.16 0.129849
1.17 0.130059
1.18 0.130268
1.19 0.130476
1.2 0.130682
1.21 0.130886
1.22 0.131089
1.23 0.13129
1.24 0.131489
1.25 0.131686
1.26 0.131881
1.27 0.132074
1.28 0.132266
1.29 0.132455
1.3 0.132642
1.31 0.132827
1.32 0.133009
1.33 0.133189
1.34 0.133367
1.35 0.133542
1.36 0.133715
1.37 0.133885
1.38 0.134052
1.39 0.134217
1.4 0.134379
1.41 0.134538
1.42 0.134695
1.43 0.134848
1.44 0.134999
1.45 0.135146
1.46 0.13529
1.47 0.135432
1.48 0.13557
1.49 0.135705
1.5 0.135836
1.51 0.135964
1.52 0.136089
1.53 0.136211
1.54 0.136328
1.55 0.136443
1.56 0.136554
1.57 0.136661
1.58 0.136764
1.59 0.136864
1.6 0.13696
1.61 0.137052
1.62 0.137141
1.63 0.137225
1.64 0.137306
1.65 0.137382
1.66 0.137455
1.67 0.137523
1.68 0.137588
1.69 0.137648
1.7 0.137704
1.71 0.137756
1.72 0.137804
1.73 0.137847
1.74 0.137886
1.75 0.137921
1.76 0.137952
1.77 0.137978
1.78 0.137999
1.79 0.138016
1.8 0.138029
1.81 0.138037
1.82 0.138041
1.83 0.13804
1.84 0.138034
1.85 0.138024
1.86 0.138009
1.87 0.137989
1.88 0.137965
1.89 0.137936
1.9 0.137902
1.91 0.137864
1.92 0.137821
1.93 0.137773
1.94 0.13772
1.95 0.137662
1.96 0.137599
1.97 0.137532
1.98 0.13746
1.99 0.137383
2 0.137301
2.01 0.137214
2.02 0.137122
2.03 0.137025
2.04 0.136923
2.05 0.136817
2.06 0.136705
2.07 0.136588
2.08 0.136467
2.09 0.13634
2.1 0.136209
2.11 0.136072
2.12 0.135931
2.13 0.135785
2.14 0.135633
2.15 0.135477
2.16 0.135316
2.17 0.135149
2.18 0.134978
2.19 0.134802
2.2 0.134621
2.21 0.134435
2.22 0.134244
2.23 0.134048
2.24 0.133847
2.25 0.133641
2.26 0.133431
2.27 0.133215
2.28 0.132995
2.29 0.132769
2.3 0.132539
2.31 0.132304
2.32 0.132064
2.33 0.13182
2.34 0.13157
2.35 0.131316
2.36 0.131057
2.37 0.130794
2.38 0.130525
2.39 0.130252
2.4 0.129974
2.41 0.129692
2.42 0.129405
2.43 0.129114
2.44 0.128817
2.45 0.128517
2.46 0.128211
2.47 0.127902
2.48 0.127588
2.49 0.127269
2.5 0.126946
2.51 0.126618
2.52 0.126287
2.53 0.125951
2.54 0.12561
2.55 0.125266
2.56 0.124917
2.57 0.124564
2.58 0.124207
2.59 0.123845
2.6 0.12348
2.61 0.12311
2.62 0.122737
2.63 0.122359
2.64 0.121978
2.65 0.121593
2.66 0.121204
2.67 0.120811
2.68 0.120414
2.69 0.120013
2.7 0.119609
2.71 0.119201
2.72 0.11879
2.73 0.118375
2.74 0.117956
2.75 0.117534
2.76 0.117108
2.77 0.116679
2.78 0.116247
2.79 0.115811
2.8 0.115372
2.81 0.11493
2.82 0.114485
2.83 0.114036
2.84 0.113585
2.85 0.11313
2.86 0.112672
2.87 0.112212
2.88 0.111748
2.89 0.111282
2.9 0.110813
2.91 0.110341
2.92 0.109866
2.93 0.109389
2.94 0.108909
2.95 0.108427
2.96 0.107942
2.97 0.107454
2.98 0.106965
2.99 0.106472
3 0.105978
3.01 0.105481
3.02 0.104982
3.03 0.104481
3.04 0.103978
3.05 0.103472
3.06 0.102965
3.07 0.102456
3.08 0.101945
3.09 0.101431
3.1 0.100917
3.11 0.1004
3.12 0.0998817
3.13 0.0993617
3.14 0.0988402
3.15 0.0983171
3.16 0.0977925
3.17 0.0972665
3.18 0.096739
3.19 0.0962103
3.2 0.0956802
3.21 0.0951489
3.22 0.0946165
3.23 0.0940829
3.24 0.0935482
3.25 0.0930125
3.26 0.0924758
3.27 0.0919381
3.28 0.0913996
3.29 0.0908603
3.3 0.0903202
3.31 0.0897793
3.32 0.0892378
3.33 0.0886957
3.34 0.0881529
3.35 0.0876097
3.36 0.087066
3.37 0.0865218
3.38 0.0859773
3.39 0.0854324
3.4 0.0848873
3.41 0.0843419
3.42 0.0837963
3.43 0.0832506
3.44 0.0827048
3.45 0.082159
3.46 0.0816132
3.47 0.0810674
3.48 0.0805217
3.49 0.0799762
3.5 0.0794308
3.51 0.0788857
3.52 0.0783409
3.53 0.0777964
3.54 0.0772523
3.55 0.0767086
3.56 0.0761654
3.57 0.0756226
3.58 0.0750804
3.59 0.0745388
3.6 0.0739979
3.61 0.0734576
3.62 0.072918
3.63 0.0723792
3.64 0.0718412
3.65 0.071304
3.66 0.0707677
3.67 0.0702324
3.68 0.069698
3.69 0.0691646
3.7 0.0686322
3.71 0.0681009
3.72 0.0675708
3.73 0.0670418
3.74 0.066514
3.75 0.0659874
3.76 0.0654621
3.77 0.064938
3.78 0.0644154
3.79 0.063894
3.8 0.0633741
3.81 0.0628557
3.82 0.0623387
3.83 0.0618232
3.84 0.0613092
3.85 0.0607969
3.86 0.0602861
3.87 0.0597769
3.88 0.0592695
3.89 0.0587637
3.9 0.0582596
3.91 0.0577574
3.92 0.0572568
3.93 0.0567581
3.94 0.0562613
3.95 0.0557663
3.96 0.0552732
3.97 0.054782
3.98 0.0542928
3.99 0.0538056
4 0.0533203
4.01 0.0528371
4.02 0.0523559
4.03 0.0518768
4.04 0.0513998
4.05 0.0509249
4.06 0.0504522
4.07 0.0499816
4.08 0.0495132
4.09 0.049047
4.1 0.0485831
4.11 0.0481213
4.12 0.0476619
4.13 0.0472047
4.14 0.0467498
4.15 0.0462973
4.16 0.045847
4.17 0.0453992
4.18 0.0449537
4.19 0.0445106
4.2 0.0440699
4.21 0.0436316
4.22 0.0431957
4.23 0.0427623
4.24 0.0423314
4.25 0.0419029
4.26 0.0414769
4.27 0.0410534
4.28 0.0406325
4.29 0.040214
4.3 0.0397981
4.31 0.0393847
4.32 0.0389739
4.33 0.0385657
4.34 0.03816
4.35 0.0377569
4.36 0.0373564
4.37 0.0369585
4.38 0.0365631
4.39 0.0361705
4.4 0.0357804
4.41 0.0353929
4.42 0.0350081
4.43 0.034626
4.44 0.0342464
4.45 0.0338695
4.46 0.0334953
4.47 0.0331237
4.48 0.0327548
4.49 0.0323886
4.5 0.032025
4.51 0.0316641
4.52 0.0313058
4.53 0.0309502
4.54 0.0305973
4.55 0.0302471
4.56 0.0298995
4.57 0.0295546
4.58 0.0292124
4.59 0.0288728
4.6 0.028536
4.61 0.0282018
4.62 0.0278702
4.63 0.0275414
4.64 0.0272152
4.65 0.0268916
4.66 0.0265707
4.67 0.0262525
4.68 0.0259369
4.69 0.025624
4.7 0.0253137
4.71 0.0250061
4.72 0.0247011
4.73 0.0243987
4.74 0.0240989
4.75 0.0238018
4.76 0.0235073
4.77 0.0232153
4.78 0.022926
4.79 0.0226393
4.8 0.0223552
4.81 0.0220736
4.82 0.0217946
4.83 0.0215182
4.84 0.0212443
4.85 0.020973
4.86 0.0207042
4.87 0.020438
4.88 0.0201742
4.89 0.019913
4.9 0.0196543
4.91 0.0193981
4.92 0.0191444
4.93 0.0188931
4.94 0.0186443
4.95 0.018398
4.96 0.0181541
4.97 0.0179126
4.98 0.0176735
4.99 0.0174369
5 0.0172027
5.01 0.0169708
5.02 0.0167413
5.03 0.0165142
5.04 0.0162895
5.05 0.0160671
5.06 0.015847
5.07 0.0156292
5.08 0.0154137
5.09 0.0152005
5.1 0.0149896
5.11 0.014781
5.12 0.0145746
5.13 0.0143705
5.14 0.0141685
5.15 0.0139688
5.16 0.0137713
5.17 0.013576
5.18 0.0133828
5.19 0.0131918
5.2 0.013003
5.21 0.0128163
5.22 0.0126317
5.23 0.0124492
5.24 0.0122687
5.25 0.0120904
5.26 0.0119141
5.27 0.0117399
5.28 0.0115677
5.29 0.0113975
5.3 0.0112293
5.31 0.0110631
5.32 0.0108988
5.33 0.0107366
5.34 0.0105762
5.35 0.0104178
5.36 0.0102613
5.37 0.0101068
5.38 0.00995405
5.39 0.00980321
5.4 0.00965422
5.41 0.00950708
5.42 0.00936175
5.43 0.00921824
5.44 0.00907652
5.45 0.00893658
5.46 0.0087984
5.47 0.00866197
5.48 0.00852727
5.49 0.0083943
5.5 0.00826302
5.51 0.00813344
5.52 0.00800553
5.53 0.00787928
5.54 0.00775467
5.55 0.00763169
5.56 0.00751033
5.57 0.00739057
5.58 0.00727238
5.59 0.00715577
5.6 0.00704072
5.61 0.0069272
5.62 0.00681521
5.63 0.00670473
5.64 0.00659574
5.65 0.00648824
5.66 0.0063822
5.67 0.00627762
5.68 0.00617447
5.69 0.00607274
5.7 0.00597243
5.71 0.0058735
5.72 0.00577596
5.73 0.00567978
5.74 0.00558496
5.75 0.00549147
5.76 0.00539931
5.77 0.00530845
5.78 0.00521889
5.79 0.00513061
5.8 0.0050436
5.81 0.00495784
5.82 0.00487332
5.83 0.00479003
5.84 0.00470795
5.85 0.00462707
5.86 0.00454738
5.87 0.00446886
5.88 0.0043915
5.89 0.00431528
5.9 0.0042402
5.91 0.00416624
5.92 0.00409338
5.93 0.00402162
5.94 0.00395094
5.95 0.00388133
5.96 0.00381277
5.97 0.00374526
5.98 0.00367877
5.99 0.00361331
