-6 2.56752e-09
-5.99 2.71784e-09
-5.98 2.87669e-09
-5.97 3.04453e-09
-5.96 3.22187e-09
-5.95 3.4092e-09
-5.94 3.60709e-09
-5.93 3.81611e-09
-5.92 4.03685e-09
-5.91 4.26995e-09
-5.9 4.51608e-09
-5.89 4.77596e-09
-5.88 5.0503e-09
-5.87 5.3399e-09
-5.86 5.64556e-09
-5.85 5.96816e-09
-5.84 6.3086e-09
-5.83 6.66782e-09
-5.82 7.04682e-09
-5.81 7.44666e-09
-5.8 7.86844e-09
-5.79 8.31333e-09
-5.78 8.78253e-09
-5.77 9.27733e-09
-5.76 9.79908e-09
-5.75 1.03492e-08
-5.74 1.09291e-08
-5.73 1.15405e-08
-5.72 1.21849e-08
-5.71 1.28641e-08
-5.7 1.35798e-08
-5.69 1.4334e-08
-5.68 1.51286e-08
-5.67 1.59658e-08
-5.66 1.68477e-08
-5.65 1.77767e-08
-5.64 1.8755e-08
-5.63 1.97854e-08
-5.62 2.08704e-08
-5.61 2.20127e-08
-5.6 2.32154e-08
-5.59 2.44815e-08
-5.58 2.58142e-08
-5.57 2.72169e-08
-5.56 2.8693e-08
-5.55 3.02463e-08
-5.54 3.18807e-08
-5.53 3.36002e-08
-5.52 3.54092e-08
-5.51 3.73119e-08
-5.5 3.93132e-08
-5.49 4.14178e-08
-5.48 4.36311e-08
-5.47 4.59582e-08
-5.46 4.84048e-08
-5.45 5.09768e-08
-5.44 5.36805e-08
-5.43 5.65221e-08
-5.42 5.95085e-08
-5.41 6.26468e-08
-5.4 6.59443e-08
-5.39 6.94088e-08
-5.38 7.30484e-08
-5.37 7.68715e-08
-5.36 8.08871e-08
-5.35 8.51043e-08
-5.34 8.95329e-08
-5.33 9.4183e-08
-5.32 9.90652e-08
-5.31 1.04191e-07
-5.3 1.09571e-07
-5.29 1.15218e-07
-5.28 1.21145e-07
-5.27 1.27364e-07
-5.26 1.3389e-07
-5.25 1.40737e-07
-5.24 1.4792e-07
-5.23 1.55455e-07
-5.22 1.63358e-07
-5.21 1.71647e-07
-5.2 1.80339e-07
-5.19 1.89454e-07
-5.18 1.9901e-07
-5.17 2.09029e-07
-5.16 2.19531e-07
-5.15 2.30538e-07
-5.14 2.42075e-07
-5.13 2.54165e-07
-5.12 2.66833e-07
-5.11 2.80106e-07
-5.1 2.94012e-07
-5.09 3.08578e-07
-5.08 3.23836e-07
-5.07 3.39816e-07
-5.06 3.5655e-07
-5.05 3.74073e-07
-5.04 3.9242e-07
-5.03 4.11627e-07
-5.02 4.31734e-07
-5.01 4.5278e-07
-5 4.74807e-07
-4.99 4.97858e-07
-4.98 5.21979e-07
-4.97 5.47216e-07
-4.96 5.73619e-07
-4.95 6.01239e-07
-4.94 6.30129e-07
-4.93 6.60345e-07
-4.92 6.91944e-07
-4.91 7.24986e-07
-4.9 7.59534e-07
-4.89 7.95653e-07
-4.88 8.3341e-07
-4.87 8.72876e-07
-4.86 9.14124e-07
-4.85 9.57231e-07
-4.84 1.00228e-06
-4.83 1.04934e-06
-4.82 1.09851e-06
-4.81 1.14987e-06
-4.8 1.20353e-06
-4.79 1.25956e-06
-4.78 1.31808e-06
-4.77 1.37919e-06
-4.76 1.443e-06
-4.75 1.50961e-06
-4.74 1.57915e-06
-4.73 1.65173e-06
-4.72 1.72749e-06
-4.71 1.80655e-06
-4.7 1.88905e-06
-4.69 1.97512e-06
-4.68 2.06493e-06
-4.67 2.15861e-06
-4.66 2.25633e-06
-4.65 2.35825e-06
-4.64 2.46454e-06
-4.63 2.57538e-06
-4.62 2.69094e-06
-4.61 2.81142e-06
-4.6 2.93702e-06
-4.59 3.06794e-06
-4.58 3.20439e-06
-4.57 3.34659e-06
-4.56 3.49477e-06
-4.55 3.64917e-06
-4.54 3.81002e-06
-4.53 3.97759e-06
-4.52 4.15213e-06
-4.51 4.33392e-06
-4.5 4.52325e-06
-4.49 4.72039e-06
-4.48 4.92566e-06
-4.47 5.13936e-06
-4.46 5.36183e-06
-4.45 5.5934e-06
-4.44 5.83442e-06
-4.43 6.08524e-06
-4.42 6.34625e-06
-4.41 6.61782e-06
-4.4 6.90035e-06
-4.39 7.19427e-06
-4.38 7.5e-06
-4.37 7.81797e-06
-4.36 8.14865e-06
-4.35 8.49251e-06
-4.34 8.85005e-06
-4.33 9.22176e-06
-4.32 9.60817e-06
-4.31 1.00098e-05
-4.3 1.04273e-05
-4.29 1.08611e-05
-4.28 1.13119e-05
-4.27 1.17803e-05
-4.26 1.22669e-05
-4.25 1.27725e-05
-4.24 1.32976e-05
-4.23 1.38429e-05
-4.22 1.44093e-05
-4.21 1.49974e-05
-4.2 1.5608e-05
-4.19 1.6242e-05
-4.18 1.69001e-05
-4.17 1.75832e-05
-4.16 1.82922e-05
-4.15 1.90279e-05
-4.14 1.97914e-05
-4.13 2.05835e-05
-4.12 2.14054e-05
-4.11 2.22579e-05
-4.1 2.31422e-05
-4.09 2.40593e-05
-4.08 2.50104e-05
-4.07 2.59966e-05
-4.06 2.70192e-05
-4.05 2.80793e-05
-4.04 2.91782e-05
-4.03 3.03173e-05
-4.02 3.14978e-05
-4.01 3.27213e-05
-4 3.3989e-05
-3.99 3.53024e-05
-3.98 3.66632e-05
-3.97 3.80728e-05
-3.96 3.95328e-05
-3.95 4.10449e-05
-3.94 4.26108e-05
-3.93 4.42323e-05
-3.92 4.59111e-05
-3.91 4.7649e-05
-3.9 4.94481e-05
-3.89 5.13103e-05
-3.88 5.32375e-05
-3.87 5.52319e-05
-3.86 5.72955e-05
-3.85 5.94306e-05
-3.84 6.16394e-05
-3.83 6.39243e-05
-3.82 6.62875e-05
-3.81 6.87316e-05
-3.8 7.12591e-05
-3.79 7.38724e-05
-3.78 7.65744e-05
-3.77 7.93676e-05
-3.76 8.2255e-05
-3.75 8.52392e-05
-3.74 8.83234e-05
-3.73 9.15105e-05
-3.72 9.48036e-05
-3.71 9.82058e-05
-3.7 0.000101721
-3.69 0.000105351
-3.68 0.000109101
-3.67 0.000112973
-3.66 0.000116972
-3.65 0.000121101
-3.64 0.000125364
-3.63 0.000129764
-3.62 0.000134306
-3.61 0.000138994
-3.6 0.000143832
-3.59 0.000148824
-3.58 0.000153975
-3.57 0.000159289
-3.56 0.000164771
-3.55 0.000170425
-3.54 0.000176256
-3.53 0.00018227
-3.52 0.000188471
-3.51 0.000194865
-3.5 0.000201456
-3.49 0.00020825
-3.48 0.000215254
-3.47 0.000222471
-3.46 0.000229909
-3.45 0.000237573
-3.44 0.000245469
-3.43 0.000253603
-3.42 0.000261982
-3.41 0.000270613
-3.4 0.000279501
-3.39 0.000288653
-3.38 0.000298077
-3.37 0.00030778
-3.36 0.000317768
-3.35 0.000328049
-3.34 0.000338631
-3.33 0.00034952
-3.32 0.000360726
-3.31 0.000372256
-3.3 0.000384117
-3.29 0.000396319
-3.28 0.00040887
-3.27 0.000421779
-3.26 0.000435053
-3.25 0.000448703
-3.24 0.000462737
-3.23 0.000477165
-3.22 0.000491996
-3.21 0.000507239
-3.2 0.000522906
-3.19 0.000539005
-3.18 0.000555547
-3.17 0.000572542
-3.16 0.000590001
-3.15 0.000607935
-3.14 0.000626355
-3.13 0.000645271
-3.12 0.000664696
-3.11 0.00068464
-3.1 0.000705116
-3.09 0.000726136
-3.08 0.000747711
-3.07 0.000769854
-3.06 0.000792577
-3.05 0.000815894
-3.04 0.000839817
-3.03 0.00086436
-3.02 0.000889535
-3.01 0.000915357
-3 0.000941838
-2.99 0.000968994
-2.98 0.000996839
-2.97 0.00102539
-2.96 0.00105465
-2.95 0.00108465
-2.94 0.00111539
-2.93 0.0011469
-2.92 0.00117918
-2.91 0.00121226
-2.9 0.00124615
-2.89 0.00128086
-2.88 0.00131642
-2.87 0.00135283
-2.86 0.00139012
-2.85 0.00142831
-2.84 0.0014674
-2.83 0.00150742
-2.82 0.00154838
-2.81 0.00159031
-2.8 0.00163321
-2.79 0.00167711
-2.78 0.00172203
-2.77 0.00176799
-2.76 0.001815
-2.75 0.00186308
-2.74 0.00191226
-2.73 0.00196255
-2.72 0.00201397
-2.71 0.00206654
-2.7 0.00212028
-2.69 0.00217521
-2.68 0.00223135
-2.67 0.00228873
-2.66 0.00234735
-2.65 0.00240725
-2.64 0.00246845
-2.63 0.00253096
-2.62 0.00259481
-2.61 0.00266001
-2.6 0.0027266
-2.59 0.00279458
-2.58 0.00286399
-2.57 0.00293485
-2.56 0.00300717
-2.55 0.00308098
-2.54 0.00315631
-2.53 0.00323317
-2.52 0.00331158
-2.51 0.00339158
-2.5 0.00347318
-2.49 0.0035564
-2.48 0.00364128
-2.47 0.00372782
-2.46 0.00381606
-2.45 0.00390602
-2.44 0.00399772
-2.43 0.00409119
-2.42 0.00418644
-2.41 0.0042835
-2.4 0.0043824
-2.39 0.00448315
-2.38 0.00458579
-2.37 0.00469033
-2.36 0.0047968
-2.35 0.00490522
-2.34 0.00501562
-2.33 0.00512801
-2.32 0.00524242
-2.31 0.00535888
-2.3 0.0054774
-2.29 0.00559802
-2.28 0.00572075
-2.27 0.00584561
-2.26 0.00597263
-2.25 0.00610184
-2.24 0.00623324
-2.23 0.00636687
-2.22 0.00650275
-2.21 0.0066409
-2.2 0.00678134
-2.19 0.0069241
-2.18 0.00706919
-2.17 0.00721663
-2.16 0.00736645
-2.15 0.00751866
-2.14 0.0076733
-2.13 0.00783037
-2.12 0.00798989
-2.11 0.0081519
-2.1 0.00831639
-2.09 0.00848341
-2.08 0.00865295
-2.07 0.00882505
-2.06 0.00899971
-2.05 0.00917696
-2.04 0.00935682
-2.03 0.00953929
-2.02 0.0097244
-2.01 0.00991216
-2 0.0101026
-1.99 0.0102957
-1.98 0.0104915
-1.97 0.01069
-1.96 0.0108912
-1.95 0.0110952
-1.94 0.0113019
-1.93 0.0115114
-1.92 0.0117236
-1.91 0.0119387
-1.9 0.0121565
-1.89 0.0123771
-1.88 0.0126005
-1.87 0.0128268
-1.86 0.0130558
-1.85 0.0132877
-1.84 0.0135224
-1.83 0.01376
-1.82 0.0140004
-1.81 0.0142437
-1.8 0.0144898
-1.79 0.0147387
-1.78 0.0149906
-1.77 0.0152452
-1.76 0.0155028
-1.75 0.0157631
-1.74 0.0160264
-1.73 0.0162925
-1.72 0.0165614
-1.71 0.0168332
-1.7 0.0171078
-1.69 0.0173852
-1.68 0.0176655
-1.67 0.0179486
-1.66 0.0182344
-1.65 0.0185231
-1.64 0.0188146
-1.63 0.0191088
-1.62 0.0194058
-1.61 0.0197055
-1.6 0.020008
-1.59 0.0203132
-1.58 0.0206211
-1.57 0.0209316
-1.56 0.0212449
-1.55 0.0215607
-1.54 0.0218792
-1.53 0.0222003
-1.52 0.0225239
-1.51 0.0228501
-1.5 0.0231789
-1.49 0.0235101
-1.48 0.0238438
-1.47 0.0241799
-1.46 0.0245185
-1.45 0.0248594
-1.44 0.0252027
-1.43 0.0255483
-1.42 0.0258961
-1.41 0.0262463
-1.4 0.0265986
-1.39 0.0269531
-1.38 0.0273097
-1.37 0.0276684
-1.36 0.0280292
-1.35 0.028392
-1.34 0.0287568
-1.33 0.0291234
-1.32 0.029492
-1.31 0.0298624
-1.3 0.0302345
-1.29 0.0306084
-1.28 0.030984
-1.27 0.0313612
-1.26 0.03174
-1.25 0.0321203
-1.24 0.0325021
-1.23 0.0328853
-1.22 0.0332699
-1.21 0.0336557
-1.2 0.0340429
-1.19 0.0344311
-1.18 0.0348206
-1.17 0.0352111
-1.16 0.0356025
-1.15 0.035995
-1.14 0.0363882
-1.13 0.0367823
-1.12 0.0371772
-1.11 0.0375727
-1.1 0.0379688
-1.09 0.0383655
-1.08 0.0387626
-1.07 0.0391601
-1.06 0.0395579
-1.05 0.039956
-1.04 0.0403542
-1.03 0.0407526
-1.02 0.041151
-1.01 0.0415493
-1 0.0419475
-0.99 0.0423455
-0.98 0.0427432
-0.97 0.0431406
-0.96 0.0435375
-0.95 0.0439339
-0.94 0.0443297
-0.93 0.0447249
-0.92 0.0451192
-0.91 0.0455128
-0.9 0.0459054
-0.89 0.046297
-0.88 0.0466875
-0.87 0.0470768
-0.86 0.0474649
-0.85 0.0478516
-0.84 0.0482369
-0.83 0.0486207
-0.82 0.0490029
-0.81 0.0493834
-0.8 0.0497621
-0.79 0.050139
-0.78 0.050514
-0.77 0.0508869
-0.76 0.0512577
-0.75 0.0516263
-0.74 0.0519927
-0.73 0.0523569
-0.72 0.0527194
-0.71 0.0530831
-0.7 0.0534589
-0.69 0.0538855
-0.68 0.0544891
-0.67 0.0556421
-0.66 0.0583448
-0.65 0.0650319
-0.64 0.0810501
-0.63 0.116923
-0.62 0.191034
-0.61 0.331412
-0.6 0.574221
-0.59 0.95618
-0.58 1.49975
-0.57 2.194
-0.56 2.97929
-0.55 3.74647
-0.54 4.35759
-0.53 4.68531
-0.52 4.65586
-0.51 4.27609
-0.5 3.63089
-0.49 2.85239
-0.48 2.07616
-0.47 1.40419
-0.46 0.887689
-0.45 0.530916
-0.44 0.307855
-0.43 0.181057
-0.42 0.115346
-0.41 0.0842694
-0.4 0.0708827
-0.39 0.0656788
-0.38 0.0639152
-0.37 0.0634682
-0.36 0.0634794
-0.35 0.0636341
-0.34 0.0638272
-0.33 0.0640267
-0.32 0.0642236
-0.31 0.0644158
-0.3 0.0646025
-0.29 0.0647836
-0.28 0.0649591
-0.27 0.0651288
-0.26 0.0652928
-0.25 0.065451
-0.24 0.0656034
-0.23 0.0657499
-0.22 0.0658905
-0.21 0.066025
-0.2 0.0661536
-0.19 0.0662762
-0.18 0.0663926
-0.17 0.066503
-0.16 0.0666072
-0.15 0.0667053
-0.14 0.0667971
-0.13 0.0668828
-0.12 0.0669622
-0.11 0.0670353
-0.1 0.0671021
-0.09 0.0671627
-0.08 0.0672169
-0.07 0.0672647
-0.06 0.0673062
-0.05 0.0673414
-0.04 0.0673702
-0.03 0.0673925
-0.02 0.0674085
-0.01 0.0674181
0 0.0674213
0.01 0.0674181
0.02 0.0674085
0.03 0.0673925
0.04 0.0673702
0.05 0.0673414
0.06 0.0673062
0.07 0.0672647
0.08 0.0672169
0.09 0.0671627
0.1 0.0671021
0.11 0.0670353
0.12 0.0669622
0.13 0.0668828
0.14 0.0667971
0.15 0.0667053
0.16 0.0666072
0.17 0.066503
0.18 0.0663926
0.19 0.0662762
0.2 0.0661536
0.21 0.066025
0.22 0.0658905
0.23 0.0657499
0.24 0.0656034
0.25 0.065451
0.26 0.0652928
0.27 0.0651288
0.28 0.0649591
0.29 0.0647836
0.3 0.0646025
0.31 0.0644158
0.32 0.0642236
0.33 0.0640267
0.34 0.0638272
0.35 0.0636341
0.36 0.0634794
0.37 0.0634682
0.38 0.0639152
0.39 0.0656788
0.4 0.0708827
0.41 0.0842694
0.42 0.115346
0.43 0.181057
0.44 0.307855
0.45 0.530916
0.46 0.887689
0.47 1.40419
0.48 2.07616
0.49 2.85239
0.5 3.63089
0.51 4.27609
0.52 4.65586
0.53 4.68531
0.54 4.35759
0.55 3.74647
0.56 2.97929
0.57 2.194
0.58 1.49975
0.59 0.95618
0.6 0.574221
0.61 0.331412
0.62 0.191034
0.63 0.116923
0.64 0.0810501
0.65 0.0650319
0.66 0.0583448
0.67 0.0556421
0.68 0.0544891
0.69 0.0538855
0.7 0.0534589
0.71 0.0530831
0.72 0.0527194
0.73 0.0523569
0.74 0.0519927
0.75 0.0516263
0.76 0.0512577
0.77 0.0508869
0.78 0.050514
0.79 0.050139
0.8 0.0497621
0.81 0.0493834
0.82 0.0490029
0.83 0.0486207
0.84 0.0482369
0.85 0.0478516
0.86 0.0474649
0.87 0.0470768
0.88 0.0466875
0.89 0.046297
0.9 0.0459054
0.91 0.0455128
0.92 0.0451192
0.93 0.0447249
0.94 0.0443297
0.95 0.0439339
0.96 0.0435375
0.97 0.0431406
0.98 0.0427432
0.99 0.0423455
1 0.0419475
1.01 0.0415493
1.02 0.041151
1.03 0.0407526
1.04 0.0403542
1.05 0.039956
1.06 0.0395579
1.07 0.0391601
1.08 0.0387626
1.09 0.0383655
1.1 0.0379688
1.11 0.0375727
1.12 0.0371772
1.13 0.0367823
1.14 0.0363882
1.15 0.035995
1.16 0.0356025
1.17 0.0352111
1.18 0.0348206
1.19 0.0344311
1.2 0.0340429
1.21 0.0336557
1.22 0.0332699
1.23 0.0328853
1.24 0.0325021
1.25 0.0321203
1.26 0.03174
1.27 0.0313612
1.28 0.030984
1.29 0.0306084
1.3 0.0302345
1.31 0.0298624
1.32 0.029492
1.33 0.0291234
1.34 0.0287568
1.35 0.028392
1.36 0.0280292
1.37 0.0276684
1.38 0.0273097
1.39 0.0269531
1.4 0.0265986
1.41 0.0262463
1.42 0.0258961
1.43 0.0255483
1.44 0.0252027
1.45 0.0248594
1.46 0.0245185
1.47 0.0241799
1.48 0.0238438
1.49 0.0235101
1.5 0.0231789
1.51 0.0228501
1.52 0.0225239
1.53 0.0222003
1.54 0.0218792
1.55 0.0215607
1.56 0.0212449
1.57 0.0209316
1.58 0.0206211
1.59 0.0203132
1.6 0.020008
1.61 0.0197055
1.62 0.0194058
1.63 0.0191088
1.64 0.0188146
1.65 0.0185231
1.66 0.0182344
1.67 0.0179486
1.68 0.0176655
1.69 0.0173852
1.7 0.0171078
1.71 0.0168332
1.72 0.0165614
1.73 0.0162925
1.74 0.0160264
1.75 0.0157631
1.76 0.0155028
1.77 0.0152452
1.78 0.0149906
1.79 0.0147387
1.8 0.0144898
1.81 0.0142437
1.82 0.0140004
1.83 0.01376
1.84 0.0135224
1.85 0.0132877
1.86 0.0130558
1.87 0.0128268
1.88 0.0126005
1.89 0.0123771
1.9 0.0121565
1.91 0.0119387
1.92 0.0117236
1.93 0.0115114
1.94 0.0113019
1.95 0.0110952
1.96 0.0108912
1.97 0.01069
1.98 0.0104915
1.99 0.0102957
2 0.0101026
2.01 0.00991216
2.02 0.0097244
2.03 0.00953929
2.04 0.00935682
2.05 0.00917696
2.06 0.00899971
2.07 0.00882505
2.08 0.00865295
2.09 0.00848341
2.1 0.00831639
2.11 0.0081519
2.12 0.00798989
2.13 0.00783037
2.14 0.0076733
2.15 0.00751866
2.16 0.00736645
2.17 0.00721663
2.18 0.00706919
2.19 0.0069241
2.2 0.00678134
2.21 0.0066409
2.22 0.00650275
2.23 0.00636687
2.24 0.00623324
2.25 0.00610184
2.26 0.00597263
2.27 0.00584561
2.28 0.00572075
2.29 0.00559802
2.3 0.0054774
2.31 0.00535888
2.32 0.00524242
2.33 0.00512801
2.34 0.00501562
2.35 0.00490522
2.36 0.0047968
2.37 0.00469033
2.38 0.00458579
2.39 0.00448315
2.4 0.0043824
2.41 0.0042835
2.42 0.00418644
2.43 0.00409119
2.44 0.00399772
2.45 0.00390602
2.46 0.00381606
2.47 0.00372782
2.48 0.00364128
2.49 0.0035564
2.5 0.00347318
2.51 0.00339158
2.52 0.00331158
2.53 0.00323317
2.54 0.00315631
2.55 0.00308098
2.56 0.00300717
2.57 0.00293485
2.58 0.00286399
2.59 0.00279458
2.6 0.0027266
2.61 0.00266001
2.62 0.00259481
2.63 0.00253096
2.64 0.00246845
2.65 0.00240725
2.66 0.00234735
2.67 0.00228873
2.68 0.00223135
2.69 0.00217521
2.7 0.00212028
2.71 0.00206654
2.72 0.00201397
2.73 0.00196255
2.74 0.00191226
2.75 0.00186308
2.76 0.001815
2.77 0.00176799
2.78 0.00172203
2.79 0.00167711
2.8 0.00163321
2.81 0.00159031
2.82 0.00154838
2.83 0.00150742
2.84 0.0014674
2.85 0.00142831
2.86 0.00139012
2.87 0.00135283
2.88 0.00131642
2.89 0.00128086
2.9 0.00124615
2.91 0.00121226
2.92 0.00117918
2.93 0.0011469
2.94 0.00111539
2.95 0.00108465
2.96 0.00105465
2.97 0.00102539
2.98 0.000996839
2.99 0.000968994
3 0.000941838
3.01 0.000915357
3.02 0.000889535
3.03 0.00086436
3.04 0.000839817
3.05 0.000815894
3.06 0.000792577
3.07 0.000769854
3.08 0.000747711
3.09 0.000726136
3.1 0.000705116
3.11 0.00068464
3.12 0.000664696
3.13 0.000645271
3.14 0.000626355
3.15 0.000607935
3.16 0.000590001
3.17 0.000572542
3.18 0.000555547
3.19 0.000539005
3.2 0.000522906
3.21 0.000507239
3.22 0.000491996
3.23 0.000477165
3.24 0.000462737
3.25 0.000448703
3.26 0.000435053
3.27 0.000421779
3.28 0.00040887
3.29 0.000396319
3.3 0.000384117
3.31 0.000372256
3.32 0.000360726
3.33 0.00034952
3.34 0.000338631
3.35 0.000328049
3.36 0.000317768
3.37 0.00030778
3.38 0.000298077
3.39 0.000288653
3.4 0.000279501
3.41 0.000270613
3.42 0.000261982
3.43 0.000253603
3.44 0.000245469
3.45 0.000237573
3.46 0.000229909
3.47 0.000222471
3.48 0.000215254
3.49 0.00020825
3.5 0.000201456
3.51 0.000194865
3.52 0.000188471
3.53 0.00018227
3.54 0.000176256
3.55 0.000170425
3.56 0.000164771
3.57 0.000159289
3.58 0.000153975
3.59 0.000148824
3.6 0.000143832
3.61 0.000138994
3.62 0.000134306
3.63 0.000129764
3.64 0.000125364
3.65 0.000121101
3.66 0.000116972
3.67 0.000112973
3.68 0.000109101
3.69 0.000105351
3.7 0.000101721
3.71 9.82058e-05
3.72 9.48036e-05
3.73 9.15105e-05
3.74 8.83234e-05
3.75 8.52392e-05
3.76 8.2255e-05
3.77 7.93676e-05
3.78 7.65744e-05
3.79 7.38724e-05
3.8 7.12591e-05
3.81 6.87316e-05
3.82 6.62875e-05
3.83 6.39243e-05
3.84 6.16394e-05
3.85 5.94306e-05
3.86 5.72955e-05
3.87 5.52319e-05
3.88 5.32375e-05
3.89 5.13103e-05
3.9 4.94481e-05
3.91 4.7649e-05
3.92 4.59111e-05
3.93 4.42323e-05
3.94 4.26108e-05
3.95 4.10449e-05
3.96 3.95328e-05
3.97 3.80728e-05
3.98 3.66632e-05
3.99 3.53024e-05
4 3.3989e-05
4.01 3.27213e-05
4.02 3.14978e-05
4.03 3.03173e-05
4.04 2.91782e-05
4.05 2.80793e-05
4.06 2.70192e-05
4.07 2.59966e-05
4.08 2.50104e-05
4.09 2.40593e-05
4.1 2.31422e-05
4.11 2.22579e-05
4.12 2.14054e-05
4.13 2.05835e-05
4.14 1.97914e-05
4.15 1.90279e-05
4.16 1.82922e-05
4.17 1.75832e-05
4.18 1.69001e-05
4.19 1.6242e-05
4.2 1.5608e-05
4.21 1.49974e-05
4.22 1.44093e-05
4.23 1.38429e-05
4.24 1.32976e-05
4.25 1.27725e-05
4.26 1.22669e-05
4.27 1.17803e-05
4.28 1.13119e-05
4.29 1.08611e-05
4.3 1.04273e-05
4.31 1.00098e-05
4.32 9.60817e-06
4.33 9.22176e-06
4.34 8.85005e-06
4.35 8.49251e-06
4.36 8.14865e-06
4.37 7.81797e-06
4.38 7.5e-06
4.39 7.19427e-06
4.4 6.90035e-06
4.41 6.61782e-06
4.42 6.34625e-06
4.43 6.08524e-06
4.44 5.83442e-06
4.45 5.5934e-06
4.46 5.36183e-06
4.47 5.13936e-06
4.48 4.92566e-06
4.49 4.72039e-06
4.5 4.52325e-06
4.51 4.33392e-06
4.52 4.15213e-06
4.53 3.97759e-06
4.54 3.81002e-06
4.55 3.64917e-06
4.56 3.49477e-06
4.57 3.34659e-06
4.58 3.20439e-06
4.59 3.06794e-06
4.6 2.93702e-06
4.61 2.81142e-06
4.62 2.69094e-06
4.63 2.57538e-06
4.64 2.46454e-06
4.65 2.35825e-06
4.66 2.25633e-06
4.67 2.15861e-06
4.68 2.06493e-06
4.69 1.97512e-06
4.7 1.88905e-06
4.71 1.80655e-06
4.72 1.72749e-06
4.73 1.65173e-06
4.74 1.57915e-06
4.75 1.50961e-06
4.76 1.443e-06
4.77 1.37919e-06
4.78 1.31808e-06
4.79 1.25956e-06
4.8 1.20353e-06
4.81 1.14987e-06
4.82 1.09851e-06
4.83 1.04934e-06
4.84 1.00228e-06
4.85 9.57231e-07
4.86 9.14124e-07
4.87 8.72876e-07
4.88 8.3341e-07
4.89 7.95653e-07
4.9 7.59534e-07
4.91 7.24986e-07
4.92 6.91944e-07
4.93 6.60345e-07
4.94 6.30129e-07
4.95 6.01239e-07
4.96 5.73619e-07
4.97 5.47216e-07
4.98 5.21979e-07
4.99 4.97858e-07
5 4.74807e-07
5.01 4.5278e-07
5.02 4.31734e-07
5.03 4.11627e-07
5.04 3.9242e-07
5.05 3.74073e-07
5.06 3.5655e-07
5.07 3.39816e-07
5.08 3.23836e-07
5.09 3.08578e-07
5.1 2.94012e-07
5.11 2.80106e-07
5.12 2.66833e-07
5.13 2.54165e-07
5.14 2.42075e-07
5.15 2.30538e-07
5.16 2.19531e-07
5.17 2.09029e-07
5.18 1.9901e-07
5.19 1.89454e-07
5.2 1.80339e-07
5.21 1.71647e-07
5.22 1.63358e-07
5.23 1.55455e-07
5.24 1.4792e-07
5.25 1.40737e-07
5.26 1.3389e-07
5.27 1.27364e-07
5.28 1.21145e-07
5.29 1.15218e-07
5.3 1.09571e-07
5.31 1.04191e-07
5.32 9.90652e-08
5.33 9.4183e-08
5.34 8.95329e-08
5.35 8.51043e-08
5.36 8.08871e-08
5.37 7.68715e-08
5.38 7.30484e-08
5.39 6.94088e-08
5.4 6.59443e-08
5.41 6.26468e-08
5.42 5.95085e-08
5.43 5.65221e-08
5.44 5.36805e-08
5.45 5.09768e-08
5.46 4.84048e-08
5.47 4.59582e-08
5.48 4.36311e-08
5.49 4.14178e-08
5.5 3.93132e-08
5.51 3.73119e-08
5.52 3.54092e-08
5.53 3.36002e-08
5.54 3.18807e-08
5.55 3.02463e-08
5.56 2.8693e-08
5.57 2.72169e-08
5.58 2.58142e-08
5.59 2.44815e-08
5.6 2.32154e-08
5.61 2.20127e-08
5.62 2.08704e-08
5.63 1.97854e-08
5.64 1.8755e-08
5.65 1.77767e-08
5.66 1.68477e-08
5.67 1.59658e-08
5.68 1.51286e-08
5.69 1.4334e-08
5.7 1.35798e-08
5.71 1.28641e-08
5.72 1.21849e-08
5.73 1.15405e-08
5.74 1.09291e-08
5.75 1.03492e-08
5.76 9.79908e-09
5.77 9.27733e-09
5.78 8.78253e-09
5.79 8.31333e-09
5.8 7.86844e-09
5.81 7.44666e-09
5.82 7.04682e-09
5.83 6.66782e-09
5.84 6.3086e-09
5.85 5.96816e-09
5.86 5.64556e-09
5.87 5.3399e-09
5.88 5.0503e-09
5.89 4.77596e-09
5.9 4.51608e-09
5.91 4.26995e-09
5.92 4.03685e-09
5.93 3.81611e-09
5.94 3.60709e-09
5.95 3.4092e-09
5.96 3.22187e-09
5.97 3.04453e-09
5.98 2.87669e-09
5.99 2.71784e-09
