-6 0.000160914
-5.99 0.000164977
-5.98 0.000169135
-5.97 0.00017339
-5.96 0.000177744
-5.95 0.0001822
-5.94 0.00018676
-5.93 0.000191425
-5.92 0.000196198
-5.91 0.000201082
-5.9 0.000206078
-5.89 0.000211189
-5.88 0.000216417
-5.87 0.000221765
-5.86 0.000227235
-5.85 0.000232831
-5.84 0.000238553
-5.83 0.000244406
-5.82 0.000250391
-5.81 0.000256511
-5.8 0.00026277
-5.79 0.00026917
-5.78 0.000275714
-5.77 0.000282404
-5.76 0.000289244
-5.75 0.000296237
-5.74 0.000303386
-5.73 0.000310694
-5.72 0.000318164
-5.71 0.000325799
-5.7 0.000333603
-5.69 0.00034158
-5.68 0.000349731
-5.67 0.000358062
-5.66 0.000366575
-5.65 0.000375275
-5.64 0.000384164
-5.63 0.000393246
-5.62 0.000402526
-5.61 0.000412007
-5.6 0.000421693
-5.59 0.000431588
-5.58 0.000441696
-5.57 0.000452021
-5.56 0.000462567
-5.55 0.000473339
-5.54 0.00048434
-5.53 0.000495576
-5.52 0.00050705
-5.51 0.000518768
-5.5 0.000530733
-5.49 0.000542951
-5.48 0.000555426
-5.47 0.000568163
-5.46 0.000581166
-5.45 0.000594442
-5.44 0.000607994
-5.43 0.000621829
-5.42 0.000635951
-5.41 0.000650365
-5.4 0.000665077
-5.39 0.000680093
-5.38 0.000695417
-5.37 0.000711056
-5.36 0.000727015
-5.35 0.0007433
-5.34 0.000759917
-5.33 0.000776872
-5.32 0.000794171
-5.31 0.00081182
-5.3 0.000829825
-5.29 0.000848193
-5.28 0.00086693
-5.27 0.000886042
-5.26 0.000905537
-5.25 0.00092542
-5.24 0.000945699
-5.23 0.000966381
-5.22 0.000987473
-5.21 0.00100898
-5.2 0.00103091
-5.19 0.00105328
-5.18 0.00107608
-5.17 0.00109933
-5.16 0.00112303
-5.15 0.00114719
-5.14 0.00117182
-5.13 0.00119693
-5.12 0.00122253
-5.11 0.00124862
-5.1 0.00127521
-5.09 0.00130231
-5.08 0.00132993
-5.07 0.00135807
-5.06 0.00138676
-5.05 0.00141598
-5.04 0.00144576
-5.03 0.00147611
-5.02 0.00150702
-5.01 0.00153852
-5 0.0015706
-4.99 0.00160329
-4.98 0.00163659
-4.97 0.0016705
-4.96 0.00170505
-4.95 0.00174023
-4.94 0.00177607
-4.93 0.00181256
-4.92 0.00184972
-4.91 0.00188757
-4.9 0.00192611
-4.89 0.00196535
-4.88 0.0020053
-4.87 0.00204597
-4.86 0.00208739
-4.85 0.00212954
-4.84 0.00217246
-4.83 0.00221615
-4.82 0.00226061
-4.81 0.00230587
-4.8 0.00235194
-4.79 0.00239882
-4.78 0.00244653
-4.77 0.00249509
-4.76 0.0025445
-4.75 0.00259477
-4.74 0.00264593
-4.73 0.00269798
-4.72 0.00275093
-4.71 0.0028048
-4.7 0.00285961
-4.69 0.00291536
-4.68 0.00297207
-4.67 0.00302975
-4.66 0.00308842
-4.65 0.0031481
-4.64 0.00320878
-4.63 0.0032705
-4.62 0.00333326
-4.61 0.00339708
-4.6 0.00346198
-4.59 0.00352796
-4.58 0.00359504
-4.57 0.00366325
-4.56 0.00373259
-4.55 0.00380308
-4.54 0.00387473
-4.53 0.00394757
-4.52 0.0040216
-4.51 0.00409685
-4.5 0.00417332
-4.49 0.00425104
-4.48 0.00433003
-4.47 0.00441029
-4.46 0.00449185
-4.45 0.00457472
-4.44 0.00465892
-4.43 0.00474447
-4.42 0.00483138
-4.41 0.00491968
-4.4 0.00500937
-4.39 0.00510049
-4.38 0.00519303
-4.37 0.00528704
-4.36 0.00538251
-4.35 0.00547947
-4.34 0.00557795
-4.33 0.00567795
-4.32 0.00577949
-4.31 0.00588261
-4.3 0.0059873
-4.29 0.00609361
-4.28 0.00620153
-4.27 0.0063111
-4.26 0.00642232
-4.25 0.00653524
-4.24 0.00664985
-4.23 0.00676618
-4.22 0.00688426
-4.21 0.0070041
-4.2 0.00712572
-4.19 0.00724915
-4.18 0.0073744
-4.17 0.0075015
-4.16 0.00763046
-4.15 0.00776131
-4.14 0.00789407
-4.13 0.00802875
-4.12 0.00816539
-4.11 0.008304
-4.1 0.00844461
-4.09 0.00858723
-4.08 0.00873189
-4.07 0.00887861
-4.06 0.00902742
-4.05 0.00917832
-4.04 0.00933136
-4.03 0.00948654
-4.02 0.00964389
-4.01 0.00980344
-4 0.00996521
-3.99 0.0101292
-3.98 0.0102955
-3.97 0.010464
-3.96 0.0106349
-3.95 0.0108081
-3.94 0.0109837
-3.93 0.0111616
-3.92 0.0113419
-3.91 0.0115247
-3.9 0.0117099
-3.89 0.0118976
-3.88 0.0120878
-3.87 0.0122805
-3.86 0.0124757
-3.85 0.0126735
-3.84 0.0128739
-3.83 0.013077
-3.82 0.0132826
-3.81 0.0134909
-3.8 0.013702
-3.79 0.0139157
-3.78 0.0141322
-3.77 0.0143514
-3.76 0.0145734
-3.75 0.0147982
-3.74 0.0150259
-3.73 0.0152564
-3.72 0.0154898
-3.71 0.0157261
-3.7 0.0159654
-3.69 0.0162076
-3.68 0.0164527
-3.67 0.0167009
-3.66 0.0169522
-3.65 0.0172064
-3.64 0.0174638
-3.63 0.0177242
-3.62 0.0179878
-3.61 0.0182545
-3.6 0.0185244
-3.59 0.0187976
-3.58 0.0190739
-3.57 0.0193535
-3.56 0.0196363
-3.55 0.0199225
-3.54 0.020212
-3.53 0.0205048
-3.52 0.020801
-3.51 0.0211005
-3.5 0.0214035
-3.49 0.02171
-3.48 0.0220199
-3.47 0.0223332
-3.46 0.0226501
-3.45 0.0229706
-3.44 0.0232945
-3.43 0.0236221
-3.42 0.0239533
-3.41 0.0242881
-3.4 0.0246265
-3.39 0.0249686
-3.38 0.0253144
-3.37 0.0256639
-3.36 0.0260172
-3.35 0.0263742
-3.34 0.026735
-3.33 0.0270996
-3.32 0.027468
-3.31 0.0278402
-3.3 0.0282164
-3.29 0.0285964
-3.28 0.0289803
-3.27 0.0293681
-3.26 0.0297599
-3.25 0.0301557
-3.24 0.0305554
-3.23 0.0309592
-3.22 0.031367
-3.21 0.0317788
-3.2 0.0321947
-3.19 0.0326146
-3.18 0.0330387
-3.17 0.0334669
-3.16 0.0338992
-3.15 0.0343357
-3.14 0.0347763
-3.13 0.0352212
-3.12 0.0356702
-3.11 0.0361235
-3.1 0.036581
-3.09 0.0370427
-3.08 0.0375087
-3.07 0.037979
-3.06 0.0384536
-3.05 0.0389326
-3.04 0.0394158
-3.03 0.0399034
-3.02 0.0403953
-3.01 0.0408916
-3 0.0413922
-2.99 0.0418973
-2.98 0.0424067
-2.97 0.0429206
-2.96 0.0434389
-2.95 0.0439616
-2.94 0.0444888
-2.93 0.0450204
-2.92 0.0455565
-2.91 0.0460971
-2.9 0.0466421
-2.89 0.0471916
-2.88 0.0477457
-2.87 0.0483042
-2.86 0.0488672
-2.85 0.0494348
-2.84 0.0500068
-2.83 0.0505834
-2.82 0.0511645
-2.81 0.0517502
-2.8 0.0523404
-2.79 0.0529351
-2.78 0.0535344
-2.77 0.0541382
-2.76 0.0547466
-2.75 0.0553595
-2.74 0.055977
-2.73 0.056599
-2.72 0.0572256
-2.71 0.0578567
-2.7 0.0584924
-2.69 0.0591326
-2.68 0.0597773
-2.67 0.0604266
-2.66 0.0610804
-2.65 0.0617387
-2.64 0.0624016
-2.63 0.063069
-2.62 0.0637408
-2.61 0.0644172
-2.6 0.0650981
-2.59 0.0657835
-2.58 0.0664733
-2.57 0.0671676
-2.56 0.0678664
-2.55 0.0685696
-2.54 0.0692773
-2.53 0.0699893
-2.52 0.0707058
-2.51 0.0714267
-2.5 0.072152
-2.49 0.0728816
-2.48 0.0736156
-2.47 0.0743539
-2.46 0.0750965
-2.45 0.0758435
-2.44 0.0765947
-2.43 0.0773502
-2.42 0.0781099
-2.41 0.0788738
-2.4 0.079642
-2.39 0.0804143
-2.38 0.0811908
-2.37 0.0819715
-2.36 0.0827562
-2.35 0.0835451
-2.34 0.0843379
-2.33 0.0851349
-2.32 0.0859358
-2.31 0.0867407
-2.3 0.0875496
-2.29 0.0883624
-2.28 0.0891791
-2.27 0.0899996
-2.26 0.090824
-2.25 0.0916522
-2.24 0.0924842
-2.23 0.0933199
-2.22 0.0941593
-2.21 0.0950023
-2.2 0.095849
-2.19 0.0966993
-2.18 0.0975531
-2.17 0.0984105
-2.16 0.0992713
-2.15 0.100136
-2.14 0.101003
-2.13 0.101874
-2.12 0.102749
-2.11 0.103626
-2.1 0.104507
-2.09 0.105391
-2.08 0.106278
-2.07 0.107169
-2.06 0.108062
-2.05 0.108958
-2.04 0.109858
-2.03 0.11076
-2.02 0.111665
-2.01 0.112573
-2 0.113483
-1.99 0.114397
-1.98 0.115313
-1.97 0.116231
-1.96 0.117153
-1.95 0.118076
-1.94 0.119002
-1.93 0.119931
-1.92 0.120862
-1.91 0.121795
-1.9 0.12273
-1.89 0.123667
-1.88 0.124607
-1.87 0.125549
-1.86 0.126492
-1.85 0.127438
-1.84 0.128385
-1.83 0.129334
-1.82 0.130285
-1.81 0.131237
-1.8 0.132192
-1.79 0.133147
-1.78 0.134104
-1.77 0.135063
-1.76 0.136023
-1.75 0.136984
-1.74 0.137946
-1.73 0.13891
-1.72 0.139874
-1.71 0.14084
-1.7 0.141806
-1.69 0.142773
-1.68 0.143741
-1.67 0.14471
-1.66 0.145679
-1.65 0.146649
-1.64 0.14762
-1.63 0.148591
-1.62 0.149562
-1.61 0.150533
-1.6 0.151505
-1.59 0.152476
-1.58 0.153448
-1.57 0.15442
-1.56 0.155391
-1.55 0.156363
-1.54 0.157334
-1.53 0.158304
-1.52 0.159275
-1.51 0.160244
-1.5 0.161214
-1.49 0.162182
-1.48 0.16315
-1.47 0.164116
-1.46 0.165082
-1.45 0.166047
-1.44 0.167011
-1.43 0.167973
-1.42 0.168935
-1.41 0.169895
-1.4 0.170853
-1.39 0.17181
-1.38 0.172766
-1.37 0.173719
-1.36 0.174671
-1.35 0.175621
-1.34 0.17657
-1.33 0.177516
-1.32 0.17846
-1.31 0.179401
-1.3 0.180341
-1.29 0.181278
-1.28 0.182213
-1.27 0.183145
-1.26 0.184074
-1.25 0.185001
-1.24 0.185925
-1.23 0.186846
-1.22 0.187764
-1.21 0.188679
-1.2 0.18959
-1.19 0.190499
-1.18 0.191404
-1.17 0.192306
-1.16 0.193204
-1.15 0.194099
-1.14 0.194989
-1.13 0.195877
-1.12 0.19676
-1.11 0.197639
-1.1 0.198514
-1.09 0.199386
-1.08 0.200252
-1.07 0.201115
-1.06 0.201973
-1.05 0.202827
-1.04 0.203676
-1.03 0.204521
-1.02 0.20536
-1.01 0.206195
-1 0.207025
-0.99 0.207851
-0.98 0.20867
-0.97 0.209485
-0.96 0.210295
-0.95 0.211099
-0.94 0.211898
-0.93 0.212691
-0.92 0.213479
-0.91 0.214261
-0.9 0.215037
-0.89 0.215807
-0.88 0.216572
-0.87 0.21733
-0.86 0.218083
-0.85 0.218829
-0.84 0.219569
-0.83 0.220303
-0.82 0.22103
-0.81 0.221751
-0.8 0.222465
-0.79 0.223173
-0.78 0.223874
-0.77 0.224568
-0.76 0.225255
-0.75 0.225935
-0.74 0.226609
-0.73 0.227275
-0.72 0.227934
-0.71 0.228586
-0.7 0.22923
-0.69 0.229867
-0.68 0.230497
-0.67 0.231119
-0.66 0.231734
-0.65 0.232341
-0.64 0.23294
-0.63 0.233531
-0.62 0.234115
-0.61 0.23469
-0.6 0.235258
-0.59 0.235817
-0.58 0.236369
-0.57 0.236912
-0.56 0.237447
-0.55 0.237974
-0.54 0.238492
-0.53 0.239002
-0.52 0.239504
-0.51 0.239996
-0.5 0.240481
-0.49 0.240956
-0.48 0.241423
-0.47 0.241882
-0.46 0.242331
-0.45 0.242771
-0.44 0.243203
-0.43 0.243626
-0.42 0.244039
-0.41 0.244444
-0.4 0.244839
-0.39 0.245226
-0.38 0.245603
-0.37 0.245971
-0.36 0.246329
-0.35 0.246678
-0.34 0.247018
-0.33 0.247349
-0.32 0.24767
-0.31 0.247981
-0.3 0.248283
-0.29 0.248576
-0.28 0.248859
-0.27 0.249132
-0.26 0.249396
-0.25 0.249649
-0.24 0.249894
-0.23 0.250128
-0.22 0.250353
-0.21 0.250568
-0.2 0.250773
-0.19 0.250968
-0.18 0.251153
-0.17 0.251329
-0.16 0.251494
-0.15 0.25165
-0.14 0.251795
-0.13 0.251931
-0.12 0.252057
-0.11 0.252173
-0.1 0.252278
-0.09 0.252374
-0.08 0.252459
-0.07 0.252535
-0.06 0.252601
-0.05 0.252656
-0.04 0.252701
-0.03 0.252737
-0.02 0.252762
-0.01 0.252777
0 0.252782
0.01 0.252777
0.02 0.252762
0.03 0.252737
0.04 0.252701
0.05 0.252656
0.06 0.252601
0.07 0.252535
0.08 0.252459
0.09 0.252374
0.1 0.252278
0.11 0.252173
0.12 0.252057
0.13 0.251931
0.14 0.251795
0.15 0.25165
0.16 0.251494
0.17 0.251329
0.18 0.251153
0.19 0.250968
0.2 0.250773
0.21 0.250568
0.22 0.250353
0.23 0.250128
0.24 0.249894
0.25 0.249649
0.26 0.249396
0.27 0.249132
0.28 0.248859
0.29 0.248576
0.3 0.248283
0.31 0.247981
0.32 0.24767
0.33 0.247349
0.34 0.247018
0.35 0.246678
0.36 0.246329
0.37 0.245971
0.38 0.245603
0.39 0.245226
0.4 0.244839
0.41 0.244444
0.42 0.244039
0.43 0.243626
0.44 0.243203
0.45 0.242771
0.46 0.242331
0.47 0.241882
0.48 0.241423
0.49 0.240956
0.5 0.240481
0.51 0.239996
0.52 0.239504
0.53 0.239002
0.54 0.238492
0.55 0.237974
0.56 0.237447
0.57 0.236912
0.58 0.236369
0.59 0.235817
0.6 0.235258
0.61 0.23469
0.62 0.234115
0.63 0.233531
0.64 0.23294
0.65 0.232341
0.66 0.231734
0.67 0.231119
0.68 0.230497
0.69 0.229867
0.7 0.22923
0.71 0.228586
0.72 0.227934
0.73 0.227275
0.74 0.226609
0.75 0.225935
0.76 0.225255
0.77 0.224568
0.78 0.223874
0.79 0.223173
0.8 0.222465
0.81 0.221751
0.82 0.22103
0.83 0.220303
0.84 0.219569
0.85 0.218829
0.86 0.218083
0.87 0.21733
0.88 0.216572
0.89 0.215807
0.9 0.215037
0.91 0.214261
0.92 0.213479
0.93 0.212691
0.94 0.211898
0.95 0.211099
0.96 0.210295
0.97 0.209485
0.98 0.20867
0.99 0.207851
1 0.207025
1.01 0.206195
1.02 0.20536
1.03 0.204521
1.04 0.203676
1.05 0.202827
1.06 0.201973
1.07 0.201115
1.08 0.200252
1.09 0.199386
1.1 0.198514
1.11 0.197639
1.12 0.19676
1.13 0.195877
1.14 0.194989
1.15 0.194099
1.16 0.193204
1.17 0.192306
1.18 0.191404
1.19 0.190499
1.2 0.18959
1.21 0.188679
1.22 0.187764
1.23 0.186846
1.24 0.185925
1.25 0.185001
1.26 0.184074
1.27 0.183145
1.28 0.182213
1.29 0.181278
1.3 0.180341
1.31 0.179401
1.32 0.17846
1.33 0.177516
1.34 0.17657
1.35 0.175621
1.36 0.174671
1.37 0.173719
1.38 0.172766
1.39 0.17181
1.4 0.170853
1.41 0.169895
1.42 0.168935
1.43 0.167973
1.44 0.167011
1.45 0.166047
1.46 0.165082
1.47 0.164116
1.48 0.16315
1.49 0.162182
1.5 0.161214
1.51 0.160244
1.52 0.159275
1.53 0.158304
1.54 0.157334
1.55 0.156363
1.56 0.155391
1.57 0.15442
1.58 0.153448
1.59 0.152476
1.6 0.151505
1.61 0.150533
1.62 0.149562
1.63 0.148591
1.64 0.14762
1.65 0.146649
1.66 0.145679
1.67 0.14471
1.68 0.143741
1.69 0.142773
1.7 0.141806
1.71 0.14084
1.72 0.139874
1.73 0.13891
1.74 0.137946
1.75 0.136984
1.76 0.136023
1.77 0.135063
1.78 0.134104
1.79 0.133147
1.8 0.132192
1.81 0.131237
1.82 0.130285
1.83 0.129334
1.84 0.128385
1.85 0.127438
1.86 0.126492
1.87 0.125549
1.88 0.124607
1.89 0.123667
1.9 0.12273
1.91 0.121795
1.92 0.120862
1.93 0.119931
1.94 0.119002
1.95 0.118076
1.96 0.117153
1.97 0.116231
1.98 0.115313
1.99 0.114397
2 0.113483
2.01 0.112573
2.02 0.111665
2.03 0.11076
2.04 0.109858
2.05 0.108958
2.06 0.108062
2.07 0.107169
2.08 0.106278
2.09 0.105391
2.1 0.104507
2.11 0.103626
2.12 0.102749
2.13 0.101874
2.14 0.101003
2.15 0.100136
2.16 0.0992713
2.17 0.0984105
2.18 0.0975531
2.19 0.0966993
2.2 0.095849
2.21 0.0950023
2.22 0.0941593
2.23 0.0933199
2.24 0.0924842
2.25 0.0916522
2.26 0.090824
2.27 0.0899996
2.28 0.0891791
2.29 0.0883624
2.3 0.0875496
2.31 0.0867407
2.32 0.0859358
2.33 0.0851349
2.34 0.0843379
2.35 0.0835451
2.36 0.0827562
2.37 0.0819715
2.38 0.0811908
2.39 0.0804143
2.4 0.079642
2.41 0.0788738
2.42 0.0781099
2.43 0.0773502
2.44 0.0765947
2.45 0.0758435
2.46 0.0750965
2.47 0.0743539
2.48 0.0736156
2.49 0.0728816
2.5 0.072152
2.51 0.0714267
2.52 0.0707058
2.53 0.0699893
2.54 0.0692773
2.55 0.0685696
2.56 0.0678664
2.57 0.0671676
2.58 0.0664733
2.59 0.0657835
2.6 0.0650981
2.61 0.0644172
2.62 0.0637408
2.63 0.063069
2.64 0.0624016
2.65 0.0617387
2.66 0.0610804
2.67 0.0604266
2.68 0.0597773
2.69 0.0591326
2.7 0.0584924
2.71 0.0578567
2.72 0.0572256
2.73 0.056599
2.74 0.055977
2.75 0.0553595
2.76 0.0547466
2.77 0.0541382
2.78 0.0535344
2.79 0.0529351
2.8 0.0523404
2.81 0.0517502
2.82 0.0511645
2.83 0.0505834
2.84 0.0500068
2.85 0.0494348
2.86 0.0488672
2.87 0.0483042
2.88 0.0477457
2.89 0.0471916
2.9 0.0466421
2.91 0.0460971
2.92 0.0455565
2.93 0.0450204
2.94 0.0444888
2.95 0.0439616
2.96 0.0434389
2.97 0.0429206
2.98 0.0424067
2.99 0.0418973
3 0.0413922
3.01 0.0408916
3.02 0.0403953
3.03 0.0399034
3.04 0.0394158
3.05 0.0389326
3.06 0.0384536
3.07 0.037979
3.08 0.0375087
3.09 0.0370427
3.1 0.036581
3.11 0.0361235
3.12 0.0356702
3.13 0.0352212
3.14 0.0347763
3.15 0.0343357
3.16 0.0338992
3.17 0.0334669
3.18 0.0330387
3.19 0.0326146
3.2 0.0321947
3.21 0.0317788
3.22 0.031367
3.23 0.0309592
3.24 0.0305554
3.25 0.0301557
3.26 0.0297599
3.27 0.0293681
3.28 0.0289803
3.29 0.0285964
3.3 0.0282164
3.31 0.0278402
3.32 0.027468
3.33 0.0270996
3.34 0.026735
3.35 0.0263742
3.36 0.0260172
3.37 0.0256639
3.38 0.0253144
3.39 0.0249686
3.4 0.0246265
3.41 0.0242881
3.42 0.0239533
3.43 0.0236221
3.44 0.0232945
3.45 0.0229706
3.46 0.0226501
3.47 0.0223332
3.48 0.0220199
3.49 0.02171
3.5 0.0214035
3.51 0.0211005
3.52 0.020801
3.53 0.0205048
3.54 0.020212
3.55 0.0199225
3.56 0.0196363
3.57 0.0193535
3.58 0.0190739
3.59 0.0187976
3.6 0.0185244
3.61 0.0182545
3.62 0.0179878
3.63 0.0177242
3.64 0.0174638
3.65 0.0172064
3.66 0.0169522
3.67 0.0167009
3.68 0.0164527
3.69 0.0162076
3.7 0.0159654
3.71 0.0157261
3.72 0.0154898
3.73 0.0152564
3.74 0.0150259
3.75 0.0147982
3.76 0.0145734
3.77 0.0143514
3.78 0.0141322
3.79 0.0139157
3.8 0.013702
3.81 0.0134909
3.82 0.0132826
3.83 0.013077
3.84 0.0128739
3.85 0.0126735
3.86 0.0124757
3.87 0.0122805
3.88 0.0120878
3.89 0.0118976
3.9 0.0117099
3.91 0.0115247
3.92 0.0113419
3.93 0.0111616
3.94 0.0109837
3.95 0.0108081
3.96 0.0106349
3.97 0.010464
3.98 0.0102955
3.99 0.0101292
4 0.00996521
4.01 0.00980344
4.02 0.00964389
4.03 0.00948654
4.04 0.00933136
4.05 0.00917832
4.06 0.00902742
4.07 0.00887861
4.08 0.00873189
4.09 0.00858723
4.1 0.00844461
4.11 0.008304
4.12 0.00816539
4.13 0.00802875
4.14 0.00789407
4.15 0.00776131
4.16 0.00763046
4.17 0.0075015
4.18 0.0073744
4.19 0.00724915
4.2 0.00712572
4.21 0.0070041
4.22 0.00688426
4.23 0.00676618
4.24 0.00664985
4.25 0.00653524
4.26 0.00642232
4.27 0.0063111
4.28 0.00620153
4.29 0.00609361
4.3 0.0059873
4.31 0.00588261
4.32 0.00577949
4.33 0.00567795
4.34 0.00557795
4.35 0.00547947
4.36 0.00538251
4.37 0.00528704
4.38 0.00519303
4.39 0.00510049
4.4 0.00500937
4.41 0.00491968
4.42 0.00483138
4.43 0.00474447
4.44 0.00465892
4.45 0.00457472
4.46 0.00449185
4.47 0.00441029
4.48 0.00433003
4.49 0.00425104
4.5 0.00417332
4.51 0.00409685
4.52 0.0040216
4.53 0.00394757
4.54 0.00387473
4.55 0.00380308
4.56 0.00373259
4.57 0.00366325
4.58 0.00359504
4.59 0.00352796
4.6 0.00346198
4.61 0.00339708
4.62 0.00333326
4.63 0.0032705
4.64 0.00320878
4.65 0.0031481
4.66 0.00308842
4.67 0.00302975
4.68 0.00297207
4.69 0.00291536
4.7 0.00285961
4.71 0.0028048
4.72 0.00275093
4.73 0.00269798
4.74 0.00264593
4.75 0.00259477
4.76 0.0025445
4.77 0.00249509
4.78 0.00244653
4.79 0.00239882
4.8 0.00235194
4.81 0.00230587
4.82 0.00226061
4.83 0.00221615
4.84 0.00217246
4.85 0.00212954
4.86 0.00208739
4.87 0.00204597
4.88 0.0020053
4.89 0.00196535
4.9 0.00192611
4.91 0.00188757
4.92 0.00184972
4.93 0.00181256
4.94 0.00177607
4.95 0.00174023
4.96 0.00170505
4.97 0.0016705
4.98 0.00163659
4.99 0.00160329
5 0.0015706
5.01 0.00153852
5.02 0.00150702
5.03 0.00147611
5.04 0.00144576
5.05 0.00141598
5.06 0.00138676
5.07 0.00135807
5.08 0.00132993
5.09 0.00130231
5.1 0.00127521
5.11 0.00124862
5.12 0.00122253
5.13 0.00119693
5.14 0.00117182
5.15 0.00114719
5.16 0.00112303
5.17 0.00109933
5.18 0.00107608
5.19 0.00105328
5.2 0.00103091
5.21 0.00100898
5.22 0.000987473
5.23 0.000966381
5.24 0.000945699
5.25 0.00092542
5.26 0.000905537
5.27 0.000886042
5.28 0.00086693
5.29 0.000848193
5.3 0.000829825
5.31 0.00081182
5.32 0.000794171
5.33 0.000776872
5.34 0.000759917
5.35 0.0007433
5.36 0.000727015
5.37 0.000711056
5.38 0.000695417
5.39 0.000680093
5.4 0.000665077
5.41 0.000650365
5.42 0.000635951
5.43 0.000621829
5.44 0.000607994
5.45 0.000594442
5.46 0.000581166
5.47 0.000568163
5.48 0.000555426
5.49 0.000542951
5.5 0.000530733
5.51 0.000518768
5.52 0.00050705
5.53 0.000495576
5.54 0.00048434
5.55 0.000473339
5.56 0.000462567
5.57 0.000452021
5.58 0.000441696
5.59 0.000431588
5.6 0.000421693
5.61 0.000412007
5.62 0.000402526
5.63 0.000393246
5.64 0.000384164
5.65 0.000375275
5.66 0.000366575
5.67 0.000358062
5.68 0.000349731
5.69 0.00034158
5.7 0.000333603
5.71 0.000325799
5.72 0.000318164
5.73 0.000310694
5.74 0.000303386
5.75 0.000296237
5.76 0.000289244
5.77 0.000282404
5.78 0.000275714
5.79 0.00026917
5.8 0.00026277
5.81 0.000256511
5.82 0.000250391
5.83 0.000244406
5.84 0.000238553
5.85 0.000232831
5.86 0.000227235
5.87 0.000221765
5.88 0.000216417
5.89 0.000211189
5.9 0.000206078
5.91 0.000201082
5.92 0.000196198
5.93 0.000191425
5.94 0.00018676
5.95 0.0001822
5.96 0.000177744
5.97 0.00017339
5.98 0.000169135
5.99 0.000164977
