-6 4.1616e-10
-5.99 4.4328e-10
-5.98 4.72117e-10
-5.97 5.02778e-10
-5.96 5.35373e-10
-5.95 5.70021e-10
-5.94 6.06848e-10
-5.93 6.45986e-10
-5.92 6.87575e-10
-5.91 7.31765e-10
-5.9 7.78714e-10
-5.89 8.28587e-10
-5.88 8.81561e-10
-5.87 9.37823e-10
-5.86 9.97572e-10
-5.85 1.06101e-09
-5.84 1.12837e-09
-5.83 1.19988e-09
-5.82 1.27579e-09
-5.81 1.35635e-09
-5.8 1.44185e-09
-5.79 1.53258e-09
-5.78 1.62885e-09
-5.77 1.73098e-09
-5.76 1.83932e-09
-5.75 1.95424e-09
-5.74 2.07612e-09
-5.73 2.20537e-09
-5.72 2.34241e-09
-5.71 2.48771e-09
-5.7 2.64175e-09
-5.69 2.80503e-09
-5.68 2.97808e-09
-5.67 3.16148e-09
-5.66 3.35582e-09
-5.65 3.56174e-09
-5.64 3.77988e-09
-5.63 4.01097e-09
-5.62 4.25574e-09
-5.61 4.51497e-09
-5.6 4.78948e-09
-5.59 5.08015e-09
-5.58 5.38789e-09
-5.57 5.71368e-09
-5.56 6.05852e-09
-5.55 6.4235e-09
-5.54 6.80975e-09
-5.53 7.21847e-09
-5.52 7.65091e-09
-5.51 8.1084e-09
-5.5 8.59235e-09
-5.49 9.10422e-09
-5.48 9.64557e-09
-5.47 1.0218e-08
-5.46 1.08233e-08
-5.45 1.14633e-08
-5.44 1.21398e-08
-5.43 1.28549e-08
-5.42 1.36106e-08
-5.41 1.44093e-08
-5.4 1.52532e-08
-5.39 1.61449e-08
-5.38 1.70869e-08
-5.37 1.80819e-08
-5.36 1.91329e-08
-5.35 2.02429e-08
-5.34 2.14149e-08
-5.33 2.26525e-08
-5.32 2.3959e-08
-5.31 2.53383e-08
-5.3 2.67941e-08
-5.29 2.83305e-08
-5.28 2.99519e-08
-5.27 3.16628e-08
-5.26 3.34679e-08
-5.25 3.53722e-08
-5.24 3.73809e-08
-5.23 3.94994e-08
-5.22 4.17337e-08
-5.21 4.40897e-08
-5.2 4.65738e-08
-5.19 4.91927e-08
-5.18 5.19534e-08
-5.17 5.48632e-08
-5.16 5.79299e-08
-5.15 6.11615e-08
-5.14 6.45667e-08
-5.13 6.81542e-08
-5.12 7.19336e-08
-5.11 7.59144e-08
-5.1 8.01072e-08
-5.09 8.45226e-08
-5.08 8.91721e-08
-5.07 9.40673e-08
-5.06 9.92209e-08
-5.05 1.04646e-07
-5.04 1.10356e-07
-5.03 1.16365e-07
-5.02 1.22688e-07
-5.01 1.29342e-07
-5 1.36342e-07
-4.99 1.43705e-07
-4.98 1.5145e-07
-4.97 1.59596e-07
-4.96 1.68163e-07
-4.95 1.7717e-07
-4.94 1.86641e-07
-4.93 1.96597e-07
-4.92 2.07062e-07
-4.91 2.18061e-07
-4.9 2.29621e-07
-4.89 2.41767e-07
-4.88 2.5453e-07
-4.87 2.67938e-07
-4.86 2.82023e-07
-4.85 2.96816e-07
-4.84 3.12353e-07
-4.83 3.28669e-07
-4.82 3.458e-07
-4.81 3.63786e-07
-4.8 3.82667e-07
-4.79 4.02485e-07
-4.78 4.23286e-07
-4.77 4.45115e-07
-4.76 4.6802e-07
-4.75 4.92052e-07
-4.74 5.17263e-07
-4.73 5.43709e-07
-4.72 5.71447e-07
-4.71 6.00536e-07
-4.7 6.3104e-07
-4.69 6.63024e-07
-4.68 6.96555e-07
-4.67 7.31705e-07
-4.66 7.68548e-07
-4.65 8.07161e-07
-4.64 8.47625e-07
-4.63 8.90023e-07
-4.62 9.34444e-07
-4.61 9.80978e-07
-4.6 1.02972e-06
-4.59 1.08077e-06
-4.58 1.13424e-06
-4.57 1.19022e-06
-4.56 1.24883e-06
-4.55 1.3102e-06
-4.54 1.37443e-06
-4.53 1.44166e-06
-4.52 1.51202e-06
-4.51 1.58565e-06
-4.5 1.66268e-06
-4.49 1.74328e-06
-4.48 1.82759e-06
-4.47 1.91577e-06
-4.46 2.008e-06
-4.45 2.10445e-06
-4.44 2.2053e-06
-4.43 2.31074e-06
-4.42 2.42096e-06
-4.41 2.53618e-06
-4.4 2.6566e-06
-4.39 2.78244e-06
-4.38 2.91394e-06
-4.37 3.05133e-06
-4.36 3.19486e-06
-4.35 3.34479e-06
-4.34 3.50139e-06
-4.33 3.66493e-06
-4.32 3.83571e-06
-4.31 4.01402e-06
-4.3 4.20018e-06
-4.29 4.39451e-06
-4.28 4.59735e-06
-4.27 4.80905e-06
-4.26 5.02996e-06
-4.25 5.26047e-06
-4.24 5.50096e-06
-4.23 5.75184e-06
-4.22 6.01353e-06
-4.21 6.28646e-06
-4.2 6.57109e-06
-4.19 6.86788e-06
-4.18 7.17732e-06
-4.17 7.49992e-06
-4.16 7.83618e-06
-4.15 8.18667e-06
-4.14 8.55192e-06
-4.13 8.93254e-06
-4.12 9.32911e-06
-4.11 9.74226e-06
-4.1 1.01726e-05
-4.09 1.06209e-05
-4.08 1.10878e-05
-4.07 1.15739e-05
-4.06 1.20801e-05
-4.05 1.26071e-05
-4.04 1.31558e-05
-4.03 1.37268e-05
-4.02 1.43211e-05
-4.01 1.49396e-05
-4 1.55832e-05
-3.99 1.62527e-05
-3.98 1.69493e-05
-3.97 1.76738e-05
-3.96 1.84274e-05
-3.95 1.92111e-05
-3.94 2.0026e-05
-3.93 2.08733e-05
-3.92 2.17541e-05
-3.91 2.26697e-05
-3.9 2.36214e-05
-3.89 2.46104e-05
-3.88 2.56381e-05
-3.87 2.67059e-05
-3.86 2.78153e-05
-3.85 2.89677e-05
-3.84 3.01647e-05
-3.83 3.14078e-05
-3.82 3.26988e-05
-3.81 3.40392e-05
-3.8 3.54308e-05
-3.79 3.68754e-05
-3.78 3.83749e-05
-3.77 3.99311e-05
-3.76 4.15461e-05
-3.75 4.32219e-05
-3.74 4.49605e-05
-3.73 4.67641e-05
-3.72 4.86349e-05
-3.71 5.05753e-05
-3.7 5.25876e-05
-3.69 5.46741e-05
-3.68 5.68375e-05
-3.67 5.90802e-05
-3.66 6.14049e-05
-3.65 6.38145e-05
-3.64 6.63115e-05
-3.63 6.88991e-05
-3.62 7.15801e-05
-3.61 7.43575e-05
-3.6 7.72346e-05
-3.59 8.02146e-05
-3.58 8.33007e-05
-3.57 8.64965e-05
-3.56 8.98055e-05
-3.55 9.32312e-05
-3.54 9.67774e-05
-3.53 0.000100448
-3.52 0.000104247
-3.51 0.000108178
-3.5 0.000112245
-3.49 0.000116453
-3.48 0.000120806
-3.47 0.000125309
-3.46 0.000129966
-3.45 0.000134781
-3.44 0.000139761
-3.43 0.000144909
-3.42 0.000150231
-3.41 0.000155732
-3.4 0.000161417
-3.39 0.000167292
-3.38 0.000173363
-3.37 0.000179636
-3.36 0.000186115
-3.35 0.000192808
-3.34 0.000199721
-3.33 0.00020686
-3.32 0.000214231
-3.31 0.000221842
-3.3 0.000229699
-3.29 0.000237809
-3.28 0.000246179
-3.27 0.000254817
-3.26 0.000263731
-3.25 0.000272928
-3.24 0.000282415
-3.23 0.000292202
-3.22 0.000302296
-3.21 0.000312706
-3.2 0.00032344
-3.19 0.000334507
-3.18 0.000345917
-3.17 0.000357678
-3.16 0.0003698
-3.15 0.000382293
-3.14 0.000395166
-3.13 0.00040843
-3.12 0.000422094
-3.11 0.000436169
-3.1 0.000450667
-3.09 0.000465597
-3.08 0.000480971
-3.07 0.000496801
-3.06 0.000513097
-3.05 0.000529873
-3.04 0.000547139
-3.03 0.000564908
-3.02 0.000583193
-3.01 0.000602006
-3 0.000621361
-2.99 0.000641271
-2.98 0.000661749
-2.97 0.000682808
-2.96 0.000704464
-2.95 0.00072673
-2.94 0.000749622
-2.93 0.000773152
-2.92 0.000797337
-2.91 0.000822193
-2.9 0.000847733
-2.89 0.000873976
-2.88 0.000900935
-2.87 0.000928629
-2.86 0.000957072
-2.85 0.000986284
-2.84 0.00101628
-2.83 0.00104708
-2.82 0.00107869
-2.81 0.00111115
-2.8 0.00114446
-2.79 0.00117865
-2.78 0.00121373
-2.77 0.00124972
-2.76 0.00128664
-2.75 0.00132452
-2.74 0.00136336
-2.73 0.0014032
-2.72 0.00144405
-2.71 0.00148593
-2.7 0.00152887
-2.69 0.00157288
-2.68 0.00161798
-2.67 0.00166421
-2.66 0.00171158
-2.65 0.0017601
-2.64 0.00180982
-2.63 0.00186074
-2.62 0.0019129
-2.61 0.0019663
-2.6 0.00202099
-2.59 0.00207698
-2.58 0.0021343
-2.57 0.00219296
-2.56 0.002253
-2.55 0.00231444
-2.54 0.00237731
-2.53 0.00244163
-2.52 0.00250742
-2.51 0.00257472
-2.5 0.00264354
-2.49 0.00271392
-2.48 0.00278587
-2.47 0.00285944
-2.46 0.00293463
-2.45 0.00301149
-2.44 0.00309004
-2.43 0.0031703
-2.42 0.0032523
-2.41 0.00333607
-2.4 0.00342164
-2.39 0.00350903
-2.38 0.00359828
-2.37 0.00368941
-2.36 0.00378245
-2.35 0.00387742
-2.34 0.00397437
-2.33 0.0040733
-2.32 0.00417426
-2.31 0.00427728
-2.3 0.00438237
-2.29 0.00448957
-2.28 0.00459891
-2.27 0.00471042
-2.26 0.00482412
-2.25 0.00494005
-2.24 0.00505823
-2.23 0.00517869
-2.22 0.00530147
-2.21 0.00542658
-2.2 0.00555406
-2.19 0.00568393
-2.18 0.00581623
-2.17 0.00595099
-2.16 0.00608822
-2.15 0.00622796
-2.14 0.00637024
-2.13 0.00651509
-2.12 0.00666252
-2.11 0.00681258
-2.1 0.00696528
-2.09 0.00712065
-2.08 0.00727872
-2.07 0.00743952
-2.06 0.00760307
-2.05 0.0077694
-2.04 0.00793853
-2.03 0.00811048
-2.02 0.00828529
-2.01 0.00846298
-2 0.00864357
-1.99 0.00882708
-1.98 0.00901353
-1.97 0.00920296
-1.96 0.00939538
-1.95 0.00959081
-1.94 0.00978927
-1.93 0.00999079
-1.92 0.0101954
-1.91 0.0104031
-1.9 0.0106139
-1.89 0.0108278
-1.88 0.0110449
-1.87 0.0112651
-1.86 0.0114886
-1.85 0.0117152
-1.84 0.011945
-1.83 0.0121781
-1.82 0.0124144
-1.81 0.012654
-1.8 0.0128968
-1.79 0.0131429
-1.78 0.0133923
-1.77 0.013645
-1.76 0.013901
-1.75 0.0141602
-1.74 0.0144229
-1.73 0.0146888
-1.72 0.0149581
-1.71 0.0152307
-1.7 0.0155066
-1.69 0.0157859
-1.68 0.0160685
-1.67 0.0163544
-1.66 0.0166437
-1.65 0.0169363
-1.64 0.0172322
-1.63 0.0175315
-1.62 0.0178341
-1.61 0.01814
-1.6 0.0184492
-1.59 0.0187617
-1.58 0.0190775
-1.57 0.0193965
-1.56 0.0197188
-1.55 0.0200444
-1.54 0.0203732
-1.53 0.0207052
-1.52 0.0210404
-1.51 0.0213787
-1.5 0.0217203
-1.49 0.0220649
-1.48 0.0224127
-1.47 0.0227635
-1.46 0.0231174
-1.45 0.0234744
-1.44 0.0238343
-1.43 0.0241972
-1.42 0.024563
-1.41 0.0249318
-1.4 0.0253034
-1.39 0.0256779
-1.38 0.0260551
-1.37 0.0264351
-1.36 0.0268179
-1.35 0.0272033
-1.34 0.0275913
-1.33 0.027982
-1.32 0.0283751
-1.31 0.0287708
-1.3 0.0291689
-1.29 0.0295694
-1.28 0.0299723
-1.27 0.0303774
-1.26 0.0307848
-1.25 0.0311943
-1.24 0.031606
-1.23 0.0320197
-1.22 0.0324354
-1.21 0.0328531
-1.2 0.0332727
-1.19 0.033694
-1.18 0.0341171
-1.17 0.0345419
-1.16 0.0349682
-1.15 0.0353962
-1.14 0.0358255
-1.13 0.0362563
-1.12 0.0366884
-1.11 0.0371217
-1.1 0.0375562
-1.09 0.0379918
-1.08 0.0384283
-1.07 0.0388658
-1.06 0.0393042
-1.05 0.0397433
-1.04 0.040183
-1.03 0.0406234
-1.02 0.0410643
-1.01 0.0415055
-1 0.0419471
-0.99 0.042389
-0.98 0.0428309
-0.97 0.043273
-0.96 0.0437149
-0.95 0.0441568
-0.94 0.0445984
-0.93 0.0450397
-0.92 0.0454806
-0.91 0.0459209
-0.9 0.0463606
-0.89 0.0467997
-0.88 0.0472378
-0.87 0.0476751
-0.86 0.0481114
-0.85 0.0485465
-0.84 0.0489804
-0.83 0.049413
-0.82 0.0498442
-0.81 0.0502738
-0.8 0.0507018
-0.79 0.051128
-0.78 0.0515524
-0.77 0.0519749
-0.76 0.0523953
-0.75 0.0528135
-0.74 0.0532295
-0.73 0.0536434
-0.72 0.0540555
-0.71 0.0544687
-0.7 0.0548937
-0.69 0.0553689
-0.68 0.0560192
-0.67 0.0572142
-0.66 0.0599482
-0.65 0.0666446
-0.64 0.0826324
-0.63 0.118414
-0.62 0.192357
-0.61 0.3325
-0.6 0.575064
-0.59 0.956883
-0.58 1.50057
-0.57 2.19533
-0.56 2.98152
-0.55 3.74983
-0.54 4.36201
-0.53 4.69036
-0.52 4.6609
-0.51 4.2805
-0.5 3.63429
-0.49 2.85477
-0.48 2.07779
-0.47 1.40547
-0.46 0.888991
-0.45 0.532472
-0.44 0.30975
-0.43 0.183266
-0.42 0.117798
-0.41 0.0868891
-0.4 0.0736117
-0.39 0.0684804
-0.38 0.0667688
-0.37 0.066364
-0.36 0.0664127
-0.35 0.0666025
-0.34 0.0668295
-0.33 0.067062
-0.32 0.0672911
-0.31 0.0675145
-0.3 0.0677317
-0.29 0.0679424
-0.28 0.0681466
-0.27 0.0683442
-0.26 0.0685352
-0.25 0.0687195
-0.24 0.068897
-0.23 0.0690677
-0.22 0.0692316
-0.21 0.0693885
-0.2 0.0695385
-0.19 0.0696814
-0.18 0.0698173
-0.17 0.0699461
-0.16 0.0700677
-0.15 0.0701822
-0.14 0.0702894
-0.13 0.0703894
-0.12 0.0704821
-0.11 0.0705675
-0.1 0.0706456
-0.09 0.0707163
-0.08 0.0707797
-0.07 0.0708356
-0.06 0.0708841
-0.05 0.0709251
-0.04 0.0709588
-0.03 0.0709849
-0.02 0.0710036
-0.01 0.0710148
0 0.0710186
0.01 0.0710148
0.02 0.0710036
0.03 0.0709849
0.04 0.0709588
0.05 0.0709251
0.06 0.0708841
0.07 0.0708356
0.08 0.0707797
0.09 0.0707163
0.1 0.0706456
0.11 0.0705675
0.12 0.0704821
0.13 0.0703894
0.14 0.0702894
0.15 0.0701822
0.16 0.0700677
0.17 0.0699461
0.18 0.0698173
0.19 0.0696814
0.2 0.0695385
0.21 0.0693885
0.22 0.0692316
0.23 0.0690677
0.24 0.068897
0.25 0.0687195
0.26 0.0685352
0.27 0.0683442
0.28 0.0681466
0.29 0.0679424
0.3 0.0677317
0.31 0.0675145
0.32 0.0672911
0.33 0.067062
0.34 0.0668295
0.35 0.0666025
0.36 0.0664127
0.37 0.066364
0.38 0.0667688
0.39 0.0684804
0.4 0.0736117
0.41 0.0868891
0.42 0.117798
0.43 0.183266
0.44 0.30975
0.45 0.532472
0.46 0.888991
0.47 1.40547
0.48 2.07779
0.49 2.85477
0.5 3.63429
0.51 4.2805
0.52 4.6609
0.53 4.69036
0.54 4.36201
0.55 3.74983
0.56 2.98152
0.57 2.19533
0.58 1.50057
0.59 0.956883
0.6 0.575064
0.61 0.3325
0.62 0.192357
0.63 0.118414
0.64 0.0826324
0.65 0.0666446
0.66 0.0599482
0.67 0.0572142
0.68 0.0560192
0.69 0.0553689
0.7 0.0548937
0.71 0.0544687
0.72 0.0540555
0.73 0.0536434
0.74 0.0532295
0.75 0.0528135
0.76 0.0523953
0.77 0.0519749
0.78 0.0515524
0.79 0.051128
0.8 0.0507018
0.81 0.0502738
0.82 0.0498442
0.83 0.049413
0.84 0.0489804
0.85 0.0485465
0.86 0.0481114
0.87 0.0476751
0.88 0.0472378
0.89 0.0467997
0.9 0.0463606
0.91 0.0459209
0.92 0.0454806
0.93 0.0450397
0.94 0.0445984
0.95 0.0441568
0.96 0.0437149
0.97 0.043273
0.98 0.0428309
0.99 0.042389
1 0.0419471
1.01 0.0415055
1.02 0.0410643
1.03 0.0406234
1.04 0.040183
1.05 0.0397433
1.06 0.0393042
1.07 0.0388658
1.08 0.0384283
1.09 0.0379918
1.1 0.0375562
1.11 0.0371217
1.12 0.0366884
1.13 0.0362563
1.14 0.0358255
1.15 0.0353962
1.16 0.0349682
1.17 0.0345419
1.18 0.0341171
1.19 0.033694
1.2 0.0332727
1.21 0.0328531
1.22 0.0324354
1.23 0.0320197
1.24 0.031606
1.25 0.0311943
1.26 0.0307848
1.27 0.0303774
1.28 0.0299723
1.29 0.0295694
1.3 0.0291689
1.31 0.0287708
1.32 0.0283751
1.33 0.027982
1.34 0.0275913
1.35 0.0272033
1.36 0.0268179
1.37 0.0264351
1.38 0.0260551
1.39 0.0256779
1.4 0.0253034
1.41 0.0249318
1.42 0.024563
1.43 0.0241972
1.44 0.0238343
1.45 0.0234744
1.46 0.0231174
1.47 0.0227635
1.48 0.0224127
1.49 0.0220649
1.5 0.0217203
1.51 0.0213787
1.52 0.0210404
1.53 0.0207052
1.54 0.0203732
1.55 0.0200444
1.56 0.0197188
1.57 0.0193965
1.58 0.0190775
1.59 0.0187617
1.6 0.0184492
1.61 0.01814
1.62 0.0178341
1.63 0.0175315
1.64 0.0172322
1.65 0.0169363
1.66 0.0166437
1.67 0.0163544
1.68 0.0160685
1.69 0.0157859
1.7 0.0155066
1.71 0.0152307
1.72 0.0149581
1.73 0.0146888
1.74 0.0144229
1.75 0.0141602
1.76 0.013901
1.77 0.013645
1.78 0.0133923
1.79 0.0131429
1.8 0.0128968
1.81 0.012654
1.82 0.0124144
1.83 0.0121781
1.84 0.011945
1.85 0.0117152
1.86 0.0114886
1.87 0.0112651
1.88 0.0110449
1.89 0.0108278
1.9 0.0106139
1.91 0.0104031
1.92 0.0101954
1.93 0.00999079
1.94 0.00978927
1.95 0.00959081
1.96 0.00939538
1.97 0.00920296
1.98 0.00901353
1.99 0.00882708
2 0.00864357
2.01 0.00846298
2.02 0.00828529
2.03 0.00811048
2.04 0.00793853
2.05 0.0077694
2.06 0.00760307
2.07 0.00743952
2.08 0.00727872
2.09 0.00712065
2.1 0.00696528
2.11 0.00681258
2.12 0.00666252
2.13 0.00651509
2.14 0.00637024
2.15 0.00622796
2.16 0.00608822
2.17 0.00595099
2.18 0.00581623
2.19 0.00568393
2.2 0.00555406
2.21 0.00542658
2.22 0.00530147
2.23 0.00517869
2.24 0.00505823
2.25 0.00494005
2.26 0.00482412
2.27 0.00471042
2.28 0.00459891
2.29 0.00448957
2.3 0.00438237
2.31 0.00427728
2.32 0.00417426
2.33 0.0040733
2.34 0.00397437
2.35 0.00387742
2.36 0.00378245
2.37 0.00368941
2.38 0.00359828
2.39 0.00350903
2.4 0.00342164
2.41 0.00333607
2.42 0.0032523
2.43 0.0031703
2.44 0.00309004
2.45 0.00301149
2.46 0.00293463
2.47 0.00285944
2.48 0.00278587
2.49 0.00271392
2.5 0.00264354
2.51 0.00257472
2.52 0.00250742
2.53 0.00244163
2.54 0.00237731
2.55 0.00231444
2.56 0.002253
2.57 0.00219296
2.58 0.0021343
2.59 0.00207698
2.6 0.00202099
2.61 0.0019663
2.62 0.0019129
2.63 0.00186074
2.64 0.00180982
2.65 0.0017601
2.66 0.00171158
2.67 0.00166421
2.68 0.00161798
2.69 0.00157288
2.7 0.00152887
2.71 0.00148593
2.72 0.00144405
2.73 0.0014032
2.74 0.00136336
2.75 0.00132452
2.76 0.00128664
2.77 0.00124972
2.78 0.00121373
2.79 0.00117865
2.8 0.00114446
2.81 0.00111115
2.82 0.00107869
2.83 0.00104708
2.84 0.00101628
2.85 0.000986284
2.86 0.000957072
2.87 0.000928629
2.88 0.000900935
2.89 0.000873976
2.9 0.000847733
2.91 0.000822193
2.92 0.000797337
2.93 0.000773152
2.94 0.000749622
2.95 0.00072673
2.96 0.000704464
2.97 0.000682808
2.98 0.000661749
2.99 0.000641271
3 0.000621361
3.01 0.000602006
3.02 0.000583193
3.03 0.000564908
3.04 0.000547139
3.05 0.000529873
3.06 0.000513097
3.07 0.000496801
3.08 0.000480971
3.09 0.000465597
3.1 0.000450667
3.11 0.000436169
3.12 0.000422094
3.13 0.00040843
3.14 0.000395166
3.15 0.000382293
3.16 0.0003698
3.17 0.000357678
3.18 0.000345917
3.19 0.000334507
3.2 0.00032344
3.21 0.000312706
3.22 0.000302296
3.23 0.000292202
3.24 0.000282415
3.25 0.000272928
3.26 0.000263731
3.27 0.000254817
3.28 0.000246179
3.29 0.000237809
3.3 0.000229699
3.31 0.000221842
3.32 0.000214231
3.33 0.00020686
3.34 0.000199721
3.35 0.000192808
3.36 0.000186115
3.37 0.000179636
3.38 0.000173363
3.39 0.000167292
3.4 0.000161417
3.41 0.000155732
3.42 0.000150231
3.43 0.000144909
3.44 0.000139761
3.45 0.000134781
3.46 0.000129966
3.47 0.000125309
3.48 0.000120806
3.49 0.000116453
3.5 0.000112245
3.51 0.000108178
3.52 0.000104247
3.53 0.000100448
3.54 9.67774e-05
3.55 9.32312e-05
3.56 8.98055e-05
3.57 8.64965e-05
3.58 8.33007e-05
3.59 8.02146e-05
3.6 7.72346e-05
3.61 7.43575e-05
3.62 7.15801e-05
3.63 6.88991e-05
3.64 6.63115e-05
3.65 6.38145e-05
3.66 6.14049e-05
3.67 5.90802e-05
3.68 5.68375e-05
3.69 5.46741e-05
3.7 5.25876e-05
3.71 5.05753e-05
3.72 4.86349e-05
3.73 4.67641e-05
3.74 4.49605e-05
3.75 4.32219e-05
3.76 4.15461e-05
3.77 3.99311e-05
3.78 3.83749e-05
3.79 3.68754e-05
3.8 3.54308e-05
3.81 3.40392e-05
3.82 3.26988e-05
3.83 3.14078e-05
3.84 3.01647e-05
3.85 2.89677e-05
3.86 2.78153e-05
3.87 2.67059e-05
3.88 2.56381e-05
3.89 2.46104e-05
3.9 2.36214e-05
3.91 2.26697e-05
3.92 2.17541e-05
3.93 2.08733e-05
3.94 2.0026e-05
3.95 1.92111e-05
3.96 1.84274e-05
3.97 1.76738e-05
3.98 1.69493e-05
3.99 1.62527e-05
4 1.55832e-05
4.01 1.49396e-05
4.02 1.43211e-05
4.03 1.37268e-05
4.04 1.31558e-05
4.05 1.26071e-05
4.06 1.20801e-05
4.07 1.15739e-05
4.08 1.10878e-05
4.09 1.06209e-05
4.1 1.01726e-05
4.11 9.74226e-06
4.12 9.32911e-06
4.13 8.93254e-06
4.14 8.55192e-06
4.15 8.18667e-06
4.16 7.83618e-06
4.17 7.49992e-06
4.18 7.17732e-06
4.19 6.86788e-06
4.2 6.57109e-06
4.21 6.28646e-06
4.22 6.01353e-06
4.23 5.75184e-06
4.24 5.50096e-06
4.25 5.26047e-06
4.26 5.02996e-06
4.27 4.80905e-06
4.28 4.59735e-06
4.29 4.39451e-06
4.3 4.20018e-06
4.31 4.01402e-06
4.32 3.83571e-06
4.33 3.66493e-06
4.34 3.50139e-06
4.35 3.34479e-06
4.36 3.19486e-06
4.37 3.05133e-06
4.38 2.91394e-06
4.39 2.78244e-06
4.4 2.6566e-06
4.41 2.53618e-06
4.42 2.42096e-06
4.43 2.31074e-06
4.44 2.2053e-06
4.45 2.10445e-06
4.46 2.008e-06
4.47 1.91577e-06
4.48 1.82759e-06
4.49 1.74328e-06
4.5 1.66268e-06
4.51 1.58565e-06
4.52 1.51202e-06
4.53 1.44166e-06
4.54 1.37443e-06
4.55 1.3102e-06
4.56 1.24883e-06
4.57 1.19022e-06
4.58 1.13424e-06
4.59 1.08077e-06
4.6 1.02972e-06
4.61 9.80978e-07
4.62 9.34444e-07
4.63 8.90023e-07
4.64 8.47625e-07
4.65 8.07161e-07
4.66 7.68548e-07
4.67 7.31705e-07
4.68 6.96555e-07
4.69 6.63024e-07
4.7 6.3104e-07
4.71 6.00536e-07
4.72 5.71447e-07
4.73 5.43709e-07
4.74 5.17263e-07
4.75 4.92052e-07
4.76 4.6802e-07
4.77 4.45115e-07
4.78 4.23286e-07
4.79 4.02485e-07
4.8 3.82667e-07
4.81 3.63786e-07
4.82 3.458e-07
4.83 3.28669e-07
4.84 3.12353e-07
4.85 2.96816e-07
4.86 2.82023e-07
4.87 2.67938e-07
4.88 2.5453e-07
4.89 2.41767e-07
4.9 2.29621e-07
4.91 2.18061e-07
4.92 2.07062e-07
4.93 1.96597e-07
4.94 1.86641e-07
4.95 1.7717e-07
4.96 1.68163e-07
4.97 1.59596e-07
4.98 1.5145e-07
4.99 1.43705e-07
5 1.36342e-07
5.01 1.29342e-07
5.02 1.22688e-07
5.03 1.16365e-07
5.04 1.10356e-07
5.05 1.04646e-07
5.06 9.92209e-08
5.07 9.40673e-08
5.08 8.91721e-08
5.09 8.45226e-08
5.1 8.01072e-08
5.11 7.59144e-08
5.12 7.19336e-08
5.13 6.81542e-08
5.14 6.45667e-08
5.15 6.11615e-08
5.16 5.79299e-08
5.17 5.48632e-08
5.18 5.19534e-08
5.19 4.91927e-08
5.2 4.65738e-08
5.21 4.40897e-08
5.22 4.17337e-08
5.23 3.94994e-08
5.24 3.73809e-08
5.25 3.53722e-08
5.26 3.34679e-08
5.27 3.16628e-08
5.28 2.99519e-08
5.29 2.83305e-08
5.3 2.67941e-08
5.31 2.53383e-08
5.32 2.3959e-08
5.33 2.26525e-08
5.34 2.14149e-08
5.35 2.02429e-08
5.36 1.91329e-08
5.37 1.80819e-08
5.38 1.70869e-08
5.39 1.61449e-08
5.4 1.52532e-08
5.41 1.44093e-08
5.42 1.36106e-08
5.43 1.28549e-08
5.44 1.21398e-08
5.45 1.14633e-08
5.46 1.08233e-08
5.47 1.0218e-08
5.48 9.64557e-09
5.49 9.10422e-09
5.5 8.59235e-09
5.51 8.1084e-09
5.52 7.65091e-09
5.53 7.21847e-09
5.54 6.80975e-09
5.55 6.4235e-09
5.56 6.05852e-09
5.57 5.71368e-09
5.58 5.38789e-09
5.59 5.08015e-09
5.6 4.78948e-09
5.61 4.51497e-09
5.62 4.25574e-09
5.63 4.01097e-09
5.64 3.77988e-09
5.65 3.56174e-09
5.66 3.35582e-09
5.67 3.16148e-09
5.68 2.97808e-09
5.69 2.80503e-09
5.7 2.64175e-09
5.71 2.48771e-09
5.72 2.34241e-09
5.73 2.20537e-09
5.74 2.07612e-09
5.75 1.95424e-09
5.76 1.83932e-09
5.77 1.73098e-09
5.78 1.62885e-09
5.79 1.53258e-09
5.8 1.44185e-09
5.81 1.35635e-09
5.82 1.27579e-09
5.83 1.19988e-09
5.84 1.12837e-09
5.85 1.06101e-09
5.86 9.97572e-10
5.87 9.37823e-10
5.88 8.81561e-10
5.89 8.28587e-10
5.9 7.78714e-10
5.91 7.31765e-10
5.92 6.87575e-10
5.93 6.45986e-10
5.94 6.06848e-10
5.95 5.70021e-10
5.96 5.35373e-10
5.97 5.02778e-10
5.98 4.72117e-10
5.99 4.4328e-10
