-6 0.00222685
-5.99 0.00226788
-5.98 0.00230957
-5.97 0.00235191
-5.96 0.00239493
-5.95 0.00243862
-5.94 0.00248299
-5.93 0.00252806
-5.92 0.00257383
-5.91 0.00262031
-5.9 0.00266751
-5.89 0.00271544
-5.88 0.0027641
-5.87 0.00281351
-5.86 0.00286367
-5.85 0.00291459
-5.84 0.00296628
-5.83 0.00301876
-5.82 0.00307202
-5.81 0.00312608
-5.8 0.00318095
-5.79 0.00323664
-5.78 0.00329315
-5.77 0.00335049
-5.76 0.00340869
-5.75 0.00346773
-5.74 0.00352764
-5.73 0.00358842
-5.72 0.00365008
-5.71 0.00371264
-5.7 0.00377609
-5.69 0.00384046
-5.68 0.00390575
-5.67 0.00397196
-5.66 0.00403912
-5.65 0.00410723
-5.64 0.00417629
-5.63 0.00424633
-5.62 0.00431734
-5.61 0.00438934
-5.6 0.00446235
-5.59 0.00453636
-5.58 0.00461139
-5.57 0.00468745
-5.56 0.00476455
-5.55 0.00484269
-5.54 0.0049219
-5.53 0.00500217
-5.52 0.00508353
-5.51 0.00516597
-5.5 0.00524952
-5.49 0.00533417
-5.48 0.00541994
-5.47 0.00550685
-5.46 0.00559489
-5.45 0.00568409
-5.44 0.00577444
-5.43 0.00586597
-5.42 0.00595868
-5.41 0.00605258
-5.4 0.00614768
-5.39 0.00624399
-5.38 0.00634152
-5.37 0.00644029
-5.36 0.0065403
-5.35 0.00664156
-5.34 0.00674409
-5.33 0.00684789
-5.32 0.00695297
-5.31 0.00705934
-5.3 0.00716702
-5.29 0.00727601
-5.28 0.00738633
-5.27 0.00749798
-5.26 0.00761097
-5.25 0.00772532
-5.24 0.00784103
-5.23 0.00795811
-5.22 0.00807657
-5.21 0.00819643
-5.2 0.0083177
-5.19 0.00844037
-5.18 0.00856447
-5.17 0.00868999
-5.16 0.00881696
-5.15 0.00894539
-5.14 0.00907527
-5.13 0.00920662
-5.12 0.00933945
-5.11 0.00947377
-5.1 0.00960958
-5.09 0.00974691
-5.08 0.00988574
-5.07 0.0100261
-5.06 0.010168
-5.05 0.0103114
-5.04 0.0104564
-5.03 0.010603
-5.02 0.0107511
-5.01 0.0109008
-5 0.0110521
-4.99 0.011205
-4.98 0.0113594
-4.97 0.0115155
-4.96 0.0116732
-4.95 0.0118326
-4.94 0.0119935
-4.93 0.0121561
-4.92 0.0123204
-4.91 0.0124863
-4.9 0.0126539
-4.89 0.0128231
-4.88 0.012994
-4.87 0.0131666
-4.86 0.0133409
-4.85 0.0135169
-4.84 0.0136946
-4.83 0.013874
-4.82 0.0140552
-4.81 0.014238
-4.8 0.0144226
-4.79 0.0146089
-4.78 0.014797
-4.77 0.0149868
-4.76 0.0151783
-4.75 0.0153716
-4.74 0.0155667
-4.73 0.0157635
-4.72 0.0159621
-4.71 0.0161625
-4.7 0.0163646
-4.69 0.0165686
-4.68 0.0167743
-4.67 0.0169818
-4.66 0.0171911
-4.65 0.0174022
-4.64 0.0176151
-4.63 0.0178299
-4.62 0.0180464
-4.61 0.0182647
-4.6 0.0184848
-4.59 0.0187068
-4.58 0.0189305
-4.57 0.0191561
-4.56 0.0193835
-4.55 0.0196127
-4.54 0.0198438
-4.53 0.0200766
-4.52 0.0203113
-4.51 0.0205478
-4.5 0.0207861
-4.49 0.0210263
-4.48 0.0212682
-4.47 0.021512
-4.46 0.0217576
-4.45 0.022005
-4.44 0.0222543
-4.43 0.0225053
-4.42 0.0227582
-4.41 0.0230129
-4.4 0.0232694
-4.39 0.0235277
-4.38 0.0237878
-4.37 0.0240497
-4.36 0.0243134
-4.35 0.0245789
-4.34 0.0248462
-4.33 0.0251153
-4.32 0.0253861
-4.31 0.0256588
-4.3 0.0259332
-4.29 0.0262094
-4.28 0.0264873
-4.27 0.026767
-4.26 0.0270485
-4.25 0.0273317
-4.24 0.0276166
-4.23 0.0279032
-4.22 0.0281916
-4.21 0.0284817
-4.2 0.0287736
-4.19 0.0290671
-4.18 0.0293623
-4.17 0.0296592
-4.16 0.0299578
-4.15 0.030258
-4.14 0.0305599
-4.13 0.0308635
-4.12 0.0311687
-4.11 0.0314755
-4.1 0.0317839
-4.09 0.032094
-4.08 0.0324056
-4.07 0.0327189
-4.06 0.0330337
-4.05 0.0333501
-4.04 0.033668
-4.03 0.0339875
-4.02 0.0343085
-4.01 0.034631
-4 0.034955
-3.99 0.0352805
-3.98 0.0356075
-3.97 0.035936
-3.96 0.0362659
-3.95 0.0365972
-3.94 0.03693
-3.93 0.0372641
-3.92 0.0375997
-3.91 0.0379366
-3.9 0.0382749
-3.89 0.0386146
-3.88 0.0389555
-3.87 0.0392978
-3.86 0.0396414
-3.85 0.0399863
-3.84 0.0403324
-3.83 0.0406798
-3.82 0.0410284
-3.81 0.0413783
-3.8 0.0417293
-3.79 0.0420815
-3.78 0.0424349
-3.77 0.0427894
-3.76 0.043145
-3.75 0.0435018
-3.74 0.0438596
-3.73 0.0442185
-3.72 0.0445785
-3.71 0.0449395
-3.7 0.0453015
-3.69 0.0456645
-3.68 0.0460285
-3.67 0.0463935
-3.66 0.0467594
-3.65 0.0471262
-3.64 0.0474939
-3.63 0.0478624
-3.62 0.0482319
-3.61 0.0486021
-3.6 0.0489732
-3.59 0.0493451
-3.58 0.0497178
-3.57 0.0500912
-3.56 0.0504654
-3.55 0.0508403
-3.54 0.0512159
-3.53 0.0515921
-3.52 0.051969
-3.51 0.0523466
-3.5 0.0527247
-3.49 0.0531035
-3.48 0.0534828
-3.47 0.0538627
-3.46 0.0542431
-3.45 0.0546241
-3.44 0.0550055
-3.43 0.0553874
-3.42 0.0557697
-3.41 0.0561525
-3.4 0.0565357
-3.39 0.0569193
-3.38 0.0573033
-3.37 0.0576876
-3.36 0.0580722
-3.35 0.0584572
-3.34 0.0588425
-3.33 0.059228
-3.32 0.0596138
-3.31 0.0599998
-3.3 0.060386
-3.29 0.0607725
-3.28 0.0611591
-3.27 0.0615459
-3.26 0.0619329
-3.25 0.0623199
-3.24 0.0627071
-3.23 0.0630944
-3.22 0.0634817
-3.21 0.0638692
-3.2 0.0642566
-3.19 0.0646441
-3.18 0.0650316
-3.17 0.0654191
-3.16 0.0658066
-3.15 0.0661941
-3.14 0.0665815
-3.13 0.0669689
-3.12 0.0673561
-3.11 0.0677433
-3.1 0.0681304
-3.09 0.0685174
-3.08 0.0689043
-3.07 0.069291
-3.06 0.0696776
-3.05 0.070064
-3.04 0.0704503
-3.03 0.0708364
-3.02 0.0712223
-3.01 0.071608
-3 0.0719935
-2.99 0.0723788
-2.98 0.0727639
-2.97 0.0731487
-2.96 0.0735334
-2.95 0.0739178
-2.94 0.0743019
-2.93 0.0746858
-2.92 0.0750694
-2.91 0.0754528
-2.9 0.075836
-2.89 0.0762189
-2.88 0.0766015
-2.87 0.0769838
-2.86 0.0773659
-2.85 0.0777477
-2.84 0.0781293
-2.83 0.0785106
-2.82 0.0788917
-2.81 0.0792725
-2.8 0.079653
-2.79 0.0800333
-2.78 0.0804133
-2.77 0.0807931
-2.76 0.0811727
-2.75 0.0815521
-2.74 0.0819312
-2.73 0.0823101
-2.72 0.0826888
-2.71 0.0830673
-2.7 0.0834456
-2.69 0.0838238
-2.68 0.0842018
-2.67 0.0845796
-2.66 0.0849573
-2.65 0.0853349
-2.64 0.0857124
-2.63 0.0860898
-2.62 0.0864671
-2.61 0.0868443
-2.6 0.0872215
-2.59 0.0875986
-2.58 0.0879757
-2.57 0.0883529
-2.56 0.0887301
-2.55 0.0891073
-2.54 0.0894846
-2.53 0.0898619
-2.52 0.0902394
-2.51 0.0906171
-2.5 0.0909948
-2.49 0.0913728
-2.48 0.091751
-2.47 0.0921294
-2.46 0.092508
-2.45 0.092887
-2.44 0.0932662
-2.43 0.0936458
-2.42 0.0940258
-2.41 0.0944062
-2.4 0.094787
-2.39 0.0951682
-2.38 0.09555
-2.37 0.0959322
-2.36 0.0963151
-2.35 0.0966985
-2.34 0.0970825
-2.33 0.0974672
-2.32 0.0978525
-2.31 0.0982386
-2.3 0.0986254
-2.29 0.099013
-2.28 0.0994015
-2.27 0.0997908
-2.26 0.100181
-2.25 0.100572
-2.24 0.100964
-2.23 0.101357
-2.22 0.101752
-2.21 0.102147
-2.2 0.102543
-2.19 0.102941
-2.18 0.103339
-2.17 0.103739
-2.16 0.104141
-2.15 0.104543
-2.14 0.104947
-2.13 0.105352
-2.12 0.105759
-2.11 0.106167
-2.1 0.106577
-2.09 0.106988
-2.08 0.107401
-2.07 0.107816
-2.06 0.108232
-2.05 0.10865
-2.04 0.109069
-2.03 0.109491
-2.02 0.109914
-2.01 0.110339
-2 0.110766
-1.99 0.111195
-1.98 0.111626
-1.97 0.112059
-1.96 0.112494
-1.95 0.112931
-1.94 0.11337
-1.93 0.113811
-1.92 0.114255
-1.91 0.1147
-1.9 0.115148
-1.89 0.115599
-1.88 0.116051
-1.87 0.116506
-1.86 0.116964
-1.85 0.117423
-1.84 0.117886
-1.83 0.11835
-1.82 0.118818
-1.81 0.119287
-1.8 0.11976
-1.79 0.120234
-1.78 0.120712
-1.77 0.121192
-1.76 0.121675
-1.75 0.12216
-1.74 0.122648
-1.73 0.123139
-1.72 0.123633
-1.71 0.124129
-1.7 0.124628
-1.69 0.12513
-1.68 0.125635
-1.67 0.126142
-1.66 0.126652
-1.65 0.127166
-1.64 0.127681
-1.63 0.1282
-1.62 0.128722
-1.61 0.129246
-1.6 0.129774
-1.59 0.130304
-1.58 0.130837
-1.57 0.131372
-1.56 0.131911
-1.55 0.132453
-1.54 0.132997
-1.53 0.133544
-1.52 0.134094
-1.51 0.134647
-1.5 0.135202
-1.49 0.13576
-1.48 0.136321
-1.47 0.136885
-1.46 0.137451
-1.45 0.13802
-1.44 0.138592
-1.43 0.139166
-1.42 0.139743
-1.41 0.140323
-1.4 0.140905
-1.39 0.141489
-1.38 0.142076
-1.37 0.142666
-1.36 0.143257
-1.35 0.143851
-1.34 0.144448
-1.33 0.145046
-1.32 0.145647
-1.31 0.14625
-1.3 0.146855
-1.29 0.147462
-1.28 0.148071
-1.27 0.148682
-1.26 0.149295
-1.25 0.149909
-1.24 0.150526
-1.23 0.151144
-1.22 0.151763
-1.21 0.152384
-1.2 0.153007
-1.19 0.153631
-1.18 0.154256
-1.17 0.154882
-1.16 0.15551
-1.15 0.156138
-1.14 0.156768
-1.13 0.157399
-1.12 0.15803
-1.11 0.158662
-1.1 0.159294
-1.09 0.159928
-1.08 0.160561
-1.07 0.161195
-1.06 0.161829
-1.05 0.162463
-1.04 0.163098
-1.03 0.163732
-1.02 0.164366
-1.01 0.165
-1 0.165633
-0.99 0.166266
-0.98 0.166898
-0.97 0.16753
-0.96 0.168161
-0.95 0.16879
-0.94 0.169419
-0.93 0.170047
-0.92 0.170673
-0.91 0.171298
-0.9 0.171921
-0.89 0.172542
-0.88 0.173162
-0.87 0.17378
-0.86 0.174396
-0.85 0.175009
-0.84 0.175621
-0.83 0.17623
-0.82 0.176836
-0.81 0.17744
-0.8 0.178041
-0.79 0.178639
-0.78 0.179234
-0.77 0.179825
-0.76 0.180414
-0.75 0.180999
-0.74 0.18158
-0.73 0.182157
-0.72 0.182731
-0.71 0.183301
-0.7 0.183866
-0.69 0.184428
-0.68 0.184985
-0.67 0.185537
-0.66 0.186085
-0.65 0.186628
-0.64 0.187166
-0.63 0.187699
-0.62 0.188226
-0.61 0.188749
-0.6 0.189266
-0.59 0.189777
-0.58 0.190283
-0.57 0.190783
-0.56 0.191276
-0.55 0.191764
-0.54 0.192246
-0.53 0.192721
-0.52 0.19319
-0.51 0.193652
-0.5 0.194107
-0.49 0.194556
-0.48 0.194997
-0.47 0.195432
-0.46 0.195859
-0.45 0.196279
-0.44 0.196692
-0.43 0.197097
-0.42 0.197494
-0.41 0.197884
-0.4 0.198266
-0.39 0.19864
-0.38 0.199005
-0.37 0.199363
-0.36 0.199712
-0.35 0.200053
-0.34 0.200386
-0.33 0.20071
-0.32 0.201025
-0.31 0.201331
-0.3 0.201629
-0.29 0.201918
-0.28 0.202198
-0.27 0.202468
-0.26 0.20273
-0.25 0.202982
-0.24 0.203225
-0.23 0.203459
-0.22 0.203683
-0.21 0.203898
-0.2 0.204103
-0.19 0.204299
-0.18 0.204485
-0.17 0.204661
-0.16 0.204827
-0.15 0.204984
-0.14 0.20513
-0.13 0.205267
-0.12 0.205394
-0.11 0.205511
-0.1 0.205617
-0.09 0.205714
-0.08 0.205801
-0.07 0.205877
-0.06 0.205943
-0.05 0.205999
-0.04 0.206045
-0.03 0.206081
-0.02 0.206107
-0.01 0.206122
0 0.206127
0.01 0.206122
0.02 0.206107
0.03 0.206081
0.04 0.206045
0.05 0.205999
0.06 0.205943
0.07 0.205877
0.08 0.205801
0.09 0.205714
0.1 0.205617
0.11 0.205511
0.12 0.205394
0.13 0.205267
0.14 0.20513
0.15 0.204984
0.16 0.204827
0.17 0.204661
0.18 0.204485
0.19 0.204299
0.2 0.204103
0.21 0.203898
0.22 0.203683
0.23 0.203459
0.24 0.203225
0.25 0.202982
0.26 0.20273
0.27 0.202468
0.28 0.202198
0.29 0.201918
0.3 0.201629
0.31 0.201331
0.32 0.201025
0.33 0.20071
0.34 0.200386
0.35 0.200053
0.36 0.199712
0.37 0.199363
0.38 0.199005
0.39 0.19864
0.4 0.198266
0.41 0.197884
0.42 0.197494
0.43 0.197097
0.44 0.196692
0.45 0.196279
0.46 0.195859
0.47 0.195432
0.48 0.194997
0.49 0.194556
0.5 0.194107
0.51 0.193652
0.52 0.19319
0.53 0.192721
0.54 0.192246
0.55 0.191764
0.56 0.191276
0.57 0.190783
0.58 0.190283
0.59 0.189777
0.6 0.189266
0.61 0.188749
0.62 0.188226
0.63 0.187699
0.64 0.187166
0.65 0.186628
0.66 0.186085
0.67 0.185537
0.68 0.184985
0.69 0.184428
0.7 0.183866
0.71 0.183301
0.72 0.182731
0.73 0.182157
0.74 0.18158
0.75 0.180999
0.76 0.180414
0.77 0.179825
0.78 0.179234
0.79 0.178639
0.8 0.178041
0.81 0.17744
0.82 0.176836
0.83 0.17623
0.84 0.175621
0.85 0.175009
0.86 0.174396
0.87 0.17378
0.88 0.173162
0.89 0.172542
0.9 0.171921
0.91 0.171298
0.92 0.170673
0.93 0.170047
0.94 0.169419
0.95 0.16879
0.96 0.168161
0.97 0.16753
0.98 0.166898
0.99 0.166266
1 0.165633
1.01 0.165
1.02 0.164366
1.03 0.163732
1.04 0.163098
1.05 0.162463
1.06 0.161829
1.07 0.161195
1.08 0.160561
1.09 0.159928
1.1 0.159294
1.11 0.158662
1.12 0.15803
1.13 0.157399
1.14 0.156768
1.15 0.156138
1.16 0.15551
1.17 0.154882
1.18 0.154256
1.19 0.153631
1.2 0.153007
1.21 0.152384
1.22 0.151763
1.23 0.151144
1.24 0.150526
1.25 0.149909
1.26 0.149295
1.27 0.148682
1.28 0.148071
1.29 0.147462
1.3 0.146855
1.31 0.14625
1.32 0.145647
1.33 0.145046
1.34 0.144448
1.35 0.143851
1.36 0.143257
1.37 0.142666
1.38 0.142076
1.39 0.141489
1.4 0.140905
1.41 0.140323
1.42 0.139743
1.43 0.139166
1.44 0.138592
1.45 0.13802
1.46 0.137451
1.47 0.136885
1.48 0.136321
1.49 0.13576
1.5 0.135202
1.51 0.134647
1.52 0.134094
1.53 0.133544
1.54 0.132997
1.55 0.132453
1.56 0.131911
1.57 0.131372
1.58 0.130837
1.59 0.130304
1.6 0.129774
1.61 0.129246
1.62 0.128722
1.63 0.1282
1.64 0.127681
1.65 0.127166
1.66 0.126652
1.67 0.126142
1.68 0.125635
1.69 0.12513
1.7 0.124628
1.71 0.124129
1.72 0.123633
1.73 0.123139
1.74 0.122648
1.75 0.12216
1.76 0.121675
1.77 0.121192
1.78 0.120712
1.79 0.120234
1.8 0.11976
1.81 0.119287
1.82 0.118818
1.83 0.11835
1.84 0.117886
1.85 0.117423
1.86 0.116964
1.87 0.116506
1.88 0.116051
1.89 0.115599
1.9 0.115148
1.91 0.1147
1.92 0.114255
1.93 0.113811
1.94 0.11337
1.95 0.112931
1.96 0.112494
1.97 0.112059
1.98 0.111626
1.99 0.111195
2 0.110766
2.01 0.110339
2.02 0.109914
2.03 0.109491
2.04 0.109069
2.05 0.10865
2.06 0.108232
2.07 0.107816
2.08 0.107401
2.09 0.106988
2.1 0.106577
2.11 0.106167
2.12 0.105759
2.13 0.105352
2.14 0.104947
2.15 0.104543
2.16 0.104141
2.17 0.103739
2.18 0.103339
2.19 0.102941
2.2 0.102543
2.21 0.102147
2.22 0.101752
2.23 0.101357
2.24 0.100964
2.25 0.100572
2.26 0.100181
2.27 0.0997908
2.28 0.0994015
2.29 0.099013
2.3 0.0986254
2.31 0.0982386
2.32 0.0978525
2.33 0.0974672
2.34 0.0970825
2.35 0.0966985
2.36 0.0963151
2.37 0.0959322
2.38 0.09555
2.39 0.0951682
2.4 0.094787
2.41 0.0944062
2.42 0.0940258
2.43 0.0936458
2.44 0.0932662
2.45 0.092887
2.46 0.092508
2.47 0.0921294
2.48 0.091751
2.49 0.0913728
2.5 0.0909948
2.51 0.0906171
2.52 0.0902394
2.53 0.0898619
2.54 0.0894846
2.55 0.0891073
2.56 0.0887301
2.57 0.0883529
2.58 0.0879757
2.59 0.0875986
2.6 0.0872215
2.61 0.0868443
2.62 0.0864671
2.63 0.0860898
2.64 0.0857124
2.65 0.0853349
2.66 0.0849573
2.67 0.0845796
2.68 0.0842018
2.69 0.0838238
2.7 0.0834456
2.71 0.0830673
2.72 0.0826888
2.73 0.0823101
2.74 0.0819312
2.75 0.0815521
2.76 0.0811727
2.77 0.0807931
2.78 0.0804133
2.79 0.0800333
2.8 0.079653
2.81 0.0792725
2.82 0.0788917
2.83 0.0785106
2.84 0.0781293
2.85 0.0777477
2.86 0.0773659
2.87 0.0769838
2.88 0.0766015
2.89 0.0762189
2.9 0.075836
2.91 0.0754528
2.92 0.0750694
2.93 0.0746858
2.94 0.0743019
2.95 0.0739178
2.96 0.0735334
2.97 0.0731487
2.98 0.0727639
2.99 0.0723788
3 0.0719935
3.01 0.071608
3.02 0.0712223
3.03 0.0708364
3.04 0.0704503
3.05 0.070064
3.06 0.0696776
3.07 0.069291
3.08 0.0689043
3.09 0.0685174
3.1 0.0681304
3.11 0.0677433
3.12 0.0673561
3.13 0.0669689
3.14 0.0665815
3.15 0.0661941
3.16 0.0658066
3.17 0.0654191
3.18 0.0650316
3.19 0.0646441
3.2 0.0642566
3.21 0.0638692
3.22 0.0634817
3.23 0.0630944
3.24 0.0627071
3.25 0.0623199
3.26 0.0619329
3.27 0.0615459
3.28 0.0611591
3.29 0.0607725
3.3 0.060386
3.31 0.0599998
3.32 0.0596138
3.33 0.059228
3.34 0.0588425
3.35 0.0584572
3.36 0.0580722
3.37 0.0576876
3.38 0.0573033
3.39 0.0569193
3.4 0.0565357
3.41 0.0561525
3.42 0.0557697
3.43 0.0553874
3.44 0.0550055
3.45 0.0546241
3.46 0.0542431
3.47 0.0538627
3.48 0.0534828
3.49 0.0531035
3.5 0.0527247
3.51 0.0523466
3.52 0.051969
3.53 0.0515921
3.54 0.0512159
3.55 0.0508403
3.56 0.0504654
3.57 0.0500912
3.58 0.0497178
3.59 0.0493451
3.6 0.0489732
3.61 0.0486021
3.62 0.0482319
3.63 0.0478624
3.64 0.0474939
3.65 0.0471262
3.66 0.0467594
3.67 0.0463935
3.68 0.0460285
3.69 0.0456645
3.7 0.0453015
3.71 0.0449395
3.72 0.0445785
3.73 0.0442185
3.74 0.0438596
3.75 0.0435018
3.76 0.043145
3.77 0.0427894
3.78 0.0424349
3.79 0.0420815
3.8 0.0417293
3.81 0.0413783
3.82 0.0410284
3.83 0.0406798
3.84 0.0403324
3.85 0.0399863
3.86 0.0396414
3.87 0.0392978
3.88 0.0389555
3.89 0.0386146
3.9 0.0382749
3.91 0.0379366
3.92 0.0375997
3.93 0.0372641
3.94 0.03693
3.95 0.0365972
3.96 0.0362659
3.97 0.035936
3.98 0.0356075
3.99 0.0352805
4 0.034955
4.01 0.034631
4.02 0.0343085
4.03 0.0339875
4.04 0.033668
4.05 0.0333501
4.06 0.0330337
4.07 0.0327189
4.08 0.0324056
4.09 0.032094
4.1 0.0317839
4.11 0.0314755
4.12 0.0311687
4.13 0.0308635
4.14 0.0305599
4.15 0.030258
4.16 0.0299578
4.17 0.0296592
4.18 0.0293623
4.19 0.0290671
4.2 0.0287736
4.21 0.0284817
4.22 0.0281916
4.23 0.0279032
4.24 0.0276166
4.25 0.0273317
4.26 0.0270485
4.27 0.026767
4.28 0.0264873
4.29 0.0262094
4.3 0.0259332
4.31 0.0256588
4.32 0.0253861
4.33 0.0251153
4.34 0.0248462
4.35 0.0245789
4.36 0.0243134
4.37 0.0240497
4.38 0.0237878
4.39 0.0235277
4.4 0.0232694
4.41 0.0230129
4.42 0.0227582
4.43 0.0225053
4.44 0.0222543
4.45 0.022005
4.46 0.0217576
4.47 0.021512
4.48 0.0212682
4.49 0.0210263
4.5 0.0207861
4.51 0.0205478
4.52 0.0203113
4.53 0.0200766
4.54 0.0198438
4.55 0.0196127
4.56 0.0193835
4.57 0.0191561
4.58 0.0189305
4.59 0.0187068
4.6 0.0184848
4.61 0.0182647
4.62 0.0180464
4.63 0.0178299
4.64 0.0176151
4.65 0.0174022
4.66 0.0171911
4.67 0.0169818
4.68 0.0167743
4.69 0.0165686
4.7 0.0163646
4.71 0.0161625
4.72 0.0159621
4.73 0.0157635
4.74 0.0155667
4.75 0.0153716
4.76 0.0151783
4.77 0.0149868
4.78 0.014797
4.79 0.0146089
4.8 0.0144226
4.81 0.014238
4.82 0.0140552
4.83 0.013874
4.84 0.0136946
4.85 0.0135169
4.86 0.0133409
4.87 0.0131666
4.88 0.012994
4.89 0.0128231
4.9 0.0126539
4.91 0.0124863
4.92 0.0123204
4.93 0.0121561
4.94 0.0119935
4.95 0.0118326
4.96 0.0116732
4.97 0.0115155
4.98 0.0113594
4.99 0.011205
5 0.0110521
5.01 0.0109008
5.02 0.0107511
5.03 0.010603
5.04 0.0104564
5.05 0.0103114
5.06 0.010168
5.07 0.0100261
5.08 0.00988574
5.09 0.00974691
5.1 0.00960958
5.11 0.00947377
5.12 0.00933945
5.13 0.00920662
5.14 0.00907527
5.15 0.00894539
5.16 0.00881696
5.17 0.00868999
5.18 0.00856447
5.19 0.00844037
5.2 0.0083177
5.21 0.00819643
5.22 0.00807657
5.23 0.00795811
5.24 0.00784103
5.25 0.00772532
5.26 0.00761097
5.27 0.00749798
5.28 0.00738633
5.29 0.00727601
5.3 0.00716702
5.31 0.00705934
5.32 0.00695297
5.33 0.00684789
5.34 0.00674409
5.35 0.00664156
5.36 0.0065403
5.37 0.00644029
5.38 0.00634152
5.39 0.00624399
5.4 0.00614768
5.41 0.00605258
5.42 0.00595868
5.43 0.00586597
5.44 0.00577444
5.45 0.00568409
5.46 0.00559489
5.47 0.00550685
5.48 0.00541994
5.49 0.00533417
5.5 0.00524952
5.51 0.00516597
5.52 0.00508353
5.53 0.00500217
5.54 0.0049219
5.55 0.00484269
5.56 0.00476455
5.57 0.00468745
5.58 0.00461139
5.59 0.00453636
5.6 0.00446235
5.61 0.00438934
5.62 0.00431734
5.63 0.00424633
5.64 0.00417629
5.65 0.00410723
5.66 0.00403912
5.67 0.00397196
5.68 0.00390575
5.69 0.00384046
5.7 0.00377609
5.71 0.00371264
5.72 0.00365008
5.73 0.00358842
5.74 0.00352764
5.75 0.00346773
5.76 0.00340869
5.77 0.00335049
5.78 0.00329315
5.79 0.00323664
5.8 0.00318095
5.81 0.00312608
5.82 0.00307202
5.83 0.00301876
5.84 0.00296628
5.85 0.00291459
5.86 0.00286367
5.87 0.00281351
5.88 0.0027641
5.89 0.00271544
5.9 0.00266751
5.91 0.00262031
5.92 0.00257383
5.93 0.00252806
5.94 0.00248299
5.95 0.00243862
5.96 0.00239493
5.97 0.00235191
5.98 0.00230957
5.99 0.00226788
