-6 0.00356779
-5.99 0.00363224
-5.98 0.0036977
-5.97 0.00376416
-5.96 0.00383165
-5.95 0.00390017
-5.94 0.00396975
-5.93 0.00404038
-5.92 0.00411209
-5.91 0.00418488
-5.9 0.00425877
-5.89 0.00433378
-5.88 0.0044099
-5.87 0.00448717
-5.86 0.00456558
-5.85 0.00464516
-5.84 0.00472591
-5.83 0.00480786
-5.82 0.004891
-5.81 0.00497536
-5.8 0.00506095
-5.79 0.00514779
-5.78 0.00523587
-5.77 0.00532523
-5.76 0.00541588
-5.75 0.00550782
-5.74 0.00560107
-5.73 0.00569564
-5.72 0.00579155
-5.71 0.00588882
-5.7 0.00598745
-5.69 0.00608747
-5.68 0.00618887
-5.67 0.00629169
-5.66 0.00639593
-5.65 0.0065016
-5.64 0.00660873
-5.63 0.00671732
-5.62 0.00682739
-5.61 0.00693896
-5.6 0.00705203
-5.59 0.00716663
-5.58 0.00728276
-5.57 0.00740045
-5.56 0.0075197
-5.55 0.00764054
-5.54 0.00776296
-5.53 0.007887
-5.52 0.00801267
-5.51 0.00813997
-5.5 0.00826892
-5.49 0.00839955
-5.48 0.00853185
-5.47 0.00866586
-5.46 0.00880157
-5.45 0.00893902
-5.44 0.0090782
-5.43 0.00921914
-5.42 0.00936185
-5.41 0.00950635
-5.4 0.00965264
-5.39 0.00980075
-5.38 0.00995069
-5.37 0.0101025
-5.36 0.0102561
-5.35 0.0104116
-5.34 0.010569
-5.33 0.0107283
-5.32 0.0108895
-5.31 0.0110527
-5.3 0.0112178
-5.29 0.0113848
-5.28 0.0115538
-5.27 0.0117248
-5.26 0.0118978
-5.25 0.0120729
-5.24 0.0122499
-5.23 0.012429
-5.22 0.0126101
-5.21 0.0127933
-5.2 0.0129786
-5.19 0.013166
-5.18 0.0133555
-5.17 0.0135472
-5.16 0.0137409
-5.15 0.0139368
-5.14 0.0141349
-5.13 0.0143352
-5.12 0.0145376
-5.11 0.0147423
-5.1 0.0149491
-5.09 0.0151582
-5.08 0.0153695
-5.07 0.0155831
-5.06 0.0157989
-5.05 0.016017
-5.04 0.0162374
-5.03 0.0164601
-5.02 0.0166851
-5.01 0.0169125
-5 0.0171421
-4.99 0.0173741
-4.98 0.0176085
-4.97 0.0178452
-4.96 0.0180843
-4.95 0.0183258
-4.94 0.0185697
-4.93 0.018816
-4.92 0.0190647
-4.91 0.0193159
-4.9 0.0195694
-4.89 0.0198255
-4.88 0.0200839
-4.87 0.0203449
-4.86 0.0206083
-4.85 0.0208742
-4.84 0.0211425
-4.83 0.0214134
-4.82 0.0216868
-4.81 0.0219627
-4.8 0.0222411
-4.79 0.022522
-4.78 0.0228055
-4.77 0.0230915
-4.76 0.02338
-4.75 0.0236711
-4.74 0.0239648
-4.73 0.024261
-4.72 0.0245598
-4.71 0.0248612
-4.7 0.0251651
-4.69 0.0254716
-4.68 0.0257807
-4.67 0.0260924
-4.66 0.0264067
-4.65 0.0267236
-4.64 0.027043
-4.63 0.0273651
-4.62 0.0276898
-4.61 0.0280171
-4.6 0.028347
-4.59 0.0286794
-4.58 0.0290146
-4.57 0.0293523
-4.56 0.0296926
-4.55 0.0300355
-4.54 0.0303811
-4.53 0.0307292
-4.52 0.0310799
-4.51 0.0314333
-4.5 0.0317893
-4.49 0.0321478
-4.48 0.032509
-4.47 0.0328727
-4.46 0.0332391
-4.45 0.033608
-4.44 0.0339795
-4.43 0.0343536
-4.42 0.0347302
-4.41 0.0351095
-4.4 0.0354913
-4.39 0.0358756
-4.38 0.0362625
-4.37 0.0366519
-4.36 0.0370439
-4.35 0.0374384
-4.34 0.0378354
-4.33 0.038235
-4.32 0.038637
-4.31 0.0390415
-4.3 0.0394485
-4.29 0.039858
-4.28 0.0402699
-4.27 0.0406843
-4.26 0.0411011
-4.25 0.0415204
-4.24 0.041942
-4.23 0.0423661
-4.22 0.0427925
-4.21 0.0432213
-4.2 0.0436525
-4.19 0.044086
-4.18 0.0445219
-4.17 0.04496
-4.16 0.0454005
-4.15 0.0458432
-4.14 0.0462882
-4.13 0.0467354
-4.12 0.0471849
-4.11 0.0476366
-4.1 0.0480904
-4.09 0.0485465
-4.08 0.0490047
-4.07 0.049465
-4.06 0.0499274
-4.05 0.0503919
-4.04 0.0508585
-4.03 0.0513271
-4.02 0.0517978
-4.01 0.0522704
-4 0.052745
-3.99 0.0532216
-3.98 0.0537001
-3.97 0.0541805
-3.96 0.0546628
-3.95 0.0551469
-3.94 0.0556328
-3.93 0.0561206
-3.92 0.0566101
-3.91 0.0571013
-3.9 0.0575943
-3.89 0.058089
-3.88 0.0585853
-3.87 0.0590832
-3.86 0.0595828
-3.85 0.0600839
-3.84 0.0605865
-3.83 0.0610906
-3.82 0.0615963
-3.81 0.0621033
-3.8 0.0626118
-3.79 0.0631216
-3.78 0.0636328
-3.77 0.0641453
-3.76 0.064659
-3.75 0.065174
-3.74 0.0656902
-3.73 0.0662076
-3.72 0.0667261
-3.71 0.0672457
-3.7 0.0677664
-3.69 0.068288
-3.68 0.0688107
-3.67 0.0693343
-3.66 0.0698588
-3.65 0.0703842
-3.64 0.0709104
-3.63 0.0714374
-3.62 0.0719652
-3.61 0.0724936
-3.6 0.0730228
-3.59 0.0735525
-3.58 0.0740829
-3.57 0.0746138
-3.56 0.0751452
-3.55 0.075677
-3.54 0.0762093
-3.53 0.076742
-3.52 0.077275
-3.51 0.0778083
-3.5 0.0783418
-3.49 0.0788755
-3.48 0.0794094
-3.47 0.0799434
-3.46 0.0804775
-3.45 0.0810116
-3.44 0.0815456
-3.43 0.0820796
-3.42 0.0826135
-3.41 0.0831472
-3.4 0.0836808
-3.39 0.084214
-3.38 0.084747
-3.37 0.0852796
-3.36 0.0858118
-3.35 0.0863436
-3.34 0.0868749
-3.33 0.0874057
-3.32 0.0879359
-3.31 0.0884654
-3.3 0.0889943
-3.29 0.0895224
-3.28 0.0900498
-3.27 0.0905763
-3.26 0.091102
-3.25 0.0916267
-3.24 0.0921505
-3.23 0.0926733
-3.22 0.0931949
-3.21 0.0937155
-3.2 0.0942349
-3.19 0.0947531
-3.18 0.09527
-3.17 0.0957856
-3.16 0.0962998
-3.15 0.0968127
-3.14 0.097324
-3.13 0.0978339
-3.12 0.0983422
-3.11 0.0988489
-3.1 0.0993539
-3.09 0.0998572
-3.08 0.100359
-3.07 0.100859
-3.06 0.101356
-3.05 0.101852
-3.04 0.102347
-3.03 0.102839
-3.02 0.103329
-3.01 0.103817
-3 0.104302
-2.99 0.104786
-2.98 0.105267
-2.97 0.105746
-2.96 0.106223
-2.95 0.106698
-2.94 0.107169
-2.93 0.107639
-2.92 0.108106
-2.91 0.10857
-2.9 0.109032
-2.89 0.109491
-2.88 0.109948
-2.87 0.110401
-2.86 0.110852
-2.85 0.1113
-2.84 0.111745
-2.83 0.112188
-2.82 0.112627
-2.81 0.113063
-2.8 0.113497
-2.79 0.113927
-2.78 0.114354
-2.77 0.114778
-2.76 0.115198
-2.75 0.115616
-2.74 0.11603
-2.73 0.11644
-2.72 0.116848
-2.71 0.117252
-2.7 0.117652
-2.69 0.118049
-2.68 0.118443
-2.67 0.118833
-2.66 0.119219
-2.65 0.119602
-2.64 0.119981
-2.63 0.120356
-2.62 0.120728
-2.61 0.121095
-2.6 0.121459
-2.59 0.12182
-2.58 0.122176
-2.57 0.122528
-2.56 0.122877
-2.55 0.123221
-2.54 0.123562
-2.53 0.123898
-2.52 0.124231
-2.51 0.124559
-2.5 0.124883
-2.49 0.125203
-2.48 0.125519
-2.47 0.125831
-2.46 0.126139
-2.45 0.126442
-2.44 0.126741
-2.43 0.127036
-2.42 0.127327
-2.41 0.127613
-2.4 0.127895
-2.39 0.128173
-2.38 0.128446
-2.37 0.128715
-2.36 0.128979
-2.35 0.129239
-2.34 0.129495
-2.33 0.129746
-2.32 0.129992
-2.31 0.130234
-2.3 0.130472
-2.29 0.130705
-2.28 0.130934
-2.27 0.131158
-2.26 0.131378
-2.25 0.131593
-2.24 0.131803
-2.23 0.132009
-2.22 0.13221
-2.21 0.132407
-2.2 0.132599
-2.19 0.132787
-2.18 0.13297
-2.17 0.133149
-2.16 0.133323
-2.15 0.133492
-2.14 0.133657
-2.13 0.133817
-2.12 0.133972
-2.11 0.134123
-2.1 0.13427
-2.09 0.134412
-2.08 0.134549
-2.07 0.134682
-2.06 0.13481
-2.05 0.134933
-2.04 0.135053
-2.03 0.135167
-2.02 0.135277
-2.01 0.135383
-2 0.135484
-1.99 0.13558
-1.98 0.135672
-1.97 0.13576
-1.96 0.135843
-1.95 0.135922
-1.94 0.135996
-1.93 0.136066
-1.92 0.136132
-1.91 0.136193
-1.9 0.13625
-1.89 0.136303
-1.88 0.136351
-1.87 0.136395
-1.86 0.136435
-1.85 0.136471
-1.84 0.136502
-1.83 0.136529
-1.82 0.136552
-1.81 0.136571
-1.8 0.136586
-1.79 0.136597
-1.78 0.136604
-1.77 0.136606
-1.76 0.136605
-1.75 0.1366
-1.74 0.136591
-1.73 0.136578
-1.72 0.136561
-1.71 0.136541
-1.7 0.136516
-1.69 0.136488
-1.68 0.136456
-1.67 0.13642
-1.66 0.136381
-1.65 0.136338
-1.64 0.136292
-1.63 0.136242
-1.62 0.136189
-1.61 0.136132
-1.6 0.136072
-1.59 0.136008
-1.58 0.135941
-1.57 0.135871
-1.56 0.135797
-1.55 0.135721
-1.54 0.135641
-1.53 0.135558
-1.52 0.135472
-1.51 0.135383
-1.5 0.135291
-1.49 0.135196
-1.48 0.135098
-1.47 0.134998
-1.46 0.134894
-1.45 0.134788
-1.44 0.134679
-1.43 0.134568
-1.42 0.134454
-1.41 0.134337
-1.4 0.134218
-1.39 0.134096
-1.38 0.133972
-1.37 0.133846
-1.36 0.133717
-1.35 0.133586
-1.34 0.133453
-1.33 0.133318
-1.32 0.133181
-1.31 0.133042
-1.3 0.1329
-1.29 0.132757
-1.28 0.132612
-1.27 0.132465
-1.26 0.132316
-1.25 0.132166
-1.24 0.132014
-1.23 0.13186
-1.22 0.131705
-1.21 0.131548
-1.2 0.13139
-1.19 0.13123
-1.18 0.131069
-1.17 0.130907
-1.16 0.130743
-1.15 0.130579
-1.14 0.130413
-1.13 0.130246
-1.12 0.130078
-1.11 0.129909
-1.1 0.12974
-1.09 0.129569
-1.08 0.129398
-1.07 0.129226
-1.06 0.129053
-1.05 0.12888
-1.04 0.128706
-1.03 0.128531
-1.02 0.128356
-1.01 0.128181
-1 0.128005
-0.99 0.127829
-0.98 0.127653
-0.97 0.127476
-0.96 0.1273
-0.95 0.127123
-0.94 0.126946
-0.93 0.12677
-0.92 0.126593
-0.91 0.126417
-0.9 0.12624
-0.89 0.126064
-0.88 0.125888
-0.87 0.125713
-0.86 0.125538
-0.85 0.125363
-0.84 0.125189
-0.83 0.125015
-0.82 0.124842
-0.81 0.12467
-0.8 0.124498
-0.79 0.124327
-0.78 0.124157
-0.77 0.123987
-0.76 0.123819
-0.75 0.123651
-0.74 0.123485
-0.73 0.123319
-0.72 0.123154
-0.71 0.122991
-0.7 0.122829
-0.69 0.122668
-0.68 0.122508
-0.67 0.122349
-0.66 0.122192
-0.65 0.122036
-0.64 0.121882
-0.63 0.121729
-0.62 0.121577
-0.61 0.121427
-0.6 0.121279
-0.59 0.121132
-0.58 0.120987
-0.57 0.120844
-0.56 0.120702
-0.55 0.120563
-0.54 0.120425
-0.53 0.120288
-0.52 0.120154
-0.51 0.120022
-0.5 0.119892
-0.49 0.119763
-0.48 0.119637
-0.47 0.119513
-0.46 0.11939
-0.45 0.11927
-0.44 0.119153
-0.43 0.119037
-0.42 0.118924
-0.41 0.118812
-0.4 0.118703
-0.39 0.118597
-0.38 0.118493
-0.37 0.118391
-0.36 0.118291
-0.35 0.118194
-0.34 0.1181
-0.33 0.118007
-0.32 0.117918
-0.31 0.117831
-0.3 0.117746
-0.29 0.117664
-0.28 0.117584
-0.27 0.117508
-0.26 0.117433
-0.25 0.117362
-0.24 0.117293
-0.23 0.117226
-0.22 0.117163
-0.21 0.117102
-0.2 0.117044
-0.19 0.116988
-0.18 0.116936
-0.17 0.116886
-0.16 0.116839
-0.15 0.116795
-0.14 0.116753
-0.13 0.116714
-0.12 0.116679
-0.11 0.116646
-0.1 0.116615
-0.09 0.116588
-0.08 0.116564
-0.07 0.116542
-0.06 0.116523
-0.05 0.116507
-0.04 0.116494
-0.03 0.116484
-0.02 0.116477
-0.01 0.116473
0 0.116471
0.01 0.116473
0.02 0.116477
0.03 0.116484
0.04 0.116494
0.05 0.116507
0.06 0.116523
0.07 0.116542
0.08 0.116564
0.09 0.116588
0.1 0.116615
0.11 0.116646
0.12 0.116679
0.13 0.116714
0.14 0.116753
0.15 0.116795
0.16 0.116839
0.17 0.116886
0.18 0.116936
0.19 0.116988
0.2 0.117044
0.21 0.117102
0.22 0.117163
0.23 0.117226
0.24 0.117293
0.25 0.117362
0.26 0.117433
0.27 0.117508
0.28 0.117584
0.29 0.117664
0.3 0.117746
0.31 0.117831
0.32 0.117918
0.33 0.118007
0.34 0.1181
0.35 0.118194
0.36 0.118291
0.37 0.118391
0.38 0.118493
0.39 0.118597
0.4 0.118703
0.41 0.118812
0.42 0.118924
0.43 0.119037
0.44 0.119153
0.45 0.11927
0.46 0.11939
0.47 0.119513
0.48 0.119637
0.49 0.119763
0.5 0.119892
0.51 0.120022
0.52 0.120154
0.53 0.120288
0.54 0.120425
0.55 0.120563
0.56 0.120702
0.57 0.120844
0.58 0.120987
0.59 0.121132
0.6 0.121279
0.61 0.121427
0.62 0.121577
0.63 0.121729
0.64 0.121882
0.65 0.122036
0.66 0.122192
0.67 0.122349
0.68 0.122508
0.69 0.122668
0.7 0.122829
0.71 0.122991
0.72 0.123154
0.73 0.123319
0.74 0.123485
0.75 0.123651
0.76 0.123819
0.77 0.123987
0.78 0.124157
0.79 0.124327
0.8 0.124498
0.81 0.12467
0.82 0.124842
0.83 0.125015
0.84 0.125189
0.85 0.125363
0.86 0.125538
0.87 0.125713
0.88 0.125888
0.89 0.126064
0.9 0.12624
0.91 0.126417
0.92 0.126593
0.93 0.12677
0.94 0.126946
0.95 0.127123
0.96 0.1273
0.97 0.127476
0.98 0.127653
0.99 0.127829
1 0.128005
1.01 0.128181
1.02 0.128356
1.03 0.128531
1.04 0.128706
1.05 0.12888
1.06 0.129053
1.07 0.129226
1.08 0.129398
1.09 0.129569
1.1 0.12974
1.11 0.129909
1.12 0.130078
1.13 0.130246
1.14 0.130413
1.15 0.130579
1.16 0.130743
1.17 0.130907
1.18 0.131069
1.19 0.13123
1.2 0.13139
1.21 0.131548
1.22 0.131705
1.23 0.13186
1.24 0.132014
1.25 0.132166
1.26 0.132316
1.27 0.132465
1.28 0.132612
1.29 0.132757
1.3 0.1329
1.31 0.133042
1.32 0.133181
1.33 0.133318
1.34 0.133453
1.35 0.133586
1.36 0.133717
1.37 0.133846
1.38 0.133972
1.39 0.134096
1.4 0.134218
1.41 0.134337
1.42 0.134454
1.43 0.134568
1.44 0.134679
1.45 0.134788
1.46 0.134894
1.47 0.134998
1.48 0.135098
1.49 0.135196
1.5 0.135291
1.51 0.135383
1.52 0.135472
1.53 0.135558
1.54 0.135641
1.55 0.135721
1.56 0.135797
1.57 0.135871
1.58 0.135941
1.59 0.136008
1.6 0.136072
1.61 0.136132
1.62 0.136189
1.63 0.136242
1.64 0.136292
1.65 0.136338
1.66 0.136381
1.67 0.13642
1.68 0.136456
1.69 0.136488
1.7 0.136516
1.71 0.136541
1.72 0.136561
1.73 0.136578
1.74 0.136591
1.75 0.1366
1.76 0.136605
1.77 0.136606
1.78 0.136604
1.79 0.136597
1.8 0.136586
1.81 0.136571
1.82 0.136552
1.83 0.136529
1.84 0.136502
1.85 0.136471
1.86 0.136435
1.87 0.136395
1.88 0.136351
1.89 0.136303
1.9 0.13625
1.91 0.136193
1.92 0.136132
1.93 0.136066
1.94 0.135996
1.95 0.135922
1.96 0.135843
1.97 0.13576
1.98 0.135672
1.99 0.13558
2 0.135484
2.01 0.135383
2.02 0.135277
2.03 0.135167
2.04 0.135053
2.05 0.134933
2.06 0.13481
2.07 0.134682
2.08 0.134549
2.09 0.134412
2.1 0.13427
2.11 0.134123
2.12 0.133972
2.13 0.133817
2.14 0.133657
2.15 0.133492
2.16 0.133323
2.17 0.133149
2.18 0.13297
2.19 0.132787
2.2 0.132599
2.21 0.132407
2.22 0.13221
2.23 0.132009
2.24 0.131803
2.25 0.131593
2.26 0.131378
2.27 0.131158
2.28 0.130934
2.29 0.130705
2.3 0.130472
2.31 0.130234
2.32 0.129992
2.33 0.129746
2.34 0.129495
2.35 0.129239
2.36 0.128979
2.37 0.128715
2.38 0.128446
2.39 0.128173
2.4 0.127895
2.41 0.127613
2.42 0.127327
2.43 0.127036
2.44 0.126741
2.45 0.126442
2.46 0.126139
2.47 0.125831
2.48 0.125519
2.49 0.125203
2.5 0.124883
2.51 0.124559
2.52 0.124231
2.53 0.123898
2.54 0.123562
2.55 0.123221
2.56 0.122877
2.57 0.122528
2.58 0.122176
2.59 0.12182
2.6 0.121459
2.61 0.121095
2.62 0.120728
2.63 0.120356
2.64 0.119981
2.65 0.119602
2.66 0.119219
2.67 0.118833
2.68 0.118443
2.69 0.118049
2.7 0.117652
2.71 0.117252
2.72 0.116848
2.73 0.11644
2.74 0.11603
2.75 0.115616
2.76 0.115198
2.77 0.114778
2.78 0.114354
2.79 0.113927
2.8 0.113497
2.81 0.113063
2.82 0.112627
2.83 0.112188
2.84 0.111745
2.85 0.1113
2.86 0.110852
2.87 0.110401
2.88 0.109948
2.89 0.109491
2.9 0.109032
2.91 0.10857
2.92 0.108106
2.93 0.107639
2.94 0.107169
2.95 0.106698
2.96 0.106223
2.97 0.105746
2.98 0.105267
2.99 0.104786
3 0.104302
3.01 0.103817
3.02 0.103329
3.03 0.102839
3.04 0.102347
3.05 0.101852
3.06 0.101356
3.07 0.100859
3.08 0.100359
3.09 0.0998572
3.1 0.0993539
3.11 0.0988489
3.12 0.0983422
3.13 0.0978339
3.14 0.097324
3.15 0.0968127
3.16 0.0962998
3.17 0.0957856
3.18 0.09527
3.19 0.0947531
3.2 0.0942349
3.21 0.0937155
3.22 0.0931949
3.23 0.0926733
3.24 0.0921505
3.25 0.0916267
3.26 0.091102
3.27 0.0905763
3.28 0.0900498
3.29 0.0895224
3.3 0.0889943
3.31 0.0884654
3.32 0.0879359
3.33 0.0874057
3.34 0.0868749
3.35 0.0863436
3.36 0.0858118
3.37 0.0852796
3.38 0.084747
3.39 0.084214
3.4 0.0836808
3.41 0.0831472
3.42 0.0826135
3.43 0.0820796
3.44 0.0815456
3.45 0.0810116
3.46 0.0804775
3.47 0.0799434
3.48 0.0794094
3.49 0.0788755
3.5 0.0783418
3.51 0.0778083
3.52 0.077275
3.53 0.076742
3.54 0.0762093
3.55 0.075677
3.56 0.0751452
3.57 0.0746138
3.58 0.0740829
3.59 0.0735525
3.6 0.0730228
3.61 0.0724936
3.62 0.0719652
3.63 0.0714374
3.64 0.0709104
3.65 0.0703842
3.66 0.0698588
3.67 0.0693343
3.68 0.0688107
3.69 0.068288
3.7 0.0677664
3.71 0.0672457
3.72 0.0667261
3.73 0.0662076
3.74 0.0656902
3.75 0.065174
3.76 0.064659
3.77 0.0641453
3.78 0.0636328
3.79 0.0631216
3.8 0.0626118
3.81 0.0621033
3.82 0.0615963
3.83 0.0610906
3.84 0.0605865
3.85 0.0600839
3.86 0.0595828
3.87 0.0590832
3.88 0.0585853
3.89 0.058089
3.9 0.0575943
3.91 0.0571013
3.92 0.0566101
3.93 0.0561206
3.94 0.0556328
3.95 0.0551469
3.96 0.0546628
3.97 0.0541805
3.98 0.0537001
3.99 0.0532216
4 0.052745
4.01 0.0522704
4.02 0.0517978
4.03 0.0513271
4.04 0.0508585
4.05 0.0503919
4.06 0.0499274
4.07 0.049465
4.08 0.0490047
4.09 0.0485465
4.1 0.0480904
4.11 0.0476366
4.12 0.0471849
4.13 0.0467354
4.14 0.0462882
4.15 0.0458432
4.16 0.0454005
4.17 0.04496
4.18 0.0445219
4.19 0.044086
4.2 0.0436525
4.21 0.0432213
4.22 0.0427925
4.23 0.0423661
4.24 0.041942
4.25 0.0415204
4.26 0.0411011
4.27 0.0406843
4.28 0.0402699
4.29 0.039858
4.3 0.0394485
4.31 0.0390415
4.32 0.038637
4.33 0.038235
4.34 0.0378354
4.35 0.0374384
4.36 0.0370439
4.37 0.0366519
4.38 0.0362625
4.39 0.0358756
4.4 0.0354913
4.41 0.0351095
4.42 0.0347302
4.43 0.0343536
4.44 0.0339795
4.45 0.033608
4.46 0.0332391
4.47 0.0328727
4.48 0.032509
4.49 0.0321478
4.5 0.0317893
4.51 0.0314333
4.52 0.0310799
4.53 0.0307292
4.54 0.0303811
4.55 0.0300355
4.56 0.0296926
4.57 0.0293523
4.58 0.0290146
4.59 0.0286794
4.6 0.028347
4.61 0.0280171
4.62 0.0276898
4.63 0.0273651
4.64 0.027043
4.65 0.0267236
4.66 0.0264067
4.67 0.0260924
4.68 0.0257807
4.69 0.0254716
4.7 0.0251651
4.71 0.0248612
4.72 0.0245598
4.73 0.024261
4.74 0.0239648
4.75 0.0236711
4.76 0.02338
4.77 0.0230915
4.78 0.0228055
4.79 0.022522
4.8 0.0222411
4.81 0.0219627
4.82 0.0216868
4.83 0.0214134
4.84 0.0211425
4.85 0.0208742
4.86 0.0206083
4.87 0.0203449
4.88 0.0200839
4.89 0.0198255
4.9 0.0195694
4.91 0.0193159
4.92 0.0190647
4.93 0.018816
4.94 0.0185697
4.95 0.0183258
4.96 0.0180843
4.97 0.0178452
4.98 0.0176085
4.99 0.0173741
5 0.0171421
5.01 0.0169125
5.02 0.0166851
5.03 0.0164601
5.04 0.0162374
5.05 0.016017
5.06 0.0157989
5.07 0.0155831
5.08 0.0153695
5.09 0.0151582
5.1 0.0149491
5.11 0.0147423
5.12 0.0145376
5.13 0.0143352
5.14 0.0141349
5.15 0.0139368
5.16 0.0137409
5.17 0.0135472
5.18 0.0133555
5.19 0.013166
5.2 0.0129786
5.21 0.0127933
5.22 0.0126101
5.23 0.012429
5.24 0.0122499
5.25 0.0120729
5.26 0.0118978
5.27 0.0117248
5.28 0.0115538
5.29 0.0113848
5.3 0.0112178
5.31 0.0110527
5.32 0.0108895
5.33 0.0107283
5.34 0.010569
5.35 0.0104116
5.36 0.0102561
5.37 0.0101025
5.38 0.00995069
5.39 0.00980075
5.4 0.00965264
5.41 0.00950635
5.42 0.00936185
5.43 0.00921914
5.44 0.0090782
5.45 0.00893902
5.46 0.00880157
5.47 0.00866586
5.48 0.00853185
5.49 0.00839955
5.5 0.00826892
5.51 0.00813997
5.52 0.00801267
5.53 0.007887
5.54 0.00776296
5.55 0.00764054
5.56 0.0075197
5.57 0.00740045
5.58 0.00728276
5.59 0.00716663
5.6 0.00705203
5.61 0.00693896
5.62 0.00682739
5.63 0.00671732
5.64 0.00660873
5.65 0.0065016
5.66 0.00639593
5.67 0.00629169
5.68 0.00618887
5.69 0.00608747
5.7 0.00598745
5.71 0.00588882
5.72 0.00579155
5.73 0.00569564
5.74 0.00560107
5.75 0.00550782
5.76 0.00541588
5.77 0.00532523
5.78 0.00523587
5.79 0.00514779
5.8 0.00506095
5.81 0.00497536
5.82 0.004891
5.83 0.00480786
5.84 0.00472591
5.85 0.00464516
5.86 0.00456558
5.87 0.00448717
5.88 0.0044099
5.89 0.00433378
5.9 0.00425877
5.91 0.00418488
5.92 0.00411209
5.93 0.00404038
5.94 0.00396975
5.95 0.00390017
5.96 0.00383165
5.97 0.00376416
5.98 0.0036977
5.99 0.00363224
