-6 0.00140812
-5.99 0.00143645
-5.98 0.00146529
-5.97 0.00149464
-5.96 0.00152451
-5.95 0.00155491
-5.94 0.00158584
-5.93 0.00161731
-5.92 0.00164934
-5.91 0.00168193
-5.9 0.00171508
-5.89 0.00174881
-5.88 0.00178313
-5.87 0.00181803
-5.86 0.00185354
-5.85 0.00188966
-5.84 0.00192639
-5.83 0.00196375
-5.82 0.00200175
-5.81 0.00204039
-5.8 0.00207969
-5.79 0.00211965
-5.78 0.00216028
-5.77 0.00220159
-5.76 0.00224359
-5.75 0.00228629
-5.74 0.0023297
-5.73 0.00237383
-5.72 0.00241869
-5.71 0.00246429
-5.7 0.00251063
-5.69 0.00255773
-5.68 0.0026056
-5.67 0.00265425
-5.66 0.00270369
-5.65 0.00275392
-5.64 0.00280497
-5.63 0.00285683
-5.62 0.00290952
-5.61 0.00296305
-5.6 0.00301744
-5.59 0.00307268
-5.58 0.0031288
-5.57 0.0031858
-5.56 0.0032437
-5.55 0.0033025
-5.54 0.00336221
-5.53 0.00342286
-5.52 0.00348444
-5.51 0.00354698
-5.5 0.00361048
-5.49 0.00367495
-5.48 0.0037404
-5.47 0.00380686
-5.46 0.00387432
-5.45 0.0039428
-5.44 0.00401232
-5.43 0.00408287
-5.42 0.00415449
-5.41 0.00422717
-5.4 0.00430094
-5.39 0.0043758
-5.38 0.00445176
-5.37 0.00452884
-5.36 0.00460705
-5.35 0.0046864
-5.34 0.00476691
-5.33 0.00484859
-5.32 0.00493145
-5.31 0.0050155
-5.3 0.00510076
-5.29 0.00518723
-5.28 0.00527494
-5.27 0.0053639
-5.26 0.00545411
-5.25 0.00554559
-5.24 0.00563836
-5.23 0.00573243
-5.22 0.0058278
-5.21 0.0059245
-5.2 0.00602254
-5.19 0.00612193
-5.18 0.00622268
-5.17 0.00632482
-5.16 0.00642834
-5.15 0.00653327
-5.14 0.00663961
-5.13 0.00674739
-5.12 0.00685662
-5.11 0.0069673
-5.1 0.00707946
-5.09 0.0071931
-5.08 0.00730824
-5.07 0.0074249
-5.06 0.00754309
-5.05 0.00766282
-5.04 0.0077841
-5.03 0.00790695
-5.02 0.00803139
-5.01 0.00815742
-5 0.00828507
-4.99 0.00841434
-4.98 0.00854525
-4.97 0.00867781
-4.96 0.00881204
-4.95 0.00894794
-4.94 0.00908555
-4.93 0.00922486
-4.92 0.00936589
-4.91 0.00950866
-4.9 0.00965317
-4.89 0.00979945
-4.88 0.00994751
-4.87 0.0100974
-4.86 0.010249
-4.85 0.0104025
-4.84 0.0105578
-4.83 0.0107149
-4.82 0.0108739
-4.81 0.0110348
-4.8 0.0111976
-4.79 0.0113622
-4.78 0.0115288
-4.77 0.0116973
-4.76 0.0118677
-4.75 0.0120401
-4.74 0.0122145
-4.73 0.0123908
-4.72 0.0125691
-4.71 0.0127494
-4.7 0.0129318
-4.69 0.0131162
-4.68 0.0133026
-4.67 0.013491
-4.66 0.0136816
-4.65 0.0138742
-4.64 0.0140689
-4.63 0.0142657
-4.62 0.0144646
-4.61 0.0146657
-4.6 0.0148688
-4.59 0.0150742
-4.58 0.0152817
-4.57 0.0154914
-4.56 0.0157032
-4.55 0.0159173
-4.54 0.0161336
-4.53 0.016352
-4.52 0.0165728
-4.51 0.0167957
-4.5 0.0170209
-4.49 0.0172484
-4.48 0.0174781
-4.47 0.0177101
-4.46 0.0179445
-4.45 0.0181811
-4.44 0.01842
-4.43 0.0186612
-4.42 0.0189048
-4.41 0.0191507
-4.4 0.019399
-4.39 0.0196496
-4.38 0.0199026
-4.37 0.0201579
-4.36 0.0204157
-4.35 0.0206758
-4.34 0.0209383
-4.33 0.0212032
-4.32 0.0214706
-4.31 0.0217403
-4.3 0.0220125
-4.29 0.0222871
-4.28 0.0225642
-4.27 0.0228437
-4.26 0.0231256
-4.25 0.02341
-4.24 0.0236969
-4.23 0.0239862
-4.22 0.024278
-4.21 0.0245723
-4.2 0.024869
-4.19 0.0251683
-4.18 0.02547
-4.17 0.0257743
-4.16 0.026081
-4.15 0.0263902
-4.14 0.0267019
-4.13 0.0270162
-4.12 0.0273329
-4.11 0.0276522
-4.1 0.0279739
-4.09 0.0282982
-4.08 0.028625
-4.07 0.0289543
-4.06 0.0292861
-4.05 0.0296205
-4.04 0.0299573
-4.03 0.0302967
-4.02 0.0306386
-4.01 0.030983
-4 0.0313299
-3.99 0.0316793
-3.98 0.0320313
-3.97 0.0323857
-3.96 0.0327427
-3.95 0.0331021
-3.94 0.0334641
-3.93 0.0338285
-3.92 0.0341955
-3.91 0.0345649
-3.9 0.0349368
-3.89 0.0353112
-3.88 0.0356881
-3.87 0.0360674
-3.86 0.0364492
-3.85 0.0368335
-3.84 0.0372202
-3.83 0.0376093
-3.82 0.0380009
-3.81 0.038395
-3.8 0.0387914
-3.79 0.0391903
-3.78 0.0395915
-3.77 0.0399952
-3.76 0.0404012
-3.75 0.0408096
-3.74 0.0412204
-3.73 0.0416336
-3.72 0.0420491
-3.71 0.0424669
-3.7 0.042887
-3.69 0.0433095
-3.68 0.0437343
-3.67 0.0441613
-3.66 0.0445906
-3.65 0.0450222
-3.64 0.0454561
-3.63 0.0458921
-3.62 0.0463304
-3.61 0.0467709
-3.6 0.0472136
-3.59 0.0476585
-3.58 0.0481055
-3.57 0.0485547
-3.56 0.049006
-3.55 0.0494594
-3.54 0.0499149
-3.53 0.0503724
-3.52 0.0508321
-3.51 0.0512938
-3.5 0.0517575
-3.49 0.0522232
-3.48 0.0526908
-3.47 0.0531605
-3.46 0.0536321
-3.45 0.0541056
-3.44 0.0545811
-3.43 0.0550584
-3.42 0.0555376
-3.41 0.0560186
-3.4 0.0565014
-3.39 0.0569861
-3.38 0.0574725
-3.37 0.0579607
-3.36 0.0584506
-3.35 0.0589422
-3.34 0.0594355
-3.33 0.0599305
-3.32 0.0604271
-3.31 0.0609253
-3.3 0.0614251
-3.29 0.0619264
-3.28 0.0624293
-3.27 0.0629338
-3.26 0.0634397
-3.25 0.063947
-3.24 0.0644558
-3.23 0.064966
-3.22 0.0654776
-3.21 0.0659905
-3.2 0.0665048
-3.19 0.0670204
-3.18 0.0675372
-3.17 0.0680553
-3.16 0.0685746
-3.15 0.0690951
-3.14 0.0696167
-3.13 0.0701395
-3.12 0.0706633
-3.11 0.0711883
-3.1 0.0717143
-3.09 0.0722413
-3.08 0.0727692
-3.07 0.0732982
-3.06 0.073828
-3.05 0.0743588
-3.04 0.0748904
-3.03 0.0754228
-3.02 0.0759561
-3.01 0.0764901
-3 0.0770248
-2.99 0.0775603
-2.98 0.0780964
-2.97 0.0786332
-2.96 0.0791706
-2.95 0.0797086
-2.94 0.0802472
-2.93 0.0807862
-2.92 0.0813258
-2.91 0.0818658
-2.9 0.0824062
-2.89 0.082947
-2.88 0.0834882
-2.87 0.0840297
-2.86 0.0845715
-2.85 0.0851136
-2.84 0.0856559
-2.83 0.0861984
-2.82 0.0867411
-2.81 0.0872839
-2.8 0.0878269
-2.79 0.0883699
-2.78 0.0889129
-2.77 0.0894559
-2.76 0.089999
-2.75 0.0905419
-2.74 0.0910848
-2.73 0.0916276
-2.72 0.0921702
-2.71 0.0927126
-2.7 0.0932549
-2.69 0.0937968
-2.68 0.0943385
-2.67 0.0948799
-2.66 0.095421
-2.65 0.0959617
-2.64 0.096502
-2.63 0.0970418
-2.62 0.0975812
-2.61 0.0981201
-2.6 0.0986585
-2.59 0.0991964
-2.58 0.0997336
-2.57 0.10027
-2.56 0.100806
-2.55 0.101342
-2.54 0.101876
-2.53 0.10241
-2.52 0.102943
-2.51 0.103476
-2.5 0.104007
-2.49 0.104538
-2.48 0.105068
-2.47 0.105596
-2.46 0.106124
-2.45 0.106652
-2.44 0.107178
-2.43 0.107703
-2.42 0.108227
-2.41 0.10875
-2.4 0.109271
-2.39 0.109792
-2.38 0.110312
-2.37 0.11083
-2.36 0.111347
-2.35 0.111863
-2.34 0.112378
-2.33 0.112892
-2.32 0.113404
-2.31 0.113915
-2.3 0.114424
-2.29 0.114933
-2.28 0.115439
-2.27 0.115945
-2.26 0.116449
-2.25 0.116951
-2.24 0.117452
-2.23 0.117952
-2.22 0.11845
-2.21 0.118947
-2.2 0.119442
-2.19 0.119935
-2.18 0.120427
-2.17 0.120917
-2.16 0.121406
-2.15 0.121893
-2.14 0.122378
-2.13 0.122862
-2.12 0.123344
-2.11 0.123824
-2.1 0.124302
-2.09 0.124779
-2.08 0.125254
-2.07 0.125727
-2.06 0.126198
-2.05 0.126668
-2.04 0.127136
-2.03 0.127602
-2.02 0.128066
-2.01 0.128528
-2 0.128988
-1.99 0.129446
-1.98 0.129903
-1.97 0.130357
-1.96 0.13081
-1.95 0.131261
-1.94 0.131709
-1.93 0.132156
-1.92 0.132601
-1.91 0.133044
-1.9 0.133484
-1.89 0.133923
-1.88 0.13436
-1.87 0.134795
-1.86 0.135227
-1.85 0.135658
-1.84 0.136086
-1.83 0.136513
-1.82 0.136937
-1.81 0.13736
-1.8 0.13778
-1.79 0.138198
-1.78 0.138614
-1.77 0.139028
-1.76 0.13944
-1.75 0.13985
-1.74 0.140257
-1.73 0.140663
-1.72 0.141066
-1.71 0.141467
-1.7 0.141867
-1.69 0.142263
-1.68 0.142658
-1.67 0.143051
-1.66 0.143441
-1.65 0.14383
-1.64 0.144216
-1.63 0.1446
-1.62 0.144981
-1.61 0.145361
-1.6 0.145738
-1.59 0.146114
-1.58 0.146487
-1.57 0.146858
-1.56 0.147226
-1.55 0.147593
-1.54 0.147957
-1.53 0.148319
-1.52 0.148679
-1.51 0.149037
-1.5 0.149392
-1.49 0.149746
-1.48 0.150097
-1.47 0.150446
-1.46 0.150792
-1.45 0.151137
-1.44 0.151479
-1.43 0.151819
-1.42 0.152157
-1.41 0.152493
-1.4 0.152826
-1.39 0.153157
-1.38 0.153486
-1.37 0.153813
-1.36 0.154138
-1.35 0.15446
-1.34 0.154781
-1.33 0.155099
-1.32 0.155414
-1.31 0.155728
-1.3 0.156039
-1.29 0.156349
-1.28 0.156656
-1.27 0.15696
-1.26 0.157263
-1.25 0.157563
-1.24 0.157861
-1.23 0.158157
-1.22 0.158451
-1.21 0.158742
-1.2 0.159032
-1.19 0.159319
-1.18 0.159604
-1.17 0.159886
-1.16 0.160167
-1.15 0.160445
-1.14 0.160721
-1.13 0.160995
-1.12 0.161266
-1.11 0.161536
-1.1 0.161803
-1.09 0.162068
-1.08 0.16233
-1.07 0.162591
-1.06 0.162849
-1.05 0.163105
-1.04 0.163359
-1.03 0.16361
-1.02 0.16386
-1.01 0.164107
-1 0.164352
-0.99 0.164594
-0.98 0.164835
-0.97 0.165073
-0.96 0.165309
-0.95 0.165542
-0.94 0.165774
-0.93 0.166003
-0.92 0.16623
-0.91 0.166455
-0.9 0.166677
-0.89 0.166897
-0.88 0.167115
-0.87 0.16733
-0.86 0.167544
-0.85 0.167755
-0.84 0.167964
-0.83 0.16817
-0.82 0.168374
-0.81 0.168576
-0.8 0.168776
-0.79 0.168973
-0.78 0.169168
-0.77 0.169361
-0.76 0.169551
-0.75 0.169739
-0.74 0.169925
-0.73 0.170109
-0.72 0.17029
-0.71 0.170468
-0.7 0.170645
-0.69 0.170819
-0.68 0.170991
-0.67 0.17116
-0.66 0.171327
-0.65 0.171492
-0.64 0.171654
-0.63 0.171814
-0.62 0.171972
-0.61 0.172127
-0.6 0.17228
-0.59 0.17243
-0.58 0.172578
-0.57 0.172724
-0.56 0.172867
-0.55 0.173008
-0.54 0.173146
-0.53 0.173282
-0.52 0.173415
-0.51 0.173546
-0.5 0.173675
-0.49 0.173801
-0.48 0.173925
-0.47 0.174046
-0.46 0.174165
-0.45 0.174281
-0.44 0.174395
-0.43 0.174507
-0.42 0.174616
-0.41 0.174722
-0.4 0.174826
-0.39 0.174928
-0.38 0.175026
-0.37 0.175123
-0.36 0.175217
-0.35 0.175308
-0.34 0.175397
-0.33 0.175484
-0.32 0.175567
-0.31 0.175649
-0.3 0.175728
-0.29 0.175804
-0.28 0.175878
-0.27 0.175949
-0.26 0.176017
-0.25 0.176083
-0.24 0.176147
-0.23 0.176208
-0.22 0.176266
-0.21 0.176322
-0.2 0.176375
-0.19 0.176426
-0.18 0.176474
-0.17 0.176519
-0.16 0.176562
-0.15 0.176602
-0.14 0.17664
-0.13 0.176675
-0.12 0.176708
-0.11 0.176738
-0.1 0.176765
-0.09 0.17679
-0.08 0.176812
-0.07 0.176831
-0.06 0.176848
-0.05 0.176863
-0.04 0.176874
-0.03 0.176884
-0.02 0.17689
-0.01 0.176894
0 0.176895
0.01 0.176894
0.02 0.17689
0.03 0.176884
0.04 0.176874
0.05 0.176863
0.06 0.176848
0.07 0.176831
0.08 0.176812
0.09 0.17679
0.1 0.176765
0.11 0.176738
0.12 0.176708
0.13 0.176675
0.14 0.17664
0.15 0.176602
0.16 0.176562
0.17 0.176519
0.18 0.176474
0.19 0.176426
0.2 0.176375
0.21 0.176322
0.22 0.176266
0.23 0.176208
0.24 0.176147
0.25 0.176083
0.26 0.176017
0.27 0.175949
0.28 0.175878
0.29 0.175804
0.3 0.175728
0.31 0.175649
0.32 0.175567
0.33 0.175484
0.34 0.175397
0.35 0.175308
0.36 0.175217
0.37 0.175123
0.38 0.175026
0.39 0.174928
0.4 0.174826
0.41 0.174722
0.42 0.174616
0.43 0.174507
0.44 0.174395
0.45 0.174281
0.46 0.174165
0.47 0.174046
0.48 0.173925
0.49 0.173801
0.5 0.173675
0.51 0.173546
0.52 0.173415
0.53 0.173282
0.54 0.173146
0.55 0.173008
0.56 0.172867
0.57 0.172724
0.58 0.172578
0.59 0.17243
0.6 0.17228
0.61 0.172127
0.62 0.171972
0.63 0.171814
0.64 0.171654
0.65 0.171492
0.66 0.171327
0.67 0.17116
0.68 0.170991
0.69 0.170819
0.7 0.170645
0.71 0.170468
0.72 0.17029
0.73 0.170109
0.74 0.169925
0.75 0.169739
0.76 0.169551
0.77 0.169361
0.78 0.169168
0.79 0.168973
0.8 0.168776
0.81 0.168576
0.82 0.168374
0.83 0.16817
0.84 0.167964
0.85 0.167755
0.86 0.167544
0.87 0.16733
0.88 0.167115
0.89 0.166897
0.9 0.166677
0.91 0.166455
0.92 0.16623
0.93 0.166003
0.94 0.165774
0.95 0.165542
0.96 0.165309
0.97 0.165073
0.98 0.164835
0.99 0.164594
1 0.164352
1.01 0.164107
1.02 0.16386
1.03 0.16361
1.04 0.163359
1.05 0.163105
1.06 0.162849
1.07 0.162591
1.08 0.16233
1.09 0.162068
1.1 0.161803
1.11 0.161536
1.12 0.161266
1.13 0.160995
1.14 0.160721
1.15 0.160445
1.16 0.160167
1.17 0.159886
1.18 0.159604
1.19 0.159319
1.2 0.159032
1.21 0.158742
1.22 0.158451
1.23 0.158157
1.24 0.157861
1.25 0.157563
1.26 0.157263
1.27 0.15696
1.28 0.156656
1.29 0.156349
1.3 0.156039
1.31 0.155728
1.32 0.155414
1.33 0.155099
1.34 0.154781
1.35 0.15446
1.36 0.154138
1.37 0.153813
1.38 0.153486
1.39 0.153157
1.4 0.152826
1.41 0.152493
1.42 0.152157
1.43 0.151819
1.44 0.151479
1.45 0.151137
1.46 0.150792
1.47 0.150446
1.48 0.150097
1.49 0.149746
1.5 0.149392
1.51 0.149037
1.52 0.148679
1.53 0.148319
1.54 0.147957
1.55 0.147593
1.56 0.147226
1.57 0.146858
1.58 0.146487
1.59 0.146114
1.6 0.145738
1.61 0.145361
1.62 0.144981
1.63 0.1446
1.64 0.144216
1.65 0.14383
1.66 0.143441
1.67 0.143051
1.68 0.142658
1.69 0.142263
1.7 0.141867
1.71 0.141467
1.72 0.141066
1.73 0.140663
1.74 0.140257
1.75 0.13985
1.76 0.13944
1.77 0.139028
1.78 0.138614
1.79 0.138198
1.8 0.13778
1.81 0.13736
1.82 0.136937
1.83 0.136513
1.84 0.136086
1.85 0.135658
1.86 0.135227
1.87 0.134795
1.88 0.13436
1.89 0.133923
1.9 0.133484
1.91 0.133044
1.92 0.132601
1.93 0.132156
1.94 0.131709
1.95 0.131261
1.96 0.13081
1.97 0.130357
1.98 0.129903
1.99 0.129446
2 0.128988
2.01 0.128528
2.02 0.128066
2.03 0.127602
2.04 0.127136
2.05 0.126668
2.06 0.126198
2.07 0.125727
2.08 0.125254
2.09 0.124779
2.1 0.124302
2.11 0.123824
2.12 0.123344
2.13 0.122862
2.14 0.122378
2.15 0.121893
2.16 0.121406
2.17 0.120917
2.18 0.120427
2.19 0.119935
2.2 0.119442
2.21 0.118947
2.22 0.11845
2.23 0.117952
2.24 0.117452
2.25 0.116951
2.26 0.116449
2.27 0.115945
2.28 0.115439
2.29 0.114933
2.3 0.114424
2.31 0.113915
2.32 0.113404
2.33 0.112892
2.34 0.112378
2.35 0.111863
2.36 0.111347
2.37 0.11083
2.38 0.110312
2.39 0.109792
2.4 0.109271
2.41 0.10875
2.42 0.108227
2.43 0.107703
2.44 0.107178
2.45 0.106652
2.46 0.106124
2.47 0.105596
2.48 0.105068
2.49 0.104538
2.5 0.104007
2.51 0.103476
2.52 0.102943
2.53 0.10241
2.54 0.101876
2.55 0.101342
2.56 0.100806
2.57 0.10027
2.58 0.0997336
2.59 0.0991964
2.6 0.0986585
2.61 0.0981201
2.62 0.0975812
2.63 0.0970418
2.64 0.096502
2.65 0.0959617
2.66 0.095421
2.67 0.0948799
2.68 0.0943385
2.69 0.0937968
2.7 0.0932549
2.71 0.0927126
2.72 0.0921702
2.73 0.0916276
2.74 0.0910848
2.75 0.0905419
2.76 0.089999
2.77 0.0894559
2.78 0.0889129
2.79 0.0883699
2.8 0.0878269
2.81 0.0872839
2.82 0.0867411
2.83 0.0861984
2.84 0.0856559
2.85 0.0851136
2.86 0.0845715
2.87 0.0840297
2.88 0.0834882
2.89 0.082947
2.9 0.0824062
2.91 0.0818658
2.92 0.0813258
2.93 0.0807862
2.94 0.0802472
2.95 0.0797086
2.96 0.0791706
2.97 0.0786332
2.98 0.0780964
2.99 0.0775603
3 0.0770248
3.01 0.0764901
3.02 0.0759561
3.03 0.0754228
3.04 0.0748904
3.05 0.0743588
3.06 0.073828
3.07 0.0732982
3.08 0.0727692
3.09 0.0722413
3.1 0.0717143
3.11 0.0711883
3.12 0.0706633
3.13 0.0701395
3.14 0.0696167
3.15 0.0690951
3.16 0.0685746
3.17 0.0680553
3.18 0.0675372
3.19 0.0670204
3.2 0.0665048
3.21 0.0659905
3.22 0.0654776
3.23 0.064966
3.24 0.0644558
3.25 0.063947
3.26 0.0634397
3.27 0.0629338
3.28 0.0624293
3.29 0.0619264
3.3 0.0614251
3.31 0.0609253
3.32 0.0604271
3.33 0.0599305
3.34 0.0594355
3.35 0.0589422
3.36 0.0584506
3.37 0.0579607
3.38 0.0574725
3.39 0.0569861
3.4 0.0565014
3.41 0.0560186
3.42 0.0555376
3.43 0.0550584
3.44 0.0545811
3.45 0.0541056
3.46 0.0536321
3.47 0.0531605
3.48 0.0526908
3.49 0.0522232
3.5 0.0517575
3.51 0.0512938
3.52 0.0508321
3.53 0.0503724
3.54 0.0499149
3.55 0.0494594
3.56 0.049006
3.57 0.0485547
3.58 0.0481055
3.59 0.0476585
3.6 0.0472136
3.61 0.0467709
3.62 0.0463304
3.63 0.0458921
3.64 0.0454561
3.65 0.0450222
3.66 0.0445906
3.67 0.0441613
3.68 0.0437343
3.69 0.0433095
3.7 0.042887
3.71 0.0424669
3.72 0.0420491
3.73 0.0416336
3.74 0.0412204
3.75 0.0408096
3.76 0.0404012
3.77 0.0399952
3.78 0.0395915
3.79 0.0391903
3.8 0.0387914
3.81 0.038395
3.82 0.0380009
3.83 0.0376093
3.84 0.0372202
3.85 0.0368335
3.86 0.0364492
3.87 0.0360674
3.88 0.0356881
3.89 0.0353112
3.9 0.0349368
3.91 0.0345649
3.92 0.0341955
3.93 0.0338285
3.94 0.0334641
3.95 0.0331021
3.96 0.0327427
3.97 0.0323857
3.98 0.0320313
3.99 0.0316793
4 0.0313299
4.01 0.030983
4.02 0.0306386
4.03 0.0302967
4.04 0.0299573
4.05 0.0296205
4.06 0.0292861
4.07 0.0289543
4.08 0.028625
4.09 0.0282982
4.1 0.0279739
4.11 0.0276522
4.12 0.0273329
4.13 0.0270162
4.14 0.0267019
4.15 0.0263902
4.16 0.026081
4.17 0.0257743
4.18 0.02547
4.19 0.0251683
4.2 0.024869
4.21 0.0245723
4.22 0.024278
4.23 0.0239862
4.24 0.0236969
4.25 0.02341
4.26 0.0231256
4.27 0.0228437
4.28 0.0225642
4.29 0.0222871
4.3 0.0220125
4.31 0.0217403
4.32 0.0214706
4.33 0.0212032
4.34 0.0209383
4.35 0.0206758
4.36 0.0204157
4.37 0.0201579
4.38 0.0199026
4.39 0.0196496
4.4 0.019399
4.41 0.0191507
4.42 0.0189048
4.43 0.0186612
4.44 0.01842
4.45 0.0181811
4.46 0.0179445
4.47 0.0177101
4.48 0.0174781
4.49 0.0172484
4.5 0.0170209
4.51 0.0167957
4.52 0.0165728
4.53 0.016352
4.54 0.0161336
4.55 0.0159173
4.56 0.0157032
4.57 0.0154914
4.58 0.0152817
4.59 0.0150742
4.6 0.0148688
4.61 0.0146657
4.62 0.0144646
4.63 0.0142657
4.64 0.0140689
4.65 0.0138742
4.66 0.0136816
4.67 0.013491
4.68 0.0133026
4.69 0.0131162
4.7 0.0129318
4.71 0.0127494
4.72 0.0125691
4.73 0.0123908
4.74 0.0122145
4.75 0.0120401
4.76 0.0118677
4.77 0.0116973
4.78 0.0115288
4.79 0.0113622
4.8 0.0111976
4.81 0.0110348
4.82 0.0108739
4.83 0.0107149
4.84 0.0105578
4.85 0.0104025
4.86 0.010249
4.87 0.0100974
4.88 0.00994751
4.89 0.00979945
4.9 0.00965317
4.91 0.00950866
4.92 0.00936589
4.93 0.00922486
4.94 0.00908555
4.95 0.00894794
4.96 0.00881204
4.97 0.00867781
4.98 0.00854525
4.99 0.00841434
5 0.00828507
5.01 0.00815742
5.02 0.00803139
5.03 0.00790695
5.04 0.0077841
5.05 0.00766282
5.06 0.00754309
5.07 0.0074249
5.08 0.00730824
5.09 0.0071931
5.1 0.00707946
5.11 0.0069673
5.12 0.00685662
5.13 0.00674739
5.14 0.00663961
5.15 0.00653327
5.16 0.00642834
5.17 0.00632482
5.18 0.00622268
5.19 0.00612193
5.2 0.00602254
5.21 0.0059245
5.22 0.0058278
5.23 0.00573243
5.24 0.00563836
5.25 0.00554559
5.26 0.00545411
5.27 0.0053639
5.28 0.00527494
5.29 0.00518723
5.3 0.00510076
5.31 0.0050155
5.32 0.00493145
5.33 0.00484859
5.34 0.00476691
5.35 0.0046864
5.36 0.00460705
5.37 0.00452884
5.38 0.00445176
5.39 0.0043758
5.4 0.00430094
5.41 0.00422717
5.42 0.00415449
5.43 0.00408287
5.44 0.00401232
5.45 0.0039428
5.46 0.00387432
5.47 0.00380686
5.48 0.0037404
5.49 0.00367495
5.5 0.00361048
5.51 0.00354698
5.52 0.00348444
5.53 0.00342286
5.54 0.00336221
5.55 0.0033025
5.56 0.0032437
5.57 0.0031858
5.58 0.0031288
5.59 0.00307268
5.6 0.00301744
5.61 0.00296305
5.62 0.00290952
5.63 0.00285683
5.64 0.00280497
5.65 0.00275392
5.66 0.00270369
5.67 0.00265425
5.68 0.0026056
5.69 0.00255773
5.7 0.00251063
5.71 0.00246429
5.72 0.00241869
5.73 0.00237383
5.74 0.0023297
5.75 0.00228629
5.76 0.00224359
5.77 0.00220159
5.78 0.00216028
5.79 0.00211965
5.8 0.00207969
5.81 0.00204039
5.82 0.00200175
5.83 0.00196375
5.84 0.00192639
5.85 0.00188966
5.86 0.00185354
5.87 0.00181803
5.88 0.00178313
5.89 0.00174881
5.9 0.00171508
5.91 0.00168193
5.92 0.00164934
5.93 0.00161731
5.94 0.00158584
5.95 0.00155491
5.96 0.00152451
5.97 0.00149464
5.98 0.00146529
5.99 0.00143645
