-6 0.00298311
-5.99 0.00303839
-5.98 0.00309456
-5.97 0.00315162
-5.96 0.0032096
-5.95 0.00326849
-5.94 0.00332832
-5.93 0.00338909
-5.92 0.00345081
-5.91 0.00351351
-5.9 0.00357718
-5.89 0.00364185
-5.88 0.00370752
-5.87 0.0037742
-5.86 0.00384192
-5.85 0.00391067
-5.84 0.00398048
-5.83 0.00405136
-5.82 0.00412331
-5.81 0.00419635
-5.8 0.0042705
-5.79 0.00434576
-5.78 0.00442215
-5.77 0.00449969
-5.76 0.00457838
-5.75 0.00465824
-5.74 0.00473928
-5.73 0.00482151
-5.72 0.00490496
-5.71 0.00498962
-5.7 0.00507552
-5.69 0.00516267
-5.68 0.00525109
-5.67 0.00534078
-5.66 0.00543176
-5.65 0.00552404
-5.64 0.00561764
-5.63 0.00571257
-5.62 0.00580885
-5.61 0.00590649
-5.6 0.0060055
-5.59 0.0061059
-5.58 0.0062077
-5.57 0.00631092
-5.56 0.00641556
-5.55 0.00652166
-5.54 0.00662921
-5.53 0.00673823
-5.52 0.00684874
-5.51 0.00696076
-5.5 0.00707429
-5.49 0.00718936
-5.48 0.00730597
-5.47 0.00742414
-5.46 0.00754388
-5.45 0.00766522
-5.44 0.00778816
-5.43 0.00791272
-5.42 0.00803892
-5.41 0.00816676
-5.4 0.00829627
-5.39 0.00842746
-5.38 0.00856034
-5.37 0.00869492
-5.36 0.00883123
-5.35 0.00896928
-5.34 0.00910908
-5.33 0.00925065
-5.32 0.009394
-5.31 0.00953914
-5.3 0.0096861
-5.29 0.00983488
-5.28 0.00998551
-5.27 0.010138
-5.26 0.0102923
-5.25 0.0104486
-5.24 0.0106067
-5.23 0.0107668
-5.22 0.0109287
-5.21 0.0110926
-5.2 0.0112585
-5.19 0.0114264
-5.18 0.0115962
-5.17 0.011768
-5.16 0.0119419
-5.15 0.0121178
-5.14 0.0122957
-5.13 0.0124757
-5.12 0.0126577
-5.11 0.0128419
-5.1 0.0130281
-5.09 0.0132164
-5.08 0.0134069
-5.07 0.0135995
-5.06 0.0137943
-5.05 0.0139912
-5.04 0.0141903
-5.03 0.0143916
-5.02 0.0145951
-5.01 0.0148009
-5 0.0150088
-4.99 0.015219
-4.98 0.0154315
-4.97 0.0156462
-4.96 0.0158633
-4.95 0.0160826
-4.94 0.0163042
-4.93 0.0165281
-4.92 0.0167544
-4.91 0.016983
-4.9 0.017214
-4.89 0.0174473
-4.88 0.017683
-4.87 0.0179211
-4.86 0.0181616
-4.85 0.0184045
-4.84 0.0186498
-4.83 0.0188975
-4.82 0.0191477
-4.81 0.0194004
-4.8 0.0196555
-4.79 0.019913
-4.78 0.0201731
-4.77 0.0204356
-4.76 0.0207006
-4.75 0.0209681
-4.74 0.0212382
-4.73 0.0215107
-4.72 0.0217858
-4.71 0.0220635
-4.7 0.0223436
-4.69 0.0226264
-4.68 0.0229117
-4.67 0.0231995
-4.66 0.0234899
-4.65 0.0237829
-4.64 0.0240785
-4.63 0.0243767
-4.62 0.0246775
-4.61 0.0249808
-4.6 0.0252868
-4.59 0.0255954
-4.58 0.0259066
-4.57 0.0262204
-4.56 0.0265369
-4.55 0.026856
-4.54 0.0271777
-4.53 0.027502
-4.52 0.027829
-4.51 0.0281586
-4.5 0.0284908
-4.49 0.0288257
-4.48 0.0291632
-4.47 0.0295034
-4.46 0.0298462
-4.45 0.0301916
-4.44 0.0305397
-4.43 0.0308905
-4.42 0.0312438
-4.41 0.0315999
-4.4 0.0319585
-4.39 0.0323198
-4.38 0.0326837
-4.37 0.0330503
-4.36 0.0334195
-4.35 0.0337913
-4.34 0.0341657
-4.33 0.0345427
-4.32 0.0349224
-4.31 0.0353047
-4.3 0.0356895
-4.29 0.036077
-4.28 0.036467
-4.27 0.0368597
-4.26 0.0372549
-4.25 0.0376527
-4.24 0.038053
-4.23 0.0384559
-4.22 0.0388613
-4.21 0.0392693
-4.2 0.0396798
-4.19 0.0400928
-4.18 0.0405083
-4.17 0.0409263
-4.16 0.0413468
-4.15 0.0417697
-4.14 0.0421951
-4.13 0.042623
-4.12 0.0430533
-4.11 0.043486
-4.1 0.0439211
-4.09 0.0443586
-4.08 0.0447985
-4.07 0.0452407
-4.06 0.0456853
-4.05 0.0461322
-4.04 0.0465814
-4.03 0.0470329
-4.02 0.0474867
-4.01 0.0479428
-4 0.048401
-3.99 0.0488616
-3.98 0.0493243
-3.97 0.0497891
-3.96 0.0502562
-3.95 0.0507254
-3.94 0.0511967
-3.93 0.0516701
-3.92 0.0521456
-3.91 0.0526231
-3.9 0.0531027
-3.89 0.0535842
-3.88 0.0540678
-3.87 0.0545533
-3.86 0.0550407
-3.85 0.05553
-3.84 0.0560213
-3.83 0.0565143
-3.82 0.0570092
-3.81 0.0575059
-3.8 0.0580044
-3.79 0.0585046
-3.78 0.0590065
-3.77 0.0595101
-3.76 0.0600154
-3.75 0.0605223
-3.74 0.0610307
-3.73 0.0615408
-3.72 0.0620523
-3.71 0.0625654
-3.7 0.06308
-3.69 0.0635959
-3.68 0.0641133
-3.67 0.0646321
-3.66 0.0651521
-3.65 0.0656735
-3.64 0.0661962
-3.63 0.06672
-3.62 0.0672451
-3.61 0.0677713
-3.6 0.0682987
-3.59 0.0688271
-3.58 0.0693566
-3.57 0.069887
-3.56 0.0704185
-3.55 0.0709509
-3.54 0.0714842
-3.53 0.0720183
-3.52 0.0725532
-3.51 0.073089
-3.5 0.0736254
-3.49 0.0741626
-3.48 0.0747004
-3.47 0.0752388
-3.46 0.0757778
-3.45 0.0763173
-3.44 0.0768573
-3.43 0.0773977
-3.42 0.0779385
-3.41 0.0784797
-3.4 0.0790212
-3.39 0.079563
-3.38 0.080105
-3.37 0.0806472
-3.36 0.0811895
-3.35 0.0817319
-3.34 0.0822743
-3.33 0.0828167
-3.32 0.0833591
-3.31 0.0839014
-3.3 0.0844436
-3.29 0.0849856
-3.28 0.0855273
-3.27 0.0860688
-3.26 0.0866099
-3.25 0.0871507
-3.24 0.087691
-3.23 0.0882309
-3.22 0.0887703
-3.21 0.0893091
-3.2 0.0898472
-3.19 0.0903847
-3.18 0.0909216
-3.17 0.0914576
-3.16 0.0919929
-3.15 0.0925272
-3.14 0.0930607
-3.13 0.0935933
-3.12 0.0941248
-3.11 0.0946553
-3.1 0.0951846
-3.09 0.0957129
-3.08 0.0962399
-3.07 0.0967657
-3.06 0.0972902
-3.05 0.0978133
-3.04 0.0983351
-3.03 0.0988554
-3.02 0.0993742
-3.01 0.0998914
-3 0.100407
-2.99 0.100921
-2.98 0.101433
-2.97 0.101944
-2.96 0.102453
-2.95 0.10296
-2.94 0.103465
-2.93 0.103968
-2.92 0.104469
-2.91 0.104968
-2.9 0.105466
-2.89 0.10596
-2.88 0.106453
-2.87 0.106944
-2.86 0.107432
-2.85 0.107918
-2.84 0.108402
-2.83 0.108883
-2.82 0.109362
-2.81 0.109838
-2.8 0.110311
-2.79 0.110783
-2.78 0.111251
-2.77 0.111717
-2.76 0.11218
-2.75 0.11264
-2.74 0.113097
-2.73 0.113552
-2.72 0.114004
-2.71 0.114452
-2.7 0.114898
-2.69 0.115341
-2.68 0.115781
-2.67 0.116217
-2.66 0.11665
-2.65 0.117081
-2.64 0.117507
-2.63 0.117931
-2.62 0.118351
-2.61 0.118768
-2.6 0.119182
-2.59 0.119592
-2.58 0.119999
-2.57 0.120402
-2.56 0.120801
-2.55 0.121197
-2.54 0.12159
-2.53 0.121978
-2.52 0.122363
-2.51 0.122745
-2.5 0.123122
-2.49 0.123496
-2.48 0.123866
-2.47 0.124232
-2.46 0.124594
-2.45 0.124953
-2.44 0.125307
-2.43 0.125658
-2.42 0.126004
-2.41 0.126346
-2.4 0.126685
-2.39 0.127019
-2.38 0.127349
-2.37 0.127675
-2.36 0.127997
-2.35 0.128314
-2.34 0.128628
-2.33 0.128937
-2.32 0.129242
-2.31 0.129543
-2.3 0.129839
-2.29 0.130131
-2.28 0.130419
-2.27 0.130703
-2.26 0.130982
-2.25 0.131256
-2.24 0.131527
-2.23 0.131793
-2.22 0.132054
-2.21 0.132311
-2.2 0.132564
-2.19 0.132812
-2.18 0.133056
-2.17 0.133295
-2.16 0.13353
-2.15 0.13376
-2.14 0.133985
-2.13 0.134207
-2.12 0.134423
-2.11 0.134635
-2.1 0.134843
-2.09 0.135046
-2.08 0.135245
-2.07 0.135439
-2.06 0.135628
-2.05 0.135813
-2.04 0.135994
-2.03 0.136169
-2.02 0.136341
-2.01 0.136508
-2 0.13667
-1.99 0.136828
-1.98 0.136981
-1.97 0.137129
-1.96 0.137274
-1.95 0.137413
-1.94 0.137549
-1.93 0.137679
-1.92 0.137806
-1.91 0.137928
-1.9 0.138045
-1.89 0.138158
-1.88 0.138266
-1.87 0.138371
-1.86 0.13847
-1.85 0.138566
-1.84 0.138657
-1.83 0.138744
-1.82 0.138826
-1.81 0.138904
-1.8 0.138978
-1.79 0.139047
-1.78 0.139113
-1.77 0.139174
-1.76 0.139231
-1.75 0.139284
-1.74 0.139332
-1.73 0.139377
-1.72 0.139417
-1.71 0.139454
-1.7 0.139486
-1.69 0.139515
-1.68 0.139539
-1.67 0.13956
-1.66 0.139576
-1.65 0.139589
-1.64 0.139598
-1.63 0.139603
-1.62 0.139604
-1.61 0.139602
-1.6 0.139596
-1.59 0.139586
-1.58 0.139573
-1.57 0.139555
-1.56 0.139535
-1.55 0.139511
-1.54 0.139483
-1.53 0.139452
-1.52 0.139418
-1.51 0.13938
-1.5 0.139339
-1.49 0.139295
-1.48 0.139247
-1.47 0.139196
-1.46 0.139143
-1.45 0.139086
-1.44 0.139026
-1.43 0.138962
-1.42 0.138896
-1.41 0.138828
-1.4 0.138756
-1.39 0.138681
-1.38 0.138604
-1.37 0.138524
-1.36 0.138441
-1.35 0.138355
-1.34 0.138268
-1.33 0.138177
-1.32 0.138084
-1.31 0.137989
-1.3 0.137891
-1.29 0.137791
-1.28 0.137688
-1.27 0.137584
-1.26 0.137477
-1.25 0.137368
-1.24 0.137257
-1.23 0.137144
-1.22 0.137029
-1.21 0.136912
-1.2 0.136794
-1.19 0.136673
-1.18 0.136551
-1.17 0.136427
-1.16 0.136301
-1.15 0.136174
-1.14 0.136046
-1.13 0.135915
-1.12 0.135784
-1.11 0.135651
-1.1 0.135517
-1.09 0.135381
-1.08 0.135245
-1.07 0.135107
-1.06 0.134968
-1.05 0.134828
-1.04 0.134687
-1.03 0.134545
-1.02 0.134403
-1.01 0.134259
-1 0.134115
-0.99 0.13397
-0.98 0.133824
-0.97 0.133678
-0.96 0.133532
-0.95 0.133384
-0.94 0.133237
-0.93 0.133089
-0.92 0.13294
-0.91 0.132792
-0.9 0.132643
-0.89 0.132494
-0.88 0.132345
-0.87 0.132196
-0.86 0.132047
-0.85 0.131898
-0.84 0.131749
-0.83 0.1316
-0.82 0.131451
-0.81 0.131303
-0.8 0.131155
-0.79 0.131008
-0.78 0.13086
-0.77 0.130714
-0.76 0.130567
-0.75 0.130422
-0.74 0.130277
-0.73 0.130132
-0.72 0.129989
-0.71 0.129846
-0.7 0.129704
-0.69 0.129562
-0.68 0.129422
-0.67 0.129283
-0.66 0.129144
-0.65 0.129007
-0.64 0.128871
-0.63 0.128735
-0.62 0.128601
-0.61 0.128469
-0.6 0.128337
-0.59 0.128207
-0.58 0.128078
-0.57 0.127951
-0.56 0.127825
-0.55 0.1277
-0.54 0.127577
-0.53 0.127455
-0.52 0.127335
-0.51 0.127217
-0.5 0.1271
-0.49 0.126985
-0.48 0.126872
-0.47 0.12676
-0.46 0.126651
-0.45 0.126543
-0.44 0.126437
-0.43 0.126333
-0.42 0.126231
-0.41 0.12613
-0.4 0.126032
-0.39 0.125936
-0.38 0.125842
-0.37 0.12575
-0.36 0.12566
-0.35 0.125572
-0.34 0.125486
-0.33 0.125403
-0.32 0.125321
-0.31 0.125242
-0.3 0.125166
-0.29 0.125091
-0.28 0.125019
-0.27 0.124949
-0.26 0.124882
-0.25 0.124817
-0.24 0.124754
-0.23 0.124694
-0.22 0.124636
-0.21 0.124581
-0.2 0.124528
-0.19 0.124477
-0.18 0.124429
-0.17 0.124384
-0.16 0.124341
-0.15 0.124301
-0.14 0.124263
-0.13 0.124227
-0.12 0.124195
-0.11 0.124165
-0.1 0.124137
-0.09 0.124112
-0.08 0.12409
-0.07 0.12407
-0.06 0.124053
-0.05 0.124038
-0.04 0.124027
-0.03 0.124017
-0.02 0.124011
-0.01 0.124007
0 0.124006
0.01 0.124007
0.02 0.124011
0.03 0.124017
0.04 0.124027
0.05 0.124038
0.06 0.124053
0.07 0.12407
0.08 0.12409
0.09 0.124112
0.1 0.124137
0.11 0.124165
0.12 0.124195
0.13 0.124227
0.14 0.124263
0.15 0.124301
0.16 0.124341
0.17 0.124384
0.18 0.124429
0.19 0.124477
0.2 0.124528
0.21 0.124581
0.22 0.124636
0.23 0.124694
0.24 0.124754
0.25 0.124817
0.26 0.124882
0.27 0.124949
0.28 0.125019
0.29 0.125091
0.3 0.125166
0.31 0.125242
0.32 0.125321
0.33 0.125403
0.34 0.125486
0.35 0.125572
0.36 0.12566
0.37 0.12575
0.38 0.125842
0.39 0.125936
0.4 0.126032
0.41 0.12613
0.42 0.126231
0.43 0.126333
0.44 0.126437
0.45 0.126543
0.46 0.126651
0.47 0.12676
0.48 0.126872
0.49 0.126985
0.5 0.1271
0.51 0.127217
0.52 0.127335
0.53 0.127455
0.54 0.127577
0.55 0.1277
0.56 0.127825
0.57 0.127951
0.58 0.128078
0.59 0.128207
0.6 0.128337
0.61 0.128469
0.62 0.128601
0.63 0.128735
0.64 0.128871
0.65 0.129007
0.66 0.129144
0.67 0.129283
0.68 0.129422
0.69 0.129562
0.7 0.129704
0.71 0.129846
0.72 0.129989
0.73 0.130132
0.74 0.130277
0.75 0.130422
0.76 0.130567
0.77 0.130714
0.78 0.13086
0.79 0.131008
0.8 0.131155
0.81 0.131303
0.82 0.131451
0.83 0.1316
0.84 0.131749
0.85 0.131898
0.86 0.132047
0.87 0.132196
0.88 0.132345
0.89 0.132494
0.9 0.132643
0.91 0.132792
0.92 0.13294
0.93 0.133089
0.94 0.133237
0.95 0.133384
0.96 0.133532
0.97 0.133678
0.98 0.133824
0.99 0.13397
1 0.134115
1.01 0.134259
1.02 0.134403
1.03 0.134545
1.04 0.134687
1.05 0.134828
1.06 0.134968
1.07 0.135107
1.08 0.135245
1.09 0.135381
1.1 0.135517
1.11 0.135651
1.12 0.135784
1.13 0.135915
1.14 0.136046
1.15 0.136174
1.16 0.136301
1.17 0.136427
1.18 0.136551
1.19 0.136673
1.2 0.136794
1.21 0.136912
1.22 0.137029
1.23 0.137144
1.24 0.137257
1.25 0.137368
1.26 0.137477
1.27 0.137584
1.28 0.137688
1.29 0.137791
1.3 0.137891
1.31 0.137989
1.32 0.138084
1.33 0.138177
1.34 0.138268
1.35 0.138355
1.36 0.138441
1.37 0.138524
1.38 0.138604
1.39 0.138681
1.4 0.138756
1.41 0.138828
1.42 0.138896
1.43 0.138962
1.44 0.139026
1.45 0.139086
1.46 0.139143
1.47 0.139196
1.48 0.139247
1.49 0.139295
1.5 0.139339
1.51 0.13938
1.52 0.139418
1.53 0.139452
1.54 0.139483
1.55 0.139511
1.56 0.139535
1.57 0.139555
1.58 0.139573
1.59 0.139586
1.6 0.139596
1.61 0.139602
1.62 0.139604
1.63 0.139603
1.64 0.139598
1.65 0.139589
1.66 0.139576
1.67 0.13956
1.68 0.139539
1.69 0.139515
1.7 0.139486
1.71 0.139454
1.72 0.139417
1.73 0.139377
1.74 0.139332
1.75 0.139284
1.76 0.139231
1.77 0.139174
1.78 0.139113
1.79 0.139047
1.8 0.138978
1.81 0.138904
1.82 0.138826
1.83 0.138744
1.84 0.138657
1.85 0.138566
1.86 0.13847
1.87 0.138371
1.88 0.138266
1.89 0.138158
1.9 0.138045
1.91 0.137928
1.92 0.137806
1.93 0.137679
1.94 0.137549
1.95 0.137413
1.96 0.137274
1.97 0.137129
1.98 0.136981
1.99 0.136828
2 0.13667
2.01 0.136508
2.02 0.136341
2.03 0.136169
2.04 0.135994
2.05 0.135813
2.06 0.135628
2.07 0.135439
2.08 0.135245
2.09 0.135046
2.1 0.134843
2.11 0.134635
2.12 0.134423
2.13 0.134207
2.14 0.133985
2.15 0.13376
2.16 0.13353
2.17 0.133295
2.18 0.133056
2.19 0.132812
2.2 0.132564
2.21 0.132311
2.22 0.132054
2.23 0.131793
2.24 0.131527
2.25 0.131256
2.26 0.130982
2.27 0.130703
2.28 0.130419
2.29 0.130131
2.3 0.129839
2.31 0.129543
2.32 0.129242
2.33 0.128937
2.34 0.128628
2.35 0.128314
2.36 0.127997
2.37 0.127675
2.38 0.127349
2.39 0.127019
2.4 0.126685
2.41 0.126346
2.42 0.126004
2.43 0.125658
2.44 0.125307
2.45 0.124953
2.46 0.124594
2.47 0.124232
2.48 0.123866
2.49 0.123496
2.5 0.123122
2.51 0.122745
2.52 0.122363
2.53 0.121978
2.54 0.12159
2.55 0.121197
2.56 0.120801
2.57 0.120402
2.58 0.119999
2.59 0.119592
2.6 0.119182
2.61 0.118768
2.62 0.118351
2.63 0.117931
2.64 0.117507
2.65 0.117081
2.66 0.11665
2.67 0.116217
2.68 0.115781
2.69 0.115341
2.7 0.114898
2.71 0.114452
2.72 0.114004
2.73 0.113552
2.74 0.113097
2.75 0.11264
2.76 0.11218
2.77 0.111717
2.78 0.111251
2.79 0.110783
2.8 0.110311
2.81 0.109838
2.82 0.109362
2.83 0.108883
2.84 0.108402
2.85 0.107918
2.86 0.107432
2.87 0.106944
2.88 0.106453
2.89 0.10596
2.9 0.105466
2.91 0.104968
2.92 0.104469
2.93 0.103968
2.94 0.103465
2.95 0.10296
2.96 0.102453
2.97 0.101944
2.98 0.101433
2.99 0.100921
3 0.100407
3.01 0.0998914
3.02 0.0993742
3.03 0.0988554
3.04 0.0983351
3.05 0.0978133
3.06 0.0972902
3.07 0.0967657
3.08 0.0962399
3.09 0.0957129
3.1 0.0951846
3.11 0.0946553
3.12 0.0941248
3.13 0.0935933
3.14 0.0930607
3.15 0.0925272
3.16 0.0919929
3.17 0.0914576
3.18 0.0909216
3.19 0.0903847
3.2 0.0898472
3.21 0.0893091
3.22 0.0887703
3.23 0.0882309
3.24 0.087691
3.25 0.0871507
3.26 0.0866099
3.27 0.0860688
3.28 0.0855273
3.29 0.0849856
3.3 0.0844436
3.31 0.0839014
3.32 0.0833591
3.33 0.0828167
3.34 0.0822743
3.35 0.0817319
3.36 0.0811895
3.37 0.0806472
3.38 0.080105
3.39 0.079563
3.4 0.0790212
3.41 0.0784797
3.42 0.0779385
3.43 0.0773977
3.44 0.0768573
3.45 0.0763173
3.46 0.0757778
3.47 0.0752388
3.48 0.0747004
3.49 0.0741626
3.5 0.0736254
3.51 0.073089
3.52 0.0725532
3.53 0.0720183
3.54 0.0714842
3.55 0.0709509
3.56 0.0704185
3.57 0.069887
3.58 0.0693566
3.59 0.0688271
3.6 0.0682987
3.61 0.0677713
3.62 0.0672451
3.63 0.06672
3.64 0.0661962
3.65 0.0656735
3.66 0.0651521
3.67 0.0646321
3.68 0.0641133
3.69 0.0635959
3.7 0.06308
3.71 0.0625654
3.72 0.0620523
3.73 0.0615408
3.74 0.0610307
3.75 0.0605223
3.76 0.0600154
3.77 0.0595101
3.78 0.0590065
3.79 0.0585046
3.8 0.0580044
3.81 0.0575059
3.82 0.0570092
3.83 0.0565143
3.84 0.0560213
3.85 0.05553
3.86 0.0550407
3.87 0.0545533
3.88 0.0540678
3.89 0.0535842
3.9 0.0531027
3.91 0.0526231
3.92 0.0521456
3.93 0.0516701
3.94 0.0511967
3.95 0.0507254
3.96 0.0502562
3.97 0.0497891
3.98 0.0493243
3.99 0.0488616
4 0.048401
4.01 0.0479428
4.02 0.0474867
4.03 0.0470329
4.04 0.0465814
4.05 0.0461322
4.06 0.0456853
4.07 0.0452407
4.08 0.0447985
4.09 0.0443586
4.1 0.0439211
4.11 0.043486
4.12 0.0430533
4.13 0.042623
4.14 0.0421951
4.15 0.0417697
4.16 0.0413468
4.17 0.0409263
4.18 0.0405083
4.19 0.0400928
4.2 0.0396798
4.21 0.0392693
4.22 0.0388613
4.23 0.0384559
4.24 0.038053
4.25 0.0376527
4.26 0.0372549
4.27 0.0368597
4.28 0.036467
4.29 0.036077
4.3 0.0356895
4.31 0.0353047
4.32 0.0349224
4.33 0.0345427
4.34 0.0341657
4.35 0.0337913
4.36 0.0334195
4.37 0.0330503
4.38 0.0326837
4.39 0.0323198
4.4 0.0319585
4.41 0.0315999
4.42 0.0312438
4.43 0.0308905
4.44 0.0305397
4.45 0.0301916
4.46 0.0298462
4.47 0.0295034
4.48 0.0291632
4.49 0.0288257
4.5 0.0284908
4.51 0.0281586
4.52 0.027829
4.53 0.027502
4.54 0.0271777
4.55 0.026856
4.56 0.0265369
4.57 0.0262204
4.58 0.0259066
4.59 0.0255954
4.6 0.0252868
4.61 0.0249808
4.62 0.0246775
4.63 0.0243767
4.64 0.0240785
4.65 0.0237829
4.66 0.0234899
4.67 0.0231995
4.68 0.0229117
4.69 0.0226264
4.7 0.0223436
4.71 0.0220635
4.72 0.0217858
4.73 0.0215107
4.74 0.0212382
4.75 0.0209681
4.76 0.0207006
4.77 0.0204356
4.78 0.0201731
4.79 0.019913
4.8 0.0196555
4.81 0.0194004
4.82 0.0191477
4.83 0.0188975
4.84 0.0186498
4.85 0.0184045
4.86 0.0181616
4.87 0.0179211
4.88 0.017683
4.89 0.0174473
4.9 0.017214
4.91 0.016983
4.92 0.0167544
4.93 0.0165281
4.94 0.0163042
4.95 0.0160826
4.96 0.0158633
4.97 0.0156462
4.98 0.0154315
4.99 0.015219
5 0.0150088
5.01 0.0148009
5.02 0.0145951
5.03 0.0143916
5.04 0.0141903
5.05 0.0139912
5.06 0.0137943
5.07 0.0135995
5.08 0.0134069
5.09 0.0132164
5.1 0.0130281
5.11 0.0128419
5.12 0.0126577
5.13 0.0124757
5.14 0.0122957
5.15 0.0121178
5.16 0.0119419
5.17 0.011768
5.18 0.0115962
5.19 0.0114264
5.2 0.0112585
5.21 0.0110926
5.22 0.0109287
5.23 0.0107668
5.24 0.0106067
5.25 0.0104486
5.26 0.0102923
5.27 0.010138
5.28 0.00998551
5.29 0.00983488
5.3 0.0096861
5.31 0.00953914
5.32 0.009394
5.33 0.00925065
5.34 0.00910908
5.35 0.00896928
5.36 0.00883123
5.37 0.00869492
5.38 0.00856034
5.39 0.00842746
5.4 0.00829627
5.41 0.00816676
5.42 0.00803892
5.43 0.00791272
5.44 0.00778816
5.45 0.00766522
5.46 0.00754388
5.47 0.00742414
5.48 0.00730597
5.49 0.00718936
5.5 0.00707429
5.51 0.00696076
5.52 0.00684874
5.53 0.00673823
5.54 0.00662921
5.55 0.00652166
5.56 0.00641556
5.57 0.00631092
5.58 0.0062077
5.59 0.0061059
5.6 0.0060055
5.61 0.00590649
5.62 0.00580885
5.63 0.00571257
5.64 0.00561764
5.65 0.00552404
5.66 0.00543176
5.67 0.00534078
5.68 0.00525109
5.69 0.00516267
5.7 0.00507552
5.71 0.00498962
5.72 0.00490496
5.73 0.00482151
5.74 0.00473928
5.75 0.00465824
5.76 0.00457838
5.77 0.00449969
5.78 0.00442215
5.79 0.00434576
5.8 0.0042705
5.81 0.00419635
5.82 0.00412331
5.83 0.00405136
5.84 0.00398048
5.85 0.00391067
5.86 0.00384192
5.87 0.0037742
5.88 0.00370752
5.89 0.00364185
5.9 0.00357718
5.91 0.00351351
5.92 0.00345081
5.93 0.00338909
5.94 0.00332832
5.95 0.00326849
5.96 0.0032096
5.97 0.00315162
5.98 0.00309456
5.99 0.00303839
