-6 0.00041642
-5.99 0.00042639
-5.98 0.000436579
-5.97 0.000446989
-5.96 0.000457626
-5.95 0.000468493
-5.94 0.000479596
-5.93 0.000490938
-5.92 0.000502524
-5.91 0.000514359
-5.9 0.000526447
-5.89 0.000538793
-5.88 0.000551403
-5.87 0.00056428
-5.86 0.000577431
-5.85 0.00059086
-5.84 0.000604572
-5.83 0.000618572
-5.82 0.000632867
-5.81 0.00064746
-5.8 0.000662359
-5.79 0.000677568
-5.78 0.000693092
-5.77 0.000708939
-5.76 0.000725113
-5.75 0.00074162
-5.74 0.000758467
-5.73 0.000775659
-5.72 0.000793203
-5.71 0.000811105
-5.7 0.000829371
-5.69 0.000848008
-5.68 0.000867022
-5.67 0.00088642
-5.66 0.000906209
-5.65 0.000926395
-5.64 0.000946985
-5.63 0.000967986
-5.62 0.000989406
-5.61 0.00101125
-5.6 0.00103353
-5.59 0.00105625
-5.58 0.00107941
-5.57 0.00110303
-5.56 0.00112712
-5.55 0.00115167
-5.54 0.00117671
-5.53 0.00120223
-5.52 0.00122824
-5.51 0.00125476
-5.5 0.00128179
-5.49 0.00130933
-5.48 0.00133741
-5.47 0.00136602
-5.46 0.00139518
-5.45 0.00142489
-5.44 0.00145517
-5.43 0.00148602
-5.42 0.00151745
-5.41 0.00154946
-5.4 0.00158208
-5.39 0.00161531
-5.38 0.00164916
-5.37 0.00168364
-5.36 0.00171875
-5.35 0.00175452
-5.34 0.00179094
-5.33 0.00182803
-5.32 0.0018658
-5.31 0.00190426
-5.3 0.00194342
-5.29 0.00198328
-5.28 0.00202388
-5.27 0.0020652
-5.26 0.00210726
-5.25 0.00215008
-5.24 0.00219367
-5.23 0.00223803
-5.22 0.00228318
-5.21 0.00232913
-5.2 0.00237589
-5.19 0.00242347
-5.18 0.00247189
-5.17 0.00252115
-5.16 0.00257128
-5.15 0.00262228
-5.14 0.00267415
-5.13 0.00272693
-5.12 0.00278062
-5.11 0.00283522
-5.1 0.00289076
-5.09 0.00294725
-5.08 0.0030047
-5.07 0.00306312
-5.06 0.00312253
-5.05 0.00318294
-5.04 0.00324436
-5.03 0.00330682
-5.02 0.00337031
-5.01 0.00343486
-5 0.00350048
-4.99 0.00356718
-4.98 0.00363498
-4.97 0.00370389
-4.96 0.00377393
-4.95 0.00384511
-4.94 0.00391744
-4.93 0.00399095
-4.92 0.00406564
-4.91 0.00414153
-4.9 0.00421864
-4.89 0.00429698
-4.88 0.00437657
-4.87 0.00445742
-4.86 0.00453954
-4.85 0.00462296
-4.84 0.00470769
-4.83 0.00479375
-4.82 0.00488114
-4.81 0.00496989
-4.8 0.00506002
-4.79 0.00515153
-4.78 0.00524445
-4.77 0.00533879
-4.76 0.00543457
-4.75 0.00553181
-4.74 0.00563052
-4.73 0.00573072
-4.72 0.00583243
-4.71 0.00593566
-4.7 0.00604043
-4.69 0.00614675
-4.68 0.00625465
-4.67 0.00636415
-4.66 0.00647525
-4.65 0.00658798
-4.64 0.00670236
-4.63 0.0068184
-4.62 0.00693612
-4.61 0.00705554
-4.6 0.00717667
-4.59 0.00729954
-4.58 0.00742416
-4.57 0.00755055
-4.56 0.00767873
-4.55 0.00780871
-4.54 0.00794052
-4.53 0.00807417
-4.52 0.00820969
-4.51 0.00834708
-4.5 0.00848637
-4.49 0.00862758
-4.48 0.00877072
-4.47 0.00891582
-4.46 0.00906289
-4.45 0.00921195
-4.44 0.00936302
-4.43 0.00951612
-4.42 0.00967127
-4.41 0.00982848
-4.4 0.00998777
-4.39 0.0101492
-4.38 0.0103127
-4.37 0.0104784
-4.36 0.0106462
-4.35 0.0108162
-4.34 0.0109884
-4.33 0.0111628
-4.32 0.0113394
-4.31 0.0115183
-4.3 0.0116995
-4.29 0.011883
-4.28 0.0120687
-4.27 0.0122568
-4.26 0.0124473
-4.25 0.0126401
-4.24 0.0128353
-4.23 0.0130329
-4.22 0.0132329
-4.21 0.0134354
-4.2 0.0136403
-4.19 0.0138477
-4.18 0.0140576
-4.17 0.01427
-4.16 0.0144849
-4.15 0.0147024
-4.14 0.0149224
-4.13 0.015145
-4.12 0.0153702
-4.11 0.0155981
-4.1 0.0158286
-4.09 0.0160617
-4.08 0.0162975
-4.07 0.016536
-4.06 0.0167772
-4.05 0.0170212
-4.04 0.0172678
-4.03 0.0175173
-4.02 0.0177694
-4.01 0.0180244
-4 0.0182822
-3.99 0.0185429
-3.98 0.0188063
-3.97 0.0190726
-3.96 0.0193418
-3.95 0.0196139
-3.94 0.0198888
-3.93 0.0201667
-3.92 0.0204475
-3.91 0.0207313
-3.9 0.021018
-3.89 0.0213077
-3.88 0.0216004
-3.87 0.0218961
-3.86 0.0221948
-3.85 0.0224966
-3.84 0.0228014
-3.83 0.0231092
-3.82 0.0234202
-3.81 0.0237342
-3.8 0.0240513
-3.79 0.0243715
-3.78 0.0246948
-3.77 0.0250213
-3.76 0.0253509
-3.75 0.0256837
-3.74 0.0260196
-3.73 0.0263587
-3.72 0.026701
-3.71 0.0270465
-3.7 0.0273952
-3.69 0.0277472
-3.68 0.0281023
-3.67 0.0284607
-3.66 0.0288224
-3.65 0.0291873
-3.64 0.0295554
-3.63 0.0299268
-3.62 0.0303015
-3.61 0.0306795
-3.6 0.0310608
-3.59 0.0314454
-3.58 0.0318332
-3.57 0.0322244
-3.56 0.0326189
-3.55 0.0330168
-3.54 0.0334179
-3.53 0.0338224
-3.52 0.0342302
-3.51 0.0346413
-3.5 0.0350558
-3.49 0.0354737
-3.48 0.0358948
-3.47 0.0363194
-3.46 0.0367472
-3.45 0.0371785
-3.44 0.037613
-3.43 0.038051
-3.42 0.0384922
-3.41 0.0389369
-3.4 0.0393848
-3.39 0.0398362
-3.38 0.0402909
-3.37 0.0407489
-3.36 0.0412103
-3.35 0.041675
-3.34 0.042143
-3.33 0.0426144
-3.32 0.0430891
-3.31 0.0435672
-3.3 0.0440485
-3.29 0.0445332
-3.28 0.0450212
-3.27 0.0455125
-3.26 0.0460071
-3.25 0.046505
-3.24 0.0470061
-3.23 0.0475106
-3.22 0.0480183
-3.21 0.0485292
-3.2 0.0490434
-3.19 0.0495608
-3.18 0.0500815
-3.17 0.0506054
-3.16 0.0511324
-3.15 0.0516627
-3.14 0.0521961
-3.13 0.0527327
-3.12 0.0532725
-3.11 0.0538154
-3.1 0.0543614
-3.09 0.0549106
-3.08 0.0554628
-3.07 0.0560181
-3.06 0.0565764
-3.05 0.0571378
-3.04 0.0577023
-3.03 0.0582697
-3.02 0.0588402
-3.01 0.0594136
-3 0.0599899
-2.99 0.0605692
-2.98 0.0611514
-2.97 0.0617365
-2.96 0.0623245
-2.95 0.0629153
-2.94 0.063509
-2.93 0.0641054
-2.92 0.0647047
-2.91 0.0653067
-2.9 0.0659114
-2.89 0.0665188
-2.88 0.067129
-2.87 0.0677417
-2.86 0.0683572
-2.85 0.0689752
-2.84 0.0695958
-2.83 0.070219
-2.82 0.0708446
-2.81 0.0714728
-2.8 0.0721035
-2.79 0.0727366
-2.78 0.0733721
-2.77 0.07401
-2.76 0.0746502
-2.75 0.0752928
-2.74 0.0759376
-2.73 0.0765847
-2.72 0.077234
-2.71 0.0778855
-2.7 0.0785392
-2.69 0.079195
-2.68 0.0798529
-2.67 0.0805129
-2.66 0.0811748
-2.65 0.0818388
-2.64 0.0825047
-2.63 0.0831725
-2.62 0.0838422
-2.61 0.0845138
-2.6 0.0851871
-2.59 0.0858622
-2.58 0.0865391
-2.57 0.0872177
-2.56 0.0878979
-2.55 0.0885797
-2.54 0.0892631
-2.53 0.089948
-2.52 0.0906345
-2.51 0.0913223
-2.5 0.0920117
-2.49 0.0927023
-2.48 0.0933944
-2.47 0.0940877
-2.46 0.0947823
-2.45 0.0954781
-2.44 0.096175
-2.43 0.0968731
-2.42 0.0975723
-2.41 0.0982725
-2.4 0.0989737
-2.39 0.0996759
-2.38 0.100379
-2.37 0.101083
-2.36 0.101788
-2.35 0.102493
-2.34 0.103199
-2.33 0.103906
-2.32 0.104614
-2.31 0.105322
-2.3 0.106031
-2.29 0.10674
-2.28 0.10745
-2.27 0.10816
-2.26 0.108871
-2.25 0.109582
-2.24 0.110293
-2.23 0.111004
-2.22 0.111716
-2.21 0.112428
-2.2 0.113139
-2.19 0.113851
-2.18 0.114563
-2.17 0.115275
-2.16 0.115987
-2.15 0.116698
-2.14 0.11741
-2.13 0.118121
-2.12 0.118832
-2.11 0.119543
-2.1 0.120253
-2.09 0.120963
-2.08 0.121672
-2.07 0.122381
-2.06 0.123089
-2.05 0.123797
-2.04 0.124504
-2.03 0.12521
-2.02 0.125916
-2.01 0.12662
-2 0.127324
-1.99 0.128027
-1.98 0.12873
-1.97 0.129431
-1.96 0.130131
-1.95 0.13083
-1.94 0.131528
-1.93 0.132225
-1.92 0.13292
-1.91 0.133615
-1.9 0.134308
-1.89 0.134999
-1.88 0.13569
-1.87 0.136379
-1.86 0.137066
-1.85 0.137752
-1.84 0.138436
-1.83 0.139119
-1.82 0.1398
-1.81 0.140479
-1.8 0.141157
-1.79 0.141833
-1.78 0.142507
-1.77 0.143179
-1.76 0.143849
-1.75 0.144517
-1.74 0.145184
-1.73 0.145848
-1.72 0.14651
-1.71 0.14717
-1.7 0.147828
-1.69 0.148484
-1.68 0.149137
-1.67 0.149788
-1.66 0.150437
-1.65 0.151084
-1.64 0.151728
-1.63 0.15237
-1.62 0.153009
-1.61 0.153646
-1.6 0.15428
-1.59 0.154911
-1.58 0.15554
-1.57 0.156167
-1.56 0.15679
-1.55 0.157411
-1.54 0.158029
-1.53 0.158645
-1.52 0.159257
-1.51 0.159867
-1.5 0.160474
-1.49 0.161077
-1.48 0.161678
-1.47 0.162276
-1.46 0.162871
-1.45 0.163463
-1.44 0.164051
-1.43 0.164637
-1.42 0.165219
-1.41 0.165798
-1.4 0.166374
-1.39 0.166947
-1.38 0.167517
-1.37 0.168083
-1.36 0.168646
-1.35 0.169205
-1.34 0.169761
-1.33 0.170314
-1.32 0.170863
-1.31 0.171409
-1.3 0.171951
-1.29 0.17249
-1.28 0.173026
-1.27 0.173557
-1.26 0.174085
-1.25 0.17461
-1.24 0.175131
-1.23 0.175648
-1.22 0.176162
-1.21 0.176672
-1.2 0.177178
-1.19 0.17768
-1.18 0.178179
-1.17 0.178674
-1.16 0.179165
-1.15 0.179653
-1.14 0.180136
-1.13 0.180616
-1.12 0.181092
-1.11 0.181564
-1.1 0.182032
-1.09 0.182496
-1.08 0.182956
-1.07 0.183412
-1.06 0.183864
-1.05 0.184313
-1.04 0.184757
-1.03 0.185197
-1.02 0.185634
-1.01 0.186066
-1 0.186494
-0.99 0.186918
-0.98 0.187338
-0.97 0.187755
-0.96 0.188166
-0.95 0.188574
-0.94 0.188978
-0.93 0.189378
-0.92 0.189773
-0.91 0.190164
-0.9 0.190552
-0.89 0.190935
-0.88 0.191313
-0.87 0.191688
-0.86 0.192058
-0.85 0.192425
-0.84 0.192787
-0.83 0.193145
-0.82 0.193498
-0.81 0.193848
-0.8 0.194193
-0.79 0.194534
-0.78 0.194871
-0.77 0.195203
-0.76 0.195532
-0.75 0.195856
-0.74 0.196175
-0.73 0.196491
-0.72 0.196802
-0.71 0.197109
-0.7 0.197412
-0.69 0.19771
-0.68 0.198004
-0.67 0.198294
-0.66 0.198579
-0.65 0.198861
-0.64 0.199138
-0.63 0.19941
-0.62 0.199679
-0.61 0.199943
-0.6 0.200203
-0.59 0.200458
-0.58 0.200709
-0.57 0.200956
-0.56 0.201199
-0.55 0.201437
-0.54 0.201671
-0.53 0.201901
-0.52 0.202126
-0.51 0.202347
-0.5 0.202564
-0.49 0.202776
-0.48 0.202984
-0.47 0.203188
-0.46 0.203388
-0.45 0.203583
-0.44 0.203774
-0.43 0.20396
-0.42 0.204142
-0.41 0.20432
-0.4 0.204494
-0.39 0.204663
-0.38 0.204829
-0.37 0.204989
-0.36 0.205146
-0.35 0.205298
-0.34 0.205446
-0.33 0.205589
-0.32 0.205729
-0.31 0.205864
-0.3 0.205994
-0.29 0.206121
-0.28 0.206243
-0.27 0.20636
-0.26 0.206474
-0.25 0.206583
-0.24 0.206688
-0.23 0.206789
-0.22 0.206885
-0.21 0.206977
-0.2 0.207065
-0.19 0.207148
-0.18 0.207227
-0.17 0.207302
-0.16 0.207373
-0.15 0.207439
-0.14 0.207501
-0.13 0.207559
-0.12 0.207612
-0.11 0.207662
-0.1 0.207707
-0.09 0.207747
-0.08 0.207784
-0.07 0.207816
-0.06 0.207843
-0.05 0.207867
-0.04 0.207886
-0.03 0.207901
-0.02 0.207912
-0.01 0.207918
0 0.20792
0.01 0.207918
0.02 0.207912
0.03 0.207901
0.04 0.207886
0.05 0.207867
0.06 0.207843
0.07 0.207816
0.08 0.207784
0.09 0.207747
0.1 0.207707
0.11 0.207662
0.12 0.207612
0.13 0.207559
0.14 0.207501
0.15 0.207439
0.16 0.207373
0.17 0.207302
0.18 0.207227
0.19 0.207148
0.2 0.207065
0.21 0.206977
0.22 0.206885
0.23 0.206789
0.24 0.206688
0.25 0.206583
0.26 0.206474
0.27 0.20636
0.28 0.206243
0.29 0.206121
0.3 0.205994
0.31 0.205864
0.32 0.205729
0.33 0.205589
0.34 0.205446
0.35 0.205298
0.36 0.205146
0.37 0.204989
0.38 0.204829
0.39 0.204663
0.4 0.204494
0.41 0.20432
0.42 0.204142
0.43 0.20396
0.44 0.203774
0.45 0.203583
0.46 0.203388
0.47 0.203188
0.48 0.202984
0.49 0.202776
0.5 0.202564
0.51 0.202347
0.52 0.202126
0.53 0.201901
0.54 0.201671
0.55 0.201437
0.56 0.201199
0.57 0.200956
0.58 0.200709
0.59 0.200458
0.6 0.200203
0.61 0.199943
0.62 0.199679
0.63 0.19941
0.64 0.199138
0.65 0.198861
0.66 0.198579
0.67 0.198294
0.68 0.198004
0.69 0.19771
0.7 0.197412
0.71 0.197109
0.72 0.196802
0.73 0.196491
0.74 0.196175
0.75 0.195856
0.76 0.195532
0.77 0.195203
0.78 0.194871
0.79 0.194534
0.8 0.194193
0.81 0.193848
0.82 0.193498
0.83 0.193145
0.84 0.192787
0.85 0.192425
0.86 0.192058
0.87 0.191688
0.88 0.191313
0.89 0.190935
0.9 0.190552
0.91 0.190164
0.92 0.189773
0.93 0.189378
0.94 0.188978
0.95 0.188574
0.96 0.188166
0.97 0.187755
0.98 0.187338
0.99 0.186918
1 0.186494
1.01 0.186066
1.02 0.185634
1.03 0.185197
1.04 0.184757
1.05 0.184313
1.06 0.183864
1.07 0.183412
1.08 0.182956
1.09 0.182496
1.1 0.182032
1.11 0.181564
1.12 0.181092
1.13 0.180616
1.14 0.180136
1.15 0.179653
1.16 0.179165
1.17 0.178674
1.18 0.178179
1.19 0.17768
1.2 0.177178
1.21 0.176672
1.22 0.176162
1.23 0.175648
1.24 0.175131
1.25 0.17461
1.26 0.174085
1.27 0.173557
1.28 0.173026
1.29 0.17249
1.3 0.171951
1.31 0.171409
1.32 0.170863
1.33 0.170314
1.34 0.169761
1.35 0.169205
1.36 0.168646
1.37 0.168083
1.38 0.167517
1.39 0.166947
1.4 0.166374
1.41 0.165798
1.42 0.165219
1.43 0.164637
1.44 0.164051
1.45 0.163463
1.46 0.162871
1.47 0.162276
1.48 0.161678
1.49 0.161077
1.5 0.160474
1.51 0.159867
1.52 0.159257
1.53 0.158645
1.54 0.158029
1.55 0.157411
1.56 0.15679
1.57 0.156167
1.58 0.15554
1.59 0.154911
1.6 0.15428
1.61 0.153646
1.62 0.153009
1.63 0.15237
1.64 0.151728
1.65 0.151084
1.66 0.150437
1.67 0.149788
1.68 0.149137
1.69 0.148484
1.7 0.147828
1.71 0.14717
1.72 0.14651
1.73 0.145848
1.74 0.145184
1.75 0.144517
1.76 0.143849
1.77 0.143179
1.78 0.142507
1.79 0.141833
1.8 0.141157
1.81 0.140479
1.82 0.1398
1.83 0.139119
1.84 0.138436
1.85 0.137752
1.86 0.137066
1.87 0.136379
1.88 0.13569
1.89 0.134999
1.9 0.134308
1.91 0.133615
1.92 0.13292
1.93 0.132225
1.94 0.131528
1.95 0.13083
1.96 0.130131
1.97 0.129431
1.98 0.12873
1.99 0.128027
2 0.127324
2.01 0.12662
2.02 0.125916
2.03 0.12521
2.04 0.124504
2.05 0.123797
2.06 0.123089
2.07 0.122381
2.08 0.121672
2.09 0.120963
2.1 0.120253
2.11 0.119543
2.12 0.118832
2.13 0.118121
2.14 0.11741
2.15 0.116698
2.16 0.115987
2.17 0.115275
2.18 0.114563
2.19 0.113851
2.2 0.113139
2.21 0.112428
2.22 0.111716
2.23 0.111004
2.24 0.110293
2.25 0.109582
2.26 0.108871
2.27 0.10816
2.28 0.10745
2.29 0.10674
2.3 0.106031
2.31 0.105322
2.32 0.104614
2.33 0.103906
2.34 0.103199
2.35 0.102493
2.36 0.101788
2.37 0.101083
2.38 0.100379
2.39 0.0996759
2.4 0.0989737
2.41 0.0982725
2.42 0.0975723
2.43 0.0968731
2.44 0.096175
2.45 0.0954781
2.46 0.0947823
2.47 0.0940877
2.48 0.0933944
2.49 0.0927023
2.5 0.0920117
2.51 0.0913223
2.52 0.0906345
2.53 0.089948
2.54 0.0892631
2.55 0.0885797
2.56 0.0878979
2.57 0.0872177
2.58 0.0865391
2.59 0.0858622
2.6 0.0851871
2.61 0.0845138
2.62 0.0838422
2.63 0.0831725
2.64 0.0825047
2.65 0.0818388
2.66 0.0811748
2.67 0.0805129
2.68 0.0798529
2.69 0.079195
2.7 0.0785392
2.71 0.0778855
2.72 0.077234
2.73 0.0765847
2.74 0.0759376
2.75 0.0752928
2.76 0.0746502
2.77 0.07401
2.78 0.0733721
2.79 0.0727366
2.8 0.0721035
2.81 0.0714728
2.82 0.0708446
2.83 0.070219
2.84 0.0695958
2.85 0.0689752
2.86 0.0683572
2.87 0.0677417
2.88 0.067129
2.89 0.0665188
2.9 0.0659114
2.91 0.0653067
2.92 0.0647047
2.93 0.0641054
2.94 0.063509
2.95 0.0629153
2.96 0.0623245
2.97 0.0617365
2.98 0.0611514
2.99 0.0605692
3 0.0599899
3.01 0.0594136
3.02 0.0588402
3.03 0.0582697
3.04 0.0577023
3.05 0.0571378
3.06 0.0565764
3.07 0.0560181
3.08 0.0554628
3.09 0.0549106
3.1 0.0543614
3.11 0.0538154
3.12 0.0532725
3.13 0.0527327
3.14 0.0521961
3.15 0.0516627
3.16 0.0511324
3.17 0.0506054
3.18 0.0500815
3.19 0.0495608
3.2 0.0490434
3.21 0.0485292
3.22 0.0480183
3.23 0.0475106
3.24 0.0470061
3.25 0.046505
3.26 0.0460071
3.27 0.0455125
3.28 0.0450212
3.29 0.0445332
3.3 0.0440485
3.31 0.0435672
3.32 0.0430891
3.33 0.0426144
3.34 0.042143
3.35 0.041675
3.36 0.0412103
3.37 0.0407489
3.38 0.0402909
3.39 0.0398362
3.4 0.0393848
3.41 0.0389369
3.42 0.0384922
3.43 0.038051
3.44 0.037613
3.45 0.0371785
3.46 0.0367472
3.47 0.0363194
3.48 0.0358948
3.49 0.0354737
3.5 0.0350558
3.51 0.0346413
3.52 0.0342302
3.53 0.0338224
3.54 0.0334179
3.55 0.0330168
3.56 0.0326189
3.57 0.0322244
3.58 0.0318332
3.59 0.0314454
3.6 0.0310608
3.61 0.0306795
3.62 0.0303015
3.63 0.0299268
3.64 0.0295554
3.65 0.0291873
3.66 0.0288224
3.67 0.0284607
3.68 0.0281023
3.69 0.0277472
3.7 0.0273952
3.71 0.0270465
3.72 0.026701
3.73 0.0263587
3.74 0.0260196
3.75 0.0256837
3.76 0.0253509
3.77 0.0250213
3.78 0.0246948
3.79 0.0243715
3.8 0.0240513
3.81 0.0237342
3.82 0.0234202
3.83 0.0231092
3.84 0.0228014
3.85 0.0224966
3.86 0.0221948
3.87 0.0218961
3.88 0.0216004
3.89 0.0213077
3.9 0.021018
3.91 0.0207313
3.92 0.0204475
3.93 0.0201667
3.94 0.0198888
3.95 0.0196139
3.96 0.0193418
3.97 0.0190726
3.98 0.0188063
3.99 0.0185429
4 0.0182822
4.01 0.0180244
4.02 0.0177694
4.03 0.0175173
4.04 0.0172678
4.05 0.0170212
4.06 0.0167772
4.07 0.016536
4.08 0.0162975
4.09 0.0160617
4.1 0.0158286
4.11 0.0155981
4.12 0.0153702
4.13 0.015145
4.14 0.0149224
4.15 0.0147024
4.16 0.0144849
4.17 0.01427
4.18 0.0140576
4.19 0.0138477
4.2 0.0136403
4.21 0.0134354
4.22 0.0132329
4.23 0.0130329
4.24 0.0128353
4.25 0.0126401
4.26 0.0124473
4.27 0.0122568
4.28 0.0120687
4.29 0.011883
4.3 0.0116995
4.31 0.0115183
4.32 0.0113394
4.33 0.0111628
4.34 0.0109884
4.35 0.0108162
4.36 0.0106462
4.37 0.0104784
4.38 0.0103127
4.39 0.0101492
4.4 0.00998777
4.41 0.00982848
4.42 0.00967127
4.43 0.00951612
4.44 0.00936302
4.45 0.00921195
4.46 0.00906289
4.47 0.00891582
4.48 0.00877072
4.49 0.00862758
4.5 0.00848637
4.51 0.00834708
4.52 0.00820969
4.53 0.00807417
4.54 0.00794052
4.55 0.00780871
4.56 0.00767873
4.57 0.00755055
4.58 0.00742416
4.59 0.00729954
4.6 0.00717667
4.61 0.00705554
4.62 0.00693612
4.63 0.0068184
4.64 0.00670236
4.65 0.00658798
4.66 0.00647525
4.67 0.00636415
4.68 0.00625465
4.69 0.00614675
4.7 0.00604043
4.71 0.00593566
4.72 0.00583243
4.73 0.00573072
4.74 0.00563052
4.75 0.00553181
4.76 0.00543457
4.77 0.00533879
4.78 0.00524445
4.79 0.00515153
4.8 0.00506002
4.81 0.00496989
4.82 0.00488114
4.83 0.00479375
4.84 0.00470769
4.85 0.00462296
4.86 0.00453954
4.87 0.00445742
4.88 0.00437657
4.89 0.00429698
4.9 0.00421864
4.91 0.00414153
4.92 0.00406564
4.93 0.00399095
4.94 0.00391744
4.95 0.00384511
4.96 0.00377393
4.97 0.00370389
4.98 0.00363498
4.99 0.00356718
5 0.00350048
5.01 0.00343486
5.02 0.00337031
5.03 0.00330682
5.04 0.00324436
5.05 0.00318294
5.06 0.00312253
5.07 0.00306312
5.08 0.0030047
5.09 0.00294725
5.1 0.00289076
5.11 0.00283522
5.12 0.00278062
5.13 0.00272693
5.14 0.00267415
5.15 0.00262228
5.16 0.00257128
5.17 0.00252115
5.18 0.00247189
5.19 0.00242347
5.2 0.00237589
5.21 0.00232913
5.22 0.00228318
5.23 0.00223803
5.24 0.00219367
5.25 0.00215008
5.26 0.00210726
5.27 0.0020652
5.28 0.00202388
5.29 0.00198328
5.3 0.00194342
5.31 0.00190426
5.32 0.0018658
5.33 0.00182803
5.34 0.00179094
5.35 0.00175452
5.36 0.00171875
5.37 0.00168364
5.38 0.00164916
5.39 0.00161531
5.4 0.00158208
5.41 0.00154946
5.42 0.00151745
5.43 0.00148602
5.44 0.00145517
5.45 0.00142489
5.46 0.00139518
5.47 0.00136602
5.48 0.00133741
5.49 0.00130933
5.5 0.00128179
5.51 0.00125476
5.52 0.00122824
5.53 0.00120223
5.54 0.00117671
5.55 0.00115167
5.56 0.00112712
5.57 0.00110303
5.58 0.00107941
5.59 0.00105625
5.6 0.00103353
5.61 0.00101125
5.62 0.000989406
5.63 0.000967986
5.64 0.000946985
5.65 0.000926395
5.66 0.000906209
5.67 0.00088642
5.68 0.000867022
5.69 0.000848008
5.7 0.000829371
5.71 0.000811105
5.72 0.000793203
5.73 0.000775659
5.74 0.000758467
5.75 0.00074162
5.76 0.000725113
5.77 0.000708939
5.78 0.000693092
5.79 0.000677568
5.8 0.000662359
5.81 0.00064746
5.82 0.000632867
5.83 0.000618572
5.84 0.000604572
5.85 0.00059086
5.86 0.000577431
5.87 0.00056428
5.88 0.000551403
5.89 0.000538793
5.9 0.000526447
5.91 0.000514359
5.92 0.000502524
5.93 0.000490938
5.94 0.000479596
5.95 0.000468493
5.96 0.000457626
5.97 0.000446989
5.98 0.000436579
5.99 0.00042639
