-6 0.000591379
-5.99 0.000606065
-5.98 0.000621081
-5.97 0.000636435
-5.96 0.000652133
-5.95 0.000668181
-5.94 0.000684587
-5.93 0.000701357
-5.92 0.000718499
-5.91 0.000736019
-5.9 0.000753925
-5.89 0.000772225
-5.88 0.000790926
-5.87 0.000810035
-5.86 0.00082956
-5.85 0.00084951
-5.84 0.000869891
-5.83 0.000890713
-5.82 0.000911983
-5.81 0.000933711
-5.8 0.000955903
-5.79 0.00097857
-5.78 0.00100172
-5.77 0.00102536
-5.76 0.0010495
-5.75 0.00107415
-5.74 0.00109932
-5.73 0.00112502
-5.72 0.00115125
-5.71 0.00117804
-5.7 0.00120538
-5.69 0.00123328
-5.68 0.00126177
-5.67 0.00129084
-5.66 0.00132051
-5.65 0.00135078
-5.64 0.00138168
-5.63 0.0014132
-5.62 0.00144537
-5.61 0.00147819
-5.6 0.00151166
-5.59 0.00154582
-5.58 0.00158065
-5.57 0.00161619
-5.56 0.00165243
-5.55 0.00168939
-5.54 0.00172709
-5.53 0.00176552
-5.52 0.00180472
-5.51 0.00184469
-5.5 0.00188543
-5.49 0.00192697
-5.48 0.00196932
-5.47 0.00201249
-5.46 0.0020565
-5.45 0.00210135
-5.44 0.00214706
-5.43 0.00219365
-5.42 0.00224112
-5.41 0.0022895
-5.4 0.00233879
-5.39 0.00238901
-5.38 0.00244018
-5.37 0.00249231
-5.36 0.00254541
-5.35 0.0025995
-5.34 0.0026546
-5.33 0.00271071
-5.32 0.00276786
-5.31 0.00282606
-5.3 0.00288533
-5.29 0.00294567
-5.28 0.00300712
-5.27 0.00306968
-5.26 0.00313337
-5.25 0.0031982
-5.24 0.0032642
-5.23 0.00333138
-5.22 0.00339975
-5.21 0.00346934
-5.2 0.00354016
-5.19 0.00361223
-5.18 0.00368556
-5.17 0.00376018
-5.16 0.0038361
-5.15 0.00391333
-5.14 0.0039919
-5.13 0.00407183
-5.12 0.00415313
-5.11 0.00423582
-5.1 0.00431993
-5.09 0.00440546
-5.08 0.00449244
-5.07 0.00458088
-5.06 0.00467081
-5.05 0.00476225
-5.04 0.00485521
-5.03 0.00494972
-5.02 0.00504579
-5.01 0.00514344
-5 0.00524269
-4.99 0.00534357
-4.98 0.0054461
-4.97 0.00555028
-4.96 0.00565615
-4.95 0.00576372
-4.94 0.00587302
-4.93 0.00598407
-4.92 0.00609688
-4.91 0.00621148
-4.9 0.00632788
-4.89 0.00644612
-4.88 0.0065662
-4.87 0.00668816
-4.86 0.00681201
-4.85 0.00693778
-4.84 0.00706548
-4.83 0.00719513
-4.82 0.00732677
-4.81 0.00746041
-4.8 0.00759607
-4.79 0.00773377
-4.78 0.00787354
-4.77 0.0080154
-4.76 0.00815936
-4.75 0.00830546
-4.74 0.00845372
-4.73 0.00860415
-4.72 0.00875678
-4.71 0.00891163
-4.7 0.00906872
-4.69 0.00922808
-4.68 0.00938972
-4.67 0.00955368
-4.66 0.00971996
-4.65 0.0098886
-4.64 0.0100596
-4.63 0.010233
-4.62 0.0104089
-4.61 0.0105872
-4.6 0.0107679
-4.59 0.0109511
-4.58 0.0111369
-4.57 0.0113252
-4.56 0.011516
-4.55 0.0117094
-4.54 0.0119054
-4.53 0.012104
-4.52 0.0123053
-4.51 0.0125092
-4.5 0.0127158
-4.49 0.0129252
-4.48 0.0131372
-4.47 0.013352
-4.46 0.0135696
-4.45 0.01379
-4.44 0.0140131
-4.43 0.0142392
-4.42 0.014468
-4.41 0.0146998
-4.4 0.0149344
-4.39 0.015172
-4.38 0.0154125
-4.37 0.015656
-4.36 0.0159024
-4.35 0.0161519
-4.34 0.0164043
-4.33 0.0166598
-4.32 0.0169184
-4.31 0.01718
-4.3 0.0174447
-4.29 0.0177126
-4.28 0.0179836
-4.27 0.0182577
-4.26 0.018535
-4.25 0.0188154
-4.24 0.0190991
-4.23 0.019386
-4.22 0.0196762
-4.21 0.0199696
-4.2 0.0202662
-4.19 0.0205662
-4.18 0.0208694
-4.17 0.021176
-4.16 0.0214859
-4.15 0.0217992
-4.14 0.0221158
-4.13 0.0224358
-4.12 0.0227592
-4.11 0.023086
-4.1 0.0234162
-4.09 0.0237499
-4.08 0.024087
-4.07 0.0244275
-4.06 0.0247715
-4.05 0.025119
-4.04 0.02547
-4.03 0.0258245
-4.02 0.0261825
-4.01 0.026544
-4 0.026909
-3.99 0.0272776
-3.98 0.0276497
-3.97 0.0280254
-3.96 0.0284047
-3.95 0.0287875
-3.94 0.0291739
-3.93 0.0295638
-3.92 0.0299574
-3.91 0.0303545
-3.9 0.0307553
-3.89 0.0311596
-3.88 0.0315676
-3.87 0.0319791
-3.86 0.0323943
-3.85 0.032813
-3.84 0.0332354
-3.83 0.0336614
-3.82 0.034091
-3.81 0.0345242
-3.8 0.0349611
-3.79 0.0354015
-3.78 0.0358456
-3.77 0.0362932
-3.76 0.0367445
-3.75 0.0371993
-3.74 0.0376578
-3.73 0.0381198
-3.72 0.0385854
-3.71 0.0390546
-3.7 0.0395273
-3.69 0.0400036
-3.68 0.0404835
-3.67 0.0409669
-3.66 0.0414538
-3.65 0.0419443
-3.64 0.0424383
-3.63 0.0429357
-3.62 0.0434367
-3.61 0.0439411
-3.6 0.044449
-3.59 0.0449604
-3.58 0.0454751
-3.57 0.0459933
-3.56 0.0465149
-3.55 0.0470398
-3.54 0.0475681
-3.53 0.0480998
-3.52 0.0486348
-3.51 0.0491731
-3.5 0.0497147
-3.49 0.0502595
-3.48 0.0508076
-3.47 0.0513589
-3.46 0.0519133
-3.45 0.052471
-3.44 0.0530318
-3.43 0.0535957
-3.42 0.0541627
-3.41 0.0547327
-3.4 0.0553058
-3.39 0.0558819
-3.38 0.056461
-3.37 0.057043
-3.36 0.0576279
-3.35 0.0582157
-3.34 0.0588063
-3.33 0.0593998
-3.32 0.0599961
-3.31 0.0605951
-3.3 0.0611968
-3.29 0.0618011
-3.28 0.0624081
-3.27 0.0630178
-3.26 0.0636299
-3.25 0.0642446
-3.24 0.0648618
-3.23 0.0654814
-3.22 0.0661034
-3.21 0.0667278
-3.2 0.0673545
-3.19 0.0679834
-3.18 0.0686146
-3.17 0.069248
-3.16 0.0698835
-3.15 0.070521
-3.14 0.0711607
-3.13 0.0718023
-3.12 0.0724459
-3.11 0.0730913
-3.1 0.0737386
-3.09 0.0743878
-3.08 0.0750386
-3.07 0.0756912
-3.06 0.0763454
-3.05 0.0770012
-3.04 0.0776585
-3.03 0.0783173
-3.02 0.0789775
-3.01 0.0796391
-3 0.0803021
-2.99 0.0809663
-2.98 0.0816317
-2.97 0.0822982
-2.96 0.0829658
-2.95 0.0836345
-2.94 0.0843041
-2.93 0.0849747
-2.92 0.0856461
-2.91 0.0863183
-2.9 0.0869912
-2.89 0.0876648
-2.88 0.088339
-2.87 0.0890138
-2.86 0.089689
-2.85 0.0903647
-2.84 0.0910407
-2.83 0.091717
-2.82 0.0923936
-2.81 0.0930703
-2.8 0.0937471
-2.79 0.0944239
-2.78 0.0951008
-2.77 0.0957775
-2.76 0.096454
-2.75 0.0971304
-2.74 0.0978064
-2.73 0.0984821
-2.72 0.0991574
-2.71 0.0998321
-2.7 0.100506
-2.69 0.10118
-2.68 0.101853
-2.67 0.102525
-2.66 0.103196
-2.65 0.103866
-2.64 0.104536
-2.63 0.105204
-2.62 0.105871
-2.61 0.106538
-2.6 0.107202
-2.59 0.107866
-2.58 0.108528
-2.57 0.109189
-2.56 0.109848
-2.55 0.110505
-2.54 0.111161
-2.53 0.111816
-2.52 0.112468
-2.51 0.113119
-2.5 0.113767
-2.49 0.114414
-2.48 0.115059
-2.47 0.115701
-2.46 0.116341
-2.45 0.116979
-2.44 0.117615
-2.43 0.118248
-2.42 0.118879
-2.41 0.119507
-2.4 0.120133
-2.39 0.120756
-2.38 0.121376
-2.37 0.121994
-2.36 0.122609
-2.35 0.12322
-2.34 0.123829
-2.33 0.124435
-2.32 0.125038
-2.31 0.125637
-2.3 0.126234
-2.29 0.126827
-2.28 0.127416
-2.27 0.128003
-2.26 0.128585
-2.25 0.129165
-2.24 0.12974
-2.23 0.130313
-2.22 0.130881
-2.21 0.131446
-2.2 0.132007
-2.19 0.132564
-2.18 0.133117
-2.17 0.133666
-2.16 0.134211
-2.15 0.134752
-2.14 0.135289
-2.13 0.135822
-2.12 0.13635
-2.11 0.136875
-2.1 0.137395
-2.09 0.13791
-2.08 0.138422
-2.07 0.138929
-2.06 0.139431
-2.05 0.139929
-2.04 0.140422
-2.03 0.140911
-2.02 0.141395
-2.01 0.141874
-2 0.142349
-1.99 0.142818
-1.98 0.143283
-1.97 0.143744
-1.96 0.144199
-1.95 0.144649
-1.94 0.145095
-1.93 0.145535
-1.92 0.145971
-1.91 0.146401
-1.9 0.146827
-1.89 0.147247
-1.88 0.147663
-1.87 0.148073
-1.86 0.148478
-1.85 0.148877
-1.84 0.149272
-1.83 0.149662
-1.82 0.150046
-1.81 0.150425
-1.8 0.150798
-1.79 0.151167
-1.78 0.15153
-1.77 0.151888
-1.76 0.15224
-1.75 0.152587
-1.74 0.152929
-1.73 0.153266
-1.72 0.153597
-1.71 0.153923
-1.7 0.154243
-1.69 0.154558
-1.68 0.154868
-1.67 0.155172
-1.66 0.155471
-1.65 0.155765
-1.64 0.156053
-1.63 0.156336
-1.62 0.156613
-1.61 0.156886
-1.6 0.157153
-1.59 0.157414
-1.58 0.15767
-1.57 0.157921
-1.56 0.158167
-1.55 0.158407
-1.54 0.158642
-1.53 0.158872
-1.52 0.159097
-1.51 0.159316
-1.5 0.159531
-1.49 0.15974
-1.48 0.159944
-1.47 0.160142
-1.46 0.160336
-1.45 0.160525
-1.44 0.160708
-1.43 0.160887
-1.42 0.161061
-1.41 0.161229
-1.4 0.161393
-1.39 0.161552
-1.38 0.161706
-1.37 0.161855
-1.36 0.161999
-1.35 0.162139
-1.34 0.162274
-1.33 0.162404
-1.32 0.162529
-1.31 0.16265
-1.3 0.162767
-1.29 0.162879
-1.28 0.162986
-1.27 0.163089
-1.26 0.163188
-1.25 0.163282
-1.24 0.163372
-1.23 0.163457
-1.22 0.163539
-1.21 0.163616
-1.2 0.16369
-1.19 0.163759
-1.18 0.163824
-1.17 0.163886
-1.16 0.163943
-1.15 0.163997
-1.14 0.164046
-1.13 0.164093
-1.12 0.164135
-1.11 0.164174
-1.1 0.164209
-1.09 0.164241
-1.08 0.164269
-1.07 0.164294
-1.06 0.164316
-1.05 0.164334
-1.04 0.16435
-1.03 0.164362
-1.02 0.164371
-1.01 0.164377
-1 0.16438
-0.99 0.16438
-0.98 0.164377
-0.97 0.164372
-0.96 0.164364
-0.95 0.164353
-0.94 0.16434
-0.93 0.164324
-0.92 0.164306
-0.91 0.164286
-0.9 0.164263
-0.89 0.164238
-0.88 0.164211
-0.87 0.164181
-0.86 0.16415
-0.85 0.164116
-0.84 0.164081
-0.83 0.164044
-0.82 0.164005
-0.81 0.163965
-0.8 0.163922
-0.79 0.163879
-0.78 0.163833
-0.77 0.163787
-0.76 0.163739
-0.75 0.163689
-0.74 0.163639
-0.73 0.163587
-0.72 0.163534
-0.71 0.16348
-0.7 0.163425
-0.69 0.163369
-0.68 0.163312
-0.67 0.163255
-0.66 0.163197
-0.65 0.163138
-0.64 0.163078
-0.63 0.163018
-0.62 0.162958
-0.61 0.162897
-0.6 0.162835
-0.59 0.162774
-0.58 0.162712
-0.57 0.16265
-0.56 0.162588
-0.55 0.162526
-0.54 0.162464
-0.53 0.162402
-0.52 0.16234
-0.51 0.162278
-0.5 0.162216
-0.49 0.162155
-0.48 0.162094
-0.47 0.162033
-0.46 0.161973
-0.45 0.161913
-0.44 0.161854
-0.43 0.161796
-0.42 0.161738
-0.41 0.16168
-0.4 0.161624
-0.39 0.161568
-0.38 0.161513
-0.37 0.161459
-0.36 0.161406
-0.35 0.161354
-0.34 0.161302
-0.33 0.161252
-0.32 0.161203
-0.31 0.161155
-0.3 0.161108
-0.29 0.161063
-0.28 0.161018
-0.27 0.160975
-0.26 0.160933
-0.25 0.160892
-0.24 0.160853
-0.23 0.160815
-0.22 0.160778
-0.21 0.160743
-0.2 0.16071
-0.19 0.160678
-0.18 0.160647
-0.17 0.160618
-0.16 0.16059
-0.15 0.160564
-0.14 0.16054
-0.13 0.160517
-0.12 0.160496
-0.11 0.160476
-0.1 0.160458
-0.09 0.160442
-0.08 0.160427
-0.07 0.160415
-0.06 0.160403
-0.05 0.160394
-0.04 0.160386
-0.03 0.16038
-0.02 0.160376
-0.01 0.160373
0 0.160372
0.01 0.160373
0.02 0.160376
0.03 0.16038
0.04 0.160386
0.05 0.160394
0.06 0.160403
0.07 0.160415
0.08 0.160427
0.09 0.160442
0.1 0.160458
0.11 0.160476
0.12 0.160496
0.13 0.160517
0.14 0.16054
0.15 0.160564
0.16 0.16059
0.17 0.160618
0.18 0.160647
0.19 0.160678
0.2 0.16071
0.21 0.160743
0.22 0.160778
0.23 0.160815
0.24 0.160853
0.25 0.160892
0.26 0.160933
0.27 0.160975
0.28 0.161018
0.29 0.161063
0.3 0.161108
0.31 0.161155
0.32 0.161203
0.33 0.161252
0.34 0.161302
0.35 0.161354
0.36 0.161406
0.37 0.161459
0.38 0.161513
0.39 0.161568
0.4 0.161624
0.41 0.16168
0.42 0.161738
0.43 0.161796
0.44 0.161854
0.45 0.161913
0.46 0.161973
0.47 0.162033
0.48 0.162094
0.49 0.162155
0.5 0.162216
0.51 0.162278
0.52 0.16234
0.53 0.162402
0.54 0.162464
0.55 0.162526
0.56 0.162588
0.57 0.16265
0.58 0.162712
0.59 0.162774
0.6 0.162835
0.61 0.162897
0.62 0.162958
0.63 0.163018
0.64 0.163078
0.65 0.163138
0.66 0.163197
0.67 0.163255
0.68 0.163312
0.69 0.163369
0.7 0.163425
0.71 0.16348
0.72 0.163534
0.73 0.163587
0.74 0.163639
0.75 0.163689
0.76 0.163739
0.77 0.163787
0.78 0.163833
0.79 0.163879
0.8 0.163922
0.81 0.163965
0.82 0.164005
0.83 0.164044
0.84 0.164081
0.85 0.164116
0.86 0.16415
0.87 0.164181
0.88 0.164211
0.89 0.164238
0.9 0.164263
0.91 0.164286
0.92 0.164306
0.93 0.164324
0.94 0.16434
0.95 0.164353
0.96 0.164364
0.97 0.164372
0.98 0.164377
0.99 0.16438
1 0.16438
1.01 0.164377
1.02 0.164371
1.03 0.164362
1.04 0.16435
1.05 0.164334
1.06 0.164316
1.07 0.164294
1.08 0.164269
1.09 0.164241
1.1 0.164209
1.11 0.164174
1.12 0.164135
1.13 0.164093
1.14 0.164046
1.15 0.163997
1.16 0.163943
1.17 0.163886
1.18 0.163824
1.19 0.163759
1.2 0.16369
1.21 0.163616
1.22 0.163539
1.23 0.163457
1.24 0.163372
1.25 0.163282
1.26 0.163188
1.27 0.163089
1.28 0.162986
1.29 0.162879
1.3 0.162767
1.31 0.16265
1.32 0.162529
1.33 0.162404
1.34 0.162274
1.35 0.162139
1.36 0.161999
1.37 0.161855
1.38 0.161706
1.39 0.161552
1.4 0.161393
1.41 0.161229
1.42 0.161061
1.43 0.160887
1.44 0.160708
1.45 0.160525
1.46 0.160336
1.47 0.160142
1.48 0.159944
1.49 0.15974
1.5 0.159531
1.51 0.159316
1.52 0.159097
1.53 0.158872
1.54 0.158642
1.55 0.158407
1.56 0.158167
1.57 0.157921
1.58 0.15767
1.59 0.157414
1.6 0.157153
1.61 0.156886
1.62 0.156613
1.63 0.156336
1.64 0.156053
1.65 0.155765
1.66 0.155471
1.67 0.155172
1.68 0.154868
1.69 0.154558
1.7 0.154243
1.71 0.153923
1.72 0.153597
1.73 0.153266
1.74 0.152929
1.75 0.152587
1.76 0.15224
1.77 0.151888
1.78 0.15153
1.79 0.151167
1.8 0.150798
1.81 0.150425
1.82 0.150046
1.83 0.149662
1.84 0.149272
1.85 0.148877
1.86 0.148478
1.87 0.148073
1.88 0.147663
1.89 0.147247
1.9 0.146827
1.91 0.146401
1.92 0.145971
1.93 0.145535
1.94 0.145095
1.95 0.144649
1.96 0.144199
1.97 0.143744
1.98 0.143283
1.99 0.142818
2 0.142349
2.01 0.141874
2.02 0.141395
2.03 0.140911
2.04 0.140422
2.05 0.139929
2.06 0.139431
2.07 0.138929
2.08 0.138422
2.09 0.13791
2.1 0.137395
2.11 0.136875
2.12 0.13635
2.13 0.135822
2.14 0.135289
2.15 0.134752
2.16 0.134211
2.17 0.133666
2.18 0.133117
2.19 0.132564
2.2 0.132007
2.21 0.131446
2.22 0.130881
2.23 0.130313
2.24 0.12974
2.25 0.129165
2.26 0.128585
2.27 0.128003
2.28 0.127416
2.29 0.126827
2.3 0.126234
2.31 0.125637
2.32 0.125038
2.33 0.124435
2.34 0.123829
2.35 0.12322
2.36 0.122609
2.37 0.121994
2.38 0.121376
2.39 0.120756
2.4 0.120133
2.41 0.119507
2.42 0.118879
2.43 0.118248
2.44 0.117615
2.45 0.116979
2.46 0.116341
2.47 0.115701
2.48 0.115059
2.49 0.114414
2.5 0.113767
2.51 0.113119
2.52 0.112468
2.53 0.111816
2.54 0.111161
2.55 0.110505
2.56 0.109848
2.57 0.109189
2.58 0.108528
2.59 0.107866
2.6 0.107202
2.61 0.106538
2.62 0.105871
2.63 0.105204
2.64 0.104536
2.65 0.103866
2.66 0.103196
2.67 0.102525
2.68 0.101853
2.69 0.10118
2.7 0.100506
2.71 0.0998321
2.72 0.0991574
2.73 0.0984821
2.74 0.0978064
2.75 0.0971304
2.76 0.096454
2.77 0.0957775
2.78 0.0951008
2.79 0.0944239
2.8 0.0937471
2.81 0.0930703
2.82 0.0923936
2.83 0.091717
2.84 0.0910407
2.85 0.0903647
2.86 0.089689
2.87 0.0890138
2.88 0.088339
2.89 0.0876648
2.9 0.0869912
2.91 0.0863183
2.92 0.0856461
2.93 0.0849747
2.94 0.0843041
2.95 0.0836345
2.96 0.0829658
2.97 0.0822982
2.98 0.0816317
2.99 0.0809663
3 0.0803021
3.01 0.0796391
3.02 0.0789775
3.03 0.0783173
3.04 0.0776585
3.05 0.0770012
3.06 0.0763454
3.07 0.0756912
3.08 0.0750386
3.09 0.0743878
3.1 0.0737386
3.11 0.0730913
3.12 0.0724459
3.13 0.0718023
3.14 0.0711607
3.15 0.070521
3.16 0.0698835
3.17 0.069248
3.18 0.0686146
3.19 0.0679834
3.2 0.0673545
3.21 0.0667278
3.22 0.0661034
3.23 0.0654814
3.24 0.0648618
3.25 0.0642446
3.26 0.0636299
3.27 0.0630178
3.28 0.0624081
3.29 0.0618011
3.3 0.0611968
3.31 0.0605951
3.32 0.0599961
3.33 0.0593998
3.34 0.0588063
3.35 0.0582157
3.36 0.0576279
3.37 0.057043
3.38 0.056461
3.39 0.0558819
3.4 0.0553058
3.41 0.0547327
3.42 0.0541627
3.43 0.0535957
3.44 0.0530318
3.45 0.052471
3.46 0.0519133
3.47 0.0513589
3.48 0.0508076
3.49 0.0502595
3.5 0.0497147
3.51 0.0491731
3.52 0.0486348
3.53 0.0480998
3.54 0.0475681
3.55 0.0470398
3.56 0.0465149
3.57 0.0459933
3.58 0.0454751
3.59 0.0449604
3.6 0.044449
3.61 0.0439411
3.62 0.0434367
3.63 0.0429357
3.64 0.0424383
3.65 0.0419443
3.66 0.0414538
3.67 0.0409669
3.68 0.0404835
3.69 0.0400036
3.7 0.0395273
3.71 0.0390546
3.72 0.0385854
3.73 0.0381198
3.74 0.0376578
3.75 0.0371993
3.76 0.0367445
3.77 0.0362932
3.78 0.0358456
3.79 0.0354015
3.8 0.0349611
3.81 0.0345242
3.82 0.034091
3.83 0.0336614
3.84 0.0332354
3.85 0.032813
3.86 0.0323943
3.87 0.0319791
3.88 0.0315676
3.89 0.0311596
3.9 0.0307553
3.91 0.0303545
3.92 0.0299574
3.93 0.0295638
3.94 0.0291739
3.95 0.0287875
3.96 0.0284047
3.97 0.0280254
3.98 0.0276497
3.99 0.0272776
4 0.026909
4.01 0.026544
4.02 0.0261825
4.03 0.0258245
4.04 0.02547
4.05 0.025119
4.06 0.0247715
4.07 0.0244275
4.08 0.024087
4.09 0.0237499
4.1 0.0234162
4.11 0.023086
4.12 0.0227592
4.13 0.0224358
4.14 0.0221158
4.15 0.0217992
4.16 0.0214859
4.17 0.021176
4.18 0.0208694
4.19 0.0205662
4.2 0.0202662
4.21 0.0199696
4.22 0.0196762
4.23 0.019386
4.24 0.0190991
4.25 0.0188154
4.26 0.018535
4.27 0.0182577
4.28 0.0179836
4.29 0.0177126
4.3 0.0174447
4.31 0.01718
4.32 0.0169184
4.33 0.0166598
4.34 0.0164043
4.35 0.0161519
4.36 0.0159024
4.37 0.015656
4.38 0.0154125
4.39 0.015172
4.4 0.0149344
4.41 0.0146998
4.42 0.014468
4.43 0.0142392
4.44 0.0140131
4.45 0.01379
4.46 0.0135696
4.47 0.013352
4.48 0.0131372
4.49 0.0129252
4.5 0.0127158
4.51 0.0125092
4.52 0.0123053
4.53 0.012104
4.54 0.0119054
4.55 0.0117094
4.56 0.011516
4.57 0.0113252
4.58 0.0111369
4.59 0.0109511
4.6 0.0107679
4.61 0.0105872
4.62 0.0104089
4.63 0.010233
4.64 0.0100596
4.65 0.0098886
4.66 0.00971996
4.67 0.00955368
4.68 0.00938972
4.69 0.00922808
4.7 0.00906872
4.71 0.00891163
4.72 0.00875678
4.73 0.00860415
4.74 0.00845372
4.75 0.00830546
4.76 0.00815936
4.77 0.0080154
4.78 0.00787354
4.79 0.00773377
4.8 0.00759607
4.81 0.00746041
4.82 0.00732677
4.83 0.00719513
4.84 0.00706548
4.85 0.00693778
4.86 0.00681201
4.87 0.00668816
4.88 0.0065662
4.89 0.00644612
4.9 0.00632788
4.91 0.00621148
4.92 0.00609688
4.93 0.00598407
4.94 0.00587302
4.95 0.00576372
4.96 0.00565615
4.97 0.00555028
4.98 0.0054461
4.99 0.00534357
5 0.00524269
5.01 0.00514344
5.02 0.00504579
5.03 0.00494972
5.04 0.00485521
5.05 0.00476225
5.06 0.00467081
5.07 0.00458088
5.08 0.00449244
5.09 0.00440546
5.1 0.00431993
5.11 0.00423582
5.12 0.00415313
5.13 0.00407183
5.14 0.0039919
5.15 0.00391333
5.16 0.0038361
5.17 0.00376018
5.18 0.00368556
5.19 0.00361223
5.2 0.00354016
5.21 0.00346934
5.22 0.00339975
5.23 0.00333138
5.24 0.0032642
5.25 0.0031982
5.26 0.00313337
5.27 0.00306968
5.28 0.00300712
5.29 0.00294567
5.3 0.00288533
5.31 0.00282606
5.32 0.00276786
5.33 0.00271071
5.34 0.0026546
5.35 0.0025995
5.36 0.00254541
5.37 0.00249231
5.38 0.00244018
5.39 0.00238901
5.4 0.00233879
5.41 0.0022895
5.42 0.00224112
5.43 0.00219365
5.44 0.00214706
5.45 0.00210135
5.46 0.0020565
5.47 0.00201249
5.48 0.00196932
5.49 0.00192697
5.5 0.00188543
5.51 0.00184469
5.52 0.00180472
5.53 0.00176552
5.54 0.00172709
5.55 0.00168939
5.56 0.00165243
5.57 0.00161619
5.58 0.00158065
5.59 0.00154582
5.6 0.00151166
5.61 0.00147819
5.62 0.00144537
5.63 0.0014132
5.64 0.00138168
5.65 0.00135078
5.66 0.00132051
5.67 0.00129084
5.68 0.00126177
5.69 0.00123328
5.7 0.00120538
5.71 0.00117804
5.72 0.00115125
5.73 0.00112502
5.74 0.00109932
5.75 0.00107415
5.76 0.0010495
5.77 0.00102536
5.78 0.00100172
5.79 0.00097857
5.8 0.000955903
5.81 0.000933711
5.82 0.000911983
5.83 0.000890713
5.84 0.000869891
5.85 0.00084951
5.86 0.00082956
5.87 0.000810035
5.88 0.000790926
5.89 0.000772225
5.9 0.000753925
5.91 0.000736019
5.92 0.000718499
5.93 0.000701357
5.94 0.000684587
5.95 0.000668181
5.96 0.000652133
5.97 0.000636435
5.98 0.000621081
5.99 0.000606065
