-6 0.00122588
-5.99 0.00125381
-5.98 0.0012823
-5.97 0.00131137
-5.96 0.00134103
-5.95 0.00137129
-5.94 0.00140215
-5.93 0.00143364
-5.92 0.00146575
-5.91 0.0014985
-5.9 0.0015319
-5.89 0.00156596
-5.88 0.00160069
-5.87 0.00163611
-5.86 0.00167222
-5.85 0.00170903
-5.84 0.00174657
-5.83 0.00178483
-5.82 0.00182383
-5.81 0.00186359
-5.8 0.00190411
-5.79 0.00194541
-5.78 0.0019875
-5.77 0.00203039
-5.76 0.0020741
-5.75 0.00211863
-5.74 0.00216401
-5.73 0.00221024
-5.72 0.00225733
-5.71 0.00230531
-5.7 0.00235418
-5.69 0.00240396
-5.68 0.00245466
-5.67 0.0025063
-5.66 0.00255888
-5.65 0.00261243
-5.64 0.00266696
-5.63 0.00272248
-5.62 0.00277901
-5.61 0.00283656
-5.6 0.00289515
-5.59 0.00295479
-5.58 0.0030155
-5.57 0.00307729
-5.56 0.00314019
-5.55 0.00320419
-5.54 0.00326933
-5.53 0.00333561
-5.52 0.00340305
-5.51 0.00347168
-5.5 0.00354149
-5.49 0.00361252
-5.48 0.00368478
-5.47 0.00375828
-5.46 0.00383305
-5.45 0.00390909
-5.44 0.00398643
-5.43 0.00406508
-5.42 0.00414506
-5.41 0.00422639
-5.4 0.00430909
-5.39 0.00439317
-5.38 0.00447865
-5.37 0.00456556
-5.36 0.0046539
-5.35 0.0047437
-5.34 0.00483497
-5.33 0.00492773
-5.32 0.00502201
-5.31 0.00511782
-5.3 0.00521518
-5.29 0.0053141
-5.28 0.00541462
-5.27 0.00551674
-5.26 0.00562049
-5.25 0.00572588
-5.24 0.00583294
-5.23 0.00594168
-5.22 0.00605213
-5.21 0.00616431
-5.2 0.00627822
-5.19 0.0063939
-5.18 0.00651137
-5.17 0.00663064
-5.16 0.00675174
-5.15 0.00687468
-5.14 0.00699948
-5.13 0.00712617
-5.12 0.00725477
-5.11 0.00738529
-5.1 0.00751777
-5.09 0.00765221
-5.08 0.00778864
-5.07 0.00792707
-5.06 0.00806754
-5.05 0.00821006
-5.04 0.00835466
-5.03 0.00850134
-5.02 0.00865015
-5.01 0.00880108
-5 0.00895417
-4.99 0.00910944
-4.98 0.00926691
-4.97 0.0094266
-4.96 0.00958853
-4.95 0.00975272
-4.94 0.00991919
-4.93 0.010088
-4.92 0.0102591
-4.91 0.0104325
-4.9 0.0106083
-4.89 0.0107865
-4.88 0.0109671
-4.87 0.0111502
-4.86 0.0113357
-4.85 0.0115236
-4.84 0.0117141
-4.83 0.0119071
-4.82 0.0121026
-4.81 0.0123006
-4.8 0.0125013
-4.79 0.0127045
-4.78 0.0129103
-4.77 0.0131188
-4.76 0.0133299
-4.75 0.0135438
-4.74 0.0137603
-4.73 0.0139795
-4.72 0.0142015
-4.71 0.0144262
-4.7 0.0146537
-4.69 0.0148839
-4.68 0.015117
-4.67 0.015353
-4.66 0.0155918
-4.65 0.0158334
-4.64 0.0160779
-4.63 0.0163254
-4.62 0.0165758
-4.61 0.0168291
-4.6 0.0170854
-4.59 0.0173446
-4.58 0.0176069
-4.57 0.0178721
-4.56 0.0181404
-4.55 0.0184118
-4.54 0.0186862
-4.53 0.0189637
-4.52 0.0192442
-4.51 0.0195279
-4.5 0.0198147
-4.49 0.0201047
-4.48 0.0203978
-4.47 0.0206941
-4.46 0.0209936
-4.45 0.0212963
-4.44 0.0216021
-4.43 0.0219113
-4.42 0.0222236
-4.41 0.0225392
-4.4 0.0228581
-4.39 0.0231802
-4.38 0.0235057
-4.37 0.0238344
-4.36 0.0241665
-4.35 0.0245018
-4.34 0.0248405
-4.33 0.0251826
-4.32 0.025528
-4.31 0.0258767
-4.3 0.0262288
-4.29 0.0265843
-4.28 0.0269432
-4.27 0.0273055
-4.26 0.0276712
-4.25 0.0280403
-4.24 0.0284127
-4.23 0.0287887
-4.22 0.029168
-4.21 0.0295507
-4.2 0.0299369
-4.19 0.0303265
-4.18 0.0307196
-4.17 0.0311161
-4.16 0.031516
-4.15 0.0319194
-4.14 0.0323262
-4.13 0.0327365
-4.12 0.0331502
-4.11 0.0335673
-4.1 0.0339879
-4.09 0.034412
-4.08 0.0348394
-4.07 0.0352703
-4.06 0.0357047
-4.05 0.0361425
-4.04 0.0365836
-4.03 0.0370282
-4.02 0.0374763
-4.01 0.0379277
-4 0.0383825
-3.99 0.0388407
-3.98 0.0393023
-3.97 0.0397673
-3.96 0.0402356
-3.95 0.0407073
-3.94 0.0411824
-3.93 0.0416607
-3.92 0.0421424
-3.91 0.0426274
-3.9 0.0431157
-3.89 0.0436072
-3.88 0.044102
-3.87 0.0446001
-3.86 0.0451014
-3.85 0.0456059
-3.84 0.0461136
-3.83 0.0466245
-3.82 0.0471386
-3.81 0.0476557
-3.8 0.0481761
-3.79 0.0486995
-3.78 0.0492259
-3.77 0.0497555
-3.76 0.0502881
-3.75 0.0508236
-3.74 0.0513622
-3.73 0.0519037
-3.72 0.0524481
-3.71 0.0529955
-3.7 0.0535457
-3.69 0.0540988
-3.68 0.0546547
-3.67 0.0552133
-3.66 0.0557748
-3.65 0.0563389
-3.64 0.0569058
-3.63 0.0574753
-3.62 0.0580475
-3.61 0.0586222
-3.6 0.0591995
-3.59 0.0597794
-3.58 0.0603617
-3.57 0.0609464
-3.56 0.0615336
-3.55 0.0621232
-3.54 0.0627151
-3.53 0.0633092
-3.52 0.0639057
-3.51 0.0645043
-3.5 0.0651052
-3.49 0.0657081
-3.48 0.0663132
-3.47 0.0669202
-3.46 0.0675293
-3.45 0.0681403
-3.44 0.0687533
-3.43 0.069368
-3.42 0.0699846
-3.41 0.070603
-3.4 0.0712231
-3.39 0.0718448
-3.38 0.0724681
-3.37 0.073093
-3.36 0.0737194
-3.35 0.0743473
-3.34 0.0749766
-3.33 0.0756072
-3.32 0.0762391
-3.31 0.0768723
-3.3 0.0775066
-3.29 0.0781421
-3.28 0.0787787
-3.27 0.0794163
-3.26 0.0800548
-3.25 0.0806942
-3.24 0.0813345
-3.23 0.0819756
-3.22 0.0826174
-3.21 0.0832598
-3.2 0.0839029
-3.19 0.0845464
-3.18 0.0851905
-3.17 0.085835
-3.16 0.0864798
-3.15 0.087125
-3.14 0.0877703
-3.13 0.0884159
-3.12 0.0890615
-3.11 0.0897072
-3.1 0.0903528
-3.09 0.0909983
-3.08 0.0916437
-3.07 0.0922888
-3.06 0.0929336
-3.05 0.0935781
-3.04 0.0942222
-3.03 0.0948657
-3.02 0.0955087
-3.01 0.096151
-3 0.0967927
-2.99 0.0974335
-2.98 0.0980735
-2.97 0.0987127
-2.96 0.0993508
-2.95 0.0999879
-2.94 0.100624
-2.93 0.101259
-2.92 0.101892
-2.91 0.102524
-2.9 0.103155
-2.89 0.103784
-2.88 0.104412
-2.87 0.105038
-2.86 0.105663
-2.85 0.106285
-2.84 0.106906
-2.83 0.107525
-2.82 0.108142
-2.81 0.108757
-2.8 0.10937
-2.79 0.109981
-2.78 0.110589
-2.77 0.111195
-2.76 0.111799
-2.75 0.1124
-2.74 0.112999
-2.73 0.113595
-2.72 0.114189
-2.71 0.114779
-2.7 0.115367
-2.69 0.115952
-2.68 0.116534
-2.67 0.117113
-2.66 0.117689
-2.65 0.118262
-2.64 0.118832
-2.63 0.119398
-2.62 0.119961
-2.61 0.120521
-2.6 0.121077
-2.59 0.121629
-2.58 0.122178
-2.57 0.122724
-2.56 0.123265
-2.55 0.123803
-2.54 0.124337
-2.53 0.124867
-2.52 0.125392
-2.51 0.125914
-2.5 0.126432
-2.49 0.126946
-2.48 0.127455
-2.47 0.12796
-2.46 0.128461
-2.45 0.128957
-2.44 0.129449
-2.43 0.129936
-2.42 0.130419
-2.41 0.130897
-2.4 0.13137
-2.39 0.131839
-2.38 0.132303
-2.37 0.132762
-2.36 0.133216
-2.35 0.133665
-2.34 0.134109
-2.33 0.134548
-2.32 0.134982
-2.31 0.135411
-2.3 0.135835
-2.29 0.136254
-2.28 0.136667
-2.27 0.137075
-2.26 0.137477
-2.25 0.137875
-2.24 0.138266
-2.23 0.138653
-2.22 0.139033
-2.21 0.139409
-2.2 0.139778
-2.19 0.140142
-2.18 0.140501
-2.17 0.140853
-2.16 0.141201
-2.15 0.141542
-2.14 0.141877
-2.13 0.142207
-2.12 0.142531
-2.11 0.142849
-2.1 0.143161
-2.09 0.143467
-2.08 0.143768
-2.07 0.144062
-2.06 0.144351
-2.05 0.144633
-2.04 0.14491
-2.03 0.14518
-2.02 0.145445
-2.01 0.145703
-2 0.145955
-1.99 0.146202
-1.98 0.146442
-1.97 0.146676
-1.96 0.146904
-1.95 0.147126
-1.94 0.147342
-1.93 0.147552
-1.92 0.147756
-1.91 0.147953
-1.9 0.148145
-1.89 0.14833
-1.88 0.148509
-1.87 0.148683
-1.86 0.14885
-1.85 0.149011
-1.84 0.149166
-1.83 0.149315
-1.82 0.149458
-1.81 0.149594
-1.8 0.149725
-1.79 0.14985
-1.78 0.149969
-1.77 0.150082
-1.76 0.150189
-1.75 0.15029
-1.74 0.150385
-1.73 0.150474
-1.72 0.150557
-1.71 0.150635
-1.7 0.150706
-1.69 0.150772
-1.68 0.150832
-1.67 0.150887
-1.66 0.150935
-1.65 0.150978
-1.64 0.151016
-1.63 0.151047
-1.62 0.151074
-1.61 0.151094
-1.6 0.15111
-1.59 0.151119
-1.58 0.151124
-1.57 0.151123
-1.56 0.151117
-1.55 0.151105
-1.54 0.151088
-1.53 0.151066
-1.52 0.151039
-1.51 0.151007
-1.5 0.15097
-1.49 0.150928
-1.48 0.15088
-1.47 0.150828
-1.46 0.150772
-1.45 0.15071
-1.44 0.150644
-1.43 0.150573
-1.42 0.150497
-1.41 0.150417
-1.4 0.150333
-1.39 0.150244
-1.38 0.150151
-1.37 0.150053
-1.36 0.149951
-1.35 0.149845
-1.34 0.149735
-1.33 0.149621
-1.32 0.149503
-1.31 0.149381
-1.3 0.149256
-1.29 0.149126
-1.28 0.148993
-1.27 0.148856
-1.26 0.148716
-1.25 0.148572
-1.24 0.148425
-1.23 0.148275
-1.22 0.148121
-1.21 0.147964
-1.2 0.147804
-1.19 0.147641
-1.18 0.147475
-1.17 0.147307
-1.16 0.147135
-1.15 0.146961
-1.14 0.146784
-1.13 0.146605
-1.12 0.146423
-1.11 0.146238
-1.1 0.146052
-1.09 0.145863
-1.08 0.145672
-1.07 0.145479
-1.06 0.145284
-1.05 0.145087
-1.04 0.144889
-1.03 0.144688
-1.02 0.144486
-1.01 0.144283
-1 0.144078
-0.99 0.143871
-0.98 0.143663
-0.97 0.143454
-0.96 0.143244
-0.95 0.143033
-0.94 0.14282
-0.93 0.142607
-0.92 0.142393
-0.91 0.142179
-0.9 0.141963
-0.89 0.141747
-0.88 0.141531
-0.87 0.141314
-0.86 0.141097
-0.85 0.14088
-0.84 0.140662
-0.83 0.140445
-0.82 0.140227
-0.81 0.14001
-0.8 0.139792
-0.79 0.139575
-0.78 0.139359
-0.77 0.139143
-0.76 0.138927
-0.75 0.138712
-0.74 0.138497
-0.73 0.138283
-0.72 0.13807
-0.71 0.137858
-0.7 0.137647
-0.69 0.137437
-0.68 0.137228
-0.67 0.13702
-0.66 0.136814
-0.65 0.136609
-0.64 0.136405
-0.63 0.136203
-0.62 0.136002
-0.61 0.135803
-0.6 0.135606
-0.59 0.13541
-0.58 0.135217
-0.57 0.135025
-0.56 0.134835
-0.55 0.134647
-0.54 0.134462
-0.53 0.134278
-0.52 0.134097
-0.51 0.133918
-0.5 0.133742
-0.49 0.133568
-0.48 0.133396
-0.47 0.133227
-0.46 0.133061
-0.45 0.132897
-0.44 0.132736
-0.43 0.132578
-0.42 0.132422
-0.41 0.13227
-0.4 0.13212
-0.39 0.131974
-0.38 0.13183
-0.37 0.13169
-0.36 0.131553
-0.35 0.131419
-0.34 0.131288
-0.33 0.13116
-0.32 0.131036
-0.31 0.130915
-0.3 0.130798
-0.29 0.130684
-0.28 0.130574
-0.27 0.130467
-0.26 0.130363
-0.25 0.130264
-0.24 0.130168
-0.23 0.130075
-0.22 0.129986
-0.21 0.129901
-0.2 0.12982
-0.19 0.129743
-0.18 0.129669
-0.17 0.129599
-0.16 0.129533
-0.15 0.129471
-0.14 0.129413
-0.13 0.129359
-0.12 0.129308
-0.11 0.129262
-0.1 0.12922
-0.09 0.129181
-0.08 0.129147
-0.07 0.129117
-0.06 0.12909
-0.05 0.129068
-0.04 0.12905
-0.03 0.129035
-0.02 0.129025
-0.01 0.129019
0 0.129017
0.01 0.129019
0.02 0.129025
0.03 0.129035
0.04 0.12905
0.05 0.129068
0.06 0.12909
0.07 0.129117
0.08 0.129147
0.09 0.129181
0.1 0.12922
0.11 0.129262
0.12 0.129308
0.13 0.129359
0.14 0.129413
0.15 0.129471
0.16 0.129533
0.17 0.129599
0.18 0.129669
0.19 0.129743
0.2 0.12982
0.21 0.129901
0.22 0.129986
0.23 0.130075
0.24 0.130168
0.25 0.130264
0.26 0.130363
0.27 0.130467
0.28 0.130574
0.29 0.130684
0.3 0.130798
0.31 0.130915
0.32 0.131036
0.33 0.13116
0.34 0.131288
0.35 0.131419
0.36 0.131553
0.37 0.13169
0.38 0.13183
0.39 0.131974
0.4 0.13212
0.41 0.13227
0.42 0.132422
0.43 0.132578
0.44 0.132736
0.45 0.132897
0.46 0.133061
0.47 0.133227
0.48 0.133396
0.49 0.133568
0.5 0.133742
0.51 0.133918
0.52 0.134097
0.53 0.134278
0.54 0.134462
0.55 0.134647
0.56 0.134835
0.57 0.135025
0.58 0.135217
0.59 0.13541
0.6 0.135606
0.61 0.135803
0.62 0.136002
0.63 0.136203
0.64 0.136405
0.65 0.136609
0.66 0.136814
0.67 0.13702
0.68 0.137228
0.69 0.137437
0.7 0.137647
0.71 0.137858
0.72 0.13807
0.73 0.138283
0.74 0.138497
0.75 0.138712
0.76 0.138927
0.77 0.139143
0.78 0.139359
0.79 0.139575
0.8 0.139792
0.81 0.14001
0.82 0.140227
0.83 0.140445
0.84 0.140662
0.85 0.14088
0.86 0.141097
0.87 0.141314
0.88 0.141531
0.89 0.141747
0.9 0.141963
0.91 0.142179
0.92 0.142393
0.93 0.142607
0.94 0.14282
0.95 0.143033
0.96 0.143244
0.97 0.143454
0.98 0.143663
0.99 0.143871
1 0.144078
1.01 0.144283
1.02 0.144486
1.03 0.144688
1.04 0.144889
1.05 0.145087
1.06 0.145284
1.07 0.145479
1.08 0.145672
1.09 0.145863
1.1 0.146052
1.11 0.146238
1.12 0.146423
1.13 0.146605
1.14 0.146784
1.15 0.146961
1.16 0.147135
1.17 0.147307
1.18 0.147475
1.19 0.147641
1.2 0.147804
1.21 0.147964
1.22 0.148121
1.23 0.148275
1.24 0.148425
1.25 0.148572
1.26 0.148716
1.27 0.148856
1.28 0.148993
1.29 0.149126
1.3 0.149256
1.31 0.149381
1.32 0.149503
1.33 0.149621
1.34 0.149735
1.35 0.149845
1.36 0.149951
1.37 0.150053
1.38 0.150151
1.39 0.150244
1.4 0.150333
1.41 0.150417
1.42 0.150497
1.43 0.150573
1.44 0.150644
1.45 0.15071
1.46 0.150772
1.47 0.150828
1.48 0.15088
1.49 0.150928
1.5 0.15097
1.51 0.151007
1.52 0.151039
1.53 0.151066
1.54 0.151088
1.55 0.151105
1.56 0.151117
1.57 0.151123
1.58 0.151124
1.59 0.151119
1.6 0.15111
1.61 0.151094
1.62 0.151074
1.63 0.151047
1.64 0.151016
1.65 0.150978
1.66 0.150935
1.67 0.150887
1.68 0.150832
1.69 0.150772
1.7 0.150706
1.71 0.150635
1.72 0.150557
1.73 0.150474
1.74 0.150385
1.75 0.15029
1.76 0.150189
1.77 0.150082
1.78 0.149969
1.79 0.14985
1.8 0.149725
1.81 0.149594
1.82 0.149458
1.83 0.149315
1.84 0.149166
1.85 0.149011
1.86 0.14885
1.87 0.148683
1.88 0.148509
1.89 0.14833
1.9 0.148145
1.91 0.147953
1.92 0.147756
1.93 0.147552
1.94 0.147342
1.95 0.147126
1.96 0.146904
1.97 0.146676
1.98 0.146442
1.99 0.146202
2 0.145955
2.01 0.145703
2.02 0.145445
2.03 0.14518
2.04 0.14491
2.05 0.144633
2.06 0.144351
2.07 0.144062
2.08 0.143768
2.09 0.143467
2.1 0.143161
2.11 0.142849
2.12 0.142531
2.13 0.142207
2.14 0.141877
2.15 0.141542
2.16 0.141201
2.17 0.140853
2.18 0.140501
2.19 0.140142
2.2 0.139778
2.21 0.139409
2.22 0.139033
2.23 0.138653
2.24 0.138266
2.25 0.137875
2.26 0.137477
2.27 0.137075
2.28 0.136667
2.29 0.136254
2.3 0.135835
2.31 0.135411
2.32 0.134982
2.33 0.134548
2.34 0.134109
2.35 0.133665
2.36 0.133216
2.37 0.132762
2.38 0.132303
2.39 0.131839
2.4 0.13137
2.41 0.130897
2.42 0.130419
2.43 0.129936
2.44 0.129449
2.45 0.128957
2.46 0.128461
2.47 0.12796
2.48 0.127455
2.49 0.126946
2.5 0.126432
2.51 0.125914
2.52 0.125392
2.53 0.124867
2.54 0.124337
2.55 0.123803
2.56 0.123265
2.57 0.122724
2.58 0.122178
2.59 0.121629
2.6 0.121077
2.61 0.120521
2.62 0.119961
2.63 0.119398
2.64 0.118832
2.65 0.118262
2.66 0.117689
2.67 0.117113
2.68 0.116534
2.69 0.115952
2.7 0.115367
2.71 0.114779
2.72 0.114189
2.73 0.113595
2.74 0.112999
2.75 0.1124
2.76 0.111799
2.77 0.111195
2.78 0.110589
2.79 0.109981
2.8 0.10937
2.81 0.108757
2.82 0.108142
2.83 0.107525
2.84 0.106906
2.85 0.106285
2.86 0.105663
2.87 0.105038
2.88 0.104412
2.89 0.103784
2.9 0.103155
2.91 0.102524
2.92 0.101892
2.93 0.101259
2.94 0.100624
2.95 0.0999879
2.96 0.0993508
2.97 0.0987127
2.98 0.0980735
2.99 0.0974335
3 0.0967927
3.01 0.096151
3.02 0.0955087
3.03 0.0948657
3.04 0.0942222
3.05 0.0935781
3.06 0.0929336
3.07 0.0922888
3.08 0.0916437
3.09 0.0909983
3.1 0.0903528
3.11 0.0897072
3.12 0.0890615
3.13 0.0884159
3.14 0.0877703
3.15 0.087125
3.16 0.0864798
3.17 0.085835
3.18 0.0851905
3.19 0.0845464
3.2 0.0839029
3.21 0.0832598
3.22 0.0826174
3.23 0.0819756
3.24 0.0813345
3.25 0.0806942
3.26 0.0800548
3.27 0.0794163
3.28 0.0787787
3.29 0.0781421
3.3 0.0775066
3.31 0.0768723
3.32 0.0762391
3.33 0.0756072
3.34 0.0749766
3.35 0.0743473
3.36 0.0737194
3.37 0.073093
3.38 0.0724681
3.39 0.0718448
3.4 0.0712231
3.41 0.070603
3.42 0.0699846
3.43 0.069368
3.44 0.0687533
3.45 0.0681403
3.46 0.0675293
3.47 0.0669202
3.48 0.0663132
3.49 0.0657081
3.5 0.0651052
3.51 0.0645043
3.52 0.0639057
3.53 0.0633092
3.54 0.0627151
3.55 0.0621232
3.56 0.0615336
3.57 0.0609464
3.58 0.0603617
3.59 0.0597794
3.6 0.0591995
3.61 0.0586222
3.62 0.0580475
3.63 0.0574753
3.64 0.0569058
3.65 0.0563389
3.66 0.0557748
3.67 0.0552133
3.68 0.0546547
3.69 0.0540988
3.7 0.0535457
3.71 0.0529955
3.72 0.0524481
3.73 0.0519037
3.74 0.0513622
3.75 0.0508236
3.76 0.0502881
3.77 0.0497555
3.78 0.0492259
3.79 0.0486995
3.8 0.0481761
3.81 0.0476557
3.82 0.0471386
3.83 0.0466245
3.84 0.0461136
3.85 0.0456059
3.86 0.0451014
3.87 0.0446001
3.88 0.044102
3.89 0.0436072
3.9 0.0431157
3.91 0.0426274
3.92 0.0421424
3.93 0.0416607
3.94 0.0411824
3.95 0.0407073
3.96 0.0402356
3.97 0.0397673
3.98 0.0393023
3.99 0.0388407
4 0.0383825
4.01 0.0379277
4.02 0.0374763
4.03 0.0370282
4.04 0.0365836
4.05 0.0361425
4.06 0.0357047
4.07 0.0352703
4.08 0.0348394
4.09 0.034412
4.1 0.0339879
4.11 0.0335673
4.12 0.0331502
4.13 0.0327365
4.14 0.0323262
4.15 0.0319194
4.16 0.031516
4.17 0.0311161
4.18 0.0307196
4.19 0.0303265
4.2 0.0299369
4.21 0.0295507
4.22 0.029168
4.23 0.0287887
4.24 0.0284127
4.25 0.0280403
4.26 0.0276712
4.27 0.0273055
4.28 0.0269432
4.29 0.0265843
4.3 0.0262288
4.31 0.0258767
4.32 0.025528
4.33 0.0251826
4.34 0.0248405
4.35 0.0245018
4.36 0.0241665
4.37 0.0238344
4.38 0.0235057
4.39 0.0231802
4.4 0.0228581
4.41 0.0225392
4.42 0.0222236
4.43 0.0219113
4.44 0.0216021
4.45 0.0212963
4.46 0.0209936
4.47 0.0206941
4.48 0.0203978
4.49 0.0201047
4.5 0.0198147
4.51 0.0195279
4.52 0.0192442
4.53 0.0189637
4.54 0.0186862
4.55 0.0184118
4.56 0.0181404
4.57 0.0178721
4.58 0.0176069
4.59 0.0173446
4.6 0.0170854
4.61 0.0168291
4.62 0.0165758
4.63 0.0163254
4.64 0.0160779
4.65 0.0158334
4.66 0.0155918
4.67 0.015353
4.68 0.015117
4.69 0.0148839
4.7 0.0146537
4.71 0.0144262
4.72 0.0142015
4.73 0.0139795
4.74 0.0137603
4.75 0.0135438
4.76 0.0133299
4.77 0.0131188
4.78 0.0129103
4.79 0.0127045
4.8 0.0125013
4.81 0.0123006
4.82 0.0121026
4.83 0.0119071
4.84 0.0117141
4.85 0.0115236
4.86 0.0113357
4.87 0.0111502
4.88 0.0109671
4.89 0.0107865
4.9 0.0106083
4.91 0.0104325
4.92 0.0102591
4.93 0.010088
4.94 0.00991919
4.95 0.00975272
4.96 0.00958853
4.97 0.0094266
4.98 0.00926691
4.99 0.00910944
5 0.00895417
5.01 0.00880108
5.02 0.00865015
5.03 0.00850134
5.04 0.00835466
5.05 0.00821006
5.06 0.00806754
5.07 0.00792707
5.08 0.00778864
5.09 0.00765221
5.1 0.00751777
5.11 0.00738529
5.12 0.00725477
5.13 0.00712617
5.14 0.00699948
5.15 0.00687468
5.16 0.00675174
5.17 0.00663064
5.18 0.00651137
5.19 0.0063939
5.2 0.00627822
5.21 0.00616431
5.22 0.00605213
5.23 0.00594168
5.24 0.00583294
5.25 0.00572588
5.26 0.00562049
5.27 0.00551674
5.28 0.00541462
5.29 0.0053141
5.3 0.00521518
5.31 0.00511782
5.32 0.00502201
5.33 0.00492773
5.34 0.00483497
5.35 0.0047437
5.36 0.0046539
5.37 0.00456556
5.38 0.00447865
5.39 0.00439317
5.4 0.00430909
5.41 0.00422639
5.42 0.00414506
5.43 0.00406508
5.44 0.00398643
5.45 0.00390909
5.46 0.00383305
5.47 0.00375828
5.48 0.00368478
5.49 0.00361252
5.5 0.00354149
5.51 0.00347168
5.52 0.00340305
5.53 0.00333561
5.54 0.00326933
5.55 0.00320419
5.56 0.00314019
5.57 0.00307729
5.58 0.0030155
5.59 0.00295479
5.6 0.00289515
5.61 0.00283656
5.62 0.00277901
5.63 0.00272248
5.64 0.00266696
5.65 0.00261243
5.66 0.00255888
5.67 0.0025063
5.68 0.00245466
5.69 0.00240396
5.7 0.00235418
5.71 0.00230531
5.72 0.00225733
5.73 0.00221024
5.74 0.00216401
5.75 0.00211863
5.76 0.0020741
5.77 0.00203039
5.78 0.0019875
5.79 0.00194541
5.8 0.00190411
5.81 0.00186359
5.82 0.00182383
5.83 0.00178483
5.84 0.00174657
5.85 0.00170903
5.86 0.00167222
5.87 0.00163611
5.88 0.00160069
5.89 0.00156596
5.9 0.0015319
5.91 0.0014985
5.92 0.00146575
5.93 0.00143364
5.94 0.00140215
5.95 0.00137129
5.96 0.00134103
5.97 0.00131137
5.98 0.0012823
5.99 0.00125381
