-6 8.72548e-14
-5.99 9.44341e-14
-5.98 1.02191e-13
-5.97 1.1057e-13
-5.96 1.1962e-13
-5.95 1.29394e-13
-5.94 1.39948e-13
-5.93 1.51343e-13
-5.92 1.63644e-13
-5.91 1.76922e-13
-5.9 1.91252e-13
-5.89 2.06715e-13
-5.88 2.23399e-13
-5.87 2.41397e-13
-5.86 2.60812e-13
-5.85 2.8175e-13
-5.84 3.0433e-13
-5.83 3.28676e-13
-5.82 3.54922e-13
-5.81 3.83214e-13
-5.8 4.13707e-13
-5.79 4.46566e-13
-5.78 4.81973e-13
-5.77 5.20118e-13
-5.76 5.61208e-13
-5.75 6.05464e-13
-5.74 6.53124e-13
-5.73 7.04442e-13
-5.72 7.59693e-13
-5.71 8.19169e-13
-5.7 8.83185e-13
-5.69 9.52079e-13
-5.68 1.02621e-12
-5.67 1.10597e-12
-5.66 1.19177e-12
-5.65 1.28405e-12
-5.64 1.38331e-12
-5.63 1.49003e-12
-5.62 1.60478e-12
-5.61 1.72814e-12
-5.6 1.86073e-12
-5.59 2.00323e-12
-5.58 2.15637e-12
-5.57 2.3209e-12
-5.56 2.49765e-12
-5.55 2.68752e-12
-5.54 2.89143e-12
-5.53 3.11041e-12
-5.52 3.34553e-12
-5.51 3.59794e-12
-5.5 3.86889e-12
-5.49 4.1597e-12
-5.48 4.47178e-12
-5.47 4.80663e-12
-5.46 5.16588e-12
-5.45 5.55125e-12
-5.44 5.96457e-12
-5.43 6.40783e-12
-5.42 6.88312e-12
-5.41 7.39269e-12
-5.4 7.93894e-12
-5.39 8.52442e-12
-5.38 9.15188e-12
-5.37 9.82422e-12
-5.36 1.05446e-11
-5.35 1.13162e-11
-5.34 1.21428e-11
-5.33 1.3028e-11
-5.32 1.39759e-11
-5.31 1.49907e-11
-5.3 1.60772e-11
-5.29 1.72401e-11
-5.28 1.84847e-11
-5.27 1.98165e-11
-5.26 2.12415e-11
-5.25 2.27659e-11
-5.24 2.43966e-11
-5.23 2.61406e-11
-5.22 2.80055e-11
-5.21 2.99996e-11
-5.2 3.21314e-11
-5.19 3.44101e-11
-5.18 3.68456e-11
-5.17 3.94483e-11
-5.16 4.22292e-11
-5.15 4.52003e-11
-5.14 4.8374e-11
-5.13 5.17637e-11
-5.12 5.53836e-11
-5.11 5.92488e-11
-5.1 6.33754e-11
-5.09 6.77805e-11
-5.08 7.24823e-11
-5.07 7.74999e-11
-5.06 8.2854e-11
-5.05 8.85663e-11
-5.04 9.466e-11
-5.03 1.0116e-10
-5.02 1.08091e-10
-5.01 1.15482e-10
-5 1.23363e-10
-4.99 1.31764e-10
-4.98 1.40718e-10
-4.97 1.50261e-10
-4.96 1.6043e-10
-4.95 1.71265e-10
-4.94 1.82807e-10
-4.93 1.95102e-10
-4.92 2.08195e-10
-4.91 2.22139e-10
-4.9 2.36985e-10
-4.89 2.52789e-10
-4.88 2.69612e-10
-4.87 2.87517e-10
-4.86 3.06571e-10
-4.85 3.26843e-10
-4.84 3.48411e-10
-4.83 3.71353e-10
-4.82 3.95753e-10
-4.81 4.21701e-10
-4.8 4.49291e-10
-4.79 4.78623e-10
-4.78 5.09802e-10
-4.77 5.42941e-10
-4.76 5.78158e-10
-4.75 6.15578e-10
-4.74 6.55334e-10
-4.73 6.97565e-10
-4.72 7.4242e-10
-4.71 7.90054e-10
-4.7 8.40634e-10
-4.69 8.94335e-10
-4.68 9.5134e-10
-4.67 1.01185e-09
-4.66 1.07606e-09
-4.65 1.14419e-09
-4.64 1.21648e-09
-4.63 1.29317e-09
-4.62 1.37451e-09
-4.61 1.46077e-09
-4.6 1.55224e-09
-4.59 1.64922e-09
-4.58 1.75203e-09
-4.57 1.861e-09
-4.56 1.97649e-09
-4.55 2.09887e-09
-4.54 2.22854e-09
-4.53 2.3659e-09
-4.52 2.5114e-09
-4.51 2.66549e-09
-4.5 2.82867e-09
-4.49 3.00144e-09
-4.48 3.18434e-09
-4.47 3.37794e-09
-4.46 3.58284e-09
-4.45 3.79967e-09
-4.44 4.02909e-09
-4.43 4.2718e-09
-4.42 4.52853e-09
-4.41 4.80005e-09
-4.4 5.08719e-09
-4.39 5.39079e-09
-4.38 5.71176e-09
-4.37 6.05103e-09
-4.36 6.40962e-09
-4.35 6.78856e-09
-4.34 7.18896e-09
-4.33 7.61196e-09
-4.32 8.0588e-09
-4.31 8.53074e-09
-4.3 9.02912e-09
-4.29 9.55536e-09
-4.28 1.01109e-08
-4.27 1.06974e-08
-4.26 1.13164e-08
-4.25 1.19696e-08
-4.24 1.26589e-08
-4.23 1.33861e-08
-4.22 1.41532e-08
-4.21 1.49623e-08
-4.2 1.58156e-08
-4.19 1.67153e-08
-4.18 1.76639e-08
-4.17 1.86638e-08
-4.16 1.97177e-08
-4.15 2.08284e-08
-4.14 2.19988e-08
-4.13 2.32319e-08
-4.12 2.45309e-08
-4.11 2.5899e-08
-4.1 2.73399e-08
-4.09 2.88571e-08
-4.08 3.04545e-08
-4.07 3.21361e-08
-4.06 3.39061e-08
-4.05 3.57688e-08
-4.04 3.77289e-08
-4.03 3.97912e-08
-4.02 4.19606e-08
-4.01 4.42425e-08
-4 4.66423e-08
-3.99 4.91659e-08
-3.98 5.18191e-08
-3.97 5.46083e-08
-3.96 5.754e-08
-3.95 6.06212e-08
-3.94 6.38589e-08
-3.93 6.72606e-08
-3.92 7.08342e-08
-3.91 7.45879e-08
-3.9 7.85301e-08
-3.89 8.26697e-08
-3.88 8.70161e-08
-3.87 9.1579e-08
-3.86 9.63684e-08
-3.85 1.01395e-07
-3.84 1.06669e-07
-3.83 1.12204e-07
-3.82 1.18009e-07
-3.81 1.24099e-07
-3.8 1.30486e-07
-3.79 1.37183e-07
-3.78 1.44206e-07
-3.77 1.51567e-07
-3.76 1.59284e-07
-3.75 1.67371e-07
-3.74 1.75845e-07
-3.73 1.84725e-07
-3.72 1.94027e-07
-3.71 2.0377e-07
-3.7 2.13975e-07
-3.69 2.24661e-07
-3.68 2.3585e-07
-3.67 2.47563e-07
-3.66 2.59824e-07
-3.65 2.72656e-07
-3.64 2.86084e-07
-3.63 3.00134e-07
-3.62 3.14832e-07
-3.61 3.30206e-07
-3.6 3.46286e-07
-3.59 3.63101e-07
-3.58 3.80682e-07
-3.57 3.99061e-07
-3.56 4.18273e-07
-3.55 4.38352e-07
-3.54 4.59334e-07
-3.53 4.81257e-07
-3.52 5.0416e-07
-3.51 5.28083e-07
-3.5 5.53068e-07
-3.49 5.79159e-07
-3.48 6.06401e-07
-3.47 6.34841e-07
-3.46 6.64526e-07
-3.45 6.95509e-07
-3.44 7.27839e-07
-3.43 7.61572e-07
-3.42 7.96764e-07
-3.41 8.33471e-07
-3.4 8.71755e-07
-3.39 9.11677e-07
-3.38 9.53301e-07
-3.37 9.96695e-07
-3.36 1.04193e-06
-3.35 1.08907e-06
-3.34 1.13819e-06
-3.33 1.18937e-06
-3.32 1.24269e-06
-3.31 1.29823e-06
-3.3 1.35607e-06
-3.29 1.4163e-06
-3.28 1.47901e-06
-3.27 1.5443e-06
-3.26 1.61225e-06
-3.25 1.68298e-06
-3.24 1.75657e-06
-3.23 1.83314e-06
-3.22 1.91279e-06
-3.21 1.99565e-06
-3.2 2.08181e-06
-3.19 2.17141e-06
-3.18 2.26457e-06
-3.17 2.36142e-06
-3.16 2.46208e-06
-3.15 2.56669e-06
-3.14 2.6754e-06
-3.13 2.78834e-06
-3.12 2.90566e-06
-3.11 3.02753e-06
-3.1 3.15409e-06
-3.09 3.2855e-06
-3.08 3.42194e-06
-3.07 3.56358e-06
-3.06 3.71058e-06
-3.05 3.86315e-06
-3.04 4.02145e-06
-3.03 4.18569e-06
-3.02 4.35607e-06
-3.01 4.53278e-06
-3 4.71604e-06
-2.99 4.90606e-06
-2.98 5.10306e-06
-2.97 5.30727e-06
-2.96 5.51893e-06
-2.95 5.73827e-06
-2.94 5.96554e-06
-2.93 6.201e-06
-2.92 6.4449e-06
-2.91 6.69751e-06
-2.9 6.9591e-06
-2.89 7.22995e-06
-2.88 7.51036e-06
-2.87 7.80061e-06
-2.86 8.10101e-06
-2.85 8.41187e-06
-2.84 8.73351e-06
-2.83 9.06625e-06
-2.82 9.41043e-06
-2.81 9.76638e-06
-2.8 1.01345e-05
-2.79 1.0515e-05
-2.78 1.09084e-05
-2.77 1.13151e-05
-2.76 1.17353e-05
-2.75 1.21696e-05
-2.74 1.26183e-05
-2.73 1.30818e-05
-2.72 1.35605e-05
-2.71 1.40548e-05
-2.7 1.45653e-05
-2.69 1.50924e-05
-2.68 1.56364e-05
-2.67 1.61979e-05
-2.66 1.67774e-05
-2.65 1.73753e-05
-2.64 1.79921e-05
-2.63 1.86284e-05
-2.62 1.92847e-05
-2.61 1.99614e-05
-2.6 2.06591e-05
-2.59 2.13785e-05
-2.58 2.21199e-05
-2.57 2.2884e-05
-2.56 2.36715e-05
-2.55 2.44827e-05
-2.54 2.53185e-05
-2.53 2.61793e-05
-2.52 2.70658e-05
-2.51 2.79787e-05
-2.5 2.89185e-05
-2.49 2.9886e-05
-2.48 3.08817e-05
-2.47 3.19064e-05
-2.46 3.29608e-05
-2.45 3.40455e-05
-2.44 3.51613e-05
-2.43 3.63088e-05
-2.42 3.74889e-05
-2.41 3.87022e-05
-2.4 3.99495e-05
-2.39 4.12316e-05
-2.38 4.25492e-05
-2.37 4.39031e-05
-2.36 4.52942e-05
-2.35 4.67231e-05
-2.34 4.81908e-05
-2.33 4.9698e-05
-2.32 5.12456e-05
-2.31 5.28344e-05
-2.3 5.44652e-05
-2.29 5.61391e-05
-2.28 5.78567e-05
-2.27 5.9619e-05
-2.26 6.14269e-05
-2.25 6.32813e-05
-2.24 6.51831e-05
-2.23 6.71331e-05
-2.22 6.91324e-05
-2.21 7.11818e-05
-2.2 7.32823e-05
-2.19 7.54349e-05
-2.18 7.76404e-05
-2.17 7.98999e-05
-2.16 8.22143e-05
-2.15 8.45846e-05
-2.14 8.70117e-05
-2.13 8.94967e-05
-2.12 9.20405e-05
-2.11 9.46441e-05
-2.1 9.73086e-05
-2.09 0.000100035
-2.08 0.000102824
-2.07 0.000105677
-2.06 0.000108595
-2.05 0.000111578
-2.04 0.000114629
-2.03 0.000117747
-2.02 0.000120934
-2.01 0.000124191
-2 0.000127519
-1.99 0.000130919
-1.98 0.000134392
-1.97 0.000137938
-1.96 0.00014156
-1.95 0.000145258
-1.94 0.000149032
-1.93 0.000152884
-1.92 0.000156816
-1.91 0.000160827
-1.9 0.000164919
-1.89 0.000169093
-1.88 0.000173349
-1.87 0.00017769
-1.86 0.000182115
-1.85 0.000186625
-1.84 0.000191222
-1.83 0.000195907
-1.82 0.00020068
-1.81 0.000205542
-1.8 0.000210493
-1.79 0.000215536
-1.78 0.000220671
-1.77 0.000225898
-1.76 0.000231218
-1.75 0.000236633
-1.74 0.000242142
-1.73 0.000247747
-1.72 0.000253448
-1.71 0.000259246
-1.7 0.000265142
-1.69 0.000271136
-1.68 0.000277229
-1.67 0.000283422
-1.66 0.000289715
-1.65 0.000296108
-1.64 0.000302603
-1.63 0.000309199
-1.62 0.000315897
-1.61 0.000322698
-1.6 0.000329602
-1.59 0.00033661
-1.58 0.00034372
-1.57 0.000350935
-1.56 0.000358254
-1.55 0.000365677
-1.54 0.000373205
-1.53 0.000380838
-1.52 0.000388576
-1.51 0.000396418
-1.5 0.000404366
-1.49 0.000412418
-1.48 0.000420575
-1.47 0.000428837
-1.46 0.000437204
-1.45 0.000445675
-1.44 0.00045425
-1.43 0.000462929
-1.42 0.000471712
-1.41 0.000480598
-1.4 0.000489587
-1.39 0.000498678
-1.38 0.000507871
-1.37 0.000517166
-1.36 0.000526561
-1.35 0.000536056
-1.34 0.00054565
-1.33 0.000555343
-1.32 0.000565133
-1.31 0.00057502
-1.3 0.000585006
-1.29 0.000595102
-1.28 0.000605401
-1.27 0.000616432
-1.26 0.00063096
-1.25 0.000661919
-1.24 0.000763525
-1.23 0.00113913
-1.22 0.00246938
-1.21 0.00678073
-1.2 0.0194144
-1.19 0.0527523
-1.18 0.131786
-1.17 0.29972
-1.16 0.61858
-1.15 1.15728
-1.14 1.96185
-1.13 3.01311
-1.12 4.19232
-1.11 5.28411
-1.1 6.0334
-1.09 6.24054
-1.08 5.84726
-1.07 4.96311
-1.06 3.8162
-1.05 2.65823
-1.04 1.67749
-1.03 0.959136
-1.02 0.49702
-1.01 0.233592
-1 0.0997774
-0.99 0.0389797
-0.98 0.0142103
-0.97 0.00514762
-0.96 0.00216939
-0.95 0.00129389
-0.94 0.00106857
-0.93 0.00102352
-0.92 0.00102337
-0.91 0.0010333
-0.9 0.00104526
-0.89 0.0010576
-0.88 0.00107001
-0.87 0.00108242
-0.86 0.00109484
-0.85 0.00110726
-0.84 0.00111967
-0.83 0.00113207
-0.82 0.00114445
-0.81 0.00115682
-0.8 0.00116917
-0.79 0.00118149
-0.78 0.00119379
-0.77 0.00120605
-0.76 0.00121828
-0.75 0.00123048
-0.74 0.00124263
-0.73 0.00125473
-0.72 0.00126679
-0.71 0.00127879
-0.7 0.00129074
-0.69 0.00130262
-0.68 0.00131444
-0.67 0.0013262
-0.66 0.00133788
-0.65 0.00134949
-0.64 0.00136102
-0.63 0.00137246
-0.62 0.00138382
-0.61 0.0013951
-0.6 0.00140627
-0.59 0.00141735
-0.58 0.00142833
-0.57 0.0014392
-0.56 0.00144997
-0.55 0.00146062
-0.54 0.00147116
-0.53 0.00148157
-0.52 0.00149187
-0.51 0.00150204
-0.5 0.00151207
-0.49 0.00152198
-0.48 0.00153175
-0.47 0.00154137
-0.46 0.00155085
-0.45 0.00156019
-0.44 0.00156937
-0.43 0.0015784
-0.42 0.00158728
-0.41 0.00159599
-0.4 0.00160453
-0.39 0.00161292
-0.38 0.00162113
-0.37 0.00162916
-0.36 0.00163703
-0.35 0.00164471
-0.34 0.00165221
-0.33 0.00165953
-0.32 0.00166666
-0.31 0.00167359
-0.3 0.00168034
-0.29 0.00168689
-0.28 0.00169324
-0.27 0.0016994
-0.26 0.00170535
-0.25 0.00171109
-0.24 0.00171663
-0.23 0.00172196
-0.22 0.00172708
-0.21 0.00173198
-0.2 0.00173667
-0.19 0.00174114
-0.18 0.0017454
-0.17 0.00174943
-0.16 0.00175324
-0.15 0.00175683
-0.14 0.00176019
-0.13 0.00176333
-0.12 0.00176624
-0.11 0.00176892
-0.1 0.00177137
-0.09 0.00177359
-0.08 0.00177558
-0.07 0.00177734
-0.06 0.00177886
-0.05 0.00178015
-0.04 0.00178121
-0.03 0.00178203
-0.02 0.00178262
-0.01 0.00178297
0 0.00178309
0.01 0.00178297
0.02 0.00178262
0.03 0.00178203
0.04 0.00178121
0.05 0.00178015
0.06 0.00177886
0.07 0.00177734
0.08 0.00177558
0.09 0.00177359
0.1 0.00177137
0.11 0.00176892
0.12 0.00176624
0.13 0.00176333
0.14 0.00176019
0.15 0.00175683
0.16 0.00175324
0.17 0.00174943
0.18 0.0017454
0.19 0.00174114
0.2 0.00173667
0.21 0.00173198
0.22 0.00172708
0.23 0.00172196
0.24 0.00171663
0.25 0.00171109
0.26 0.00170535
0.27 0.0016994
0.28 0.00169324
0.29 0.00168689
0.3 0.00168034
0.31 0.00167359
0.32 0.00166666
0.33 0.00165953
0.34 0.00165221
0.35 0.00164471
0.36 0.00163703
0.37 0.00162916
0.38 0.00162113
0.39 0.00161292
0.4 0.00160453
0.41 0.00159599
0.42 0.00158728
0.43 0.0015784
0.44 0.00156937
0.45 0.00156019
0.46 0.00155085
0.47 0.00154137
0.48 0.00153175
0.49 0.00152198
0.5 0.00151207
0.51 0.00150204
0.52 0.00149187
0.53 0.00148157
0.54 0.00147116
0.55 0.00146062
0.56 0.00144997
0.57 0.0014392
0.58 0.00142833
0.59 0.00141735
0.6 0.00140627
0.61 0.0013951
0.62 0.00138382
0.63 0.00137246
0.64 0.00136102
0.65 0.00134949
0.66 0.00133788
0.67 0.0013262
0.68 0.00131444
0.69 0.00130262
0.7 0.00129074
0.71 0.00127879
0.72 0.00126679
0.73 0.00125473
0.74 0.00124263
0.75 0.00123048
0.76 0.00121828
0.77 0.00120605
0.78 0.00119379
0.79 0.00118149
0.8 0.00116917
0.81 0.00115682
0.82 0.00114445
0.83 0.00113207
0.84 0.00111967
0.85 0.00110726
0.86 0.00109484
0.87 0.00108242
0.88 0.00107001
0.89 0.0010576
0.9 0.00104526
0.91 0.0010333
0.92 0.00102337
0.93 0.00102352
0.94 0.00106857
0.95 0.00129389
0.96 0.00216939
0.97 0.00514762
0.98 0.0142103
0.99 0.0389797
1 0.0997774
1.01 0.233592
1.02 0.49702
1.03 0.959136
1.04 1.67749
1.05 2.65823
1.06 3.8162
1.07 4.96311
1.08 5.84726
1.09 6.24054
1.1 6.0334
1.11 5.28411
1.12 4.19232
1.13 3.01311
1.14 1.96185
1.15 1.15728
1.16 0.61858
1.17 0.29972
1.18 0.131786
1.19 0.0527523
1.2 0.0194144
1.21 0.00678073
1.22 0.00246938
1.23 0.00113913
1.24 0.000763525
1.25 0.000661919
1.26 0.00063096
1.27 0.000616432
1.28 0.000605401
1.29 0.000595102
1.3 0.000585006
1.31 0.00057502
1.32 0.000565133
1.33 0.000555343
1.34 0.00054565
1.35 0.000536056
1.36 0.000526561
1.37 0.000517166
1.38 0.000507871
1.39 0.000498678
1.4 0.000489587
1.41 0.000480598
1.42 0.000471712
1.43 0.000462929
1.44 0.00045425
1.45 0.000445675
1.46 0.000437204
1.47 0.000428837
1.48 0.000420575
1.49 0.000412418
1.5 0.000404366
1.51 0.000396418
1.52 0.000388576
1.53 0.000380838
1.54 0.000373205
1.55 0.000365677
1.56 0.000358254
1.57 0.000350935
1.58 0.00034372
1.59 0.00033661
1.6 0.000329602
1.61 0.000322698
1.62 0.000315897
1.63 0.000309199
1.64 0.000302603
1.65 0.000296108
1.66 0.000289715
1.67 0.000283422
1.68 0.000277229
1.69 0.000271136
1.7 0.000265142
1.71 0.000259246
1.72 0.000253448
1.73 0.000247747
1.74 0.000242142
1.75 0.000236633
1.76 0.000231218
1.77 0.000225898
1.78 0.000220671
1.79 0.000215536
1.8 0.000210493
1.81 0.000205542
1.82 0.00020068
1.83 0.000195907
1.84 0.000191222
1.85 0.000186625
1.86 0.000182115
1.87 0.00017769
1.88 0.000173349
1.89 0.000169093
1.9 0.000164919
1.91 0.000160827
1.92 0.000156816
1.93 0.000152884
1.94 0.000149032
1.95 0.000145258
1.96 0.00014156
1.97 0.000137938
1.98 0.000134392
1.99 0.000130919
2 0.000127519
2.01 0.000124191
2.02 0.000120934
2.03 0.000117747
2.04 0.000114629
2.05 0.000111578
2.06 0.000108595
2.07 0.000105677
2.08 0.000102824
2.09 0.000100035
2.1 9.73086e-05
2.11 9.46441e-05
2.12 9.20405e-05
2.13 8.94967e-05
2.14 8.70117e-05
2.15 8.45846e-05
2.16 8.22143e-05
2.17 7.98999e-05
2.18 7.76404e-05
2.19 7.54349e-05
2.2 7.32823e-05
2.21 7.11818e-05
2.22 6.91324e-05
2.23 6.71331e-05
2.24 6.51831e-05
2.25 6.32813e-05
2.26 6.14269e-05
2.27 5.9619e-05
2.28 5.78567e-05
2.29 5.61391e-05
2.3 5.44652e-05
2.31 5.28344e-05
2.32 5.12456e-05
2.33 4.9698e-05
2.34 4.81908e-05
2.35 4.67231e-05
2.36 4.52942e-05
2.37 4.39031e-05
2.38 4.25492e-05
2.39 4.12316e-05
2.4 3.99495e-05
2.41 3.87022e-05
2.42 3.74889e-05
2.43 3.63088e-05
2.44 3.51613e-05
2.45 3.40455e-05
2.46 3.29608e-05
2.47 3.19064e-05
2.48 3.08817e-05
2.49 2.9886e-05
2.5 2.89185e-05
2.51 2.79787e-05
2.52 2.70658e-05
2.53 2.61793e-05
2.54 2.53185e-05
2.55 2.44827e-05
2.56 2.36715e-05
2.57 2.2884e-05
2.58 2.21199e-05
2.59 2.13785e-05
2.6 2.06591e-05
2.61 1.99614e-05
2.62 1.92847e-05
2.63 1.86284e-05
2.64 1.79921e-05
2.65 1.73753e-05
2.66 1.67774e-05
2.67 1.61979e-05
2.68 1.56364e-05
2.69 1.50924e-05
2.7 1.45653e-05
2.71 1.40548e-05
2.72 1.35605e-05
2.73 1.30818e-05
2.74 1.26183e-05
2.75 1.21696e-05
2.76 1.17353e-05
2.77 1.13151e-05
2.78 1.09084e-05
2.79 1.0515e-05
2.8 1.01345e-05
2.81 9.76638e-06
2.82 9.41043e-06
2.83 9.06625e-06
2.84 8.73351e-06
2.85 8.41187e-06
2.86 8.10101e-06
2.87 7.80061e-06
2.88 7.51036e-06
2.89 7.22995e-06
2.9 6.9591e-06
2.91 6.69751e-06
2.92 6.4449e-06
2.93 6.201e-06
2.94 5.96554e-06
2.95 5.73827e-06
2.96 5.51893e-06
2.97 5.30727e-06
2.98 5.10306e-06
2.99 4.90606e-06
3 4.71604e-06
3.01 4.53278e-06
3.02 4.35607e-06
3.03 4.18569e-06
3.04 4.02145e-06
3.05 3.86315e-06
3.06 3.71058e-06
3.07 3.56358e-06
3.08 3.42194e-06
3.09 3.2855e-06
3.1 3.15409e-06
3.11 3.02753e-06
3.12 2.90566e-06
3.13 2.78834e-06
3.14 2.6754e-06
3.15 2.56669e-06
3.16 2.46208e-06
3.17 2.36142e-06
3.18 2.26457e-06
3.19 2.17141e-06
3.2 2.08181e-06
3.21 1.99565e-06
3.22 1.91279e-06
3.23 1.83314e-06
3.24 1.75657e-06
3.25 1.68298e-06
3.26 1.61225e-06
3.27 1.5443e-06
3.28 1.47901e-06
3.29 1.4163e-06
3.3 1.35607e-06
3.31 1.29823e-06
3.32 1.24269e-06
3.33 1.18937e-06
3.34 1.13819e-06
3.35 1.08907e-06
3.36 1.04193e-06
3.37 9.96695e-07
3.38 9.53301e-07
3.39 9.11677e-07
3.4 8.71755e-07
3.41 8.33471e-07
3.42 7.96764e-07
3.43 7.61572e-07
3.44 7.27839e-07
3.45 6.95509e-07
3.46 6.64526e-07
3.47 6.34841e-07
3.48 6.06401e-07
3.49 5.79159e-07
3.5 5.53068e-07
3.51 5.28083e-07
3.52 5.0416e-07
3.53 4.81257e-07
3.54 4.59334e-07
3.55 4.38352e-07
3.56 4.18273e-07
3.57 3.99061e-07
3.58 3.80682e-07
3.59 3.63101e-07
3.6 3.46286e-07
3.61 3.30206e-07
3.62 3.14832e-07
3.63 3.00134e-07
3.64 2.86084e-07
3.65 2.72656e-07
3.66 2.59824e-07
3.67 2.47563e-07
3.68 2.3585e-07
3.69 2.24661e-07
3.7 2.13975e-07
3.71 2.0377e-07
3.72 1.94027e-07
3.73 1.84725e-07
3.74 1.75845e-07
3.75 1.67371e-07
3.76 1.59284e-07
3.77 1.51567e-07
3.78 1.44206e-07
3.79 1.37183e-07
3.8 1.30486e-07
3.81 1.24099e-07
3.82 1.18009e-07
3.83 1.12204e-07
3.84 1.06669e-07
3.85 1.01395e-07
3.86 9.63684e-08
3.87 9.1579e-08
3.88 8.70161e-08
3.89 8.26697e-08
3.9 7.85301e-08
3.91 7.45879e-08
3.92 7.08342e-08
3.93 6.72606e-08
3.94 6.38589e-08
3.95 6.06212e-08
3.96 5.754e-08
3.97 5.46083e-08
3.98 5.18191e-08
3.99 4.91659e-08
4 4.66423e-08
4.01 4.42425e-08
4.02 4.19606e-08
4.03 3.97912e-08
4.04 3.77289e-08
4.05 3.57688e-08
4.06 3.39061e-08
4.07 3.21361e-08
4.08 3.04545e-08
4.09 2.88571e-08
4.1 2.73399e-08
4.11 2.5899e-08
4.12 2.45309e-08
4.13 2.32319e-08
4.14 2.19988e-08
4.15 2.08284e-08
4.16 1.97177e-08
4.17 1.86638e-08
4.18 1.76639e-08
4.19 1.67153e-08
4.2 1.58156e-08
4.21 1.49623e-08
4.22 1.41532e-08
4.23 1.33861e-08
4.24 1.26589e-08
4.25 1.19696e-08
4.26 1.13164e-08
4.27 1.06974e-08
4.28 1.01109e-08
4.29 9.55536e-09
4.3 9.02912e-09
4.31 8.53074e-09
4.32 8.0588e-09
4.33 7.61196e-09
4.34 7.18896e-09
4.35 6.78856e-09
4.36 6.40962e-09
4.37 6.05103e-09
4.38 5.71176e-09
4.39 5.39079e-09
4.4 5.08719e-09
4.41 4.80005e-09
4.42 4.52853e-09
4.43 4.2718e-09
4.44 4.02909e-09
4.45 3.79967e-09
4.46 3.58284e-09
4.47 3.37794e-09
4.48 3.18434e-09
4.49 3.00144e-09
4.5 2.82867e-09
4.51 2.66549e-09
4.52 2.5114e-09
4.53 2.3659e-09
4.54 2.22854e-09
4.55 2.09887e-09
4.56 1.97649e-09
4.57 1.861e-09
4.58 1.75203e-09
4.59 1.64922e-09
4.6 1.55224e-09
4.61 1.46077e-09
4.62 1.37451e-09
4.63 1.29317e-09
4.64 1.21648e-09
4.65 1.14419e-09
4.66 1.07606e-09
4.67 1.01185e-09
4.68 9.5134e-10
4.69 8.94335e-10
4.7 8.40634e-10
4.71 7.90054e-10
4.72 7.4242e-10
4.73 6.97565e-10
4.74 6.55334e-10
4.75 6.15578e-10
4.76 5.78158e-10
4.77 5.42941e-10
4.78 5.09802e-10
4.79 4.78623e-10
4.8 4.49291e-10
4.81 4.21701e-10
4.82 3.95753e-10
4.83 3.71353e-10
4.84 3.48411e-10
4.85 3.26843e-10
4.86 3.06571e-10
4.87 2.87517e-10
4.88 2.69612e-10
4.89 2.52789e-10
4.9 2.36985e-10
4.91 2.22139e-10
4.92 2.08195e-10
4.93 1.95102e-10
4.94 1.82807e-10
4.95 1.71265e-10
4.96 1.6043e-10
4.97 1.50261e-10
4.98 1.40718e-10
4.99 1.31764e-10
5 1.23363e-10
5.01 1.15482e-10
5.02 1.08091e-10
5.03 1.0116e-10
5.04 9.466e-11
5.05 8.85663e-11
5.06 8.2854e-11
5.07 7.74999e-11
5.08 7.24823e-11
5.09 6.77805e-11
5.1 6.33754e-11
5.11 5.92488e-11
5.12 5.53836e-11
5.13 5.17637e-11
5.14 4.8374e-11
5.15 4.52003e-11
5.16 4.22292e-11
5.17 3.94483e-11
5.18 3.68456e-11
5.19 3.44101e-11
5.2 3.21314e-11
5.21 2.99996e-11
5.22 2.80055e-11
5.23 2.61406e-11
5.24 2.43966e-11
5.25 2.27659e-11
5.26 2.12415e-11
5.27 1.98165e-11
5.28 1.84847e-11
5.29 1.72401e-11
5.3 1.60772e-11
5.31 1.49907e-11
5.32 1.39759e-11
5.33 1.3028e-11
5.34 1.21428e-11
5.35 1.13162e-11
5.36 1.05446e-11
5.37 9.82422e-12
5.38 9.15188e-12
5.39 8.52442e-12
5.4 7.93894e-12
5.41 7.39269e-12
5.42 6.88312e-12
5.43 6.40783e-12
5.44 5.96457e-12
5.45 5.55125e-12
5.46 5.16588e-12
5.47 4.80663e-12
5.48 4.47178e-12
5.49 4.1597e-12
5.5 3.86889e-12
5.51 3.59794e-12
5.52 3.34553e-12
5.53 3.11041e-12
5.54 2.89143e-12
5.55 2.68752e-12
5.56 2.49765e-12
5.57 2.3209e-12
5.58 2.15637e-12
5.59 2.00323e-12
5.6 1.86073e-12
5.61 1.72814e-12
5.62 1.60478e-12
5.63 1.49003e-12
5.64 1.38331e-12
5.65 1.28405e-12
5.66 1.19177e-12
5.67 1.10597e-12
5.68 1.02621e-12
5.69 9.52079e-13
5.7 8.83185e-13
5.71 8.19169e-13
5.72 7.59693e-13
5.73 7.04442e-13
5.74 6.53124e-13
5.75 6.05464e-13
5.76 5.61208e-13
5.77 5.20118e-13
5.78 4.81973e-13
5.79 4.46566e-13
5.8 4.13707e-13
5.81 3.83214e-13
5.82 3.54922e-13
5.83 3.28676e-13
5.84 3.0433e-13
5.85 2.8175e-13
5.86 2.60812e-13
5.87 2.41397e-13
5.88 2.23399e-13
5.89 2.06715e-13
5.9 1.91252e-13
5.91 1.76922e-13
5.92 1.63644e-13
5.93 1.51343e-13
5.94 1.39948e-13
5.95 1.29394e-13
5.96 1.1962e-13
5.97 1.1057e-13
5.98 1.02191e-13
5.99 9.44341e-14
