-6 0.00174961
-5.99 0.00178444
-5.98 0.00181988
-5.97 0.00185594
-5.96 0.00189261
-5.95 0.00192991
-5.94 0.00196786
-5.93 0.00200645
-5.92 0.0020457
-5.91 0.00208561
-5.9 0.0021262
-5.89 0.00216747
-5.88 0.00220943
-5.87 0.0022521
-5.86 0.00229547
-5.85 0.00233957
-5.84 0.0023844
-5.83 0.00242997
-5.82 0.00247629
-5.81 0.00252336
-5.8 0.00257121
-5.79 0.00261983
-5.78 0.00266925
-5.77 0.00271946
-5.76 0.00277048
-5.75 0.00282232
-5.74 0.00287498
-5.73 0.00292849
-5.72 0.00298285
-5.71 0.00303807
-5.7 0.00309415
-5.69 0.00315112
-5.68 0.00320898
-5.67 0.00326775
-5.66 0.00332742
-5.65 0.00338802
-5.64 0.00344955
-5.63 0.00351203
-5.62 0.00357547
-5.61 0.00363987
-5.6 0.00370525
-5.59 0.00377162
-5.58 0.00383899
-5.57 0.00390738
-5.56 0.00397678
-5.55 0.00404722
-5.54 0.00411871
-5.53 0.00419125
-5.52 0.00426486
-5.51 0.00433956
-5.5 0.00441534
-5.49 0.00449223
-5.48 0.00457023
-5.47 0.00464936
-5.46 0.00472963
-5.45 0.00481105
-5.44 0.00489362
-5.43 0.00497738
-5.42 0.00506231
-5.41 0.00514845
-5.4 0.00523579
-5.39 0.00532436
-5.38 0.00541415
-5.37 0.0055052
-5.36 0.00559749
-5.35 0.00569106
-5.34 0.00578591
-5.33 0.00588205
-5.32 0.00597949
-5.31 0.00607825
-5.3 0.00617834
-5.29 0.00627977
-5.28 0.00638256
-5.27 0.0064867
-5.26 0.00659223
-5.25 0.00669914
-5.24 0.00680745
-5.23 0.00691717
-5.22 0.00702832
-5.21 0.00714091
-5.2 0.00725494
-5.19 0.00737043
-5.18 0.0074874
-5.17 0.00760585
-5.16 0.00772579
-5.15 0.00784724
-5.14 0.00797021
-5.13 0.00809471
-5.12 0.00822075
-5.11 0.00834835
-5.1 0.00847751
-5.09 0.00860824
-5.08 0.00874057
-5.07 0.0088745
-5.06 0.00901003
-5.05 0.00914719
-5.04 0.00928598
-5.03 0.00942642
-5.02 0.00956851
-5.01 0.00971227
-5 0.0098577
-4.99 0.0100048
-4.98 0.0101536
-4.97 0.0103042
-4.96 0.0104564
-4.95 0.0106104
-4.94 0.0107661
-4.93 0.0109236
-4.92 0.0110828
-4.91 0.0112438
-4.9 0.0114066
-4.89 0.0115712
-4.88 0.0117376
-4.87 0.0119058
-4.86 0.0120758
-4.85 0.0122476
-4.84 0.0124213
-4.83 0.0125968
-4.82 0.0127742
-4.81 0.0129534
-4.8 0.0131345
-4.79 0.0133175
-4.78 0.0135024
-4.77 0.0136892
-4.76 0.0138779
-4.75 0.0140685
-4.74 0.014261
-4.73 0.0144554
-4.72 0.0146518
-4.71 0.0148501
-4.7 0.0150504
-4.69 0.0152526
-4.68 0.0154568
-4.67 0.015663
-4.66 0.0158711
-4.65 0.0160813
-4.64 0.0162934
-4.63 0.0165075
-4.62 0.0167236
-4.61 0.0169416
-4.6 0.0171618
-4.59 0.0173839
-4.58 0.017608
-4.57 0.0178341
-4.56 0.0180623
-4.55 0.0182925
-4.54 0.0185248
-4.53 0.018759
-4.52 0.0189953
-4.51 0.0192337
-4.5 0.0194741
-4.49 0.0197165
-4.48 0.019961
-4.47 0.0202075
-4.46 0.0204561
-4.45 0.0207067
-4.44 0.0209594
-4.43 0.0212141
-4.42 0.0214709
-4.41 0.0217297
-4.4 0.0219906
-4.39 0.0222535
-4.38 0.0225185
-4.37 0.0227856
-4.36 0.0230547
-4.35 0.0233258
-4.34 0.0235989
-4.33 0.0238742
-4.32 0.0241514
-4.31 0.0244307
-4.3 0.024712
-4.29 0.0249954
-4.28 0.0252807
-4.27 0.0255681
-4.26 0.0258575
-4.25 0.026149
-4.24 0.0264424
-4.23 0.0267378
-4.22 0.0270352
-4.21 0.0273346
-4.2 0.027636
-4.19 0.0279394
-4.18 0.0282447
-4.17 0.028552
-4.16 0.0288612
-4.15 0.0291724
-4.14 0.0294856
-4.13 0.0298006
-4.12 0.0301176
-4.11 0.0304364
-4.1 0.0307572
-4.09 0.0310799
-4.08 0.0314044
-4.07 0.0317308
-4.06 0.0320591
-4.05 0.0323892
-4.04 0.0327211
-4.03 0.0330549
-4.02 0.0333904
-4.01 0.0337278
-4 0.0340669
-3.99 0.0344078
-3.98 0.0347505
-3.97 0.0350949
-3.96 0.035441
-3.95 0.0357888
-3.94 0.0361384
-3.93 0.0364896
-3.92 0.0368424
-3.91 0.037197
-3.9 0.0375531
-3.89 0.0379109
-3.88 0.0382702
-3.87 0.0386312
-3.86 0.0389937
-3.85 0.0393577
-3.84 0.0397233
-3.83 0.0400904
-3.82 0.0404589
-3.81 0.040829
-3.8 0.0412005
-3.79 0.0415734
-3.78 0.0419477
-3.77 0.0423234
-3.76 0.0427005
-3.75 0.0430789
-3.74 0.0434587
-3.73 0.0438398
-3.72 0.0442221
-3.71 0.0446057
-3.7 0.0449906
-3.69 0.0453767
-3.68 0.045764
-3.67 0.0461524
-3.66 0.046542
-3.65 0.0469327
-3.64 0.0473246
-3.63 0.0477175
-3.62 0.0481114
-3.61 0.0485064
-3.6 0.0489024
-3.59 0.0492994
-3.58 0.0496974
-3.57 0.0500963
-3.56 0.0504961
-3.55 0.0508968
-3.54 0.0512983
-3.53 0.0517007
-3.52 0.0521039
-3.51 0.0525079
-3.5 0.0529127
-3.49 0.0533182
-3.48 0.0537244
-3.47 0.0541312
-3.46 0.0545388
-3.45 0.054947
-3.44 0.0553557
-3.43 0.0557651
-3.42 0.056175
-3.41 0.0565855
-3.4 0.0569965
-3.39 0.0574079
-3.38 0.0578198
-3.37 0.0582321
-3.36 0.0586449
-3.35 0.059058
-3.34 0.0594714
-3.33 0.0598852
-3.32 0.0602993
-3.31 0.0607137
-3.3 0.0611283
-3.29 0.0615432
-3.28 0.0619582
-3.27 0.0623735
-3.26 0.0627888
-3.25 0.0632044
-3.24 0.06362
-3.23 0.0640357
-3.22 0.0644515
-3.21 0.0648673
-3.2 0.0652831
-3.19 0.0656989
-3.18 0.0661146
-3.17 0.0665303
-3.16 0.066946
-3.15 0.0673615
-3.14 0.0677769
-3.13 0.0681922
-3.12 0.0686073
-3.11 0.0690222
-3.1 0.0694369
-3.09 0.0698514
-3.08 0.0702657
-3.07 0.0706797
-3.06 0.0710934
-3.05 0.0715068
-3.04 0.0719199
-3.03 0.0723327
-3.02 0.0727451
-3.01 0.0731572
-3 0.0735689
-2.99 0.0739802
-2.98 0.074391
-2.97 0.0748015
-2.96 0.0752115
-2.95 0.075621
-2.94 0.0760301
-2.93 0.0764387
-2.92 0.0768469
-2.91 0.0772545
-2.9 0.0776616
-2.89 0.0780682
-2.88 0.0784743
-2.87 0.0788799
-2.86 0.0792849
-2.85 0.0796893
-2.84 0.0800932
-2.83 0.0804965
-2.82 0.0808993
-2.81 0.0813015
-2.8 0.0817031
-2.79 0.0821042
-2.78 0.0825046
-2.77 0.0829045
-2.76 0.0833038
-2.75 0.0837025
-2.74 0.0841007
-2.73 0.0844982
-2.72 0.0848952
-2.71 0.0852916
-2.7 0.0856875
-2.69 0.0860827
-2.68 0.0864775
-2.67 0.0868716
-2.66 0.0872652
-2.65 0.0876583
-2.64 0.0880508
-2.63 0.0884428
-2.62 0.0888343
-2.61 0.0892253
-2.6 0.0896159
-2.59 0.0900059
-2.58 0.0903955
-2.57 0.0907846
-2.56 0.0911733
-2.55 0.0915616
-2.54 0.0919494
-2.53 0.0923369
-2.52 0.0927241
-2.51 0.0931108
-2.5 0.0934973
-2.49 0.0938834
-2.48 0.0942693
-2.47 0.0946549
-2.46 0.0950402
-2.45 0.0954254
-2.44 0.0958103
-2.43 0.0961951
-2.42 0.0965797
-2.41 0.0969643
-2.4 0.0973487
-2.39 0.0977331
-2.38 0.0981174
-2.37 0.0985018
-2.36 0.0988861
-2.35 0.0992706
-2.34 0.0996551
-2.33 0.10004
-2.32 0.100425
-2.31 0.10081
-2.3 0.101195
-2.29 0.10158
-2.28 0.101966
-2.27 0.102352
-2.26 0.102739
-2.25 0.103126
-2.24 0.103513
-2.23 0.103901
-2.22 0.104289
-2.21 0.104678
-2.2 0.105068
-2.19 0.105458
-2.18 0.105848
-2.17 0.10624
-2.16 0.106632
-2.15 0.107025
-2.14 0.107419
-2.13 0.107814
-2.12 0.10821
-2.11 0.108607
-2.1 0.109004
-2.09 0.109403
-2.08 0.109803
-2.07 0.110204
-2.06 0.110606
-2.05 0.111009
-2.04 0.111414
-2.03 0.11182
-2.02 0.112227
-2.01 0.112636
-2 0.113046
-1.99 0.113458
-1.98 0.113871
-1.97 0.114286
-1.96 0.114702
-1.95 0.11512
-1.94 0.11554
-1.93 0.115961
-1.92 0.116385
-1.91 0.11681
-1.9 0.117237
-1.89 0.117665
-1.88 0.118096
-1.87 0.118529
-1.86 0.118963
-1.85 0.1194
-1.84 0.119839
-1.83 0.12028
-1.82 0.120723
-1.81 0.121168
-1.8 0.121616
-1.79 0.122065
-1.78 0.122517
-1.77 0.122972
-1.76 0.123428
-1.75 0.123888
-1.74 0.124349
-1.73 0.124813
-1.72 0.125279
-1.71 0.125748
-1.7 0.12622
-1.69 0.126694
-1.68 0.12717
-1.67 0.127649
-1.66 0.128131
-1.65 0.128615
-1.64 0.129102
-1.63 0.129592
-1.62 0.130084
-1.61 0.130579
-1.6 0.131076
-1.59 0.131577
-1.58 0.13208
-1.57 0.132585
-1.56 0.133094
-1.55 0.133605
-1.54 0.134118
-1.53 0.134635
-1.52 0.135154
-1.51 0.135676
-1.5 0.136201
-1.49 0.136728
-1.48 0.137258
-1.47 0.137791
-1.46 0.138326
-1.45 0.138864
-1.44 0.139405
-1.43 0.139948
-1.42 0.140494
-1.41 0.141042
-1.4 0.141593
-1.39 0.142147
-1.38 0.142703
-1.37 0.143261
-1.36 0.143822
-1.35 0.144386
-1.34 0.144951
-1.33 0.145519
-1.32 0.146089
-1.31 0.146662
-1.3 0.147236
-1.29 0.147813
-1.28 0.148392
-1.27 0.148973
-1.26 0.149556
-1.25 0.150141
-1.24 0.150728
-1.23 0.151316
-1.22 0.151906
-1.21 0.152498
-1.2 0.153092
-1.19 0.153687
-1.18 0.154284
-1.17 0.154882
-1.16 0.155481
-1.15 0.156082
-1.14 0.156684
-1.13 0.157287
-1.12 0.157891
-1.11 0.158496
-1.1 0.159102
-1.09 0.159708
-1.08 0.160316
-1.07 0.160923
-1.06 0.161532
-1.05 0.16214
-1.04 0.162749
-1.03 0.163359
-1.02 0.163968
-1.01 0.164577
-1 0.165186
-0.99 0.165795
-0.98 0.166404
-0.97 0.167012
-0.96 0.16762
-0.95 0.168227
-0.94 0.168833
-0.93 0.169438
-0.92 0.170043
-0.91 0.170646
-0.9 0.171248
-0.89 0.171848
-0.88 0.172447
-0.87 0.173045
-0.86 0.173641
-0.85 0.174235
-0.84 0.174827
-0.83 0.175416
-0.82 0.176004
-0.81 0.176589
-0.8 0.177172
-0.79 0.177752
-0.78 0.178329
-0.77 0.178904
-0.76 0.179475
-0.75 0.180043
-0.74 0.180608
-0.73 0.18117
-0.72 0.181728
-0.71 0.182282
-0.7 0.182832
-0.69 0.183379
-0.68 0.183921
-0.67 0.18446
-0.66 0.184993
-0.65 0.185523
-0.64 0.186047
-0.63 0.186567
-0.62 0.187082
-0.61 0.187592
-0.6 0.188097
-0.59 0.188596
-0.58 0.18909
-0.57 0.189579
-0.56 0.190062
-0.55 0.190539
-0.54 0.19101
-0.53 0.191475
-0.52 0.191933
-0.51 0.192386
-0.5 0.192832
-0.49 0.193271
-0.48 0.193703
-0.47 0.194129
-0.46 0.194548
-0.45 0.19496
-0.44 0.195365
-0.43 0.195762
-0.42 0.196152
-0.41 0.196534
-0.4 0.196909
-0.39 0.197276
-0.38 0.197635
-0.37 0.197986
-0.36 0.198329
-0.35 0.198664
-0.34 0.198991
-0.33 0.199309
-0.32 0.199619
-0.31 0.199921
-0.3 0.200213
-0.29 0.200497
-0.28 0.200773
-0.27 0.201039
-0.26 0.201296
-0.25 0.201545
-0.24 0.201784
-0.23 0.202014
-0.22 0.202234
-0.21 0.202446
-0.2 0.202648
-0.19 0.20284
-0.18 0.203024
-0.17 0.203197
-0.16 0.203361
-0.15 0.203515
-0.14 0.20366
-0.13 0.203794
-0.12 0.203919
-0.11 0.204034
-0.1 0.204139
-0.09 0.204235
-0.08 0.20432
-0.07 0.204395
-0.06 0.20446
-0.05 0.204516
-0.04 0.204561
-0.03 0.204596
-0.02 0.204621
-0.01 0.204637
0 0.204642
0.01 0.204637
0.02 0.204621
0.03 0.204596
0.04 0.204561
0.05 0.204516
0.06 0.20446
0.07 0.204395
0.08 0.20432
0.09 0.204235
0.1 0.204139
0.11 0.204034
0.12 0.203919
0.13 0.203794
0.14 0.20366
0.15 0.203515
0.16 0.203361
0.17 0.203197
0.18 0.203024
0.19 0.20284
0.2 0.202648
0.21 0.202446
0.22 0.202234
0.23 0.202014
0.24 0.201784
0.25 0.201545
0.26 0.201296
0.27 0.201039
0.28 0.200773
0.29 0.200497
0.3 0.200213
0.31 0.199921
0.32 0.199619
0.33 0.199309
0.34 0.198991
0.35 0.198664
0.36 0.198329
0.37 0.197986
0.38 0.197635
0.39 0.197276
0.4 0.196909
0.41 0.196534
0.42 0.196152
0.43 0.195762
0.44 0.195365
0.45 0.19496
0.46 0.194548
0.47 0.194129
0.48 0.193703
0.49 0.193271
0.5 0.192832
0.51 0.192386
0.52 0.191933
0.53 0.191475
0.54 0.19101
0.55 0.190539
0.56 0.190062
0.57 0.189579
0.58 0.18909
0.59 0.188596
0.6 0.188097
0.61 0.187592
0.62 0.187082
0.63 0.186567
0.64 0.186047
0.65 0.185523
0.66 0.184993
0.67 0.18446
0.68 0.183921
0.69 0.183379
0.7 0.182832
0.71 0.182282
0.72 0.181728
0.73 0.18117
0.74 0.180608
0.75 0.180043
0.76 0.179475
0.77 0.178904
0.78 0.178329
0.79 0.177752
0.8 0.177172
0.81 0.176589
0.82 0.176004
0.83 0.175416
0.84 0.174827
0.85 0.174235
0.86 0.173641
0.87 0.173045
0.88 0.172447
0.89 0.171848
0.9 0.171248
0.91 0.170646
0.92 0.170043
0.93 0.169438
0.94 0.168833
0.95 0.168227
0.96 0.16762
0.97 0.167012
0.98 0.166404
0.99 0.165795
1 0.165186
1.01 0.164577
1.02 0.163968
1.03 0.163359
1.04 0.162749
1.05 0.16214
1.06 0.161532
1.07 0.160923
1.08 0.160316
1.09 0.159708
1.1 0.159102
1.11 0.158496
1.12 0.157891
1.13 0.157287
1.14 0.156684
1.15 0.156082
1.16 0.155481
1.17 0.154882
1.18 0.154284
1.19 0.153687
1.2 0.153092
1.21 0.152498
1.22 0.151906
1.23 0.151316
1.24 0.150728
1.25 0.150141
1.26 0.149556
1.27 0.148973
1.28 0.148392
1.29 0.147813
1.3 0.147236
1.31 0.146662
1.32 0.146089
1.33 0.145519
1.34 0.144951
1.35 0.144386
1.36 0.143822
1.37 0.143261
1.38 0.142703
1.39 0.142147
1.4 0.141593
1.41 0.141042
1.42 0.140494
1.43 0.139948
1.44 0.139405
1.45 0.138864
1.46 0.138326
1.47 0.137791
1.48 0.137258
1.49 0.136728
1.5 0.136201
1.51 0.135676
1.52 0.135154
1.53 0.134635
1.54 0.134118
1.55 0.133605
1.56 0.133094
1.57 0.132585
1.58 0.13208
1.59 0.131577
1.6 0.131076
1.61 0.130579
1.62 0.130084
1.63 0.129592
1.64 0.129102
1.65 0.128615
1.66 0.128131
1.67 0.127649
1.68 0.12717
1.69 0.126694
1.7 0.12622
1.71 0.125748
1.72 0.125279
1.73 0.124813
1.74 0.124349
1.75 0.123888
1.76 0.123428
1.77 0.122972
1.78 0.122517
1.79 0.122065
1.8 0.121616
1.81 0.121168
1.82 0.120723
1.83 0.12028
1.84 0.119839
1.85 0.1194
1.86 0.118963
1.87 0.118529
1.88 0.118096
1.89 0.117665
1.9 0.117237
1.91 0.11681
1.92 0.116385
1.93 0.115961
1.94 0.11554
1.95 0.11512
1.96 0.114702
1.97 0.114286
1.98 0.113871
1.99 0.113458
2 0.113046
2.01 0.112636
2.02 0.112227
2.03 0.11182
2.04 0.111414
2.05 0.111009
2.06 0.110606
2.07 0.110204
2.08 0.109803
2.09 0.109403
2.1 0.109004
2.11 0.108607
2.12 0.10821
2.13 0.107814
2.14 0.107419
2.15 0.107025
2.16 0.106632
2.17 0.10624
2.18 0.105848
2.19 0.105458
2.2 0.105068
2.21 0.104678
2.22 0.104289
2.23 0.103901
2.24 0.103513
2.25 0.103126
2.26 0.102739
2.27 0.102352
2.28 0.101966
2.29 0.10158
2.3 0.101195
2.31 0.10081
2.32 0.100425
2.33 0.10004
2.34 0.0996551
2.35 0.0992706
2.36 0.0988861
2.37 0.0985018
2.38 0.0981174
2.39 0.0977331
2.4 0.0973487
2.41 0.0969643
2.42 0.0965797
2.43 0.0961951
2.44 0.0958103
2.45 0.0954254
2.46 0.0950402
2.47 0.0946549
2.48 0.0942693
2.49 0.0938834
2.5 0.0934973
2.51 0.0931108
2.52 0.0927241
2.53 0.0923369
2.54 0.0919494
2.55 0.0915616
2.56 0.0911733
2.57 0.0907846
2.58 0.0903955
2.59 0.0900059
2.6 0.0896159
2.61 0.0892253
2.62 0.0888343
2.63 0.0884428
2.64 0.0880508
2.65 0.0876583
2.66 0.0872652
2.67 0.0868716
2.68 0.0864775
2.69 0.0860827
2.7 0.0856875
2.71 0.0852916
2.72 0.0848952
2.73 0.0844982
2.74 0.0841007
2.75 0.0837025
2.76 0.0833038
2.77 0.0829045
2.78 0.0825046
2.79 0.0821042
2.8 0.0817031
2.81 0.0813015
2.82 0.0808993
2.83 0.0804965
2.84 0.0800932
2.85 0.0796893
2.86 0.0792849
2.87 0.0788799
2.88 0.0784743
2.89 0.0780682
2.9 0.0776616
2.91 0.0772545
2.92 0.0768469
2.93 0.0764387
2.94 0.0760301
2.95 0.075621
2.96 0.0752115
2.97 0.0748015
2.98 0.074391
2.99 0.0739802
3 0.0735689
3.01 0.0731572
3.02 0.0727451
3.03 0.0723327
3.04 0.0719199
3.05 0.0715068
3.06 0.0710934
3.07 0.0706797
3.08 0.0702657
3.09 0.0698514
3.1 0.0694369
3.11 0.0690222
3.12 0.0686073
3.13 0.0681922
3.14 0.0677769
3.15 0.0673615
3.16 0.066946
3.17 0.0665303
3.18 0.0661146
3.19 0.0656989
3.2 0.0652831
3.21 0.0648673
3.22 0.0644515
3.23 0.0640357
3.24 0.06362
3.25 0.0632044
3.26 0.0627888
3.27 0.0623735
3.28 0.0619582
3.29 0.0615432
3.3 0.0611283
3.31 0.0607137
3.32 0.0602993
3.33 0.0598852
3.34 0.0594714
3.35 0.059058
3.36 0.0586449
3.37 0.0582321
3.38 0.0578198
3.39 0.0574079
3.4 0.0569965
3.41 0.0565855
3.42 0.056175
3.43 0.0557651
3.44 0.0553557
3.45 0.054947
3.46 0.0545388
3.47 0.0541312
3.48 0.0537244
3.49 0.0533182
3.5 0.0529127
3.51 0.0525079
3.52 0.0521039
3.53 0.0517007
3.54 0.0512983
3.55 0.0508968
3.56 0.0504961
3.57 0.0500963
3.58 0.0496974
3.59 0.0492994
3.6 0.0489024
3.61 0.0485064
3.62 0.0481114
3.63 0.0477175
3.64 0.0473246
3.65 0.0469327
3.66 0.046542
3.67 0.0461524
3.68 0.045764
3.69 0.0453767
3.7 0.0449906
3.71 0.0446057
3.72 0.0442221
3.73 0.0438398
3.74 0.0434587
3.75 0.0430789
3.76 0.0427005
3.77 0.0423234
3.78 0.0419477
3.79 0.0415734
3.8 0.0412005
3.81 0.040829
3.82 0.0404589
3.83 0.0400904
3.84 0.0397233
3.85 0.0393577
3.86 0.0389937
3.87 0.0386312
3.88 0.0382702
3.89 0.0379109
3.9 0.0375531
3.91 0.037197
3.92 0.0368424
3.93 0.0364896
3.94 0.0361384
3.95 0.0357888
3.96 0.035441
3.97 0.0350949
3.98 0.0347505
3.99 0.0344078
4 0.0340669
4.01 0.0337278
4.02 0.0333904
4.03 0.0330549
4.04 0.0327211
4.05 0.0323892
4.06 0.0320591
4.07 0.0317308
4.08 0.0314044
4.09 0.0310799
4.1 0.0307572
4.11 0.0304364
4.12 0.0301176
4.13 0.0298006
4.14 0.0294856
4.15 0.0291724
4.16 0.0288612
4.17 0.028552
4.18 0.0282447
4.19 0.0279394
4.2 0.027636
4.21 0.0273346
4.22 0.0270352
4.23 0.0267378
4.24 0.0264424
4.25 0.026149
4.26 0.0258575
4.27 0.0255681
4.28 0.0252807
4.29 0.0249954
4.3 0.024712
4.31 0.0244307
4.32 0.0241514
4.33 0.0238742
4.34 0.0235989
4.35 0.0233258
4.36 0.0230547
4.37 0.0227856
4.38 0.0225185
4.39 0.0222535
4.4 0.0219906
4.41 0.0217297
4.42 0.0214709
4.43 0.0212141
4.44 0.0209594
4.45 0.0207067
4.46 0.0204561
4.47 0.0202075
4.48 0.019961
4.49 0.0197165
4.5 0.0194741
4.51 0.0192337
4.52 0.0189953
4.53 0.018759
4.54 0.0185248
4.55 0.0182925
4.56 0.0180623
4.57 0.0178341
4.58 0.017608
4.59 0.0173839
4.6 0.0171618
4.61 0.0169416
4.62 0.0167236
4.63 0.0165075
4.64 0.0162934
4.65 0.0160813
4.66 0.0158711
4.67 0.015663
4.68 0.0154568
4.69 0.0152526
4.7 0.0150504
4.71 0.0148501
4.72 0.0146518
4.73 0.0144554
4.74 0.014261
4.75 0.0140685
4.76 0.0138779
4.77 0.0136892
4.78 0.0135024
4.79 0.0133175
4.8 0.0131345
4.81 0.0129534
4.82 0.0127742
4.83 0.0125968
4.84 0.0124213
4.85 0.0122476
4.86 0.0120758
4.87 0.0119058
4.88 0.0117376
4.89 0.0115712
4.9 0.0114066
4.91 0.0112438
4.92 0.0110828
4.93 0.0109236
4.94 0.0107661
4.95 0.0106104
4.96 0.0104564
4.97 0.0103042
4.98 0.0101536
4.99 0.0100048
5 0.0098577
5.01 0.00971227
5.02 0.00956851
5.03 0.00942642
5.04 0.00928598
5.05 0.00914719
5.06 0.00901003
5.07 0.0088745
5.08 0.00874057
5.09 0.00860824
5.1 0.00847751
5.11 0.00834835
5.12 0.00822075
5.13 0.00809471
5.14 0.00797021
5.15 0.00784724
5.16 0.00772579
5.17 0.00760585
5.18 0.0074874
5.19 0.00737043
5.2 0.00725494
5.21 0.00714091
5.22 0.00702832
5.23 0.00691717
5.24 0.00680745
5.25 0.00669914
5.26 0.00659223
5.27 0.0064867
5.28 0.00638256
5.29 0.00627977
5.3 0.00617834
5.31 0.00607825
5.32 0.00597949
5.33 0.00588205
5.34 0.00578591
5.35 0.00569106
5.36 0.00559749
5.37 0.0055052
5.38 0.00541415
5.39 0.00532436
5.4 0.00523579
5.41 0.00514845
5.42 0.00506231
5.43 0.00497738
5.44 0.00489362
5.45 0.00481105
5.46 0.00472963
5.47 0.00464936
5.48 0.00457023
5.49 0.00449223
5.5 0.00441534
5.51 0.00433956
5.52 0.00426486
5.53 0.00419125
5.54 0.00411871
5.55 0.00404722
5.56 0.00397678
5.57 0.00390738
5.58 0.00383899
5.59 0.00377162
5.6 0.00370525
5.61 0.00363987
5.62 0.00357547
5.63 0.00351203
5.64 0.00344955
5.65 0.00338802
5.66 0.00332742
5.67 0.00326775
5.68 0.00320898
5.69 0.00315112
5.7 0.00309415
5.71 0.00303807
5.72 0.00298285
5.73 0.00292849
5.74 0.00287498
5.75 0.00282232
5.76 0.00277048
5.77 0.00271946
5.78 0.00266925
5.79 0.00261983
5.8 0.00257121
5.81 0.00252336
5.82 0.00247629
5.83 0.00242997
5.84 0.0023844
5.85 0.00233957
5.86 0.00229547
5.87 0.0022521
5.88 0.00220943
5.89 0.00216747
5.9 0.0021262
5.91 0.00208561
5.92 0.0020457
5.93 0.00200645
5.94 0.00196786
5.95 0.00192991
5.96 0.00189261
5.97 0.00185594
5.98 0.00181988
5.99 0.00178444
