-6 0.00353019
-5.99 0.00359433
-5.98 0.00365947
-5.97 0.00372563
-5.96 0.00379281
-5.95 0.00386103
-5.94 0.0039303
-5.93 0.00400063
-5.92 0.00407205
-5.91 0.00414454
-5.9 0.00421814
-5.89 0.00429286
-5.88 0.0043687
-5.87 0.00444569
-5.86 0.00452382
-5.85 0.00460313
-5.84 0.00468361
-5.83 0.00476529
-5.82 0.00484818
-5.81 0.00493229
-5.8 0.00501763
-5.79 0.00510421
-5.78 0.00519207
-5.77 0.00528119
-5.76 0.00537161
-5.75 0.00546332
-5.74 0.00555636
-5.73 0.00565072
-5.72 0.00574644
-5.71 0.00584351
-5.7 0.00594195
-5.69 0.00604178
-5.68 0.00614302
-5.67 0.00624567
-5.66 0.00634975
-5.65 0.00645527
-5.64 0.00656226
-5.63 0.00667072
-5.62 0.00678067
-5.61 0.00689212
-5.6 0.00700509
-5.59 0.00711959
-5.58 0.00723564
-5.57 0.00735325
-5.56 0.00747244
-5.55 0.00759322
-5.54 0.00771561
-5.53 0.00783962
-5.52 0.00796526
-5.51 0.00809256
-5.5 0.00822152
-5.49 0.00835217
-5.48 0.00848451
-5.47 0.00861855
-5.46 0.00875433
-5.45 0.00889185
-5.44 0.00903112
-5.43 0.00917216
-5.42 0.00931499
-5.41 0.00945961
-5.4 0.00960606
-5.39 0.00975433
-5.38 0.00990445
-5.37 0.0100564
-5.36 0.0102103
-5.35 0.010366
-5.34 0.0105237
-5.33 0.0106832
-5.32 0.0108447
-5.31 0.0110082
-5.3 0.0111736
-5.29 0.011341
-5.28 0.0115103
-5.27 0.0116817
-5.26 0.0118551
-5.25 0.0120306
-5.24 0.0122081
-5.23 0.0123876
-5.22 0.0125692
-5.21 0.012753
-5.2 0.0129388
-5.19 0.0131268
-5.18 0.0133168
-5.17 0.0135091
-5.16 0.0137035
-5.15 0.0139
-5.14 0.0140988
-5.13 0.0142997
-5.12 0.0145029
-5.11 0.0147083
-5.1 0.0149159
-5.09 0.0151258
-5.08 0.015338
-5.07 0.0155524
-5.06 0.0157692
-5.05 0.0159882
-5.04 0.0162095
-5.03 0.0164332
-5.02 0.0166592
-5.01 0.0168876
-5 0.0171184
-4.99 0.0173515
-4.98 0.017587
-4.97 0.0178249
-4.96 0.0180652
-4.95 0.0183079
-4.94 0.0185531
-4.93 0.0188007
-4.92 0.0190507
-4.91 0.0193032
-4.9 0.0195582
-4.89 0.0198157
-4.88 0.0200756
-4.87 0.0203381
-4.86 0.020603
-4.85 0.0208705
-4.84 0.0211405
-4.83 0.0214131
-4.82 0.0216882
-4.81 0.0219658
-4.8 0.022246
-4.79 0.0225287
-4.78 0.0228141
-4.77 0.023102
-4.76 0.0233925
-4.75 0.0236856
-4.74 0.0239813
-4.73 0.0242796
-4.72 0.0245805
-4.71 0.024884
-4.7 0.0251901
-4.69 0.0254989
-4.68 0.0258103
-4.67 0.0261243
-4.66 0.026441
-4.65 0.0267603
-4.64 0.0270823
-4.63 0.0274069
-4.62 0.0277341
-4.61 0.028064
-4.6 0.0283966
-4.59 0.0287318
-4.58 0.0290697
-4.57 0.0294102
-4.56 0.0297534
-4.55 0.0300992
-4.54 0.0304477
-4.53 0.0307989
-4.52 0.0311527
-4.51 0.0315092
-4.5 0.0318683
-4.49 0.0322301
-4.48 0.0325945
-4.47 0.0329616
-4.46 0.0333313
-4.45 0.0337037
-4.44 0.0340787
-4.43 0.0344563
-4.42 0.0348366
-4.41 0.0352195
-4.4 0.035605
-4.39 0.0359931
-4.38 0.0363838
-4.37 0.0367771
-4.36 0.037173
-4.35 0.0375715
-4.34 0.0379726
-4.33 0.0383762
-4.32 0.0387824
-4.31 0.0391911
-4.3 0.0396024
-4.29 0.0400162
-4.28 0.0404325
-4.27 0.0408513
-4.26 0.0412727
-4.25 0.0416965
-4.24 0.0421227
-4.23 0.0425515
-4.22 0.0429827
-4.21 0.0434163
-4.2 0.0438523
-4.19 0.0442907
-4.18 0.0447316
-4.17 0.0451747
-4.16 0.0456203
-4.15 0.0460682
-4.14 0.0465184
-4.13 0.0469709
-4.12 0.0474257
-4.11 0.0478828
-4.1 0.0483421
-4.09 0.0488036
-4.08 0.0492674
-4.07 0.0497333
-4.06 0.0502014
-4.05 0.0506717
-4.04 0.0511441
-4.03 0.0516186
-4.02 0.0520952
-4.01 0.0525738
-4 0.0530545
-3.99 0.0535371
-3.98 0.0540218
-3.97 0.0545084
-3.96 0.054997
-3.95 0.0554874
-3.94 0.0559798
-3.93 0.056474
-3.92 0.05697
-3.91 0.0574678
-3.9 0.0579674
-3.89 0.0584688
-3.88 0.0589718
-3.87 0.0594766
-3.86 0.059983
-3.85 0.060491
-3.84 0.0610006
-3.83 0.0615117
-3.82 0.0620244
-3.81 0.0625386
-3.8 0.0630542
-3.79 0.0635713
-3.78 0.0640898
-3.77 0.0646096
-3.76 0.0651308
-3.75 0.0656532
-3.74 0.0661769
-3.73 0.0667018
-3.72 0.0672279
-3.71 0.0677551
-3.7 0.0682835
-3.69 0.0688129
-3.68 0.0693433
-3.67 0.0698748
-3.66 0.0704071
-3.65 0.0709404
-3.64 0.0714746
-3.63 0.0720096
-3.62 0.0725454
-3.61 0.073082
-3.6 0.0736192
-3.59 0.0741572
-3.58 0.0746957
-3.57 0.0752349
-3.56 0.0757746
-3.55 0.0763147
-3.54 0.0768554
-3.53 0.0773964
-3.52 0.0779379
-3.51 0.0784796
-3.5 0.0790216
-3.49 0.0795639
-3.48 0.0801063
-3.47 0.0806489
-3.46 0.0811916
-3.45 0.0817343
-3.44 0.082277
-3.43 0.0828197
-3.42 0.0833623
-3.41 0.0839047
-3.4 0.084447
-3.39 0.084989
-3.38 0.0855308
-3.37 0.0860722
-3.36 0.0866133
-3.35 0.0871539
-3.34 0.087694
-3.33 0.0882336
-3.32 0.0887727
-3.31 0.0893111
-3.3 0.0898489
-3.29 0.0903859
-3.28 0.0909221
-3.27 0.0914576
-3.26 0.0919921
-3.25 0.0925258
-3.24 0.0930584
-3.23 0.09359
-3.22 0.0941206
-3.21 0.09465
-3.2 0.0951783
-3.19 0.0957053
-3.18 0.0962311
-3.17 0.0967555
-3.16 0.0972786
-3.15 0.0978002
-3.14 0.0983203
-3.13 0.0988389
-3.12 0.099356
-3.11 0.0998714
-3.1 0.100385
-3.09 0.100897
-3.08 0.101407
-3.07 0.101916
-3.06 0.102422
-3.05 0.102927
-3.04 0.103429
-3.03 0.10393
-3.02 0.104428
-3.01 0.104924
-3 0.105418
-2.99 0.10591
-2.98 0.1064
-2.97 0.106887
-2.96 0.107372
-2.95 0.107854
-2.94 0.108334
-2.93 0.108812
-2.92 0.109286
-2.91 0.109758
-2.9 0.110228
-2.89 0.110695
-2.88 0.111159
-2.87 0.11162
-2.86 0.112078
-2.85 0.112534
-2.84 0.112986
-2.83 0.113435
-2.82 0.113882
-2.81 0.114325
-2.8 0.114765
-2.79 0.115202
-2.78 0.115636
-2.77 0.116066
-2.76 0.116493
-2.75 0.116917
-2.74 0.117337
-2.73 0.117754
-2.72 0.118168
-2.71 0.118578
-2.7 0.118984
-2.69 0.119387
-2.68 0.119786
-2.67 0.120181
-2.66 0.120573
-2.65 0.120961
-2.64 0.121345
-2.63 0.121725
-2.62 0.122101
-2.61 0.122474
-2.6 0.122842
-2.59 0.123207
-2.58 0.123567
-2.57 0.123923
-2.56 0.124276
-2.55 0.124624
-2.54 0.124968
-2.53 0.125308
-2.52 0.125643
-2.51 0.125975
-2.5 0.126302
-2.49 0.126625
-2.48 0.126943
-2.47 0.127257
-2.46 0.127567
-2.45 0.127872
-2.44 0.128173
-2.43 0.12847
-2.42 0.128762
-2.41 0.129049
-2.4 0.129332
-2.39 0.12961
-2.38 0.129884
-2.37 0.130153
-2.36 0.130418
-2.35 0.130678
-2.34 0.130933
-2.33 0.131184
-2.32 0.131429
-2.31 0.131671
-2.3 0.131907
-2.29 0.132139
-2.28 0.132366
-2.27 0.132588
-2.26 0.132806
-2.25 0.133018
-2.24 0.133226
-2.23 0.133429
-2.22 0.133627
-2.21 0.133821
-2.2 0.134009
-2.19 0.134193
-2.18 0.134372
-2.17 0.134546
-2.16 0.134716
-2.15 0.13488
-2.14 0.13504
-2.13 0.135194
-2.12 0.135344
-2.11 0.135489
-2.1 0.135629
-2.09 0.135765
-2.08 0.135895
-2.07 0.136021
-2.06 0.136142
-2.05 0.136258
-2.04 0.136369
-2.03 0.136475
-2.02 0.136577
-2.01 0.136673
-2 0.136765
-1.99 0.136852
-1.98 0.136935
-1.97 0.137012
-1.96 0.137085
-1.95 0.137154
-1.94 0.137217
-1.93 0.137276
-1.92 0.13733
-1.91 0.13738
-1.9 0.137424
-1.89 0.137465
-1.88 0.1375
-1.87 0.137531
-1.86 0.137558
-1.85 0.13758
-1.84 0.137597
-1.83 0.13761
-1.82 0.137619
-1.81 0.137623
-1.8 0.137622
-1.79 0.137618
-1.78 0.137609
-1.77 0.137595
-1.76 0.137578
-1.75 0.137556
-1.74 0.13753
-1.73 0.137499
-1.72 0.137465
-1.71 0.137426
-1.7 0.137383
-1.69 0.137337
-1.68 0.137286
-1.67 0.137231
-1.66 0.137172
-1.65 0.13711
-1.64 0.137043
-1.63 0.136973
-1.62 0.136899
-1.61 0.136821
-1.6 0.136739
-1.59 0.136654
-1.58 0.136565
-1.57 0.136473
-1.56 0.136377
-1.55 0.136278
-1.54 0.136175
-1.53 0.136068
-1.52 0.135959
-1.51 0.135846
-1.5 0.13573
-1.49 0.13561
-1.48 0.135488
-1.47 0.135362
-1.46 0.135233
-1.45 0.135102
-1.44 0.134967
-1.43 0.134829
-1.42 0.134689
-1.41 0.134546
-1.4 0.1344
-1.39 0.134251
-1.38 0.1341
-1.37 0.133946
-1.36 0.13379
-1.35 0.133631
-1.34 0.133469
-1.33 0.133306
-1.32 0.13314
-1.31 0.132972
-1.3 0.132801
-1.29 0.132629
-1.28 0.132454
-1.27 0.132278
-1.26 0.132099
-1.25 0.131919
-1.24 0.131736
-1.23 0.131552
-1.22 0.131366
-1.21 0.131179
-1.2 0.13099
-1.19 0.130799
-1.18 0.130607
-1.17 0.130413
-1.16 0.130218
-1.15 0.130022
-1.14 0.129825
-1.13 0.129626
-1.12 0.129426
-1.11 0.129226
-1.1 0.129024
-1.09 0.128821
-1.08 0.128617
-1.07 0.128413
-1.06 0.128208
-1.05 0.128002
-1.04 0.127795
-1.03 0.127588
-1.02 0.127381
-1.01 0.127173
-1 0.126964
-0.99 0.126756
-0.98 0.126547
-0.97 0.126338
-0.96 0.126128
-0.95 0.125919
-0.94 0.125709
-0.93 0.1255
-0.92 0.125291
-0.91 0.125082
-0.9 0.124873
-0.89 0.124664
-0.88 0.124456
-0.87 0.124248
-0.86 0.124041
-0.85 0.123834
-0.84 0.123627
-0.83 0.123422
-0.82 0.123217
-0.81 0.123012
-0.8 0.122809
-0.79 0.122606
-0.78 0.122405
-0.77 0.122204
-0.76 0.122004
-0.75 0.121806
-0.74 0.121608
-0.73 0.121412
-0.72 0.121217
-0.71 0.121024
-0.7 0.120831
-0.69 0.120641
-0.68 0.120451
-0.67 0.120263
-0.66 0.120077
-0.65 0.119892
-0.64 0.119709
-0.63 0.119528
-0.62 0.119348
-0.61 0.119171
-0.6 0.118995
-0.59 0.118821
-0.58 0.118649
-0.57 0.118479
-0.56 0.118311
-0.55 0.118145
-0.54 0.117981
-0.53 0.11782
-0.52 0.117661
-0.51 0.117504
-0.5 0.117349
-0.49 0.117197
-0.48 0.117047
-0.47 0.116899
-0.46 0.116754
-0.45 0.116612
-0.44 0.116472
-0.43 0.116335
-0.42 0.1162
-0.41 0.116068
-0.4 0.115939
-0.39 0.115812
-0.38 0.115688
-0.37 0.115567
-0.36 0.115449
-0.35 0.115334
-0.34 0.115221
-0.33 0.115112
-0.32 0.115005
-0.31 0.114901
-0.3 0.114801
-0.29 0.114703
-0.28 0.114609
-0.27 0.114518
-0.26 0.114429
-0.25 0.114344
-0.24 0.114262
-0.23 0.114183
-0.22 0.114108
-0.21 0.114035
-0.2 0.113966
-0.19 0.1139
-0.18 0.113838
-0.17 0.113778
-0.16 0.113722
-0.15 0.11367
-0.14 0.11362
-0.13 0.113574
-0.12 0.113532
-0.11 0.113492
-0.1 0.113457
-0.09 0.113424
-0.08 0.113395
-0.07 0.113369
-0.06 0.113347
-0.05 0.113328
-0.04 0.113313
-0.03 0.113301
-0.02 0.113292
-0.01 0.113287
0 0.113285
0.01 0.113287
0.02 0.113292
0.03 0.113301
0.04 0.113313
0.05 0.113328
0.06 0.113347
0.07 0.113369
0.08 0.113395
0.09 0.113424
0.1 0.113457
0.11 0.113492
0.12 0.113532
0.13 0.113574
0.14 0.11362
0.15 0.11367
0.16 0.113722
0.17 0.113778
0.18 0.113838
0.19 0.1139
0.2 0.113966
0.21 0.114035
0.22 0.114108
0.23 0.114183
0.24 0.114262
0.25 0.114344
0.26 0.114429
0.27 0.114518
0.28 0.114609
0.29 0.114703
0.3 0.114801
0.31 0.114901
0.32 0.115005
0.33 0.115112
0.34 0.115221
0.35 0.115334
0.36 0.115449
0.37 0.115567
0.38 0.115688
0.39 0.115812
0.4 0.115939
0.41 0.116068
0.42 0.1162
0.43 0.116335
0.44 0.116472
0.45 0.116612
0.46 0.116754
0.47 0.116899
0.48 0.117047
0.49 0.117197
0.5 0.117349
0.51 0.117504
0.52 0.117661
0.53 0.11782
0.54 0.117981
0.55 0.118145
0.56 0.118311
0.57 0.118479
0.58 0.118649
0.59 0.118821
0.6 0.118995
0.61 0.119171
0.62 0.119348
0.63 0.119528
0.64 0.119709
0.65 0.119892
0.66 0.120077
0.67 0.120263
0.68 0.120451
0.69 0.120641
0.7 0.120831
0.71 0.121024
0.72 0.121217
0.73 0.121412
0.74 0.121608
0.75 0.121806
0.76 0.122004
0.77 0.122204
0.78 0.122405
0.79 0.122606
0.8 0.122809
0.81 0.123012
0.82 0.123217
0.83 0.123422
0.84 0.123627
0.85 0.123834
0.86 0.124041
0.87 0.124248
0.88 0.124456
0.89 0.124664
0.9 0.124873
0.91 0.125082
0.92 0.125291
0.93 0.1255
0.94 0.125709
0.95 0.125919
0.96 0.126128
0.97 0.126338
0.98 0.126547
0.99 0.126756
1 0.126964
1.01 0.127173
1.02 0.127381
1.03 0.127588
1.04 0.127795
1.05 0.128002
1.06 0.128208
1.07 0.128413
1.08 0.128617
1.09 0.128821
1.1 0.129024
1.11 0.129226
1.12 0.129426
1.13 0.129626
1.14 0.129825
1.15 0.130022
1.16 0.130218
1.17 0.130413
1.18 0.130607
1.19 0.130799
1.2 0.13099
1.21 0.131179
1.22 0.131366
1.23 0.131552
1.24 0.131736
1.25 0.131919
1.26 0.132099
1.27 0.132278
1.28 0.132454
1.29 0.132629
1.3 0.132801
1.31 0.132972
1.32 0.13314
1.33 0.133306
1.34 0.133469
1.35 0.133631
1.36 0.13379
1.37 0.133946
1.38 0.1341
1.39 0.134251
1.4 0.1344
1.41 0.134546
1.42 0.134689
1.43 0.134829
1.44 0.134967
1.45 0.135102
1.46 0.135233
1.47 0.135362
1.48 0.135488
1.49 0.13561
1.5 0.13573
1.51 0.135846
1.52 0.135959
1.53 0.136068
1.54 0.136175
1.55 0.136278
1.56 0.136377
1.57 0.136473
1.58 0.136565
1.59 0.136654
1.6 0.136739
1.61 0.136821
1.62 0.136899
1.63 0.136973
1.64 0.137043
1.65 0.13711
1.66 0.137172
1.67 0.137231
1.68 0.137286
1.69 0.137337
1.7 0.137383
1.71 0.137426
1.72 0.137465
1.73 0.137499
1.74 0.13753
1.75 0.137556
1.76 0.137578
1.77 0.137595
1.78 0.137609
1.79 0.137618
1.8 0.137622
1.81 0.137623
1.82 0.137619
1.83 0.13761
1.84 0.137597
1.85 0.13758
1.86 0.137558
1.87 0.137531
1.88 0.1375
1.89 0.137465
1.9 0.137424
1.91 0.13738
1.92 0.13733
1.93 0.137276
1.94 0.137217
1.95 0.137154
1.96 0.137085
1.97 0.137012
1.98 0.136935
1.99 0.136852
2 0.136765
2.01 0.136673
2.02 0.136577
2.03 0.136475
2.04 0.136369
2.05 0.136258
2.06 0.136142
2.07 0.136021
2.08 0.135895
2.09 0.135765
2.1 0.135629
2.11 0.135489
2.12 0.135344
2.13 0.135194
2.14 0.13504
2.15 0.13488
2.16 0.134716
2.17 0.134546
2.18 0.134372
2.19 0.134193
2.2 0.134009
2.21 0.133821
2.22 0.133627
2.23 0.133429
2.24 0.133226
2.25 0.133018
2.26 0.132806
2.27 0.132588
2.28 0.132366
2.29 0.132139
2.3 0.131907
2.31 0.131671
2.32 0.131429
2.33 0.131184
2.34 0.130933
2.35 0.130678
2.36 0.130418
2.37 0.130153
2.38 0.129884
2.39 0.12961
2.4 0.129332
2.41 0.129049
2.42 0.128762
2.43 0.12847
2.44 0.128173
2.45 0.127872
2.46 0.127567
2.47 0.127257
2.48 0.126943
2.49 0.126625
2.5 0.126302
2.51 0.125975
2.52 0.125643
2.53 0.125308
2.54 0.124968
2.55 0.124624
2.56 0.124276
2.57 0.123923
2.58 0.123567
2.59 0.123207
2.6 0.122842
2.61 0.122474
2.62 0.122101
2.63 0.121725
2.64 0.121345
2.65 0.120961
2.66 0.120573
2.67 0.120181
2.68 0.119786
2.69 0.119387
2.7 0.118984
2.71 0.118578
2.72 0.118168
2.73 0.117754
2.74 0.117337
2.75 0.116917
2.76 0.116493
2.77 0.116066
2.78 0.115636
2.79 0.115202
2.8 0.114765
2.81 0.114325
2.82 0.113882
2.83 0.113435
2.84 0.112986
2.85 0.112534
2.86 0.112078
2.87 0.11162
2.88 0.111159
2.89 0.110695
2.9 0.110228
2.91 0.109758
2.92 0.109286
2.93 0.108812
2.94 0.108334
2.95 0.107854
2.96 0.107372
2.97 0.106887
2.98 0.1064
2.99 0.10591
3 0.105418
3.01 0.104924
3.02 0.104428
3.03 0.10393
3.04 0.103429
3.05 0.102927
3.06 0.102422
3.07 0.101916
3.08 0.101407
3.09 0.100897
3.1 0.100385
3.11 0.0998714
3.12 0.099356
3.13 0.0988389
3.14 0.0983203
3.15 0.0978002
3.16 0.0972786
3.17 0.0967555
3.18 0.0962311
3.19 0.0957053
3.2 0.0951783
3.21 0.09465
3.22 0.0941206
3.23 0.09359
3.24 0.0930584
3.25 0.0925258
3.26 0.0919921
3.27 0.0914576
3.28 0.0909221
3.29 0.0903859
3.3 0.0898489
3.31 0.0893111
3.32 0.0887727
3.33 0.0882336
3.34 0.087694
3.35 0.0871539
3.36 0.0866133
3.37 0.0860722
3.38 0.0855308
3.39 0.084989
3.4 0.084447
3.41 0.0839047
3.42 0.0833623
3.43 0.0828197
3.44 0.082277
3.45 0.0817343
3.46 0.0811916
3.47 0.0806489
3.48 0.0801063
3.49 0.0795639
3.5 0.0790216
3.51 0.0784796
3.52 0.0779379
3.53 0.0773964
3.54 0.0768554
3.55 0.0763147
3.56 0.0757746
3.57 0.0752349
3.58 0.0746957
3.59 0.0741572
3.6 0.0736192
3.61 0.073082
3.62 0.0725454
3.63 0.0720096
3.64 0.0714746
3.65 0.0709404
3.66 0.0704071
3.67 0.0698748
3.68 0.0693433
3.69 0.0688129
3.7 0.0682835
3.71 0.0677551
3.72 0.0672279
3.73 0.0667018
3.74 0.0661769
3.75 0.0656532
3.76 0.0651308
3.77 0.0646096
3.78 0.0640898
3.79 0.0635713
3.8 0.0630542
3.81 0.0625386
3.82 0.0620244
3.83 0.0615117
3.84 0.0610006
3.85 0.060491
3.86 0.059983
3.87 0.0594766
3.88 0.0589718
3.89 0.0584688
3.9 0.0579674
3.91 0.0574678
3.92 0.05697
3.93 0.056474
3.94 0.0559798
3.95 0.0554874
3.96 0.054997
3.97 0.0545084
3.98 0.0540218
3.99 0.0535371
4 0.0530545
4.01 0.0525738
4.02 0.0520952
4.03 0.0516186
4.04 0.0511441
4.05 0.0506717
4.06 0.0502014
4.07 0.0497333
4.08 0.0492674
4.09 0.0488036
4.1 0.0483421
4.11 0.0478828
4.12 0.0474257
4.13 0.0469709
4.14 0.0465184
4.15 0.0460682
4.16 0.0456203
4.17 0.0451747
4.18 0.0447316
4.19 0.0442907
4.2 0.0438523
4.21 0.0434163
4.22 0.0429827
4.23 0.0425515
4.24 0.0421227
4.25 0.0416965
4.26 0.0412727
4.27 0.0408513
4.28 0.0404325
4.29 0.0400162
4.3 0.0396024
4.31 0.0391911
4.32 0.0387824
4.33 0.0383762
4.34 0.0379726
4.35 0.0375715
4.36 0.037173
4.37 0.0367771
4.38 0.0363838
4.39 0.0359931
4.4 0.035605
4.41 0.0352195
4.42 0.0348366
4.43 0.0344563
4.44 0.0340787
4.45 0.0337037
4.46 0.0333313
4.47 0.0329616
4.48 0.0325945
4.49 0.0322301
4.5 0.0318683
4.51 0.0315092
4.52 0.0311527
4.53 0.0307989
4.54 0.0304477
4.55 0.0300992
4.56 0.0297534
4.57 0.0294102
4.58 0.0290697
4.59 0.0287318
4.6 0.0283966
4.61 0.028064
4.62 0.0277341
4.63 0.0274069
4.64 0.0270823
4.65 0.0267603
4.66 0.026441
4.67 0.0261243
4.68 0.0258103
4.69 0.0254989
4.7 0.0251901
4.71 0.024884
4.72 0.0245805
4.73 0.0242796
4.74 0.0239813
4.75 0.0236856
4.76 0.0233925
4.77 0.023102
4.78 0.0228141
4.79 0.0225287
4.8 0.022246
4.81 0.0219658
4.82 0.0216882
4.83 0.0214131
4.84 0.0211405
4.85 0.0208705
4.86 0.020603
4.87 0.0203381
4.88 0.0200756
4.89 0.0198157
4.9 0.0195582
4.91 0.0193032
4.92 0.0190507
4.93 0.0188007
4.94 0.0185531
4.95 0.0183079
4.96 0.0180652
4.97 0.0178249
4.98 0.017587
4.99 0.0173515
5 0.0171184
5.01 0.0168876
5.02 0.0166592
5.03 0.0164332
5.04 0.0162095
5.05 0.0159882
5.06 0.0157692
5.07 0.0155524
5.08 0.015338
5.09 0.0151258
5.1 0.0149159
5.11 0.0147083
5.12 0.0145029
5.13 0.0142997
5.14 0.0140988
5.15 0.0139
5.16 0.0137035
5.17 0.0135091
5.18 0.0133168
5.19 0.0131268
5.2 0.0129388
5.21 0.012753
5.22 0.0125692
5.23 0.0123876
5.24 0.0122081
5.25 0.0120306
5.26 0.0118551
5.27 0.0116817
5.28 0.0115103
5.29 0.011341
5.3 0.0111736
5.31 0.0110082
5.32 0.0108447
5.33 0.0106832
5.34 0.0105237
5.35 0.010366
5.36 0.0102103
5.37 0.0100564
5.38 0.00990445
5.39 0.00975433
5.4 0.00960606
5.41 0.00945961
5.42 0.00931499
5.43 0.00917216
5.44 0.00903112
5.45 0.00889185
5.46 0.00875433
5.47 0.00861855
5.48 0.00848451
5.49 0.00835217
5.5 0.00822152
5.51 0.00809256
5.52 0.00796526
5.53 0.00783962
5.54 0.00771561
5.55 0.00759322
5.56 0.00747244
5.57 0.00735325
5.58 0.00723564
5.59 0.00711959
5.6 0.00700509
5.61 0.00689212
5.62 0.00678067
5.63 0.00667072
5.64 0.00656226
5.65 0.00645527
5.66 0.00634975
5.67 0.00624567
5.68 0.00614302
5.69 0.00604178
5.7 0.00594195
5.71 0.00584351
5.72 0.00574644
5.73 0.00565072
5.74 0.00555636
5.75 0.00546332
5.76 0.00537161
5.77 0.00528119
5.78 0.00519207
5.79 0.00510421
5.8 0.00501763
5.81 0.00493229
5.82 0.00484818
5.83 0.00476529
5.84 0.00468361
5.85 0.00460313
5.86 0.00452382
5.87 0.00444569
5.88 0.0043687
5.89 0.00429286
5.9 0.00421814
5.91 0.00414454
5.92 0.00407205
5.93 0.00400063
5.94 0.0039303
5.95 0.00386103
5.96 0.00379281
5.97 0.00372563
5.98 0.00365947
5.99 0.00359433
