-6 0.0017285
-5.99 0.00176633
-5.98 0.00180488
-5.97 0.00184418
-5.96 0.00188424
-5.95 0.00192506
-5.94 0.00196666
-5.93 0.00200906
-5.92 0.00205226
-5.91 0.00209627
-5.9 0.00214112
-5.89 0.00218681
-5.88 0.00223336
-5.87 0.00228077
-5.86 0.00232907
-5.85 0.00237826
-5.84 0.00242837
-5.83 0.0024794
-5.82 0.00253136
-5.81 0.00258428
-5.8 0.00263816
-5.79 0.00269302
-5.78 0.00274888
-5.77 0.00280575
-5.76 0.00286364
-5.75 0.00292257
-5.74 0.00298255
-5.73 0.00304361
-5.72 0.00310574
-5.71 0.00316898
-5.7 0.00323334
-5.69 0.00329882
-5.68 0.00336545
-5.67 0.00343325
-5.66 0.00350222
-5.65 0.00357239
-5.64 0.00364377
-5.63 0.00371638
-5.62 0.00379024
-5.61 0.00386536
-5.6 0.00394175
-5.59 0.00401945
-5.58 0.00409845
-5.57 0.00417879
-5.56 0.00426047
-5.55 0.00434353
-5.54 0.00442796
-5.53 0.00451379
-5.52 0.00460105
-5.51 0.00468974
-5.5 0.00477989
-5.49 0.00487151
-5.48 0.00496462
-5.47 0.00505924
-5.46 0.00515539
-5.45 0.00525309
-5.44 0.00535236
-5.43 0.00545321
-5.42 0.00555567
-5.41 0.00565975
-5.4 0.00576547
-5.39 0.00587286
-5.38 0.00598193
-5.37 0.0060927
-5.36 0.00620519
-5.35 0.00631942
-5.34 0.00643541
-5.33 0.00655318
-5.32 0.00667276
-5.31 0.00679415
-5.3 0.00691738
-5.29 0.00704248
-5.28 0.00716945
-5.27 0.00729833
-5.26 0.00742913
-5.25 0.00756186
-5.24 0.00769657
-5.23 0.00783325
-5.22 0.00797194
-5.21 0.00811265
-5.2 0.0082554
-5.19 0.00840022
-5.18 0.00854713
-5.17 0.00869614
-5.16 0.00884728
-5.15 0.00900057
-5.14 0.00915603
-5.13 0.00931368
-5.12 0.00947353
-5.11 0.00963562
-5.1 0.00979996
-5.09 0.00996657
-5.08 0.0101355
-5.07 0.0103067
-5.06 0.0104803
-5.05 0.0106562
-5.04 0.0108345
-5.03 0.0110151
-5.02 0.0111982
-5.01 0.0113838
-5 0.0115718
-4.99 0.0117623
-4.98 0.0119552
-4.97 0.0121507
-4.96 0.0123488
-4.95 0.0125494
-4.94 0.0127525
-4.93 0.0129583
-4.92 0.0131667
-4.91 0.0133778
-4.9 0.0135915
-4.89 0.0138078
-4.88 0.0140269
-4.87 0.0142487
-4.86 0.0144732
-4.85 0.0147005
-4.84 0.0149306
-4.83 0.0151634
-4.82 0.0153991
-4.81 0.0156376
-4.8 0.015879
-4.79 0.0161232
-4.78 0.0163703
-4.77 0.0166203
-4.76 0.0168732
-4.75 0.0171291
-4.74 0.0173879
-4.73 0.0176497
-4.72 0.0179145
-4.71 0.0181822
-4.7 0.018453
-4.69 0.0187269
-4.68 0.0190038
-4.67 0.0192838
-4.66 0.0195668
-4.65 0.019853
-4.64 0.0201422
-4.63 0.0204346
-4.62 0.0207301
-4.61 0.0210288
-4.6 0.0213307
-4.59 0.0216357
-4.58 0.021944
-4.57 0.0222554
-4.56 0.0225701
-4.55 0.022888
-4.54 0.0232091
-4.53 0.0235335
-4.52 0.0238612
-4.51 0.0241921
-4.5 0.0245264
-4.49 0.0248639
-4.48 0.0252047
-4.47 0.0255488
-4.46 0.0258963
-4.45 0.0262471
-4.44 0.0266012
-4.43 0.0269587
-4.42 0.0273195
-4.41 0.0276837
-4.4 0.0280513
-4.39 0.0284222
-4.38 0.0287965
-4.37 0.0291742
-4.36 0.0295552
-4.35 0.0299397
-4.34 0.0303275
-4.33 0.0307187
-4.32 0.0311133
-4.31 0.0315114
-4.3 0.0319128
-4.29 0.0323176
-4.28 0.0327258
-4.27 0.0331374
-4.26 0.0335524
-4.25 0.0339707
-4.24 0.0343925
-4.23 0.0348177
-4.22 0.0352462
-4.21 0.0356782
-4.2 0.0361135
-4.19 0.0365521
-4.18 0.0369942
-4.17 0.0374396
-4.16 0.0378883
-4.15 0.0383404
-4.14 0.0387958
-4.13 0.0392546
-4.12 0.0397166
-4.11 0.040182
-4.1 0.0406507
-4.09 0.0411226
-4.08 0.0415978
-4.07 0.0420763
-4.06 0.042558
-4.05 0.043043
-4.04 0.0435312
-4.03 0.0440225
-4.02 0.0445171
-4.01 0.0450148
-4 0.0455157
-3.99 0.0460197
-3.98 0.0465268
-3.97 0.047037
-3.96 0.0475503
-3.95 0.0480667
-3.94 0.048586
-3.93 0.0491084
-3.92 0.0496338
-3.91 0.0501621
-3.9 0.0506934
-3.89 0.0512275
-3.88 0.0517646
-3.87 0.0523045
-3.86 0.0528472
-3.85 0.0533928
-3.84 0.0539411
-3.83 0.0544922
-3.82 0.055046
-3.81 0.0556024
-3.8 0.0561616
-3.79 0.0567233
-3.78 0.0572876
-3.77 0.0578545
-3.76 0.0584239
-3.75 0.0589957
-3.74 0.0595701
-3.73 0.0601468
-3.72 0.0607259
-3.71 0.0613073
-3.7 0.061891
-3.69 0.062477
-3.68 0.0630652
-3.67 0.0636555
-3.66 0.064248
-3.65 0.0648426
-3.64 0.0654392
-3.63 0.0660378
-3.62 0.0666384
-3.61 0.0672409
-3.6 0.0678452
-3.59 0.0684514
-3.58 0.0690593
-3.57 0.0696689
-3.56 0.0702802
-3.55 0.0708932
-3.54 0.0715077
-3.53 0.0721237
-3.52 0.0727412
-3.51 0.0733601
-3.5 0.0739804
-3.49 0.074602
-3.48 0.0752249
-3.47 0.0758489
-3.46 0.0764741
-3.45 0.0771004
-3.44 0.0777278
-3.43 0.0783561
-3.42 0.0789853
-3.41 0.0796154
-3.4 0.0802463
-3.39 0.0808779
-3.38 0.0815102
-3.37 0.0821432
-3.36 0.0827767
-3.35 0.0834107
-3.34 0.0840451
-3.33 0.08468
-3.32 0.0853151
-3.31 0.0859505
-3.3 0.0865861
-3.29 0.0872218
-3.28 0.0878575
-3.27 0.0884933
-3.26 0.089129
-3.25 0.0897645
-3.24 0.0903998
-3.23 0.0910349
-3.22 0.0916696
-3.21 0.0923039
-3.2 0.0929378
-3.19 0.0935711
-3.18 0.0942038
-3.17 0.0948358
-3.16 0.095467
-3.15 0.0960975
-3.14 0.096727
-3.13 0.0973556
-3.12 0.0979832
-3.11 0.0986097
-3.1 0.099235
-3.09 0.099859
-3.08 0.100482
-3.07 0.101103
-3.06 0.101723
-3.05 0.102341
-3.04 0.102958
-3.03 0.103573
-3.02 0.104187
-3.01 0.104798
-3 0.105408
-2.99 0.106016
-2.98 0.106622
-2.97 0.107225
-2.96 0.107827
-2.95 0.108426
-2.94 0.109023
-2.93 0.109618
-2.92 0.11021
-2.91 0.110799
-2.9 0.111386
-2.89 0.111971
-2.88 0.112552
-2.87 0.113131
-2.86 0.113707
-2.85 0.11428
-2.84 0.11485
-2.83 0.115417
-2.82 0.11598
-2.81 0.116541
-2.8 0.117098
-2.79 0.117652
-2.78 0.118202
-2.77 0.118749
-2.76 0.119292
-2.75 0.119832
-2.74 0.120368
-2.73 0.1209
-2.72 0.121429
-2.71 0.121953
-2.7 0.122474
-2.69 0.12299
-2.68 0.123503
-2.67 0.124011
-2.66 0.124515
-2.65 0.125015
-2.64 0.12551
-2.63 0.126001
-2.62 0.126488
-2.61 0.12697
-2.6 0.127447
-2.59 0.12792
-2.58 0.128388
-2.57 0.128852
-2.56 0.12931
-2.55 0.129764
-2.54 0.130213
-2.53 0.130657
-2.52 0.131096
-2.51 0.131529
-2.5 0.131958
-2.49 0.132381
-2.48 0.1328
-2.47 0.133213
-2.46 0.13362
-2.45 0.134022
-2.44 0.134419
-2.43 0.134811
-2.42 0.135196
-2.41 0.135577
-2.4 0.135951
-2.39 0.13632
-2.38 0.136684
-2.37 0.137042
-2.36 0.137393
-2.35 0.13774
-2.34 0.13808
-2.33 0.138414
-2.32 0.138743
-2.31 0.139066
-2.3 0.139382
-2.29 0.139693
-2.28 0.139997
-2.27 0.140296
-2.26 0.140589
-2.25 0.140875
-2.24 0.141155
-2.23 0.141429
-2.22 0.141697
-2.21 0.141959
-2.2 0.142215
-2.19 0.142464
-2.18 0.142707
-2.17 0.142944
-2.16 0.143174
-2.15 0.143398
-2.14 0.143616
-2.13 0.143828
-2.12 0.144033
-2.11 0.144232
-2.1 0.144424
-2.09 0.14461
-2.08 0.14479
-2.07 0.144963
-2.06 0.14513
-2.05 0.145291
-2.04 0.145445
-2.03 0.145593
-2.02 0.145734
-2.01 0.145869
-2 0.145998
-1.99 0.14612
-1.98 0.146236
-1.97 0.146346
-1.96 0.146449
-1.95 0.146546
-1.94 0.146637
-1.93 0.146721
-1.92 0.146799
-1.91 0.146871
-1.9 0.146937
-1.89 0.146996
-1.88 0.147049
-1.87 0.147096
-1.86 0.147137
-1.85 0.147171
-1.84 0.1472
-1.83 0.147222
-1.82 0.147238
-1.81 0.147249
-1.8 0.147253
-1.79 0.147251
-1.78 0.147244
-1.77 0.14723
-1.76 0.147211
-1.75 0.147185
-1.74 0.147154
-1.73 0.147117
-1.72 0.147075
-1.71 0.147026
-1.7 0.146972
-1.69 0.146913
-1.68 0.146848
-1.67 0.146777
-1.66 0.146701
-1.65 0.14662
-1.64 0.146533
-1.63 0.146441
-1.62 0.146343
-1.61 0.146241
-1.6 0.146133
-1.59 0.14602
-1.58 0.145902
-1.57 0.145779
-1.56 0.145652
-1.55 0.145519
-1.54 0.145381
-1.53 0.145239
-1.52 0.145092
-1.51 0.144941
-1.5 0.144784
-1.49 0.144624
-1.48 0.144459
-1.47 0.144289
-1.46 0.144115
-1.45 0.143937
-1.44 0.143755
-1.43 0.143569
-1.42 0.143379
-1.41 0.143184
-1.4 0.142986
-1.39 0.142784
-1.38 0.142579
-1.37 0.142369
-1.36 0.142156
-1.35 0.14194
-1.34 0.14172
-1.33 0.141496
-1.32 0.14127
-1.31 0.14104
-1.3 0.140807
-1.29 0.140571
-1.28 0.140332
-1.27 0.14009
-1.26 0.139846
-1.25 0.139598
-1.24 0.139348
-1.23 0.139095
-1.22 0.13884
-1.21 0.138583
-1.2 0.138323
-1.19 0.138061
-1.18 0.137797
-1.17 0.13753
-1.16 0.137262
-1.15 0.136992
-1.14 0.13672
-1.13 0.136446
-1.12 0.13617
-1.11 0.135893
-1.1 0.135615
-1.09 0.135335
-1.08 0.135054
-1.07 0.134772
-1.06 0.134488
-1.05 0.134203
-1.04 0.133918
-1.03 0.133632
-1.02 0.133344
-1.01 0.133056
-1 0.132768
-0.99 0.132479
-0.98 0.132189
-0.97 0.131899
-0.96 0.131609
-0.95 0.131319
-0.94 0.131029
-0.93 0.130738
-0.92 0.130448
-0.91 0.130158
-0.9 0.129868
-0.89 0.129578
-0.88 0.129289
-0.87 0.129
-0.86 0.128712
-0.85 0.128424
-0.84 0.128137
-0.83 0.127851
-0.82 0.127566
-0.81 0.127282
-0.8 0.126999
-0.79 0.126717
-0.78 0.126437
-0.77 0.126157
-0.76 0.12588
-0.75 0.125603
-0.74 0.125328
-0.73 0.125055
-0.72 0.124783
-0.71 0.124513
-0.7 0.124245
-0.69 0.123979
-0.68 0.123715
-0.67 0.123453
-0.66 0.123194
-0.65 0.122936
-0.64 0.122681
-0.63 0.122428
-0.62 0.122177
-0.61 0.121929
-0.6 0.121684
-0.59 0.121441
-0.58 0.121201
-0.57 0.120964
-0.56 0.120729
-0.55 0.120497
-0.54 0.120269
-0.53 0.120043
-0.52 0.119821
-0.51 0.119602
-0.5 0.119385
-0.49 0.119173
-0.48 0.118963
-0.47 0.118757
-0.46 0.118554
-0.45 0.118355
-0.44 0.11816
-0.43 0.117968
-0.42 0.117779
-0.41 0.117595
-0.4 0.117414
-0.39 0.117237
-0.38 0.117064
-0.37 0.116894
-0.36 0.116729
-0.35 0.116568
-0.34 0.11641
-0.33 0.116257
-0.32 0.116108
-0.31 0.115963
-0.3 0.115822
-0.29 0.115686
-0.28 0.115554
-0.27 0.115426
-0.26 0.115302
-0.25 0.115183
-0.24 0.115068
-0.23 0.114958
-0.22 0.114852
-0.21 0.114751
-0.2 0.114654
-0.19 0.114562
-0.18 0.114474
-0.17 0.114391
-0.16 0.114313
-0.15 0.114239
-0.14 0.11417
-0.13 0.114105
-0.12 0.114046
-0.11 0.113991
-0.1 0.11394
-0.09 0.113895
-0.08 0.113854
-0.07 0.113818
-0.06 0.113787
-0.05 0.11376
-0.04 0.113739
-0.03 0.113722
-0.02 0.11371
-0.01 0.113703
0 0.1137
0.01 0.113703
0.02 0.11371
0.03 0.113722
0.04 0.113739
0.05 0.11376
0.06 0.113787
0.07 0.113818
0.08 0.113854
0.09 0.113895
0.1 0.11394
0.11 0.113991
0.12 0.114046
0.13 0.114105
0.14 0.11417
0.15 0.114239
0.16 0.114313
0.17 0.114391
0.18 0.114474
0.19 0.114562
0.2 0.114654
0.21 0.114751
0.22 0.114852
0.23 0.114958
0.24 0.115068
0.25 0.115183
0.26 0.115302
0.27 0.115426
0.28 0.115554
0.29 0.115686
0.3 0.115822
0.31 0.115963
0.32 0.116108
0.33 0.116257
0.34 0.11641
0.35 0.116568
0.36 0.116729
0.37 0.116894
0.38 0.117064
0.39 0.117237
0.4 0.117414
0.41 0.117595
0.42 0.117779
0.43 0.117968
0.44 0.11816
0.45 0.118355
0.46 0.118554
0.47 0.118757
0.48 0.118963
0.49 0.119173
0.5 0.119385
0.51 0.119602
0.52 0.119821
0.53 0.120043
0.54 0.120269
0.55 0.120497
0.56 0.120729
0.57 0.120964
0.58 0.121201
0.59 0.121441
0.6 0.121684
0.61 0.121929
0.62 0.122177
0.63 0.122428
0.64 0.122681
0.65 0.122936
0.66 0.123194
0.67 0.123453
0.68 0.123715
0.69 0.123979
0.7 0.124245
0.71 0.124513
0.72 0.124783
0.73 0.125055
0.74 0.125328
0.75 0.125603
0.76 0.12588
0.77 0.126157
0.78 0.126437
0.79 0.126717
0.8 0.126999
0.81 0.127282
0.82 0.127566
0.83 0.127851
0.84 0.128137
0.85 0.128424
0.86 0.128712
0.87 0.129
0.88 0.129289
0.89 0.129578
0.9 0.129868
0.91 0.130158
0.92 0.130448
0.93 0.130738
0.94 0.131029
0.95 0.131319
0.96 0.131609
0.97 0.131899
0.98 0.132189
0.99 0.132479
1 0.132768
1.01 0.133056
1.02 0.133344
1.03 0.133632
1.04 0.133918
1.05 0.134203
1.06 0.134488
1.07 0.134772
1.08 0.135054
1.09 0.135335
1.1 0.135615
1.11 0.135893
1.12 0.13617
1.13 0.136446
1.14 0.13672
1.15 0.136992
1.16 0.137262
1.17 0.13753
1.18 0.137797
1.19 0.138061
1.2 0.138323
1.21 0.138583
1.22 0.13884
1.23 0.139095
1.24 0.139348
1.25 0.139598
1.26 0.139846
1.27 0.14009
1.28 0.140332
1.29 0.140571
1.3 0.140807
1.31 0.14104
1.32 0.14127
1.33 0.141496
1.34 0.14172
1.35 0.14194
1.36 0.142156
1.37 0.142369
1.38 0.142579
1.39 0.142784
1.4 0.142986
1.41 0.143184
1.42 0.143379
1.43 0.143569
1.44 0.143755
1.45 0.143937
1.46 0.144115
1.47 0.144289
1.48 0.144459
1.49 0.144624
1.5 0.144784
1.51 0.144941
1.52 0.145092
1.53 0.145239
1.54 0.145381
1.55 0.145519
1.56 0.145652
1.57 0.145779
1.58 0.145902
1.59 0.14602
1.6 0.146133
1.61 0.146241
1.62 0.146343
1.63 0.146441
1.64 0.146533
1.65 0.14662
1.66 0.146701
1.67 0.146777
1.68 0.146848
1.69 0.146913
1.7 0.146972
1.71 0.147026
1.72 0.147075
1.73 0.147117
1.74 0.147154
1.75 0.147185
1.76 0.147211
1.77 0.14723
1.78 0.147244
1.79 0.147251
1.8 0.147253
1.81 0.147249
1.82 0.147238
1.83 0.147222
1.84 0.1472
1.85 0.147171
1.86 0.147137
1.87 0.147096
1.88 0.147049
1.89 0.146996
1.9 0.146937
1.91 0.146871
1.92 0.146799
1.93 0.146721
1.94 0.146637
1.95 0.146546
1.96 0.146449
1.97 0.146346
1.98 0.146236
1.99 0.14612
2 0.145998
2.01 0.145869
2.02 0.145734
2.03 0.145593
2.04 0.145445
2.05 0.145291
2.06 0.14513
2.07 0.144963
2.08 0.14479
2.09 0.14461
2.1 0.144424
2.11 0.144232
2.12 0.144033
2.13 0.143828
2.14 0.143616
2.15 0.143398
2.16 0.143174
2.17 0.142944
2.18 0.142707
2.19 0.142464
2.2 0.142215
2.21 0.141959
2.22 0.141697
2.23 0.141429
2.24 0.141155
2.25 0.140875
2.26 0.140589
2.27 0.140296
2.28 0.139997
2.29 0.139693
2.3 0.139382
2.31 0.139066
2.32 0.138743
2.33 0.138414
2.34 0.13808
2.35 0.13774
2.36 0.137393
2.37 0.137042
2.38 0.136684
2.39 0.13632
2.4 0.135951
2.41 0.135577
2.42 0.135196
2.43 0.134811
2.44 0.134419
2.45 0.134022
2.46 0.13362
2.47 0.133213
2.48 0.1328
2.49 0.132381
2.5 0.131958
2.51 0.131529
2.52 0.131096
2.53 0.130657
2.54 0.130213
2.55 0.129764
2.56 0.12931
2.57 0.128852
2.58 0.128388
2.59 0.12792
2.6 0.127447
2.61 0.12697
2.62 0.126488
2.63 0.126001
2.64 0.12551
2.65 0.125015
2.66 0.124515
2.67 0.124011
2.68 0.123503
2.69 0.12299
2.7 0.122474
2.71 0.121953
2.72 0.121429
2.73 0.1209
2.74 0.120368
2.75 0.119832
2.76 0.119292
2.77 0.118749
2.78 0.118202
2.79 0.117652
2.8 0.117098
2.81 0.116541
2.82 0.11598
2.83 0.115417
2.84 0.11485
2.85 0.11428
2.86 0.113707
2.87 0.113131
2.88 0.112552
2.89 0.111971
2.9 0.111386
2.91 0.110799
2.92 0.11021
2.93 0.109618
2.94 0.109023
2.95 0.108426
2.96 0.107827
2.97 0.107225
2.98 0.106622
2.99 0.106016
3 0.105408
3.01 0.104798
3.02 0.104187
3.03 0.103573
3.04 0.102958
3.05 0.102341
3.06 0.101723
3.07 0.101103
3.08 0.100482
3.09 0.099859
3.1 0.099235
3.11 0.0986097
3.12 0.0979832
3.13 0.0973556
3.14 0.096727
3.15 0.0960975
3.16 0.095467
3.17 0.0948358
3.18 0.0942038
3.19 0.0935711
3.2 0.0929378
3.21 0.0923039
3.22 0.0916696
3.23 0.0910349
3.24 0.0903998
3.25 0.0897645
3.26 0.089129
3.27 0.0884933
3.28 0.0878575
3.29 0.0872218
3.3 0.0865861
3.31 0.0859505
3.32 0.0853151
3.33 0.08468
3.34 0.0840451
3.35 0.0834107
3.36 0.0827767
3.37 0.0821432
3.38 0.0815102
3.39 0.0808779
3.4 0.0802463
3.41 0.0796154
3.42 0.0789853
3.43 0.0783561
3.44 0.0777278
3.45 0.0771004
3.46 0.0764741
3.47 0.0758489
3.48 0.0752249
3.49 0.074602
3.5 0.0739804
3.51 0.0733601
3.52 0.0727412
3.53 0.0721237
3.54 0.0715077
3.55 0.0708932
3.56 0.0702802
3.57 0.0696689
3.58 0.0690593
3.59 0.0684514
3.6 0.0678452
3.61 0.0672409
3.62 0.0666384
3.63 0.0660378
3.64 0.0654392
3.65 0.0648426
3.66 0.064248
3.67 0.0636555
3.68 0.0630652
3.69 0.062477
3.7 0.061891
3.71 0.0613073
3.72 0.0607259
3.73 0.0601468
3.74 0.0595701
3.75 0.0589957
3.76 0.0584239
3.77 0.0578545
3.78 0.0572876
3.79 0.0567233
3.8 0.0561616
3.81 0.0556024
3.82 0.055046
3.83 0.0544922
3.84 0.0539411
3.85 0.0533928
3.86 0.0528472
3.87 0.0523045
3.88 0.0517646
3.89 0.0512275
3.9 0.0506934
3.91 0.0501621
3.92 0.0496338
3.93 0.0491084
3.94 0.048586
3.95 0.0480667
3.96 0.0475503
3.97 0.047037
3.98 0.0465268
3.99 0.0460197
4 0.0455157
4.01 0.0450148
4.02 0.0445171
4.03 0.0440225
4.04 0.0435312
4.05 0.043043
4.06 0.042558
4.07 0.0420763
4.08 0.0415978
4.09 0.0411226
4.1 0.0406507
4.11 0.040182
4.12 0.0397166
4.13 0.0392546
4.14 0.0387958
4.15 0.0383404
4.16 0.0378883
4.17 0.0374396
4.18 0.0369942
4.19 0.0365521
4.2 0.0361135
4.21 0.0356782
4.22 0.0352462
4.23 0.0348177
4.24 0.0343925
4.25 0.0339707
4.26 0.0335524
4.27 0.0331374
4.28 0.0327258
4.29 0.0323176
4.3 0.0319128
4.31 0.0315114
4.32 0.0311133
4.33 0.0307187
4.34 0.0303275
4.35 0.0299397
4.36 0.0295552
4.37 0.0291742
4.38 0.0287965
4.39 0.0284222
4.4 0.0280513
4.41 0.0276837
4.42 0.0273195
4.43 0.0269587
4.44 0.0266012
4.45 0.0262471
4.46 0.0258963
4.47 0.0255488
4.48 0.0252047
4.49 0.0248639
4.5 0.0245264
4.51 0.0241921
4.52 0.0238612
4.53 0.0235335
4.54 0.0232091
4.55 0.022888
4.56 0.0225701
4.57 0.0222554
4.58 0.021944
4.59 0.0216357
4.6 0.0213307
4.61 0.0210288
4.62 0.0207301
4.63 0.0204346
4.64 0.0201422
4.65 0.019853
4.66 0.0195668
4.67 0.0192838
4.68 0.0190038
4.69 0.0187269
4.7 0.018453
4.71 0.0181822
4.72 0.0179145
4.73 0.0176497
4.74 0.0173879
4.75 0.0171291
4.76 0.0168732
4.77 0.0166203
4.78 0.0163703
4.79 0.0161232
4.8 0.015879
4.81 0.0156376
4.82 0.0153991
4.83 0.0151634
4.84 0.0149306
4.85 0.0147005
4.86 0.0144732
4.87 0.0142487
4.88 0.0140269
4.89 0.0138078
4.9 0.0135915
4.91 0.0133778
4.92 0.0131667
4.93 0.0129583
4.94 0.0127525
4.95 0.0125494
4.96 0.0123488
4.97 0.0121507
4.98 0.0119552
4.99 0.0117623
5 0.0115718
5.01 0.0113838
5.02 0.0111982
5.03 0.0110151
5.04 0.0108345
5.05 0.0106562
5.06 0.0104803
5.07 0.0103067
5.08 0.0101355
5.09 0.00996657
5.1 0.00979996
5.11 0.00963562
5.12 0.00947353
5.13 0.00931368
5.14 0.00915603
5.15 0.00900057
5.16 0.00884728
5.17 0.00869614
5.18 0.00854713
5.19 0.00840022
5.2 0.0082554
5.21 0.00811265
5.22 0.00797194
5.23 0.00783325
5.24 0.00769657
5.25 0.00756186
5.26 0.00742913
5.27 0.00729833
5.28 0.00716945
5.29 0.00704248
5.3 0.00691738
5.31 0.00679415
5.32 0.00667276
5.33 0.00655318
5.34 0.00643541
5.35 0.00631942
5.36 0.00620519
5.37 0.0060927
5.38 0.00598193
5.39 0.00587286
5.4 0.00576547
5.41 0.00565975
5.42 0.00555567
5.43 0.00545321
5.44 0.00535236
5.45 0.00525309
5.46 0.00515539
5.47 0.00505924
5.48 0.00496462
5.49 0.00487151
5.5 0.00477989
5.51 0.00468974
5.52 0.00460105
5.53 0.00451379
5.54 0.00442796
5.55 0.00434353
5.56 0.00426047
5.57 0.00417879
5.58 0.00409845
5.59 0.00401945
5.6 0.00394175
5.61 0.00386536
5.62 0.00379024
5.63 0.00371638
5.64 0.00364377
5.65 0.00357239
5.66 0.00350222
5.67 0.00343325
5.68 0.00336545
5.69 0.00329882
5.7 0.00323334
5.71 0.00316898
5.72 0.00310574
5.73 0.00304361
5.74 0.00298255
5.75 0.00292257
5.76 0.00286364
5.77 0.00280575
5.78 0.00274888
5.79 0.00269302
5.8 0.00263816
5.81 0.00258428
5.82 0.00253136
5.83 0.0024794
5.84 0.00242837
5.85 0.00237826
5.86 0.00232907
5.87 0.00228077
5.88 0.00223336
5.89 0.00218681
5.9 0.00214112
5.91 0.00209627
5.92 0.00205226
5.93 0.00200906
5.94 0.00196666
5.95 0.00192506
5.96 0.00188424
5.97 0.00184418
5.98 0.00180488
5.99 0.00176633
