-6 0.00240936
-5.99 0.00245391
-5.98 0.00249918
-5.97 0.00254516
-5.96 0.00259188
-5.95 0.00263934
-5.94 0.00268755
-5.93 0.00273652
-5.92 0.00278625
-5.91 0.00283677
-5.9 0.00288807
-5.89 0.00294016
-5.88 0.00299307
-5.87 0.00304679
-5.86 0.00310134
-5.85 0.00315672
-5.84 0.00321295
-5.83 0.00327004
-5.82 0.00332799
-5.81 0.00338682
-5.8 0.00344653
-5.79 0.00350714
-5.78 0.00356866
-5.77 0.0036311
-5.76 0.00369447
-5.75 0.00375877
-5.74 0.00382403
-5.73 0.00389024
-5.72 0.00395743
-5.71 0.00402559
-5.7 0.00409475
-5.69 0.00416491
-5.68 0.00423609
-5.67 0.00430829
-5.66 0.00438152
-5.65 0.00445581
-5.64 0.00453115
-5.63 0.00460756
-5.62 0.00468505
-5.61 0.00476363
-5.6 0.00484331
-5.59 0.00492411
-5.58 0.00500604
-5.57 0.0050891
-5.56 0.00517331
-5.55 0.00525868
-5.54 0.00534522
-5.53 0.00543294
-5.52 0.00552186
-5.51 0.00561199
-5.5 0.00570333
-5.49 0.0057959
-5.48 0.00588971
-5.47 0.00598477
-5.46 0.0060811
-5.45 0.00617871
-5.44 0.0062776
-5.43 0.00637779
-5.42 0.00647929
-5.41 0.00658212
-5.4 0.00668628
-5.39 0.00679179
-5.38 0.00689865
-5.37 0.00700689
-5.36 0.00711651
-5.35 0.00722752
-5.34 0.00733994
-5.33 0.00745378
-5.32 0.00756904
-5.31 0.00768575
-5.3 0.00780391
-5.29 0.00792353
-5.28 0.00804463
-5.27 0.00816722
-5.26 0.00829131
-5.25 0.00841691
-5.24 0.00854403
-5.23 0.00867269
-5.22 0.0088029
-5.21 0.00893466
-5.2 0.00906799
-5.19 0.00920291
-5.18 0.00933941
-5.17 0.00947753
-5.16 0.00961725
-5.15 0.00975861
-5.14 0.0099016
-5.13 0.0100462
-5.12 0.0101925
-5.11 0.0103405
-5.1 0.0104902
-5.09 0.0106415
-5.08 0.0107946
-5.07 0.0109493
-5.06 0.0111058
-5.05 0.0112641
-5.04 0.0114241
-5.03 0.0115858
-5.02 0.0117493
-5.01 0.0119146
-5 0.0120817
-4.99 0.0122506
-4.98 0.0124212
-4.97 0.0125937
-4.96 0.0127681
-4.95 0.0129443
-4.94 0.0131223
-4.93 0.0133022
-4.92 0.0134839
-4.91 0.0136675
-4.9 0.0138531
-4.89 0.0140405
-4.88 0.0142298
-4.87 0.014421
-4.86 0.0146142
-4.85 0.0148093
-4.84 0.0150063
-4.83 0.0152053
-4.82 0.0154062
-4.81 0.0156091
-4.8 0.0158139
-4.79 0.0160208
-4.78 0.0162296
-4.77 0.0164404
-4.76 0.0166533
-4.75 0.0168681
-4.74 0.0170849
-4.73 0.0173038
-4.72 0.0175247
-4.71 0.0177477
-4.7 0.0179726
-4.69 0.0181996
-4.68 0.0184287
-4.67 0.0186599
-4.66 0.0188931
-4.65 0.0191283
-4.64 0.0193657
-4.63 0.0196051
-4.62 0.0198466
-4.61 0.0200902
-4.6 0.0203358
-4.59 0.0205836
-4.58 0.0208335
-4.57 0.0210855
-4.56 0.0213396
-4.55 0.0215957
-4.54 0.0218541
-4.53 0.0221145
-4.52 0.022377
-4.51 0.0226416
-4.5 0.0229084
-4.49 0.0231773
-4.48 0.0234483
-4.47 0.0237215
-4.46 0.0239967
-4.45 0.0242741
-4.44 0.0245536
-4.43 0.0248353
-4.42 0.025119
-4.41 0.0254049
-4.4 0.0256929
-4.39 0.025983
-4.38 0.0262753
-4.37 0.0265697
-4.36 0.0268661
-4.35 0.0271647
-4.34 0.0274655
-4.33 0.0277683
-4.32 0.0280732
-4.31 0.0283802
-4.3 0.0286894
-4.29 0.0290006
-4.28 0.0293139
-4.27 0.0296293
-4.26 0.0299468
-4.25 0.0302663
-4.24 0.030588
-4.23 0.0309117
-4.22 0.0312374
-4.21 0.0315652
-4.2 0.0318951
-4.19 0.0322269
-4.18 0.0325609
-4.17 0.0328968
-4.16 0.0332347
-4.15 0.0335747
-4.14 0.0339167
-4.13 0.0342606
-4.12 0.0346065
-4.11 0.0349544
-4.1 0.0353043
-4.09 0.0356561
-4.08 0.0360098
-4.07 0.0363655
-4.06 0.0367231
-4.05 0.0370826
-4.04 0.0374439
-4.03 0.0378072
-4.02 0.0381723
-4.01 0.0385393
-4 0.0389082
-3.99 0.0392788
-3.98 0.0396513
-3.97 0.0400256
-3.96 0.0404016
-3.95 0.0407795
-3.94 0.0411591
-3.93 0.0415404
-3.92 0.0419234
-3.91 0.0423082
-3.9 0.0426947
-3.89 0.0430828
-3.88 0.0434726
-3.87 0.043864
-3.86 0.0442571
-3.85 0.0446518
-3.84 0.045048
-3.83 0.0454459
-3.82 0.0458452
-3.81 0.0462461
-3.8 0.0466486
-3.79 0.0470525
-3.78 0.0474579
-3.77 0.0478647
-3.76 0.048273
-3.75 0.0486827
-3.74 0.0490938
-3.73 0.0495063
-3.72 0.0499201
-3.71 0.0503352
-3.7 0.0507516
-3.69 0.0511694
-3.68 0.0515883
-3.67 0.0520086
-3.66 0.05243
-3.65 0.0528526
-3.64 0.0532764
-3.63 0.0537014
-3.62 0.0541274
-3.61 0.0545546
-3.6 0.0549828
-3.59 0.0554121
-3.58 0.0558424
-3.57 0.0562737
-3.56 0.056706
-3.55 0.0571392
-3.54 0.0575733
-3.53 0.0580084
-3.52 0.0584443
-3.51 0.058881
-3.5 0.0593186
-3.49 0.059757
-3.48 0.0601961
-3.47 0.060636
-3.46 0.0610766
-3.45 0.0615179
-3.44 0.0619598
-3.43 0.0624024
-3.42 0.0628456
-3.41 0.0632894
-3.4 0.0637337
-3.39 0.0641785
-3.38 0.0646239
-3.37 0.0650697
-3.36 0.065516
-3.35 0.0659626
-3.34 0.0664097
-3.33 0.0668571
-3.32 0.0673049
-3.31 0.067753
-3.3 0.0682013
-3.29 0.0686499
-3.28 0.0690987
-3.27 0.0695478
-3.26 0.069997
-3.25 0.0704463
-3.24 0.0708957
-3.23 0.0713453
-3.22 0.0717949
-3.21 0.0722445
-3.2 0.0726942
-3.19 0.0731438
-3.18 0.0735933
-3.17 0.0740428
-3.16 0.0744922
-3.15 0.0749415
-3.14 0.0753906
-3.13 0.0758396
-3.12 0.0762883
-3.11 0.0767368
-3.1 0.0771851
-3.09 0.0776331
-3.08 0.0780807
-3.07 0.0785281
-3.06 0.078975
-3.05 0.0794216
-3.04 0.0798678
-3.03 0.0803136
-3.02 0.0807589
-3.01 0.0812037
-3 0.0816481
-2.99 0.0820919
-2.98 0.0825351
-2.97 0.0829778
-2.96 0.08342
-2.95 0.0838614
-2.94 0.0843023
-2.93 0.0847425
-2.92 0.085182
-2.91 0.0856209
-2.9 0.086059
-2.89 0.0864964
-2.88 0.086933
-2.87 0.0873689
-2.86 0.0878039
-2.85 0.0882382
-2.84 0.0886716
-2.83 0.0891042
-2.82 0.0895359
-2.81 0.0899667
-2.8 0.0903966
-2.79 0.0908256
-2.78 0.0912537
-2.77 0.0916809
-2.76 0.0921071
-2.75 0.0925323
-2.74 0.0929565
-2.73 0.0933797
-2.72 0.093802
-2.71 0.0942232
-2.7 0.0946434
-2.69 0.0950625
-2.68 0.0954805
-2.67 0.0958976
-2.66 0.0963135
-2.65 0.0967283
-2.64 0.0971421
-2.63 0.0975547
-2.62 0.0979663
-2.61 0.0983767
-2.6 0.098786
-2.59 0.0991942
-2.58 0.0996012
-2.57 0.100007
-2.56 0.100412
-2.55 0.100816
-2.54 0.101218
-2.53 0.101619
-2.52 0.102019
-2.51 0.102419
-2.5 0.102816
-2.49 0.103213
-2.48 0.103609
-2.47 0.104003
-2.46 0.104396
-2.45 0.104788
-2.44 0.105179
-2.43 0.105569
-2.42 0.105958
-2.41 0.106345
-2.4 0.106731
-2.39 0.107117
-2.38 0.107501
-2.37 0.107884
-2.36 0.108265
-2.35 0.108646
-2.34 0.109026
-2.33 0.109404
-2.32 0.109782
-2.31 0.110158
-2.3 0.110533
-2.29 0.110908
-2.28 0.111281
-2.27 0.111653
-2.26 0.112024
-2.25 0.112394
-2.24 0.112763
-2.23 0.113131
-2.22 0.113499
-2.21 0.113865
-2.2 0.11423
-2.19 0.114594
-2.18 0.114958
-2.17 0.11532
-2.16 0.115682
-2.15 0.116042
-2.14 0.116402
-2.13 0.116761
-2.12 0.117119
-2.11 0.117477
-2.1 0.117833
-2.09 0.118189
-2.08 0.118544
-2.07 0.118898
-2.06 0.119251
-2.05 0.119604
-2.04 0.119956
-2.03 0.120308
-2.02 0.120659
-2.01 0.121009
-2 0.121358
-1.99 0.121707
-1.98 0.122055
-1.97 0.122403
-1.96 0.12275
-1.95 0.123097
-1.94 0.123443
-1.93 0.123789
-1.92 0.124134
-1.91 0.124479
-1.9 0.124823
-1.89 0.125167
-1.88 0.125511
-1.87 0.125854
-1.86 0.126197
-1.85 0.12654
-1.84 0.126882
-1.83 0.127224
-1.82 0.127565
-1.81 0.127907
-1.8 0.128248
-1.79 0.128589
-1.78 0.128929
-1.77 0.12927
-1.76 0.12961
-1.75 0.129951
-1.74 0.130291
-1.73 0.130631
-1.72 0.13097
-1.71 0.13131
-1.7 0.13165
-1.69 0.131989
-1.68 0.132329
-1.67 0.132668
-1.66 0.133008
-1.65 0.133347
-1.64 0.133687
-1.63 0.134026
-1.62 0.134366
-1.61 0.134705
-1.6 0.135045
-1.59 0.135384
-1.58 0.135724
-1.57 0.136064
-1.56 0.136404
-1.55 0.136744
-1.54 0.137084
-1.53 0.137424
-1.52 0.137764
-1.51 0.138104
-1.5 0.138445
-1.49 0.138785
-1.48 0.139126
-1.47 0.139466
-1.46 0.139807
-1.45 0.140148
-1.44 0.140489
-1.43 0.14083
-1.42 0.141172
-1.41 0.141513
-1.4 0.141854
-1.39 0.142196
-1.38 0.142537
-1.37 0.142879
-1.36 0.143221
-1.35 0.143563
-1.34 0.143905
-1.33 0.144246
-1.32 0.144588
-1.31 0.14493
-1.3 0.145272
-1.29 0.145614
-1.28 0.145956
-1.27 0.146298
-1.26 0.146639
-1.25 0.146981
-1.24 0.147322
-1.23 0.147664
-1.22 0.148005
-1.21 0.148346
-1.2 0.148687
-1.19 0.149028
-1.18 0.149368
-1.17 0.149708
-1.16 0.150048
-1.15 0.150387
-1.14 0.150727
-1.13 0.151065
-1.12 0.151404
-1.11 0.151742
-1.1 0.152079
-1.09 0.152416
-1.08 0.152752
-1.07 0.153088
-1.06 0.153423
-1.05 0.153758
-1.04 0.154092
-1.03 0.154425
-1.02 0.154757
-1.01 0.155089
-1 0.155419
-0.99 0.155749
-0.98 0.156078
-0.97 0.156406
-0.96 0.156733
-0.95 0.157059
-0.94 0.157383
-0.93 0.157707
-0.92 0.158029
-0.91 0.15835
-0.9 0.15867
-0.89 0.158989
-0.88 0.159306
-0.87 0.159621
-0.86 0.159936
-0.85 0.160248
-0.84 0.160559
-0.83 0.160868
-0.82 0.161176
-0.81 0.161482
-0.8 0.161786
-0.79 0.162088
-0.78 0.162389
-0.77 0.162687
-0.76 0.162983
-0.75 0.163278
-0.74 0.16357
-0.73 0.16386
-0.72 0.164147
-0.71 0.164433
-0.7 0.164716
-0.69 0.164996
-0.68 0.165275
-0.67 0.16555
-0.66 0.165823
-0.65 0.166094
-0.64 0.166362
-0.63 0.166627
-0.62 0.166889
-0.61 0.167148
-0.6 0.167405
-0.59 0.167659
-0.58 0.167909
-0.57 0.168157
-0.56 0.168401
-0.55 0.168642
-0.54 0.16888
-0.53 0.169115
-0.52 0.169346
-0.51 0.169574
-0.5 0.169798
-0.49 0.170019
-0.48 0.170237
-0.47 0.17045
-0.46 0.170661
-0.45 0.170867
-0.44 0.17107
-0.43 0.171269
-0.42 0.171464
-0.41 0.171655
-0.4 0.171842
-0.39 0.172025
-0.38 0.172205
-0.37 0.17238
-0.36 0.172551
-0.35 0.172718
-0.34 0.17288
-0.33 0.173039
-0.32 0.173193
-0.31 0.173343
-0.3 0.173488
-0.29 0.173629
-0.28 0.173766
-0.27 0.173898
-0.26 0.174026
-0.25 0.174149
-0.24 0.174267
-0.23 0.174381
-0.22 0.174491
-0.21 0.174595
-0.2 0.174695
-0.19 0.174791
-0.18 0.174881
-0.17 0.174967
-0.16 0.175048
-0.15 0.175124
-0.14 0.175196
-0.13 0.175262
-0.12 0.175324
-0.11 0.175381
-0.1 0.175433
-0.09 0.17548
-0.08 0.175522
-0.07 0.175559
-0.06 0.175591
-0.05 0.175619
-0.04 0.175641
-0.03 0.175658
-0.02 0.175671
-0.01 0.175678
0 0.175681
0.01 0.175678
0.02 0.175671
0.03 0.175658
0.04 0.175641
0.05 0.175619
0.06 0.175591
0.07 0.175559
0.08 0.175522
0.09 0.17548
0.1 0.175433
0.11 0.175381
0.12 0.175324
0.13 0.175262
0.14 0.175196
0.15 0.175124
0.16 0.175048
0.17 0.174967
0.18 0.174881
0.19 0.174791
0.2 0.174695
0.21 0.174595
0.22 0.174491
0.23 0.174381
0.24 0.174267
0.25 0.174149
0.26 0.174026
0.27 0.173898
0.28 0.173766
0.29 0.173629
0.3 0.173488
0.31 0.173343
0.32 0.173193
0.33 0.173039
0.34 0.17288
0.35 0.172718
0.36 0.172551
0.37 0.17238
0.38 0.172205
0.39 0.172025
0.4 0.171842
0.41 0.171655
0.42 0.171464
0.43 0.171269
0.44 0.17107
0.45 0.170867
0.46 0.170661
0.47 0.17045
0.48 0.170237
0.49 0.170019
0.5 0.169798
0.51 0.169574
0.52 0.169346
0.53 0.169115
0.54 0.16888
0.55 0.168642
0.56 0.168401
0.57 0.168157
0.58 0.167909
0.59 0.167659
0.6 0.167405
0.61 0.167148
0.62 0.166889
0.63 0.166627
0.64 0.166362
0.65 0.166094
0.66 0.165823
0.67 0.16555
0.68 0.165275
0.69 0.164996
0.7 0.164716
0.71 0.164433
0.72 0.164147
0.73 0.16386
0.74 0.16357
0.75 0.163278
0.76 0.162983
0.77 0.162687
0.78 0.162389
0.79 0.162088
0.8 0.161786
0.81 0.161482
0.82 0.161176
0.83 0.160868
0.84 0.160559
0.85 0.160248
0.86 0.159936
0.87 0.159621
0.88 0.159306
0.89 0.158989
0.9 0.15867
0.91 0.15835
0.92 0.158029
0.93 0.157707
0.94 0.157383
0.95 0.157059
0.96 0.156733
0.97 0.156406
0.98 0.156078
0.99 0.155749
1 0.155419
1.01 0.155089
1.02 0.154757
1.03 0.154425
1.04 0.154092
1.05 0.153758
1.06 0.153423
1.07 0.153088
1.08 0.152752
1.09 0.152416
1.1 0.152079
1.11 0.151742
1.12 0.151404
1.13 0.151065
1.14 0.150727
1.15 0.150387
1.16 0.150048
1.17 0.149708
1.18 0.149368
1.19 0.149028
1.2 0.148687
1.21 0.148346
1.22 0.148005
1.23 0.147664
1.24 0.147322
1.25 0.146981
1.26 0.146639
1.27 0.146298
1.28 0.145956
1.29 0.145614
1.3 0.145272
1.31 0.14493
1.32 0.144588
1.33 0.144246
1.34 0.143905
1.35 0.143563
1.36 0.143221
1.37 0.142879
1.38 0.142537
1.39 0.142196
1.4 0.141854
1.41 0.141513
1.42 0.141172
1.43 0.14083
1.44 0.140489
1.45 0.140148
1.46 0.139807
1.47 0.139466
1.48 0.139126
1.49 0.138785
1.5 0.138445
1.51 0.138104
1.52 0.137764
1.53 0.137424
1.54 0.137084
1.55 0.136744
1.56 0.136404
1.57 0.136064
1.58 0.135724
1.59 0.135384
1.6 0.135045
1.61 0.134705
1.62 0.134366
1.63 0.134026
1.64 0.133687
1.65 0.133347
1.66 0.133008
1.67 0.132668
1.68 0.132329
1.69 0.131989
1.7 0.13165
1.71 0.13131
1.72 0.13097
1.73 0.130631
1.74 0.130291
1.75 0.129951
1.76 0.12961
1.77 0.12927
1.78 0.128929
1.79 0.128589
1.8 0.128248
1.81 0.127907
1.82 0.127565
1.83 0.127224
1.84 0.126882
1.85 0.12654
1.86 0.126197
1.87 0.125854
1.88 0.125511
1.89 0.125167
1.9 0.124823
1.91 0.124479
1.92 0.124134
1.93 0.123789
1.94 0.123443
1.95 0.123097
1.96 0.12275
1.97 0.122403
1.98 0.122055
1.99 0.121707
2 0.121358
2.01 0.121009
2.02 0.120659
2.03 0.120308
2.04 0.119956
2.05 0.119604
2.06 0.119251
2.07 0.118898
2.08 0.118544
2.09 0.118189
2.1 0.117833
2.11 0.117477
2.12 0.117119
2.13 0.116761
2.14 0.116402
2.15 0.116042
2.16 0.115682
2.17 0.11532
2.18 0.114958
2.19 0.114594
2.2 0.11423
2.21 0.113865
2.22 0.113499
2.23 0.113131
2.24 0.112763
2.25 0.112394
2.26 0.112024
2.27 0.111653
2.28 0.111281
2.29 0.110908
2.3 0.110533
2.31 0.110158
2.32 0.109782
2.33 0.109404
2.34 0.109026
2.35 0.108646
2.36 0.108265
2.37 0.107884
2.38 0.107501
2.39 0.107117
2.4 0.106731
2.41 0.106345
2.42 0.105958
2.43 0.105569
2.44 0.105179
2.45 0.104788
2.46 0.104396
2.47 0.104003
2.48 0.103609
2.49 0.103213
2.5 0.102816
2.51 0.102419
2.52 0.102019
2.53 0.101619
2.54 0.101218
2.55 0.100816
2.56 0.100412
2.57 0.100007
2.58 0.0996012
2.59 0.0991942
2.6 0.098786
2.61 0.0983767
2.62 0.0979663
2.63 0.0975547
2.64 0.0971421
2.65 0.0967283
2.66 0.0963135
2.67 0.0958976
2.68 0.0954805
2.69 0.0950625
2.7 0.0946434
2.71 0.0942232
2.72 0.093802
2.73 0.0933797
2.74 0.0929565
2.75 0.0925323
2.76 0.0921071
2.77 0.0916809
2.78 0.0912537
2.79 0.0908256
2.8 0.0903966
2.81 0.0899667
2.82 0.0895359
2.83 0.0891042
2.84 0.0886716
2.85 0.0882382
2.86 0.0878039
2.87 0.0873689
2.88 0.086933
2.89 0.0864964
2.9 0.086059
2.91 0.0856209
2.92 0.085182
2.93 0.0847425
2.94 0.0843023
2.95 0.0838614
2.96 0.08342
2.97 0.0829778
2.98 0.0825351
2.99 0.0820919
3 0.0816481
3.01 0.0812037
3.02 0.0807589
3.03 0.0803136
3.04 0.0798678
3.05 0.0794216
3.06 0.078975
3.07 0.0785281
3.08 0.0780807
3.09 0.0776331
3.1 0.0771851
3.11 0.0767368
3.12 0.0762883
3.13 0.0758396
3.14 0.0753906
3.15 0.0749415
3.16 0.0744922
3.17 0.0740428
3.18 0.0735933
3.19 0.0731438
3.2 0.0726942
3.21 0.0722445
3.22 0.0717949
3.23 0.0713453
3.24 0.0708957
3.25 0.0704463
3.26 0.069997
3.27 0.0695478
3.28 0.0690987
3.29 0.0686499
3.3 0.0682013
3.31 0.067753
3.32 0.0673049
3.33 0.0668571
3.34 0.0664097
3.35 0.0659626
3.36 0.065516
3.37 0.0650697
3.38 0.0646239
3.39 0.0641785
3.4 0.0637337
3.41 0.0632894
3.42 0.0628456
3.43 0.0624024
3.44 0.0619598
3.45 0.0615179
3.46 0.0610766
3.47 0.060636
3.48 0.0601961
3.49 0.059757
3.5 0.0593186
3.51 0.058881
3.52 0.0584443
3.53 0.0580084
3.54 0.0575733
3.55 0.0571392
3.56 0.056706
3.57 0.0562737
3.58 0.0558424
3.59 0.0554121
3.6 0.0549828
3.61 0.0545546
3.62 0.0541274
3.63 0.0537014
3.64 0.0532764
3.65 0.0528526
3.66 0.05243
3.67 0.0520086
3.68 0.0515883
3.69 0.0511694
3.7 0.0507516
3.71 0.0503352
3.72 0.0499201
3.73 0.0495063
3.74 0.0490938
3.75 0.0486827
3.76 0.048273
3.77 0.0478647
3.78 0.0474579
3.79 0.0470525
3.8 0.0466486
3.81 0.0462461
3.82 0.0458452
3.83 0.0454459
3.84 0.045048
3.85 0.0446518
3.86 0.0442571
3.87 0.043864
3.88 0.0434726
3.89 0.0430828
3.9 0.0426947
3.91 0.0423082
3.92 0.0419234
3.93 0.0415404
3.94 0.0411591
3.95 0.0407795
3.96 0.0404016
3.97 0.0400256
3.98 0.0396513
3.99 0.0392788
4 0.0389082
4.01 0.0385393
4.02 0.0381723
4.03 0.0378072
4.04 0.0374439
4.05 0.0370826
4.06 0.0367231
4.07 0.0363655
4.08 0.0360098
4.09 0.0356561
4.1 0.0353043
4.11 0.0349544
4.12 0.0346065
4.13 0.0342606
4.14 0.0339167
4.15 0.0335747
4.16 0.0332347
4.17 0.0328968
4.18 0.0325609
4.19 0.0322269
4.2 0.0318951
4.21 0.0315652
4.22 0.0312374
4.23 0.0309117
4.24 0.030588
4.25 0.0302663
4.26 0.0299468
4.27 0.0296293
4.28 0.0293139
4.29 0.0290006
4.3 0.0286894
4.31 0.0283802
4.32 0.0280732
4.33 0.0277683
4.34 0.0274655
4.35 0.0271647
4.36 0.0268661
4.37 0.0265697
4.38 0.0262753
4.39 0.025983
4.4 0.0256929
4.41 0.0254049
4.42 0.025119
4.43 0.0248353
4.44 0.0245536
4.45 0.0242741
4.46 0.0239967
4.47 0.0237215
4.48 0.0234483
4.49 0.0231773
4.5 0.0229084
4.51 0.0226416
4.52 0.022377
4.53 0.0221145
4.54 0.0218541
4.55 0.0215957
4.56 0.0213396
4.57 0.0210855
4.58 0.0208335
4.59 0.0205836
4.6 0.0203358
4.61 0.0200902
4.62 0.0198466
4.63 0.0196051
4.64 0.0193657
4.65 0.0191283
4.66 0.0188931
4.67 0.0186599
4.68 0.0184287
4.69 0.0181996
4.7 0.0179726
4.71 0.0177477
4.72 0.0175247
4.73 0.0173038
4.74 0.0170849
4.75 0.0168681
4.76 0.0166533
4.77 0.0164404
4.78 0.0162296
4.79 0.0160208
4.8 0.0158139
4.81 0.0156091
4.82 0.0154062
4.83 0.0152053
4.84 0.0150063
4.85 0.0148093
4.86 0.0146142
4.87 0.014421
4.88 0.0142298
4.89 0.0140405
4.9 0.0138531
4.91 0.0136675
4.92 0.0134839
4.93 0.0133022
4.94 0.0131223
4.95 0.0129443
4.96 0.0127681
4.97 0.0125937
4.98 0.0124212
4.99 0.0122506
5 0.0120817
5.01 0.0119146
5.02 0.0117493
5.03 0.0115858
5.04 0.0114241
5.05 0.0112641
5.06 0.0111058
5.07 0.0109493
5.08 0.0107946
5.09 0.0106415
5.1 0.0104902
5.11 0.0103405
5.12 0.0101925
5.13 0.0100462
5.14 0.0099016
5.15 0.00975861
5.16 0.00961725
5.17 0.00947753
5.18 0.00933941
5.19 0.00920291
5.2 0.00906799
5.21 0.00893466
5.22 0.0088029
5.23 0.00867269
5.24 0.00854403
5.25 0.00841691
5.26 0.00829131
5.27 0.00816722
5.28 0.00804463
5.29 0.00792353
5.3 0.00780391
5.31 0.00768575
5.32 0.00756904
5.33 0.00745378
5.34 0.00733994
5.35 0.00722752
5.36 0.00711651
5.37 0.00700689
5.38 0.00689865
5.39 0.00679179
5.4 0.00668628
5.41 0.00658212
5.42 0.00647929
5.43 0.00637779
5.44 0.0062776
5.45 0.00617871
5.46 0.0060811
5.47 0.00598477
5.48 0.00588971
5.49 0.0057959
5.5 0.00570333
5.51 0.00561199
5.52 0.00552186
5.53 0.00543294
5.54 0.00534522
5.55 0.00525868
5.56 0.00517331
5.57 0.0050891
5.58 0.00500604
5.59 0.00492411
5.6 0.00484331
5.61 0.00476363
5.62 0.00468505
5.63 0.00460756
5.64 0.00453115
5.65 0.00445581
5.66 0.00438152
5.67 0.00430829
5.68 0.00423609
5.69 0.00416491
5.7 0.00409475
5.71 0.00402559
5.72 0.00395743
5.73 0.00389024
5.74 0.00382403
5.75 0.00375877
5.76 0.00369447
5.77 0.0036311
5.78 0.00356866
5.79 0.00350714
5.8 0.00344653
5.81 0.00338682
5.82 0.00332799
5.83 0.00327004
5.84 0.00321295
5.85 0.00315672
5.86 0.00310134
5.87 0.00304679
5.88 0.00299307
5.89 0.00294016
5.9 0.00288807
5.91 0.00283677
5.92 0.00278625
5.93 0.00273652
5.94 0.00268755
5.95 0.00263934
5.96 0.00259188
5.97 0.00254516
5.98 0.00249918
5.99 0.00245391
