-6 0.00125532
-5.99 0.00128245
-5.98 0.00131011
-5.97 0.0013383
-5.96 0.00136703
-5.95 0.00139631
-5.94 0.00142614
-5.93 0.00145655
-5.92 0.00148752
-5.91 0.00151908
-5.9 0.00155124
-5.89 0.001584
-5.88 0.00161737
-5.87 0.00165136
-5.86 0.00168599
-5.85 0.00172126
-5.84 0.00175718
-5.83 0.00179376
-5.82 0.00183101
-5.81 0.00186895
-5.8 0.00190758
-5.79 0.00194691
-5.78 0.00198696
-5.77 0.00202773
-5.76 0.00206924
-5.75 0.00211149
-5.74 0.0021545
-5.73 0.00219828
-5.72 0.00224284
-5.71 0.00228819
-5.7 0.00233435
-5.69 0.00238132
-5.68 0.00242911
-5.67 0.00247775
-5.66 0.00252723
-5.65 0.00257758
-5.64 0.0026288
-5.63 0.00268091
-5.62 0.00273392
-5.61 0.00278784
-5.6 0.00284268
-5.59 0.00289847
-5.58 0.0029552
-5.57 0.00301289
-5.56 0.00307157
-5.55 0.00313123
-5.54 0.0031919
-5.53 0.00325358
-5.52 0.00331629
-5.51 0.00338005
-5.5 0.00344486
-5.49 0.00351074
-5.48 0.00357771
-5.47 0.00364578
-5.46 0.00371497
-5.45 0.00378528
-5.44 0.00385673
-5.43 0.00392934
-5.42 0.00400313
-5.41 0.0040781
-5.4 0.00415427
-5.39 0.00423166
-5.38 0.00431027
-5.37 0.00439014
-5.36 0.00447126
-5.35 0.00455367
-5.34 0.00463736
-5.33 0.00472237
-5.32 0.00480869
-5.31 0.00489636
-5.3 0.00498538
-5.29 0.00507577
-5.28 0.00516755
-5.27 0.00526073
-5.26 0.00535533
-5.25 0.00545137
-5.24 0.00554885
-5.23 0.00564781
-5.22 0.00574825
-5.21 0.00585019
-5.2 0.00595364
-5.19 0.00605863
-5.18 0.00616518
-5.17 0.00627328
-5.16 0.00638298
-5.15 0.00649427
-5.14 0.00660719
-5.13 0.00672173
-5.12 0.00683794
-5.11 0.00695581
-5.1 0.00707536
-5.09 0.00719662
-5.08 0.00731961
-5.07 0.00744433
-5.06 0.0075708
-5.05 0.00769905
-5.04 0.00782909
-5.03 0.00796094
-5.02 0.00809462
-5.01 0.00823014
-5 0.00836752
-4.99 0.00850677
-4.98 0.00864793
-4.97 0.00879099
-4.96 0.00893599
-4.95 0.00908294
-4.94 0.00923185
-4.93 0.00938275
-4.92 0.00953565
-4.91 0.00969057
-4.9 0.00984752
-4.89 0.0100065
-4.88 0.0101676
-4.87 0.0103308
-4.86 0.0104961
-4.85 0.0106635
-4.84 0.010833
-4.83 0.0110047
-4.82 0.0111786
-4.81 0.0113547
-4.8 0.011533
-4.79 0.0117135
-4.78 0.0118962
-4.77 0.0120813
-4.76 0.0122686
-4.75 0.0124582
-4.74 0.0126501
-4.73 0.0128443
-4.72 0.0130409
-4.71 0.0132399
-4.7 0.0134412
-4.69 0.0136449
-4.68 0.0138511
-4.67 0.0140597
-4.66 0.0142707
-4.65 0.0144842
-4.64 0.0147002
-4.63 0.0149186
-4.62 0.0151396
-4.61 0.0153631
-4.6 0.0155891
-4.59 0.0158177
-4.58 0.0160489
-4.57 0.0162826
-4.56 0.016519
-4.55 0.0167579
-4.54 0.0169995
-4.53 0.0172438
-4.52 0.0174906
-4.51 0.0177402
-4.5 0.0179925
-4.49 0.0182474
-4.48 0.0185051
-4.47 0.0187655
-4.46 0.0190286
-4.45 0.0192945
-4.44 0.0195631
-4.43 0.0198346
-4.42 0.0201088
-4.41 0.0203858
-4.4 0.0206656
-4.39 0.0209482
-4.38 0.0212337
-4.37 0.021522
-4.36 0.0218132
-4.35 0.0221073
-4.34 0.0224042
-4.33 0.022704
-4.32 0.0230067
-4.31 0.0233123
-4.3 0.0236208
-4.29 0.0239322
-4.28 0.0242466
-4.27 0.0245639
-4.26 0.0248842
-4.25 0.0252073
-4.24 0.0255335
-4.23 0.0258626
-4.22 0.0261947
-4.21 0.0265298
-4.2 0.0268679
-4.19 0.0272089
-4.18 0.0275529
-4.17 0.0279
-4.16 0.02825
-4.15 0.028603
-4.14 0.0289591
-4.13 0.0293181
-4.12 0.0296802
-4.11 0.0300453
-4.1 0.0304134
-4.09 0.0307845
-4.08 0.0311587
-4.07 0.0315359
-4.06 0.031916
-4.05 0.0322992
-4.04 0.0326855
-4.03 0.0330747
-4.02 0.033467
-4.01 0.0338623
-4 0.0342605
-3.99 0.0346618
-3.98 0.0350661
-3.97 0.0354734
-3.96 0.0358837
-3.95 0.036297
-3.94 0.0367133
-3.93 0.0371326
-3.92 0.0375548
-3.91 0.03798
-3.9 0.0384081
-3.89 0.0388393
-3.88 0.0392733
-3.87 0.0397103
-3.86 0.0401502
-3.85 0.0405931
-3.84 0.0410388
-3.83 0.0414874
-3.82 0.0419389
-3.81 0.0423933
-3.8 0.0428506
-3.79 0.0433107
-3.78 0.0437736
-3.77 0.0442393
-3.76 0.0447079
-3.75 0.0451792
-3.74 0.0456533
-3.73 0.0461302
-3.72 0.0466098
-3.71 0.0470921
-3.7 0.0475772
-3.69 0.0480649
-3.68 0.0485553
-3.67 0.0490483
-3.66 0.049544
-3.65 0.0500423
-3.64 0.0505431
-3.63 0.0510466
-3.62 0.0515526
-3.61 0.0520611
-3.6 0.052572
-3.59 0.0530855
-3.58 0.0536014
-3.57 0.0541198
-3.56 0.0546405
-3.55 0.0551636
-3.54 0.0556891
-3.53 0.0562169
-3.52 0.0567469
-3.51 0.0572793
-3.5 0.0578139
-3.49 0.0583506
-3.48 0.0588896
-3.47 0.0594307
-3.46 0.0599739
-3.45 0.0605192
-3.44 0.0610665
-3.43 0.0616159
-3.42 0.0621672
-3.41 0.0627205
-3.4 0.0632758
-3.39 0.0638329
-3.38 0.0643918
-3.37 0.0649526
-3.36 0.0655151
-3.35 0.0660794
-3.34 0.0666454
-3.33 0.067213
-3.32 0.0677823
-3.31 0.0683531
-3.3 0.0689255
-3.29 0.0694995
-3.28 0.0700748
-3.27 0.0706517
-3.26 0.0712299
-3.25 0.0718094
-3.24 0.0723903
-3.23 0.0729724
-3.22 0.0735557
-3.21 0.0741402
-3.2 0.0747259
-3.19 0.0753126
-3.18 0.0759004
-3.17 0.0764891
-3.16 0.0770789
-3.15 0.0776695
-3.14 0.078261
-3.13 0.0788533
-3.12 0.0794464
-3.11 0.0800402
-3.1 0.0806347
-3.09 0.0812298
-3.08 0.0818255
-3.07 0.0824217
-3.06 0.0830184
-3.05 0.0836155
-3.04 0.084213
-3.03 0.0848109
-3.02 0.085409
-3.01 0.0860074
-3 0.0866059
-2.99 0.0872046
-2.98 0.0878033
-2.97 0.0884021
-2.96 0.0890009
-2.95 0.0895996
-2.94 0.0901981
-2.93 0.0907965
-2.92 0.0913947
-2.91 0.0919926
-2.9 0.0925901
-2.89 0.0931872
-2.88 0.093784
-2.87 0.0943802
-2.86 0.0949758
-2.85 0.0955709
-2.84 0.0961653
-2.83 0.0967591
-2.82 0.097352
-2.81 0.0979442
-2.8 0.0985354
-2.79 0.0991258
-2.78 0.0997152
-2.77 0.100304
-2.76 0.100891
-2.75 0.101477
-2.74 0.102062
-2.73 0.102646
-2.72 0.103228
-2.71 0.103809
-2.7 0.104389
-2.69 0.104967
-2.68 0.105544
-2.67 0.106119
-2.66 0.106692
-2.65 0.107264
-2.64 0.107834
-2.63 0.108403
-2.62 0.108969
-2.61 0.109534
-2.6 0.110097
-2.59 0.110658
-2.58 0.111216
-2.57 0.111773
-2.56 0.112327
-2.55 0.11288
-2.54 0.11343
-2.53 0.113978
-2.52 0.114523
-2.51 0.115066
-2.5 0.115607
-2.49 0.116145
-2.48 0.116681
-2.47 0.117214
-2.46 0.117745
-2.45 0.118273
-2.44 0.118798
-2.43 0.11932
-2.42 0.11984
-2.41 0.120356
-2.4 0.12087
-2.39 0.121381
-2.38 0.121889
-2.37 0.122394
-2.36 0.122895
-2.35 0.123394
-2.34 0.12389
-2.33 0.124382
-2.32 0.124871
-2.31 0.125357
-2.3 0.125839
-2.29 0.126318
-2.28 0.126794
-2.27 0.127266
-2.26 0.127735
-2.25 0.1282
-2.24 0.128662
-2.23 0.12912
-2.22 0.129575
-2.21 0.130026
-2.2 0.130473
-2.19 0.130917
-2.18 0.131356
-2.17 0.131792
-2.16 0.132225
-2.15 0.132653
-2.14 0.133077
-2.13 0.133498
-2.12 0.133915
-2.11 0.134328
-2.1 0.134736
-2.09 0.135141
-2.08 0.135542
-2.07 0.135938
-2.06 0.136331
-2.05 0.13672
-2.04 0.137104
-2.03 0.137484
-2.02 0.13786
-2.01 0.138232
-2 0.1386
-1.99 0.138964
-1.98 0.139323
-1.97 0.139678
-1.96 0.140029
-1.95 0.140376
-1.94 0.140718
-1.93 0.141056
-1.92 0.14139
-1.91 0.141719
-1.9 0.142044
-1.89 0.142365
-1.88 0.142681
-1.87 0.142993
-1.86 0.143301
-1.85 0.143604
-1.84 0.143903
-1.83 0.144198
-1.82 0.144488
-1.81 0.144774
-1.8 0.145055
-1.79 0.145332
-1.78 0.145605
-1.77 0.145873
-1.76 0.146137
-1.75 0.146397
-1.74 0.146652
-1.73 0.146903
-1.72 0.14715
-1.71 0.147392
-1.7 0.14763
-1.69 0.147863
-1.68 0.148092
-1.67 0.148317
-1.66 0.148538
-1.65 0.148754
-1.64 0.148967
-1.63 0.149174
-1.62 0.149378
-1.61 0.149577
-1.6 0.149773
-1.59 0.149964
-1.58 0.15015
-1.57 0.150333
-1.56 0.150512
-1.55 0.150686
-1.54 0.150856
-1.53 0.151023
-1.52 0.151185
-1.51 0.151343
-1.5 0.151497
-1.49 0.151648
-1.48 0.151794
-1.47 0.151936
-1.46 0.152075
-1.45 0.152209
-1.44 0.15234
-1.43 0.152467
-1.42 0.15259
-1.41 0.152709
-1.4 0.152825
-1.39 0.152937
-1.38 0.153045
-1.37 0.15315
-1.36 0.153251
-1.35 0.153349
-1.34 0.153443
-1.33 0.153534
-1.32 0.153621
-1.31 0.153705
-1.3 0.153785
-1.29 0.153862
-1.28 0.153936
-1.27 0.154006
-1.26 0.154073
-1.25 0.154138
-1.24 0.154198
-1.23 0.154256
-1.22 0.154311
-1.21 0.154363
-1.2 0.154412
-1.19 0.154458
-1.18 0.154501
-1.17 0.154541
-1.16 0.154578
-1.15 0.154613
-1.14 0.154645
-1.13 0.154674
-1.12 0.154701
-1.11 0.154725
-1.1 0.154746
-1.09 0.154765
-1.08 0.154782
-1.07 0.154796
-1.06 0.154808
-1.05 0.154818
-1.04 0.154825
-1.03 0.15483
-1.02 0.154833
-1.01 0.154834
-1 0.154833
-0.99 0.15483
-0.98 0.154825
-0.97 0.154818
-0.96 0.154809
-0.95 0.154798
-0.94 0.154786
-0.93 0.154772
-0.92 0.154756
-0.91 0.154738
-0.9 0.154719
-0.89 0.154699
-0.88 0.154677
-0.87 0.154653
-0.86 0.154628
-0.85 0.154602
-0.84 0.154575
-0.83 0.154546
-0.82 0.154516
-0.81 0.154485
-0.8 0.154453
-0.79 0.15442
-0.78 0.154386
-0.77 0.15435
-0.76 0.154314
-0.75 0.154278
-0.74 0.15424
-0.73 0.154202
-0.72 0.154162
-0.71 0.154123
-0.7 0.154082
-0.69 0.154041
-0.68 0.154
-0.67 0.153957
-0.66 0.153915
-0.65 0.153872
-0.64 0.153829
-0.63 0.153785
-0.62 0.153741
-0.61 0.153697
-0.6 0.153653
-0.59 0.153609
-0.58 0.153564
-0.57 0.15352
-0.56 0.153475
-0.55 0.15343
-0.54 0.153386
-0.53 0.153341
-0.52 0.153297
-0.51 0.153253
-0.5 0.153209
-0.49 0.153165
-0.48 0.153122
-0.47 0.153079
-0.46 0.153036
-0.45 0.152994
-0.44 0.152952
-0.43 0.15291
-0.42 0.152869
-0.41 0.152829
-0.4 0.152789
-0.39 0.152749
-0.38 0.15271
-0.37 0.152672
-0.36 0.152635
-0.35 0.152598
-0.34 0.152562
-0.33 0.152526
-0.32 0.152492
-0.31 0.152458
-0.3 0.152425
-0.29 0.152393
-0.28 0.152362
-0.27 0.152331
-0.26 0.152302
-0.25 0.152274
-0.24 0.152246
-0.23 0.152219
-0.22 0.152194
-0.21 0.152169
-0.2 0.152146
-0.19 0.152123
-0.18 0.152102
-0.17 0.152081
-0.16 0.152062
-0.15 0.152044
-0.14 0.152027
-0.13 0.152011
-0.12 0.151996
-0.11 0.151982
-0.1 0.15197
-0.09 0.151959
-0.08 0.151948
-0.07 0.151939
-0.06 0.151932
-0.05 0.151925
-0.04 0.15192
-0.03 0.151915
-0.02 0.151912
-0.01 0.151911
0 0.15191
0.01 0.151911
0.02 0.151912
0.03 0.151915
0.04 0.15192
0.05 0.151925
0.06 0.151932
0.07 0.151939
0.08 0.151948
0.09 0.151959
0.1 0.15197
0.11 0.151982
0.12 0.151996
0.13 0.152011
0.14 0.152027
0.15 0.152044
0.16 0.152062
0.17 0.152081
0.18 0.152102
0.19 0.152123
0.2 0.152146
0.21 0.152169
0.22 0.152194
0.23 0.152219
0.24 0.152246
0.25 0.152274
0.26 0.152302
0.27 0.152331
0.28 0.152362
0.29 0.152393
0.3 0.152425
0.31 0.152458
0.32 0.152492
0.33 0.152526
0.34 0.152562
0.35 0.152598
0.36 0.152635
0.37 0.152672
0.38 0.15271
0.39 0.152749
0.4 0.152789
0.41 0.152829
0.42 0.152869
0.43 0.15291
0.44 0.152952
0.45 0.152994
0.46 0.153036
0.47 0.153079
0.48 0.153122
0.49 0.153165
0.5 0.153209
0.51 0.153253
0.52 0.153297
0.53 0.153341
0.54 0.153386
0.55 0.15343
0.56 0.153475
0.57 0.15352
0.58 0.153564
0.59 0.153609
0.6 0.153653
0.61 0.153697
0.62 0.153741
0.63 0.153785
0.64 0.153829
0.65 0.153872
0.66 0.153915
0.67 0.153957
0.68 0.154
0.69 0.154041
0.7 0.154082
0.71 0.154123
0.72 0.154162
0.73 0.154202
0.74 0.15424
0.75 0.154278
0.76 0.154314
0.77 0.15435
0.78 0.154386
0.79 0.15442
0.8 0.154453
0.81 0.154485
0.82 0.154516
0.83 0.154546
0.84 0.154575
0.85 0.154602
0.86 0.154628
0.87 0.154653
0.88 0.154677
0.89 0.154699
0.9 0.154719
0.91 0.154738
0.92 0.154756
0.93 0.154772
0.94 0.154786
0.95 0.154798
0.96 0.154809
0.97 0.154818
0.98 0.154825
0.99 0.15483
1 0.154833
1.01 0.154834
1.02 0.154833
1.03 0.15483
1.04 0.154825
1.05 0.154818
1.06 0.154808
1.07 0.154796
1.08 0.154782
1.09 0.154765
1.1 0.154746
1.11 0.154725
1.12 0.154701
1.13 0.154674
1.14 0.154645
1.15 0.154613
1.16 0.154578
1.17 0.154541
1.18 0.154501
1.19 0.154458
1.2 0.154412
1.21 0.154363
1.22 0.154311
1.23 0.154256
1.24 0.154198
1.25 0.154138
1.26 0.154073
1.27 0.154006
1.28 0.153936
1.29 0.153862
1.3 0.153785
1.31 0.153705
1.32 0.153621
1.33 0.153534
1.34 0.153443
1.35 0.153349
1.36 0.153251
1.37 0.15315
1.38 0.153045
1.39 0.152937
1.4 0.152825
1.41 0.152709
1.42 0.15259
1.43 0.152467
1.44 0.15234
1.45 0.152209
1.46 0.152075
1.47 0.151936
1.48 0.151794
1.49 0.151648
1.5 0.151497
1.51 0.151343
1.52 0.151185
1.53 0.151023
1.54 0.150856
1.55 0.150686
1.56 0.150512
1.57 0.150333
1.58 0.15015
1.59 0.149964
1.6 0.149773
1.61 0.149577
1.62 0.149378
1.63 0.149174
1.64 0.148967
1.65 0.148754
1.66 0.148538
1.67 0.148317
1.68 0.148092
1.69 0.147863
1.7 0.14763
1.71 0.147392
1.72 0.14715
1.73 0.146903
1.74 0.146652
1.75 0.146397
1.76 0.146137
1.77 0.145873
1.78 0.145605
1.79 0.145332
1.8 0.145055
1.81 0.144774
1.82 0.144488
1.83 0.144198
1.84 0.143903
1.85 0.143604
1.86 0.143301
1.87 0.142993
1.88 0.142681
1.89 0.142365
1.9 0.142044
1.91 0.141719
1.92 0.14139
1.93 0.141056
1.94 0.140718
1.95 0.140376
1.96 0.140029
1.97 0.139678
1.98 0.139323
1.99 0.138964
2 0.1386
2.01 0.138232
2.02 0.13786
2.03 0.137484
2.04 0.137104
2.05 0.13672
2.06 0.136331
2.07 0.135938
2.08 0.135542
2.09 0.135141
2.1 0.134736
2.11 0.134328
2.12 0.133915
2.13 0.133498
2.14 0.133077
2.15 0.132653
2.16 0.132225
2.17 0.131792
2.18 0.131356
2.19 0.130917
2.2 0.130473
2.21 0.130026
2.22 0.129575
2.23 0.12912
2.24 0.128662
2.25 0.1282
2.26 0.127735
2.27 0.127266
2.28 0.126794
2.29 0.126318
2.3 0.125839
2.31 0.125357
2.32 0.124871
2.33 0.124382
2.34 0.12389
2.35 0.123394
2.36 0.122895
2.37 0.122394
2.38 0.121889
2.39 0.121381
2.4 0.12087
2.41 0.120356
2.42 0.11984
2.43 0.11932
2.44 0.118798
2.45 0.118273
2.46 0.117745
2.47 0.117214
2.48 0.116681
2.49 0.116145
2.5 0.115607
2.51 0.115066
2.52 0.114523
2.53 0.113978
2.54 0.11343
2.55 0.11288
2.56 0.112327
2.57 0.111773
2.58 0.111216
2.59 0.110658
2.6 0.110097
2.61 0.109534
2.62 0.108969
2.63 0.108403
2.64 0.107834
2.65 0.107264
2.66 0.106692
2.67 0.106119
2.68 0.105544
2.69 0.104967
2.7 0.104389
2.71 0.103809
2.72 0.103228
2.73 0.102646
2.74 0.102062
2.75 0.101477
2.76 0.100891
2.77 0.100304
2.78 0.0997152
2.79 0.0991258
2.8 0.0985354
2.81 0.0979442
2.82 0.097352
2.83 0.0967591
2.84 0.0961653
2.85 0.0955709
2.86 0.0949758
2.87 0.0943802
2.88 0.093784
2.89 0.0931872
2.9 0.0925901
2.91 0.0919926
2.92 0.0913947
2.93 0.0907965
2.94 0.0901981
2.95 0.0895996
2.96 0.0890009
2.97 0.0884021
2.98 0.0878033
2.99 0.0872046
3 0.0866059
3.01 0.0860074
3.02 0.085409
3.03 0.0848109
3.04 0.084213
3.05 0.0836155
3.06 0.0830184
3.07 0.0824217
3.08 0.0818255
3.09 0.0812298
3.1 0.0806347
3.11 0.0800402
3.12 0.0794464
3.13 0.0788533
3.14 0.078261
3.15 0.0776695
3.16 0.0770789
3.17 0.0764891
3.18 0.0759004
3.19 0.0753126
3.2 0.0747259
3.21 0.0741402
3.22 0.0735557
3.23 0.0729724
3.24 0.0723903
3.25 0.0718094
3.26 0.0712299
3.27 0.0706517
3.28 0.0700748
3.29 0.0694995
3.3 0.0689255
3.31 0.0683531
3.32 0.0677823
3.33 0.067213
3.34 0.0666454
3.35 0.0660794
3.36 0.0655151
3.37 0.0649526
3.38 0.0643918
3.39 0.0638329
3.4 0.0632758
3.41 0.0627205
3.42 0.0621672
3.43 0.0616159
3.44 0.0610665
3.45 0.0605192
3.46 0.0599739
3.47 0.0594307
3.48 0.0588896
3.49 0.0583506
3.5 0.0578139
3.51 0.0572793
3.52 0.0567469
3.53 0.0562169
3.54 0.0556891
3.55 0.0551636
3.56 0.0546405
3.57 0.0541198
3.58 0.0536014
3.59 0.0530855
3.6 0.052572
3.61 0.0520611
3.62 0.0515526
3.63 0.0510466
3.64 0.0505431
3.65 0.0500423
3.66 0.049544
3.67 0.0490483
3.68 0.0485553
3.69 0.0480649
3.7 0.0475772
3.71 0.0470921
3.72 0.0466098
3.73 0.0461302
3.74 0.0456533
3.75 0.0451792
3.76 0.0447079
3.77 0.0442393
3.78 0.0437736
3.79 0.0433107
3.8 0.0428506
3.81 0.0423933
3.82 0.0419389
3.83 0.0414874
3.84 0.0410388
3.85 0.0405931
3.86 0.0401502
3.87 0.0397103
3.88 0.0392733
3.89 0.0388393
3.9 0.0384081
3.91 0.03798
3.92 0.0375548
3.93 0.0371326
3.94 0.0367133
3.95 0.036297
3.96 0.0358837
3.97 0.0354734
3.98 0.0350661
3.99 0.0346618
4 0.0342605
4.01 0.0338623
4.02 0.033467
4.03 0.0330747
4.04 0.0326855
4.05 0.0322992
4.06 0.031916
4.07 0.0315359
4.08 0.0311587
4.09 0.0307845
4.1 0.0304134
4.11 0.0300453
4.12 0.0296802
4.13 0.0293181
4.14 0.0289591
4.15 0.028603
4.16 0.02825
4.17 0.0279
4.18 0.0275529
4.19 0.0272089
4.2 0.0268679
4.21 0.0265298
4.22 0.0261947
4.23 0.0258626
4.24 0.0255335
4.25 0.0252073
4.26 0.0248842
4.27 0.0245639
4.28 0.0242466
4.29 0.0239322
4.3 0.0236208
4.31 0.0233123
4.32 0.0230067
4.33 0.022704
4.34 0.0224042
4.35 0.0221073
4.36 0.0218132
4.37 0.021522
4.38 0.0212337
4.39 0.0209482
4.4 0.0206656
4.41 0.0203858
4.42 0.0201088
4.43 0.0198346
4.44 0.0195631
4.45 0.0192945
4.46 0.0190286
4.47 0.0187655
4.48 0.0185051
4.49 0.0182474
4.5 0.0179925
4.51 0.0177402
4.52 0.0174906
4.53 0.0172438
4.54 0.0169995
4.55 0.0167579
4.56 0.016519
4.57 0.0162826
4.58 0.0160489
4.59 0.0158177
4.6 0.0155891
4.61 0.0153631
4.62 0.0151396
4.63 0.0149186
4.64 0.0147002
4.65 0.0144842
4.66 0.0142707
4.67 0.0140597
4.68 0.0138511
4.69 0.0136449
4.7 0.0134412
4.71 0.0132399
4.72 0.0130409
4.73 0.0128443
4.74 0.0126501
4.75 0.0124582
4.76 0.0122686
4.77 0.0120813
4.78 0.0118962
4.79 0.0117135
4.8 0.011533
4.81 0.0113547
4.82 0.0111786
4.83 0.0110047
4.84 0.010833
4.85 0.0106635
4.86 0.0104961
4.87 0.0103308
4.88 0.0101676
4.89 0.0100065
4.9 0.00984752
4.91 0.00969057
4.92 0.00953565
4.93 0.00938275
4.94 0.00923185
4.95 0.00908294
4.96 0.00893599
4.97 0.00879099
4.98 0.00864793
4.99 0.00850677
5 0.00836752
5.01 0.00823014
5.02 0.00809462
5.03 0.00796094
5.04 0.00782909
5.05 0.00769905
5.06 0.0075708
5.07 0.00744433
5.08 0.00731961
5.09 0.00719662
5.1 0.00707536
5.11 0.00695581
5.12 0.00683794
5.13 0.00672173
5.14 0.00660719
5.15 0.00649427
5.16 0.00638298
5.17 0.00627328
5.18 0.00616518
5.19 0.00605863
5.2 0.00595364
5.21 0.00585019
5.22 0.00574825
5.23 0.00564781
5.24 0.00554885
5.25 0.00545137
5.26 0.00535533
5.27 0.00526073
5.28 0.00516755
5.29 0.00507577
5.3 0.00498538
5.31 0.00489636
5.32 0.00480869
5.33 0.00472237
5.34 0.00463736
5.35 0.00455367
5.36 0.00447126
5.37 0.00439014
5.38 0.00431027
5.39 0.00423166
5.4 0.00415427
5.41 0.0040781
5.42 0.00400313
5.43 0.00392934
5.44 0.00385673
5.45 0.00378528
5.46 0.00371497
5.47 0.00364578
5.48 0.00357771
5.49 0.00351074
5.5 0.00344486
5.51 0.00338005
5.52 0.00331629
5.53 0.00325358
5.54 0.0031919
5.55 0.00313123
5.56 0.00307157
5.57 0.00301289
5.58 0.0029552
5.59 0.00289847
5.6 0.00284268
5.61 0.00278784
5.62 0.00273392
5.63 0.00268091
5.64 0.0026288
5.65 0.00257758
5.66 0.00252723
5.67 0.00247775
5.68 0.00242911
5.69 0.00238132
5.7 0.00233435
5.71 0.00228819
5.72 0.00224284
5.73 0.00219828
5.74 0.0021545
5.75 0.00211149
5.76 0.00206924
5.77 0.00202773
5.78 0.00198696
5.79 0.00194691
5.8 0.00190758
5.81 0.00186895
5.82 0.00183101
5.83 0.00179376
5.84 0.00175718
5.85 0.00172126
5.86 0.00168599
5.87 0.00165136
5.88 0.00161737
5.89 0.001584
5.9 0.00155124
5.91 0.00151908
5.92 0.00148752
5.93 0.00145655
5.94 0.00142614
5.95 0.00139631
5.96 0.00136703
5.97 0.0013383
5.98 0.00131011
5.99 0.00128245
