-6 4.97187e-13
-5.99 5.38032e-13
-5.98 5.82157e-13
-5.97 6.29817e-13
-5.96 6.81289e-13
-5.95 7.36871e-13
-5.94 7.96882e-13
-5.93 8.61667e-13
-5.92 9.31597e-13
-5.91 1.00707e-12
-5.9 1.08851e-12
-5.89 1.17639e-12
-5.88 1.27119e-12
-5.87 1.37345e-12
-5.86 1.48374e-12
-5.85 1.60267e-12
-5.84 1.73091e-12
-5.83 1.86917e-12
-5.82 2.01821e-12
-5.81 2.17884e-12
-5.8 2.35194e-12
-5.79 2.53847e-12
-5.78 2.73942e-12
-5.77 2.9559e-12
-5.76 3.18906e-12
-5.75 3.44016e-12
-5.74 3.71054e-12
-5.73 4.00165e-12
-5.72 4.31503e-12
-5.71 4.65233e-12
-5.7 5.01535e-12
-5.69 5.40597e-12
-5.68 5.82625e-12
-5.67 6.27838e-12
-5.66 6.76471e-12
-5.65 7.28774e-12
-5.64 7.85019e-12
-5.63 8.45492e-12
-5.62 9.10504e-12
-5.61 9.80387e-12
-5.6 1.05549e-11
-5.59 1.1362e-11
-5.58 1.22293e-11
-5.57 1.31609e-11
-5.56 1.41617e-11
-5.55 1.52366e-11
-5.54 1.63909e-11
-5.53 1.76303e-11
-5.52 1.8961e-11
-5.51 2.03894e-11
-5.5 2.19225e-11
-5.49 2.35678e-11
-5.48 2.53333e-11
-5.47 2.72274e-11
-5.46 2.92592e-11
-5.45 3.14386e-11
-5.44 3.37758e-11
-5.43 3.62821e-11
-5.42 3.89691e-11
-5.41 4.18496e-11
-5.4 4.49372e-11
-5.39 4.82462e-11
-5.38 5.1792e-11
-5.37 5.55911e-11
-5.36 5.9661e-11
-5.35 6.40205e-11
-5.34 6.86894e-11
-5.33 7.36892e-11
-5.32 7.90424e-11
-5.31 8.47734e-11
-5.3 9.0908e-11
-5.29 9.74736e-11
-5.28 1.045e-10
-5.27 1.12017e-10
-5.26 1.2006e-10
-5.25 1.28663e-10
-5.24 1.37865e-10
-5.23 1.47705e-10
-5.22 1.58227e-10
-5.21 1.69476e-10
-5.2 1.81501e-10
-5.19 1.94353e-10
-5.18 2.08088e-10
-5.17 2.22764e-10
-5.16 2.38445e-10
-5.15 2.55195e-10
-5.14 2.73086e-10
-5.13 2.92192e-10
-5.12 3.12595e-10
-5.11 3.34377e-10
-5.1 3.57631e-10
-5.09 3.82451e-10
-5.08 4.08941e-10
-5.07 4.37207e-10
-5.06 4.67365e-10
-5.05 4.99538e-10
-5.04 5.33856e-10
-5.03 5.70456e-10
-5.02 6.09484e-10
-5.01 6.51098e-10
-5 6.9546e-10
-4.99 7.42748e-10
-4.98 7.93147e-10
-4.97 8.46854e-10
-4.96 9.04078e-10
-4.95 9.65042e-10
-4.94 1.02998e-09
-4.93 1.09915e-09
-4.92 1.1728e-09
-4.91 1.25123e-09
-4.9 1.33472e-09
-4.89 1.4236e-09
-4.88 1.51819e-09
-4.87 1.61886e-09
-4.86 1.72598e-09
-4.85 1.83994e-09
-4.84 1.96117e-09
-4.83 2.09011e-09
-4.82 2.22724e-09
-4.81 2.37304e-09
-4.8 2.52807e-09
-4.79 2.69286e-09
-4.78 2.86802e-09
-4.77 3.05417e-09
-4.76 3.25197e-09
-4.75 3.46212e-09
-4.74 3.68538e-09
-4.73 3.92251e-09
-4.72 4.17435e-09
-4.71 4.44177e-09
-4.7 4.72571e-09
-4.69 5.02713e-09
-4.68 5.34708e-09
-4.67 5.68663e-09
-4.66 6.04696e-09
-4.65 6.42927e-09
-4.64 6.83485e-09
-4.63 7.26506e-09
-4.62 7.72133e-09
-4.61 8.20517e-09
-4.6 8.71819e-09
-4.59 9.26206e-09
-4.58 9.83856e-09
-4.57 1.04496e-08
-4.56 1.10971e-08
-4.55 1.17831e-08
-4.54 1.251e-08
-4.53 1.32799e-08
-4.52 1.40953e-08
-4.51 1.49589e-08
-4.5 1.58732e-08
-4.49 1.68413e-08
-4.48 1.7866e-08
-4.47 1.89506e-08
-4.46 2.00983e-08
-4.45 2.13128e-08
-4.44 2.25977e-08
-4.43 2.39569e-08
-4.42 2.53945e-08
-4.41 2.69148e-08
-4.4 2.85224e-08
-4.39 3.0222e-08
-4.38 3.20187e-08
-4.37 3.39177e-08
-4.36 3.59246e-08
-4.35 3.80453e-08
-4.34 4.02858e-08
-4.33 4.26527e-08
-4.32 4.51527e-08
-4.31 4.77929e-08
-4.3 5.05808e-08
-4.29 5.35244e-08
-4.28 5.66317e-08
-4.27 5.99116e-08
-4.26 6.33731e-08
-4.25 6.70257e-08
-4.24 7.08796e-08
-4.23 7.49451e-08
-4.22 7.92334e-08
-4.21 8.37561e-08
-4.2 8.85252e-08
-4.19 9.35536e-08
-4.18 9.88546e-08
-4.17 1.04442e-07
-4.16 1.10331e-07
-4.15 1.16537e-07
-4.14 1.23075e-07
-4.13 1.29963e-07
-4.12 1.37219e-07
-4.11 1.4486e-07
-4.1 1.52907e-07
-4.09 1.6138e-07
-4.08 1.703e-07
-4.07 1.79689e-07
-4.06 1.89571e-07
-4.05 1.9997e-07
-4.04 2.10911e-07
-4.03 2.22422e-07
-4.02 2.34531e-07
-4.01 2.47266e-07
-4 2.60658e-07
-3.99 2.74739e-07
-3.98 2.89543e-07
-3.97 3.05104e-07
-3.96 3.21459e-07
-3.95 3.38647e-07
-3.94 3.56706e-07
-3.93 3.75679e-07
-3.92 3.95609e-07
-3.91 4.16542e-07
-3.9 4.38524e-07
-3.89 4.61606e-07
-3.88 4.85838e-07
-3.87 5.11276e-07
-3.86 5.37974e-07
-3.85 5.65992e-07
-3.84 5.95391e-07
-3.83 6.26234e-07
-3.82 6.58589e-07
-3.81 6.92524e-07
-3.8 7.28111e-07
-3.79 7.65427e-07
-3.78 8.04549e-07
-3.77 8.45559e-07
-3.76 8.88543e-07
-3.75 9.33589e-07
-3.74 9.80789e-07
-3.73 1.03024e-06
-3.72 1.08204e-06
-3.71 1.1363e-06
-3.7 1.19312e-06
-3.69 1.25262e-06
-3.68 1.31491e-06
-3.67 1.38012e-06
-3.66 1.44837e-06
-3.65 1.51979e-06
-3.64 1.59453e-06
-3.63 1.67273e-06
-3.62 1.75452e-06
-3.61 1.84008e-06
-3.6 1.92955e-06
-3.59 2.02311e-06
-3.58 2.12093e-06
-3.57 2.22318e-06
-3.56 2.33006e-06
-3.55 2.44175e-06
-3.54 2.55847e-06
-3.53 2.6804e-06
-3.52 2.80779e-06
-3.51 2.94084e-06
-3.5 3.07979e-06
-3.49 3.22488e-06
-3.48 3.37636e-06
-3.47 3.5345e-06
-3.46 3.69956e-06
-3.45 3.87182e-06
-3.44 4.05157e-06
-3.43 4.23911e-06
-3.42 4.43476e-06
-3.41 4.63882e-06
-3.4 4.85164e-06
-3.39 5.07356e-06
-3.38 5.30494e-06
-3.37 5.54615e-06
-3.36 5.79757e-06
-3.35 6.0596e-06
-3.34 6.33264e-06
-3.33 6.61713e-06
-3.32 6.91351e-06
-3.31 7.22222e-06
-3.3 7.54373e-06
-3.29 7.87854e-06
-3.28 8.22715e-06
-3.27 8.59007e-06
-3.26 8.96784e-06
-3.25 9.36102e-06
-3.24 9.77019e-06
-3.23 1.01959e-05
-3.22 1.06389e-05
-3.21 1.10996e-05
-3.2 1.15788e-05
-3.19 1.20772e-05
-3.18 1.25955e-05
-3.17 1.31343e-05
-3.16 1.36944e-05
-3.15 1.42766e-05
-3.14 1.48817e-05
-3.13 1.55105e-05
-3.12 1.61639e-05
-3.11 1.68427e-05
-3.1 1.75478e-05
-3.09 1.82802e-05
-3.08 1.90409e-05
-3.07 1.98307e-05
-3.06 2.06508e-05
-3.05 2.15023e-05
-3.04 2.23862e-05
-3.03 2.33036e-05
-3.02 2.42557e-05
-3.01 2.52438e-05
-3 2.62691e-05
-2.99 2.73328e-05
-2.98 2.84363e-05
-2.97 2.95811e-05
-2.96 3.07685e-05
-2.95 3.19999e-05
-2.94 3.3277e-05
-2.93 3.46013e-05
-2.92 3.59744e-05
-2.91 3.73981e-05
-2.9 3.8874e-05
-2.89 4.0404e-05
-2.88 4.19901e-05
-2.87 4.3634e-05
-2.86 4.53379e-05
-2.85 4.71038e-05
-2.84 4.8934e-05
-2.83 5.08306e-05
-2.82 5.27961e-05
-2.81 5.48328e-05
-2.8 5.69434e-05
-2.79 5.91304e-05
-2.78 6.13966e-05
-2.77 6.37448e-05
-2.76 6.61781e-05
-2.75 6.86996e-05
-2.74 7.13124e-05
-2.73 7.402e-05
-2.72 7.68259e-05
-2.71 7.97339e-05
-2.7 8.27477e-05
-2.69 8.58715e-05
-2.68 8.91095e-05
-2.67 9.24661e-05
-2.66 9.5946e-05
-2.65 9.9554e-05
-2.64 0.000103295
-2.63 0.000107176
-2.62 0.0001112
-2.61 0.000115375
-2.6 0.000119706
-2.59 0.000124201
-2.58 0.000128866
-2.57 0.000133709
-2.56 0.000138737
-2.55 0.000143959
-2.54 0.000149383
-2.53 0.000155018
-2.52 0.000160875
-2.51 0.000166963
-2.5 0.000173292
-2.49 0.000179876
-2.48 0.000186725
-2.47 0.000193853
-2.46 0.000201273
-2.45 0.000209
-2.44 0.000217049
-2.43 0.000225436
-2.42 0.000234179
-2.41 0.000243295
-2.4 0.000252805
-2.39 0.000262728
-2.38 0.000273087
-2.37 0.000283905
-2.36 0.000295205
-2.35 0.000307016
-2.34 0.000319364
-2.33 0.000332278
-2.32 0.00034579
-2.31 0.000359933
-2.3 0.000374743
-2.29 0.000390256
-2.28 0.000406512
-2.27 0.000423554
-2.26 0.000441425
-2.25 0.000460174
-2.24 0.000479851
-2.23 0.000500508
-2.22 0.000522202
-2.21 0.000544993
-2.2 0.000568945
-2.19 0.000594124
-2.18 0.000620602
-2.17 0.000648454
-2.16 0.00067776
-2.15 0.000708603
-2.14 0.000741074
-2.13 0.000775266
-2.12 0.00081128
-2.11 0.000849221
-2.1 0.0008892
-2.09 0.000931335
-2.08 0.000975749
-2.07 0.00102258
-2.06 0.00107195
-2.05 0.00112402
-2.04 0.00117894
-2.03 0.00123687
-2.02 0.00129799
-2.01 0.00136246
-2 0.00143048
-1.99 0.00150226
-1.98 0.00157799
-1.97 0.0016579
-1.96 0.00174221
-1.95 0.00183118
-1.94 0.00192506
-1.93 0.00202411
-1.92 0.00212861
-1.91 0.00223885
-1.9 0.00235515
-1.89 0.00247782
-1.88 0.00260721
-1.87 0.00274366
-1.86 0.00288755
-1.85 0.00303925
-1.84 0.00319917
-1.83 0.00336773
-1.82 0.00354537
-1.81 0.00373255
-1.8 0.00392973
-1.79 0.00413743
-1.78 0.00435615
-1.77 0.00458643
-1.76 0.00482883
-1.75 0.00508394
-1.74 0.00535235
-1.73 0.0056347
-1.72 0.00593164
-1.71 0.00624383
-1.7 0.00657199
-1.69 0.00691683
-1.68 0.00727911
-1.67 0.0076596
-1.66 0.00805912
-1.65 0.00847848
-1.64 0.00891854
-1.63 0.0093802
-1.62 0.00986437
-1.61 0.010372
-1.6 0.010904
-1.59 0.0114615
-1.58 0.0120453
-1.57 0.0126567
-1.56 0.0132967
-1.55 0.0139664
-1.54 0.0146669
-1.53 0.0153995
-1.52 0.0161653
-1.51 0.0169655
-1.5 0.0178015
-1.49 0.0186745
-1.48 0.0195858
-1.47 0.0205368
-1.46 0.0215288
-1.45 0.0225632
-1.44 0.0236415
-1.43 0.0247651
-1.42 0.0259356
-1.41 0.0271542
-1.4 0.0284227
-1.39 0.0297426
-1.38 0.0311153
-1.37 0.0325425
-1.36 0.0340258
-1.35 0.0355668
-1.34 0.0371671
-1.33 0.0388284
-1.32 0.0405523
-1.31 0.0423404
-1.3 0.0441945
-1.29 0.0461162
-1.28 0.0481073
-1.27 0.0501693
-1.26 0.0523039
-1.25 0.0545129
-1.24 0.0567979
-1.23 0.0591606
-1.22 0.0616026
-1.21 0.0641255
-1.2 0.0667311
-1.19 0.0694208
-1.18 0.0721962
-1.17 0.075059
-1.16 0.0780106
-1.15 0.0810525
-1.14 0.0841862
-1.13 0.0874131
-1.12 0.0907346
-1.11 0.094152
-1.1 0.0976665
-1.09 0.101279
-1.08 0.104992
-1.07 0.108805
-1.06 0.11272
-1.05 0.116738
-1.04 0.120859
-1.03 0.125085
-1.02 0.129416
-1.01 0.133853
-1 0.138396
-0.99 0.143047
-0.98 0.147804
-0.97 0.15267
-0.96 0.157643
-0.95 0.162724
-0.94 0.167913
-0.93 0.17321
-0.92 0.178615
-0.91 0.184127
-0.9 0.189746
-0.89 0.195471
-0.88 0.201301
-0.87 0.207237
-0.86 0.213276
-0.85 0.219417
-0.84 0.22566
-0.83 0.232003
-0.82 0.238444
-0.81 0.244982
-0.8 0.251615
-0.79 0.258341
-0.78 0.265158
-0.77 0.272064
-0.76 0.279055
-0.75 0.286131
-0.74 0.293288
-0.73 0.300523
-0.72 0.307833
-0.71 0.315216
-0.7 0.322667
-0.69 0.330184
-0.68 0.337763
-0.67 0.3454
-0.66 0.353091
-0.65 0.360833
-0.64 0.368622
-0.63 0.376452
-0.62 0.38432
-0.61 0.392221
-0.6 0.400151
-0.59 0.408105
-0.58 0.416078
-0.57 0.424065
-0.56 0.432061
-0.55 0.44006
-0.54 0.448059
-0.53 0.45605
-0.52 0.464029
-0.51 0.471991
-0.5 0.479929
-0.49 0.487838
-0.48 0.495713
-0.47 0.503547
-0.46 0.511334
-0.45 0.51907
-0.44 0.526747
-0.43 0.53436
-0.42 0.541904
-0.41 0.549371
-0.4 0.556756
-0.39 0.564054
-0.38 0.571258
-0.37 0.578362
-0.36 0.58536
-0.35 0.592247
-0.34 0.599016
-0.33 0.605663
-0.32 0.61218
-0.31 0.618563
-0.3 0.624807
-0.29 0.630904
-0.28 0.636851
-0.27 0.642641
-0.26 0.64827
-0.25 0.653733
-0.24 0.659024
-0.23 0.664139
-0.22 0.669073
-0.21 0.673821
-0.2 0.678379
-0.19 0.682744
-0.18 0.68691
-0.17 0.690874
-0.16 0.694632
-0.15 0.698181
-0.14 0.701517
-0.13 0.704637
-0.12 0.707538
-0.11 0.710217
-0.1 0.712673
-0.09 0.714901
-0.08 0.716901
-0.07 0.71867
-0.06 0.720207
-0.05 0.72151
-0.04 0.722577
-0.03 0.723409
-0.02 0.724003
-0.01 0.72436
0 0.724479
0.01 0.72436
0.02 0.724003
0.03 0.723409
0.04 0.722577
0.05 0.72151
0.06 0.720207
0.07 0.71867
0.08 0.716901
0.09 0.714901
0.1 0.712673
0.11 0.710217
0.12 0.707538
0.13 0.704637
0.14 0.701517
0.15 0.698181
0.16 0.694632
0.17 0.690874
0.18 0.68691
0.19 0.682744
0.2 0.678379
0.21 0.673821
0.22 0.669073
0.23 0.664139
0.24 0.659024
0.25 0.653733
0.26 0.64827
0.27 0.642641
0.28 0.636851
0.29 0.630904
0.3 0.624807
0.31 0.618563
0.32 0.61218
0.33 0.605663
0.34 0.599016
0.35 0.592247
0.36 0.58536
0.37 0.578362
0.38 0.571258
0.39 0.564054
0.4 0.556756
0.41 0.549371
0.42 0.541904
0.43 0.53436
0.44 0.526747
0.45 0.51907
0.46 0.511334
0.47 0.503547
0.48 0.495713
0.49 0.487838
0.5 0.479929
0.51 0.471991
0.52 0.464029
0.53 0.45605
0.54 0.448059
0.55 0.44006
0.56 0.432061
0.57 0.424065
0.58 0.416078
0.59 0.408105
0.6 0.400151
0.61 0.392221
0.62 0.38432
0.63 0.376452
0.64 0.368622
0.65 0.360833
0.66 0.353091
0.67 0.3454
0.68 0.337763
0.69 0.330184
0.7 0.322667
0.71 0.315216
0.72 0.307833
0.73 0.300523
0.74 0.293288
0.75 0.286131
0.76 0.279055
0.77 0.272064
0.78 0.265158
0.79 0.258341
0.8 0.251615
0.81 0.244982
0.82 0.238444
0.83 0.232003
0.84 0.22566
0.85 0.219417
0.86 0.213276
0.87 0.207237
0.88 0.201301
0.89 0.195471
0.9 0.189746
0.91 0.184127
0.92 0.178615
0.93 0.17321
0.94 0.167913
0.95 0.162724
0.96 0.157643
0.97 0.15267
0.98 0.147804
0.99 0.143047
1 0.138396
1.01 0.133853
1.02 0.129416
1.03 0.125085
1.04 0.120859
1.05 0.116738
1.06 0.11272
1.07 0.108805
1.08 0.104992
1.09 0.101279
1.1 0.0976665
1.11 0.094152
1.12 0.0907346
1.13 0.0874131
1.14 0.0841862
1.15 0.0810525
1.16 0.0780106
1.17 0.075059
1.18 0.0721962
1.19 0.0694208
1.2 0.0667311
1.21 0.0641255
1.22 0.0616026
1.23 0.0591606
1.24 0.0567979
1.25 0.0545129
1.26 0.0523039
1.27 0.0501693
1.28 0.0481073
1.29 0.0461162
1.3 0.0441945
1.31 0.0423404
1.32 0.0405523
1.33 0.0388284
1.34 0.0371671
1.35 0.0355668
1.36 0.0340258
1.37 0.0325425
1.38 0.0311153
1.39 0.0297426
1.4 0.0284227
1.41 0.0271542
1.42 0.0259356
1.43 0.0247651
1.44 0.0236415
1.45 0.0225632
1.46 0.0215288
1.47 0.0205368
1.48 0.0195858
1.49 0.0186745
1.5 0.0178015
1.51 0.0169655
1.52 0.0161653
1.53 0.0153995
1.54 0.0146669
1.55 0.0139664
1.56 0.0132967
1.57 0.0126567
1.58 0.0120453
1.59 0.0114615
1.6 0.010904
1.61 0.010372
1.62 0.00986437
1.63 0.0093802
1.64 0.00891854
1.65 0.00847848
1.66 0.00805912
1.67 0.0076596
1.68 0.00727911
1.69 0.00691683
1.7 0.00657199
1.71 0.00624383
1.72 0.00593164
1.73 0.0056347
1.74 0.00535235
1.75 0.00508394
1.76 0.00482883
1.77 0.00458643
1.78 0.00435615
1.79 0.00413743
1.8 0.00392973
1.81 0.00373255
1.82 0.00354537
1.83 0.00336773
1.84 0.00319917
1.85 0.00303925
1.86 0.00288755
1.87 0.00274366
1.88 0.00260721
1.89 0.00247782
1.9 0.00235515
1.91 0.00223885
1.92 0.00212861
1.93 0.00202411
1.94 0.00192506
1.95 0.00183118
1.96 0.00174221
1.97 0.0016579
1.98 0.00157799
1.99 0.00150226
2 0.00143048
2.01 0.00136246
2.02 0.00129799
2.03 0.00123687
2.04 0.00117894
2.05 0.00112402
2.06 0.00107195
2.07 0.00102258
2.08 0.000975749
2.09 0.000931335
2.1 0.0008892
2.11 0.000849221
2.12 0.00081128
2.13 0.000775266
2.14 0.000741074
2.15 0.000708603
2.16 0.00067776
2.17 0.000648454
2.18 0.000620602
2.19 0.000594124
2.2 0.000568945
2.21 0.000544993
2.22 0.000522202
2.23 0.000500508
2.24 0.000479851
2.25 0.000460174
2.26 0.000441425
2.27 0.000423554
2.28 0.000406512
2.29 0.000390256
2.3 0.000374743
2.31 0.000359933
2.32 0.00034579
2.33 0.000332278
2.34 0.000319364
2.35 0.000307016
2.36 0.000295205
2.37 0.000283905
2.38 0.000273087
2.39 0.000262728
2.4 0.000252805
2.41 0.000243295
2.42 0.000234179
2.43 0.000225436
2.44 0.000217049
2.45 0.000209
2.46 0.000201273
2.47 0.000193853
2.48 0.000186725
2.49 0.000179876
2.5 0.000173292
2.51 0.000166963
2.52 0.000160875
2.53 0.000155018
2.54 0.000149383
2.55 0.000143959
2.56 0.000138737
2.57 0.000133709
2.58 0.000128866
2.59 0.000124201
2.6 0.000119706
2.61 0.000115375
2.62 0.0001112
2.63 0.000107176
2.64 0.000103295
2.65 9.9554e-05
2.66 9.5946e-05
2.67 9.24661e-05
2.68 8.91095e-05
2.69 8.58715e-05
2.7 8.27477e-05
2.71 7.97339e-05
2.72 7.68259e-05
2.73 7.402e-05
2.74 7.13124e-05
2.75 6.86996e-05
2.76 6.61781e-05
2.77 6.37448e-05
2.78 6.13966e-05
2.79 5.91304e-05
2.8 5.69434e-05
2.81 5.48328e-05
2.82 5.27961e-05
2.83 5.08306e-05
2.84 4.8934e-05
2.85 4.71038e-05
2.86 4.53379e-05
2.87 4.3634e-05
2.88 4.19901e-05
2.89 4.0404e-05
2.9 3.8874e-05
2.91 3.73981e-05
2.92 3.59744e-05
2.93 3.46013e-05
2.94 3.3277e-05
2.95 3.19999e-05
2.96 3.07685e-05
2.97 2.95811e-05
2.98 2.84363e-05
2.99 2.73328e-05
3 2.62691e-05
3.01 2.52438e-05
3.02 2.42557e-05
3.03 2.33036e-05
3.04 2.23862e-05
3.05 2.15023e-05
3.06 2.06508e-05
3.07 1.98307e-05
3.08 1.90409e-05
3.09 1.82802e-05
3.1 1.75478e-05
3.11 1.68427e-05
3.12 1.61639e-05
3.13 1.55105e-05
3.14 1.48817e-05
3.15 1.42766e-05
3.16 1.36944e-05
3.17 1.31343e-05
3.18 1.25955e-05
3.19 1.20772e-05
3.2 1.15788e-05
3.21 1.10996e-05
3.22 1.06389e-05
3.23 1.01959e-05
3.24 9.77019e-06
3.25 9.36102e-06
3.26 8.96784e-06
3.27 8.59007e-06
3.28 8.22715e-06
3.29 7.87854e-06
3.3 7.54373e-06
3.31 7.22222e-06
3.32 6.91351e-06
3.33 6.61713e-06
3.34 6.33264e-06
3.35 6.0596e-06
3.36 5.79757e-06
3.37 5.54615e-06
3.38 5.30494e-06
3.39 5.07356e-06
3.4 4.85164e-06
3.41 4.63882e-06
3.42 4.43476e-06
3.43 4.23911e-06
3.44 4.05157e-06
3.45 3.87182e-06
3.46 3.69956e-06
3.47 3.5345e-06
3.48 3.37636e-06
3.49 3.22488e-06
3.5 3.07979e-06
3.51 2.94084e-06
3.52 2.80779e-06
3.53 2.6804e-06
3.54 2.55847e-06
3.55 2.44175e-06
3.56 2.33006e-06
3.57 2.22318e-06
3.58 2.12093e-06
3.59 2.02311e-06
3.6 1.92955e-06
3.61 1.84008e-06
3.62 1.75452e-06
3.63 1.67273e-06
3.64 1.59453e-06
3.65 1.51979e-06
3.66 1.44837e-06
3.67 1.38012e-06
3.68 1.31491e-06
3.69 1.25262e-06
3.7 1.19312e-06
3.71 1.1363e-06
3.72 1.08204e-06
3.73 1.03024e-06
3.74 9.80789e-07
3.75 9.33589e-07
3.76 8.88543e-07
3.77 8.45559e-07
3.78 8.04549e-07
3.79 7.65427e-07
3.8 7.28111e-07
3.81 6.92524e-07
3.82 6.58589e-07
3.83 6.26234e-07
3.84 5.95391e-07
3.85 5.65992e-07
3.86 5.37974e-07
3.87 5.11276e-07
3.88 4.85838e-07
3.89 4.61606e-07
3.9 4.38524e-07
3.91 4.16542e-07
3.92 3.95609e-07
3.93 3.75679e-07
3.94 3.56706e-07
3.95 3.38647e-07
3.96 3.21459e-07
3.97 3.05104e-07
3.98 2.89543e-07
3.99 2.74739e-07
4 2.60658e-07
4.01 2.47266e-07
4.02 2.34531e-07
4.03 2.22422e-07
4.04 2.10911e-07
4.05 1.9997e-07
4.06 1.89571e-07
4.07 1.79689e-07
4.08 1.703e-07
4.09 1.6138e-07
4.1 1.52907e-07
4.11 1.4486e-07
4.12 1.37219e-07
4.13 1.29963e-07
4.14 1.23075e-07
4.15 1.16537e-07
4.16 1.10331e-07
4.17 1.04442e-07
4.18 9.88546e-08
4.19 9.35536e-08
4.2 8.85252e-08
4.21 8.37561e-08
4.22 7.92334e-08
4.23 7.49451e-08
4.24 7.08796e-08
4.25 6.70257e-08
4.26 6.33731e-08
4.27 5.99116e-08
4.28 5.66317e-08
4.29 5.35244e-08
4.3 5.05808e-08
4.31 4.77929e-08
4.32 4.51527e-08
4.33 4.26527e-08
4.34 4.02858e-08
4.35 3.80453e-08
4.36 3.59246e-08
4.37 3.39177e-08
4.38 3.20187e-08
4.39 3.0222e-08
4.4 2.85224e-08
4.41 2.69148e-08
4.42 2.53945e-08
4.43 2.39569e-08
4.44 2.25977e-08
4.45 2.13128e-08
4.46 2.00983e-08
4.47 1.89506e-08
4.48 1.7866e-08
4.49 1.68413e-08
4.5 1.58732e-08
4.51 1.49589e-08
4.52 1.40953e-08
4.53 1.32799e-08
4.54 1.251e-08
4.55 1.17831e-08
4.56 1.10971e-08
4.57 1.04496e-08
4.58 9.83856e-09
4.59 9.26206e-09
4.6 8.71819e-09
4.61 8.20517e-09
4.62 7.72133e-09
4.63 7.26506e-09
4.64 6.83485e-09
4.65 6.42927e-09
4.66 6.04696e-09
4.67 5.68663e-09
4.68 5.34708e-09
4.69 5.02713e-09
4.7 4.72571e-09
4.71 4.44177e-09
4.72 4.17435e-09
4.73 3.92251e-09
4.74 3.68538e-09
4.75 3.46212e-09
4.76 3.25197e-09
4.77 3.05417e-09
4.78 2.86802e-09
4.79 2.69286e-09
4.8 2.52807e-09
4.81 2.37304e-09
4.82 2.22724e-09
4.83 2.09011e-09
4.84 1.96117e-09
4.85 1.83994e-09
4.86 1.72598e-09
4.87 1.61886e-09
4.88 1.51819e-09
4.89 1.4236e-09
4.9 1.33472e-09
4.91 1.25123e-09
4.92 1.1728e-09
4.93 1.09915e-09
4.94 1.02998e-09
4.95 9.65042e-10
4.96 9.04078e-10
4.97 8.46854e-10
4.98 7.93147e-10
4.99 7.42748e-10
5 6.9546e-10
5.01 6.51098e-10
5.02 6.09484e-10
5.03 5.70456e-10
5.04 5.33856e-10
5.05 4.99538e-10
5.06 4.67365e-10
5.07 4.37207e-10
5.08 4.08941e-10
5.09 3.82451e-10
5.1 3.57631e-10
5.11 3.34377e-10
5.12 3.12595e-10
5.13 2.92192e-10
5.14 2.73086e-10
5.15 2.55195e-10
5.16 2.38445e-10
5.17 2.22764e-10
5.18 2.08088e-10
5.19 1.94353e-10
5.2 1.81501e-10
5.21 1.69476e-10
5.22 1.58227e-10
5.23 1.47705e-10
5.24 1.37865e-10
5.25 1.28663e-10
5.26 1.2006e-10
5.27 1.12017e-10
5.28 1.045e-10
5.29 9.74736e-11
5.3 9.0908e-11
5.31 8.47734e-11
5.32 7.90424e-11
5.33 7.36892e-11
5.34 6.86894e-11
5.35 6.40205e-11
5.36 5.9661e-11
5.37 5.55911e-11
5.38 5.1792e-11
5.39 4.82462e-11
5.4 4.49372e-11
5.41 4.18496e-11
5.42 3.89691e-11
5.43 3.62821e-11
5.44 3.37758e-11
5.45 3.14386e-11
5.46 2.92592e-11
5.47 2.72274e-11
5.48 2.53333e-11
5.49 2.35678e-11
5.5 2.19225e-11
5.51 2.03894e-11
5.52 1.8961e-11
5.53 1.76303e-11
5.54 1.63909e-11
5.55 1.52366e-11
5.56 1.41617e-11
5.57 1.31609e-11
5.58 1.22293e-11
5.59 1.1362e-11
5.6 1.05549e-11
5.61 9.80387e-12
5.62 9.10504e-12
5.63 8.45492e-12
5.64 7.85019e-12
5.65 7.28774e-12
5.66 6.76471e-12
5.67 6.27838e-12
5.68 5.82625e-12
5.69 5.40597e-12
5.7 5.01535e-12
5.71 4.65233e-12
5.72 4.31503e-12
5.73 4.00165e-12
5.74 3.71054e-12
5.75 3.44016e-12
5.76 3.18906e-12
5.77 2.9559e-12
5.78 2.73942e-12
5.79 2.53847e-12
5.8 2.35194e-12
5.81 2.17884e-12
5.82 2.01821e-12
5.83 1.86917e-12
5.84 1.73091e-12
5.85 1.60267e-12
5.86 1.48374e-12
5.87 1.37345e-12
5.88 1.27119e-12
5.89 1.17639e-12
5.9 1.08851e-12
5.91 1.00707e-12
5.92 9.31597e-13
5.93 8.61667e-13
5.94 7.96882e-13
5.95 7.36871e-13
5.96 6.81289e-13
5.97 6.29817e-13
5.98 5.82157e-13
5.99 5.38032e-13
