-6 0.00199005
-5.99 0.00202928
-5.98 0.0020692
-5.97 0.00210981
-5.96 0.00215111
-5.95 0.00219313
-5.94 0.00223586
-5.93 0.00227933
-5.92 0.00232353
-5.91 0.00236848
-5.9 0.00241419
-5.89 0.00246068
-5.88 0.00250794
-5.87 0.002556
-5.86 0.00260486
-5.85 0.00265453
-5.84 0.00270503
-5.83 0.00275636
-5.82 0.00280854
-5.81 0.00286158
-5.8 0.00291548
-5.79 0.00297027
-5.78 0.00302595
-5.77 0.00308253
-5.76 0.00314003
-5.75 0.00319846
-5.74 0.00325783
-5.73 0.00331814
-5.72 0.00337943
-5.71 0.00344168
-5.7 0.00350493
-5.69 0.00356917
-5.68 0.00363443
-5.67 0.00370071
-5.66 0.00376803
-5.65 0.00383641
-5.64 0.00390584
-5.63 0.00397635
-5.62 0.00404796
-5.61 0.00412066
-5.6 0.00419448
-5.59 0.00426943
-5.58 0.00434552
-5.57 0.00442276
-5.56 0.00450118
-5.55 0.00458077
-5.54 0.00466157
-5.53 0.00474357
-5.52 0.0048268
-5.51 0.00491126
-5.5 0.00499698
-5.49 0.00508396
-5.48 0.00517222
-5.47 0.00526178
-5.46 0.00535264
-5.45 0.00544483
-5.44 0.00553835
-5.43 0.00563322
-5.42 0.00572946
-5.41 0.00582708
-5.4 0.00592609
-5.39 0.00602651
-5.38 0.00612836
-5.37 0.00623164
-5.36 0.00633638
-5.35 0.00644258
-5.34 0.00655027
-5.33 0.00665946
-5.32 0.00677016
-5.31 0.00688239
-5.3 0.00699616
-5.29 0.00711149
-5.28 0.0072284
-5.27 0.00734689
-5.26 0.00746699
-5.25 0.00758871
-5.24 0.00771206
-5.23 0.00783706
-5.22 0.00796373
-5.21 0.00809207
-5.2 0.00822212
-5.19 0.00835387
-5.18 0.00848735
-5.17 0.00862257
-5.16 0.00875956
-5.15 0.00889831
-5.14 0.00903885
-5.13 0.0091812
-5.12 0.00932536
-5.11 0.00947136
-5.1 0.00961921
-5.09 0.00976893
-5.08 0.00992052
-5.07 0.010074
-5.06 0.0102294
-5.05 0.0103867
-5.04 0.010546
-5.03 0.0107073
-5.02 0.0108705
-5.01 0.0110356
-5 0.0112028
-4.99 0.0113721
-4.98 0.0115433
-4.97 0.0117166
-4.96 0.0118919
-4.95 0.0120694
-4.94 0.0122489
-4.93 0.0124305
-4.92 0.0126143
-4.91 0.0128002
-4.9 0.0129882
-4.89 0.0131785
-4.88 0.0133708
-4.87 0.0135654
-4.86 0.0137622
-4.85 0.0139612
-4.84 0.0141625
-4.83 0.014366
-4.82 0.0145718
-4.81 0.0147798
-4.8 0.0149902
-4.79 0.0152028
-4.78 0.0154178
-4.77 0.0156351
-4.76 0.0158547
-4.75 0.0160767
-4.74 0.0163011
-4.73 0.0165279
-4.72 0.016757
-4.71 0.0169886
-4.7 0.0172226
-4.69 0.017459
-4.68 0.0176979
-4.67 0.0179392
-4.66 0.018183
-4.65 0.0184292
-4.64 0.018678
-4.63 0.0189293
-4.62 0.019183
-4.61 0.0194393
-4.6 0.0196982
-4.59 0.0199596
-4.58 0.0202235
-4.57 0.02049
-4.56 0.0207591
-4.55 0.0210307
-4.54 0.021305
-4.53 0.0215818
-4.52 0.0218613
-4.51 0.0221433
-4.5 0.022428
-4.49 0.0227154
-4.48 0.0230054
-4.47 0.023298
-4.46 0.0235933
-4.45 0.0238912
-4.44 0.0241919
-4.43 0.0244952
-4.42 0.0248011
-4.41 0.0251098
-4.4 0.0254212
-4.39 0.0257352
-4.38 0.026052
-4.37 0.0263715
-4.36 0.0266937
-4.35 0.0270186
-4.34 0.0273462
-4.33 0.0276766
-4.32 0.0280097
-4.31 0.0283455
-4.3 0.0286841
-4.29 0.0290253
-4.28 0.0293694
-4.27 0.0297161
-4.26 0.0300656
-4.25 0.0304179
-4.24 0.0307729
-4.23 0.0311306
-4.22 0.031491
-4.21 0.0318542
-4.2 0.0322202
-4.19 0.0325889
-4.18 0.0329603
-4.17 0.0333344
-4.16 0.0337113
-4.15 0.0340909
-4.14 0.0344732
-4.13 0.0348583
-4.12 0.035246
-4.11 0.0356365
-4.1 0.0360297
-4.09 0.0364256
-4.08 0.0368241
-4.07 0.0372254
-4.06 0.0376293
-4.05 0.0380359
-4.04 0.0384452
-4.03 0.0388572
-4.02 0.0392718
-4.01 0.039689
-4 0.0401089
-3.99 0.0405313
-3.98 0.0409564
-3.97 0.0413841
-3.96 0.0418144
-3.95 0.0422473
-3.94 0.0426827
-3.93 0.0431207
-3.92 0.0435613
-3.91 0.0440043
-3.9 0.0444499
-3.89 0.044898
-3.88 0.0453486
-3.87 0.0458016
-3.86 0.0462571
-3.85 0.046715
-3.84 0.0471754
-3.83 0.0476381
-3.82 0.0481032
-3.81 0.0485708
-3.8 0.0490406
-3.79 0.0495128
-3.78 0.0499873
-3.77 0.0504641
-3.76 0.0509432
-3.75 0.0514245
-3.74 0.051908
-3.73 0.0523938
-3.72 0.0528818
-3.71 0.0533719
-3.7 0.0538641
-3.69 0.0543585
-3.68 0.0548549
-3.67 0.0553535
-3.66 0.055854
-3.65 0.0563566
-3.64 0.0568612
-3.63 0.0573677
-3.62 0.0578762
-3.61 0.0583866
-3.6 0.0588988
-3.59 0.0594129
-3.58 0.0599289
-3.57 0.0604466
-3.56 0.0609661
-3.55 0.0614874
-3.54 0.0620103
-3.53 0.0625349
-3.52 0.0630612
-3.51 0.063589
-3.5 0.0641185
-3.49 0.0646495
-3.48 0.0651819
-3.47 0.0657159
-3.46 0.0662513
-3.45 0.0667882
-3.44 0.0673264
-3.43 0.0678659
-3.42 0.0684067
-3.41 0.0689488
-3.4 0.0694922
-3.39 0.0700367
-3.38 0.0705824
-3.37 0.0711291
-3.36 0.071677
-3.35 0.0722259
-3.34 0.0727758
-3.33 0.0733267
-3.32 0.0738785
-3.31 0.0744312
-3.3 0.0749847
-3.29 0.075539
-3.28 0.076094
-3.27 0.0766498
-3.26 0.0772063
-3.25 0.0777634
-3.24 0.0783211
-3.23 0.0788793
-3.22 0.079438
-3.21 0.0799972
-3.2 0.0805568
-3.19 0.0811168
-3.18 0.0816771
-3.17 0.0822377
-3.16 0.0827986
-3.15 0.0833596
-3.14 0.0839208
-3.13 0.0844821
-3.12 0.0850434
-3.11 0.0856048
-3.1 0.0861661
-3.09 0.0867273
-3.08 0.0872884
-3.07 0.0878494
-3.06 0.0884101
-3.05 0.0889705
-3.04 0.0895307
-3.03 0.0900904
-3.02 0.0906498
-3.01 0.0912087
-3 0.0917671
-2.99 0.0923249
-2.98 0.0928821
-2.97 0.0934387
-2.96 0.0939946
-2.95 0.0945497
-2.94 0.0951041
-2.93 0.0956576
-2.92 0.0962102
-2.91 0.0967618
-2.9 0.0973125
-2.89 0.0978621
-2.88 0.0984106
-2.87 0.098958
-2.86 0.0995042
-2.85 0.100049
-2.84 0.100593
-2.83 0.101135
-2.82 0.101676
-2.81 0.102216
-2.8 0.102754
-2.79 0.10329
-2.78 0.103825
-2.77 0.104359
-2.76 0.10489
-2.75 0.10542
-2.74 0.105949
-2.73 0.106475
-2.72 0.107
-2.71 0.107522
-2.7 0.108043
-2.69 0.108561
-2.68 0.109078
-2.67 0.109593
-2.66 0.110105
-2.65 0.110615
-2.64 0.111123
-2.63 0.111629
-2.62 0.112132
-2.61 0.112633
-2.6 0.113132
-2.59 0.113628
-2.58 0.114121
-2.57 0.114612
-2.56 0.115101
-2.55 0.115587
-2.54 0.11607
-2.53 0.11655
-2.52 0.117028
-2.51 0.117503
-2.5 0.117975
-2.49 0.118444
-2.48 0.11891
-2.47 0.119374
-2.46 0.119834
-2.45 0.120291
-2.44 0.120745
-2.43 0.121196
-2.42 0.121644
-2.41 0.122089
-2.4 0.12253
-2.39 0.122969
-2.38 0.123403
-2.37 0.123835
-2.36 0.124263
-2.35 0.124688
-2.34 0.125109
-2.33 0.125527
-2.32 0.125942
-2.31 0.126352
-2.3 0.12676
-2.29 0.127163
-2.28 0.127563
-2.27 0.12796
-2.26 0.128352
-2.25 0.128741
-2.24 0.129127
-2.23 0.129508
-2.22 0.129886
-2.21 0.13026
-2.2 0.13063
-2.19 0.130996
-2.18 0.131358
-2.17 0.131717
-2.16 0.132071
-2.15 0.132421
-2.14 0.132768
-2.13 0.133111
-2.12 0.133449
-2.11 0.133783
-2.1 0.134114
-2.09 0.13444
-2.08 0.134763
-2.07 0.135081
-2.06 0.135395
-2.05 0.135705
-2.04 0.136011
-2.03 0.136312
-2.02 0.13661
-2.01 0.136903
-2 0.137192
-1.99 0.137477
-1.98 0.137758
-1.97 0.138034
-1.96 0.138307
-1.95 0.138575
-1.94 0.138839
-1.93 0.139098
-1.92 0.139354
-1.91 0.139605
-1.9 0.139852
-1.89 0.140095
-1.88 0.140333
-1.87 0.140567
-1.86 0.140797
-1.85 0.141023
-1.84 0.141245
-1.83 0.141462
-1.82 0.141675
-1.81 0.141884
-1.8 0.142089
-1.79 0.142289
-1.78 0.142486
-1.77 0.142678
-1.76 0.142866
-1.75 0.143049
-1.74 0.143229
-1.73 0.143404
-1.72 0.143576
-1.71 0.143743
-1.7 0.143906
-1.69 0.144065
-1.68 0.14422
-1.67 0.144371
-1.66 0.144518
-1.65 0.144661
-1.64 0.144799
-1.63 0.144934
-1.62 0.145065
-1.61 0.145192
-1.6 0.145315
-1.59 0.145434
-1.58 0.14555
-1.57 0.145661
-1.56 0.145769
-1.55 0.145873
-1.54 0.145973
-1.53 0.146069
-1.52 0.146162
-1.51 0.146251
-1.5 0.146336
-1.49 0.146417
-1.48 0.146496
-1.47 0.14657
-1.46 0.146641
-1.45 0.146708
-1.44 0.146772
-1.43 0.146833
-1.42 0.14689
-1.41 0.146944
-1.4 0.146994
-1.39 0.147041
-1.38 0.147085
-1.37 0.147126
-1.36 0.147163
-1.35 0.147198
-1.34 0.147229
-1.33 0.147257
-1.32 0.147282
-1.31 0.147304
-1.3 0.147324
-1.29 0.14734
-1.28 0.147353
-1.27 0.147364
-1.26 0.147372
-1.25 0.147377
-1.24 0.147379
-1.23 0.147379
-1.22 0.147376
-1.21 0.147371
-1.2 0.147363
-1.19 0.147352
-1.18 0.147339
-1.17 0.147324
-1.16 0.147307
-1.15 0.147287
-1.14 0.147265
-1.13 0.14724
-1.12 0.147214
-1.11 0.147185
-1.1 0.147154
-1.09 0.147122
-1.08 0.147087
-1.07 0.147051
-1.06 0.147012
-1.05 0.146972
-1.04 0.14693
-1.03 0.146886
-1.02 0.146841
-1.01 0.146794
-1 0.146745
-0.99 0.146695
-0.98 0.146644
-0.97 0.146591
-0.96 0.146536
-0.95 0.146481
-0.94 0.146424
-0.93 0.146365
-0.92 0.146306
-0.91 0.146245
-0.9 0.146184
-0.89 0.146121
-0.88 0.146058
-0.87 0.145993
-0.86 0.145927
-0.85 0.145861
-0.84 0.145794
-0.83 0.145726
-0.82 0.145658
-0.81 0.145588
-0.8 0.145519
-0.79 0.145448
-0.78 0.145377
-0.77 0.145306
-0.76 0.145234
-0.75 0.145162
-0.74 0.14509
-0.73 0.145017
-0.72 0.144944
-0.71 0.144871
-0.7 0.144798
-0.69 0.144725
-0.68 0.144651
-0.67 0.144578
-0.66 0.144505
-0.65 0.144431
-0.64 0.144358
-0.63 0.144285
-0.62 0.144213
-0.61 0.14414
-0.6 0.144068
-0.59 0.143996
-0.58 0.143924
-0.57 0.143853
-0.56 0.143783
-0.55 0.143713
-0.54 0.143643
-0.53 0.143574
-0.52 0.143506
-0.51 0.143438
-0.5 0.143371
-0.49 0.143304
-0.48 0.143239
-0.47 0.143174
-0.46 0.14311
-0.45 0.143047
-0.44 0.142984
-0.43 0.142923
-0.42 0.142863
-0.41 0.142803
-0.4 0.142745
-0.39 0.142687
-0.38 0.142631
-0.37 0.142576
-0.36 0.142522
-0.35 0.142469
-0.34 0.142417
-0.33 0.142366
-0.32 0.142317
-0.31 0.142269
-0.3 0.142222
-0.29 0.142177
-0.28 0.142133
-0.27 0.14209
-0.26 0.142049
-0.25 0.142009
-0.24 0.14197
-0.23 0.141933
-0.22 0.141897
-0.21 0.141863
-0.2 0.14183
-0.19 0.141799
-0.18 0.141769
-0.17 0.141741
-0.16 0.141714
-0.15 0.141689
-0.14 0.141665
-0.13 0.141643
-0.12 0.141623
-0.11 0.141604
-0.1 0.141587
-0.09 0.141571
-0.08 0.141557
-0.07 0.141545
-0.06 0.141534
-0.05 0.141525
-0.04 0.141518
-0.03 0.141512
-0.02 0.141508
-0.01 0.141505
0 0.141504
0.01 0.141505
0.02 0.141508
0.03 0.141512
0.04 0.141518
0.05 0.141525
0.06 0.141534
0.07 0.141545
0.08 0.141557
0.09 0.141571
0.1 0.141587
0.11 0.141604
0.12 0.141623
0.13 0.141643
0.14 0.141665
0.15 0.141689
0.16 0.141714
0.17 0.141741
0.18 0.141769
0.19 0.141799
0.2 0.14183
0.21 0.141863
0.22 0.141897
0.23 0.141933
0.24 0.14197
0.25 0.142009
0.26 0.142049
0.27 0.14209
0.28 0.142133
0.29 0.142177
0.3 0.142222
0.31 0.142269
0.32 0.142317
0.33 0.142366
0.34 0.142417
0.35 0.142469
0.36 0.142522
0.37 0.142576
0.38 0.142631
0.39 0.142687
0.4 0.142745
0.41 0.142803
0.42 0.142863
0.43 0.142923
0.44 0.142984
0.45 0.143047
0.46 0.14311
0.47 0.143174
0.48 0.143239
0.49 0.143304
0.5 0.143371
0.51 0.143438
0.52 0.143506
0.53 0.143574
0.54 0.143643
0.55 0.143713
0.56 0.143783
0.57 0.143853
0.58 0.143924
0.59 0.143996
0.6 0.144068
0.61 0.14414
0.62 0.144213
0.63 0.144285
0.64 0.144358
0.65 0.144431
0.66 0.144505
0.67 0.144578
0.68 0.144651
0.69 0.144725
0.7 0.144798
0.71 0.144871
0.72 0.144944
0.73 0.145017
0.74 0.14509
0.75 0.145162
0.76 0.145234
0.77 0.145306
0.78 0.145377
0.79 0.145448
0.8 0.145519
0.81 0.145588
0.82 0.145658
0.83 0.145726
0.84 0.145794
0.85 0.145861
0.86 0.145927
0.87 0.145993
0.88 0.146058
0.89 0.146121
0.9 0.146184
0.91 0.146245
0.92 0.146306
0.93 0.146365
0.94 0.146424
0.95 0.146481
0.96 0.146536
0.97 0.146591
0.98 0.146644
0.99 0.146695
1 0.146745
1.01 0.146794
1.02 0.146841
1.03 0.146886
1.04 0.14693
1.05 0.146972
1.06 0.147012
1.07 0.147051
1.08 0.147087
1.09 0.147122
1.1 0.147154
1.11 0.147185
1.12 0.147214
1.13 0.14724
1.14 0.147265
1.15 0.147287
1.16 0.147307
1.17 0.147324
1.18 0.147339
1.19 0.147352
1.2 0.147363
1.21 0.147371
1.22 0.147376
1.23 0.147379
1.24 0.147379
1.25 0.147377
1.26 0.147372
1.27 0.147364
1.28 0.147353
1.29 0.14734
1.3 0.147324
1.31 0.147304
1.32 0.147282
1.33 0.147257
1.34 0.147229
1.35 0.147198
1.36 0.147163
1.37 0.147126
1.38 0.147085
1.39 0.147041
1.4 0.146994
1.41 0.146944
1.42 0.14689
1.43 0.146833
1.44 0.146772
1.45 0.146708
1.46 0.146641
1.47 0.14657
1.48 0.146496
1.49 0.146417
1.5 0.146336
1.51 0.146251
1.52 0.146162
1.53 0.146069
1.54 0.145973
1.55 0.145873
1.56 0.145769
1.57 0.145661
1.58 0.14555
1.59 0.145434
1.6 0.145315
1.61 0.145192
1.62 0.145065
1.63 0.144934
1.64 0.144799
1.65 0.144661
1.66 0.144518
1.67 0.144371
1.68 0.14422
1.69 0.144065
1.7 0.143906
1.71 0.143743
1.72 0.143576
1.73 0.143404
1.74 0.143229
1.75 0.143049
1.76 0.142866
1.77 0.142678
1.78 0.142486
1.79 0.142289
1.8 0.142089
1.81 0.141884
1.82 0.141675
1.83 0.141462
1.84 0.141245
1.85 0.141023
1.86 0.140797
1.87 0.140567
1.88 0.140333
1.89 0.140095
1.9 0.139852
1.91 0.139605
1.92 0.139354
1.93 0.139098
1.94 0.138839
1.95 0.138575
1.96 0.138307
1.97 0.138034
1.98 0.137758
1.99 0.137477
2 0.137192
2.01 0.136903
2.02 0.13661
2.03 0.136312
2.04 0.136011
2.05 0.135705
2.06 0.135395
2.07 0.135081
2.08 0.134763
2.09 0.13444
2.1 0.134114
2.11 0.133783
2.12 0.133449
2.13 0.133111
2.14 0.132768
2.15 0.132421
2.16 0.132071
2.17 0.131717
2.18 0.131358
2.19 0.130996
2.2 0.13063
2.21 0.13026
2.22 0.129886
2.23 0.129508
2.24 0.129127
2.25 0.128741
2.26 0.128352
2.27 0.12796
2.28 0.127563
2.29 0.127163
2.3 0.12676
2.31 0.126352
2.32 0.125942
2.33 0.125527
2.34 0.125109
2.35 0.124688
2.36 0.124263
2.37 0.123835
2.38 0.123403
2.39 0.122969
2.4 0.12253
2.41 0.122089
2.42 0.121644
2.43 0.121196
2.44 0.120745
2.45 0.120291
2.46 0.119834
2.47 0.119374
2.48 0.11891
2.49 0.118444
2.5 0.117975
2.51 0.117503
2.52 0.117028
2.53 0.11655
2.54 0.11607
2.55 0.115587
2.56 0.115101
2.57 0.114612
2.58 0.114121
2.59 0.113628
2.6 0.113132
2.61 0.112633
2.62 0.112132
2.63 0.111629
2.64 0.111123
2.65 0.110615
2.66 0.110105
2.67 0.109593
2.68 0.109078
2.69 0.108561
2.7 0.108043
2.71 0.107522
2.72 0.107
2.73 0.106475
2.74 0.105949
2.75 0.10542
2.76 0.10489
2.77 0.104359
2.78 0.103825
2.79 0.10329
2.8 0.102754
2.81 0.102216
2.82 0.101676
2.83 0.101135
2.84 0.100593
2.85 0.100049
2.86 0.0995042
2.87 0.098958
2.88 0.0984106
2.89 0.0978621
2.9 0.0973125
2.91 0.0967618
2.92 0.0962102
2.93 0.0956576
2.94 0.0951041
2.95 0.0945497
2.96 0.0939946
2.97 0.0934387
2.98 0.0928821
2.99 0.0923249
3 0.0917671
3.01 0.0912087
3.02 0.0906498
3.03 0.0900904
3.04 0.0895307
3.05 0.0889705
3.06 0.0884101
3.07 0.0878494
3.08 0.0872884
3.09 0.0867273
3.1 0.0861661
3.11 0.0856048
3.12 0.0850434
3.13 0.0844821
3.14 0.0839208
3.15 0.0833596
3.16 0.0827986
3.17 0.0822377
3.18 0.0816771
3.19 0.0811168
3.2 0.0805568
3.21 0.0799972
3.22 0.079438
3.23 0.0788793
3.24 0.0783211
3.25 0.0777634
3.26 0.0772063
3.27 0.0766498
3.28 0.076094
3.29 0.075539
3.3 0.0749847
3.31 0.0744312
3.32 0.0738785
3.33 0.0733267
3.34 0.0727758
3.35 0.0722259
3.36 0.071677
3.37 0.0711291
3.38 0.0705824
3.39 0.0700367
3.4 0.0694922
3.41 0.0689488
3.42 0.0684067
3.43 0.0678659
3.44 0.0673264
3.45 0.0667882
3.46 0.0662513
3.47 0.0657159
3.48 0.0651819
3.49 0.0646495
3.5 0.0641185
3.51 0.063589
3.52 0.0630612
3.53 0.0625349
3.54 0.0620103
3.55 0.0614874
3.56 0.0609661
3.57 0.0604466
3.58 0.0599289
3.59 0.0594129
3.6 0.0588988
3.61 0.0583866
3.62 0.0578762
3.63 0.0573677
3.64 0.0568612
3.65 0.0563566
3.66 0.055854
3.67 0.0553535
3.68 0.0548549
3.69 0.0543585
3.7 0.0538641
3.71 0.0533719
3.72 0.0528818
3.73 0.0523938
3.74 0.051908
3.75 0.0514245
3.76 0.0509432
3.77 0.0504641
3.78 0.0499873
3.79 0.0495128
3.8 0.0490406
3.81 0.0485708
3.82 0.0481032
3.83 0.0476381
3.84 0.0471754
3.85 0.046715
3.86 0.0462571
3.87 0.0458016
3.88 0.0453486
3.89 0.044898
3.9 0.0444499
3.91 0.0440043
3.92 0.0435613
3.93 0.0431207
3.94 0.0426827
3.95 0.0422473
3.96 0.0418144
3.97 0.0413841
3.98 0.0409564
3.99 0.0405313
4 0.0401089
4.01 0.039689
4.02 0.0392718
4.03 0.0388572
4.04 0.0384452
4.05 0.0380359
4.06 0.0376293
4.07 0.0372254
4.08 0.0368241
4.09 0.0364256
4.1 0.0360297
4.11 0.0356365
4.12 0.035246
4.13 0.0348583
4.14 0.0344732
4.15 0.0340909
4.16 0.0337113
4.17 0.0333344
4.18 0.0329603
4.19 0.0325889
4.2 0.0322202
4.21 0.0318542
4.22 0.031491
4.23 0.0311306
4.24 0.0307729
4.25 0.0304179
4.26 0.0300656
4.27 0.0297161
4.28 0.0293694
4.29 0.0290253
4.3 0.0286841
4.31 0.0283455
4.32 0.0280097
4.33 0.0276766
4.34 0.0273462
4.35 0.0270186
4.36 0.0266937
4.37 0.0263715
4.38 0.026052
4.39 0.0257352
4.4 0.0254212
4.41 0.0251098
4.42 0.0248011
4.43 0.0244952
4.44 0.0241919
4.45 0.0238912
4.46 0.0235933
4.47 0.023298
4.48 0.0230054
4.49 0.0227154
4.5 0.022428
4.51 0.0221433
4.52 0.0218613
4.53 0.0215818
4.54 0.021305
4.55 0.0210307
4.56 0.0207591
4.57 0.02049
4.58 0.0202235
4.59 0.0199596
4.6 0.0196982
4.61 0.0194393
4.62 0.019183
4.63 0.0189293
4.64 0.018678
4.65 0.0184292
4.66 0.018183
4.67 0.0179392
4.68 0.0176979
4.69 0.017459
4.7 0.0172226
4.71 0.0169886
4.72 0.016757
4.73 0.0165279
4.74 0.0163011
4.75 0.0160767
4.76 0.0158547
4.77 0.0156351
4.78 0.0154178
4.79 0.0152028
4.8 0.0149902
4.81 0.0147798
4.82 0.0145718
4.83 0.014366
4.84 0.0141625
4.85 0.0139612
4.86 0.0137622
4.87 0.0135654
4.88 0.0133708
4.89 0.0131785
4.9 0.0129882
4.91 0.0128002
4.92 0.0126143
4.93 0.0124305
4.94 0.0122489
4.95 0.0120694
4.96 0.0118919
4.97 0.0117166
4.98 0.0115433
4.99 0.0113721
5 0.0112028
5.01 0.0110356
5.02 0.0108705
5.03 0.0107073
5.04 0.010546
5.05 0.0103867
5.06 0.0102294
5.07 0.010074
5.08 0.00992052
5.09 0.00976893
5.1 0.00961921
5.11 0.00947136
5.12 0.00932536
5.13 0.0091812
5.14 0.00903885
5.15 0.00889831
5.16 0.00875956
5.17 0.00862257
5.18 0.00848735
5.19 0.00835387
5.2 0.00822212
5.21 0.00809207
5.22 0.00796373
5.23 0.00783706
5.24 0.00771206
5.25 0.00758871
5.26 0.00746699
5.27 0.00734689
5.28 0.0072284
5.29 0.00711149
5.3 0.00699616
5.31 0.00688239
5.32 0.00677016
5.33 0.00665946
5.34 0.00655027
5.35 0.00644258
5.36 0.00633638
5.37 0.00623164
5.38 0.00612836
5.39 0.00602651
5.4 0.00592609
5.41 0.00582708
5.42 0.00572946
5.43 0.00563322
5.44 0.00553835
5.45 0.00544483
5.46 0.00535264
5.47 0.00526178
5.48 0.00517222
5.49 0.00508396
5.5 0.00499698
5.51 0.00491126
5.52 0.0048268
5.53 0.00474357
5.54 0.00466157
5.55 0.00458077
5.56 0.00450118
5.57 0.00442276
5.58 0.00434552
5.59 0.00426943
5.6 0.00419448
5.61 0.00412066
5.62 0.00404796
5.63 0.00397635
5.64 0.00390584
5.65 0.00383641
5.66 0.00376803
5.67 0.00370071
5.68 0.00363443
5.69 0.00356917
5.7 0.00350493
5.71 0.00344168
5.72 0.00337943
5.73 0.00331814
5.74 0.00325783
5.75 0.00319846
5.76 0.00314003
5.77 0.00308253
5.78 0.00302595
5.79 0.00297027
5.8 0.00291548
5.81 0.00286158
5.82 0.00280854
5.83 0.00275636
5.84 0.00270503
5.85 0.00265453
5.86 0.00260486
5.87 0.002556
5.88 0.00250794
5.89 0.00246068
5.9 0.00241419
5.91 0.00236848
5.92 0.00232353
5.93 0.00227933
5.94 0.00223586
5.95 0.00219313
5.96 0.00215111
5.97 0.00210981
5.98 0.0020692
5.99 0.00202928
