-6 1.08145e-15
-5.99 1.17385e-15
-5.98 1.27396e-15
-5.97 1.38243e-15
-5.96 1.49992e-15
-5.95 1.62718e-15
-5.94 1.76499e-15
-5.93 1.91421e-15
-5.92 2.07576e-15
-5.91 2.25064e-15
-5.9 2.43992e-15
-5.89 2.64476e-15
-5.88 2.8664e-15
-5.87 3.10619e-15
-5.86 3.36558e-15
-5.85 3.64614e-15
-5.84 3.94954e-15
-5.83 4.2776e-15
-5.82 4.63228e-15
-5.81 5.01568e-15
-5.8 5.43007e-15
-5.79 5.87789e-15
-5.78 6.36177e-15
-5.77 6.88455e-15
-5.76 7.44927e-15
-5.75 8.05921e-15
-5.74 8.7179e-15
-5.73 9.42913e-15
-5.72 1.0197e-14
-5.71 1.10259e-14
-5.7 1.19205e-14
-5.69 1.2886e-14
-5.68 1.39277e-14
-5.67 1.50517e-14
-5.66 1.6264e-14
-5.65 1.75717e-14
-5.64 1.89819e-14
-5.63 2.05024e-14
-5.62 2.21417e-14
-5.61 2.39088e-14
-5.6 2.58135e-14
-5.59 2.7866e-14
-5.58 3.00776e-14
-5.57 3.24604e-14
-5.56 3.50271e-14
-5.55 3.77916e-14
-5.54 4.07687e-14
-5.53 4.39743e-14
-5.52 4.74254e-14
-5.51 5.11405e-14
-5.5 5.5139e-14
-5.49 5.9442e-14
-5.48 6.4072e-14
-5.47 6.90532e-14
-5.46 7.44116e-14
-5.45 8.01747e-14
-5.44 8.63724e-14
-5.43 9.30365e-14
-5.42 1.00201e-13
-5.41 1.07903e-13
-5.4 1.1618e-13
-5.39 1.25076e-13
-5.38 1.34634e-13
-5.37 1.44902e-13
-5.36 1.55933e-13
-5.35 1.6778e-13
-5.34 1.80503e-13
-5.33 1.94164e-13
-5.32 2.08831e-13
-5.31 2.24574e-13
-5.3 2.41472e-13
-5.29 2.59605e-13
-5.28 2.79062e-13
-5.27 2.99936e-13
-5.26 3.22327e-13
-5.25 3.46343e-13
-5.24 3.72097e-13
-5.23 3.99711e-13
-5.22 4.29316e-13
-5.21 4.61051e-13
-5.2 4.95064e-13
-5.19 5.31514e-13
-5.18 5.70569e-13
-5.17 6.1241e-13
-5.16 6.57229e-13
-5.15 7.05232e-13
-5.14 7.56638e-13
-5.13 8.11679e-13
-5.12 8.70606e-13
-5.11 9.33683e-13
-5.1 1.00119e-12
-5.09 1.07344e-12
-5.08 1.15074e-12
-5.07 1.23344e-12
-5.06 1.3219e-12
-5.05 1.41651e-12
-5.04 1.51768e-12
-5.03 1.62586e-12
-5.02 1.74151e-12
-5.01 1.86514e-12
-5 1.99726e-12
-4.99 2.13846e-12
-4.98 2.28932e-12
-4.97 2.45049e-12
-4.96 2.62264e-12
-4.95 2.80651e-12
-4.94 3.00286e-12
-4.93 3.2125e-12
-4.92 3.43632e-12
-4.91 3.67522e-12
-4.9 3.93019e-12
-4.89 4.20228e-12
-4.88 4.49259e-12
-4.87 4.8023e-12
-4.86 5.13266e-12
-4.85 5.48499e-12
-4.84 5.86071e-12
-4.83 6.26131e-12
-4.82 6.68837e-12
-4.81 7.14359e-12
-4.8 7.62875e-12
-4.79 8.14574e-12
-4.78 8.69658e-12
-4.77 9.2834e-12
-4.76 9.90846e-12
-4.75 1.05742e-11
-4.74 1.1283e-11
-4.73 1.20378e-11
-4.72 1.28413e-11
-4.71 1.36965e-11
-4.7 1.46068e-11
-4.69 1.55753e-11
-4.68 1.66059e-11
-4.67 1.77021e-11
-4.66 1.88682e-11
-4.65 2.01084e-11
-4.64 2.14271e-11
-4.63 2.28292e-11
-4.62 2.43197e-11
-4.61 2.5904e-11
-4.6 2.75877e-11
-4.59 2.93768e-11
-4.58 3.12777e-11
-4.57 3.32971e-11
-4.56 3.54419e-11
-4.55 3.77198e-11
-4.54 4.01386e-11
-4.53 4.27066e-11
-4.52 4.54328e-11
-4.51 4.83263e-11
-4.5 5.13971e-11
-4.49 5.46556e-11
-4.48 5.81126e-11
-4.47 6.178e-11
-4.46 6.56697e-11
-4.45 6.97948e-11
-4.44 7.4169e-11
-4.43 7.88064e-11
-4.42 8.37224e-11
-4.41 8.89329e-11
-4.4 9.44547e-11
-4.39 1.00306e-10
-4.38 1.06505e-10
-4.37 1.13071e-10
-4.36 1.20026e-10
-4.35 1.27391e-10
-4.34 1.3519e-10
-4.33 1.43447e-10
-4.32 1.52187e-10
-4.31 1.61437e-10
-4.3 1.71227e-10
-4.29 1.81585e-10
-4.28 1.92544e-10
-4.27 2.04136e-10
-4.26 2.16396e-10
-4.25 2.29362e-10
-4.24 2.43071e-10
-4.23 2.57564e-10
-4.22 2.72885e-10
-4.21 2.89077e-10
-4.2 3.06188e-10
-4.19 3.24268e-10
-4.18 3.43368e-10
-4.17 3.63544e-10
-4.16 3.84853e-10
-4.15 4.07355e-10
-4.14 4.31115e-10
-4.13 4.56198e-10
-4.12 4.82675e-10
-4.11 5.10619e-10
-4.1 5.40108e-10
-4.09 5.71222e-10
-4.08 6.04046e-10
-4.07 6.3867e-10
-4.06 6.75186e-10
-4.05 7.13694e-10
-4.04 7.54296e-10
-4.03 7.971e-10
-4.02 8.42219e-10
-4.01 8.89772e-10
-4 9.39883e-10
-3.99 9.92682e-10
-3.98 1.04831e-09
-3.97 1.1069e-09
-3.96 1.16861e-09
-3.95 1.2336e-09
-3.94 1.30202e-09
-3.93 1.37406e-09
-3.92 1.44989e-09
-3.91 1.52971e-09
-3.9 1.6137e-09
-3.89 1.70208e-09
-3.88 1.79507e-09
-3.87 1.89289e-09
-3.86 1.99578e-09
-3.85 2.10399e-09
-3.84 2.21777e-09
-3.83 2.33741e-09
-3.82 2.46319e-09
-3.81 2.59541e-09
-3.8 2.73438e-09
-3.79 2.88043e-09
-3.78 3.0339e-09
-3.77 3.19516e-09
-3.76 3.36457e-09
-3.75 3.54254e-09
-3.74 3.72948e-09
-3.73 3.92581e-09
-3.72 4.132e-09
-3.71 4.34851e-09
-3.7 4.57585e-09
-3.69 4.81454e-09
-3.68 5.06512e-09
-3.67 5.32818e-09
-3.66 5.6043e-09
-3.65 5.89414e-09
-3.64 6.19834e-09
-3.63 6.51762e-09
-3.62 6.85271e-09
-3.61 7.20437e-09
-3.6 7.57343e-09
-3.59 7.96073e-09
-3.58 8.36719e-09
-3.57 8.79376e-09
-3.56 9.24144e-09
-3.55 9.7113e-09
-3.54 1.02045e-08
-3.53 1.07221e-08
-3.52 1.12655e-08
-3.51 1.1836e-08
-3.5 1.24349e-08
-3.49 1.30639e-08
-3.48 1.37245e-08
-3.47 1.44184e-08
-3.46 1.51475e-08
-3.45 1.59136e-08
-3.44 1.67188e-08
-3.43 1.75655e-08
-3.42 1.84558e-08
-3.41 1.93925e-08
-3.4 2.03782e-08
-3.39 2.14158e-08
-3.38 2.25086e-08
-3.37 2.366e-08
-3.36 2.48736e-08
-3.35 2.61535e-08
-3.34 2.75039e-08
-3.33 2.89295e-08
-3.32 3.04354e-08
-3.31 3.20271e-08
-3.3 3.37105e-08
-3.29 3.54921e-08
-3.28 3.73791e-08
-3.27 3.93791e-08
-3.26 4.15005e-08
-3.25 4.37525e-08
-3.24 4.61452e-08
-3.23 4.86894e-08
-3.22 5.13973e-08
-3.21 5.42818e-08
-3.2 5.73575e-08
-3.19 6.064e-08
-3.18 6.41468e-08
-3.17 6.78966e-08
-3.16 7.19104e-08
-3.15 7.62109e-08
-3.14 8.08234e-08
-3.13 8.57752e-08
-3.12 9.10968e-08
-3.11 9.68215e-08
-3.1 1.02986e-07
-3.09 1.0963e-07
-3.08 1.16798e-07
-3.07 1.24538e-07
-3.06 1.32905e-07
-3.05 1.41956e-07
-3.04 1.51757e-07
-3.03 1.62378e-07
-3.02 1.73898e-07
-3.01 1.86402e-07
-3 1.99984e-07
-2.99 2.14748e-07
-2.98 2.30808e-07
-2.97 2.48289e-07
-2.96 2.67328e-07
-2.95 2.88076e-07
-2.94 3.10698e-07
-2.93 3.35377e-07
-2.92 3.6231e-07
-2.91 3.91717e-07
-2.9 4.23838e-07
-2.89 4.58935e-07
-2.88 4.97296e-07
-2.87 5.39237e-07
-2.86 5.85103e-07
-2.85 6.35273e-07
-2.84 6.90161e-07
-2.83 7.5022e-07
-2.82 8.15945e-07
-2.81 8.87879e-07
-2.8 9.66614e-07
-2.79 1.0528e-06
-2.78 1.14714e-06
-2.77 1.2504e-06
-2.76 1.36344e-06
-2.75 1.48716e-06
-2.74 1.62258e-06
-2.73 1.77077e-06
-2.72 1.93295e-06
-2.71 2.11039e-06
-2.7 2.30452e-06
-2.69 2.51686e-06
-2.68 2.7491e-06
-2.67 3.00305e-06
-2.66 3.28069e-06
-2.65 3.58416e-06
-2.64 3.9158e-06
-2.63 4.27814e-06
-2.62 4.67393e-06
-2.61 5.10616e-06
-2.6 5.57805e-06
-2.59 6.09311e-06
-2.58 6.65514e-06
-2.57 7.26825e-06
-2.56 7.93688e-06
-2.55 8.66587e-06
-2.54 9.4604e-06
-2.53 1.03261e-05
-2.52 1.12691e-05
-2.51 1.22959e-05
-2.5 1.34137e-05
-2.49 1.46301e-05
-2.48 1.59533e-05
-2.47 1.73922e-05
-2.46 1.89565e-05
-2.45 2.06566e-05
-2.44 2.25034e-05
-2.43 2.4509e-05
-2.42 2.66863e-05
-2.41 2.90492e-05
-2.4 3.16126e-05
-2.39 3.43923e-05
-2.38 3.74058e-05
-2.37 4.06713e-05
-2.36 4.42087e-05
-2.35 4.80391e-05
-2.34 5.21855e-05
-2.33 5.6672e-05
-2.32 6.15249e-05
-2.31 6.67721e-05
-2.3 7.24434e-05
-2.29 7.85708e-05
-2.28 8.51886e-05
-2.27 9.23331e-05
-2.26 0.000100043
-2.25 0.000108361
-2.24 0.000117331
-2.23 0.000127
-2.22 0.000137418
-2.21 0.00014864
-2.2 0.000160723
-2.19 0.000173727
-2.18 0.000187718
-2.17 0.000202764
-2.16 0.000218939
-2.15 0.000236321
-2.14 0.000254992
-2.13 0.00027504
-2.12 0.000296559
-2.11 0.000319646
-2.1 0.000344407
-2.09 0.000370953
-2.08 0.0003994
-2.07 0.000429874
-2.06 0.000462505
-2.05 0.000497431
-2.04 0.000534801
-2.03 0.000574769
-2.02 0.000617499
-2.01 0.000663162
-2 0.000711942
-1.99 0.00076403
-1.98 0.000819629
-1.97 0.00087895
-1.96 0.000942219
-1.95 0.00100967
-1.94 0.00108155
-1.93 0.00115813
-1.92 0.00123966
-1.91 0.00132645
-1.9 0.00141879
-1.89 0.001517
-1.88 0.00162141
-1.87 0.00173237
-1.86 0.00185023
-1.85 0.00197538
-1.84 0.00210822
-1.83 0.00224916
-1.82 0.00239864
-1.81 0.0025571
-1.8 0.00272502
-1.79 0.0029029
-1.78 0.00309124
-1.77 0.00329059
-1.76 0.00350149
-1.75 0.00372453
-1.74 0.00396032
-1.73 0.00420948
-1.72 0.00447265
-1.71 0.00475053
-1.7 0.0050438
-1.69 0.0053532
-1.68 0.00567948
-1.67 0.00602342
-1.66 0.00638582
-1.65 0.00676754
-1.64 0.00716942
-1.63 0.00759237
-1.62 0.0080373
-1.61 0.00850517
-1.6 0.00899695
-1.59 0.00951367
-1.58 0.0100564
-1.57 0.0106261
-1.56 0.011224
-1.55 0.0118511
-1.54 0.0125087
-1.53 0.0131979
-1.52 0.01392
-1.51 0.0146762
-1.5 0.0154678
-1.49 0.0162961
-1.48 0.0171625
-1.47 0.0180683
-1.46 0.0190149
-1.45 0.0200039
-1.44 0.0210365
-1.43 0.0221144
-1.42 0.023239
-1.41 0.0244118
-1.4 0.0256345
-1.39 0.0269086
-1.38 0.0282358
-1.37 0.0296175
-1.36 0.0310556
-1.35 0.0325517
-1.34 0.0341074
-1.33 0.0357245
-1.32 0.0374046
-1.31 0.0391495
-1.3 0.040961
-1.29 0.0428407
-1.28 0.0447905
-1.27 0.046812
-1.26 0.048907
-1.25 0.0510774
-1.24 0.0533247
-1.23 0.0556508
-1.22 0.0580575
-1.21 0.0605463
-1.2 0.0631191
-1.19 0.0657775
-1.18 0.0685232
-1.17 0.0713578
-1.16 0.074283
-1.15 0.0773003
-1.14 0.0804112
-1.13 0.0836174
-1.12 0.0869203
-1.11 0.0903212
-1.1 0.0938217
-1.09 0.0974229
-1.08 0.101126
-1.07 0.104933
-1.06 0.108844
-1.05 0.11286
-1.04 0.116984
-1.03 0.121214
-1.02 0.125553
-1.01 0.130001
-1 0.134559
-0.99 0.139227
-0.98 0.144006
-0.97 0.148896
-0.96 0.153898
-0.95 0.159011
-0.94 0.164236
-0.93 0.169574
-0.92 0.175022
-0.91 0.180583
-0.9 0.186254
-0.89 0.192035
-0.88 0.197927
-0.87 0.203927
-0.86 0.210036
-0.85 0.216252
-0.84 0.222573
-0.83 0.228999
-0.82 0.235528
-0.81 0.242159
-0.8 0.248889
-0.79 0.255717
-0.78 0.26264
-0.77 0.269657
-0.76 0.276765
-0.75 0.283962
-0.74 0.291244
-0.73 0.298609
-0.72 0.306054
-0.71 0.313575
-0.7 0.32117
-0.69 0.328836
-0.68 0.336567
-0.67 0.344361
-0.66 0.352214
-0.65 0.360121
-0.64 0.368079
-0.63 0.376083
-0.62 0.384129
-0.61 0.392211
-0.6 0.400326
-0.59 0.408468
-0.58 0.416632
-0.57 0.424814
-0.56 0.433008
-0.55 0.441208
-0.54 0.44941
-0.53 0.457607
-0.52 0.465795
-0.51 0.473966
-0.5 0.482117
-0.49 0.49024
-0.48 0.49833
-0.47 0.50638
-0.46 0.514385
-0.45 0.522339
-0.44 0.530235
-0.43 0.538067
-0.42 0.545829
-0.41 0.553515
-0.4 0.561119
-0.39 0.568634
-0.38 0.576054
-0.37 0.583374
-0.36 0.590586
-0.35 0.597684
-0.34 0.604663
-0.33 0.611517
-0.32 0.618239
-0.31 0.624824
-0.3 0.631265
-0.29 0.637558
-0.28 0.643696
-0.27 0.649674
-0.26 0.655486
-0.25 0.661127
-0.24 0.666592
-0.23 0.671875
-0.22 0.676972
-0.21 0.681879
-0.2 0.68659
-0.19 0.6911
-0.18 0.695407
-0.17 0.699505
-0.16 0.70339
-0.15 0.707059
-0.14 0.710509
-0.13 0.713736
-0.12 0.716736
-0.11 0.719508
-0.1 0.722047
-0.09 0.724353
-0.08 0.726422
-0.07 0.728252
-0.06 0.729842
-0.05 0.73119
-0.04 0.732294
-0.03 0.733155
-0.02 0.73377
-0.01 0.734139
0 0.734262
0.01 0.734139
0.02 0.73377
0.03 0.733155
0.04 0.732294
0.05 0.73119
0.06 0.729842
0.07 0.728252
0.08 0.726422
0.09 0.724353
0.1 0.722047
0.11 0.719508
0.12 0.716736
0.13 0.713736
0.14 0.710509
0.15 0.707059
0.16 0.70339
0.17 0.699505
0.18 0.695407
0.19 0.6911
0.2 0.68659
0.21 0.681879
0.22 0.676972
0.23 0.671875
0.24 0.666592
0.25 0.661127
0.26 0.655486
0.27 0.649674
0.28 0.643696
0.29 0.637558
0.3 0.631265
0.31 0.624824
0.32 0.618239
0.33 0.611517
0.34 0.604663
0.35 0.597684
0.36 0.590586
0.37 0.583374
0.38 0.576054
0.39 0.568634
0.4 0.561119
0.41 0.553515
0.42 0.545829
0.43 0.538067
0.44 0.530235
0.45 0.522339
0.46 0.514385
0.47 0.50638
0.48 0.49833
0.49 0.49024
0.5 0.482117
0.51 0.473966
0.52 0.465795
0.53 0.457607
0.54 0.44941
0.55 0.441208
0.56 0.433008
0.57 0.424814
0.58 0.416632
0.59 0.408468
0.6 0.400326
0.61 0.392211
0.62 0.384129
0.63 0.376083
0.64 0.368079
0.65 0.360121
0.66 0.352214
0.67 0.344361
0.68 0.336567
0.69 0.328836
0.7 0.32117
0.71 0.313575
0.72 0.306054
0.73 0.298609
0.74 0.291244
0.75 0.283962
0.76 0.276765
0.77 0.269657
0.78 0.26264
0.79 0.255717
0.8 0.248889
0.81 0.242159
0.82 0.235528
0.83 0.228999
0.84 0.222573
0.85 0.216252
0.86 0.210036
0.87 0.203927
0.88 0.197927
0.89 0.192035
0.9 0.186254
0.91 0.180583
0.92 0.175022
0.93 0.169574
0.94 0.164236
0.95 0.159011
0.96 0.153898
0.97 0.148896
0.98 0.144006
0.99 0.139227
1 0.134559
1.01 0.130001
1.02 0.125553
1.03 0.121214
1.04 0.116984
1.05 0.11286
1.06 0.108844
1.07 0.104933
1.08 0.101126
1.09 0.0974229
1.1 0.0938217
1.11 0.0903212
1.12 0.0869203
1.13 0.0836174
1.14 0.0804112
1.15 0.0773003
1.16 0.074283
1.17 0.0713578
1.18 0.0685232
1.19 0.0657775
1.2 0.0631191
1.21 0.0605463
1.22 0.0580575
1.23 0.0556508
1.24 0.0533247
1.25 0.0510774
1.26 0.048907
1.27 0.046812
1.28 0.0447905
1.29 0.0428407
1.3 0.040961
1.31 0.0391495
1.32 0.0374046
1.33 0.0357245
1.34 0.0341074
1.35 0.0325517
1.36 0.0310556
1.37 0.0296175
1.38 0.0282358
1.39 0.0269086
1.4 0.0256345
1.41 0.0244118
1.42 0.023239
1.43 0.0221144
1.44 0.0210365
1.45 0.0200039
1.46 0.0190149
1.47 0.0180683
1.48 0.0171625
1.49 0.0162961
1.5 0.0154678
1.51 0.0146762
1.52 0.01392
1.53 0.0131979
1.54 0.0125087
1.55 0.0118511
1.56 0.011224
1.57 0.0106261
1.58 0.0100564
1.59 0.00951367
1.6 0.00899695
1.61 0.00850517
1.62 0.0080373
1.63 0.00759237
1.64 0.00716942
1.65 0.00676754
1.66 0.00638582
1.67 0.00602342
1.68 0.00567948
1.69 0.0053532
1.7 0.0050438
1.71 0.00475053
1.72 0.00447265
1.73 0.00420948
1.74 0.00396032
1.75 0.00372453
1.76 0.00350149
1.77 0.00329059
1.78 0.00309124
1.79 0.0029029
1.8 0.00272502
1.81 0.0025571
1.82 0.00239864
1.83 0.00224916
1.84 0.00210822
1.85 0.00197538
1.86 0.00185023
1.87 0.00173237
1.88 0.00162141
1.89 0.001517
1.9 0.00141879
1.91 0.00132645
1.92 0.00123966
1.93 0.00115813
1.94 0.00108155
1.95 0.00100967
1.96 0.000942219
1.97 0.00087895
1.98 0.000819629
1.99 0.00076403
2 0.000711942
2.01 0.000663162
2.02 0.000617499
2.03 0.000574769
2.04 0.000534801
2.05 0.000497431
2.06 0.000462505
2.07 0.000429874
2.08 0.0003994
2.09 0.000370953
2.1 0.000344407
2.11 0.000319646
2.12 0.000296559
2.13 0.00027504
2.14 0.000254992
2.15 0.000236321
2.16 0.000218939
2.17 0.000202764
2.18 0.000187718
2.19 0.000173727
2.2 0.000160723
2.21 0.00014864
2.22 0.000137418
2.23 0.000127
2.24 0.000117331
2.25 0.000108361
2.26 0.000100043
2.27 9.23331e-05
2.28 8.51886e-05
2.29 7.85708e-05
2.3 7.24434e-05
2.31 6.67721e-05
2.32 6.15249e-05
2.33 5.6672e-05
2.34 5.21855e-05
2.35 4.80391e-05
2.36 4.42087e-05
2.37 4.06713e-05
2.38 3.74058e-05
2.39 3.43923e-05
2.4 3.16126e-05
2.41 2.90492e-05
2.42 2.66863e-05
2.43 2.4509e-05
2.44 2.25034e-05
2.45 2.06566e-05
2.46 1.89565e-05
2.47 1.73922e-05
2.48 1.59533e-05
2.49 1.46301e-05
2.5 1.34137e-05
2.51 1.22959e-05
2.52 1.12691e-05
2.53 1.03261e-05
2.54 9.4604e-06
2.55 8.66587e-06
2.56 7.93688e-06
2.57 7.26825e-06
2.58 6.65514e-06
2.59 6.09311e-06
2.6 5.57805e-06
2.61 5.10616e-06
2.62 4.67393e-06
2.63 4.27814e-06
2.64 3.9158e-06
2.65 3.58416e-06
2.66 3.28069e-06
2.67 3.00305e-06
2.68 2.7491e-06
2.69 2.51686e-06
2.7 2.30452e-06
2.71 2.11039e-06
2.72 1.93295e-06
2.73 1.77077e-06
2.74 1.62258e-06
2.75 1.48716e-06
2.76 1.36344e-06
2.77 1.2504e-06
2.78 1.14714e-06
2.79 1.0528e-06
2.8 9.66614e-07
2.81 8.87879e-07
2.82 8.15945e-07
2.83 7.5022e-07
2.84 6.90161e-07
2.85 6.35273e-07
2.86 5.85103e-07
2.87 5.39237e-07
2.88 4.97296e-07
2.89 4.58935e-07
2.9 4.23838e-07
2.91 3.91717e-07
2.92 3.6231e-07
2.93 3.35377e-07
2.94 3.10698e-07
2.95 2.88076e-07
2.96 2.67328e-07
2.97 2.48289e-07
2.98 2.30808e-07
2.99 2.14748e-07
3 1.99984e-07
3.01 1.86402e-07
3.02 1.73898e-07
3.03 1.62378e-07
3.04 1.51757e-07
3.05 1.41956e-07
3.06 1.32905e-07
3.07 1.24538e-07
3.08 1.16798e-07
3.09 1.0963e-07
3.1 1.02986e-07
3.11 9.68215e-08
3.12 9.10968e-08
3.13 8.57752e-08
3.14 8.08234e-08
3.15 7.62109e-08
3.16 7.19104e-08
3.17 6.78966e-08
3.18 6.41468e-08
3.19 6.064e-08
3.2 5.73575e-08
3.21 5.42818e-08
3.22 5.13973e-08
3.23 4.86894e-08
3.24 4.61452e-08
3.25 4.37525e-08
3.26 4.15005e-08
3.27 3.93791e-08
3.28 3.73791e-08
3.29 3.54921e-08
3.3 3.37105e-08
3.31 3.20271e-08
3.32 3.04354e-08
3.33 2.89295e-08
3.34 2.75039e-08
3.35 2.61535e-08
3.36 2.48736e-08
3.37 2.366e-08
3.38 2.25086e-08
3.39 2.14158e-08
3.4 2.03782e-08
3.41 1.93925e-08
3.42 1.84558e-08
3.43 1.75655e-08
3.44 1.67188e-08
3.45 1.59136e-08
3.46 1.51475e-08
3.47 1.44184e-08
3.48 1.37245e-08
3.49 1.30639e-08
3.5 1.24349e-08
3.51 1.1836e-08
3.52 1.12655e-08
3.53 1.07221e-08
3.54 1.02045e-08
3.55 9.7113e-09
3.56 9.24144e-09
3.57 8.79376e-09
3.58 8.36719e-09
3.59 7.96073e-09
3.6 7.57343e-09
3.61 7.20437e-09
3.62 6.85271e-09
3.63 6.51762e-09
3.64 6.19834e-09
3.65 5.89414e-09
3.66 5.6043e-09
3.67 5.32818e-09
3.68 5.06512e-09
3.69 4.81454e-09
3.7 4.57585e-09
3.71 4.34851e-09
3.72 4.132e-09
3.73 3.92581e-09
3.74 3.72948e-09
3.75 3.54254e-09
3.76 3.36457e-09
3.77 3.19516e-09
3.78 3.0339e-09
3.79 2.88043e-09
3.8 2.73438e-09
3.81 2.59541e-09
3.82 2.46319e-09
3.83 2.33741e-09
3.84 2.21777e-09
3.85 2.10399e-09
3.86 1.99578e-09
3.87 1.89289e-09
3.88 1.79507e-09
3.89 1.70208e-09
3.9 1.6137e-09
3.91 1.52971e-09
3.92 1.44989e-09
3.93 1.37406e-09
3.94 1.30202e-09
3.95 1.2336e-09
3.96 1.16861e-09
3.97 1.1069e-09
3.98 1.04831e-09
3.99 9.92682e-10
4 9.39883e-10
4.01 8.89772e-10
4.02 8.42219e-10
4.03 7.971e-10
4.04 7.54296e-10
4.05 7.13694e-10
4.06 6.75186e-10
4.07 6.3867e-10
4.08 6.04046e-10
4.09 5.71222e-10
4.1 5.40108e-10
4.11 5.10619e-10
4.12 4.82675e-10
4.13 4.56198e-10
4.14 4.31115e-10
4.15 4.07355e-10
4.16 3.84853e-10
4.17 3.63544e-10
4.18 3.43368e-10
4.19 3.24268e-10
4.2 3.06188e-10
4.21 2.89077e-10
4.22 2.72885e-10
4.23 2.57564e-10
4.24 2.43071e-10
4.25 2.29362e-10
4.26 2.16396e-10
4.27 2.04136e-10
4.28 1.92544e-10
4.29 1.81585e-10
4.3 1.71227e-10
4.31 1.61437e-10
4.32 1.52187e-10
4.33 1.43447e-10
4.34 1.3519e-10
4.35 1.27391e-10
4.36 1.20026e-10
4.37 1.13071e-10
4.38 1.06505e-10
4.39 1.00306e-10
4.4 9.44547e-11
4.41 8.89329e-11
4.42 8.37224e-11
4.43 7.88064e-11
4.44 7.4169e-11
4.45 6.97948e-11
4.46 6.56697e-11
4.47 6.178e-11
4.48 5.81126e-11
4.49 5.46556e-11
4.5 5.13971e-11
4.51 4.83263e-11
4.52 4.54328e-11
4.53 4.27066e-11
4.54 4.01386e-11
4.55 3.77198e-11
4.56 3.54419e-11
4.57 3.32971e-11
4.58 3.12777e-11
4.59 2.93768e-11
4.6 2.75877e-11
4.61 2.5904e-11
4.62 2.43197e-11
4.63 2.28292e-11
4.64 2.14271e-11
4.65 2.01084e-11
4.66 1.88682e-11
4.67 1.77021e-11
4.68 1.66059e-11
4.69 1.55753e-11
4.7 1.46068e-11
4.71 1.36965e-11
4.72 1.28413e-11
4.73 1.20378e-11
4.74 1.1283e-11
4.75 1.05742e-11
4.76 9.90846e-12
4.77 9.2834e-12
4.78 8.69658e-12
4.79 8.14574e-12
4.8 7.62875e-12
4.81 7.14359e-12
4.82 6.68837e-12
4.83 6.26131e-12
4.84 5.86071e-12
4.85 5.48499e-12
4.86 5.13266e-12
4.87 4.8023e-12
4.88 4.49259e-12
4.89 4.20228e-12
4.9 3.93019e-12
4.91 3.67522e-12
4.92 3.43632e-12
4.93 3.2125e-12
4.94 3.00286e-12
4.95 2.80651e-12
4.96 2.62264e-12
4.97 2.45049e-12
4.98 2.28932e-12
4.99 2.13846e-12
5 1.99726e-12
5.01 1.86514e-12
5.02 1.74151e-12
5.03 1.62586e-12
5.04 1.51768e-12
5.05 1.41651e-12
5.06 1.3219e-12
5.07 1.23344e-12
5.08 1.15074e-12
5.09 1.07344e-12
5.1 1.00119e-12
5.11 9.33683e-13
5.12 8.70606e-13
5.13 8.11679e-13
5.14 7.56638e-13
5.15 7.05232e-13
5.16 6.57229e-13
5.17 6.1241e-13
5.18 5.70569e-13
5.19 5.31514e-13
5.2 4.95064e-13
5.21 4.61051e-13
5.22 4.29316e-13
5.23 3.99711e-13
5.24 3.72097e-13
5.25 3.46343e-13
5.26 3.22327e-13
5.27 2.99936e-13
5.28 2.79062e-13
5.29 2.59605e-13
5.3 2.41472e-13
5.31 2.24574e-13
5.32 2.08831e-13
5.33 1.94164e-13
5.34 1.80503e-13
5.35 1.6778e-13
5.36 1.55933e-13
5.37 1.44902e-13
5.38 1.34634e-13
5.39 1.25076e-13
5.4 1.1618e-13
5.41 1.07903e-13
5.42 1.00201e-13
5.43 9.30365e-14
5.44 8.63724e-14
5.45 8.01747e-14
5.46 7.44116e-14
5.47 6.90532e-14
5.48 6.4072e-14
5.49 5.9442e-14
5.5 5.5139e-14
5.51 5.11405e-14
5.52 4.74254e-14
5.53 4.39743e-14
5.54 4.07687e-14
5.55 3.77916e-14
5.56 3.50271e-14
5.57 3.24604e-14
5.58 3.00776e-14
5.59 2.7866e-14
5.6 2.58135e-14
5.61 2.39088e-14
5.62 2.21417e-14
5.63 2.05024e-14
5.64 1.89819e-14
5.65 1.75717e-14
5.66 1.6264e-14
5.67 1.50517e-14
5.68 1.39277e-14
5.69 1.2886e-14
5.7 1.19205e-14
5.71 1.10259e-14
5.72 1.0197e-14
5.73 9.42913e-15
5.74 8.7179e-15
5.75 8.05921e-15
5.76 7.44927e-15
5.77 6.88455e-15
5.78 6.36177e-15
5.79 5.87789e-15
5.8 5.43007e-15
5.81 5.01568e-15
5.82 4.63228e-15
5.83 4.2776e-15
5.84 3.94954e-15
5.85 3.64614e-15
5.86 3.36558e-15
5.87 3.10619e-15
5.88 2.8664e-15
5.89 2.64476e-15
5.9 2.43992e-15
5.91 2.25064e-15
5.92 2.07576e-15
5.93 1.91421e-15
5.94 1.76499e-15
5.95 1.62718e-15
5.96 1.49992e-15
5.97 1.38243e-15
5.98 1.27396e-15
5.99 1.17385e-15
