-6 0.00366783
-5.99 0.00373428
-5.98 0.00380176
-5.97 0.00387028
-5.96 0.00393986
-5.95 0.00401052
-5.94 0.00408225
-5.93 0.00415509
-5.92 0.00422903
-5.91 0.0043041
-5.9 0.0043803
-5.89 0.00445765
-5.88 0.00453616
-5.87 0.00461585
-5.86 0.00469673
-5.85 0.00477881
-5.84 0.0048621
-5.83 0.00494663
-5.82 0.0050324
-5.81 0.00511942
-5.8 0.00520772
-5.79 0.0052973
-5.78 0.00538818
-5.77 0.00548037
-5.76 0.00557389
-5.75 0.00566875
-5.74 0.00576497
-5.73 0.00586256
-5.72 0.00596153
-5.71 0.0060619
-5.7 0.00616368
-5.69 0.00626689
-5.68 0.00637154
-5.67 0.00647765
-5.66 0.00658523
-5.65 0.00669429
-5.64 0.00680486
-5.63 0.00691694
-5.62 0.00703055
-5.61 0.00714571
-5.6 0.00726243
-5.59 0.00738072
-5.58 0.0075006
-5.57 0.00762209
-5.56 0.00774519
-5.55 0.00786993
-5.54 0.00799632
-5.53 0.00812438
-5.52 0.00825411
-5.51 0.00838555
-5.5 0.00851869
-5.49 0.00865355
-5.48 0.00879016
-5.47 0.00892852
-5.46 0.00906865
-5.45 0.00921057
-5.44 0.00935429
-5.43 0.00949983
-5.42 0.00964719
-5.41 0.0097964
-5.4 0.00994748
-5.39 0.0101004
-5.38 0.0102553
-5.37 0.010412
-5.36 0.0105707
-5.35 0.0107313
-5.34 0.0108938
-5.33 0.0110584
-5.32 0.0112249
-5.31 0.0113933
-5.3 0.0115639
-5.29 0.0117364
-5.28 0.011911
-5.27 0.0120876
-5.26 0.0122663
-5.25 0.012447
-5.24 0.0126299
-5.23 0.0128149
-5.22 0.013002
-5.21 0.0131912
-5.2 0.0133826
-5.19 0.0135762
-5.18 0.013772
-5.17 0.0139699
-5.16 0.0141701
-5.15 0.0143724
-5.14 0.014577
-5.13 0.0147839
-5.12 0.014993
-5.11 0.0152044
-5.1 0.0154181
-5.09 0.0156341
-5.08 0.0158524
-5.07 0.016073
-5.06 0.016296
-5.05 0.0165213
-5.04 0.016749
-5.03 0.016979
-5.02 0.0172115
-5.01 0.0174463
-5 0.0176836
-4.99 0.0179233
-4.98 0.0181654
-4.97 0.0184099
-4.96 0.0186569
-4.95 0.0189064
-4.94 0.0191583
-4.93 0.0194128
-4.92 0.0196697
-4.91 0.0199291
-4.9 0.0201911
-4.89 0.0204556
-4.88 0.0207226
-4.87 0.0209921
-4.86 0.0212642
-4.85 0.0215389
-4.84 0.0218161
-4.83 0.022096
-4.82 0.0223784
-4.81 0.0226633
-4.8 0.0229509
-4.79 0.0232411
-4.78 0.0235339
-4.77 0.0238294
-4.76 0.0241274
-4.75 0.0244281
-4.74 0.0247314
-4.73 0.0250374
-4.72 0.025346
-4.71 0.0256573
-4.7 0.0259712
-4.69 0.0262878
-4.68 0.026607
-4.67 0.0269289
-4.66 0.0272535
-4.65 0.0275808
-4.64 0.0279107
-4.63 0.0282434
-4.62 0.0285787
-4.61 0.0289167
-4.6 0.0292573
-4.59 0.0296007
-4.58 0.0299468
-4.57 0.0302955
-4.56 0.0306469
-4.55 0.031001
-4.54 0.0313578
-4.53 0.0317173
-4.52 0.0320795
-4.51 0.0324443
-4.5 0.0328118
-4.49 0.033182
-4.48 0.0335549
-4.47 0.0339304
-4.46 0.0343086
-4.45 0.0346895
-4.44 0.035073
-4.43 0.0354592
-4.42 0.035848
-4.41 0.0362394
-4.4 0.0366335
-4.39 0.0370302
-4.38 0.0374296
-4.37 0.0378315
-4.36 0.038236
-4.35 0.0386432
-4.34 0.0390529
-4.33 0.0394652
-4.32 0.0398801
-4.31 0.0402975
-4.3 0.0407175
-4.29 0.04114
-4.28 0.041565
-4.27 0.0419925
-4.26 0.0424225
-4.25 0.0428551
-4.24 0.0432901
-4.23 0.0437275
-4.22 0.0441674
-4.21 0.0446097
-4.2 0.0450544
-4.19 0.0455016
-4.18 0.0459511
-4.17 0.0464029
-4.16 0.0468572
-4.15 0.0473137
-4.14 0.0477726
-4.13 0.0482337
-4.12 0.0486971
-4.11 0.0491628
-4.1 0.0496307
-4.09 0.0501008
-4.08 0.0505731
-4.07 0.0510476
-4.06 0.0515243
-4.05 0.052003
-4.04 0.0524839
-4.03 0.0529668
-4.02 0.0534518
-4.01 0.0539388
-4 0.0544278
-3.99 0.0549188
-3.98 0.0554118
-3.97 0.0559067
-3.96 0.0564034
-3.95 0.0569021
-3.94 0.0574026
-3.93 0.0579049
-3.92 0.058409
-3.91 0.0589149
-3.9 0.0594225
-3.89 0.0599318
-3.88 0.0604427
-3.87 0.0609553
-3.86 0.0614695
-3.85 0.0619853
-3.84 0.0625026
-3.83 0.0630214
-3.82 0.0635417
-3.81 0.0640634
-3.8 0.0645865
-3.79 0.065111
-3.78 0.0656368
-3.77 0.066164
-3.76 0.0666923
-3.75 0.067222
-3.74 0.0677528
-3.73 0.0682847
-3.72 0.0688178
-3.71 0.0693519
-3.7 0.0698871
-3.69 0.0704232
-3.68 0.0709603
-3.67 0.0714984
-3.66 0.0720373
-3.65 0.072577
-3.64 0.0731176
-3.63 0.0736588
-3.62 0.0742008
-3.61 0.0747435
-3.6 0.0752868
-3.59 0.0758306
-3.58 0.076375
-3.57 0.0769199
-3.56 0.0774653
-3.55 0.078011
-3.54 0.0785571
-3.53 0.0791035
-3.52 0.0796502
-3.51 0.0801971
-3.5 0.0807441
-3.49 0.0812913
-3.48 0.0818386
-3.47 0.0823859
-3.46 0.0829332
-3.45 0.0834805
-3.44 0.0840276
-3.43 0.0845746
-3.42 0.0851213
-3.41 0.0856679
-3.4 0.0862141
-3.39 0.0867599
-3.38 0.0873054
-3.37 0.0878504
-3.36 0.0883949
-3.35 0.0889388
-3.34 0.0894821
-3.33 0.0900248
-3.32 0.0905668
-3.31 0.091108
-3.3 0.0916484
-3.29 0.092188
-3.28 0.0927267
-3.27 0.0932644
-3.26 0.093801
-3.25 0.0943366
-3.24 0.0948711
-3.23 0.0954045
-3.22 0.0959366
-3.21 0.0964674
-3.2 0.096997
-3.19 0.0975251
-3.18 0.0980518
-3.17 0.0985771
-3.16 0.0991008
-3.15 0.0996229
-3.14 0.100143
-3.13 0.100662
-3.12 0.101179
-3.11 0.101694
-3.1 0.102208
-3.09 0.102719
-3.08 0.103229
-3.07 0.103737
-3.06 0.104242
-3.05 0.104745
-3.04 0.105247
-3.03 0.105746
-3.02 0.106243
-3.01 0.106737
-3 0.107229
-2.99 0.107719
-2.98 0.108206
-2.97 0.108691
-2.96 0.109173
-2.95 0.109653
-2.94 0.110129
-2.93 0.110604
-2.92 0.111075
-2.91 0.111544
-2.9 0.112009
-2.89 0.112472
-2.88 0.112932
-2.87 0.113389
-2.86 0.113843
-2.85 0.114293
-2.84 0.114741
-2.83 0.115185
-2.82 0.115626
-2.81 0.116064
-2.8 0.116498
-2.79 0.116929
-2.78 0.117357
-2.77 0.117781
-2.76 0.118202
-2.75 0.118619
-2.74 0.119032
-2.73 0.119442
-2.72 0.119848
-2.71 0.120251
-2.7 0.120649
-2.69 0.121044
-2.68 0.121435
-2.67 0.121822
-2.66 0.122206
-2.65 0.122585
-2.64 0.12296
-2.63 0.123331
-2.62 0.123698
-2.61 0.124061
-2.6 0.12442
-2.59 0.124774
-2.58 0.125124
-2.57 0.12547
-2.56 0.125812
-2.55 0.12615
-2.54 0.126483
-2.53 0.126811
-2.52 0.127135
-2.51 0.127455
-2.5 0.12777
-2.49 0.128081
-2.48 0.128387
-2.47 0.128689
-2.46 0.128986
-2.45 0.129278
-2.44 0.129566
-2.43 0.129849
-2.42 0.130127
-2.41 0.130401
-2.4 0.13067
-2.39 0.130934
-2.38 0.131193
-2.37 0.131448
-2.36 0.131697
-2.35 0.131942
-2.34 0.132182
-2.33 0.132417
-2.32 0.132647
-2.31 0.132872
-2.3 0.133092
-2.29 0.133308
-2.28 0.133518
-2.27 0.133723
-2.26 0.133924
-2.25 0.134119
-2.24 0.134309
-2.23 0.134495
-2.22 0.134675
-2.21 0.13485
-2.2 0.13502
-2.19 0.135186
-2.18 0.135346
-2.17 0.135501
-2.16 0.135651
-2.15 0.135796
-2.14 0.135935
-2.13 0.13607
-2.12 0.1362
-2.11 0.136325
-2.1 0.136444
-2.09 0.136559
-2.08 0.136668
-2.07 0.136773
-2.06 0.136872
-2.05 0.136966
-2.04 0.137056
-2.03 0.13714
-2.02 0.137219
-2.01 0.137294
-2 0.137363
-1.99 0.137427
-1.98 0.137487
-1.97 0.137541
-1.96 0.137591
-1.95 0.137635
-1.94 0.137675
-1.93 0.137709
-1.92 0.137739
-1.91 0.137764
-1.9 0.137785
-1.89 0.1378
-1.88 0.13781
-1.87 0.137816
-1.86 0.137817
-1.85 0.137814
-1.84 0.137805
-1.83 0.137792
-1.82 0.137775
-1.81 0.137753
-1.8 0.137726
-1.79 0.137694
-1.78 0.137658
-1.77 0.137618
-1.76 0.137573
-1.75 0.137524
-1.74 0.13747
-1.73 0.137412
-1.72 0.13735
-1.71 0.137283
-1.7 0.137212
-1.69 0.137137
-1.68 0.137058
-1.67 0.136974
-1.66 0.136887
-1.65 0.136795
-1.64 0.136699
-1.63 0.1366
-1.62 0.136496
-1.61 0.136389
-1.6 0.136277
-1.59 0.136162
-1.58 0.136044
-1.57 0.135921
-1.56 0.135795
-1.55 0.135665
-1.54 0.135532
-1.53 0.135395
-1.52 0.135255
-1.51 0.135111
-1.5 0.134964
-1.49 0.134813
-1.48 0.13466
-1.47 0.134503
-1.46 0.134343
-1.45 0.134179
-1.44 0.134013
-1.43 0.133844
-1.42 0.133672
-1.41 0.133497
-1.4 0.133319
-1.39 0.133139
-1.38 0.132955
-1.37 0.132769
-1.36 0.132581
-1.35 0.13239
-1.34 0.132196
-1.33 0.132
-1.32 0.131802
-1.31 0.131601
-1.3 0.131399
-1.29 0.131194
-1.28 0.130986
-1.27 0.130777
-1.26 0.130566
-1.25 0.130353
-1.24 0.130138
-1.23 0.129921
-1.22 0.129703
-1.21 0.129483
-1.2 0.129261
-1.19 0.129038
-1.18 0.128813
-1.17 0.128587
-1.16 0.12836
-1.15 0.128131
-1.14 0.127901
-1.13 0.12767
-1.12 0.127437
-1.11 0.127204
-1.1 0.12697
-1.09 0.126735
-1.08 0.126499
-1.07 0.126262
-1.06 0.126025
-1.05 0.125787
-1.04 0.125549
-1.03 0.12531
-1.02 0.12507
-1.01 0.12483
-1 0.12459
-0.99 0.12435
-0.98 0.12411
-0.97 0.123869
-0.96 0.123629
-0.95 0.123388
-0.94 0.123148
-0.93 0.122907
-0.92 0.122667
-0.91 0.122428
-0.9 0.122188
-0.89 0.121949
-0.88 0.121711
-0.87 0.121473
-0.86 0.121236
-0.85 0.120999
-0.84 0.120763
-0.83 0.120528
-0.82 0.120294
-0.81 0.120061
-0.8 0.119829
-0.79 0.119598
-0.78 0.119368
-0.77 0.119139
-0.76 0.118911
-0.75 0.118685
-0.74 0.11846
-0.73 0.118237
-0.72 0.118015
-0.71 0.117794
-0.7 0.117575
-0.69 0.117358
-0.68 0.117143
-0.67 0.116929
-0.66 0.116717
-0.65 0.116507
-0.64 0.116299
-0.63 0.116093
-0.62 0.115889
-0.61 0.115687
-0.6 0.115488
-0.59 0.11529
-0.58 0.115095
-0.57 0.114902
-0.56 0.114711
-0.55 0.114523
-0.54 0.114337
-0.53 0.114154
-0.52 0.113974
-0.51 0.113796
-0.5 0.11362
-0.49 0.113447
-0.48 0.113277
-0.47 0.11311
-0.46 0.112946
-0.45 0.112785
-0.44 0.112626
-0.43 0.11247
-0.42 0.112318
-0.41 0.112168
-0.4 0.112022
-0.39 0.111878
-0.38 0.111738
-0.37 0.111601
-0.36 0.111467
-0.35 0.111337
-0.34 0.111209
-0.33 0.111085
-0.32 0.110965
-0.31 0.110847
-0.3 0.110734
-0.29 0.110623
-0.28 0.110516
-0.27 0.110413
-0.26 0.110313
-0.25 0.110217
-0.24 0.110124
-0.23 0.110035
-0.22 0.109949
-0.21 0.109867
-0.2 0.109789
-0.19 0.109715
-0.18 0.109644
-0.17 0.109577
-0.16 0.109513
-0.15 0.109454
-0.14 0.109398
-0.13 0.109346
-0.12 0.109298
-0.11 0.109253
-0.1 0.109213
-0.09 0.109176
-0.08 0.109143
-0.07 0.109114
-0.06 0.109089
-0.05 0.109067
-0.04 0.10905
-0.03 0.109036
-0.02 0.109027
-0.01 0.109021
0 0.109019
0.01 0.109021
0.02 0.109027
0.03 0.109036
0.04 0.10905
0.05 0.109067
0.06 0.109089
0.07 0.109114
0.08 0.109143
0.09 0.109176
0.1 0.109213
0.11 0.109253
0.12 0.109298
0.13 0.109346
0.14 0.109398
0.15 0.109454
0.16 0.109513
0.17 0.109577
0.18 0.109644
0.19 0.109715
0.2 0.109789
0.21 0.109867
0.22 0.109949
0.23 0.110035
0.24 0.110124
0.25 0.110217
0.26 0.110313
0.27 0.110413
0.28 0.110516
0.29 0.110623
0.3 0.110734
0.31 0.110847
0.32 0.110965
0.33 0.111085
0.34 0.111209
0.35 0.111337
0.36 0.111467
0.37 0.111601
0.38 0.111738
0.39 0.111878
0.4 0.112022
0.41 0.112168
0.42 0.112318
0.43 0.11247
0.44 0.112626
0.45 0.112785
0.46 0.112946
0.47 0.11311
0.48 0.113277
0.49 0.113447
0.5 0.11362
0.51 0.113796
0.52 0.113974
0.53 0.114154
0.54 0.114337
0.55 0.114523
0.56 0.114711
0.57 0.114902
0.58 0.115095
0.59 0.11529
0.6 0.115488
0.61 0.115687
0.62 0.115889
0.63 0.116093
0.64 0.116299
0.65 0.116507
0.66 0.116717
0.67 0.116929
0.68 0.117143
0.69 0.117358
0.7 0.117575
0.71 0.117794
0.72 0.118015
0.73 0.118237
0.74 0.11846
0.75 0.118685
0.76 0.118911
0.77 0.119139
0.78 0.119368
0.79 0.119598
0.8 0.119829
0.81 0.120061
0.82 0.120294
0.83 0.120528
0.84 0.120763
0.85 0.120999
0.86 0.121236
0.87 0.121473
0.88 0.121711
0.89 0.121949
0.9 0.122188
0.91 0.122428
0.92 0.122667
0.93 0.122907
0.94 0.123148
0.95 0.123388
0.96 0.123629
0.97 0.123869
0.98 0.12411
0.99 0.12435
1 0.12459
1.01 0.12483
1.02 0.12507
1.03 0.12531
1.04 0.125549
1.05 0.125787
1.06 0.126025
1.07 0.126262
1.08 0.126499
1.09 0.126735
1.1 0.12697
1.11 0.127204
1.12 0.127437
1.13 0.12767
1.14 0.127901
1.15 0.128131
1.16 0.12836
1.17 0.128587
1.18 0.128813
1.19 0.129038
1.2 0.129261
1.21 0.129483
1.22 0.129703
1.23 0.129921
1.24 0.130138
1.25 0.130353
1.26 0.130566
1.27 0.130777
1.28 0.130986
1.29 0.131194
1.3 0.131399
1.31 0.131601
1.32 0.131802
1.33 0.132
1.34 0.132196
1.35 0.13239
1.36 0.132581
1.37 0.132769
1.38 0.132955
1.39 0.133139
1.4 0.133319
1.41 0.133497
1.42 0.133672
1.43 0.133844
1.44 0.134013
1.45 0.134179
1.46 0.134343
1.47 0.134503
1.48 0.13466
1.49 0.134813
1.5 0.134964
1.51 0.135111
1.52 0.135255
1.53 0.135395
1.54 0.135532
1.55 0.135665
1.56 0.135795
1.57 0.135921
1.58 0.136044
1.59 0.136162
1.6 0.136277
1.61 0.136389
1.62 0.136496
1.63 0.1366
1.64 0.136699
1.65 0.136795
1.66 0.136887
1.67 0.136974
1.68 0.137058
1.69 0.137137
1.7 0.137212
1.71 0.137283
1.72 0.13735
1.73 0.137412
1.74 0.13747
1.75 0.137524
1.76 0.137573
1.77 0.137618
1.78 0.137658
1.79 0.137694
1.8 0.137726
1.81 0.137753
1.82 0.137775
1.83 0.137792
1.84 0.137805
1.85 0.137814
1.86 0.137817
1.87 0.137816
1.88 0.13781
1.89 0.1378
1.9 0.137785
1.91 0.137764
1.92 0.137739
1.93 0.137709
1.94 0.137675
1.95 0.137635
1.96 0.137591
1.97 0.137541
1.98 0.137487
1.99 0.137427
2 0.137363
2.01 0.137294
2.02 0.137219
2.03 0.13714
2.04 0.137056
2.05 0.136966
2.06 0.136872
2.07 0.136773
2.08 0.136668
2.09 0.136559
2.1 0.136444
2.11 0.136325
2.12 0.1362
2.13 0.13607
2.14 0.135935
2.15 0.135796
2.16 0.135651
2.17 0.135501
2.18 0.135346
2.19 0.135186
2.2 0.13502
2.21 0.13485
2.22 0.134675
2.23 0.134495
2.24 0.134309
2.25 0.134119
2.26 0.133924
2.27 0.133723
2.28 0.133518
2.29 0.133308
2.3 0.133092
2.31 0.132872
2.32 0.132647
2.33 0.132417
2.34 0.132182
2.35 0.131942
2.36 0.131697
2.37 0.131448
2.38 0.131193
2.39 0.130934
2.4 0.13067
2.41 0.130401
2.42 0.130127
2.43 0.129849
2.44 0.129566
2.45 0.129278
2.46 0.128986
2.47 0.128689
2.48 0.128387
2.49 0.128081
2.5 0.12777
2.51 0.127455
2.52 0.127135
2.53 0.126811
2.54 0.126483
2.55 0.12615
2.56 0.125812
2.57 0.12547
2.58 0.125124
2.59 0.124774
2.6 0.12442
2.61 0.124061
2.62 0.123698
2.63 0.123331
2.64 0.12296
2.65 0.122585
2.66 0.122206
2.67 0.121822
2.68 0.121435
2.69 0.121044
2.7 0.120649
2.71 0.120251
2.72 0.119848
2.73 0.119442
2.74 0.119032
2.75 0.118619
2.76 0.118202
2.77 0.117781
2.78 0.117357
2.79 0.116929
2.8 0.116498
2.81 0.116064
2.82 0.115626
2.83 0.115185
2.84 0.114741
2.85 0.114293
2.86 0.113843
2.87 0.113389
2.88 0.112932
2.89 0.112472
2.9 0.112009
2.91 0.111544
2.92 0.111075
2.93 0.110604
2.94 0.110129
2.95 0.109653
2.96 0.109173
2.97 0.108691
2.98 0.108206
2.99 0.107719
3 0.107229
3.01 0.106737
3.02 0.106243
3.03 0.105746
3.04 0.105247
3.05 0.104745
3.06 0.104242
3.07 0.103737
3.08 0.103229
3.09 0.102719
3.1 0.102208
3.11 0.101694
3.12 0.101179
3.13 0.100662
3.14 0.100143
3.15 0.0996229
3.16 0.0991008
3.17 0.0985771
3.18 0.0980518
3.19 0.0975251
3.2 0.096997
3.21 0.0964674
3.22 0.0959366
3.23 0.0954045
3.24 0.0948711
3.25 0.0943366
3.26 0.093801
3.27 0.0932644
3.28 0.0927267
3.29 0.092188
3.3 0.0916484
3.31 0.091108
3.32 0.0905668
3.33 0.0900248
3.34 0.0894821
3.35 0.0889388
3.36 0.0883949
3.37 0.0878504
3.38 0.0873054
3.39 0.0867599
3.4 0.0862141
3.41 0.0856679
3.42 0.0851213
3.43 0.0845746
3.44 0.0840276
3.45 0.0834805
3.46 0.0829332
3.47 0.0823859
3.48 0.0818386
3.49 0.0812913
3.5 0.0807441
3.51 0.0801971
3.52 0.0796502
3.53 0.0791035
3.54 0.0785571
3.55 0.078011
3.56 0.0774653
3.57 0.0769199
3.58 0.076375
3.59 0.0758306
3.6 0.0752868
3.61 0.0747435
3.62 0.0742008
3.63 0.0736588
3.64 0.0731176
3.65 0.072577
3.66 0.0720373
3.67 0.0714984
3.68 0.0709603
3.69 0.0704232
3.7 0.0698871
3.71 0.0693519
3.72 0.0688178
3.73 0.0682847
3.74 0.0677528
3.75 0.067222
3.76 0.0666923
3.77 0.066164
3.78 0.0656368
3.79 0.065111
3.8 0.0645865
3.81 0.0640634
3.82 0.0635417
3.83 0.0630214
3.84 0.0625026
3.85 0.0619853
3.86 0.0614695
3.87 0.0609553
3.88 0.0604427
3.89 0.0599318
3.9 0.0594225
3.91 0.0589149
3.92 0.058409
3.93 0.0579049
3.94 0.0574026
3.95 0.0569021
3.96 0.0564034
3.97 0.0559067
3.98 0.0554118
3.99 0.0549188
4 0.0544278
4.01 0.0539388
4.02 0.0534518
4.03 0.0529668
4.04 0.0524839
4.05 0.052003
4.06 0.0515243
4.07 0.0510476
4.08 0.0505731
4.09 0.0501008
4.1 0.0496307
4.11 0.0491628
4.12 0.0486971
4.13 0.0482337
4.14 0.0477726
4.15 0.0473137
4.16 0.0468572
4.17 0.0464029
4.18 0.0459511
4.19 0.0455016
4.2 0.0450544
4.21 0.0446097
4.22 0.0441674
4.23 0.0437275
4.24 0.0432901
4.25 0.0428551
4.26 0.0424225
4.27 0.0419925
4.28 0.041565
4.29 0.04114
4.3 0.0407175
4.31 0.0402975
4.32 0.0398801
4.33 0.0394652
4.34 0.0390529
4.35 0.0386432
4.36 0.038236
4.37 0.0378315
4.38 0.0374296
4.39 0.0370302
4.4 0.0366335
4.41 0.0362394
4.42 0.035848
4.43 0.0354592
4.44 0.035073
4.45 0.0346895
4.46 0.0343086
4.47 0.0339304
4.48 0.0335549
4.49 0.033182
4.5 0.0328118
4.51 0.0324443
4.52 0.0320795
4.53 0.0317173
4.54 0.0313578
4.55 0.031001
4.56 0.0306469
4.57 0.0302955
4.58 0.0299468
4.59 0.0296007
4.6 0.0292573
4.61 0.0289167
4.62 0.0285787
4.63 0.0282434
4.64 0.0279107
4.65 0.0275808
4.66 0.0272535
4.67 0.0269289
4.68 0.026607
4.69 0.0262878
4.7 0.0259712
4.71 0.0256573
4.72 0.025346
4.73 0.0250374
4.74 0.0247314
4.75 0.0244281
4.76 0.0241274
4.77 0.0238294
4.78 0.0235339
4.79 0.0232411
4.8 0.0229509
4.81 0.0226633
4.82 0.0223784
4.83 0.022096
4.84 0.0218161
4.85 0.0215389
4.86 0.0212642
4.87 0.0209921
4.88 0.0207226
4.89 0.0204556
4.9 0.0201911
4.91 0.0199291
4.92 0.0196697
4.93 0.0194128
4.94 0.0191583
4.95 0.0189064
4.96 0.0186569
4.97 0.0184099
4.98 0.0181654
4.99 0.0179233
5 0.0176836
5.01 0.0174463
5.02 0.0172115
5.03 0.016979
5.04 0.016749
5.05 0.0165213
5.06 0.016296
5.07 0.016073
5.08 0.0158524
5.09 0.0156341
5.1 0.0154181
5.11 0.0152044
5.12 0.014993
5.13 0.0147839
5.14 0.014577
5.15 0.0143724
5.16 0.0141701
5.17 0.0139699
5.18 0.013772
5.19 0.0135762
5.2 0.0133826
5.21 0.0131912
5.22 0.013002
5.23 0.0128149
5.24 0.0126299
5.25 0.012447
5.26 0.0122663
5.27 0.0120876
5.28 0.011911
5.29 0.0117364
5.3 0.0115639
5.31 0.0113933
5.32 0.0112249
5.33 0.0110584
5.34 0.0108938
5.35 0.0107313
5.36 0.0105707
5.37 0.010412
5.38 0.0102553
5.39 0.0101004
5.4 0.00994748
5.41 0.0097964
5.42 0.00964719
5.43 0.00949983
5.44 0.00935429
5.45 0.00921057
5.46 0.00906865
5.47 0.00892852
5.48 0.00879016
5.49 0.00865355
5.5 0.00851869
5.51 0.00838555
5.52 0.00825411
5.53 0.00812438
5.54 0.00799632
5.55 0.00786993
5.56 0.00774519
5.57 0.00762209
5.58 0.0075006
5.59 0.00738072
5.6 0.00726243
5.61 0.00714571
5.62 0.00703055
5.63 0.00691694
5.64 0.00680486
5.65 0.00669429
5.66 0.00658523
5.67 0.00647765
5.68 0.00637154
5.69 0.00626689
5.7 0.00616368
5.71 0.0060619
5.72 0.00596153
5.73 0.00586256
5.74 0.00576497
5.75 0.00566875
5.76 0.00557389
5.77 0.00548037
5.78 0.00538818
5.79 0.0052973
5.8 0.00520772
5.81 0.00511942
5.82 0.0050324
5.83 0.00494663
5.84 0.0048621
5.85 0.00477881
5.86 0.00469673
5.87 0.00461585
5.88 0.00453616
5.89 0.00445765
5.9 0.0043803
5.91 0.0043041
5.92 0.00422903
5.93 0.00415509
5.94 0.00408225
5.95 0.00401052
5.96 0.00393986
5.97 0.00387028
5.98 0.00380176
5.99 0.00373428
