-6 0.00144576
-5.99 0.00147515
-5.98 0.00150508
-5.97 0.00153555
-5.96 0.00156656
-5.95 0.00159813
-5.94 0.00163026
-5.93 0.00166296
-5.92 0.00169624
-5.91 0.00173011
-5.9 0.00176458
-5.89 0.00179965
-5.88 0.00183534
-5.87 0.00187166
-5.86 0.0019086
-5.85 0.00194619
-5.84 0.00198443
-5.83 0.00202333
-5.82 0.0020629
-5.81 0.00210315
-5.8 0.00214409
-5.79 0.00218573
-5.78 0.00222807
-5.77 0.00227114
-5.76 0.00231493
-5.75 0.00235947
-5.74 0.00240475
-5.73 0.00245079
-5.72 0.0024976
-5.71 0.0025452
-5.7 0.00259358
-5.69 0.00264276
-5.68 0.00269276
-5.67 0.00274358
-5.66 0.00279523
-5.65 0.00284773
-5.64 0.00290108
-5.63 0.00295531
-5.62 0.00301041
-5.61 0.0030664
-5.6 0.00312329
-5.59 0.00318109
-5.58 0.00323982
-5.57 0.00329949
-5.56 0.00336011
-5.55 0.00342168
-5.54 0.00348423
-5.53 0.00354776
-5.52 0.00361229
-5.51 0.00367783
-5.5 0.00374439
-5.49 0.00381199
-5.48 0.00388063
-5.47 0.00395033
-5.46 0.0040211
-5.45 0.00409296
-5.44 0.00416591
-5.43 0.00423998
-5.42 0.00431517
-5.41 0.00439149
-5.4 0.00446897
-5.39 0.00454761
-5.38 0.00462743
-5.37 0.00470843
-5.36 0.00479065
-5.35 0.00487407
-5.34 0.00495873
-5.33 0.00504464
-5.32 0.0051318
-5.31 0.00522024
-5.3 0.00530996
-5.29 0.00540098
-5.28 0.00549332
-5.27 0.00558699
-5.26 0.005682
-5.25 0.00577837
-5.24 0.00587611
-5.23 0.00597523
-5.22 0.00607576
-5.21 0.0061777
-5.2 0.00628107
-5.19 0.00638588
-5.18 0.00649216
-5.17 0.00659991
-5.16 0.00670914
-5.15 0.00681988
-5.14 0.00693214
-5.13 0.00704593
-5.12 0.00716127
-5.11 0.00727817
-5.1 0.00739665
-5.09 0.00751673
-5.08 0.00763841
-5.07 0.00776171
-5.06 0.00788665
-5.05 0.00801325
-5.04 0.00814151
-5.03 0.00827146
-5.02 0.00840311
-5.01 0.00853647
-5 0.00867156
-4.99 0.00880839
-4.98 0.00894699
-4.97 0.00908736
-4.96 0.00922952
-4.95 0.00937349
-4.94 0.00951927
-4.93 0.0096669
-4.92 0.00981637
-4.91 0.00996771
-4.9 0.0101209
-4.89 0.0102761
-4.88 0.0104331
-4.87 0.010592
-4.86 0.010753
-4.85 0.0109158
-4.84 0.0110806
-4.83 0.0112475
-4.82 0.0114163
-4.81 0.0115871
-4.8 0.01176
-4.79 0.0119349
-4.78 0.0121119
-4.77 0.012291
-4.76 0.0124721
-4.75 0.0126554
-4.74 0.0128407
-4.73 0.0130282
-4.72 0.0132179
-4.71 0.0134097
-4.7 0.0136037
-4.69 0.0137999
-4.68 0.0139983
-4.67 0.0141989
-4.66 0.0144018
-4.65 0.0146069
-4.64 0.0148143
-4.63 0.0150239
-4.62 0.0152358
-4.61 0.0154501
-4.6 0.0156666
-4.59 0.0158855
-4.58 0.0161067
-4.57 0.0163303
-4.56 0.0165562
-4.55 0.0167845
-4.54 0.0170152
-4.53 0.0172483
-4.52 0.0174839
-4.51 0.0177218
-4.5 0.0179622
-4.49 0.0182051
-4.48 0.0184504
-4.47 0.0186982
-4.46 0.0189484
-4.45 0.0192012
-4.44 0.0194565
-4.43 0.0197143
-4.42 0.0199746
-4.41 0.0202375
-4.4 0.0205029
-4.39 0.0207709
-4.38 0.0210414
-4.37 0.0213145
-4.36 0.0215902
-4.35 0.0218686
-4.34 0.0221495
-4.33 0.022433
-4.32 0.0227191
-4.31 0.0230079
-4.3 0.0232993
-4.29 0.0235934
-4.28 0.0238901
-4.27 0.0241895
-4.26 0.0244915
-4.25 0.0247962
-4.24 0.0251036
-4.23 0.0254137
-4.22 0.0257265
-4.21 0.026042
-4.2 0.0263601
-4.19 0.026681
-4.18 0.0270046
-4.17 0.0273309
-4.16 0.02766
-4.15 0.0279917
-4.14 0.0283262
-4.13 0.0286634
-4.12 0.0290034
-4.11 0.029346
-4.1 0.0296915
-4.09 0.0300396
-4.08 0.0303905
-4.07 0.0307442
-4.06 0.0311005
-4.05 0.0314597
-4.04 0.0318216
-4.03 0.0321862
-4.02 0.0325535
-4.01 0.0329236
-4 0.0332965
-3.99 0.0336721
-3.98 0.0340504
-3.97 0.0344315
-3.96 0.0348153
-3.95 0.0352018
-3.94 0.035591
-3.93 0.035983
-3.92 0.0363777
-3.91 0.0367751
-3.9 0.0371752
-3.89 0.037578
-3.88 0.0379835
-3.87 0.0383917
-3.86 0.0388026
-3.85 0.0392161
-3.84 0.0396324
-3.83 0.0400513
-3.82 0.0404728
-3.81 0.040897
-3.8 0.0413238
-3.79 0.0417533
-3.78 0.0421854
-3.77 0.04262
-3.76 0.0430573
-3.75 0.0434972
-3.74 0.0439396
-3.73 0.0443846
-3.72 0.0448321
-3.71 0.0452822
-3.7 0.0457348
-3.69 0.0461899
-3.68 0.0466475
-3.67 0.0471076
-3.66 0.0475701
-3.65 0.0480351
-3.64 0.0485025
-3.63 0.0489723
-3.62 0.0494446
-3.61 0.0499192
-3.6 0.0503962
-3.59 0.0508755
-3.58 0.0513572
-3.57 0.0518412
-3.56 0.0523274
-3.55 0.052816
-3.54 0.0533067
-3.53 0.0537997
-3.52 0.054295
-3.51 0.0547924
-3.5 0.0552919
-3.49 0.0557936
-3.48 0.0562975
-3.47 0.0568034
-3.46 0.0573114
-3.45 0.0578214
-3.44 0.0583335
-3.43 0.0588475
-3.42 0.0593635
-3.41 0.0598815
-3.4 0.0604014
-3.39 0.0609232
-3.38 0.0614468
-3.37 0.0619723
-3.36 0.0624996
-3.35 0.0630287
-3.34 0.0635595
-3.33 0.0640921
-3.32 0.0646263
-3.31 0.0651622
-3.3 0.0656997
-3.29 0.0662389
-3.28 0.0667796
-3.27 0.0673218
-3.26 0.0678655
-3.25 0.0684108
-3.24 0.0689574
-3.23 0.0695055
-3.22 0.0700549
-3.21 0.0706057
-3.2 0.0711578
-3.19 0.0717111
-3.18 0.0722657
-3.17 0.0728215
-3.16 0.0733785
-3.15 0.0739365
-3.14 0.0744957
-3.13 0.0750559
-3.12 0.0756172
-3.11 0.0761794
-3.1 0.0767426
-3.09 0.0773066
-3.08 0.0778716
-3.07 0.0784373
-3.06 0.0790039
-3.05 0.0795712
-3.04 0.0801392
-3.03 0.0807079
-3.02 0.0812772
-3.01 0.0818471
-3 0.0824176
-2.99 0.0829885
-2.98 0.08356
-2.97 0.0841318
-2.96 0.0847041
-2.95 0.0852766
-2.94 0.0858495
-2.93 0.0864227
-2.92 0.086996
-2.91 0.0875696
-2.9 0.0881433
-2.89 0.088717
-2.88 0.0892908
-2.87 0.0898647
-2.86 0.0904384
-2.85 0.0910121
-2.84 0.0915857
-2.83 0.0921591
-2.82 0.0927323
-2.81 0.0933052
-2.8 0.0938778
-2.79 0.0944501
-2.78 0.095022
-2.77 0.0955935
-2.76 0.0961644
-2.75 0.0967349
-2.74 0.0973048
-2.73 0.0978741
-2.72 0.0984427
-2.71 0.0990106
-2.7 0.0995778
-2.69 0.100144
-2.68 0.10071
-2.67 0.101274
-2.66 0.101838
-2.65 0.102401
-2.64 0.102963
-2.63 0.103524
-2.62 0.104083
-2.61 0.104642
-2.6 0.105199
-2.59 0.105755
-2.58 0.10631
-2.57 0.106863
-2.56 0.107416
-2.55 0.107966
-2.54 0.108516
-2.53 0.109063
-2.52 0.10961
-2.51 0.110154
-2.5 0.110697
-2.49 0.111239
-2.48 0.111778
-2.47 0.112316
-2.46 0.112853
-2.45 0.113387
-2.44 0.113919
-2.43 0.11445
-2.42 0.114979
-2.41 0.115505
-2.4 0.11603
-2.39 0.116552
-2.38 0.117073
-2.37 0.117591
-2.36 0.118107
-2.35 0.118621
-2.34 0.119132
-2.33 0.119642
-2.32 0.120149
-2.31 0.120653
-2.3 0.121155
-2.29 0.121655
-2.28 0.122152
-2.27 0.122647
-2.26 0.123139
-2.25 0.123628
-2.24 0.124115
-2.23 0.124599
-2.22 0.125081
-2.21 0.12556
-2.2 0.126036
-2.19 0.126509
-2.18 0.126979
-2.17 0.127447
-2.16 0.127912
-2.15 0.128373
-2.14 0.128832
-2.13 0.129288
-2.12 0.129741
-2.11 0.130191
-2.1 0.130637
-2.09 0.131081
-2.08 0.131521
-2.07 0.131959
-2.06 0.132393
-2.05 0.132824
-2.04 0.133252
-2.03 0.133676
-2.02 0.134098
-2.01 0.134516
-2 0.13493
-1.99 0.135342
-1.98 0.13575
-1.97 0.136154
-1.96 0.136556
-1.95 0.136953
-1.94 0.137348
-1.93 0.137739
-1.92 0.138126
-1.91 0.13851
-1.9 0.138891
-1.89 0.139268
-1.88 0.139641
-1.87 0.140011
-1.86 0.140378
-1.85 0.140741
-1.84 0.1411
-1.83 0.141455
-1.82 0.141808
-1.81 0.142156
-1.8 0.142501
-1.79 0.142842
-1.78 0.14318
-1.77 0.143514
-1.76 0.143844
-1.75 0.14417
-1.74 0.144493
-1.73 0.144813
-1.72 0.145128
-1.71 0.14544
-1.7 0.145749
-1.69 0.146053
-1.68 0.146354
-1.67 0.146652
-1.66 0.146945
-1.65 0.147235
-1.64 0.147521
-1.63 0.147804
-1.62 0.148083
-1.61 0.148358
-1.6 0.14863
-1.59 0.148898
-1.58 0.149162
-1.57 0.149423
-1.56 0.14968
-1.55 0.149933
-1.54 0.150183
-1.53 0.150429
-1.52 0.150671
-1.51 0.15091
-1.5 0.151146
-1.49 0.151378
-1.48 0.151606
-1.47 0.15183
-1.46 0.152052
-1.45 0.152269
-1.44 0.152483
-1.43 0.152694
-1.42 0.152901
-1.41 0.153105
-1.4 0.153305
-1.39 0.153502
-1.38 0.153696
-1.37 0.153886
-1.36 0.154072
-1.35 0.154256
-1.34 0.154436
-1.33 0.154612
-1.32 0.154786
-1.31 0.154956
-1.3 0.155123
-1.29 0.155287
-1.28 0.155447
-1.27 0.155605
-1.26 0.155759
-1.25 0.15591
-1.24 0.156058
-1.23 0.156203
-1.22 0.156345
-1.21 0.156484
-1.2 0.156619
-1.19 0.156752
-1.18 0.156882
-1.17 0.157009
-1.16 0.157134
-1.15 0.157255
-1.14 0.157373
-1.13 0.157489
-1.12 0.157602
-1.11 0.157712
-1.1 0.15782
-1.09 0.157925
-1.08 0.158027
-1.07 0.158127
-1.06 0.158224
-1.05 0.158318
-1.04 0.15841
-1.03 0.1585
-1.02 0.158587
-1.01 0.158672
-1 0.158754
-0.99 0.158834
-0.98 0.158912
-0.97 0.158987
-0.96 0.159061
-0.95 0.159132
-0.94 0.1592
-0.93 0.159267
-0.92 0.159332
-0.91 0.159394
-0.9 0.159455
-0.89 0.159513
-0.88 0.15957
-0.87 0.159624
-0.86 0.159677
-0.85 0.159728
-0.84 0.159777
-0.83 0.159825
-0.82 0.15987
-0.81 0.159914
-0.8 0.159956
-0.79 0.159997
-0.78 0.160036
-0.77 0.160073
-0.76 0.160109
-0.75 0.160143
-0.74 0.160176
-0.73 0.160208
-0.72 0.160238
-0.71 0.160266
-0.7 0.160294
-0.69 0.16032
-0.68 0.160345
-0.67 0.160368
-0.66 0.160391
-0.65 0.160412
-0.64 0.160432
-0.63 0.160451
-0.62 0.160469
-0.61 0.160486
-0.6 0.160502
-0.59 0.160517
-0.58 0.160531
-0.57 0.160544
-0.56 0.160557
-0.55 0.160568
-0.54 0.160579
-0.53 0.160589
-0.52 0.160598
-0.51 0.160607
-0.5 0.160614
-0.49 0.160622
-0.48 0.160628
-0.47 0.160634
-0.46 0.160639
-0.45 0.160644
-0.44 0.160648
-0.43 0.160652
-0.42 0.160656
-0.41 0.160658
-0.4 0.160661
-0.39 0.160663
-0.38 0.160665
-0.37 0.160666
-0.36 0.160667
-0.35 0.160668
-0.34 0.160668
-0.33 0.160669
-0.32 0.160669
-0.31 0.160668
-0.3 0.160668
-0.29 0.160667
-0.28 0.160667
-0.27 0.160666
-0.26 0.160665
-0.25 0.160664
-0.24 0.160662
-0.23 0.160661
-0.22 0.16066
-0.21 0.160658
-0.2 0.160657
-0.19 0.160655
-0.18 0.160654
-0.17 0.160653
-0.16 0.160651
-0.15 0.16065
-0.14 0.160649
-0.13 0.160647
-0.12 0.160646
-0.11 0.160645
-0.1 0.160644
-0.09 0.160643
-0.08 0.160642
-0.07 0.160641
-0.06 0.16064
-0.05 0.16064
-0.04 0.160639
-0.03 0.160639
-0.02 0.160639
-0.01 0.160638
0 0.160638
0.01 0.160638
0.02 0.160639
0.03 0.160639
0.04 0.160639
0.05 0.16064
0.06 0.16064
0.07 0.160641
0.08 0.160642
0.09 0.160643
0.1 0.160644
0.11 0.160645
0.12 0.160646
0.13 0.160647
0.14 0.160649
0.15 0.16065
0.16 0.160651
0.17 0.160653
0.18 0.160654
0.19 0.160655
0.2 0.160657
0.21 0.160658
0.22 0.16066
0.23 0.160661
0.24 0.160662
0.25 0.160664
0.26 0.160665
0.27 0.160666
0.28 0.160667
0.29 0.160667
0.3 0.160668
0.31 0.160668
0.32 0.160669
0.33 0.160669
0.34 0.160668
0.35 0.160668
0.36 0.160667
0.37 0.160666
0.38 0.160665
0.39 0.160663
0.4 0.160661
0.41 0.160658
0.42 0.160656
0.43 0.160652
0.44 0.160648
0.45 0.160644
0.46 0.160639
0.47 0.160634
0.48 0.160628
0.49 0.160622
0.5 0.160614
0.51 0.160607
0.52 0.160598
0.53 0.160589
0.54 0.160579
0.55 0.160568
0.56 0.160557
0.57 0.160544
0.58 0.160531
0.59 0.160517
0.6 0.160502
0.61 0.160486
0.62 0.160469
0.63 0.160451
0.64 0.160432
0.65 0.160412
0.66 0.160391
0.67 0.160368
0.68 0.160345
0.69 0.16032
0.7 0.160294
0.71 0.160266
0.72 0.160238
0.73 0.160208
0.74 0.160176
0.75 0.160143
0.76 0.160109
0.77 0.160073
0.78 0.160036
0.79 0.159997
0.8 0.159956
0.81 0.159914
0.82 0.15987
0.83 0.159825
0.84 0.159777
0.85 0.159728
0.86 0.159677
0.87 0.159624
0.88 0.15957
0.89 0.159513
0.9 0.159455
0.91 0.159394
0.92 0.159332
0.93 0.159267
0.94 0.1592
0.95 0.159132
0.96 0.159061
0.97 0.158987
0.98 0.158912
0.99 0.158834
1 0.158754
1.01 0.158672
1.02 0.158587
1.03 0.1585
1.04 0.15841
1.05 0.158318
1.06 0.158224
1.07 0.158127
1.08 0.158027
1.09 0.157925
1.1 0.15782
1.11 0.157712
1.12 0.157602
1.13 0.157489
1.14 0.157373
1.15 0.157255
1.16 0.157134
1.17 0.157009
1.18 0.156882
1.19 0.156752
1.2 0.156619
1.21 0.156484
1.22 0.156345
1.23 0.156203
1.24 0.156058
1.25 0.15591
1.26 0.155759
1.27 0.155605
1.28 0.155447
1.29 0.155287
1.3 0.155123
1.31 0.154956
1.32 0.154786
1.33 0.154612
1.34 0.154436
1.35 0.154256
1.36 0.154072
1.37 0.153886
1.38 0.153696
1.39 0.153502
1.4 0.153305
1.41 0.153105
1.42 0.152901
1.43 0.152694
1.44 0.152483
1.45 0.152269
1.46 0.152052
1.47 0.15183
1.48 0.151606
1.49 0.151378
1.5 0.151146
1.51 0.15091
1.52 0.150671
1.53 0.150429
1.54 0.150183
1.55 0.149933
1.56 0.14968
1.57 0.149423
1.58 0.149162
1.59 0.148898
1.6 0.14863
1.61 0.148358
1.62 0.148083
1.63 0.147804
1.64 0.147521
1.65 0.147235
1.66 0.146945
1.67 0.146652
1.68 0.146354
1.69 0.146053
1.7 0.145749
1.71 0.14544
1.72 0.145128
1.73 0.144813
1.74 0.144493
1.75 0.14417
1.76 0.143844
1.77 0.143514
1.78 0.14318
1.79 0.142842
1.8 0.142501
1.81 0.142156
1.82 0.141808
1.83 0.141455
1.84 0.1411
1.85 0.140741
1.86 0.140378
1.87 0.140011
1.88 0.139641
1.89 0.139268
1.9 0.138891
1.91 0.13851
1.92 0.138126
1.93 0.137739
1.94 0.137348
1.95 0.136953
1.96 0.136556
1.97 0.136154
1.98 0.13575
1.99 0.135342
2 0.13493
2.01 0.134516
2.02 0.134098
2.03 0.133676
2.04 0.133252
2.05 0.132824
2.06 0.132393
2.07 0.131959
2.08 0.131521
2.09 0.131081
2.1 0.130637
2.11 0.130191
2.12 0.129741
2.13 0.129288
2.14 0.128832
2.15 0.128373
2.16 0.127912
2.17 0.127447
2.18 0.126979
2.19 0.126509
2.2 0.126036
2.21 0.12556
2.22 0.125081
2.23 0.124599
2.24 0.124115
2.25 0.123628
2.26 0.123139
2.27 0.122647
2.28 0.122152
2.29 0.121655
2.3 0.121155
2.31 0.120653
2.32 0.120149
2.33 0.119642
2.34 0.119132
2.35 0.118621
2.36 0.118107
2.37 0.117591
2.38 0.117073
2.39 0.116552
2.4 0.11603
2.41 0.115505
2.42 0.114979
2.43 0.11445
2.44 0.113919
2.45 0.113387
2.46 0.112853
2.47 0.112316
2.48 0.111778
2.49 0.111239
2.5 0.110697
2.51 0.110154
2.52 0.10961
2.53 0.109063
2.54 0.108516
2.55 0.107966
2.56 0.107416
2.57 0.106863
2.58 0.10631
2.59 0.105755
2.6 0.105199
2.61 0.104642
2.62 0.104083
2.63 0.103524
2.64 0.102963
2.65 0.102401
2.66 0.101838
2.67 0.101274
2.68 0.10071
2.69 0.100144
2.7 0.0995778
2.71 0.0990106
2.72 0.0984427
2.73 0.0978741
2.74 0.0973048
2.75 0.0967349
2.76 0.0961644
2.77 0.0955935
2.78 0.095022
2.79 0.0944501
2.8 0.0938778
2.81 0.0933052
2.82 0.0927323
2.83 0.0921591
2.84 0.0915857
2.85 0.0910121
2.86 0.0904384
2.87 0.0898647
2.88 0.0892908
2.89 0.088717
2.9 0.0881433
2.91 0.0875696
2.92 0.086996
2.93 0.0864227
2.94 0.0858495
2.95 0.0852766
2.96 0.0847041
2.97 0.0841318
2.98 0.08356
2.99 0.0829885
3 0.0824176
3.01 0.0818471
3.02 0.0812772
3.03 0.0807079
3.04 0.0801392
3.05 0.0795712
3.06 0.0790039
3.07 0.0784373
3.08 0.0778716
3.09 0.0773066
3.1 0.0767426
3.11 0.0761794
3.12 0.0756172
3.13 0.0750559
3.14 0.0744957
3.15 0.0739365
3.16 0.0733785
3.17 0.0728215
3.18 0.0722657
3.19 0.0717111
3.2 0.0711578
3.21 0.0706057
3.22 0.0700549
3.23 0.0695055
3.24 0.0689574
3.25 0.0684108
3.26 0.0678655
3.27 0.0673218
3.28 0.0667796
3.29 0.0662389
3.3 0.0656997
3.31 0.0651622
3.32 0.0646263
3.33 0.0640921
3.34 0.0635595
3.35 0.0630287
3.36 0.0624996
3.37 0.0619723
3.38 0.0614468
3.39 0.0609232
3.4 0.0604014
3.41 0.0598815
3.42 0.0593635
3.43 0.0588475
3.44 0.0583335
3.45 0.0578214
3.46 0.0573114
3.47 0.0568034
3.48 0.0562975
3.49 0.0557936
3.5 0.0552919
3.51 0.0547924
3.52 0.054295
3.53 0.0537997
3.54 0.0533067
3.55 0.052816
3.56 0.0523274
3.57 0.0518412
3.58 0.0513572
3.59 0.0508755
3.6 0.0503962
3.61 0.0499192
3.62 0.0494446
3.63 0.0489723
3.64 0.0485025
3.65 0.0480351
3.66 0.0475701
3.67 0.0471076
3.68 0.0466475
3.69 0.0461899
3.7 0.0457348
3.71 0.0452822
3.72 0.0448321
3.73 0.0443846
3.74 0.0439396
3.75 0.0434972
3.76 0.0430573
3.77 0.04262
3.78 0.0421854
3.79 0.0417533
3.8 0.0413238
3.81 0.040897
3.82 0.0404728
3.83 0.0400513
3.84 0.0396324
3.85 0.0392161
3.86 0.0388026
3.87 0.0383917
3.88 0.0379835
3.89 0.037578
3.9 0.0371752
3.91 0.0367751
3.92 0.0363777
3.93 0.035983
3.94 0.035591
3.95 0.0352018
3.96 0.0348153
3.97 0.0344315
3.98 0.0340504
3.99 0.0336721
4 0.0332965
4.01 0.0329236
4.02 0.0325535
4.03 0.0321862
4.04 0.0318216
4.05 0.0314597
4.06 0.0311005
4.07 0.0307442
4.08 0.0303905
4.09 0.0300396
4.1 0.0296915
4.11 0.029346
4.12 0.0290034
4.13 0.0286634
4.14 0.0283262
4.15 0.0279917
4.16 0.02766
4.17 0.0273309
4.18 0.0270046
4.19 0.026681
4.2 0.0263601
4.21 0.026042
4.22 0.0257265
4.23 0.0254137
4.24 0.0251036
4.25 0.0247962
4.26 0.0244915
4.27 0.0241895
4.28 0.0238901
4.29 0.0235934
4.3 0.0232993
4.31 0.0230079
4.32 0.0227191
4.33 0.022433
4.34 0.0221495
4.35 0.0218686
4.36 0.0215902
4.37 0.0213145
4.38 0.0210414
4.39 0.0207709
4.4 0.0205029
4.41 0.0202375
4.42 0.0199746
4.43 0.0197143
4.44 0.0194565
4.45 0.0192012
4.46 0.0189484
4.47 0.0186982
4.48 0.0184504
4.49 0.0182051
4.5 0.0179622
4.51 0.0177218
4.52 0.0174839
4.53 0.0172483
4.54 0.0170152
4.55 0.0167845
4.56 0.0165562
4.57 0.0163303
4.58 0.0161067
4.59 0.0158855
4.6 0.0156666
4.61 0.0154501
4.62 0.0152358
4.63 0.0150239
4.64 0.0148143
4.65 0.0146069
4.66 0.0144018
4.67 0.0141989
4.68 0.0139983
4.69 0.0137999
4.7 0.0136037
4.71 0.0134097
4.72 0.0132179
4.73 0.0130282
4.74 0.0128407
4.75 0.0126554
4.76 0.0124721
4.77 0.012291
4.78 0.0121119
4.79 0.0119349
4.8 0.01176
4.81 0.0115871
4.82 0.0114163
4.83 0.0112475
4.84 0.0110806
4.85 0.0109158
4.86 0.010753
4.87 0.010592
4.88 0.0104331
4.89 0.0102761
4.9 0.0101209
4.91 0.00996771
4.92 0.00981637
4.93 0.0096669
4.94 0.00951927
4.95 0.00937349
4.96 0.00922952
4.97 0.00908736
4.98 0.00894699
4.99 0.00880839
5 0.00867156
5.01 0.00853647
5.02 0.00840311
5.03 0.00827146
5.04 0.00814151
5.05 0.00801325
5.06 0.00788665
5.07 0.00776171
5.08 0.00763841
5.09 0.00751673
5.1 0.00739665
5.11 0.00727817
5.12 0.00716127
5.13 0.00704593
5.14 0.00693214
5.15 0.00681988
5.16 0.00670914
5.17 0.00659991
5.18 0.00649216
5.19 0.00638588
5.2 0.00628107
5.21 0.0061777
5.22 0.00607576
5.23 0.00597523
5.24 0.00587611
5.25 0.00577837
5.26 0.005682
5.27 0.00558699
5.28 0.00549332
5.29 0.00540098
5.3 0.00530996
5.31 0.00522024
5.32 0.0051318
5.33 0.00504464
5.34 0.00495873
5.35 0.00487407
5.36 0.00479065
5.37 0.00470843
5.38 0.00462743
5.39 0.00454761
5.4 0.00446897
5.41 0.00439149
5.42 0.00431517
5.43 0.00423998
5.44 0.00416591
5.45 0.00409296
5.46 0.0040211
5.47 0.00395033
5.48 0.00388063
5.49 0.00381199
5.5 0.00374439
5.51 0.00367783
5.52 0.00361229
5.53 0.00354776
5.54 0.00348423
5.55 0.00342168
5.56 0.00336011
5.57 0.00329949
5.58 0.00323982
5.59 0.00318109
5.6 0.00312329
5.61 0.0030664
5.62 0.00301041
5.63 0.00295531
5.64 0.00290108
5.65 0.00284773
5.66 0.00279523
5.67 0.00274358
5.68 0.00269276
5.69 0.00264276
5.7 0.00259358
5.71 0.0025452
5.72 0.0024976
5.73 0.00245079
5.74 0.00240475
5.75 0.00235947
5.76 0.00231493
5.77 0.00227114
5.78 0.00222807
5.79 0.00218573
5.8 0.00214409
5.81 0.00210315
5.82 0.0020629
5.83 0.00202333
5.84 0.00198443
5.85 0.00194619
5.86 0.0019086
5.87 0.00187166
5.88 0.00183534
5.89 0.00179965
5.9 0.00176458
5.91 0.00173011
5.92 0.00169624
5.93 0.00166296
5.94 0.00163026
5.95 0.00159813
5.96 0.00156656
5.97 0.00153555
5.98 0.00150508
5.99 0.00147515
