-6 0.000881872
-5.99 0.000900679
-5.98 0.000919846
-5.97 0.000939379
-5.96 0.000959285
-5.95 0.00097957
-5.94 0.00100024
-5.93 0.0010213
-5.92 0.00104276
-5.91 0.00106462
-5.9 0.00108689
-5.89 0.00110957
-5.88 0.00113269
-5.87 0.00115623
-5.86 0.00118021
-5.85 0.00120463
-5.84 0.0012295
-5.83 0.00125483
-5.82 0.00128063
-5.81 0.0013069
-5.8 0.00133365
-5.79 0.00136088
-5.78 0.00138861
-5.77 0.00141685
-5.76 0.00144559
-5.75 0.00147485
-5.74 0.00150464
-5.73 0.00153496
-5.72 0.00156582
-5.71 0.00159723
-5.7 0.0016292
-5.69 0.00166174
-5.68 0.00169485
-5.67 0.00172855
-5.66 0.00176283
-5.65 0.00179772
-5.64 0.00183322
-5.63 0.00186933
-5.62 0.00190607
-5.61 0.00194345
-5.6 0.00198148
-5.59 0.00202015
-5.58 0.0020595
-5.57 0.00209951
-5.56 0.00214021
-5.55 0.0021816
-5.54 0.0022237
-5.53 0.0022665
-5.52 0.00231003
-5.51 0.00235429
-5.5 0.00239929
-5.49 0.00244504
-5.48 0.00249156
-5.47 0.00253885
-5.46 0.00258692
-5.45 0.00263579
-5.44 0.00268546
-5.43 0.00273594
-5.42 0.00278726
-5.41 0.0028394
-5.4 0.0028924
-5.39 0.00294626
-5.38 0.00300098
-5.37 0.00305659
-5.36 0.00311309
-5.35 0.0031705
-5.34 0.00322882
-5.33 0.00328807
-5.32 0.00334826
-5.31 0.0034094
-5.3 0.0034715
-5.29 0.00353458
-5.28 0.00359865
-5.27 0.00366371
-5.26 0.00372979
-5.25 0.00379689
-5.24 0.00386503
-5.23 0.00393422
-5.22 0.00400447
-5.21 0.00407579
-5.2 0.00414821
-5.19 0.00422172
-5.18 0.00429635
-5.17 0.0043721
-5.16 0.00444899
-5.15 0.00452704
-5.14 0.00460625
-5.13 0.00468664
-5.12 0.00476823
-5.11 0.00485102
-5.1 0.00493503
-5.09 0.00502028
-5.08 0.00510677
-5.07 0.00519453
-5.06 0.00528356
-5.05 0.00537388
-5.04 0.0054655
-5.03 0.00555844
-5.02 0.00565271
-5.01 0.00574833
-5 0.00584531
-4.99 0.00594367
-4.98 0.00604341
-4.97 0.00614456
-4.96 0.00624712
-4.95 0.00635112
-4.94 0.00645657
-4.93 0.00656348
-4.92 0.00667186
-4.91 0.00678174
-4.9 0.00689312
-4.89 0.00700603
-4.88 0.00712047
-4.87 0.00723646
-4.86 0.00735402
-4.85 0.00747317
-4.84 0.00759391
-4.83 0.00771626
-4.82 0.00784024
-4.81 0.00796586
-4.8 0.00809314
-4.79 0.00822209
-4.78 0.00835273
-4.77 0.00848507
-4.76 0.00861914
-4.75 0.00875494
-4.74 0.00889248
-4.73 0.0090318
-4.72 0.00917289
-4.71 0.00931578
-4.7 0.00946048
-4.69 0.00960701
-4.68 0.00975538
-4.67 0.00990561
-4.66 0.0100577
-4.65 0.0102117
-4.64 0.0103676
-4.63 0.0105254
-4.62 0.0106852
-4.61 0.0108469
-4.6 0.0110105
-4.59 0.0111762
-4.58 0.0113438
-4.57 0.0115135
-4.56 0.0116852
-4.55 0.0118589
-4.54 0.0120347
-4.53 0.0122125
-4.52 0.0123925
-4.51 0.0125745
-4.5 0.0127587
-4.49 0.012945
-4.48 0.0131334
-4.47 0.013324
-4.46 0.0135168
-4.45 0.0137118
-4.44 0.0139089
-4.43 0.0141083
-4.42 0.01431
-4.41 0.0145139
-4.4 0.01472
-4.39 0.0149284
-4.38 0.0151391
-4.37 0.0153522
-4.36 0.0155675
-4.35 0.0157852
-4.34 0.0160052
-4.33 0.0162276
-4.32 0.0164524
-4.31 0.0166795
-4.3 0.0169091
-4.29 0.0171411
-4.28 0.0173755
-4.27 0.0176123
-4.26 0.0178516
-4.25 0.0180934
-4.24 0.0183376
-4.23 0.0185843
-4.22 0.0188336
-4.21 0.0190853
-4.2 0.0193396
-4.19 0.0195964
-4.18 0.0198558
-4.17 0.0201177
-4.16 0.0203822
-4.15 0.0206493
-4.14 0.020919
-4.13 0.0211913
-4.12 0.0214662
-4.11 0.0217437
-4.1 0.0220239
-4.09 0.0223067
-4.08 0.0225922
-4.07 0.0228803
-4.06 0.0231712
-4.05 0.0234647
-4.04 0.0237609
-4.03 0.0240598
-4.02 0.0243614
-4.01 0.0246657
-4 0.0249728
-3.99 0.0252826
-3.98 0.0255951
-3.97 0.0259104
-3.96 0.0262284
-3.95 0.0265492
-3.94 0.0268728
-3.93 0.0271992
-3.92 0.0275283
-3.91 0.0278602
-3.9 0.0281949
-3.89 0.0285324
-3.88 0.0288728
-3.87 0.0292159
-3.86 0.0295618
-3.85 0.0299106
-3.84 0.0302622
-3.83 0.0306166
-3.82 0.0309738
-3.81 0.0313339
-3.8 0.0316968
-3.79 0.0320625
-3.78 0.0324311
-3.77 0.0328025
-3.76 0.0331767
-3.75 0.0335538
-3.74 0.0339337
-3.73 0.0343165
-3.72 0.0347021
-3.71 0.0350905
-3.7 0.0354818
-3.69 0.035876
-3.68 0.0362729
-3.67 0.0366728
-3.66 0.0370754
-3.65 0.0374809
-3.64 0.0378892
-3.63 0.0383003
-3.62 0.0387143
-3.61 0.0391311
-3.6 0.0395507
-3.59 0.0399731
-3.58 0.0403983
-3.57 0.0408263
-3.56 0.0412571
-3.55 0.0416907
-3.54 0.0421271
-3.53 0.0425662
-3.52 0.0430082
-3.51 0.0434529
-3.5 0.0439003
-3.49 0.0443505
-3.48 0.0448034
-3.47 0.0452591
-3.46 0.0457175
-3.45 0.0461786
-3.44 0.0466423
-3.43 0.0471088
-3.42 0.047578
-3.41 0.0480498
-3.4 0.0485243
-3.39 0.0490014
-3.38 0.0494811
-3.37 0.0499635
-3.36 0.0504484
-3.35 0.050936
-3.34 0.0514261
-3.33 0.0519188
-3.32 0.0524141
-3.31 0.0529118
-3.3 0.0534121
-3.29 0.0539149
-3.28 0.0544202
-3.27 0.0549279
-3.26 0.0554381
-3.25 0.0559507
-3.24 0.0564657
-3.23 0.0569832
-3.22 0.057503
-3.21 0.0580251
-3.2 0.0585496
-3.19 0.0590764
-3.18 0.0596055
-3.17 0.0601369
-3.16 0.0606705
-3.15 0.0612064
-3.14 0.0617445
-3.13 0.0622847
-3.12 0.0628272
-3.11 0.0633718
-3.1 0.0639185
-3.09 0.0644672
-3.08 0.0650181
-3.07 0.065571
-3.06 0.0661259
-3.05 0.0666829
-3.04 0.0672418
-3.03 0.0678026
-3.02 0.0683654
-3.01 0.06893
-3 0.0694966
-2.99 0.0700649
-2.98 0.0706351
-2.97 0.071207
-2.96 0.0717807
-2.95 0.0723562
-2.94 0.0729333
-2.93 0.0735121
-2.92 0.0740925
-2.91 0.0746745
-2.9 0.0752581
-2.89 0.0758433
-2.88 0.0764299
-2.87 0.0770181
-2.86 0.0776077
-2.85 0.0781987
-2.84 0.0787911
-2.83 0.0793849
-2.82 0.0799799
-2.81 0.0805763
-2.8 0.0811739
-2.79 0.0817728
-2.78 0.0823728
-2.77 0.082974
-2.76 0.0835763
-2.75 0.0841797
-2.74 0.0847841
-2.73 0.0853896
-2.72 0.085996
-2.71 0.0866034
-2.7 0.0872117
-2.69 0.0878209
-2.68 0.0884309
-2.67 0.0890417
-2.66 0.0896533
-2.65 0.0902656
-2.64 0.0908785
-2.63 0.0914922
-2.62 0.0921064
-2.61 0.0927213
-2.6 0.0933367
-2.59 0.0939526
-2.58 0.0945689
-2.57 0.0951857
-2.56 0.0958029
-2.55 0.0964204
-2.54 0.0970382
-2.53 0.0976563
-2.52 0.0982747
-2.51 0.0988932
-2.5 0.0995119
-2.49 0.100131
-2.48 0.10075
-2.47 0.101369
-2.46 0.101988
-2.45 0.102607
-2.44 0.103225
-2.43 0.103844
-2.42 0.104463
-2.41 0.105081
-2.4 0.105699
-2.39 0.106317
-2.38 0.106935
-2.37 0.107552
-2.36 0.108169
-2.35 0.108785
-2.34 0.109401
-2.33 0.110017
-2.32 0.110632
-2.31 0.111246
-2.3 0.11186
-2.29 0.112473
-2.28 0.113085
-2.27 0.113697
-2.26 0.114308
-2.25 0.114918
-2.24 0.115527
-2.23 0.116135
-2.22 0.116743
-2.21 0.117349
-2.2 0.117955
-2.19 0.118559
-2.18 0.119162
-2.17 0.119765
-2.16 0.120366
-2.15 0.120965
-2.14 0.121564
-2.13 0.122161
-2.12 0.122757
-2.11 0.123352
-2.1 0.123945
-2.09 0.124537
-2.08 0.125128
-2.07 0.125717
-2.06 0.126304
-2.05 0.12689
-2.04 0.127475
-2.03 0.128057
-2.02 0.128638
-2.01 0.129218
-2 0.129795
-1.99 0.130371
-1.98 0.130945
-1.97 0.131518
-1.96 0.132088
-1.95 0.132657
-1.94 0.133223
-1.93 0.133788
-1.92 0.134351
-1.91 0.134911
-1.9 0.13547
-1.89 0.136026
-1.88 0.136581
-1.87 0.137133
-1.86 0.137683
-1.85 0.138231
-1.84 0.138777
-1.83 0.13932
-1.82 0.139861
-1.81 0.1404
-1.8 0.140937
-1.79 0.141471
-1.78 0.142003
-1.77 0.142532
-1.76 0.143059
-1.75 0.143583
-1.74 0.144105
-1.73 0.144625
-1.72 0.145142
-1.71 0.145656
-1.7 0.146167
-1.69 0.146677
-1.68 0.147183
-1.67 0.147687
-1.66 0.148188
-1.65 0.148686
-1.64 0.149182
-1.63 0.149675
-1.62 0.150165
-1.61 0.150652
-1.6 0.151137
-1.59 0.151618
-1.58 0.152097
-1.57 0.152573
-1.56 0.153046
-1.55 0.153517
-1.54 0.153984
-1.53 0.154448
-1.52 0.15491
-1.51 0.155368
-1.5 0.155824
-1.49 0.156276
-1.48 0.156725
-1.47 0.157172
-1.46 0.157615
-1.45 0.158055
-1.44 0.158493
-1.43 0.158927
-1.42 0.159358
-1.41 0.159786
-1.4 0.160211
-1.39 0.160632
-1.38 0.161051
-1.37 0.161466
-1.36 0.161879
-1.35 0.162288
-1.34 0.162694
-1.33 0.163096
-1.32 0.163496
-1.31 0.163892
-1.3 0.164285
-1.29 0.164675
-1.28 0.165062
-1.27 0.165446
-1.26 0.165826
-1.25 0.166203
-1.24 0.166577
-1.23 0.166947
-1.22 0.167314
-1.21 0.167678
-1.2 0.168039
-1.19 0.168397
-1.18 0.168751
-1.17 0.169102
-1.16 0.169449
-1.15 0.169794
-1.14 0.170135
-1.13 0.170473
-1.12 0.170807
-1.11 0.171139
-1.1 0.171467
-1.09 0.171791
-1.08 0.172113
-1.07 0.172431
-1.06 0.172746
-1.05 0.173058
-1.04 0.173366
-1.03 0.173671
-1.02 0.173973
-1.01 0.174272
-1 0.174567
-0.99 0.174859
-0.98 0.175148
-0.97 0.175433
-0.96 0.175716
-0.95 0.175995
-0.94 0.17627
-0.93 0.176543
-0.92 0.176812
-0.91 0.177079
-0.9 0.177341
-0.89 0.177601
-0.88 0.177858
-0.87 0.178111
-0.86 0.178361
-0.85 0.178608
-0.84 0.178851
-0.83 0.179092
-0.82 0.179329
-0.81 0.179563
-0.8 0.179794
-0.79 0.180022
-0.78 0.180247
-0.77 0.180469
-0.76 0.180687
-0.75 0.180902
-0.74 0.181115
-0.73 0.181324
-0.72 0.18153
-0.71 0.181732
-0.7 0.181932
-0.69 0.182129
-0.68 0.182323
-0.67 0.182513
-0.66 0.182701
-0.65 0.182885
-0.64 0.183067
-0.63 0.183245
-0.62 0.18342
-0.61 0.183593
-0.6 0.183762
-0.59 0.183929
-0.58 0.184092
-0.57 0.184252
-0.56 0.18441
-0.55 0.184564
-0.54 0.184716
-0.53 0.184864
-0.52 0.18501
-0.51 0.185153
-0.5 0.185292
-0.49 0.185429
-0.48 0.185563
-0.47 0.185694
-0.46 0.185822
-0.45 0.185948
-0.44 0.18607
-0.43 0.18619
-0.42 0.186306
-0.41 0.18642
-0.4 0.186531
-0.39 0.186639
-0.38 0.186744
-0.37 0.186847
-0.36 0.186946
-0.35 0.187043
-0.34 0.187137
-0.33 0.187229
-0.32 0.187317
-0.31 0.187403
-0.3 0.187485
-0.29 0.187565
-0.28 0.187643
-0.27 0.187717
-0.26 0.187789
-0.25 0.187858
-0.24 0.187924
-0.23 0.187988
-0.22 0.188049
-0.21 0.188107
-0.2 0.188162
-0.19 0.188215
-0.18 0.188265
-0.17 0.188312
-0.16 0.188356
-0.15 0.188398
-0.14 0.188437
-0.13 0.188473
-0.12 0.188507
-0.11 0.188538
-0.1 0.188566
-0.09 0.188592
-0.08 0.188615
-0.07 0.188635
-0.06 0.188652
-0.05 0.188667
-0.04 0.188679
-0.03 0.188688
-0.02 0.188695
-0.01 0.188699
0 0.1887
0.01 0.188699
0.02 0.188695
0.03 0.188688
0.04 0.188679
0.05 0.188667
0.06 0.188652
0.07 0.188635
0.08 0.188615
0.09 0.188592
0.1 0.188566
0.11 0.188538
0.12 0.188507
0.13 0.188473
0.14 0.188437
0.15 0.188398
0.16 0.188356
0.17 0.188312
0.18 0.188265
0.19 0.188215
0.2 0.188162
0.21 0.188107
0.22 0.188049
0.23 0.187988
0.24 0.187924
0.25 0.187858
0.26 0.187789
0.27 0.187717
0.28 0.187643
0.29 0.187565
0.3 0.187485
0.31 0.187403
0.32 0.187317
0.33 0.187229
0.34 0.187137
0.35 0.187043
0.36 0.186946
0.37 0.186847
0.38 0.186744
0.39 0.186639
0.4 0.186531
0.41 0.18642
0.42 0.186306
0.43 0.18619
0.44 0.18607
0.45 0.185948
0.46 0.185822
0.47 0.185694
0.48 0.185563
0.49 0.185429
0.5 0.185292
0.51 0.185153
0.52 0.18501
0.53 0.184864
0.54 0.184716
0.55 0.184564
0.56 0.18441
0.57 0.184252
0.58 0.184092
0.59 0.183929
0.6 0.183762
0.61 0.183593
0.62 0.18342
0.63 0.183245
0.64 0.183067
0.65 0.182885
0.66 0.182701
0.67 0.182513
0.68 0.182323
0.69 0.182129
0.7 0.181932
0.71 0.181732
0.72 0.18153
0.73 0.181324
0.74 0.181115
0.75 0.180902
0.76 0.180687
0.77 0.180469
0.78 0.180247
0.79 0.180022
0.8 0.179794
0.81 0.179563
0.82 0.179329
0.83 0.179092
0.84 0.178851
0.85 0.178608
0.86 0.178361
0.87 0.178111
0.88 0.177858
0.89 0.177601
0.9 0.177341
0.91 0.177079
0.92 0.176812
0.93 0.176543
0.94 0.17627
0.95 0.175995
0.96 0.175716
0.97 0.175433
0.98 0.175148
0.99 0.174859
1 0.174567
1.01 0.174272
1.02 0.173973
1.03 0.173671
1.04 0.173366
1.05 0.173058
1.06 0.172746
1.07 0.172431
1.08 0.172113
1.09 0.171791
1.1 0.171467
1.11 0.171139
1.12 0.170807
1.13 0.170473
1.14 0.170135
1.15 0.169794
1.16 0.169449
1.17 0.169102
1.18 0.168751
1.19 0.168397
1.2 0.168039
1.21 0.167678
1.22 0.167314
1.23 0.166947
1.24 0.166577
1.25 0.166203
1.26 0.165826
1.27 0.165446
1.28 0.165062
1.29 0.164675
1.3 0.164285
1.31 0.163892
1.32 0.163496
1.33 0.163096
1.34 0.162694
1.35 0.162288
1.36 0.161879
1.37 0.161466
1.38 0.161051
1.39 0.160632
1.4 0.160211
1.41 0.159786
1.42 0.159358
1.43 0.158927
1.44 0.158493
1.45 0.158055
1.46 0.157615
1.47 0.157172
1.48 0.156725
1.49 0.156276
1.5 0.155824
1.51 0.155368
1.52 0.15491
1.53 0.154448
1.54 0.153984
1.55 0.153517
1.56 0.153046
1.57 0.152573
1.58 0.152097
1.59 0.151618
1.6 0.151137
1.61 0.150652
1.62 0.150165
1.63 0.149675
1.64 0.149182
1.65 0.148686
1.66 0.148188
1.67 0.147687
1.68 0.147183
1.69 0.146677
1.7 0.146167
1.71 0.145656
1.72 0.145142
1.73 0.144625
1.74 0.144105
1.75 0.143583
1.76 0.143059
1.77 0.142532
1.78 0.142003
1.79 0.141471
1.8 0.140937
1.81 0.1404
1.82 0.139861
1.83 0.13932
1.84 0.138777
1.85 0.138231
1.86 0.137683
1.87 0.137133
1.88 0.136581
1.89 0.136026
1.9 0.13547
1.91 0.134911
1.92 0.134351
1.93 0.133788
1.94 0.133223
1.95 0.132657
1.96 0.132088
1.97 0.131518
1.98 0.130945
1.99 0.130371
2 0.129795
2.01 0.129218
2.02 0.128638
2.03 0.128057
2.04 0.127475
2.05 0.12689
2.06 0.126304
2.07 0.125717
2.08 0.125128
2.09 0.124537
2.1 0.123945
2.11 0.123352
2.12 0.122757
2.13 0.122161
2.14 0.121564
2.15 0.120965
2.16 0.120366
2.17 0.119765
2.18 0.119162
2.19 0.118559
2.2 0.117955
2.21 0.117349
2.22 0.116743
2.23 0.116135
2.24 0.115527
2.25 0.114918
2.26 0.114308
2.27 0.113697
2.28 0.113085
2.29 0.112473
2.3 0.11186
2.31 0.111246
2.32 0.110632
2.33 0.110017
2.34 0.109401
2.35 0.108785
2.36 0.108169
2.37 0.107552
2.38 0.106935
2.39 0.106317
2.4 0.105699
2.41 0.105081
2.42 0.104463
2.43 0.103844
2.44 0.103225
2.45 0.102607
2.46 0.101988
2.47 0.101369
2.48 0.10075
2.49 0.100131
2.5 0.0995119
2.51 0.0988932
2.52 0.0982747
2.53 0.0976563
2.54 0.0970382
2.55 0.0964204
2.56 0.0958029
2.57 0.0951857
2.58 0.0945689
2.59 0.0939526
2.6 0.0933367
2.61 0.0927213
2.62 0.0921064
2.63 0.0914922
2.64 0.0908785
2.65 0.0902656
2.66 0.0896533
2.67 0.0890417
2.68 0.0884309
2.69 0.0878209
2.7 0.0872117
2.71 0.0866034
2.72 0.085996
2.73 0.0853896
2.74 0.0847841
2.75 0.0841797
2.76 0.0835763
2.77 0.082974
2.78 0.0823728
2.79 0.0817728
2.8 0.0811739
2.81 0.0805763
2.82 0.0799799
2.83 0.0793849
2.84 0.0787911
2.85 0.0781987
2.86 0.0776077
2.87 0.0770181
2.88 0.0764299
2.89 0.0758433
2.9 0.0752581
2.91 0.0746745
2.92 0.0740925
2.93 0.0735121
2.94 0.0729333
2.95 0.0723562
2.96 0.0717807
2.97 0.071207
2.98 0.0706351
2.99 0.0700649
3 0.0694966
3.01 0.06893
3.02 0.0683654
3.03 0.0678026
3.04 0.0672418
3.05 0.0666829
3.06 0.0661259
3.07 0.065571
3.08 0.0650181
3.09 0.0644672
3.1 0.0639185
3.11 0.0633718
3.12 0.0628272
3.13 0.0622847
3.14 0.0617445
3.15 0.0612064
3.16 0.0606705
3.17 0.0601369
3.18 0.0596055
3.19 0.0590764
3.2 0.0585496
3.21 0.0580251
3.22 0.057503
3.23 0.0569832
3.24 0.0564657
3.25 0.0559507
3.26 0.0554381
3.27 0.0549279
3.28 0.0544202
3.29 0.0539149
3.3 0.0534121
3.31 0.0529118
3.32 0.0524141
3.33 0.0519188
3.34 0.0514261
3.35 0.050936
3.36 0.0504484
3.37 0.0499635
3.38 0.0494811
3.39 0.0490014
3.4 0.0485243
3.41 0.0480498
3.42 0.047578
3.43 0.0471088
3.44 0.0466423
3.45 0.0461786
3.46 0.0457175
3.47 0.0452591
3.48 0.0448034
3.49 0.0443505
3.5 0.0439003
3.51 0.0434529
3.52 0.0430082
3.53 0.0425662
3.54 0.0421271
3.55 0.0416907
3.56 0.0412571
3.57 0.0408263
3.58 0.0403983
3.59 0.0399731
3.6 0.0395507
3.61 0.0391311
3.62 0.0387143
3.63 0.0383003
3.64 0.0378892
3.65 0.0374809
3.66 0.0370754
3.67 0.0366728
3.68 0.0362729
3.69 0.035876
3.7 0.0354818
3.71 0.0350905
3.72 0.0347021
3.73 0.0343165
3.74 0.0339337
3.75 0.0335538
3.76 0.0331767
3.77 0.0328025
3.78 0.0324311
3.79 0.0320625
3.8 0.0316968
3.81 0.0313339
3.82 0.0309738
3.83 0.0306166
3.84 0.0302622
3.85 0.0299106
3.86 0.0295618
3.87 0.0292159
3.88 0.0288728
3.89 0.0285324
3.9 0.0281949
3.91 0.0278602
3.92 0.0275283
3.93 0.0271992
3.94 0.0268728
3.95 0.0265492
3.96 0.0262284
3.97 0.0259104
3.98 0.0255951
3.99 0.0252826
4 0.0249728
4.01 0.0246657
4.02 0.0243614
4.03 0.0240598
4.04 0.0237609
4.05 0.0234647
4.06 0.0231712
4.07 0.0228803
4.08 0.0225922
4.09 0.0223067
4.1 0.0220239
4.11 0.0217437
4.12 0.0214662
4.13 0.0211913
4.14 0.020919
4.15 0.0206493
4.16 0.0203822
4.17 0.0201177
4.18 0.0198558
4.19 0.0195964
4.2 0.0193396
4.21 0.0190853
4.22 0.0188336
4.23 0.0185843
4.24 0.0183376
4.25 0.0180934
4.26 0.0178516
4.27 0.0176123
4.28 0.0173755
4.29 0.0171411
4.3 0.0169091
4.31 0.0166795
4.32 0.0164524
4.33 0.0162276
4.34 0.0160052
4.35 0.0157852
4.36 0.0155675
4.37 0.0153522
4.38 0.0151391
4.39 0.0149284
4.4 0.01472
4.41 0.0145139
4.42 0.01431
4.43 0.0141083
4.44 0.0139089
4.45 0.0137118
4.46 0.0135168
4.47 0.013324
4.48 0.0131334
4.49 0.012945
4.5 0.0127587
4.51 0.0125745
4.52 0.0123925
4.53 0.0122125
4.54 0.0120347
4.55 0.0118589
4.56 0.0116852
4.57 0.0115135
4.58 0.0113438
4.59 0.0111762
4.6 0.0110105
4.61 0.0108469
4.62 0.0106852
4.63 0.0105254
4.64 0.0103676
4.65 0.0102117
4.66 0.0100577
4.67 0.00990561
4.68 0.00975538
4.69 0.00960701
4.7 0.00946048
4.71 0.00931578
4.72 0.00917289
4.73 0.0090318
4.74 0.00889248
4.75 0.00875494
4.76 0.00861914
4.77 0.00848507
4.78 0.00835273
4.79 0.00822209
4.8 0.00809314
4.81 0.00796586
4.82 0.00784024
4.83 0.00771626
4.84 0.00759391
4.85 0.00747317
4.86 0.00735402
4.87 0.00723646
4.88 0.00712047
4.89 0.00700603
4.9 0.00689312
4.91 0.00678174
4.92 0.00667186
4.93 0.00656348
4.94 0.00645657
4.95 0.00635112
4.96 0.00624712
4.97 0.00614456
4.98 0.00604341
4.99 0.00594367
5 0.00584531
5.01 0.00574833
5.02 0.00565271
5.03 0.00555844
5.04 0.0054655
5.05 0.00537388
5.06 0.00528356
5.07 0.00519453
5.08 0.00510677
5.09 0.00502028
5.1 0.00493503
5.11 0.00485102
5.12 0.00476823
5.13 0.00468664
5.14 0.00460625
5.15 0.00452704
5.16 0.00444899
5.17 0.0043721
5.18 0.00429635
5.19 0.00422172
5.2 0.00414821
5.21 0.00407579
5.22 0.00400447
5.23 0.00393422
5.24 0.00386503
5.25 0.00379689
5.26 0.00372979
5.27 0.00366371
5.28 0.00359865
5.29 0.00353458
5.3 0.0034715
5.31 0.0034094
5.32 0.00334826
5.33 0.00328807
5.34 0.00322882
5.35 0.0031705
5.36 0.00311309
5.37 0.00305659
5.38 0.00300098
5.39 0.00294626
5.4 0.0028924
5.41 0.0028394
5.42 0.00278726
5.43 0.00273594
5.44 0.00268546
5.45 0.00263579
5.46 0.00258692
5.47 0.00253885
5.48 0.00249156
5.49 0.00244504
5.5 0.00239929
5.51 0.00235429
5.52 0.00231003
5.53 0.0022665
5.54 0.0022237
5.55 0.0021816
5.56 0.00214021
5.57 0.00209951
5.58 0.0020595
5.59 0.00202015
5.6 0.00198148
5.61 0.00194345
5.62 0.00190607
5.63 0.00186933
5.64 0.00183322
5.65 0.00179772
5.66 0.00176283
5.67 0.00172855
5.68 0.00169485
5.69 0.00166174
5.7 0.0016292
5.71 0.00159723
5.72 0.00156582
5.73 0.00153496
5.74 0.00150464
5.75 0.00147485
5.76 0.00144559
5.77 0.00141685
5.78 0.00138861
5.79 0.00136088
5.8 0.00133365
5.81 0.0013069
5.82 0.00128063
5.83 0.00125483
5.84 0.0012295
5.85 0.00120463
5.86 0.00118021
5.87 0.00115623
5.88 0.00113269
5.89 0.00110957
5.9 0.00108689
5.91 0.00106462
5.92 0.00104276
5.93 0.0010213
5.94 0.00100024
5.95 0.00097957
5.96 0.000959285
5.97 0.000939379
5.98 0.000919846
5.99 0.000900679
