11.25 1.44942 0.0224551 217.687 40.8261 4.05008 0.0774515 0.000504252 5683.92 1249.88 196.49 16.5198 0.364897 0.00274764 1.1324e-05 184349 44519 8595.37 1177.94 87.9655 2.04098 3.23425 -115.489 -28.2056 50.7114 -657.069 -228.377 -38.7752 -2.12425 297.192 -3770.19 -1351.23 -292.813 -38.9359 -0.886011 -1.00979 4.96052e-10 3 0.149849 1.5 0.000504345 0.0011677 0.282655 0.999773 -0.887852 0.999975
0.00997161 -1.19971 4.99953 9.9433e-05 -0.0319061 2.84868 -16.3962 42.9858 9.91508e-07 -0.00051702 0.136086 -10.0573 96.4492 -229.1 498.695 9.88693e-09 -7.13852e-06 0.0032262 -0.725365 46.9881 -390.457 -7.12033 8.2776 3.66936 -1.21855 2.50256 -8.73286 8.84664 13.7873 -0.754972 -0.24824 -1.77929 10.6813 -12.6095 -2.53606 65.6961 3.02241e-11 -0.099858 2 1.11118e-06 0.999763 0.00216455 0.308271 -0.999985 -0.974155 -0.999999
10.8652 7 4.00386 192.156 120.169 69.5026 36.0811 16.0928 4501.44 2767.07 1600.33 856.831 705.216 177.393 64.93 129606 78732.9 45463.3 27197.6 12445.4 5721.91 24.9297 -98.1313 -94.0212 151.554 -462.046 -508.755 -347.063 -183.243 658.857 -2235.88 -2305.13 -1549.9 -1058.66 -480.654 -227.013 9.47278e-11 3 2 1.36571 0.0621591 0.00262192 0.309852 1 -0.886174 1
10.3945 -7 4.00384 162.14 -110.285 67.6181 -36.0807 16.0923 3251.68 -2224.78 1406.73 -805.881 697.624 -177.385 64.9251 78755.5 -54103.8 34852.4 -22180.3 11282.8 -5471.28 -29.7918 -81.674 89.8912 -141.349 -317.214 410.293 -309.972 178.671 -531.097 -1230.5 1559.64 -1189.26 881.74 -466.372 251.454 3.02241e-11 -3 2 1.18091 0.061995 0.00214615 0.282645 -0.999998 -0.974104 -0.999999
0.00849574 -1.17444 3.89141 7.24027e-05 -0.0268477 2.72572 -12.2967 15.16 6.18949e-07 -0.000372572 0.113035 -9.3958 52.0521 -78.0053 59.1257 5.30756e-09 -4.41405e-06 0.00230027 -0.594438 42.8276 -272.232 -7.02156 6.59914 3.85523 -1.21212 2.37589 -6.45382 2.73507 12.1275 -0.754937 -0.255467 -1.65596 5.94361 -3.18393 -8.29372 37.0844 2.9273e-11 -0.0921364 1.97239 0.00257448 0.0329998 0.00151781 0.284346 -0.999985 -0.970138 -0.985432
4.97207 -0.850046 0.144591 24.7956 -4.35944 2.59146 -0.132425 0.0228962 124.024 -22.4034 58.5995 -14.7135 2.01824 -0.0223973 0.00392736 622.193 -115.374 701.705 -243.156 70.971 -7.39709 -5.75362 -17.8877 6.84183 -6.71879 -18.8762 7.35414 -12.2953 4.02364 -6.09536 -1.25914 2.88189 -28.3203 13.1095 -3.60953 -0.164729 5.41478e-11 -2.22898 0.375644 0.061055 0.0590094 0.00220812 0.286969 0.943693 -0.970817 -0.969179
7.92149 -4.00055 3.96244 116.529 -36.7353 15.9615 -8.96264 15.7123 2369.99 -504.528 134.625 -44.6536 214.561 -8.22134 62.3492 60687.7 -8839.75 1497.4 -2455.4 86.5132 -2.11149 -18.0679 -57.7419 34.4531 -47.868 -266.531 100.501 -32.8981 16.7286 -121.024 -1244.95 287.889 -41.1871 95.3179 -31.8711 17.9992 4.86107e-10 -2.44711 1.99041 1.39037 0.026762 0.00203474 0.282248 0.950031 -0.898597 0.790383
1.45831 -0.217741 4.57563 6.37986 -0.949621 8.55182 -1.59145 32.54 46.517 -6.90254 45.6332 -10.5729 114.385 -14.9764 301.503 474.823 -70.2415 392.655 -147.326 677.788 -153.774 -3.28214 2.39953 2.19989 -2.38496 1.42793 1.09288 -6.31477 4.89594 -2.40027 2.21013 0.501829 -4.87567 6.4164 -28.9185 27.6199 3.02241e-11 -0.0910605 1.97239 1.20417 0.827834 0.00235229 0.286809 0.923334 -0.893417 -0.999602
2.84682 -2.86463 4.8652 22.4003 -20.6478 22.6526 -26.6072 40.6687 279.359 -242.034 231.452 -235.318 360.736 -316.557 458.565 4713.18 -3897.88 3453.37 -4017.99 3185.66 -3394.37 -13.628 -6.13587 21.064 -27.4211 -12.8383 36.7655 -48.8535 63.1563 -58.4508 -32.381 86.1852 -95.3165 152.721 -140.664 192.605 1.93894e-10 -0.988927 1.97357 1.36706 0.984997 0.00267477 0.308083 -0.977743 -0.899652 -0.848084
8.71023 -4.23538 3.84937 135.746 -41.455 17.2602 -9.60706 14.8362 2891.1 -598.399 154.857 -50.7576 228.593 -11.2179 57.2526 77030.2 -10929.7 1805.8 -2552.77 95.5361 -12.0725 -18.9858 -67.7952 38.1299 -53.8667 -325.235 118.466 -37.865 18.2819 -143.401 -1578.07 354.247 -51.9814 99.6129 -34.2275 18.2116 4.31942e-11 -2.60329 1.96167 1.39037 0.0346985 0.00203142 0.307016 0.952443 -0.886317 0.790383
9.62133 5.95053 3.7753 168.95 93.9618 51.4976 27.5934 14.2892 4079.66 2131.28 1093.2 547.678 476.782 123.849 54.2212 123666 61856.5 30375.2 17601.6 6816.02 3077.86 20.8276 -85.9012 -74.2568 118.246 -428.321 -392.288 -238.336 -119.106 507.299 -2252.7 -1828.31 -1036.15 -682.11 -269.162 -119.021 2.28961e-10 2.71556 1.94239 1.49901 0.0490855 0.00187263 0.28346 0.649247 -0.89348 0.702422
10.0692 5.83352 4.87041 153.483 74.4893 49.9115 38.8712 39.8625 3018.04 1297.51 821.558 570.853 1144.94 371.916 436.879 71815.5 28112.1 17708.5 13200.2 8513.21 7698.41 20.3703 -77.8825 -61.3173 93.4969 -314.762 -236.223 -180.416 -131.591 308.545 -1290.84 -802.202 -532.435 -520.863 -393.164 -324.857 3.38797e-10 2.94619 1.98897 1.17865 0.956237 0.00204991 0.285295 0.835865 -0.927775 -0.888609
10.3945 -7 4.92195 162.14 -110.285 77.1613 -55.3609 40.6767 3251.68 -2224.78 1555.59 -1109.64 1560.95 -597.15 450.02 78755.5 -54103.8 37837.8 -28308.1 19442 -15641.5 -29.7918 -80.2847 89.6881 -141.349 -307.396 399.062 -338.214 247.675 -531.097 -1183.84 1501.72 -1205.33 1102.66 -825.175 702.59 3.02241e-11 -3 2 1.18091 0.960181 0.00216556 0.282645 -0.999998 -0.974104 -0.999999
4.08237 -0.59148 0.0846112 17.0783 -2.50075 2.24517 -0.0516652 0.00728867 73.1505 -10.8189 47.7157 -10.2547 1.05657 -0.00458941 0.000638937 320.542 -47.8582 489.564 -142.335 45.958 -2.94049 -4.74297 -13.1678 5.04957 -4.35641 -11.4159 4.29381 -9.87996 3.08772 -3.33385 4.1195 0.61161 -20.3931 8.63076 -2.30785 -0.574509 1.05737e-10 -2.01421 0.290219 0.159184 0.0195926 5.77452e-05 0.282432 -0.977353 -0.967968 0.963518
8.28169 6.51884 3.71469 68.7501 70.1829 54.2755 31.4633 13.8095 572.084 717.069 708.176 541 545.942 143.91 51.3764 4771.7 7085.63 8552.28 8233.1 6231.55 3687.68 23.049 -38.5631 -59.7196 88.0234 -29.4297 -141.868 -166.216 -120.297 170.18 91.593 -168.242 -291.336 -346.441 -256.276 -145.483 4.76501e-10 2.87693 1.92717 0.070306 0.0266567 0.0024416 0.308971 0.988734 -0.885926 0.96027
4.44603 4.1516 3.94852 46.3075 39.2093 31.9168 24.1604 15.6496 716.67 572.175 439.141 318.852 293.419 126.544 62.2578 14501.7 11120.5 8227 7164.67 3871.33 2381.14 13.7962 -21.8581 -33.9788 48.6565 -58.5486 -104.07 -100.323 -73.3942 135.64 -183.904 -306.948 -278.994 -283.871 -152.972 -91.5743 1.69424e-10 1.59653 1.98615 1.37735 0.0609936 0.00218763 0.389492 0.978393 -0.890767 0.982882
8.04816 5.58609 3.89232 64.7771 44.8065 32.9875 21.6898 15.1791 521.405 359.417 339.203 266.995 408.638 84.3786 59.3082 4197.18 2883.23 3808.98 3895.25 3076.62 1886.85 19.4031 -35.9961 -40.8544 55.7705 -43.8841 -72.5183 -81.1318 -61.9729 84.9228 -7.84486 -65.3154 -113.795 -163.378 -137.277 -67.3106 8.39391e-11 2.8369 1.97242 0.011544 0.0431676 0.00262192 0.225249 -0.977394 -0.925379 0.958423
2.36056 -1.80503 1.83422 16.3129 -11.9668 9.20247 -6.60213 3.36439 184.457 -130.901 93.0794 -62.8221 40.6873 -18.1469 6.17116 2878.27 -1987.83 1354.88 -1066.13 533.69 -286.613 -9.48634 -7.38347 13.6293 -16.3876 -15.1223 25.2032 -22.4366 18.127 -31.9589 -35.9924 55.7209 -48.791 46.5466 -25.2968 20.1333 2.76783e-11 -0.670319 1.35433 1.38247 0.00237467 0.00137536 0.287406 -0.945962 -0.964477 -0.848433
10.1485 3.56683 1.61672 180.356 51.0961 18.0155 5.80937 2.70479 4350.29 1070.09 397.84 142.247 88.4127 9.78506 4.67486 130769 28922.9 11850.3 5352.49 1570 462.749 11.5105 -94.7828 -40.0581 63.7644 -493.05 -201.937 -85.3153 -28.8306 254.333 -2614.59 -878.68 -409.617 -202.23 -56.6059 -13.4005 3.02241e-11 2.83185 1.26593 1.45915 0.118888 0.00217385 0.283724 -0.984336 -0.974155 0.948125
7.75717 2.83688 1.36889 115.082 34.1486 12.8077 4.09096 1.94009 2381.88 618.559 246.39 92.1535 52.3701 6.08898 2.84196 62375 14688.3 6417.66 3071.22 929.029 276.539 8.6574 -61.7957 -27.1412 42.2244 -272.934 -118.453 -53.2309 -18.3238 146.697 -1249.44 -449.157 -224.213 -116.039 -32.3752 -6.82305 3.3384e-10 2.39167 1.16479 1.42726 0.110238 0.00118483 0.280035 0.949548 -0.89056 -0.847364
11.25 6.75829 3.71796 217.687 123.969 66.2541 32.3673 13.8232 5683.92 3139 1647.12 809.61 614.187 147.26 51.3943 184349 99688.9 51622.4 28628.4 11678.9 4961.36 23.9849 -110.701 -95.9458 156.385 -595.926 -574.604 -354.324 -171.946 747.518 -3327.3 -2933.27 -1760.82 -1105.1 -445.7 -195.141 1.53179e-10 3 1.9282 1.5 0.000504345 0.00117072 0.282655 0.947397 -0.886422 0.999975
8.53879 -3.20908 2.15785 72.9781 -27.7903 20.1995 -13.1901 11.1376 624.293 -240.836 238.781 -158.244 324.241 -87.2438 86.0203 5345.44 -2088.65 3043.38 -2250.09 1871.14 -2122.01 -14.9743 -41.7554 27.1651 -36.4991 -67.9481 49.1615 -56.0038 40.1592 -58.1652 -63.6085 51.3998 -88.2024 96.2214 -101.96 101.882 1.97335e-10 -2.92178 1.09079 0.0443562 0.983882 0.0013608 0.280127 0.841801 -0.97587 -0.885845
7.70919 1.84514 1.5504 104.146 20.0841 13.8252 6.48556 6.57253 1909.99 319.709 249.873 102.771 171.3 37.6095 43.9353 43658.9 6569.42 5962.6 2374.85 1528.1 1115.41 4.78098 -56.3335 -15.6535 24.3486 -219.107 -59.6228 -54.138 -22.0396 75.4573 -864.868 -193.059 -198.458 -91.8637 -66.0858 -42.1545 5.69677e-10 2.46757 0.751743 1.27291 0.992616 0.00243326 0.280091 0.97647 -0.887932 -0.996144
6.63805 -3.42338 1.49126 91.1189 -44.6847 19.9056 -7.63295 2.27795 1786.88 -852.018 378.133 -152.295 74.3341 -15.5193 3.56135 44899 -21013.3 9278.51 -4318.05 1420.68 -468.314 -15.812 -48.0909 38.9987 -57.9716 -193.497 163.055 -84.9405 35.6466 -203.859 -832.921 637.029 -330.393 175.915 -61.1271 25.2949 1.2964e-10 -2.12877 1.21744 1.45134 0.0953875 0.00125763 0.279997 -0.851257 -0.976124 -0.812205
7.95151 -3.71376 1.47531 116.976 -52.6263 21.5537 -7.63679 2.17654 2376.43 -1047.12 430.802 -161.13 79.0169 -14.4502 3.21109 60746.9 -26396.9 10868.7 -4655.41 1454.69 -448.801 -16.9469 -61.7973 44.9151 -68.0653 -261.05 200.096 -96.2653 37.3254 -250.367 -1150.22 804.159 -386.839 189.691 -63.1959 24.3239 3.25289e-10 -2.45545 1.21462 1.38646 0.00131755 0.00123985 0.28001 -0.850956 -0.971641 -0.611684
7.80853 4.6833 4.3952 119.098 57.5197 37.239 26.8535 29.4155 2550.57 1072.16 633.523 408.433 634.036 209.558 254.535 69350.3 26322.5 15107.9 11764.3 6065.06 4346.2 15.8744 -59.3963 -47.4056 71.9287 -267.332 -195.665 -138.103 -92.7263 254.826 -1272.7 -760.807 -483.148 -456.124 -259.869 -176.053 2.19736e-10 2.37676 1.94356 1.46954 0.785986 0.00233068 0.280359 0.993856 -0.898584 -0.865997
6.8815 0.17241 0.75718 92.6962 11.2881 4.0601 0.581059 1.69031 1754.38 304.572 81.44 20.1764 38.4113 2.70688 6.20368 42171.1 8745.47 2290.52 617.601 194.141 15.5012 -1.75717 -50.8304 -5.94013 13.1691 -208.916 -55.108 -16.8815 -2.78229 71.8489 -879.833 -266.565 -76.9582 -21.2068 -10.2066 1.24325 4.99831e-10 -2.22898 0.348952 1.38317 0.797127 0.00220812 0.286969 0.943693 -0.88108 0.956739
8.64149 -4.88137 1.74631 74.6844 -59.4312 32.5838 -12.0179 3.05693 645.54 -662.711 501.614 -269.784 154.347 -27.1526 5.36396 5580.44 -7016.72 6832.05 -4979.91 2641.48 -1008.08 -21.5107 -43.0551 51.9542 -76.7142 -56.8932 136.95 -116.972 60.8789 -158.732 15.6755 205.099 -256.569 214.12 -113.319 48.7915 6.5884e-11 -2.9396 1.32108 0.0161317 0.0323759 0.00130375 0.28118 -0.997676 -0.966211 -0.998149
4.39925 2.21656 4.52612 45.8874 13.8561 10.2795 5.46115 30.2948 714.086 135.078 64.8124 26.3998 210.84 -1.33805 259.201 14559 1680.03 654.031 1586.99 243.172 62.7623 6.23276 -20.4298 -13.0002 16.4329 -79.5294 -26.4052 -11.0046 -6.49388 31.445 -299.422 -53.6559 -4.34347 -59.0191 -21.9292 17.3644 3.58884e-10 1.57069 1.98678 1.39003 0.760795 0.00107399 0.283837 -0.999588 -0.964874 -0.808532
10.3088 1.18109 0.180691 160.282 14.0346 3.1226 0.187483 0.0337122 3210.31 229.872 121.657 19.4745 2.64066 0.0301197 0.00648497 77744.8 4704.27 4314.95 737.799 106.197 9.58015 2.18542 -87.7242 -9.86668 16.6598 -382.936 -43.7294 -23.9108 -2.65811 54.0419 -1627.12 -145.2 -149.609 -24.0372 -2.09261 -0.686013 2.14887e-11 2.9838 0.423338 1.18561 0.0384245 0.00215548 0.282682 0.829272 -0.95126 -0.993416
10.8607 5.11065 1.89809 192.025 92.1749 38.7047 13.4154 3.60287 4497.39 2182.82 961.33 372.881 187.171 32.516 6.83901 129465 63304 28654.9 12605.6 4299.9 1349.3 17.5448 -100.966 -70.7978 115.975 -492.309 -406.809 -206.523 -77.3875 519.584 -2429.61 -1904.11 -996.211 -485.897 -155.956 -49.3534 9.47278e-11 2.99925 1.37771 1.36571 0.00386746 0.00262192 0.284132 0.999774 -0.887855 0.957349
8.27106 1.22009 0.632701 128.164 26.4934 8.03147 2.30675 1.20048 2753.18 656.9 192.27 59.4467 47.867 7.26698 3.79497 74574.5 19352.3 5748.84 1821.37 614.237 238.174 2.33785 -69.3817 -18.3213 32.4947 -320.27 -121.219 -40.4991 -11.3911 155.837 -1519.37 -588.124 -197.724 -67.7567 -23.7617 -8.50824 2.41931e-10 2.49149 0.122229 1.4365 0.785978 0.000505682 0.282489 0.857982 -0.882665 0.973125
7.56554 1.7392 1.55145 101.01 17.6568 12.6731 6.01735 6.5799 1834.97 265.539 215.851 85.3597 157.67 34.3972 43.9995 41600.2 5189.46 4966.82 1830.05 1225.24 947.594 4.36692 -54.6752 -13.8085 21.2635 -211.416 -49.4782 -46.8739 -18.4318 62.5441 -831.768 -152.51 -164.42 -70.5465 -54.6077 -35.2477 5.43353e-10 2.43837 0.752438 1.27274 0.992616 0.00243619 0.2829 0.804006 -0.887932 -0.995046
2.32568 -0.500616 1.33021 16.1652 -3.66142 3.13041 -3.2805 1.77021 186.639 -44.1481 23.3419 -20.4271 15.1183 -7.84503 2.35675 3007.78 -738.618 300.65 -128.363 155.421 -93.6782 -4.38781 -8.22374 5.3433 -5.83161 -21.8279 8.3228 -5.14006 7.7429 -11.2789 -60.9698 21.3047 -10.2265 8.18609 -7.75409 9.10621 3.02241e-11 0.418116 1.15328 1.46658 0.0119167 0.00216455 0.277265 -0.999985 -0.899805 -0.965662
9.64881 1.57467 0.591499 166.672 36.0728 9.86899 2.72648 1.04389 3935.18 965.646 267.931 78.2435 51.4702 7.84708 3.05591 116244 30751.3 8817.66 2656.39 831.083 310.541 3.72382 -89.0642 -25.454 44.67 -453.517 -177.559 -56.1292 -15.2475 229.435 -2355.44 -931.135 -303.085 -99.1212 -30.904 -11.5641 4.7735e-10 2.73939 0.231269 1.46444 0.733494 0.00260924 0.282373 0.88983 -0.880674 0.992449
9.19642 4.33989 3.98708 151.244 43.5028 17.6286 9.72662 16.3105 3398.65 636.755 153.189 47.6885 261.054 8.76549 68.3943 95533.5 11561.5 1623.11 2886.71 63.3788 -9.52381 14.5322 -76.6561 -37.2533 54.1134 -385.301 -123.549 -35.0578 -12.6995 151.035 -1966.17 -369.842 -37.5374 -105.393 -22.4095 16.2419 6.07184e-10 2.67547 1.99024 1.42768 0.161314 0.00227179 0.209373 -0.984306 -0.896953 -0.985562
11.1097 -6.85819 3.86423 212.119 -124.343 68.3045 -34.2311 14.9592 5463.5 -3108.97 1679.28 -848.665 659.313 -162.438 58.0143 174774 -97452.1 51994.7 -29635.2 12454.1 -5435.21 -29.2375 -105.678 98.938 -159.217 -560.716 566.439 -363.1 185.618 -741.87 -3084.14 2843.26 -1771.24 1154.81 -501.142 247.44 2.79128e-11 -2.98206 1.96532 1.48898 0.0417594 0.00205196 0.279343 -0.995586 -0.977341 -0.999401
4.81523 2.4584 4.52999 52.8041 16.0525 11.3159 7.15681 31.0707 852.488 162.607 76.5691 36.2561 246.282 12.7246 274.94 17909.9 2097.88 820.891 1751.26 276.272 167.078 7.17803 -24.23 -14.9937 19.2245 -95.1492 -31.2478 -13.7685 -9.48964 38.0074 -367.612 -65.9456 -7.10484 -65.3739 -26.22 11.4972 3.58375e-10 1.7013 1.97601 1.38593 0.790817 0.002393 0.283836 -0.999588 -0.964874 -0.807168
10.625 1.61338 0.672326 195.209 40.0258 11.4486 3.18216 1.35035 4847.97 1135.87 319.932 95.4312 67.2164 10.4399 4.50335 149701 37994.3 10913.3 3342.25 1081.86 431.194 3.87512 -103.38 -28.181 49.6942 -555.72 -207.752 -67.0841 -18.7731 270.014 -3026.7 -1145.61 -373.883 -125.165 -40.9265 -16.2035 4.95581e-10 2.91022 0.231269 1.46819 0.786665 0.00265515 0.282051 0.88983 -0.880674 0.990848
8.15167 -3.09105 1.75535 127.713 -36.8617 13.6231 -4.95708 3.1234 2795.64 -671.033 235.44 -85.8 68.8056 -7.98529 5.6321 77492.4 -16140.4 5854.21 -2974.44 776.093 -249.668 -14.513 -66.6448 33.0133 -48.0288 -316.559 130.69 -53.3369 21.4191 -160.716 -1555.06 498.967 -206.398 120.313 -38.1441 17.0459 3.25289e-10 -2.44639 1.32263 1.47202 0.0775295 0.00124582 0.281171 0.900918 -0.967776 -0.611684
8.09465 -2.80254 1.48131 124.933 -32.4894 11.2589 -3.68676 2.22984 2687.6 -574.524 197.58 -68.6497 50.1745 -4.84937 3.40967 73115.4 -13416.8 4993.5 -2380.12 603.569 -179.147 -13.3853 -65.7552 29.534 -42.4716 -307.072 113.02 -44.6943 17.2364 -137.71 -1478.44 417.403 -176.692 97.1487 -29.8055 12.6934 3.25289e-10 -2.44639 1.21462 1.45252 0.0775295 0.00124582 0.280035 0.949493 -0.971641 -0.611684
1.47469 0.776642 3.98268 6.52401 3.43835 7.02525 10.6255 15.9197 48.1029 25.3699 36.1948 49.3904 61.4981 72.5812 63.8666 496.534 262.062 304.722 338.387 443.294 488.016 0.604579 1.26154 -2.7808 3.19209 -0.505661 0.152284 -7.43201 -13.5708 5.29281 -1.45866 -0.526121 -7.02425 -12.4063 -18.3139 -11.26 3.02241e-11 -0.0847969 1.99475 1.2114 0.0603591 0.00235225 0.308657 0.983943 -0.884702 0.907639
11.1069 2.02866 0.185264 212.925 45.422 7.22948 0.686101 0.0406895 5514.28 1269.43 246.098 36.0803 4.3102 0.218093 0.0102308 177504 42861.2 9228.02 1699.57 230.813 22.108 5.4983 -112.952 -32.5731 56.5527 -634.871 -234.047 -50.1319 -6.12939 301.85 -3615.38 -1303.73 -317.8 -59.607 -5.24164 -1.17546 5.12033e-10 2.97735 0.420076 1.49741 0.0938099 0.00149852 0.28268 0.964271 -0.891785 0.591614
11.2449 5.04 1.83403 217.512 96.9496 38.4322 12.8318 3.36368 5677.51 2522.82 1028.58 374.485 177.71 30.1151 6.1691 184085 81630.4 33786.6 13966.6 4376.7 1301.24 17.2687 -113.204 -73.796 122.044 -622.903 -466.309 -219.319 -77.348 600.633 -3511.96 -2446.97 -1168.21 -534.629 -157.639 -47.4761 4.99831e-10 2.99923 1.35426 1.49986 0.000504345 0.00203888 0.28694 0.999773 -0.887852 0.956739
2.9005 -2.06147 1.28879 23.1101 -15.5592 9.58884 -4.99995 1.6635 290.981 -188.841 114.313 -62.249 31.9171 -9.47805 2.1504 4948.16 -3126.41 1864.96 -1183.79 506.813 -211.603 -10.4887 -12.0729 16.7014 -20.9535 -27.8917 37.8118 -27.3407 16.7661 -45.7708 -74.5828 93.0214 -68.5648 51.5405 -23.712 13.6955 6.22804e-11 -1.0157 1.13503 1.36706 0.0221063 0.00229463 0.286298 -0.977743 -0.899947 -0.839482
11.1788 6.97439 4.0054 212.899 125.896 70.0612 35.8057 16.1298 5454.09 3127.05 1706.85 875.219 704.278 175.883 65.3021 173252 97245.6 52349.6 30210.6 12889.4 5743.61 24.8296 -108.017 -97.7663 158.835 -566.788 -572.001 -367.881 -186.567 744.671 -3085.38 -2852.43 -1781.41 -1168.37 -495.452 -227.648 9.47278e-11 3 2 1.47609 0.0735095 0.00262192 0.311381 1 -0.886174 0.948776
8.39724 -5.90174 4.53648 132.347 -86.0334 58.2178 -41.1271 30.7384 2893.32 -1798.65 1151.07 -758.687 915.271 -363.513 267.29 79781.1 -48111.1 29706.9 -21380.5 12153 -8400.76 -25.4991 -64.4863 71.2489 -110.525 -280.632 323.233 -250.889 172.304 -429.517 -1310.14 1362.91 -973.005 832.049 -512.441 391.282 2.15998e-11 -2.50851 1.9842 1.45073 0.774236 0.00202471 0.283457 -0.999881 -0.969928 -0.848838
3.24344 0.125449 0.629704 29.4505 1.07403 3.82232 0.236279 1.18953 426.52 14.9214 53.12 4.0138 26.2541 0.741697 3.74496 8387.36 284.424 1052.57 84.9629 185.565 19.7078 -1.94072 -16.7986 0.970593 0.187075 -50.513 -2.05842 -11.3904 0.460976 2.80211 -168.226 -8.07364 -36.1897 -1.55588 -8.71078 0.765645 6.21711e-11 -1.01339 -0.0704495 1.48879 0.790406 0.00218224 0.282683 0.991776 -0.927226 -0.883663
7.47385 -6.27198 3.89091 55.9974 -60.1082 49.6624 -31.2792 15.1577 420.598 -549.5 572.784 -468.151 524.41 -148.638 59.1214 3166.92 -4871.96 6156.1 -6273.47 5085.67 -3262.31 -26.9462 -29.3489 55.0054 -77.5747 -9.74956 106.622 -138.367 111.395 -131.744 96.7727 96.5193 -201.014 273.916 -238.509 161.786 4.30441e-11 -2.73298 1.97224 0.068201 0.0344978 3.92192e-05 0.286961 -0.962545 -0.926685 -0.80124
4.66034 2.14604 1.4964 52.1459 20.0506 9.71013 3.80885 2.26128 874.227 298.771 139.032 61.6764 37.6159 6.65844 3.45031 19244.1 6037.14 2838.89 1717.03 579.083 207.953 5.95712 -28.2402 -16.285 24.3061 -98.949 -57.9366 -30.8174 -12.2894 70.466 -375.341 -184.472 -100.545 -65.3003 -19.9821 -3.69098 1.69351e-10 1.59704 1.22177 1.45252 0.0607521 0.00124582 0.285379 0.949754 -0.927567 -0.560083
8.31827 1.34004 0.658729 133.745 26.5121 8.48501 2.58717 1.29605 3009.78 656.572 195.433 61.2076 47.11 8.30805 4.23346 85847.3 19843.2 5799.1 1825.39 628.166 265.985 2.80673 -71.9654 -18.6048 32.5185 -348.117 -121.035 -41.3441 -11.8933 155.758 -1746.49 -601.33 -199.767 -67.9685 -23.9431 -9.60222 4.93979e-10 2.46496 0.231299 1.49741 0.777965 0.00121547 0.28249 0.949091 -0.891902 0.590708
1.07682 -0.315856 0.716764 1.26369 -0.370131 2.66396 -0.623145 1.5248 1.6003 -0.468137 13.0947 -6.08728 27.1365 -2.04709 5.35863 2.17025 -0.634171 36.8864 -21.8453 76.2108 -41.4509 -3.66564 -0.525172 2.88601 -1.64843 1.72616 0.493835 -3.01564 2.96019 -0.866443 3.67573 -1.06069 0.663819 2.37439 -5.80158 3.877 1.04994e-10 -1.02585 0.301155 0.156391 0.791246 5.77452e-05 0.282432 -0.977353 -0.894079 0.963518
7.44033 6.12196 4.46335 55.648 57.277 51.1341 40.9685 30.2917 418.363 516.097 552.606 523.538 908.631 356.309 265.66 3161.46 4539.41 5700.97 6318.38 6274.62 6146.72 21.4977 -30.1488 -50.4422 71.6203 -11.9114 -95.947 -131.558 -123.574 122.272 84.0095 -80.6544 -145.608 -268.311 -294.874 -264.268 1.05737e-10 2.72591 1.95928 0.0986502 0.790286 0.00245725 0.310753 0.687442 -0.923535 0.874804
8.68978 -6.76578 3.96128 75.5833 -74.4499 57.1529 -33.9291 15.694 658.038 -783.743 751.052 -570.834 614.889 -162.662 62.1863 5734.33 -8008.98 9237.77 -8665.1 6535.78 -3947.15 -28.8763 -39.8993 65.6001 -95.8028 -32.6958 151.922 -177.358 132.61 -187.583 90.9487 185.738 -308.861 370.984 -297.937 190.417 6.24423e-11 -2.9475 1.99026 0.0451987 0.0119917 0.00131087 0.280948 -0.95113 -0.967698 -0.847855
2.60554 -1.37604 4.53363 19.7717 -9.22183 13.1671 -8.51074 35.3429 244.675 -102.753 111.188 -75.6908 186.568 -76.6698 371.752 4168.88 -1599.31 1523.18 -1702.08 1323.12 -918.367 -7.80957 -5.3044 10.2614 -12.8988 -18.519 17.7587 -21.3232 21.4601 -25.2491 -58.542 39.7969 -40.2198 66.132 -58.8756 64.6624 3.58294e-10 -0.738493 1.90462 1.43533 0.951873 0.0023788 0.313307 0.903519 -0.898985 -0.842515
7.24574 -5.33046 3.8909 52.5086 -38.9407 30.5664 -20.9219 15.1576 380.579 -284.499 294.149 -247.046 377.749 -82.2116 59.1204 2758.83 -2078.71 3060.05 -3386.59 2843.08 -1820.18 -23.2661 -27.5624 38.8746 -50.6711 -24.8077 57.5156 -72.8367 62.7851 -68.5735 17.9511 37.5094 -88.7762 147.822 -145.08 97.4702 7.06145e-11 -2.69174 1.97224 0.0165642 0.0344333 0.00118767 0.282573 -0.999441 -0.886426 0.956009
8.53879 -5.6715 4.84407 72.9781 -46.5908 39.9425 -37.1705 39.7563 624.293 -382.495 366.744 -346.579 1028.66 -352.333 438.108 5345.44 -3137.75 3674.3 -3789.3 3869.23 -5146.02 -24.5991 -37.3178 44.4952 -60.3942 -46.992 68.7779 -86.6486 91.0533 -91.9338 -22.6073 57.6282 -46.2447 151.8 -243.389 264.924 3.28014e-10 -2.92178 1.97838 0.0443562 0.964403 0.00214903 0.280127 0.841801 -0.893808 -0.623999
7.02828 1.09005 0.185182 49.5145 6.96335 2.87114 0.183317 0.0343241 349.659 44.1409 81.809 18.5493 2.63834 0.030542 0.00636796 2475.06 276.995 1366.84 379.519 89.6021 9.99096 1.82957 -32.4533 -4.97341 7.67232 -50.6668 -9.4719 -16.1286 -2.47673 9.76745 -43.3964 -7.52744 -51.5566 -12.3304 -1.65966 -0.684456 8.40774e-11 2.6503 0.430278 0.0647265 0.0065387 0.00130375 0.428398 0.896806 -0.898671 -0.997449
7.38247 -5.43353 3.83419 110.217 -74.4467 47.8286 -28.4601 14.787 2334.9 -1501.41 924.588 -537.765 442.001 -139.173 57.3586 63153.9 -39279.5 23526.8 -15968 7249.95 -3623.26 -23.669 -54.0378 62.6789 -95.7987 -226.68 274.728 -204.718 122.833 -358.66 -1035.25 1131.21 -803.184 629.801 -300.327 174.245 3.16636e-11 -2.27193 1.95667 1.49023 0.0749121 0.00213634 0.282951 -0.978027 -0.928228 -0.998149
10.0966 4.79611 1.86536 182.672 85.2648 35.6003 12.5914 3.49606 4518.7 2088.87 889.601 339.86 167.022 30.43 6.58312 139872 64243.8 27627 12024.7 3905.64 1220.1 16.3154 -95.5656 -65.5088 107.192 -494.251 -387.757 -190.85 -70.6 497.19 -2648.6 -1927.38 -957.97 -461.742 -141.045 -44.2356 4.95483e-10 2.80125 1.36497 1.49986 0.0470081 0.00203888 0.307687 0.999773 -0.887852 0.945172
7.24574 -1.49461 0.0387767 52.5086 -24.926 4.2053 -0.134632 0.00168472 380.579 -282.79 113.793 -17.0442 0.671269 -0.00917493 8.06537e-05 2758.83 -2790.05 1826.23 -646.666 89.4533 -3.55131 -8.27301 -33.9721 21.9403 -32.8586 -52.4084 62.453 -24.217 4.40279 -68.1662 -38.5962 101.701 -71.7469 28.8211 -4.94068 -0.728697 3.84069e-11 -2.69174 0.193884 0.0165642 0.0344333 3.92192e-05 0.281649 -0.946828 -0.926816 -0.998621
11.2151 -6.01044 4.00384 215.334 -94.2227 46.6991 -24.1945 16.0923 5570.54 -2134.98 973.98 -464.372 509.338 -97.7635 64.9251 178848 -62055.9 27560.5 -16554.9 6054.21 -2666.23 -25.9239 -107.215 77.042 -120.934 -596.09 394.335 -213.728 106.197 -509.69 -3394.68 1842.54 -932.47 644.926 -268.268 132.746 3.02241e-11 -3 2 1.48832 0.061995 0.00218188 0.282682 0.868474 -0.903457 -0.889348
10.7381 -1.41259 0.0372287 195.76 -35.9711 3.8128 -0.119326 0.00171703 4795.06 -1019.74 161.403 -15.0102 0.587056 -0.00855969 9.30804e-05 145542 -33769.8 6444.86 -912.577 77.3878 -2.81467 -7.95244 -104.305 29.0892 -46.8967 -555.716 191.964 -33.0829 4.00535 -243.84 -2981.34 1039.6 -225.362 39.2796 -4.41566 -0.763234 3.49569e-10 -2.94361 0.186909 1.43987 0.0478934 0.00243111 0.286802 -0.979876 -0.994885 -0.744938
11.0326 4.99177 1.83491 210.871 94.7149 37.8637 12.7566 3.37339 5451.43 2438.69 1001.54 367.52 175.267 30.0654 6.2137 175290 78204 32579.8 13581.6 4282.21 1283.5 17.0802 -109.859 -72.2064 119.203 -597.875 -451.11 -213.77 -75.9759 580.578 -3340.32 -2344.72 -1127.07 -520.166 -154.28 -46.7789 5.0723e-10 2.96361 1.35426 1.49986 0.0297151 0.00203888 0.28688 0.999773 -0.887852 0.956739
5.4556 3.83262 3.95145 29.8237 12.1053 7.84505 8.74925 15.614 163.363 18.0468 -3.29605 -5.2024 167.842 9.30207 61.6981 896.641 -164.776 -114.331 -58.7544 -39.8925 -42.3984 12.5494 -15.8499 -15.2861 14.2077 -19.8075 -3.79238 0.987904 -2.00077 3.54715 -28.5437 2.99829 23.1229 4.76604 -9.53938 17.2433 1.98623e-10 2.33513 1.98783 0.0524939 0.000884585 0.000637738 0.282307 -0.771396 -0.969532 -0.847041
6.61476 -2.49078 1.48015 92.5236 -27.0533 10.8912 -3.59735 2.2625 1861.53 -460.064 189.761 -74.0328 47.9386 -5.35916 3.56618 48160 -10490.3 4706.67 -2485.82 731.417 -228.947 -12.1667 -48.8513 25.2369 -35.5624 -211.538 90.7418 -42.822 18.2006 -110.425 -960.443 323.11 -166.48 100.989 -33.3935 14.6849 3.3384e-10 -2.09791 1.21161 1.4878 0.110238 0.00121662 0.280035 0.949493 -0.970109 -0.847364
9.83807 6.33698 4.68355 163.881 99.9985 66.527 47.8303 37.4515 3664.67 2167.18 1372.47 923.068 1270.38 497.938 403.129 101495 58741.5 36033.9 25456.6 15745.7 12268.6 22.3381 -82.612 -79.3189 125.919 -368.633 -391.179 -297.831 -204.211 515.857 -1722.36 -1677.56 -1165.89 -992.72 -649.259 -518.592 4.77607e-11 2.82001 1.94044 1.37319 0.958238 0.00189111 0.285847 0.970782 -0.899778 0.759038
6.13489 0.695469 0.0816545 37.8189 4.15182 2.34285 0.0556625 0.00679253 234.256 24.8862 71.5937 12.0209 1.0453 0.00453589 0.000575356 1457.94 149.762 1077.07 234.746 53.0011 3.14755 0.287297 -25.8888 -2.21175 4.09891 -35.2305 -4.91146 -13.992 -1.218 5.1775 -20.1123 -3.66435 -41.4984 -6.74595 -0.80433 -0.822595 1.15656e-10 2.47537 0.28508 0.0861567 0.0195926 0.000145129 0.282432 -0.977298 -0.888349 0.956877
10.7708 4.9084 4.53648 198.686 57.797 29.0155 20.873 30.7384 4938.71 987.335 364.236 181.774 674.135 117.436 267.29 152368 21198.5 6393.57 5559.78 1264.26 1360.27 16.7543 -99.8308 -48.1189 72.2812 -548.785 -184.012 -80.3114 -45.8297 234.606 -3067.73 -647.076 -168.998 -213.381 -103.011 -48.0753 2.15998e-11 2.93961 1.9842 1.45928 0.774236 0.00217649 0.283457 -0.999881 -0.96999 -0.848838
7.86587 -2.3422 1.25511 62.0833 -6.18199 1.35482 -1.0679 1.64579 491.673 47.8269 -17.4468 6.02799 23.2975 1.05909 2.24852 3907.02 1143.97 -54.6112 -15.6261 8.03095 -2.10635 -11.586 -37.2883 11.1066 -9.03522 -70.6964 -3.24572 2.88643 1.27034 10.6461 -110.37 -33.095 5.89691 3.21025 -5.974 4.10288 3.6071e-11 -2.80342 1.114 0.0819937 0.118814 0.00122075 0.282654 0.689145 -0.97404 0.872469
1.85447 -0.214447 4.94761 10.317 -1.18908 11.1286 -1.58723 41.4887 95.6593 -10.9887 72.7792 -12.5504 157.72 -16.5561 467.192 1241.71 -142.172 775.57 -232.07 1094.62 -184.343 -3.26927 0.575067 2.26923 -2.6893 -2.31876 1.83845 -11.2713 4.9368 -3.37434 -6.75963 2.39129 -15.393 9.51591 -43.9772 30.2216 3.02241e-11 -0.099858 1.99919 1.35812 0.975125 0.00216456 0.308271 -0.999985 -0.88525 0.97036
7.53702 2.6272 1.22672 112.122 31.6252 11.4656 3.36153 1.5093 2349.39 578.966 225.785 81.0733 41.2728 4.30648 1.86243 62608.6 13976.6 6029.35 2791.36 803.786 222.466 7.83781 -60.3022 -24.9712 39.0172 -269.871 -110.831 -48.5447 -15.8169 137.259 -1258.01 -427.564 -210.84 -104.934 -27.3385 -5.13192 2.32005e-10 2.32357 1.10716 1.4622 0.0301292 0.00365155 0.209107 -0.854129 -0.885109 0.96338
2.5198 -1.67999 1.45587 18.8054 -12.2036 8.3001 -5.26638 2.12681 231.489 -146.847 93.5605 -56.548 31.2872 -11.8138 3.11755 3955.14 -2460.74 1514.35 -1037.52 481.131 -225.959 -8.99759 -9.34748 13.5936 -16.6886 -21.7359 28.8105 -22.2477 15.9269 -35.7601 -58.9445 71.649 -55.0286 45.2165 -22.264 15.2841 6.14073e-10 -0.590275 1.20608 1.47356 0.0353125 0.00218296 0.285356 -0.984396 -0.891466 -0.951744
8.47135 5.28002 3.97697 71.7686 43.8746 34.4172 27.2355 24.9468 608.058 364.464 358.863 306.243 679.268 196.02 204.985 5152.11 3026.59 4128.3 4156.31 3737.63 3553.16 18.2068 -39.636 -39.5775 54.586 -53.6937 -69.7649 -84.2262 -73.5171 86.1259 -25.1069 -62.4494 -97.7361 -173.632 -187.152 -145.581 4.9557e-10 2.91053 1.83146 0.0119515 0.789121 0.00122886 0.205843 -0.998891 -0.887253 0.897861
2.26267 -0.315765 4.97827 15.334 -2.29257 10.5744 -10.0235 42.6888 172.936 -27.4513 68.1456 -63.1814 150.438 -162.684 494.182 2726.68 -456.215 740.5 -297.988 919.358 -1126.6 -3.66529 -2.25853 3.21892 -4.09183 -12.5216 0.615666 -9.27187 19.8552 -7.29867 -40.8835 3.46542 -14.0919 9.3663 -36.4551 85.5097 3.02241e-11 0.334385 1.99468 1.46658 0.999763 0.00216455 0.308271 -0.999985 -0.899805 -0.965527
8.45899 3.05354 1.28513 114.217 34.7562 13.1209 4.03812 1.66417 2028.82 551.775 247.796 96.3998 52.6803 5.37654 2.1713 44116.5 11025.9 5910.47 2847.8 964.588 281.01 9.50423 -62.6246 -28.0052 42.9967 -236.014 -107.588 -53.6652 -19.1331 130.777 -883.031 -339.937 -208.109 -108.322 -33.3243 -7.27827 3.37855e-10 2.66211 1.13255 1.17139 0.0495715 0.00153039 0.282907 -0.905353 -0.928308 0.982477
6.2509 -1.31316 0.0561975 78.9908 -20.3372 3.34565 -0.167441 0.00342348 1416.25 -400.577 88.519 -12.5198 0.725661 -0.0158996 0.000224105 32418.1 -9703.67 2461.85 -486.516 61.5731 -3.46064 -7.56378 -44.4901 18.4896 -27.0263 -169.08 79.3647 -18.7284 3.57415 -96.2442 -668.554 307.586 -89.1003 22.1034 -3.77605 -0.663614 2.16495e-10 -2.09096 0.23453 1.37069 0.0345398 0.00117476 0.283923 -0.937989 -0.900383 -0.707546
7.43885 -3.803 3.96216 105.384 -33.4425 14.7886 -8.1989 15.7055 2080.11 -443.423 118.94 -38.9525 197.439 -5.27089 62.2817 51912.6 -7529.61 1269.32 -2315.91 75.961 6.78057 -17.2957 -51.9821 31.8309 -43.683 -234.207 88.8986 -29.0981 15.1606 -106.458 -1067.03 246.486 -33.873 89.7244 -29.2658 17.2735 9.20632e-11 -2.34643 1.99041 1.39037 0.0207275 0.00236573 0.286797 0.949346 -0.898897 0.785361
5.29056 3.76183 3.95236 28.0483 11.3649 7.4268 8.47975 15.6355 149.009 14.991 -4.19929 -5.76671 162.203 8.27345 61.9102 793.261 -160.814 -106.441 -53.6644 -36.4517 -39.9996 12.2727 -14.7821 -14.6384 13.2667 -18.1268 -3.02943 1.42125 -1.72343 2.81871 -25.9633 3.02058 22.3193 4.54878 -9.14412 17.2885 2.06022e-10 2.29952 1.98783 0.0524939 0.0300954 0.000637738 0.282247 -0.771396 -0.969532 -0.847041
7.59034 3.89103 2.2001 111.259 55.9022 29.6152 16.4611 9.62485 2281.93 1134.1 585.912 313.698 294.297 99.8059 59.4422 59311.5 29265.9 14896.5 8381.48 4204.83 2526.08 12.7777 -58.7094 -44.094 69.8729 -244.795 -210.465 -127.965 -68.2552 269.591 -1082.35 -866.184 -506.635 -327.476 -165.48 -101.744 6.12365e-10 2.35561 1.25088 1.42879 0.797127 0.00220812 0.282481 0.943693 -0.88108 0.945213
8.18502 2.00411 1.45938 125.419 12.4646 2.10844 0.084465 2.16357 2663.61 56.0269 -10.4817 -5.5117 26.7852 -4.0864 3.25726 71319.9 -2164.38 -425.537 492.497 4.47538 -8.80364 5.40236 -66.873 -10.9283 14.6643 -315.726 -14.3038 2.94967 2.83032 12.6008 -1512.34 58.2542 18.8326 -13.711 -0.177621 5.91234 6.13882e-10 2.47926 1.20564 1.42768 0.0761557 0.00227354 0.209373 -0.984306 -0.897274 -0.985687
4.8266 2.47716 4.57528 53.1329 16.2954 11.5087 7.29019 31.5963 861.52 166.594 78.4313 37.2427 250.714 13.288 281.169 18182.7 2176.66 846.103 1805.06 285.597 170.713 7.25133 -24.3308 -15.2064 19.5333 -96.0012 -31.981 -14.1383 -9.76654 38.9577 -372.75 -68.3397 -7.63061 -67.4056 -26.8487 11.4912 3.58884e-10 1.7013 1.98743 1.39003 0.790817 0.00237887 0.283837 -0.999588 -0.964874 -0.808532
9.94584 2.97217 1.86572 167.649 26.5063 6.28626 2.21631 3.49874 3794.77 303.968 26.7964 1.67425 57.1963 -2.08665 6.59442 106403 2962.22 -227.736 701.579 -20.0559 -11.9372 9.18619 -88.2407 -22.4786 32.5111 -442.765 -62.1054 -6.33242 0.284358 71.7049 -2232.97 -105.661 12.6908 -21.1542 -1.08508 7.58925 3.59481e-10 2.83454 1.36504 1.38247 0.0488785 0.00340601 0.308153 -0.945962 -0.964477 -0.848209
10.6149 -6.55588 3.74492 187.867 -110.082 60.8793 -31.0276 14.0588 4440.59 -2523.54 1369.23 -699.488 573.955 -140.793 52.9068 129616 -72118.4 38605.2 -22123.1 9456.13 -4211.58 -28.0559 -94.1463 88.8313 -141.091 -455.291 463.145 -299.015 155.203 -602.316 -2271.53 2111.36 -1319.6 869.956 -390.808 196.756 3.49569e-10 -2.94361 1.93459 1.39643 0.0478934 0.00260925 0.286802 -0.977471 -0.925163 -0.744938
9.58346 5.4393 3.8727 164.744 76.4687 40.319 21.6129 14.999 3873.29 1580.1 777.127 394.504 417.977 85.8301 58.0962 113974 42259.1 20461.2 13300.4 5161.24 2363.08 18.8294 -83.7096 -61.5381 96.0127 -416.547 -293.509 -170.101 -86.1717 375.908 -2153.09 -1255.55 -691.23 -513.13 -208.306 -86.008 9.93561e-11 2.72811 1.9679 1.46317 0.00892562 0.000519919 0.281705 0.986564 -0.887924 -0.845245
7.25011 -6.18621 3.89091 52.699 -57.6234 48.3937 -30.9108 15.1577 384.033 -511.688 543.057 -451.079 510.868 -147.068 59.1214 2805.68 -4405.37 5673.87 -5884.82 4847.56 -3154.43 -26.6109 -27.5259 53.1665 -74.4165 -6.24717 99.1807 -131.827 107.915 -122.731 96.3039 83.3255 -183.871 258.024 -228.881 157.413 4.30441e-11 -2.69174 1.97224 0.068201 0.0344978 3.92192e-05 0.289814 -0.953146 -0.926685 -0.80177
10.9718 -4.73779 3.72584 207.831 -55.9475 20.5477 -10.413 13.8961 5318.69 -955.778 214.261 -61.7791 272.453 -11.8369 51.8809 169190 -20306.4 2756.53 -3557.11 86.0487 -1.98359 -20.9495 -104.054 48.8867 -72.2865 -595.824 185.802 -51.7524 20.8702 -228.593 -3442.79 648.925 -84.9557 137.44 -39.7054 17.292 3.51497e-10 -2.95894 1.93 1.48879 0.0309259 0.0012192 0.308986 0.988049 -0.886226 0.957867
2.68838 -1.95695 1.33064 20.3365 -14.0694 9.06257 -5.03313 1.77321 246.013 -164.162 103.031 -58.6646 31.1966 -9.94419 2.36643 4047.19 -2628.35 1619.34 -1072.04 476.395 -208.511 -10.0801 -10.4452 15.4722 -19.06 -22.9068 32.8474 -24.7649 16.125 -39.8878 -58.509 77.5053 -59.5156 46.9645 -22.4691 13.8185 6.22804e-11 -0.905702 1.15332 1.36678 0.0221063 0.00229463 0.282487 -0.976478 -0.938607 -0.84829
3.10109 -2.15693 1.28823 26.6116 -17.6018 10.5862 -5.34828 1.68936 362.149 -231.425 137.36 -73.0517 36.1844 -10.3831 2.25414 6669.42 -4155.59 2435.97 -1502.65 633.309 -257.276 -10.8618 -13.9524 18.2683 -23.5496 -35.318 45.8241 -32.4223 19.0391 -55.9218 -103.927 123.602 -88.8603 64.302 -28.5864 15.58 1.76401e-10 -1.02859 1.13244 1.42937 0.0761557 0.0021813 0.209957 -0.999908 -0.926924 -0.984324
10.2758 6.68375 3.9243 176.372 110.049 64.0415 33.8166 15.5228 4045.34 2464.41 1420.72 763.664 635.296 163.774 61.8851 114620 68687.6 39300.5 23685.3 10743.2 4989.09 23.6936 -90.1465 -86.5884 138.693 -414.982 -453.807 -309.151 -164.106 586.71 -1979.82 -2012.65 -1340.81 -922.934 -416.588 -197.316 3.25362e-10 2.8946 1.97901 1.37735 0.08846 0.00218763 0.389111 0.978132 -0.893525 0.932494
7.24574 -6.30778 3.8909 52.5086 -60.1848 51.403 -32.3298 15.1576 380.579 -541.086 598.538 -504.61 541.291 -156.28 59.1204 2758.83 -4682.33 6395.33 -6884.19 5747.88 -3700.1 -27.0861 -27.4145 55.1354 -77.6721 -2.64276 104.542 -144.381 118.993 -129.739 114.978 83.3081 -209.229 299.541 -262.662 179.696 4.30441e-11 -2.69174 1.97224 0.0165642 0.0344333 3.92192e-05 0.281649 -0.999441 -0.925386 -0.998621
5.81333 -2.26393 1.80628 33.9098 -1.86279 -0.223225 -0.573443 3.26777 198.468 55.0383 -19.5056 8.19238 31.9236 5.32316 5.92107 1165.51 707.861 36.2375 -55.6094 31.1845 -17.3107 -11.28 -20.5699 7.94509 -3.54557 -32.6419 -6.85973 4.64128 0.790324 12.3652 -41.1149 -22.0382 4.41284 3.6117 -7.49817 6.57155 3.23712e-10 -2.41006 1.34371 0.0703161 0.0266567 0.00121041 0.308971 0.988734 -0.885926 0.96027
7.6566 -0.0196055 0.616498 58.6293 -0.182479 6.58532 -0.0362588 1.14021 448.989 -1.64515 121.82 -0.666542 46.8843 -0.111763 3.51468 3438.74 -14.4968 1916.89 -13.2517 404.637 -4.59567 -2.5077 -36.7214 2.12829 -1.40993 -59.9452 1.90558 -26.4206 1.51851 -1.14702 -54.9197 1.2046 -68.999 4.11724 -18.57 1.7566 8.21565e-11 2.76702 -0.00632167 0.0136847 0.785148 0.00236474 0.270988 -0.967744 -0.899355 0.963518
10.1954 6.59926 4.6032 185.227 112.076 70.3871 46.0055 31.5723 4592.81 2673.42 1599.5 984.232 1139.6 408.449 277.635 142364 80702.4 46784.4 31130.4 16825.6 10942.4 23.3633 -93.0047 -87.8969 141.269 -467.882 -483.336 -344.97 -214.363 636.535 -2481.25 -2327.89 -1547.69 -1205.86 -672.524 -455.736 4.30243e-09 2.82074 1.99994 1.49629 0.776817 0.00189898 0.309752 0.999752 -0.88622 0.916177
6.08918 3.94659 4.90128 37.9303 12.5099 12.5637 18.6619 40.0676 241.522 6.10856 19.0263 20.0349 548.363 120.891 437.503 1570.96 -418.689 32.1938 -47.777 -23.0927 714.571 12.9949 -19.0688 -16.0169 14.7219 -25.7877 3.32736 -1.69016 -14.0336 0.701308 -39.0545 15.9387 56.3858 4.26711 -43.7768 -22.3452 4.3723e-11 2.46051 2 0.187319 0.949357 0.00204405 0.28486 -0.95807 -0.885525 -0.990779
7.02828 3.1943 1.44248 49.5145 22.7829 11.9466 4.73101 2.13561 349.659 162.847 139.928 78.6667 59.256 7.18461 3.24201 2475.06 1166.52 1683.6 1300.79 705.722 271.368 10.0544 -30.8691 -20.4052 27.7787 -41.8725 -35.9971 -32.0628 -16.1308 38.0646 -25.9217 -32.7616 -61.3698 -51.5702 -25.103 -6.44318 8.40774e-11 2.6503 1.19705 0.0647265 0.0976812 0.00130601 0.428398 0.896806 -0.899439 -0.853293
5.56744 0.834496 0.210857 66.5423 7.57375 2.75126 0.159329 0.0446934 1149.31 108.464 68.7872 14.2298 2.69476 0.030246 0.00952243 25587.1 2092.37 1899.11 428.566 83.597 8.43933 0.830708 -37.8955 -4.81886 8.44813 -138.918 -20.7966 -13.6537 -1.6246 25.1008 -532.717 -64.3562 -67.0976 -14.1048 -1.8105 -0.522991 2.31869e-10 1.90694 0.458891 1.38962 0.0166169 0.00126994 0.210905 0.885724 -0.910748 -0.966885
10.3744 2.68208 2.17441 187.067 23.7012 10.6445 5.91821 9.08882 4567.13 248.086 116.903 38.4282 188.576 17.9764 53.0837 138771 850.925 2126.45 1119 203.948 393.36 8.0523 -97.1937 -20.0435 28.9459 -524.303 -49.3522 -25.6115 -9.21064 58.3839 -2861.6 -34.9106 -58.7977 -40.1415 -22.2561 -8.87615 3.36191e-10 2.87066 1.26338 1.46073 0.76044 0.00205096 0.284302 -0.891109 -0.897402 -0.998223
7.17183 -4.56924 3.87825 95.4017 -48.663 29.432 -17.894 15.3971 1753.89 -774.44 441.527 -260.331 317.024 -71.7098 62.5263 40588.7 -16095.1 9198.63 -7122.86 3174.58 -1676.8 -20.2908 -47.0574 43.6457 -63.0279 -181.636 146.22 -100.258 63.369 -185.366 -730.398 471.925 -307.852 284.055 -147.973 90.532 2.93899e-10 -2.32958 1.96347 1.32094 0.151768 0.0021376 0.286722 0.928436 -0.966128 -0.918787
6.13719 0.595611 0.0596265 37.9039 3.58253 2.23281 0.0351551 0.00364658 235.567 21.6757 71.4112 10.2977 0.74757 0.00212732 0.000228526 1473.13 131.91 1083.01 203.583 45.0895 1.99799 -0.103015 -25.9491 -1.60816 3.37535 -35.4883 -4.06579 -13.9283 -0.891013 4.4122 -20.5173 -3.18358 -41.7225 -5.43642 -0.643099 -0.863672 1.05737e-10 2.47537 0.243398 0.0986502 0.0195926 2.5957e-05 0.282432 -0.977298 -0.888419 0.963518
7.53702 2.72073 1.32075 112.122 32.6942 12.1473 3.73379 1.74919 2349.39 597.748 235.414 86.5787 46.5733 5.13086 2.32294 62608.6 14414.4 6219.7 2962.88 868.638 249.685 8.20339 -60.174 -25.9084 40.3759 -269.207 -114.383 -50.7652 -17.0556 141.736 -1255.1 -440.599 -217.372 -111.65 -29.9177 -5.88158 2.41923e-10 2.32357 1.14885 1.4622 0.0301292 0.00377073 0.209107 -0.854129 -0.885039 0.956739
7.0944 2.08234 1.3181 50.5448 0.999432 -0.657751 0.177123 1.73741 361.635 -91.0119 -21.8777 -6.66344 20.5751 -3.15094 2.29011 2598.28 -1353.29 102.779 74.6715 30.6591 13.9093 5.70814 -31.4569 -3.46119 0.0922625 -55.6781 16.5466 6.84884 2.92846 -22.4502 -78.1206 46.8723 1.6884 0.763527 -0.274657 4.28882 3.58884e-10 2.66211 1.14809 0.086921 0.00153931 0.00153039 0.220537 -0.997764 -0.970861 -0.950213
2.66516 -1.87583 1.25649 20.1724 -13.5312 8.49703 -4.62841 1.58463 245.371 -158.951 97.0756 -53.9179 27.8041 -8.70175 2.00583 4070.91 -2568.01 1538.34 -990.588 429.196 -183.174 -9.76306 -10.4601 14.952 -18.376 -23.3847 31.9327 -23.2895 14.931 -38.6456 -60.8145 76.2696 -56.6641 43.5289 -20.3653 12.3565 2.33304e-11 -0.86829 1.12041 1.38247 0.0341386 0.00137536 0.308133 -0.945962 -0.964477 -0.860001
7.07334 -1.32119 0.0466189 96.4448 -22.9948 3.34752 -0.140277 0.00233887 1839.02 -489.418 98.915 -12.3246 0.602765 -0.0109822 0.000125359 44425.9 -12626.7 2972.38 -530.662 59.0122 -2.83209 -7.59517 -53.6717 20.2732 -30.404 -218.467 95.7987 -20.7333 3.51384 -117.422 -917.093 397.943 -106.741 23.9528 -3.68345 -0.725812 1.38417e-10 -2.27582 0.213828 1.37622 0.0299399 0.000611018 0.28264 -0.822069 -0.895692 -0.847041
6.14278 -3.75912 1.26802 37.7363 -35.0068 20.4912 -7.23421 1.61519 231.837 -288.252 250.137 -142.473 71.6159 -12.3579 2.06669 1424.41 -2220.61 2584.05 -2133.45 1192.12 -441.675 -17.1243 -23.3938 33.368 -45.6712 -14.9397 63.9102 -61.0226 33.4273 -69.4683 38.6016 61.2387 -102.334 96.8224 -53.6367 22.8721 2.03596e-10 -2.47844 1.12543 0.0102043 0.03796 0.00119343 0.279901 -0.955721 -0.926222 -0.983921
8.15184 -2.66764 1.20607 127.721 -33.2058 11.2967 -3.24719 1.49983 2795.96 -625.995 227.877 -77.5364 41.3922 -4.0733 1.92053 77505.6 -15525.6 6288.9 -2755.11 746.197 -201.731 -12.858 -67.5441 29.7719 -43.3821 -319.114 122.24 -50.6687 18.5203 -149.979 -1557.98 479.221 -222.248 111.778 -33.3938 12.2655 1.94609e-10 -2.44639 1.09392 1.47207 0.0970086 0.00138168 0.281171 0.890562 -0.969373 -0.873529
0.00997161 -0.289463 4.99919 9.9433e-05 -0.00467642 1.79475 -2.74371 42.9811 9.91508e-07 -6.44806e-05 0.102034 -4.40449 72.5461 -33.4603 498.623 9.88693e-09 -8.20962e-07 0.00252191 -0.23468 24.7565 -138.068 -3.56248 8.13935 1.63773 -1.18394 1.41735 -1.11214 9.03977 4.0588 -0.754864 -0.258918 -0.726836 8.07812 -1.49295 1.92866 30.7245 1.80119e-10 -0.099858 1.99992 1.11118e-06 0.999763 0.00218388 0.308421 0.820489 -0.925667 -0.999999
5.75294 -2.56193 1.47609 60.5473 -21.8414 10.577 -3.88203 2.22645 876.931 -276.201 157.753 -76.9806 49.8576 -6.00557 3.42933 15950.4 -4543.07 3067.83 -1867.03 755.22 -271.832 -12.4448 -33.026 21.9363 -28.9381 -99.7799 56.9355 -36.4878 18.9413 -66.5956 -304.089 138.715 -110.045 78.8299 -34.537 16.4046 1.8625e-10 -2.09791 1.21161 1.16263 0.0899301 0.00121662 0.280035 0.949493 -0.969425 -0.989658
11.2424 0.616117 0.0340719 217.174 11.0211 2.15636 0.0275638 0.00134941 5659.11 274.533 121.243 9.50842 0.408365 0.00134363 6.04098e-05 183140 8611.1 5619.44 550.781 48.2077 1.36249 -0.0228629 -115.101 -6.58448 12.8296 -655.267 -49.3565 -23.449 -0.752092 64.6883 -3763.38 -258.53 -191.634 -15.9262 -0.683268 -0.938289 4.94736e-10 3 0.180719 1.49746 0.0375836 0.000590781 0.282655 -0.821019 -0.893392 0.968939
3.96482 0.0322474 0.00060054 15.7241 0.111116 1.86699 3.76321e-05 9.0457e-07 62.3775 0.374292 44.371 0.541361 0.0135046 7.17017e-08 2.07375e-09 247.519 1.22147 439.881 6.21697 21.0078 0.00210598 -2.30502 -12.5966 1.95498 -1.03677 -10.3219 1.00847 -8.73439 0.94946 -0.665625 5.04971 0.198407 -18.4889 1.96469 -0.514665 -1.01521 2.9283e-11 -1.99112 -0.017257 0.0164778 0.0173993 0.00236474 0.282767 -0.967744 -0.972379 0.963518
10.8274 0.441348 0.835823 193.168 -8.15605 6.26864 0.653913 2.03156 4584.13 -407.043 128.651 -14.989 58.0039 1.34804 8.04534 134031 -16115.7 3990.96 -748.456 256.886 99.1644 -0.705977 -102.336 6.35176 -11.5442 -531.554 74.817 -27.1888 3.88644 -97.7856 -2765.72 489.906 -135.293 33.1346 -14.0635 -1.4629 2.33525e-10 2.9838 0.423338 1.3872 0.810313 0.00215128 0.282682 -0.922809 -0.904387 -0.720811
8.15184 -4.70811 3.93239 127.721 -57.1156 30.5197 -17.4757 15.5581 2795.96 -1054.72 491.822 -248.002 319.349 -65.0315 61.927 77505.6 -25695.8 11317.2 -8145.05 2699.65 -1295.41 -20.8335 -63.1097 49.5506 -73.7712 -298.517 197.932 -110.674 60.7833 -252.179 -1472.55 768.886 -381.459 319.95 -132.556 75.1775 3.25289e-10 -2.44639 1.98151 1.47207 0.0775295 0.00216991 0.281171 0.890562 -0.887311 -0.611684
7.17183 -4.42048 3.58512 95.4017 -47.3809 27.7189 -16.209 13.1697 1753.89 -757.783 419.537 -239.141 275.178 -60.8514 49.5268 40588.7 -15814.7 8784.14 -6533.22 2838.61 -1443.31 -19.7093 -47.5235 42.5306 -61.3985 -183.442 143.765 -95.4536 58.2277 -181.395 -737.396 466.694 -296.847 261.411 -132.03 78.6633 2.93294e-10 -2.32958 1.88759 1.32094 0.148806 0.0021376 0.286465 0.870699 -0.966129 -0.917077
10.2991 5.5488 3.68836 188.394 83.6218 41.671 21.2089 13.625 4698.46 1842.39 853.245 407.747 409.725 81.0914 50.4093 146400 52389.1 23735.9 14364.9 5267.03 2282.96 19.2574 -95.8247 -66.4868 105.104 -508.404 -341.321 -185.82 -88.4632 438.434 -2792.5 -1560.3 -804.601 -552.502 -210.957 -83.2072 4.95346e-10 2.83844 1.92014 1.49746 0.0377391 0.00120795 0.284828 -0.771723 -0.893392 0.968939
9.02878 2.57268 1.67826 144.11 20.8036 4.60464 1.37725 2.81659 3131.36 211.685 13.0062 -1.08501 40.2621 -2.62337 4.72705 84939.5 1418.25 -284.063 578.736 -12.5429 -9.85615 7.62471 -76.3898 -17.7687 25.2631 -367.976 -44.1158 -2.86606 1.26584 49.7065 -1791.44 -55.0769 13.7831 -16.7947 -0.142493 6.73143 7.00444e-10 2.66211 1.29548 1.39353 0.0016696 0.00153657 0.278247 -0.905528 -0.900602 -0.846523
7.83482 -5.57073 3.81609 113.566 -74.3704 46.6363 -27.4484 14.5764 2273.24 -1419.76 853.702 -488.731 435.28 -128.489 55.7304 57254.7 -34618.1 20243.3 -13317.9 6062.81 -3034.02 -24.2052 -56.2494 62.9358 -95.7017 -222.714 261.803 -190.497 112.869 -339.197 -943.167 1003.36 -691.836 530.034 -260.053 149.993 1.39027e-10 -2.43739 1.95325 1.37622 0.0300954 0.00122818 0.284812 -0.772773 -0.895692 -0.847041
6.64137 0.284835 0.0622396 93.6188 9.9428 0.169262 0.105072 0.00589997 1900.4 266.571 22.3858 0.161198 0.450811 0.0184955 0.000723178 49634.8 8057.88 1006.49 64.9663 0.341017 0.93157 -1.31773 -51.9545 -5.14227 11.4592 -228.212 -48.1263 -3.31876 0.993695 62.7902 -1047.64 -246.978 -33.5216 0.662108 0.481289 -0.813974 4.95954e-10 -2.09741 0.231269 1.49741 0.093565 0.00116928 0.282248 0.949091 -0.891902 0.590708
2.63163 1.03612 0.629704 19.1586 8.05987 3.79601 1.95668 1.18953 221.156 96.9549 44.9044 21.8227 27.4389 6.15834 3.74496 3454.49 1557.99 727.196 350.078 173.886 90.1437 1.61879 -11.3383 -5.68016 9.06598 -26.1227 -18.7512 -9.51734 -4.01598 22.3572 -65.6613 -48.1927 -24.476 -13.0599 -7.03939 -2.65557 8.4158e-12 -0.948372 -0.0704495 1.31614 0.790406 0.00226538 0.308082 0.988049 -0.886226 0.950564
10.4915 3.68597 1.48309 189.708 57.0661 19.2183 6.02414 2.24559 4631.88 1264.46 431.715 143.476 79.8072 9.96385 3.46914 140530 35755.1 12740.4 5237.48 1467.53 407.952 11.9762 -99.7677 -44.2541 71.3522 -524.194 -237.498 -92.6584 -29.2558 300.666 -2806.44 -1087.32 -442.205 -197.89 -52.0561 -11.9043 3.25289e-10 2.89511 1.21462 1.45252 0.0882185 0.00124582 0.284998 0.949493 -0.930326 -0.610472
10.0768 3.33486 1.35644 171.932 46.7143 15.7137 4.57804 1.8535 3938.03 940.609 350.822 120.557 64.5684 6.32995 2.55119 111713 24223.8 10293.3 4422.43 1281.01 345.756 10.6038 -91.2089 -36.5794 58.1952 -449.966 -178.514 -75.0043 -24.0359 223.467 -2244.26 -739.29 -357.421 -166.645 -44.7811 -9.59302 3.58884e-10 2.85402 1.16359 1.38975 0.0500314 0.00151283 0.282927 0.978132 -0.900602 -0.950213
