11.25 1.52508 0.0774528 217.684 41.9742 4.96633 0.321726 0.0160833 5683.77 1275.3 217.486 24.6425 3.22383 0.105438 0.0052199 184342 45244.4 9207.59 1453.02 162.555 13.3947 3.75728 -115.612 -30.7261 55.5325 -668.507 -246.967 -47.1391 -4.02511 330.95 -3772.73 -1406.25 -335.039 -57.0981 -3.97408 -1.26224 7.3486e-12 3 0.175874 1.49999 0.215687 0.00663028 0.015969 0.99853 0.747763 0.996393
9.0007 -6.99999 4.95996 81.0385 -81.0148 70.6431 -56.1592 41.8038 729.869 -891.577 942.057 -887.389 1541.52 -618.347 473.537 6575.64 -9490.39 11887.9 -13156.3 13147.6 -13596 -31.0949 -41.3862 73.8731 -110.742 -28.3494 169.914 -234.237 216.093 -232.696 131.509 180.924 -332.855 611.608 -677.022 610.803 7.60722e-12 -3 2 0.0268333 0.979778 7.00382e-05 0.0157353 -1 0.519669 -0.999996
0.00994176 -1.19942 4.99997 9.88387e-05 -0.0318078 2.84737 -16.3958 42.9991 9.82632e-07 -0.000513903 0.135655 -10.0507 96.4483 -229.153 498.981 9.7691e-09 -7.07436e-06 0.00320659 -0.723007 46.9491 -390.363 -7.381 8.26451 3.80554 -1.25738 2.57763 -9.29523 9.53051 14.4266 -0.780396 -0.230054 -1.83804 11.3255 -14.5678 -2.82717 64.03 1.17877e-12 -0.0997084 2 2.80022e-05 0.999985 0.00236364 0.0158287 -1 0.519434 -0.999997
11.2272 6.99999 4.18755 216.15 127.771 73.0144 39.9386 20.6069 5609.72 3215.87 1792.58 966.428 876.041 247.214 115.445 180743 101458 55596.9 33209.4 15308 7682.12 26.1398 -109.481 -104.345 171.525 -591.878 -620.296 -418.404 -217.055 835.727 -3217.48 -3034.78 -2000.29 -1474.36 -657.927 -303.14 3.80295e-12 3 2 1.49238 0.433083 0.00239063 0.0151331 1 0.750315 0.999998
2.20408 -1.11693 3.65621 14.5739 -7.3845 10.5263 -11.3984 13.5122 160.609 -81.3704 85.9122 -83.4704 77.4333 -69.1578 50.4678 2477.96 -1255.27 1126.45 -1071.03 857.784 -702.434 -7.04377 -3.73554 9.06115 -11.1978 -11.0437 12.2884 -20.8399 26.8306 -21.9462 -29.578 27.4704 -38.6972 52.5214 -42.5983 50.109 1.37801e-11 -0.0612362 1.90954 1.48335 0.0994206 0.00236364 0.0158455 -0.999992 0.519434 -0.999994
6.73956 -0.847549 0.427914 87.5237 -9.60695 4.51674 -0.908363 0.521577 1589.36 -160.816 98.361 -20.9448 17.8468 -1.6108 1.02334 36562.3 -3494.64 2609.55 -581.478 224.023 -67.1147 -5.9425 -48.7086 10.7376 -14.2025 -192.517 35.0071 -22.8738 6.09306 -42.6117 -757.584 113.217 -98.3129 30.3649 -11.7221 3.40326 7.70456e-11 -2.22186 0.343224 1.34272 0.556877 0.00729435 0.0158427 -0.909335 0.747757 0.739429
3.85837 -0.521479 0.427914 39.4243 -4.62399 3.17278 -0.566749 0.521638 626.306 -66.5884 51.1369 -11.5169 12.65 -1.01734 1.02365 13317.7 -1315.98 1130.92 -271.69 126.457 -34.5561 -4.60947 -22.5234 6.4987 -7.46577 -76.3457 15.1808 -11.9637 3.98353 -18.1012 -274.238 42.637 -42.8685 15.1145 -6.9378 2.10102 7.70456e-11 -1.27206 0.343036 1.49674 0.556993 0.00729435 0.0158427 -0.909335 0.747763 0.7391
7.52531 -4.3084 3.6273 113.168 -51.8707 29.6706 -17.809 16.2037 2406.17 -955.76 500.848 -279.146 339.521 -87.7968 84.7905 65194.8 -23304.5 11933.3 -8633.98 3603.16 -1964.88 -20.0911 -56.1852 47.5645 -71.3408 -259.253 188.763 -121.091 69.9631 -249.391 -1217.29 703.422 -425.557 389.453 -181.264 100.075 7.52282e-12 -2.30772 1.84686 1.48316 0.465203 0.004387 0.0148212 -0.934985 0.513756 0.842248
3.24502 2.04531 4.99821 28.9007 14.916 16.6238 13.4423 42.9565 406.586 179.803 156.656 120.554 282.121 129.443 498.12 7723.42 3012.86 2358.02 2855.38 1795.94 1520.89 5.88406 -10.2721 -14.1863 18.9513 -36.2207 -32.4269 -33.278 -31.5021 45.9899 -123.346 -80.8382 -66.0944 -124.408 -85.2359 -53.1123 7.71054e-11 1.0769 1.99984 1.44406 0.999421 0.00744778 0.0180176 0.702287 0.750463 -0.918929
7.27827 2.3535 2.31442 100.166 15.5402 6.05401 2.99556 7.92696 1916.51 123.967 34.039 10.1644 102.06 -0.166281 34.7154 46308.5 252.647 290.608 731.115 29.1553 40.3257 7.14401 -52.899 -14.7149 19.7951 -230.494 -27.6805 -7.60588 -1.95858 31.4659 -983.901 -14.1845 -0.850077 -28.3561 -8.70698 7.40465 5.48135e-12 2.3281 1.42047 1.36317 0.544673 0.00258646 0.015049 -0.996095 0.535453 -0.910904
8.96503 3.87475 2.04022 86.6486 33.9056 17.7488 9.15099 5.85814 895.986 318.684 218.09 122.818 167.3 28.4751 21.0626 9852 3193.91 3168.06 2088.93 1195.18 653.652 13.3632 -49.9557 -31.018 44.6241 -107.182 -69.5502 -54.3272 -28.5891 82.1155 -175.804 -97.5866 -112.325 -96.1102 -57.3505 -20.6152 7.89276e-12 2.9645 1.34931 0.42045 0.468609 0.00676162 0.0150344 -0.971125 0.742552 0.7206
10.855 1.5955 0.0865192 191.495 41.1579 5.31045 0.366128 0.019257 4472.26 1132.92 215.26 26.6065 3.54913 0.127455 0.00658601 128332 35849.3 8227.55 1444.38 176.096 15.4602 4.04516 -103.103 -30.3221 54.4289 -531.975 -221.451 -46.8839 -4.44097 293.913 -2640.39 -1124.35 -301.427 -57.1303 -4.40418 -1.30806 1.07403e-11 3 0.199995 1.36199 0.215687 0.00663028 0.015969 0.994639 0.747763 0.996393
7.55113 -5.77753 4.2816 104.86 -75.8116 53.2805 -36.103 23.2952 2007.12 -1405.41 961.272 -639.556 686.92 -255.057 151.076 48290.7 -33090.2 22223.9 -16438.3 9335.36 -5875.7 -26.0972 -51.2329 67.5516 -103.708 -188.937 269.986 -231.294 154.051 -366.353 -725.991 952.836 -786.875 745.92 -437.795 271.673 7.62115e-11 -2.39859 1.99531 1.34086 0.548023 0.00665189 0.0157068 -0.984029 0.519876 -0.999169
9.94243 6.43344 4.70735 174.309 106.009 69.2465 48.4644 36.6975 4156.94 2439.73 1512.98 988.173 1271.58 493.607 381.201 123699 70854.9 42490.9 29467.5 17358.6 12739 23.8236 -87.6373 -87.9491 142.104 -428.165 -465.666 -354.598 -227.796 633.84 -2133.65 -2079.86 -1478.74 -1313.44 -778.567 -522.809 8.80232e-11 2.79609 1.96437 1.4575 0.921193 0.00656034 0.0167732 0.906584 0.535959 0.975162
10.4692 -6.67584 3.96583 184.845 -111.375 63.5521 -33.6018 15.8959 4375.42 -2550.96 1422.72 -749.688 636.927 -163.242 64.3837 128177 -73051.9 40096.3 -23725.6 10409.3 -4806.14 -29.7697 -92.3625 94.5525 -151.788 -453.121 494.321 -336.978 174.657 -664.333 -2228.8 2182.32 -1455.62 1069.47 -475.573 218.16 5.67172e-12 -2.91277 1.98878 1.40887 0.102987 0.00647975 0.0169914 -0.965747 0.458761 -0.80024
10.2109 2.53515 1.08166 167.283 32.6455 11.5642 3.91868 2.17731 3611.86 595.706 250.044 84.2546 71.4474 9.13442 6.06341 95568.2 13796.4 7104.23 2581.97 863.102 341.967 7.88664 -89.7538 -26.7964 42.9206 -426.475 -120.126 -57.7994 -17.7983 154.174 -1954.28 -432.399 -260.672 -111.404 -36.2021 -10.6253 8.07698e-11 2.92054 0.903489 1.29668 0.515141 0.00290477 0.0168715 -0.995317 0.516052 0.788275
10.1073 6.61298 4.99898 170.108 105.61 71.9673 53.201 42.9723 3821.88 2301.41 1493.1 1032.5 1486.97 593.755 498.421 106011 62503.4 39279.5 28425.9 18189.5 14749.6 24.5576 -85.5622 -88.1565 141.565 -388.711 -438.386 -351.135 -240.022 597.861 -1784.47 -1819.26 -1343.08 -1272.43 -833.203 -610.274 7.76312e-11 2.87354 1.99995 1.36017 0.999581 0.00728747 0.0166632 0.99454 0.747824 0.737531
6.27275 -2.81233 2.10241 84.26 -30.075 15.3085 -7.28641 6.1915 1634.37 -502.852 250.99 -123.4 118.44 -24.5202 22.7851 40846 -11263.8 5849.02 -3651.63 1436.86 -669.294 -13.9749 -43.6819 29.2157 -41.8742 -184.067 102.875 -61.3578 31.5237 -131.582 -791.069 346.973 -215.025 168.653 -72.165 36.2114 1.42791e-11 -2.02728 1.37113 1.47067 0.471594 0.00678331 0.017791 -0.969492 0.753516 0.904169
9.61953 -6.13534 4.48001 157.748 -96.3056 63.9873 -45.8053 35.5167 3480.47 -2072.3 1318.35 -888.798 1203.17 -477.818 383.445 95229 -55738.5 34488.5 -24349.2 15244 -11973.2 -27.56 -78.0581 82.6505 -131.414 -349.914 393.697 -309.868 209.585 -539.824 -1587.16 1615.03 -1185.56 1084.53 -713.855 529.961 7.60722e-12 -2.78233 1.87453 1.37046 0.982919 0.00240658 0.0160006 -0.995644 0.519788 -0.843879
7.03563 2.74375 2.22592 54.5204 7.25861 3.41996 3.60723 6.9331 459.646 -38.0343 -10.0306 -5.29525 97.3927 1.99344 26.9726 4177.23 -1121.56 -18.4768 -7.01152 -7.8802 30.4565 8.73943 -31.9719 -9.8192 8.59888 -64.307 6.22002 3.32369 0.728253 -10.6737 -110.83 36.6002 13.7135 3.79035 -6.29985 7.0617 8.53576e-12 2.61819 1.41116 0.425097 0.484311 0.00258646 0.0161034 -0.996468 0.535959 -0.905383
6.87679 5.08474 4.86357 47.2902 33.4252 32.7179 33.3716 40.1164 325.205 219.258 264.055 280.325 860.974 317.108 444.437 2236.37 1434.9 2387.48 2876.34 3277.64 4416.03 18.3098 -24.8015 -34.1564 43.9748 -17.8923 -38.787 -67.507 -76.5611 56.2529 18.7216 -9.43536 -13.9515 -138.519 -207.387 -186.29 7.6116e-12 2.62236 1.98173 2.80022e-05 0.967637 0.0027435 0.0158287 -1 0.519434 0.77585
10.6296 -1.38945 0.954196 182.393 -34.7638 13.4568 -3.94196 2.72931 4133.55 -928.191 320.489 -110.146 112.404 -18.6321 13.0014 114943 -28461.7 9553.37 -3408.53 1377.86 -695.935 -8.15791 -96.8563 29.4451 -48.2131 -482.099 183.556 -74.9436 26.1218 -242.22 -2320.64 884.458 -350.378 158.888 -66.8957 31.5474 1.07387e-11 -2.97456 0.181321 1.33478 0.959854 2.29632e-05 0.0157362 -0.718485 0.747912 -0.981719
6.38256 -4.57861 3.5828 45.0685 -31.0293 24.6906 -18.6784 16.0903 347.392 -230.807 222.851 -189.257 341.378 -92.219 85.4944 2894.17 -1863.21 2298.15 -2357.89 2014.81 -1517.01 -21.1958 -23.5189 33.6491 -43.1644 -25.6041 48.2399 -59.7407 52.5744 -60.8175 -5.19398 38.5948 -64.7866 118.232 -123.167 83.5427 5.59285e-12 -2.49211 1.82977 0.414698 0.484491 0.00264125 0.0157039 -0.879667 0.524491 0.842429
7.65916 5.49061 4.95948 58.6848 41.3849 38.4981 37.4136 41.7895 449.815 311.97 344.556 350.195 1008.21 368.18 473.236 3449.09 2351.96 3370.59 3892.66 4245.48 5522.69 19.9691 -31.0838 -40.6823 54.7358 -29.1547 -57.6248 -88.0208 -93.2476 80.369 12.7392 -31.5912 -40.0724 -187.178 -260.039 -234.088 7.60722e-12 2.76739 2 0.0268333 0.979533 7.00382e-05 0.0157353 -0.906285 0.53584 0.817949
4.67264 2.95843 3.15227 21.8461 5.67645 2.90494 3.91202 10.0781 102.196 -11.5517 -12.8416 -9.75946 85.7715 -4.80498 32.6693 478.345 -232.228 -48.9041 -0.341926 5.72831 -0.972947 9.61707 -12.1642 -9.42967 6.45989 -15.9068 2.22881 5.07466 1.82104 -3.78508 -19.6767 6.77689 13.681 2.78185 -4.77737 13.1784 7.3142e-12 2.16148 1.7723 0.0258584 0.10596 0.00311434 0.0162347 -0.973939 0.52273 -0.77076
3.42138 -2.96769 1.23772 12.4521 -16.7837 13.597 -6.0393 1.59063 47.9556 -85.1667 105.158 -81.7416 48.6259 -10.7997 2.11816 194.581 -420.583 688.961 -796.924 601.691 -284.241 -14.6101 -8.00038 20.4965 -23.9051 5.05329 21.6893 -30.9777 22.1104 -22.9337 26.6242 4.0346 -29.9732 46.3418 -33.3397 16.0079 7.56282e-12 -1.83478 1.10717 0.234465 0.109117 0.00255879 0.0169139 -0.913344 0.516428 -0.959239
10.0065 3.43988 1.77927 178.145 48.9318 18.8319 7.62901 4.72738 4326.36 1025.44 393.821 153.638 139.451 22.9462 16.1175 131311 27849.4 11296.7 5201.33 1736.19 708.25 11.5854 -93.4622 -40.4386 64.9388 -498.116 -203.761 -92.0878 -33.8268 265.957 -2630.59 -863.164 -411.746 -227.422 -74.8878 -23.1366 8.80232e-11 2.79609 1.24271 1.47932 0.484691 0.00270865 0.0157174 -0.903713 0.535959 0.833987
8.70009 5.73508 3.75657 140.995 86.5286 52.1302 30.6314 17.388 3162.14 1863.04 1079.23 612.432 571.698 182.016 94.3057 89336.2 51196.2 28901.9 18367.7 8714.98 4675.16 20.9685 -71.9435 -72.4979 115.768 -329.511 -362.246 -255.791 -140.26 483.833 -1555.93 -1531.1 -1042.98 -821.302 -379.43 -183.594 9.07388e-11 2.56134 1.87931 1.46275 0.474079 0.000585837 0.0168158 0.865817 0.536021 0.977216
6.25636 -5.96976 4.31205 39.1422 -49.4515 48.2029 -37.2053 23.7812 244.889 -385.105 481.191 -478.997 692.835 -264.796 156.874 1532.12 -2883.09 4427.2 -5511.72 5594.34 -4807.3 -26.8831 -19.3173 49.5831 -68.0702 12.5006 73.9793 -127.537 122.718 -100.953 109.077 24.5764 -124.874 273.769 -300.243 232.755 9.78915e-13 -2.50127 2 0.00177265 0.558611 0.00236364 0.0158287 -0.970332 0.524034 -0.964095
9.61953 -6.41424 4.96613 157.748 -98.9495 68.1258 -51.0445 41.9873 3480.47 -2107.09 1372.6 -954.711 1374.63 -560.351 477.411 95229 -56259.3 35350.3 -25829.2 16425.8 -13308.1 -28.7002 -77.2792 85.033 -134.989 -345.484 398.062 -322.325 226.121 -548.873 -1569.9 1620.16 -1201.06 1146.84 -776.696 592.672 7.60722e-12 -2.78233 2 1.37046 0.982919 0.00240658 0.0159986 -0.855269 0.519718 -0.843879
7.68858 4.54441 4.93412 115.888 52.6159 36.2902 29.5975 41.0368 2455.31 934.485 564.525 386.953 787.54 279.185 457.483 66086.3 21990.8 12604.6 10488.9 5583.98 4944.29 16.1009 -57.0304 -46.317 69.9195 -262.066 -178.453 -132.43 -95.3514 242.297 -1229.05 -646.007 -404.46 -466.148 -284.33 -201.148 7.89695e-12 2.35441 2 1.46469 0.966501 7.00382e-05 0.0179531 -1 0.519669 0.671182
6.38256 -3.13201 1.791 45.0685 -21.3576 13.1937 -7.15415 4.78078 347.392 -159.749 140.998 -91.1758 111.18 -22.0269 16.3633 2894.17 -1296.12 1660.64 -1325.05 867.344 -503.024 -15.2818 -26.4535 23.9444 -30.0887 -37.9931 37.4749 -37.4312 24.8899 -42.3341 -31.3615 35.0826 -60.2963 68.8333 -50.8281 28.241 5.59285e-12 -2.49211 1.2474 0.414698 0.484766 0.00264125 0.0157119 -0.880962 0.524491 0.834251
7.91254 4.67419 3.64191 114.333 54.0776 29.5632 17.0025 13.4258 2272.24 929.905 459.649 240.157 290.14 62.5994 50.0889 56694.1 20821.6 9914.69 6820.42 2583.49 1258.38 16.6314 -58.6413 -47.3391 71.8956 -249.436 -185.469 -111.344 -56.6822 241.106 -1073.39 -639.168 -355.592 -304.418 -121.135 -40.4536 5.67172e-12 2.46208 1.90545 1.36041 0.105643 0.00646569 0.0166597 0.71368 0.533237 -0.748049
5.35835 -5.40324 4.58067 28.7121 -39.5892 44.0263 -42.2239 36.5843 153.852 -269.131 382.529 -456.503 891.678 -451.542 396.016 824.412 -1747.53 3061.69 -4490.22 5661.16 -6963.51 -24.567 -12.8931 41.3144 -54.7369 20.9649 44.8532 -100.48 120.893 -70.7862 96.4096 -14.0648 -44.039 212.367 -319.029 338.206 1.34472e-12 -2.31481 1.90543 0.00328078 0.974688 0.00238387 0.0148416 -0.99883 0.513759 -0.986243
10.5757 6.79408 4.9988 181.118 111.374 74.9291 54.4648 42.9697 4101.24 2458.13 1583.77 1084.95 1561.23 606.538 498.382 114023 67136.9 42057.4 30044.3 19241 15528.2 25.298 -91.3054 -92.6035 149.358 -418.937 -468.748 -372.109 -251.333 638.627 -1925.59 -1957.26 -1439.79 -1345.54 -880.974 -641.239 7.76312e-11 2.96427 1.99991 1.33746 0.999581 0.00729718 0.0166632 0.99454 0.747824 0.737066
4.06627 -2.59258 4.48566 42.692 -22.0635 20.3511 -16.5824 35.036 689.726 -306.777 241.439 -185.993 347.682 -154.176 370.739 14833.6 -5877.91 4385.09 -4571.51 2824.94 -2389.4 -13.0765 -17.8608 22.5544 -31.043 -65.5194 57.4012 -55.4396 49.8652 -80.5786 -245.497 161.052 -136.679 202.729 -142.846 127.995 8.84317e-11 -1.36345 1.88643 1.48569 0.962834 0.00681052 0.0178945 -0.994997 0.745425 0.953951
7.04194 1.0398 1.13262 54.9299 8.10637 9.39643 3.2307 3.8038 468.167 69.0587 119.126 37.53 103.903 16.7126 21.0888 4315.89 636.381 1627.85 534.326 610.327 459.071 1.77335 -33.5663 -6.19017 9.74501 -59.1082 -13.7334 -29.2533 -8.08686 17.1832 -74.0678 -16.9497 -56.7611 -22.5386 -32.8993 -15.6509 8.84692e-11 2.61719 0.386576 0.438448 0.991553 0.00754447 0.0168657 -0.779864 0.747211 0.83598
7.10696 -3.88568 2.32544 50.8062 -29.2411 19.6894 -11.9239 8.14193 365.323 -220.658 206.341 -148.861 210.078 -49.2633 36.6981 2642.06 -1670.17 2258.94 -2094.57 1559.4 -1036.87 -18.363 -29.2359 31.08 -40.7468 -34.7932 49.8046 -54.8122 39.7107 -58.1775 -6.81943 40.1477 -76.8166 106.255 -89.7091 54.254 4.38901e-12 -2.66392 1.41778 0.102311 0.561545 0.00227044 0.0175472 -0.973394 0.536145 0.755764
9.61393 -6.41607 4.98248 157.425 -98.8947 68.3023 -51.3866 42.4755 3467.24 -2102.99 1374.34 -959.831 1389.76 -569.114 487.772 94684.8 -56056.6 35338.2 -25902.7 16564.8 -13516 -28.7077 -77.0988 84.9952 -134.915 -343.802 397.096 -322.674 227.35 -547.809 -1558.28 1612.97 -1199.07 1149.77 -783.402 601.643 7.67689e-12 -2.78233 2 1.36841 0.991204 0.00243276 0.015998 -0.857705 0.519718 -0.84511
10.8408 3.98488 2.00968 201.661 61.018 23.8795 9.86155 5.67985 5058.04 1349.08 520.923 207.224 185.146 31.797 20.0945 157518 38241.1 15300.1 7166.25 2457.23 992.743 13.8134 -105.151 -50.2014 81.2787 -578.159 -266.754 -121.788 -45.921 350.141 -3132.78 -1181.53 -557.154 -314.344 -106.056 -33.9588 7.89762e-11 2.94727 1.33939 1.46779 0.464458 0.00285569 0.02335 -0.82883 0.746714 0.903519
8.90728 -1.93275 1.08793 79.6761 -32.8836 14.958 -6.04464 3.51956 715.712 -434.297 236.345 -124.027 144.576 -31.4092 18.8367 6456 -5160.12 3535.79 -2213.78 1310.94 -1011.38 -10.379 -47.2612 29.3657 -45.6713 -86.4407 93.7016 -58.3594 30.3282 -113.749 -89.9772 165.714 -131.748 109.96 -69.2354 45.6434 1.20113e-11 -2.98292 0.353467 0.0972152 0.981321 8.63163e-05 0.0148613 -0.77895 0.747211 -0.977829
11.1994 -6.57593 3.68917 214.292 -120.533 65.5664 -34.203 16.9189 5520.75 -3029.93 1618.76 -838.14 728.448 -200.218 91.378 176452 -95231.6 50240.6 -28635.3 12908.4 -6325.66 -29.3612 -107.292 100.78 -164.169 -581.034 583.832 -378.938 192.464 -788.921 -3146.36 2844.65 -1812.96 1279.77 -578.207 278.934 7.67689e-12 -2.99994 1.85948 1.48316 0.481143 8.72501e-05 0.0157086 -0.998901 0.513756 -0.996277
6.43034 -4.17075 4.84401 83.0185 -42.2749 31.568 -27.5403 39.6182 1517.54 -659.489 431.872 -319.78 650.474 -262.078 434.578 35376.2 -13657.6 8443.67 -7538.36 4370.19 -4052.68 -19.5284 -38.9956 40.2596 -58.3678 -153.918 124.836 -101.859 83.799 -172.326 -622.774 391.173 -262.257 333.707 -238.634 205.777 1.09412e-11 -2.12822 1.98058 1.37878 0.959854 0.00688933 0.0162288 -0.718306 0.750571 0.807016
8.62761 -5.52455 4.4014 141.647 -82.6418 54.4269 -39.987 33.7585 3239.4 -1790.96 1087.82 -717.725 959.844 -402.007 350.873 93657.3 -49907.1 28789.7 -20275.2 11752.4 -9035.8 -25.063 -69.4461 71.7047 -112.942 -329.519 339.844 -255.673 171.625 -466.641 -1616.59 1455.71 -993.675 900.823 -554.463 409.421 1.43514e-11 -2.52781 1.86812 1.49592 0.954736 0.00244732 0.0170437 -0.725959 0.73066 -0.878606
7.91441 -5.11786 2.16424 62.7332 -56.3584 35.6001 -15.5769 4.86405 498.007 -572.385 491.664 -306.23 214.605 -45.1094 11.3292 3959.4 -5541.43 6064.42 -5039.06 3108.93 -1417.43 -23.4004 -35.9397 52.9235 -77.408 -35.2432 124.839 -126.454 73.6702 -149.668 51.8731 152.071 -238.691 251.28 -150.728 67.1092 7.25268e-12 -2.81272 1.46401 0.0548623 0.144595 0.000146551 0.0157242 -1 0.519637 -0.999997
3.48834 -1.69789 2.0805 32.6928 -13.1483 9.05268 -3.81361 4.7653 479.33 -167.411 104.674 -54.7009 51.8845 -9.34201 11.8706 9438.3 -2950.94 1844.8 -1477.16 618.334 -260.18 -9.41886 -16.2194 14.8056 -18.9902 -52.1263 35.643 -26.5507 15.5779 -44.3269 -174.403 90.0607 -68.9791 70.0127 -31.8905 18.6347 8.64354e-12 -1.17504 1.42384 1.45176 0.230587 0.00292823 0.0345859 -0.927008 0.519902 0.877387
4.1174 -2.15735 2.07503 41.0469 -17.2799 10.7124 -4.89027 4.76424 614.896 -223.04 135.555 -75.0234 66.0249 -12.1263 11.9421 12112.6 -3929.87 2498.8 -1924.01 819.886 -366.254 -11.2972 -20.9096 18.7618 -24.5759 -67.3714 47.273 -34.2824 20.348 -58.7972 -223.291 119.462 -93.2538 91.2221 -41.9169 22.9626 7.83141e-12 -1.48827 1.42093 1.37929 0.236634 0.00291899 0.0171447 0.907246 0.518802 -0.992488
1.55995 0.42088 1.23772 2.7847 -2.10892 -1.39771 -1.76449 1.59063 5.56001 -8.73578 2.84286 3.09198 7.71605 -5.20616 2.11816 12.2249 -27.4148 31.841 -0.162434 -5.20408 -2.0434 -0.756922 -1.2977 2.36008 -4.06552 -3.35527 2.6176 2.05174 2.32941 -3.0526 0.0956213 2.34775 -0.455049 0.194523 -0.177317 4.66423 7.56282e-12 1.22581 1.10717 0.239476 0.109117 0.00255879 0.0169139 -0.913344 0.516428 -0.959239
10.4728 4.06816 2.26503 190.993 59.6223 24.8029 11.003 7.17091 4718.96 1275.62 520.148 219.99 218.494 38.8366 28.3427 145156 35195.2 14910.9 7514.89 2682.19 1162.78 14.1539 -99.3691 -49.48 79.3918 -537.872 -252.435 -121.964 -49.1592 331.032 -2878.18 -1085.29 -540.261 -330.391 -118.072 -40.0851 8.53576e-12 2.88237 1.42384 1.47132 0.487543 0.00386718 0.0345859 -0.949148 0.535867 0.877387
9.13895 2.80692 2.32056 155.313 25.3331 8.98866 4.37616 7.93583 3650.78 311.94 75.8847 23.752 131.309 5.40648 34.6432 108071 3723.4 926.209 1325.78 79.1243 84.6815 8.99767 -80.8506 -22.6108 33.0347 -428.816 -65.5802 -18.2581 -5.58648 80.3613 -2245.39 -127.454 -23.3623 -53.4642 -13.3389 5.05763 4.38901e-12 2.62698 1.4238 1.49597 0.54162 0.00233177 0.0175472 -0.973394 0.518725 -0.893355
5.31642 -3.2404 3.09536 28.3478 -8.61285 4.59679 -5.01542 9.61073 151.598 0.0092588 -10.372 8.41827 96.1144 -0.00179979 29.9317 813.085 245.697 -91.7178 27.4683 -12.8498 16.0002 -15.7249 -15.2427 14.9927 -12.8585 -21.0842 3.36792 1.03576 4.12636 -0.777854 -28.3893 -4.34804 14.7509 -0.16322 -16.1335 11.6571 1.67928e-11 -2.30489 1.75869 0.0626452 0.048819 0.00274136 0.016698 0.77427 0.540353 0.852068
8.79729 -6.93104 4.24353 77.3996 -78.555 63.0337 -40.7805 22.0227 681.034 -845.813 850.932 -695.111 862.159 -267.985 133.34 5992.95 -8803.25 10712.6 -10746.1 8925.61 -6320.53 -30.813 -40.5197 72.1616 -107.417 -30.0212 169.845 -215.564 168.314 -220.792 116.642 194.326 -361.63 518.571 -447.002 289.885 7.60722e-12 -2.96599 2 0.014384 0.493491 5.53167e-05 0.0157353 -0.998139 0.525755 -0.999999
1.77464 0.97097 4.52416 9.44797 5.16714 9.90307 11.9912 34.0319 83.8321 45.8289 62.6869 69.2699 117.448 146.643 341.568 1041.37 569.055 644.511 718.381 802.347 978.669 1.49195 0.244687 -4.7668 5.77132 -2.29664 -3.8177 -11.4704 -20.018 11.1407 -5.76496 -7.65686 -15.8735 -27.8226 -34.0402 -36.5099 8.79553e-11 0.0834305 1.9234 1.32954 0.908124 0.00682398 0.0291334 0.668649 0.743983 0.95235
9.66767 -4.03417 2.2444 156.019 -54.1176 24.2674 -11.0861 6.98327 3363.99 -1034.71 475.592 -217.775 211.203 -39.3214 27.0271 89590.4 -25188.9 12373.4 -6664.09 2687.86 -1200.85 -18.97 -81.0512 48.8173 -74.3786 -380.21 208.691 -114.545 52.9345 -269.927 -1744.88 778.154 -453.135 305.465 -132.065 58.7618 7.67689e-12 -2.80817 1.41987 1.33485 0.477889 2.2826e-05 0.0157239 0.906044 0.747538 -0.999919
11.2299 5.27103 2.37457 216.62 100.075 45.0902 19.7462 8.38312 5635.95 2580.75 1159.68 510.44 377.336 92.3706 37.912 182098 82888.9 37157.7 17722 7098.48 3129.78 19.0714 -112.184 -80.5564 134.082 -623.094 -502.254 -269.221 -112.971 670.522 -3439.55 -2523.94 -1353.43 -784.26 -298.363 -120.436 1.04999e-11 2.99866 1.43718 1.49597 0.555938 0.00233177 0.0175818 0.995767 0.536242 0.92704
4.67264 3.08121 4.09107 21.8461 7.39757 8.75499 13.7511 30.4783 102.196 1.85959 13.535 14.5515 330.003 89.7431 312.023 478.345 -144.395 33.4283 -17.4831 5.61159 507.408 10.119 -10.7601 -11.136 8.78674 -9.83486 4.29162 -0.393356 -10.3156 -0.296549 -11.4726 7.37028 35.4809 4.08167 -27.3887 -13.5914 7.3142e-12 2.16148 1.7723 0.0258584 0.974695 0.0031503 0.0171047 -0.728379 0.52273 -0.77076
7.70851 -2.11084 0.282772 109.642 -33.9616 7.91134 -1.09483 0.0892697 2151.83 -708.264 195.928 -41.3497 6.9116 -0.502141 0.0309723 53114 -18159.5 5493.5 -1431.21 274.754 -37.6604 -11.1071 -60.2617 30.7205 -47.1286 -254.795 145.734 -46.2524 10.2234 -185.013 -1070.9 580.793 -210.548 69.0973 -14.1901 1.52835 4.48627e-12 -2.42023 0.52385 1.36051 0.0914001 0.00674971 0.0166758 -0.975488 0.529358 -0.71052
3.40704 -3.45783 2.04237 11.6582 -18.5052 18.6336 -12.2911 6.04822 40.0635 -86.3293 129.912 -131.865 140.492 -50.8429 22.7132 138.267 -375.74 762.667 -1110.66 1141.48 -872.035 -16.6139 -6.32399 22.6524 -26.2324 11.4975 18.9326 -38.4005 36.5138 -23.2361 35.9679 -6.95723 -24.4206 62.7516 -65.4042 46.9092 6.10713e-12 -1.84482 1.3409 0.0607482 0.494338 0.00286385 0.0161798 -0.970456 0.523277 -0.997798
8.50746 4.1445 3.88219 131.793 40.0788 16.8152 9.32969 15.2359 2805.57 575.015 148.913 48.8104 226.728 10.0802 60.4362 74943.9 10462.6 1723.06 2613.96 96.2237 9.30227 14.466 -67.0365 -36.3858 52.9701 -324.314 -118.307 -36.9654 -13.3368 148.792 -1546.41 -341.979 -47.1524 -109.913 -22.3752 14.399 5.67172e-12 2.5558 1.96763 1.40547 0.102987 0.00647975 0.01699 -0.965747 0.458761 -0.803029
11.2379 3.32502 2.30346 216.873 35.5389 11.8198 5.8778 7.83669 5644.56 514.092 119.684 38.1913 167.794 11.3818 34.0641 182434 7748.16 1681.4 1644.28 129.505 148.704 11.1158 -112.124 -30.9402 46.8323 -656.705 -106.099 -29.2494 -9.47318 132.945 -3760.24 -257.576 -49.3294 -67.3481 -18.7807 1.81466 4.38901e-12 3 1.41778 1.49597 0.54162 0.00233177 0.0175472 -0.973394 0.536145 -0.883248
0.125283 -0.204621 3.65129 0.0470666 -0.0761966 2.00005 -1.44617 13.387 0.0294573 -0.0472828 1.33089 -3.29452 35.0191 -7.86516 49.2834 0.0258001 -0.0410707 1.19563 -3.93255 41.9739 -67.681 -3.31409 5.87369 1.83474 -1.31739 1.67152 -0.401657 2.42785 4.20648 -0.792561 0.143484 -0.55389 4.08933 0.541317 -4.97 18.4412 5.26073e-12 -0.0570769 1.90985 0.349322 0.0614311 0.00663725 0.0158296 -0.956609 0.513265 0.765384
0.0114018 0.0129936 0.524439 0.000220164 -0.000313074 1.29121 0.00537283 0.757892 5.70741e-06 -1.62221e-05 0.0882092 0.150374 9.34995 -0.00769317 1.73341 1.83254e-07 -6.95273e-07 0.00425771 -0.012114 10.0942 0.20854 -2.42444 1.29589 2.00306 -1.2148 0.945309 0.418034 0.25271 1.32177 -0.780266 -0.244966 0.107749 1.32119 0.654444 -1.33296 1.06757 7.88546e-12 0.0959956 0.428166 0.0467614 0.584049 0.00491712 0.0168088 -0.830689 0.52466 0.774472
9.44644 -4.79213 2.95943 153.148 -76.1288 42.7977 -26.3515 17.8386 3347.91 -1645.39 888.832 -516.987 607.683 -214.241 152.907 90873.7 -44320.2 23366.5 -13980.7 7805 -5633.21 -22.0687 -78.2122 65.787 -104.137 -357.329 319.207 -210.386 122.579 -428.778 -1634.37 1322.55 -828.011 631.568 -368.77 251.253 7.60722e-12 -2.75105 1.43311 1.37046 0.951649 0.00235071 0.015943 -0.855269 0.519718 -0.843879
6.71716 -3.63296 3.86108 86.2872 -29.9384 14.216 -8.43829 15.0587 1546.35 -375.535 115.196 -43.448 176.737 -11.1099 59.316 35062.3 -6129.02 1311.23 -1909.33 126.375 -32.667 -17.3298 -42.4875 30.6212 -41.6896 -176.699 79.8185 -30.5207 16.9035 -98.4639 -719.961 204.558 -39.1954 86.4016 -31.5151 18.5423 6.32903e-12 -2.22564 1.96247 1.32804 0.0988725 0.00653831 0.0293031 0.596316 0.530214 0.873281
0.00374987 -1.02412 1.38998 1.40616e-05 -0.0109809 2.09707 -4.07135 1.97116 5.27291e-08 -6.79534e-05 0.0429711 -6.44087 16.1048 -9.52861 2.85028 1.97728e-10 -3.55225e-07 0.000395018 -0.210667 26.38 -78.1461 -6.66438 2.77647 4.22329 -1.22922 1.79047 -2.02072 -0.212027 5.84323 -0.78028 -0.259181 -1.1488 2.16803 0.927121 -4.82764 8.72131 1.17877e-12 -0.0612362 1.17598 2.80022e-05 0.083989 0.00236364 0.0154334 -0.999938 0.519434 -0.904283
5.83882 -4.49227 4.70072 38.4592 -27.0113 27.5064 -29.4633 38.8488 280.511 -181.789 216.769 -233.236 708.284 -283.837 436.318 2236.03 -1347.48 2024.01 -2382.69 2716.76 -3734.03 -20.8429 -18.0088 30.3819 -37.7323 -13.473 30.6242 -54.3662 67.7574 -48.0669 9.19856 10.63 -12.2607 107.305 -185.041 195.774 5.6674e-12 -2.37671 1.92462 0.435995 0.998281 0.00232675 0.0158647 0.961243 0.519434 -0.797289
5.3302 -3.7692 4.14615 28.4947 -11.4592 8.52271 -10.7553 20.4906 152.776 -15.1168 1.42454 -1.08436 227.971 -27.623 116.327 821.507 166.351 -77.8335 45.1277 -38.4043 14.4561 -17.8868 -13.6577 17.9669 -16.7067 -17.0443 4.10636 -1.47755 9.81525 -4.71244 -24.8202 -2.55603 27.8122 -2.73964 -30.7078 20.3321 1.67928e-11 -2.30787 1.98548 0.0626452 0.451664 0.00662806 0.0166904 0.774014 0.758624 0.852068
9.15763 0.366876 0.0356558 156.095 3.89869 1.69642 0.013354 0.00213836 3681.16 62.0016 84.8084 5.06761 0.480732 0.000686431 0.000171775 109344 1257.86 3555.06 178.98 24.1651 0.610283 -0.977699 -84.3272 -1.42986 4.05645 -439.169 -11.0417 -17.7107 0.0612685 15.3475 -2266.93 -36.7172 -130.252 -3.43153 -0.277017 -0.927468 7.509e-12 2.62866 0.170133 1.49926 0.0819182 0.0028073 0.0358453 -0.946578 0.905222 0.785887
8.62761 -5.64733 3.49727 141.647 -85.8197 49.3625 -26.2905 12.3343 3239.4 -1877.91 1042.11 -546.23 422.936 -115.786 43.8639 93657.3 -52691.2 28548.1 -17241.9 7206.76 -3267.35 -25.5649 -70.7977 74.4203 -117.238 -334.716 365.394 -248.592 129.099 -489.26 -1630.4 1576.78 -1043.44 779.162 -328.99 151.921 1.43514e-11 -2.52781 1.86812 1.49592 0.0860006 0.00224503 0.0161737 -0.971518 0.73066 -0.878606
10.5604 3.9813 2.30469 196.039 58.0526 24.0769 11.0839 7.8538 4945.34 1245.69 494.499 208.57 229.731 41.7972 34.2097 155577 34618.8 14097.4 7057.88 2478.8 1151.31 13.7988 -101.723 -48.1908 77.2696 -564.07 -246.128 -115.997 -46.9524 323.247 -3096.77 -1067.73 -508.329 -310.097 -111.936 -39.8065 4.38901e-12 2.88487 1.41778 1.49597 0.542761 0.00657055 0.0175472 -0.973394 0.536145 0.755764
8.85991 3.69979 2.26303 138.521 46.1609 21.1675 10.0112 7.23522 2946.67 846.171 392.466 182.866 191.105 35.6168 29.014 78224.9 20071.8 9956.69 5538.59 2192.36 1021.65 12.6479 -73.016 -39.2212 61.1927 -337.106 -169.482 -92.8934 -41.0936 219.325 -1542.31 -619.254 -360.589 -245.247 -97.211 -34.3612 7.67689e-12 2.63879 1.41987 1.37721 0.497001 5.55116e-05 0.015725 0.906044 0.747538 -0.999919
11.1946 0.504327 0.0414027 213.956 6.65812 1.64321 0.0212577 0.00251671 5504.5 128.913 93.5849 6.23222 0.471252 0.0012083 0.000194987 175668 3209.58 4342.83 270.975 25.9275 0.858867 -0.415773 -113.733 -3.67824 7.78705 -650.662 -24.0572 -19.4412 -0.172713 32.7525 -3629.66 -96.958 -157.907 -6.53605 -0.136273 -0.915159 7.76049e-12 3 0.190353 1.48141 0.0718918 0.00671364 0.0357617 -0.880135 0.75531 0.746671
3.42026 -4.69853 4.99838 11.7045 -22.9141 33.8898 -40.867 42.9517 40.0754 -101.835 200.773 -314.947 731.594 -476.938 497.963 137.289 -428.867 1071.2 -2144.94 3528.87 -5330.99 -21.6861 -1.69725 27.9314 -32.193 27.6259 6.56797 -53.8194 91.5831 -27.2694 58.3498 -39.5476 25.9205 95.0813 -216.249 281.463 7.25268e-12 -1.84927 2 0.0214583 0.999199 0.00236364 0.0158287 -1 0.519434 -0.999997
8.07942 4.9441 4.2024 119.385 58.4886 35.3353 22.8227 21.2748 2427.43 1028.96 577.224 345.098 479.858 124.063 124.532 61980.7 23578.1 13076.4 9857.93 4570.73 2677.15 17.7349 -60.3824 -51.1784 77.8591 -261.572 -202.414 -138.339 -81.6568 266.872 -1146.5 -708.412 -456.025 -440.909 -215.676 -98.8609 1.78187e-11 2.48646 1.99538 1.3773 0.469932 0.00282595 0.0167964 0.911588 0.736083 -0.946257
0.0166339 -0.939282 0.21355 0.00031188 -0.048719 1.76149 -0.625225 0.0531394 6.47149e-06 -0.00153412 0.190243 -4.94597 2.65704 -0.261282 0.0149709 1.46692e-07 -4.47131e-05 0.00905535 -0.928531 18.4793 -11.9067 -6.31753 0.961091 4.32601 -1.28024 1.43992 0.0494852 -0.654346 2.59979 -0.780661 -0.212894 -0.864966 0.603239 1.52925 -2.37011 0.258653 4.20387e-12 0.126871 0.452259 0.0231866 0.0949311 0.00738364 0.0156993 -0.999837 0.758762 -0.993485
8.03257 4.83518 3.96583 120.37 57.3321 31.9445 18.8318 15.8959 2497.37 1020.38 508.352 269.725 339.737 74.0997 64.3837 65286.8 23773.9 11343.4 8133.1 3031.19 1508.7 17.2896 -61.1014 -50.0621 76.2955 -272.761 -202.376 -122.637 -63.7522 264.639 -1234.81 -726.882 -404.282 -361.828 -143.079 -49.7809 5.67172e-12 2.4596 1.98878 1.40817 0.102987 0.00647987 0.0169914 0.71368 0.458761 -0.826509
9.51753 -4.93635 2.03001 153.533 -80.4094 37.0566 -14.1886 4.23414 3325.96 -1751.23 840.489 -357.306 194.849 -38.281 9.06447 89252.4 -47162.5 23153.4 -11172.9 4147.77 -1437.04 -22.6583 -79.8819 69.3284 -109.924 -361.03 347.886 -200.377 82.8962 -456.309 -1616.95 1444.88 -864.299 511.479 -186.39 66.3811 7.67689e-12 -2.77276 1.41987 1.35253 0.118281 0.000139169 0.015725 -0.998841 0.530726 -0.999956
9.02737 5.1836 3.90895 145.215 66.5422 35.2869 19.9279 15.4455 3188.13 1259.5 601.28 305.209 375.833 77.415 61.6811 87500.2 30908.2 14174 9420.33 3473.72 1658.03 18.714 -74.0434 -57.2919 88.7471 -350.666 -249.312 -144.362 -71.5733 326.839 -1669.34 -947.095 -506.93 -418.888 -163.327 -56.1026 7.78025e-12 2.65425 1.97442 1.40795 0.102987 0.00640243 0.0169441 0.71368 0.5288 -0.827702
7.99685 -2.40069 0.269219 64.1676 -34.8712 9.63573 -1.21927 0.0893611 516.634 -405.573 198.391 -52.544 8.96635 -0.592097 0.0347681 4173.63 -4277.96 3058.49 -1385.82 358.034 -51.6112 -12.2921 -40.0004 32.0336 -48.3584 -65.6639 92.7765 -48.0899 12.5321 -106.278 -46.5412 151.244 -127.536 69.0846 -17.9748 2.01456 6.32656e-12 -2.82666 0.503047 0.0825725 0.127132 0.00238641 0.0149927 -0.982632 0.436893 -0.974866
4.39749 0.808094 0.162048 19.4044 3.47573 1.86547 0.144022 0.0324729 85.9165 14.9934 34.112 9.20552 1.70858 0.0308796 0.00764059 381.706 64.864 356.753 125.915 37.993 5.24911 0.826086 -14.8429 -2.19099 3.48462 -14.3599 -3.36567 -7.05342 -0.770069 3.11979 -2.24406 -1.16098 -15.4137 -3.76492 -0.265873 -0.623364 6.14462e-12 2.09612 0.390078 0.0614878 0.099434 0.00754447 0.0168157 -0.77895 0.517809 0.759839
8.03411 4.8848 3.98425 120.445 58.3951 32.7011 19.3866 16.0053 2500.15 1046.18 522.518 277.176 344.995 77.5724 64.8203 65394.6 24515.8 11656.4 8280.75 3086.08 1538.11 17.4924 -61.1171 -50.9242 77.7327 -272.323 -207.269 -126.108 -65.6039 271.351 -1232.73 -749.276 -415.967 -368.634 -145.627 -51.2397 5.67172e-12 2.4596 1.99399 1.40872 0.0907466 0.00647987 0.0169914 0.71368 0.463883 -0.752937
10.1224 0.553662 1.14137 178.599 -6.97528 7.77654 1.08418 3.75824 4270.61 -386.396 151.179 -17.2838 96.5196 2.91813 20.0649 127156 -15855.2 4571.06 -901.154 386.546 196.207 -0.214084 -94.3735 5.47188 -10.6446 -502.066 74.8763 -34.8978 4.29346 -101.289 -2616.13 491.383 -162.079 44.0432 -24.6309 -3.96907 4.38901e-12 2.83277 0.523242 1.44838 0.931442 0.00663188 0.0175472 -0.973873 0.536145 -0.883248
6.48719 -2.88393 2.10241 88.8517 -31.4663 15.7687 -7.46878 6.1915 1749.63 -534.582 263.263 -128.156 122.47 -25.1257 22.7851 44291.6 -12137.8 6224.55 -3827.51 1496.23 -692.493 -14.2676 -46.0836 30.354 -43.7551 -197.223 109.195 -64.2577 32.5944 -139.835 -859.22 374.123 -228.813 176.572 -74.9885 37.1623 6.91058e-12 -2.0795 1.37113 1.47067 0.471594 0.00678331 0.017791 -0.969492 0.75035 0.904169
7.25053 1.77237 1.67203 99.5569 9.18229 3.57716 1.39935 4.60383 1901.41 19.763 18.113 3.13799 60.7365 -2.03096 16.8583 45872.1 -1980.58 259.132 378.189 13.5801 29.0578 4.76825 -53.4654 -8.77245 11.1996 -231.072 -6.36716 -3.48969 0.301984 4.36046 -979.075 58.4267 -3.0624 -12.8287 -4.57105 5.17314 5.48135e-12 2.32213 1.17276 1.36317 0.544673 0.00258646 0.0161099 -0.996468 0.535959 -0.905383
10.5778 1.47985 0.101198 181.251 36.1605 4.72845 0.396443 0.0270281 4106.95 957.899 175.741 22.8452 3.68572 0.16469 0.0112072 114264 29266.6 6381.66 1116.81 146.161 15.2759 3.57235 -97.9861 -26.5663 47.6728 -490.539 -187.655 -38.2909 -3.70103 248.387 -2363.52 -920.028 -234.336 -43.371 -3.47953 -1.24888 4.57602e-12 2.96427 0.207323 1.33825 0.241278 0.00729718 0.0159273 0.994619 0.747824 0.735955
1.46798 1.42398 4.97409 2.15907 -0.816574 -0.309444 2.04441 42.6124 3.18156 -5.47648 -0.0932401 -3.52733 136.289 -41.045 492.812 4.69717 -14.3703 17.3281 0.173614 13.5539 127.818 3.34395 4.63651 -1.7473 -2.31834 -1.79179 3.44013 11.6117 0.861547 -2.2048 -0.556076 0.409695 15.1544 -3.01211 -2.07576 20.7477 7.25268e-12 1.21131 1.99391 0.0264691 0.999197 0.00232278 0.0158287 -0.982546 0.519434 -0.999997
10.0492 6.19151 3.77447 176.63 102.516 58.574 32.7801 17.8765 4212 2362.23 1306.97 710.991 668.026 197.377 100.23 125146 68558.1 37127.1 22298 10411.5 5442.58 22.8345 -90.2311 -84.7297 137.382 -445.813 -458.518 -307.594 -161.387 613.68 -2228.65 -2057.59 -1338.19 -994.842 -453.132 -214.367 1.08821e-11 2.81915 1.87773 1.44969 0.498611 5.55116e-05 0.0388879 0.993358 0.748951 0.802478
7.75665 -5.74081 3.96351 109.216 -75.5859 49.4736 -29.856 15.8774 2111.09 -1406.07 894.861 -536.632 487.068 -148.046 64.272 51178 -33207.8 20733.4 -14179.7 6918.1 -3595.82 -25.9471 -54.0125 67.3825 -103.402 -205.355 273.906 -216.933 129.629 -366.526 -807.825 976.663 -752.383 648.807 -326.039 170.602 5.67172e-12 -2.44335 1.98819 1.33667 0.102987 0.0061754 0.0169839 -0.965672 0.514887 -0.80024
8.71603 3.65057 2.98287 135.838 45.2685 27.1081 17.7553 18.5639 2892.49 829.227 482.416 277.232 460.361 134.539 165.502 77043.4 19713.4 11836 7248.28 4021.28 3303.79 12.4467 -70.4796 -38.651 59.9863 -324.231 -161.795 -113.719 -65.3631 214.917 -1488.25 -590.333 -405.414 -324.453 -194.794 -129.485 7.67689e-12 2.60478 1.41987 1.38966 0.983288 0.000138055 0.015725 0.904183 0.741453 -0.999916
8.47867 -6.82344 4.00852 71.907 -74.8176 59.2806 -35.4682 16.2047 609.999 -778.391 785.036 -615.492 648.013 -176.19 66.0583 5176.1 -7823.7 9628.67 -9481.34 7375.95 -4515.08 -30.3731 -37.9121 69.3557 -102.364 -24.7206 159.041 -200.879 149.115 -203.254 115.377 175.515 -342.149 464.364 -364.977 209.017 5.32838e-12 -2.91172 2 0.0237249 0.0923149 7.30954e-05 0.0157353 -1 0.519669 -0.999996
8.00389 2.17645 0.84239 120.417 25.5267 7.44901 1.79101 0.747202 2514.07 451.841 147.116 43.3287 20.2948 1.54879 0.695278 66221.4 10501.5 3959.92 1478 347.779 80.5442 6.4202 -65.4095 -20.9342 33.2963 -299.093 -92.0131 -33.8208 -8.2753 116.752 -1363.42 -332.734 -147.684 -61.8067 -11.7327 -0.947527 7.509e-12 2.44753 0.911681 1.41897 0.105962 0.0111889 0.0159437 0.71668 0.458263 -0.826509
11.1997 0.522794 0.0414027 214.303 7.28644 1.74289 0.0235515 0.00251671 5521.12 149.046 98.8015 6.79836 0.493414 0.00144068 0.000194987 176466 3937.32 4578.74 310.841 29.6135 0.997921 -0.340276 -113.901 -4.16002 8.6365 -652.442 -27.98 -20.5901 -0.287263 37.9893 -3644.24 -119.626 -166.498 -8.23342 -0.247738 -0.920431 7.56282e-12 3 0.190353 1.48316 0.0718918 0.00663213 0.01703 -0.880365 0.74757 0.783836
9.15046 1.22795 0.991595 155.286 27.5082 11.7295 3.62695 2.94811 3641.89 729.535 261.096 89.6889 97.9868 17.8496 14.6004 107515 23173.6 7701.62 2682.13 1123.88 568.698 2.54252 -82.6304 -20.1448 35.9752 -425.077 -141.093 -60.6236 -18.8 188.985 -2178.77 -712.848 -279.724 -116.436 -51.0106 -20.556 8.17978e-12 2.63151 0.170133 1.49185 0.981147 0.00699152 0.036893 0.636821 0.905222 0.923656
7.98688 1.67319 1.87834 63.7904 -2.24206 6.55532 4.76765 9.038 509.489 -142.548 45.8983 -9.915 180.679 20.8532 66.7128 4069.26 -2134.02 802.245 -335.333 109.753 578.339 4.36278 -37.9926 -0.611288 -4.24552 -69.1521 30.9166 -10.6074 0.507983 -37.8597 -93.6955 74.4067 -11.8172 18.8579 -21.5784 -17.3385 1.13294e-12 2.82611 0.937739 0.0021457 0.999494 0.00301879 0.0158071 -0.995024 0.525098 -0.958891
7.7335 2.17631 0.842285 107.651 23.7597 7.22046 1.79067 0.74702 2051.73 385.181 135.206 41.8708 20.0886 1.54832 0.69503 48970.9 8126.78 3387.31 1306.16 329.753 79.271 6.41962 -59.1962 -19.6998 30.9074 -246.348 -79.2599 -31.178 -7.98408 99.4127 -1012.45 -259.017 -126.953 -54.6971 -11.0403 -0.899889 8.17978e-12 2.44753 0.911623 1.32027 0.105962 0.00647987 0.0167782 0.71668 0.458263 -0.826509
6.82929 -3.36275 4.52675 97.9333 -31.187 19.6644 -15.2481 34.1535 2015.73 -453.561 209.3 -118.481 435.04 -96.688 344.098 53290.3 -8763.66 3369.6 -3798.4 974.054 -1058.06 -16.2251 -46.9844 30.7092 -43.3776 -224.215 90.0098 -48.9118 35.5851 -118.76 -1063.07 272.525 -89.9425 165.559 -87.3982 70.8747 7.37408e-12 -2.14049 1.9225 1.49919 0.911452 0.00751873 0.0352145 0.72158 0.743607 0.783127
4.10884 3.12688 4.97679 16.9432 5.35833 7.34276 14.515 42.6306 70.1166 -8.78861 4.13894 4.26657 389.502 89.6568 492.859 291.196 -164.181 23.1997 -29.2153 -19.9836 455.078 10.3057 -6.34122 -10.0244 6.0298 -6.16825 7.7899 5.33212 -8.99264 -3.06635 -8.81366 6.92468 43.6205 4.72631 -29.1264 -8.00636 6.32903e-12 2.02612 1.9949 0.0607482 0.998585 0.00322122 0.0154876 -0.995849 0.526569 -0.834192
8.59244 -5.51477 4.38626 139.83 -81.9381 54.1196 -39.8217 33.5702 3165.17 -1759.73 1073.69 -710.918 953.813 -399.606 348.314 90504.4 -48539.1 28155.8 -19873.1 11593.8 -8947.63 -25.023 -68.5914 71.1941 -111.99 -321.45 334.033 -252.563 170.158 -458.518 -1557.11 1414.97 -971.171 883.589 -547.897 405.73 1.41545e-11 -2.52781 1.86406 1.48412 0.954736 0.00244732 0.0170437 -0.726925 0.73066 -0.878606
10.9135 4.54656 3.82147 206.77 53.0259 22.0468 13.2922 19.0924 5302.17 893.334 251.289 99.5363 399.164 42.2099 115.393 169175 18592.9 3887.77 4031.95 453.561 353.986 16.1097 -104.924 -46.3493 70.4738 -607.175 -179.556 -61.1503 -26.3975 231.593 -3449.76 -593.834 -112.579 -173.479 -54.6761 -2.7516 7.57246e-12 2.94551 1.87498 1.49584 0.553083 0.0037759 0.0157615 -0.995871 0.523859 -0.956569
10.6354 -5.25471 2.07097 184.263 -92.7075 41.0241 -15.1384 4.40442 4229.84 -2149.74 995.055 -408.094 220.914 -41.2404 9.60951 119358 -61074.8 29011.2 -13454.8 4865.34 -1635.64 -23.9599 -95.437 78.6485 -126.55 -461.925 424.811 -235.413 93.6833 -559.969 -2190.3 1870.66 -1078.92 612.469 -216.746 74.4246 5.56837e-12 -2.96741 1.43422 1.35274 0.118281 0.000216607 0.0157723 -0.998841 0.460687 -0.998762
6.16104 -5.91222 4.863 37.9584 -48.6647 51.478 -47.6177 40.0999 233.863 -375.232 498.355 -565.174 1084.14 -520.396 444.097 1440.84 -2776.41 4486.36 -6164.11 7380.32 -8703.32 -26.6479 -17.8084 48.7715 -67.0065 17.4755 65.4448 -128.862 146.131 -98.3852 116.822 3.94798 -83.3427 289.896 -406.018 413.656 7.6116e-12 -2.48214 1.98173 5.61697e-05 0.967346 0.0027435 0.0147977 -1 0.513375 -0.986566
8.85991 2.24114 1.12441 138.521 25.8216 9.60118 3.4728 2.37057 2946.67 442.166 185.73 63.7826 62.2723 8.18154 6.93032 78224.9 9851.48 4989.01 1847.76 608.823 260.573 6.68465 -74.5205 -21.3564 33.6951 -348.519 -89.4516 -43.0812 -13.3991 114.235 -1604.73 -309.113 -182.59 -79.2477 -26.1324 -7.24582 8.07105e-12 2.63879 0.918318 1.37721 0.530193 0.000109607 0.0167804 0.63577 0.74652 -0.999996
11.0701 3.51377 2.16393 208.591 38.5486 10.2762 3.94676 4.77952 5285.46 588.965 85.2664 16.3811 91.7044 0.636036 10.7686 166037 10348.5 663.691 1337.38 -2.16981 -9.33955 11.8874 -108.344 -33.4489 50.9013 -617.892 -122.147 -21.4854 -3.72292 152.421 -3439.81 -343.193 -18.8997 -51.7496 -4.99669 8.2537 7.3142e-12 2.98625 1.46721 1.46711 0.10596 0.00238725 0.0150309 -0.973388 0.436447 -0.761967
6.44401 -3.98133 1.55392 45.7645 -37.9203 22.3906 -8.9752 2.49522 353.762 -355.733 277.521 -159.023 96.2422 -18.8855 4.134 2948.84 -3413.97 3241 -2419.73 1353.71 -555.607 -18.754 -27.0937 37.5435 -52.4806 -28.685 80.169 -73.0932 39.6419 -93.3131 11.3392 100.134 -131.852 124.712 -68.8854 28.612 5.58572e-12 -2.50547 1.24133 0.408187 0.114078 0.00264125 0.0157119 -0.973428 0.429329 -0.768983
5.21431 0.62866 0.0921546 58.924 12.3028 1.00178 0.203149 0.0222777 965.067 247.49 41.3997 3.03821 2.02858 0.0876797 0.00834017 20404.4 5862.78 1293.6 184.809 14.1937 2.59643 0.0925233 -34.1269 -7.92152 15.4184 -121.535 -49.3056 -8.06217 0.376204 63.5966 -434.175 -189.178 -47.4031 -5.12052 0.318945 -0.796159 1.07403e-11 -1.83432 0.199995 1.35999 0.228378 0.00663028 0.015969 0.994639 0.732148 0.996393
9.9188 6.31184 4.65048 177.502 104.988 67.496 46.9997 35.9723 4352.38 2468.27 1492.9 958.601 1222.31 474.618 371.309 133704 73673.6 42844.4 29298.9 16786.9 12186.6 23.3265 -89.1209 -86.9396 140.723 -451.567 -470.86 -349.315 -220.907 641.263 -2341.05 -2168.56 -1493.84 -1303.35 -751.753 -499.835 8.81955e-11 2.7694 1.94984 1.49973 0.921193 0.00653655 0.0167732 0.84872 0.535959 0.975162
8.85991 0.3486 0.305282 138.521 1.87476 3.72237 0.276331 0.27632 2946.67 -1.67028 107.151 5.65175 12.6853 0.364449 0.412847 78224.9 -776.151 3545.24 76.1157 153.701 20.7451 -1.05242 -75.475 -0.0366454 1.3202 -353.845 1.35262 -23.7421 -0.0699785 -1.21473 -1626.63 26.8804 -131.229 0.719884 -6.55638 -0.663745 7.509e-12 2.63879 0.20112 1.37721 0.514619 0.000109607 0.0167472 0.63577 0.749006 -0.999996
11.1693 4.39944 2.39773 212.34 67.8889 27.9142 12.4616 7.82488 5428.49 1512.8 597.695 249.492 251.602 45.2589 31.4989 172052 43221.6 17377 8602.24 3024.54 1304.39 15.5082 -109.979 -56.0552 90.5678 -616.732 -298.307 -140.097 -55.9755 392.728 -3406.99 -1331.95 -629.081 -378.335 -134.102 -45.6347 7.32133e-12 2.99962 1.47328 1.47362 0.476647 0.00238725 0.0150309 -0.880922 0.531608 0.841267
5.69744 -3.67156 2.03001 72.2928 -43.8266 24.2457 -11.5856 4.23414 1340.87 -785.024 428.87 -213.1 122.751 -32.78 9.06447 32246.3 -18444.3 9970.42 -5767.05 2297.96 -929.156 -17.4876 -37.3487 40.8362 -60.4656 -139.272 157.549 -105.221 52.3747 -204.98 -552.815 560.103 -375.246 268.053 -106.786 46.5393 8.18816e-11 -1.88198 1.41987 1.46819 0.118281 0.0029166 0.015725 -0.998841 0.730737 -0.999956
10.1913 4.28869 1.77927 183.494 74.8523 30.2077 12.0337 4.72738 4496.81 1802.72 716.8 282.242 188.98 42.3238 16.1175 137555 54501.7 21455.7 9161.34 3245.28 1291.23 15.0554 -96.3026 -60.5163 99.9819 -506.833 -354.097 -167.271 -62.4325 468.14 -2662.43 -1678.07 -788.604 -405.182 -135.123 -47.5541 8.80232e-11 2.82894 1.24271 1.47932 0.484691 0.00747183 0.0157174 0.712262 0.535959 0.833987
8.298 4.56029 3.4994 132.325 57.2894 29.4636 15.614 12.3023 2948.23 1091.89 508.779 250.232 275.074 53.6807 43.4479 83176.7 27404.5 12421.5 8392.27 2906.29 1312.23 16.1658 -67.6041 -49.2838 76.2379 -326.797 -216.655 -121.737 -57.789 283.241 -1600.76 -840.897 -448.207 -370.535 -131.675 -42.0514 8.73635e-11 2.46836 1.86959 1.48499 0.0635743 0.00262643 0.0158023 -0.898969 0.534432 0.789913
10.6354 -3.84637 0.934849 184.263 -72.5748 23.3144 -5.54291 0.925867 4229.84 -1742.87 624.842 -185.681 59.5863 -7.41369 0.966976 119358 -50650.5 19329 -6708.67 1807.37 -407.557 -18.2023 -97.3722 61.5747 -99.3317 -481.192 347.914 -146.713 42.3741 -454.134 -2309.19 1579.61 -726.166 307.427 -80.6136 18.9659 1.34036e-12 -2.96741 0.959614 1.35274 0.118281 0.000115822 0.0157723 -0.998841 0.460687 -0.998762
7.69424 -4.69735 4.17597 59.322 -23.6516 15.503 -15.2986 21.1031 458.299 -86.0473 32.5056 -23.6026 357.698 -53.3726 123.642 3547.82 79.2502 -104.979 67.9485 -46.709 -35.1251 -21.6812 -31.0701 28.6352 -33.1901 -52.0979 21.1603 -12.783 17.3132 -23.1628 -85.2106 3.08362 39.2822 -2.21108 -48.0279 25.5862 1.64696e-11 -2.77314 1.98759 0.0626452 0.474826 0.00665684 0.0167764 0.774014 0.744739 0.855021
9.73586 6.29185 4.87647 164.232 97.9525 65.3506 48.2506 40.0535 3747.24 2132.33 1326.41 892.397 1281.79 510.12 440.864 106347 58575.3 34802.3 24688.6 14939.6 11836.6 23.2447 -82.4649 -82.0327 131.212 -385.502 -406.663 -312.251 -208.644 553.879 -1837.45 -1716.09 -1193.82 -1103.93 -689.258 -490.271 7.48909e-11 2.7839 1.98876 1.40916 0.959854 0.00688707 0.0170135 0.705277 0.743224 0.805408
8.08438 -1.7177 0.407093 116.656 -31.0072 7.76923 -1.90613 0.471466 2298.64 -677.719 190.357 -51.294 24.7406 -3.44278 0.878313 56638.6 -17787.3 5377.77 -1576 441.552 -134.771 -9.49986 -63.8912 27.7131 -43.1344 -272.887 138.216 -44.6653 12.8055 -177.068 -1148.52 565.611 -203.609 76.0866 -22.0581 6.09744 1.58237e-12 -2.51026 0.336716 1.33528 0.541955 0.00214044 0.0158017 -0.927298 0.505752 -0.817614
4.10864 3.94405 4.97679 16.9382 15.4288 20.4978 26.7157 42.6306 70.0645 60.4072 111.506 155.896 571.366 263.839 492.859 290.794 236.639 682.669 1110.99 1666.35 2718.1 13.6465 -6.46246 -18.9594 19.6445 7.27631 -3.93267 -26.677 -47.3831 14.9328 24.5008 16.7534 28.6427 -51.5677 -112.932 -115.229 6.32903e-12 2.02612 1.9949 0.0590394 0.998585 0.00322122 0.0154876 -0.995849 0.526569 0.800148
5.67144 -2.11861 1.82766 36.4053 -12.3928 11.7676 -7.9511 8.57827 259.374 -81.3689 121.641 -78.9331 179.632 -48.7866 61.8252 2023.22 -589.639 1382.35 -944.503 927.622 -1031.34 -11.1389 -21.5352 15.3162 -17.9688 -27.5481 17.8614 -30.9997 22.7477 -21.9459 -15.9842 9.6447 -40.2967 48.2972 -58.6837 51.8841 4.27731e-12 -2.34123 0.921598 0.435995 0.989099 0.00232675 0.0158647 0.970782 0.519434 -0.89266
8.46196 -1.51556 0.265696 71.941 -28.5296 6.15934 -1.15986 0.20843 614.474 -376.069 143.915 -36.3481 15.8278 -1.46722 0.269084 5272.75 -4352.57 2502.23 -966.501 271.97 -71.0565 -8.67347 -44.3789 25.5453 -39.7849 -82.5011 84.1766 -33.8799 9.24892 -98.6029 -90.7161 154.419 -101.312 49.233 -14.2987 2.86636 8.27844e-12 -2.90723 0.202348 0.09971 0.474079 0.000585837 0.0168172 -0.995554 0.530591 -0.859019
0.130631 0.91867 4.04584 0.0510451 0.35693 2.15332 9.80499 21.034 0.0331571 0.230644 1.46175 8.02781 38.5266 82.5083 131.121 0.0300812 0.208255 1.34431 8.16986 39.7862 158.014 1.27814 6.29147 -1.17445 -0.731827 1.81527 5.89989 3.80215 -5.78871 -0.720267 0.182546 1.57056 4.37194 4.65053 -0.911316 0.626002 5.90269e-12 0.0927636 1.93558 0.349322 0.547126 0.00663725 0.0158296 0.712853 0.513265 0.765384
