10.8511 -6.99999 4.00432 191.237 -119.872 69.4509 -36.0906 16.1037 4460.89 -2750.13 1594.53 -855.463 705.384 -177.556 65.04 127837 -77915.8 45127.2 -27042.7 12414.5 -5718.26 -30.3577 -95.1191 100.732 -164.405 -429.319 533.856 -381.232 193.132 -726.92 -2157.9 2277.45 -1636.92 1215.83 -536.22 269.749 3.51151e-10 -3 2 1.36054 0.0657207 0.511703 0.0213422 -0.999995 -0.994813 -0.999989
0.00996318 -1.19959 4.99986 9.93021e-05 -0.0318779 2.84815 -16.3964 42.9959 9.90118e-07 -0.000516325 0.135961 -10.0546 96.4526 -229.144 498.911 9.88883e-09 -7.12837e-06 0.00322178 -0.724668 46.9724 -390.421 -7.26269 8.23989 3.85088 -1.30922 2.38937 -9.30848 9.70632 14.1809 -0.815334 -0.239209 -1.82793 11.316 -14.4795 -2.66998 67.8856 5.85568e-10 -0.0998111 2 0.000963972 0.999931 0.347979 0.000910876 -0.999997 -0.999035 -0.999941
9.00745 6.99999 4.00838 81.4028 81.1562 62.1049 36.1758 16.2013 738.081 897.04 867.448 656.838 679.06 179.022 66.0234 6714.14 9616.91 11280.8 10655.2 8004.63 4762.92 25.3849 -44.8191 -71.2818 109.183 -41.2416 -186.413 -221.155 -149.109 236.026 93.0545 -236.708 -406.66 -509.762 -349.437 -196.496 2.58449e-10 3 2 0.0863485 0.0915332 0.571289 0.0154656 0.999975 -0.985964 0.999999
11.25 1.45032 0.0225917 217.687 40.8317 4.05436 0.0779218 0.000510387 5683.88 1249.86 196.538 16.5426 0.367154 0.00278056 1.15306e-05 184347 44514.4 8594.97 1178.33 88.1077 2.05328 3.28826 -114.94 -29.509 54.3039 -627.728 -242.413 -42.5914 -2.15724 329.18 -3753.81 -1359.61 -311.838 -44.6465 -0.928097 -1.05764 2.41118e-10 3 0.150305 1.5 0.00010425 0.80087 0.0148167 0.999682 -0.99403 0.999127
11.0619 -6.61604 3.82367 211.512 -117.142 62.4614 -31.5147 14.649 5466.01 -2894.16 1483.31 -727.844 595.477 -144.556 56.232 175622 -90138 44989.7 -25009.5 9965.31 -4326.2 -28.829 -104.927 97.9888 -160.689 -541.709 560.847 -353.327 165.219 -764.947 -3149.33 2659.89 -1633.34 1118.12 -435.558 208.808 6.34116e-10 -2.96986 1.95494 1.49728 0.0432387 0.756355 0.0149526 -0.673756 -0.994218 -0.946524
8.12633 -4.00038 2.34254 107.656 -55.6128 31.6227 -19.115 12.2933 1890.15 -1002.33 569.374 -340.509 395.367 -139.037 94.4785 40800.3 -22014.9 12539 -7724.59 4611.88 -3461 -18.4144 -56.2061 49.5478 -76.9519 -188.554 198.844 -138.974 80.7339 -265.456 -698.371 646.673 -446.859 355.873 -215.232 166.555 2.64012e-10 -2.59329 1.20159 1.18371 0.948009 0.347814 0.0230066 -0.872082 -0.996471 -0.89651
7.95455 4.82245 4.23147 101.404 50.7428 34.4797 27.1537 28.9294 1702.97 749.577 476.309 333.019 649.518 215.494 261.304 35039.7 13985.8 8772.86 6763.36 4218.1 3650.03 16.7148 -51.6063 -45.1721 67.7924 -168.784 -146.333 -116.58 -80.7102 197.092 -618.791 -402.009 -278.808 -307.673 -211.777 -155.785 6.25026e-10 2.57858 1.87627 1.14257 0.843244 0.807327 0.0137164 -0.765116 -0.994138 0.733753
7.96744 -2.47089 0.80508 63.7176 -19.7472 7.48007 -2.18431 0.770727 511.461 -158.406 101.772 -40.8639 24.0051 -2.24922 0.84631 4120.69 -1275.39 1419.04 -763.211 299.389 -87.81 -12.3245 -38.6602 21.4561 -28.1407 -63.5568 39.9506 -26.4938 10.9778 -42.6384 -76.6232 44.0969 -57.912 41.2596 -17.1097 6.11819 1.08263e-10 -2.82135 0.875256 0.0863397 0.197503 0.342659 0.00183063 0.723404 -0.99415 -0.72638
8.02151 -4.77092 3.72951 122.138 -58.8716 32.4682 -18.5545 14.2498 2588.56 -1090.83 545.571 -285.814 321.014 -73.7825 55.7317 69327.2 -26465.4 12727.9 -8759.8 3326.14 -1613.99 -21.4824 -60.3868 53.2735 -81.3869 -261.005 216.662 -134.486 70.4633 -288.822 -1283.07 790.915 -459.897 396.302 -163.462 90.5567 1.6843e-09 -2.44004 1.92525 1.43795 0.151327 0.754347 0.00549997 -0.83655 -0.994105 0.690114
10.083 6.03287 3.27788 181.45 102.78 54.4187 26.1498 10.8307 4458.77 2448.22 1273.91 618.531 444.481 107.465 36.0704 137007 73653.9 37843.8 20860 8355.49 3482.79 21.5342 -92.5973 -83.8908 138.612 -447.973 -478.504 -302.529 -135.231 645.578 -2462.02 -2188.98 -1382.05 -924.312 -336.938 -139.525 6.03745e-10 2.80353 1.80867 1.49106 0.0811323 0.80087 0.0177371 0.96199 -0.994021 0.962427
3.40353 2.03713 4.55744 30.9796 14.7088 15.2174 11.9695 36.6644 440.252 175.15 143.983 106.602 255.722 104.606 401.367 8393.25 2894.06 2174.01 2501.31 1494.05 1249.73 5.6247 -12.0222 -13.7759 18.752 -39.3564 -32.299 -31.319 -26.9236 45.4288 -141.098 -78.0744 -61.1888 -109.097 -70.1245 -43.9652 2.2824e-10 1.17192 1.89234 1.42483 0.988174 0.385452 0.00226233 -0.968707 -0.996368 0.607621
8.16846 -3.05383 1.51506 129.276 -39.3433 14.4248 -4.98512 2.43315 2865.62 -765.28 275.495 -99.0832 62.5873 -8.56919 4.1226 80542.4 -19550.1 7252.97 -3377.89 952.512 -294.653 -14.6456 -67.4265 36.2498 -54.8099 -308.948 156.715 -67.7243 24.5169 -202.869 -1596.72 603.869 -272.761 156.237 -45.9892 18.3849 1.68291e-09 -2.44004 1.22154 1.48817 0.151327 0.754412 0.0139133 -0.83655 -0.994105 0.690114
8.78921 -6.8043 3.90207 77.8605 -76.774 58.4383 -33.9944 15.2262 695.124 -830.427 793.782 -596.972 617.786 -161.694 59.4137 6253.84 -8755.75 10094.4 -9418.19 7017.28 -4151.86 -29.5785 -40.971 70.3729 -105.751 -34.2887 170.717 -204.767 141.299 -220.069 92.1472 206.993 -362.51 459.469 -333.876 204.523 2.29772e-10 -2.96173 1.97537 0.131822 0.000636663 0.333926 0.00123224 -0.984476 -0.996618 -0.923121
8.36065 1.13135 0.0114266 135.012 25.1468 2.52693 0.0327436 0.000130569 3050.84 651.598 101.107 8.38574 0.127493 0.000600583 1.49197e-06 87367.4 20218.1 3792.14 510.028 36.8438 0.608775 2.01824 -73.2027 -17.8756 32.9576 -342.838 -127.956 -21.5243 -0.542764 171.223 -1799.37 -624.179 -138.547 -17.5791 0.460737 -1.04433 2.41118e-10 2.47205 0.106895 1.49987 0.00010425 0.800795 0.0148167 0.941756 -0.99403 0.792442
10.9417 6.66315 4.65832 208.03 119.578 74.7325 50.4548 37.1138 5354.78 2977.54 1767.12 1112.64 1407.96 525.828 398.264 171533 93239 53519.9 35515.1 20409.3 14772.8 24.0438 -103.916 -97.3343 161.473 -525.331 -568.647 -416.15 -248.317 785.331 -3013.88 -2700.04 -1866.9 -1572.76 -870.765 -639.841 2.41075e-10 2.94836 1.9341 1.49961 0.95791 0.792073 0.0152144 0.923366 -0.994489 0.998086
10.3212 -1.59026 0.855326 186.045 -7.2118 0.658356 0.0825653 0.884483 4547.65 111.159 -16.7969 3.44363 15.4071 1.61838 1.05982 138466 9204.89 -177.185 -293.249 6.40298 0.999858 -8.81819 -97.5326 10.7007 -11.0807 -507.449 -12.8712 3.60438 0.878661 28.5336 -2883.16 -262.383 9.37794 16.4084 -4.11966 2.27771 1.59329e-09 -2.85854 0.899668 1.46628 0.214297 0.38194 0.00171451 0.973457 -0.994168 0.989492
1.63032 2.66214 4.82111 2.67455 4.7941 10.5453 18.6798 38.9562 4.41473 8.60929 30.2599 68.4696 260.773 184.892 421.133 7.3318 15.4397 85.2023 260.26 611.579 1225 8.11328 3.74028 -8.39848 5.25867 8.4864 6.85191 -3.67675 -23.8245 1.45788 8.69636 11.4407 23.1213 -8.16687 -37.921 -52.3734 6.0826e-10 1.27584 1.98055 0.0504605 0.947914 0.743459 0.00127544 -0.665193 -0.993574 0.935741
10.7929 6.48519 4.46263 203.035 115.743 71.6292 47.7878 34.6223 5176.16 2863.28 1688.02 1054.19 1310.05 487.458 363.719 164315 89046.1 50886.1 33442.5 19157.2 13776 23.3352 -101.703 -94.2143 156.254 -509.064 -547.615 -397.755 -235.136 755.163 -2891.54 -2581.9 -1778.96 -1481.76 -815.736 -595.775 8.3802e-11 2.92514 1.88261 1.49548 0.958343 0.802495 0.000521276 0.956867 -0.993678 0.999719
9.0897 -5.02968 4.56065 154.281 -68.9437 43.344 -32.5802 35.9881 3626.58 -1412.56 782.691 -496.794 869.717 -305.876 383.94 107431 -37800.9 19611.4 -14152.2 7408.2 -6133.65 -22.5127 -75.2276 60.6747 -95.0944 -362.538 270.755 -186.212 119.899 -373.767 -1985.41 1098.78 -657.327 624.289 -365.451 305.805 5.91856e-10 -2.61545 1.90628 1.49971 0.962677 0.803241 0.0148167 -0.754422 -0.99422 0.66662
0.00998161 -0.226694 4.99757 0.000100405 -0.00281093 1.96613 -1.80178 42.9272 1.01772e-06 -3.37886e-05 0.114404 -3.89141 81.0779 -19.9498 497.437 1.04058e-08 -3.98461e-07 0.0028651 -0.160092 26.4908 -102.774 -3.38898 8.08989 1.57912 -1.26967 1.52151 -0.67695 9.74278 3.48415 -0.815206 -0.24594 -0.673396 9.50521 -0.989121 1.04158 28.5265 6.15256e-10 -0.0998111 2 0.0043998 0.998786 0.342114 0.0153895 -0.999997 -0.98668 0.945854
5.41072 4.41717 4.49858 67.7429 49.6435 39.1456 33.0124 31.4993 1255.15 861.91 620.034 466.907 584.572 312.338 287.521 30342.8 19925.1 13558.4 11563.3 6993.73 5476.86 15.1011 -32.1029 -43.5323 66.2962 -109.12 -162.857 -150.19 -110.653 226.751 -458.719 -556.709 -467.087 -515.221 -302.848 -240.389 1.66179e-09 1.78016 1.95494 1.49725 0.822665 0.747866 0.0149526 0.984862 -0.994028 0.889261
10.1177 -5.32683 3.49865 180.004 -77.5133 37.4285 -18.9937 12.2736 4352.28 -1645.99 721.064 -330.918 348.498 -67.8832 43.1723 131242 -45065.8 18916.1 -11005.8 3765.26 -1610.39 -23.6958 -89.9528 67.5596 -106.757 -447.826 325.605 -175.701 79.5329 -435.399 -2494.41 1357.19 -688.351 495.896 -183.537 88.4354 6.36282e-10 -2.82344 1.86984 1.46488 0.0485595 0.801375 0.014306 -0.762865 -0.994102 0.667962
11.2026 1.35082 0.435396 216.196 37.3282 8.14028 1.74397 0.567679 5632.91 1134.15 255.326 59.623 33.0221 3.74882 1.23153 182357 40206.3 9511.43 2331.79 588.802 172.929 2.89208 -113.558 -26.9412 49.5358 -618.099 -219.17 -57.9019 -11.4205 298.629 -3694.29 -1220.26 -346.77 -97.3655 -22.4713 -6.62565 2.40818e-10 2.99209 0.150628 1.5 0.642423 0.800866 0.0140835 0.998996 -0.994042 0.801256
3.78614 2.53757 4.48501 38.2851 21.5639 20.0418 16.9716 33.9355 604.076 300.13 231.087 179.952 305.47 159.622 344.278 12782.6 5766.56 4077.52 4312.7 2594.17 2206.72 7.61726 -16.0837 -19.6782 28.0815 -53.3343 -55.6854 -53.8519 -44.3662 78.4269 -207.117 -157.332 -130.576 -189.322 -115.591 -89.6612 5.69571e-10 1.23941 1.90628 1.5 0.922556 0.799574 0.0147571 -0.645737 -0.996516 0.995525
3.85754 1.73902 4.71973 37.2744 9.63399 9.31591 3.35009 36.535 547.86 80.4927 53.5764 14.5997 218.211 -24.0273 375.596 10655.1 775.771 520.736 1295.8 279.506 -20.0971 4.43775 -15.2609 -9.59921 11.8455 -57.6292 -17.2236 -7.65267 -3.24181 20.4369 -217.799 -25.8859 1.78513 -56.1066 -23.4135 24.8662 9.87681e-11 1.38538 1.97277 1.39221 0.909896 0.344486 0.002227 -0.988651 -0.985887 -0.999396
8.22622 -5.68167 3.58312 124.825 -81.1 49.3432 -27.2796 12.9645 2613.28 -1640.04 976.587 -543.16 438.101 -123.744 47.3613 68804.5 -42179.2 24737.3 -15715.4 7132.21 -3398.35 -25.1086 -61.9924 70.8522 -111.638 -247 320.713 -237.425 126.366 -433.827 -1136.87 1231.68 -903.306 713.329 -314.77 167.748 2.20263e-11 -2.50049 1.89059 1.4049 0.0937302 0.347996 0.000521276 -0.923948 -0.998726 -0.984565
2.38664 0.634112 0.738763 16.3313 3.71384 3.34876 0.420123 0.561494 180.547 36.124 35.0189 12.0145 9.46337 0.282424 0.438546 2731.44 490.359 528.864 256.873 125.486 22.8066 0.0384251 -9.4122 -2.00871 3.78849 -20.337 -7.55784 -8.28368 -1.06857 8.72247 -51.9993 -14.6733 -20.4999 -10.1576 -4.43114 1.05552 1.57632e-09 0.784307 0.856401 1.33098 0.0730758 0.748892 0.000676909 0.879959 -0.994313 -0.955097
9.7733 -6.11174 3.53296 164.886 -97.4128 54.2878 -27.8245 12.6058 3758.16 -2148.78 1172.69 -602.076 481.969 -121.512 45.4184 106471 -59525.9 32013.4 -18558.4 7901.79 -3525.98 -26.821 -82.4337 83.1879 -133.839 -367.256 419.913 -282.533 138.212 -568.149 -1849.34 1755.05 -1168.96 838.533 -348.065 172.296 6.56909e-10 -2.79277 1.87728 1.4049 0.0937302 0.356858 0.0227433 -0.754445 -0.995281 -0.983449
5.79293 3.83083 3.79073 33.6007 12.376 7.53223 8.17523 14.512 195.141 14.8501 -6.09194 -6.76262 164.457 6.99806 56.0989 1134.74 -244.41 -128.354 -55.1238 -33.9707 -36.7284 12.7665 -18.23 -16.1306 15.5772 -23.6012 -3.91341 1.66692 -1.38014 3.10562 -35.7074 5.36714 25.0124 5.47299 -10.1187 17.0755 3.74067e-10 2.40647 1.94456 0.0428952 0.0969732 0.509851 0.00166977 -0.752996 -0.994751 -0.944409
0.0511924 -0.460172 3.52171 0.00613723 -0.0517882 1.88031 -2.5981 12.4228 0.00109315 -0.00889023 0.522836 -6.60269 34.803 -12.6129 43.8934 0.000254567 -0.0020195 0.151648 -2.42528 35.057 -119.182 -4.3186 5.83748 2.49524 -1.33632 1.43668 -1.10249 2.51148 5.56046 -0.817545 -0.118479 -1.18397 4.22746 0.609827 -5.06666 21.6078 2.41178e-10 -0.171366 1.87624 0.147737 0.0380499 0.773852 0.0134548 -0.999829 -0.994817 0.722529
10.836 -3.72384 0.842202 190.799 -71.7493 21.8034 -4.81074 0.723817 4447.41 -1753.84 598.342 -167.523 48.9609 -5.57325 0.634422 127369 -51808.4 18874 -6206.26 1571.55 -326.886 -17.3133 -100.155 60.461 -98.9127 -476.258 350.682 -141.77 37.4388 -463.873 -2465.44 1588.82 -708.411 283.766 -67.404 16.2541 3.51151e-10 -2.99749 0.915359 1.36054 0.0657207 0.382965 0.0213422 -0.978938 -0.994813 -0.981181
6.55748 -5.96347 3.93765 43.7254 -51.0962 45.5303 -30.5154 15.5078 296.355 -420.635 474.625 -416.852 484.643 -147.88 61.0852 2040.83 -3392.41 4631.45 -5086.06 4416.84 -3010.1 -26.2307 -22.2597 50.5862 -70.8049 2.56005 85.5501 -128.123 103.879 -111.873 93.7645 53.5967 -155.447 257.764 -224.14 157.245 6.41545e-10 -2.55534 1.98431 0.166416 0.012981 0.759024 0.00398933 -0.842043 -0.993225 -0.943706
7.96744 -3.26076 1.37354 63.7176 -26.0523 12.014 -4.73716 2.09789 511.461 -208.923 138.068 -68.7531 59.3225 -7.59139 3.51112 4120.69 -1681.64 1710.69 -1125.92 555.972 -211.384 -15.4695 -37.6851 27.5316 -36.7216 -58.894 50.8207 -37.2204 18.365 -55.9763 -64.9792 54.6779 -68.1145 59.6714 -31.8004 14.2962 1.56499e-09 -2.82135 1.15522 0.0863397 0.197503 0.801852 0.00183063 0.723404 -0.99415 -0.72638
1.82038 -0.114384 1.68959 9.94133 -0.624425 4.86068 -0.440228 5.19368 90.4847 -5.68127 36.2928 -4.22502 35.8283 -2.06177 21.9322 1153.01 -72.3666 419.056 -61.9363 268.515 -34.6147 -2.9418 -4.12744 2.51657 -2.11565 -7.7635 1.67851 -8.81881 2.97583 -2.3152 -16.1594 1.79945 -14.0541 4.55412 -13.294 8.19841 1.82006e-10 -0.0471761 1.13937 1.34839 0.625638 0.809189 0.000801899 0.878676 -0.994609 -0.999941
2.22586 -0.60938 1.13 14.5309 -3.62173 4.42027 -1.25522 2.73973 155.403 -35.7739 41.6451 -17.2414 29.1783 -3.97747 9.59748 2295.43 -493.433 584.651 -307.597 233.844 -91.7175 -4.91269 -7.58005 5.87344 -6.19482 -15.9824 8.38689 -10.3876 5.84424 -10.2604 -39.7476 14.1021 -21.1345 16.4457 -12.376 8.12128 1.88865e-10 -0.638519 0.859407 1.34839 0.625638 0.349997 0.000801899 0.878676 -0.999035 -0.999941
8.7043 -2.10186 0.142253 76.0299 -35.5768 7.60918 -0.582358 0.0205452 666.414 -461.704 190.35 -37.9469 3.49055 -0.125031 0.00301162 5861.44 -5369.99 3346.22 -1253.77 238.457 -20.5797 -10.8552 -46.3868 31.7483 -49.6839 -82.1746 103.951 -45.3932 8.98541 -122.717 -89.3551 187.639 -137.158 61.675 -11.7861 0.346186 3.51301e-10 -2.94901 0.376442 0.0872732 0.0233375 0.356496 0.00123224 -0.984476 -0.99655 -0.998984
7.19464 5.5928 3.78501 88.4436 66.6339 46.0376 28.1078 14.3398 1463.91 1083.54 750.465 477.088 436.804 132.778 54.379 30061 21984.4 15222 10917.9 5874.3 3155.2 19.782 -45.3945 -57.8876 89.4193 -130.203 -214.977 -185.692 -108.794 285.268 -427.147 -633.994 -554.162 -498.77 -248.092 -127.249 1.61333e-09 2.40442 1.94528 1.18887 0.0298995 0.509851 0.00166977 0.897683 -0.994751 0.933379
7.30037 0.354238 0.0238691 53.8877 13.663 0.0963792 0.0436901 0.000688437 402.121 182.62 33.7663 -0.4692 0.132975 0.00228137 2.30004e-05 3032.99 1972.91 741.456 103.115 -2.75439 0.311782 -1.07593 -34.8162 -8.1046 17.3288 -57.9414 -38.3754 -5.96723 1.1867 47.4011 -72.7832 -71.2046 -27.766 -0.487886 0.76416 -0.982852 4.41394e-10 -2.69816 0.150305 0.142526 0.0357412 0.80087 0.0148103 0.752908 -0.996621 0.766663
6.70796 -3.51744 3.80522 87.9096 -29.1135 13.3951 -7.50879 14.545 1617.74 -368.254 105.305 -36.2822 164.723 -6.24118 55.8453 37798.4 -6053.44 1141.47 -1934.46 85.8651 -4.68189 -16.4915 -43.0177 29.6887 -40.8877 -174.093 78.8192 -28.2844 14.5951 -98.0436 -773.952 199.566 -33.6421 86.6487 -27.1592 17.6268 2.8352e-10 -2.20269 1.9496 1.3624 0.0655119 0.597811 0.00228595 0.840697 -0.999625 0.713139
6.20976 0.47204 0.0305687 70.0674 12.3772 0.389903 0.0654035 0.00106607 1085.68 250.987 33.8842 0.289973 0.222741 0.00406209 4.14961e-05 21101.5 5637.02 1113.87 118.282 -0.699111 0.73648 -0.606887 -40.4916 -7.48593 15.5789 -130.095 -49.917 -6.14503 1.02869 65.4518 -454.213 -179.907 -40.5585 -1.61934 0.851282 -0.973207 2.8352e-10 -2.18535 0.171676 1.19749 0.0331077 0.596254 0.00567862 0.981273 -0.999497 0.713151
7.67902 -2.83506 2.29208 96.0759 -28.0564 17.869 -11.5795 12.1126 1592.76 -395.762 260.917 -146.515 272.351 -75.8017 94.613 32459.9 -7107.89 5139.94 -2901.21 1804.89 -1685.24 -13.7745 -50.5517 27.7253 -39.4491 -169.952 80.5861 -64.235 37.9404 -105.307 -623.678 209.917 -173.938 136.026 -98.8822 86.939 2.90276e-10 -2.52134 1.16216 1.14974 0.970296 0.800399 0.00560374 0.92123 -0.99483 -0.730987
8.83291 -5.09823 4.82368 141.874 -65.0091 42.6248 -33.2649 39.0035 3130.02 -1232.48 720.862 -478.241 909.522 -311.925 421.952 86631.8 -30430.7 16950.8 -12936.2 7070 -6037.53 -22.7856 -68.8285 58.0402 -89.7397 -310.504 236.204 -171.935 116.697 -326.221 -1585.34 878.518 -555.088 570.854 -357.385 303.982 1.64926e-09 -2.60561 1.98098 1.42958 0.948359 0.803325 0.0233967 -0.748805 -0.993551 0.875697
11.0887 -5.62604 3.47734 211.463 -88.7049 41.4575 -20.1806 12.1901 5441.32 -2018.98 867.185 -387.331 388.186 -72.9052 43.0766 173917 -58908.2 24464 -13596.2 4669.5 -1929.7 -24.8871 -105.616 76.0292 -121.988 -560.842 397.362 -209.446 91.3091 -533.877 -3313.62 1770.07 -889.586 609.628 -220.905 101.76 7.11387e-10 -2.97854 1.86287 1.48896 0.0840785 0.788551 0.00218649 -0.841633 -0.994152 0.686789
7.95455 3.90563 3.52248 101.404 28.8657 11.7238 7.2103 12.4391 1702.97 284.771 59.3302 16.3183 174.074 2.34138 44.0371 35039.7 3057.53 181.648 834.098 -28.7511 -25.7188 13.0644 -52.536 -27.693 38.0187 -190.434 -61.7173 -15.4706 -5.29674 74.3717 -746.036 -106.862 9.09935 -33.0492 -11.7184 15.8866 2.41167e-10 2.57858 1.87624 1.14257 0.047105 0.807327 0.00148633 -0.999992 -0.994814 -0.864799
7.78603 4.5172 3.69107 116.501 52.9975 29.0633 16.1223 13.6381 2435.53 944.219 477.034 252.485 289.893 57.5339 50.4435 64473.3 22164.4 11092.1 8069.39 3053.02 1457.94 15.4994 -58.9419 -45.9061 70.8608 -251.129 -188.269 -115.874 -57.1663 248.483 -1216.71 -664.638 -397.62 -356.793 -133.114 -49.891 2.45858e-10 2.391 1.92097 1.43845 0.0308996 0.569944 0.000795667 -0.999484 -0.999422 0.847811
5.80459 2.8048 3.53296 71.7292 20.6908 9.26661 3.82995 12.6058 1277.61 234.606 57.7501 13.4685 111.782 -8.02801 45.4184 29293.2 3389.47 467.429 1561.26 41.2285 -42.6702 8.68129 -35.7087 -19.4701 26.8933 -141.052 -50.304 -13.6458 -2.54491 61.1269 -612.048 -112.931 -8.10969 -63.4804 -8.76886 18.0052 1.63765e-09 1.95725 1.87728 1.4049 0.0937302 0.348369 0.0227433 -0.754445 -0.995289 -0.984565
6.55748 -4.38214 1.87311 43.7254 -40.5407 26.2408 -11.5285 3.5124 296.355 -349.02 307.63 -194.977 133.024 -27.844 6.59357 2040.83 -2898.76 3239.4 -2748.01 1714.8 -775.74 -19.9344 -25.6073 40.0733 -56.4395 -16.7446 78.9977 -82.724 47.6555 -92.9654 41.1955 76.1421 -130.72 142.215 -84.0298 41.8101 2.7204e-10 -2.55534 1.36843 0.166416 0.0227002 0.759024 0.00376929 -0.826977 -0.993225 -0.943706
8.57967 4.60394 4.5978 73.6108 22.3415 19.0325 22.4805 36.6243 631.557 44.4657 56.7717 51.0617 730.166 158.155 394.59 5418.55 -881.571 162.014 -36.5667 42.7934 1383.05 15.8448 -39.4056 -25.0276 29.1397 -68.6261 -6.72323 -15.1492 -22.8923 10.9249 -123.737 31.98 72.3034 2.12168 -70.2456 -56.1814 5.85568e-10 2.92911 1.91318 0.000963972 0.968269 0.347979 0.000910876 -0.999997 -0.999035 -0.999941
10.314 -5.27284 4.31976 185.699 -77.7182 46.471 -33.31 33.5576 4533.27 -1666.83 891.336 -543.812 943.752 -309.986 356.825 137837 -46021.6 23251.7 -15492.2 8228.78 -6869.19 -23.4808 -91.593 67.3868 -107.036 -458.585 320.482 -211.971 129.554 -440.902 -2575.93 1344.71 -785.363 685.156 -404.412 334.603 1.63201e-09 -2.85799 1.82986 1.46488 0.985582 0.801375 0.0150434 -0.754203 -0.99416 0.667962
9.78151 -1.30773 0.0226911 147.221 -31.1078 3.26465 -0.0693893 0.000524243 2876.21 -737.88 131.152 -11.8288 0.292902 -0.00252066 1.23261e-05 68249.7 -19640.5 4429.63 -688.225 55.7485 -1.43179 -7.69326 -80.4747 26.8341 -43.6018 -327.107 150.891 -29.5148 3.47701 -195.634 -1412.4 622.095 -167.659 34.8787 -3.7113 -0.917291 3.53624e-10 -2.89154 0.150292 1.19185 0.0101651 0.510259 0.00152116 -0.879869 -0.995178 -0.866441
10.7107 -6.34269 3.49866 195.497 -109.135 57.6618 -28.1813 12.2737 4800.36 -2589.66 1335.82 -650.294 505.142 -119.878 43.1735 146163 -77015.2 39069.2 -21426.3 8637.91 -3668.92 -27.7406 -97.6933 91.8708 -149.792 -476.019 504.5 -319.492 147.856 -684.551 -2604.03 2278.1 -1425.49 963.076 -377.409 177.609 3.58285e-10 -2.93625 1.86984 1.4454 0.04863 0.515192 0.0148275 -0.762865 -0.994104 -0.941899
9.57769 5.24797 4.38523 166.634 75.1651 45.9385 32.3427 32.1267 3980.81 1586.7 887.06 548.985 865.95 283.328 314.544 119285 43416.6 23433.5 16430.5 8663.78 6500.41 18.4091 -83.3561 -63.1528 101.03 -403.573 -305.949 -210.736 -126.353 418.114 -2215.67 -1268.64 -800.792 -728.728 -393.414 -278.095 5.84331e-10 2.71433 1.89082 1.48664 0.900019 0.800694 0.0148146 -0.760921 -0.996513 0.992257
6.75546 -1.4924 0.280279 46.2274 -11.9219 3.99681 -0.506687 0.084486 320.353 -94.1671 78.8964 -23.5289 4.54585 -0.179075 0.027193 2247.72 -739.758 1151.75 -538.087 151.917 -22.9695 -8.42855 -29.8701 13.8783 -17.4909 -42.7234 24.9459 -19.0382 6.20692 -25.6777 -37.1595 25.9497 -48.0281 29.1233 -7.95863 1.01416 1.57632e-09 -2.59491 0.524346 0.148039 0.0730758 0.755847 0.000676909 0.690263 -0.994302 -0.95381
6.89927 0.047413 0.0984866 82.9434 9.01243 -0.384334 0.158587 0.00970042 1351.23 222.266 14.3369 -1.12747 0.448276 0.03078 0.00095552 27408.5 5526.73 709.358 18.9413 -2.94515 0.9299 -2.29759 -47.1816 -4.182 10.9996 -161.064 -42.6244 -1.67817 1.28818 57.8687 -594.821 -173.801 -24.7742 2.81385 0.315463 -0.71123 2.66835e-10 -2.33895 0.313822 1.19524 0.00143388 0.592523 0.000525922 0.849382 -0.999646 0.713471
3.75116 2.40527 4.42214 36.7228 19.1494 17.9079 15.4432 34.9209 555.578 249.575 191.091 148.596 293.332 145.708 376.625 11214.4 4488.59 3147.23 3365.44 2025.22 1820.47 7.09049 -15.3999 -17.6806 24.7955 -50.074 -46.111 -43.6338 -37.3557 65.0791 -186.89 -122.24 -95.5551 -147.38 -93.4453 -72.8398 2.2824e-10 1.28722 1.85625 1.44714 0.988174 0.777321 0.0140615 -0.748202 -0.996348 0.779927
10.8511 -4.91905 1.71234 191.237 -89.5576 36.2305 -11.8758 2.96164 4460.89 -2126.85 912.943 -341.448 159.918 -26.5117 5.17328 127837 -61683.4 27400 -11669.3 3866.54 -1157.66 -22.0722 -98.8845 75.3934 -123.149 -462.964 422.079 -217.843 76.4056 -562.357 -2374.52 1865.68 -1021.27 530.01 -164.501 56.1473 3.51151e-10 -3 1.30691 1.36054 0.0657207 0.511703 0.00404305 -0.999995 -0.994813 -0.99664
6.80106 -3.91317 1.34581 46.4491 -38.8217 21.5689 -7.70014 1.83484 318.56 -348.516 275.682 -149.892 79.8071 -13.8158 2.53358 2193.86 -2962.01 3066.25 -2328.33 1246.93 -463.576 -18.0672 -28.0695 37.916 -54.1 -24.4676 80.4738 -73.1396 36.1312 -92.8322 26.969 86.7002 -127.62 120.045 -60.1073 25.0457 2.39002e-10 -2.60651 1.1582 0.0846306 0.0663074 0.754308 0.00477666 -0.986398 -0.994978 -0.802254
10.92 5.50632 4.42214 204.655 84.317 49.806 35.2128 34.9209 5171.85 1867.64 992.178 598.999 1041.49 331.219 376.625 162283 53088.7 26808.9 17648.4 9335.8 7711.67 19.4377 -102.54 -70.115 113.485 -529.59 -359.26 -235.065 -138.142 492.29 -3064.18 -1557.12 -907.632 -783.429 -436.341 -332.932 2.2824e-10 2.95783 1.85625 1.4735 0.988174 0.776565 0.015504 -0.748202 -0.985952 0.779927
8.14703 -5.87967 3.64307 108.281 -76.9223 49.7245 -28.1659 13.2806 1907.78 -1343.11 880.068 -526.092 458.245 -127.268 48.4447 41330.6 -28919.1 19079.6 -12791.2 6590.2 -3323.11 -25.897 -54.278 68.3955 -105.953 -172.002 265.223 -217.281 123.629 -355.431 -610.301 834.913 -697.252 590.875 -298.258 165.506 5.93154e-10 -2.59605 1.90853 1.18641 0.0242812 0.768959 0.00299633 -0.924925 -0.994971 -0.925145
8.52425 -1.40242 0.724546 116.013 -3.397 -0.205198 0.242605 0.527137 2077.28 99.4025 -16.1017 2.42408 7.22441 1.09229 0.385089 45535.2 4573.21 -58.4738 -123.673 8.20273 -1.12932 -8.07027 -63.4094 7.64699 -5.88897 -242.677 -13.2469 4.05776 0.912087 25.4296 -988.337 -133.528 4.62603 8.83314 -2.9326 1.84034 1.90147e-10 -2.67218 0.850763 1.1763 0.0273679 0.544295 0.000676909 0.975116 -0.993517 0.766839
8.99322 -5.49745 4.00432 140.613 -71.9704 40.755 -23.281 16.1037 2977.07 -1361.21 725.865 -395.061 436.729 -98.7228 65.04 78448.4 -33017.6 17343.8 -11716.1 5036.64 -2462.82 -24.3752 -69.6744 63.9882 -99.2136 -296.669 269.075 -177.934 94.9221 -360.21 -1420.17 978.747 -624.186 530.39 -239.17 129.177 3.50153e-10 -2.67248 2 1.36054 0.0657207 0.543709 0.0206301 -0.999995 -0.993458 0.695011
10.3015 4.99254 4.97154 156.505 46.4741 29.2449 26.6204 42.2801 3036.04 559.406 282.678 177.255 947.16 204.747 484.327 70834.9 7452.61 3686.25 2877.48 1172.32 2586.5 17.392 -78.9481 -42.7727 61.9829 -322.864 -109.761 -68.7887 -50.3461 146.882 -1431.59 -226.298 -48.3506 -131.996 -133.275 -108.923 1.70669e-09 2.99934 1.99794 1.14256 0.989834 0.347979 0.000910876 -0.999997 -0.986939 -0.999941
3.63558 0.12829 0.022257 33.8904 0.890906 1.9832 0.00460988 0.00113711 484.818 10.161 42.3369 2.24111 0.470619 0.000266966 8.57475e-05 9219.37 160.238 980.807 51.7272 26.7648 0.267097 -1.97557 -20.2298 1.28845 -0.0533649 -57.2449 -1.22726 -9.2057 0.681977 1.86756 -190.046 -4.32052 -37.8455 -0.00304143 -0.651313 -0.987142 8.05858e-11 1.30282 0.114935 1.39221 0.0951152 0.330514 0.000988277 0.956867 -0.99926 -0.999767
11.25 6.60793 3.64928 217.687 119.861 62.7084 30.5151 13.3172 5683.88 3014.47 1532.29 737.509 570.194 134.717 48.5983 184347 95276.2 47481.2 25805.9 10205.8 4296.28 23.8239 -110.255 -97.1697 161.858 -572.668 -586.316 -362.341 -161.219 795.081 -3347.92 -2828.5 -1725.4 -1141.14 -416.059 -173.791 2.41118e-10 3 1.91031 1.5 0.00010425 0.80087 0.0149472 0.952768 -0.994037 0.801256
10.3015 5.77877 4.97154 156.505 70.7721 47.4187 38.3467 42.2801 3036.04 1174.65 727.828 506.965 1180.45 370.957 484.327 70834.9 24161.7 14769 10860.4 7010.61 7062.76 20.5225 -79.0665 -61.4665 95.0512 -305.797 -226.957 -175.969 -122.338 309.322 -1296.49 -695.776 -451.768 -492.933 -367.253 -309.91 1.70669e-09 2.99934 1.99794 1.14256 0.989834 0.347979 0.000910876 -0.999997 -0.987035 0.572517
6.59133 -3.03141 1.43396 43.4466 -19.5337 10.9042 -4.3009 2.10415 286.383 -125.807 130.72 -77.41 56.6661 -6.24181 3.15708 1887.77 -809.835 1574.3 -1256.65 704.451 -277.609 -14.5563 -26.3971 22.4598 -27.8501 -31.4351 32.3468 -34.8113 19.8097 -34.0315 -11.9256 20.2179 -62.3473 65.615 -36.3892 17.01 2.56416e-10 -2.56735 1.19398 0.00595226 0.0915332 0.342653 0.000800761 -0.932097 -0.995981 0.999999
10.6335 6.26187 3.52296 192.767 105.81 55.664 27.5187 12.4315 4701.76 2476.85 1259.91 611.062 490.814 116.366 43.9385 142217 72815.6 36212 19830.2 7890.87 3372.53 22.446 -98.2049 -86.5816 142.736 -474.438 -484.508 -300.064 -134.609 653.137 -2579.3 -2169.02 -1319.31 -880.795 -325.3 -135.077 3.7587e-10 2.92524 1.87657 1.44099 0.0379193 0.80087 0.014819 0.927817 -0.994023 0.617076
11.2136 3.55499 1.99721 215.295 55.3612 24.0771 11.1951 7.95845 5569.38 1248 550.346 233.846 266.89 54.0824 44.8155 178810 36117.9 16988.8 7771.46 3198.98 1794.06 11.6683 -111.147 -44.9282 74.0778 -596.487 -245.281 -129.272 -51.0494 328.689 -3532.53 -1086.22 -608.995 -341.258 -137.808 -70.8093 1.53807e-09 2.99971 1.18981 1.48839 0.762602 0.796709 0.0142438 -0.984163 -0.985641 0.955969
8.63506 5.07305 3.97516 141.339 66.6192 36.0549 20.3806 15.8395 3218.72 1316.15 639.005 326.913 373.639 82.0631 63.2635 92606.5 34082.6 15808.1 10821.7 3908.95 1858.24 17.7126 -71.0988 -56.7182 89.3992 -329.817 -259.753 -154.497 -74.4253 346.681 -1744.22 -1021.12 -566.939 -477.714 -171.955 -67.7013 6.36236e-10 2.53316 1.99319 1.48934 0.0486069 0.798088 0.0141688 -0.764639 -0.9858 0.812586
8.63395 -6.34269 3.49865 74.9725 -69.6172 50.3955 -28.1811 12.2736 654.722 -733.501 662.577 -474.709 479.646 -119.876 43.1723 5749.8 -7531.87 8177.16 -7230.74 5139.86 -2921.97 -27.7406 -40.1094 64.4277 -96.011 -37.5109 153.241 -172.308 113.58 -194.478 62.5521 187.57 -298.85 356.884 -250.154 147.764 3.58285e-10 -2.93625 1.86984 0.111292 0.0485595 0.515192 0.014306 -0.762865 -0.994102 -0.941884
3.85777 -0.773044 0.0325994 37.2798 -9.79699 1.22284 -0.0869291 0.00188088 547.991 -163.842 33.3743 -3.00446 0.486142 -0.00864577 0.000147791 10658.6 -3443.11 867.021 -142.515 10.3169 -1.41292 -5.56434 -21.9445 10.7948 -14.599 -64.9615 35.8509 -7.19367 1.77217 -44.0736 -222.654 112.418 -33.6967 8.64588 -1.36373 -0.877342 9.87681e-11 1.38538 0.159895 1.39229 0.0838626 0.344486 0.00228885 -0.991378 -0.994588 -0.997742
11.0619 -1.36303 0.039132 211.512 -35.0037 3.52485 -0.115794 0.00168659 5466.01 -1031.7 149.408 -13.3045 0.512722 -0.00767802 7.90839e-05 175622 -35871.1 6172.8 -810.733 66.0106 -2.4113 -7.91344 -111.418 29.6639 -48.9039 -602.327 205.315 -33.5726 3.80585 -273.211 -3577.28 1107.16 -229.352 40.6477 -4.18757 -0.811521 6.34116e-10 -2.96986 0.195262 1.49728 0.0317 0.757264 0.0148408 -0.626841 -0.994212 -0.939417
1.48668 2.2547 3.89568 2.2245 2.91779 5.62109 7.61549 15.1764 3.34978 3.71601 15.7066 32.0001 86.0999 25.117 59.1228 5.07628 4.61706 45.7923 113.39 211.928 295.769 6.49101 2.82755 -5.93809 2.70512 3.96015 2.56651 -2.12945 -8.55797 0.165924 4.29327 5.4945 6.55832 -6.42445 -12.0455 1.90313 9.87681e-11 1.21831 1.97375 0.0490268 0.0018352 0.352278 0.000521276 -0.933061 -0.98569 0.633205
10.3533 5.49019 4.82586 189.249 78.0871 46.9718 34.3748 38.3543 4707.46 1639.81 869.42 531.128 1017.8 308.4 405.402 146142 44676.6 22415.6 15835.6 7843.8 6398.86 19.3735 -94.1152 -65.8447 105.006 -481.481 -315.768 -206.31 -124.31 432.137 -2769.81 -1311.49 -746.46 -701.857 -379.75 -275.451 2.19777e-10 2.85202 1.99234 1.48974 0.925444 0.747966 0.0152274 -0.997682 -0.985658 0.613693
2.33267 1.2142 1.85282 14.8625 6.35885 5.99352 2.17266 3.60349 149.25 54.9768 51.555 31.4011 34.9971 4.07038 7.33223 2021.16 660.083 664.583 598.064 343.248 141.255 2.34813 -7.07678 -5.44626 7.38821 -14.267 -11.5814 -12.7728 -5.46967 13.7001 -31.7006 -17.7767 -24.1215 -26.5129 -13.9701 0.850015 2.71781e-10 0.924574 1.35265 1.21566 0.15217 0.809183 0.00376401 0.92562 -0.994306 -0.998464
11.1559 6.81877 3.83243 214.732 124.508 67.9537 34.0803 15.0914 5582.99 3140.69 1682.77 847.739 663.861 165.467 60.9966 180411 99410.1 52562.1 29810.4 12524 5507.42 24.6634 -108.534 -100.927 168.183 -556.781 -609.586 -397.522 -185.053 828.406 -3221.74 -2937.32 -1905.8 -1318.5 -508.692 -225.319 2.38918e-10 2.98428 1.9509 1.5 0.162597 0.810636 0.00396873 0.999232 -0.994561 0.994272
8.24278 3.74073 1.68965 121.279 55.3941 25.2332 11.4635 5.19425 2436.72 1116.86 510.905 233.249 179.854 48.3304 21.9366 61222.2 28125.7 12900.8 6279.88 2701.38 1318.52 12.4078 -64.6857 -45.3098 74.1226 -256.654 -222.618 -122.343 -51.1268 294.066 -1146.41 -852.062 -475.162 -280.418 -109.999 -52.5775 1.67844e-09 2.53469 1.13937 1.34839 0.625683 0.809489 0.0231935 0.861291 -0.994612 0.844275
10.6335 6.23277 3.52296 192.767 104.882 54.9204 27.2111 12.4315 4701.76 2448.8 1234.34 595.658 484.095 114.557 43.9385 142217 71857.8 35304.5 19234 7577.32 3239.17 22.3302 -98.2005 -85.8696 141.472 -475.139 -479.142 -294.137 -131.402 645.732 -2587.11 -2142.13 -1286.16 -854.436 -313.437 -129.507 3.7587e-10 2.92524 1.87657 1.44099 0.0379193 0.80087 0.014819 0.869614 -0.994023 0.617076
1.7117 1.75522 2.41405 2.98224 3.62206 6.63511 8.06565 13.17 5.28622 7.38596 25.4293 40.3586 113.194 58.0062 105.517 9.52906 14.9971 85.651 191.12 348.819 550.123 4.50227 -0.00994706 -4.92797 3.66358 4.49513 1.75256 -5.62977 -11.3117 1.13489 7.10073 6.35723 7.13112 -8.64153 -20.0446 -19.6212 5.75558e-10 1.30539 1.21181 0.0875194 0.972401 0.803289 0.000980083 -0.647047 -0.994718 0.993728
6.00763 -1.44445 0.669579 36.7479 -10.6087 6.29331 -2.18424 1.19033 228.761 -76.6965 87.3495 -36.0534 36.5372 -5.38991 3.29353 1448.63 -550.884 1054.21 -593.043 341.087 -175.314 -8.23764 -23.8816 12.7652 -15.7038 -28.4014 19.8156 -22.0378 9.92358 -21.065 -13.9483 16.2875 -41.7929 32.2939 -18.5209 9.55147 2.23187e-10 -2.44546 0.527352 0.165451 0.625683 0.356951 0.000801899 0.68898 -0.994598 -0.998654
6.88647 -0.396593 0.93034 48.2789 -1.87743 7.61844 -1.07838 2.59468 344.413 -7.1735 98.218 -9.79118 74.5726 -4.8869 12.0523 2499.03 -8.42898 1265.98 -93.7317 428.248 -142.244 -4.06546 -30.1803 4.21575 -3.82092 -42.5297 3.13216 -24.5228 4.15494 -2.70918 -37.8801 -0.288241 -45.5615 8.33997 -24.2555 9.3987 2.44196e-10 -2.61827 0.17594 0.176423 0.948359 0.776922 0.0148404 -0.748805 -0.993551 0.876937
2.88741 3.19967 3.89568 20.6053 20.578 20.2121 18.6593 15.1764 222.575 208.3 190.16 165.705 179.227 96.8227 59.1228 3173.28 2837.96 2479.82 2641.58 1666.73 1232.42 10.2535 -7.72928 -20.3897 26.7397 -9.84625 -38.0688 -49.5431 -41.8445 54.1814 -15.5497 -69.2875 -85.7593 -121.917 -72.5097 -45.0711 9.87681e-11 1.21831 1.97375 1.18454 0.00184196 0.352278 0.000521276 0.956867 -0.98569 0.633205
7.82512 -2.71474 0.92003 61.2565 -22.6433 9.47129 -2.86662 0.986965 479.715 -188.216 133.706 -58.9004 33.0328 -3.44038 1.19923 3758.23 -1559.8 1840.33 -1142.25 491.624 -149.491 -13.2954 -37.124 24.0052 -32.0821 -57.5782 46.3773 -34.6485 15.003 -50.5091 -57.7007 51.1253 -74.8742 59.2341 -25.437 9.24369 3.06961e-10 -2.7972 0.938628 0.0276761 0.197503 0.332826 0.00183063 0.722945 -0.994835 -0.901356
10.6981 -2.00642 0.121283 186.483 -46.4416 7.29435 -0.494875 0.0172145 4307.34 -1222.15 264.951 -37.3736 3.11003 -0.105726 0.00277418 122305 -37577.1 9568.82 -1878.36 244.401 -18.0683 -10.4752 -99.3408 39.0773 -64.4703 -476.166 245.19 -60.8768 8.80322 -323.494 -2469.24 1166.56 -358.424 87.9288 -11.8031 0.158753 3.53624e-10 -2.97593 0.340596 1.35717 0.0726506 0.511703 0.0175482 -0.999995 -0.994813 -0.985678
6.55748 -4.20929 2.54823 43.7254 -39.7973 30.454 -21.2381 13.9624 296.355 -346.666 337.026 -286.237 421.737 -160.448 110.61 2040.83 -2900.45 3465.05 -3562.59 3259.45 -3238.07 -19.2462 -24.6165 39.0007 -55.4279 -12.628 72.1764 -88.6771 71.5455 -92.3439 50.3558 58.6008 -107.874 175.579 -170.316 161.476 1.5553e-09 -2.55534 1.2888 0.166416 0.941919 0.761801 0.00376401 -0.909877 -0.99327 -0.922022
6.80106 -3.91317 1.34583 46.4491 -38.8217 21.569 -7.70032 1.83497 318.56 -348.516 275.683 -149.894 79.8112 -13.817 2.53402 2193.86 -2962.01 3066.25 -2328.35 1246.96 -463.6 -18.0672 -28.0695 37.916 -54.1 -24.4675 80.4737 -73.1398 36.1317 -92.8322 26.9692 86.6998 -127.62 120.046 -60.1087 25.0469 2.39002e-10 -2.60651 1.1582 0.0846306 0.0664267 0.756416 0.00458003 -0.986398 -0.994978 -0.802254
7.40793 4.27971 4.27144 110.776 50.4296 32.8507 24.0868 29.2201 2349.23 915.361 535.991 345.381 570.796 190.396 263.271 63590.1 22067.8 12487.6 9853.2 4985.86 3735.2 14.5538 -54.8755 -43.7074 67.3661 -236.964 -177.262 -127.998 -81.1207 240.864 -1176.2 -642.554 -421.2 -436.851 -230.634 -155.647 6.31701e-10 2.278 1.88992 1.48952 0.836448 0.809686 0.00463413 -0.932767 -0.994813 0.881742
3.97703 4.18918 4.94501 34.0396 33.3265 34.0818 36.4586 41.457 421.348 395.637 382.63 381.355 628.907 418.84 466.767 6725.34 6140.34 5737.52 6229.24 5375.28 5625.1 14.1934 -14.009 -31.7765 44.0897 -20.5698 -68.8021 -94.5436 -96.5533 103.643 -35.5738 -140.606 -168.997 -279.948 -247.415 -258.899 2.90666e-10 1.60918 1.99847 1.17795 0.97525 0.348393 0.00147971 0.950149 -0.994842 0.996385
7.15824 4.49961 3.99103 99.7616 49.3358 29.4074 17.5474 15.9468 1950.25 824.319 454.137 260.853 315.258 68.4723 63.7921 48379.7 18181.9 9937.81 7847.39 3229.14 1662.84 15.4294 -49.9785 -43.3919 65.8775 -197.49 -164.227 -110.852 -59.6829 216.826 -891.433 -540.26 -353.201 -348.661 -141.986 -58.0039 4.0508e-10 2.27908 1.99747 1.40144 0.0340334 0.803283 0.0236352 -0.999903 -0.994768 0.894347
8.63694 4.95833 3.97472 141.436 63.6755 34.1453 19.006 15.8289 3222.7 1236.28 599.666 308.227 364.627 72.894 63.1582 92775.9 31546.8 14890.6 10524.3 3803.58 1801.35 17.2558 -71.129 -54.4083 85.393 -332.021 -244.602 -144.811 -69.8828 325.593 -1759.42 -945.522 -532.257 -463.761 -167.419 -64.2097 1.91978e-10 2.53316 1.99319 1.48997 0.0438086 0.754822 0.000288846 -0.994062 -0.9858 0.812586
10.9604 4.57602 2.18274 207.894 87.2435 39.5958 19.0987 9.78822 5331.61 2243.73 1000.93 468.647 415.35 117.24 62.584 170037 71691.4 31683.8 15390.1 6963.34 3885.22 15.7336 -107.297 -69.4754 117.468 -556.485 -436.326 -234.925 -102.026 591.588 -3218.98 -2139.39 -1144.04 -680.683 -286.712 -161.865 2.41118e-10 2.95499 1.22507 1.49278 0.825795 0.802314 0.0148167 0.989731 -0.99403 0.922146
7.88648 3.08154 1.55642 102.065 31.6596 12.7701 4.56552 2.4737 1754.58 464.783 212.301 88.885 63.6062 6.88789 4.01218 37131.9 8699.22 4698.01 2437.36 852.793 284.852 9.78317 -55.5694 -27.2704 41.8211 -194.787 -96.8059 -51.0228 -18.3665 121.899 -741.818 -270.045 -175.239 -106.606 -32.537 -6.6524 6.30699e-10 2.54969 1.24425 1.17709 0.0908506 0.321167 0.0141688 -0.994434 -0.999367 0.812586
8.7043 -6.88977 4.00058 76.0299 -77.3253 60.1868 -35.505 16.014 666.414 -827.004 814.93 -626.892 652.42 -173.914 64.1396 5861.44 -8577.46 10264.9 -9870.18 7524.89 -4524.74 -29.9188 -39.8547 70.9308 -106.501 -29.1305 169.427 -210.209 148.135 -219.165 107.867 195.805 -366.488 480.938 -356.107 221.553 3.51301e-10 -2.94901 2 0.0872732 0.0241143 0.360352 0.00123224 -0.984476 -0.996545 -0.999008
9.2601 -1.30691 0.724546 155.273 -3.83979 -0.211081 0.450195 0.527137 3571.48 137.16 -20.9747 3.26988 7.78628 1.344 0.385089 102984 8245.07 -172.335 -254.384 12.4406 1.26245 -7.69001 -82.2706 7.73342 -6.49159 -402.39 -19.3918 5.12022 0.611902 35.3987 -2159.22 -238.801 9.07794 14.3751 -2.98432 1.71125 1.56373e-09 -2.67218 0.850763 1.45586 0.0273679 0.524658 0.00184129 0.975116 -0.993504 0.957846
10.2602 -5.4553 4.66388 182.377 -77.4029 47.384 -34.6799 37.0037 4384.7 -1602.35 883.601 -551.352 1014.99 -319.157 394.736 131118 -42764.1 22624.7 -15832.2 8410.74 -6947.3 -24.2073 -89.4653 67.5106 -106.607 -442.008 308.029 -210.161 131.916 -423.876 -2443.66 1245.71 -754.935 698.601 -418.777 340.577 1.63201e-09 -2.85799 1.93867 1.4464 0.951549 0.801375 0.0153648 -0.754203 -0.99416 0.92499
10.3819 -2.52856 0.724546 161.415 -32.8261 9.09484 -1.80186 0.527137 3224.05 -578.72 223.543 -64.0182 22.5063 -1.28894 0.385089 77733.2 -12659.9 6555.68 -2283.62 570.838 -113.804 -12.5541 -86.5515 30.691 -45.9404 -360.158 122.531 -53.4374 15.2125 -153.612 -1583.86 400.869 -247.572 107.912 -26.617 6.65943 1.91145e-10 -2.9997 0.850763 1.1763 0.0273679 0.512289 0.00138905 0.975116 -0.994873 -0.928161
10.3398 -3.58528 2.12561 164.336 -48.2176 23.9514 -12.6423 9.43795 3389.01 -888.91 459.928 -224.112 301.352 -69.2481 60.0519 84867.6 -20436.7 11489.8 -5888.25 2946.56 -2015.8 -16.7616 -85.5383 43.5015 -66.8874 -362.222 179.142 -111.413 53.8456 -235.51 -1652.05 616.3 -410.139 270.778 -144.991 98.4778 6.35008e-10 -2.97372 1.19778 1.22343 0.831216 0.800676 0.00463413 -0.928549 -0.995173 0.881742
8.06071 5.38201 3.52801 127.241 77.4733 45.4155 25.0595 12.5113 2822.39 1629.52 909.859 484.856 387.748 110.399 44.597 79518.4 44277.5 23956.6 14887.1 6183.86 2870.96 18.9428 -64.5837 -64.8676 104.171 -277.4 -319.432 -219.204 -108.375 429.421 -1391.8 -1310.28 -874.58 -662.8 -254.023 -114.212 4.02788e-10 2.41193 1.87708 1.49777 0.0676287 0.797375 0.0148852 0.713886 -0.994033 0.995368
6.79391 -1.26097 0.0211352 46.1575 -20.7135 3.07106 -0.0653969 0.000553741 313.595 -223.251 84.6435 -10.9709 0.30375 -0.00272384 1.70585e-05 2130.58 -2077.43 1306.56 -434.69 51.4813 -1.40906 -7.50707 -30.3215 19.5079 -29.4558 -42.658 53.257 -19.5425 3.30593 -59.7591 -31.9444 77.9168 -55.2397 23.1405 -3.49397 -0.924382 2.35966e-10 -2.60651 0.140814 0.00353297 0.0361466 0.754858 0.000352544 -0.985616 -0.994978 -0.802254
10.7952 3.39286 1.68965 188.154 48.5089 19.5592 8.33111 5.19425 4331.58 978.054 414.34 167.677 172.006 30.3818 21.9366 122361 24967.1 11636.2 5164.13 1998.65 974.714 11.0227 -98.6934 -39.7231 64.7522 -470.153 -195.045 -97.9156 -36.2883 257.416 -2438.91 -759.622 -421.795 -226.672 -84.8856 -36.4504 1.67991e-09 2.99748 1.13937 1.34549 0.625683 0.810567 0.000801899 0.878676 -0.994609 -0.923439
4.03507 2.72411 4.73071 40.9142 21.9773 19.9463 17.5101 37.8082 631.781 288.692 217.609 171.271 347.56 162.366 405.332 12916.7 5213.02 3635.71 3990.53 2323.46 2092.31 8.35999 -17.3046 -20.4539 28.6441 -57.026 -53.5361 -49.9832 -43.1149 75.4068 -215.493 -142.127 -109.09 -175.256 -109.197 -84.4314 4.83887e-10 1.41116 1.95692 1.42958 0.949302 0.803237 0.0233967 -0.833743 -0.985562 0.758881
1.39826 2.25639 3.96182 1.96724 2.90045 6.26155 8.20124 15.7364 2.78477 3.7225 18.8223 41.1119 97.2524 29.6433 62.6655 3.96604 4.76225 53.3208 147.824 297.656 417.854 6.49771 3.17632 -5.94526 2.68152 4.73001 2.8656 -3.14657 -10.7114 0.167638 5.32176 7.1593 7.10955 -8.86843 -16.2858 -3.23682 5.72292e-10 1.18156 1.98979 0.0465773 0.0504915 0.767985 0.0147516 -0.98751 -0.994728 0.798164
1.82849 2.8733 4.00838 3.39782 5.93177 10.6166 12.9605 16.2013 6.41434 12.2814 35.9718 67.7913 137.711 58.216 66.0234 12.2968 25.5584 116.807 321.968 587.828 702.408 8.95402 1.85918 -9.4892 6.80697 8.08568 2.19851 -9.76679 -19.0164 2.4274 10.2384 10.6544 7.51905 -17.4675 -30.0157 -18.1677 2.58449e-10 1.34946 2 0.0863485 0.0915332 0.571289 0.0154656 -0.645353 -0.985964 0.994115
8.02151 -0.975603 0.15967 122.138 -12.7322 2.72115 -0.220485 0.0390712 2588.56 -245.663 82.5308 -13.4198 2.33714 -0.0665446 0.0123915 69327.2 -6155.62 2744.53 -527.379 81.3598 -8.83548 -6.37086 -66.3348 13.2726 -18.5937 -291.754 52.6854 -18.6974 3.97212 -65.6764 -1432.87 196.515 -103.114 27.6892 -4.41377 -0.0572915 1.6843e-09 -2.44004 0.369824 1.43795 0.151327 0.754412 0.00559383 -0.83655 -0.994105 0.690114
7.20958 -0.798178 0.0947104 52.0406 -5.53109 2.46599 -0.0771657 0.0100137 376.094 -38.312 83.5416 -13.67 1.31024 -0.00827528 0.00116351 2721.26 -265.222 1459.57 -307.483 62.2942 -4.29637 -5.66442 -33.5646 7.8761 -8.79336 -51.8203 11.7432 -18.6653 3.88751 -10.9305 -48.406 9.37038 -59.0369 18.3782 -3.34145 -0.512232 5.92013e-10 -2.68466 0.303174 0.0465773 0.0528779 0.818174 0.0150436 0.973321 -0.994018 -0.941839
5.78878 -4.64424 3.7865 34.042 -26.7751 22.6066 -17.3762 14.3425 203.295 -156.793 164.857 -148.344 271.971 -65.0246 54.3449 1232.46 -932.276 1333.94 -1530.92 1383.77 -987.654 -20.978 -17.1531 30.6775 -37.7053 -8.44856 33.5398 -47.2104 42.8922 -42.2125 16.3812 12.6617 -33.3342 80.8252 -88.4427 64.6314 2.7196e-10 -2.4012 1.94581 0.151736 0.0179801 0.576364 0.0177586 -0.749689 -0.994976 0.805755
10.4723 3.65281 0.915374 192.025 70.1841 21.7668 5.31082 0.977722 4778.73 1790.28 598.892 172.526 57.9435 7.74226 1.18343 148203 56422.4 19686.8 6503.19 1683.16 390.188 12.0577 -101.161 -55.1979 94.2509 -513.91 -353.314 -139.069 -35.4968 471.865 -2898.24 -1720.13 -728.302 -281.936 -60.5062 -13.8292 1.58547e-09 2.87681 0.93614 1.482 0.197524 0.332309 0.00183063 0.96972 -0.994168 0.949698
8.70499 0.683142 0.0936895 143.221 7.80065 2.18324 0.0489702 0.0092595 3275.53 136.107 92.1543 10.461 1.09918 0.00334383 0.000961528 94598.4 3130.96 3630.32 398.375 48.6862 2.4209 0.233644 -77.2389 -4.81098 9.35041 -367.381 -26.5483 -19.6014 -0.905734 35.1206 -1948.38 -95.1077 -133.239 -13.2131 -0.709084 -0.786413 4.34343e-10 2.54656 0.303965 1.48997 0.0359796 0.756296 0.0141688 -0.994434 -0.9858 0.812586
10.3758 6.84255 3.84735 161.767 108.043 65.2372 34.4972 15.449 3244.24 2182.99 1360.83 771.863 668.101 171.253 64.5787 78600.1 53161.7 33787.7 21245.5 10773.9 5244.37 24.7581 -83.4091 -89.5517 145.775 -311.693 -430.399 -327.607 -170.526 575.551 -1263.63 -1561.11 -1229.73 -958.108 -446.922 -215.488 1.59983e-09 2.99631 1.95066 1.18234 0.205582 0.800977 0.0150577 0.996359 -0.987382 0.999163
7.99759 -5.08804 3.93765 106.608 -55.8566 33.5622 -20.1741 15.5078 1897.69 -875.359 509.893 -301.863 369.895 -80.0001 61.0852 41711.9 -17481.5 10398.7 -7687.19 3699.79 -1931.2 -22.745 -52.9726 51.8656 -77.2836 -187.038 175.787 -127.466 74.703 -231.932 -735.271 515.178 -370.563 353.657 -183.024 105.097 6.48905e-10 -2.55534 1.98431 1.21153 0.012981 0.810431 0.00399151 0.908808 -0.993225 -0.943706
8.02151 -1.05327 0.15967 122.138 -14.6012 3.2855 -0.257687 0.0390712 2588.56 -293.093 103.016 -17.7929 2.80248 -0.0817171 0.0123915 69327.2 -7562.92 3452.14 -737.52 119.905 -12.6505 -6.68009 -66.3231 14.7503 -21.1373 -291.138 62.1125 -23.451 4.84999 -78.1991 -1426.18 239.484 -129.578 36.9519 -5.95381 0.0971591 1.6843e-09 -2.44004 0.369824 1.43795 0.151327 0.560222 0.000397675 -0.991882 -0.994105 0.690114
7.80052 2.98775 2.41727 117.237 36.8086 21.2302 13.1564 13.215 2463.76 682.256 370.496 200.612 297.437 91.6971 106.123 65590.2 16576.3 8967.39 5115.8 2725.41 2135.27 9.40973 -60.9844 -30.8283 48.8286 -261.313 -133.724 -88.4868 -45.9079 179.318 -1271.01 -491.801 -312.938 -227.714 -124.096 -87.4287 1.64257e-09 2.39046 1.21193 1.44437 0.97391 0.803325 0.0241798 -0.717676 -0.993228 0.899052
8.70912 -1.17037 0.135261 75.9243 -11.8466 3.19761 -0.189003 0.0195634 662.549 -117.693 101.616 -19.288 1.97928 -0.0317288 0.00300706 5787.43 -1152.84 2018.62 -598.13 111.595 -9.56708 -7.14636 -46.4972 13.1141 -17.3885 -86.8736 29.6749 -23.1577 5.08262 -31.8891 -117.571 41.263 -80.4648 31.7372 -5.71762 -0.134407 3.56234e-10 -2.95076 0.364551 0.0465401 0.0486193 0.767893 0.0150449 -0.98751 -0.994751 0.798164
10.4007 4.04395 1.85282 165.037 53.9882 21.007 7.6867 3.60349 3388.38 985.893 413.084 164.859 121.397 15.3097 7.33223 84334.3 22426.5 10524.9 5122.21 1801.07 599.022 13.6151 -87.5067 -45.0731 72.2091 -368.633 -200.2 -98.6927 -35.1097 259.486 -1668.35 -690.212 -389.104 -224.875 -71.2209 -18.9371 2.71781e-10 2.9883 1.35265 1.21276 0.15217 0.810561 0.00376401 0.92562 -0.994306 -0.921962
8.30234 5.13133 4.97278 126.438 64.0378 44.7812 36.3845 42.3074 2652.05 1183.18 751.381 531.706 976.655 370.955 484.854 69890.9 28405.5 17321.4 13849.7 8334.51 7324.94 17.9447 -62.3713 -55.2914 85.8861 -260.578 -225.889 -179.242 -125.892 311.575 -1247.55 -812.326 -565.296 -617.002 -391.361 -320.381 1.59556e-09 2.5176 1.99809 1.40144 0.990153 0.806044 0.0234099 -0.748805 -0.994768 0.950678
8.83291 -2.64357 1.90012 141.874 -34.658 18.4417 -9.85232 8.82843 3130.02 -671.355 346.976 -160.43 228.948 -59.3305 61.8524 86631.8 -16879.6 8941.51 -4185.5 2122.47 -1594.24 -13.0121 -73.6013 31.9573 -48.4335 -335.267 134.384 -83.6009 39.4925 -178.07 -1705.53 508.276 -318.448 192.731 -105.45 79.2537 4.68921e-10 -2.60561 1.00037 1.42958 0.948359 0.803237 0.0233967 -0.833743 -0.993551 0.759751
9.38172 -1.89744 0.915374 137.327 -11.3562 1.83757 -0.581362 0.977722 2622.74 -35.6519 -4.08758 1.56405 15.726 0.64404 1.18343 61024.3 2066.91 -194.479 -121.047 -2.318 0.296426 -10.0412 -73.9691 14.276 -16.721 -301.002 14.869 0.018055 1.71041 -10.2282 -1307.86 -50.0761 8.26939 9.32464 -4.37393 2.69447 2.19714e-10 -2.82135 0.93614 1.19236 0.197524 0.351946 0.000666249 0.722945 -0.99418 0.764531
8.74518 4.58097 2.41405 76.7459 57.5882 37.4201 22.6558 13.17 675.853 659.193 540.768 395.221 520.114 171.283 105.517 5972.44 7159.59 7236 6365.68 5053.54 4557.26 15.7533 -44.3569 -48.9462 77.1086 -57.0894 -137.062 -135.742 -90.0776 173.229 10.3511 -191.481 -248.665 -300.413 -230.344 -194.814 5.75558e-10 2.95593 1.21181 0.0875194 0.972401 0.803289 0.000980083 0.998281 -0.994718 0.999612
