11.25 1.45489 0.022992 217.687 40.9145 4.07823 0.0794347 0.00052863 5683.92 1251.94 197.321 16.6807 0.375036 0.00288362 1.21542e-05 184349 44580.3 8623.36 1185.29 89.0436 2.10004 3.3894 -109.571 -29.2355 51.6437 -616.279 -225.37 -40.1666 -2.3601 305.582 -3292.53 -1326.19 -291.979 -41.4872 -1.10034 -1.14682 1.95488e-10 3 0.151631 1.5 2.56691e-05 1.99134e-06 7.16527e-05 1 0.91977 0.999998
9.00005 -7 4.00466 81.0026 -81.001 62.0421 -36.0978 16.1119 729.06 -891.039 864.395 -655.137 675.86 -177.679 65.1221 6562.01 -9477.92 11182 -10596.8 7968.26 -4734.55 -31.0203 -40.4994 72.9066 -105.907 -34.2843 169.499 -208.444 162.991 -218.856 93.6038 215.815 -373.881 474.754 -409.698 244.9 1.04786e-10 -3 2 0.0070763 0.068257 3.06566e-08 6.48873e-05 -0.999999 -0.415409 -1
9.00013 7 4.00226 81.0068 81.0026 62.0208 36.0475 16.0543 729.153 891.101 864.229 654.563 673.876 176.815 64.5441 6563.57 9479.35 11181.3 10590.9 7956.01 4718.87 25.9569 -42.5159 -70.3599 103.449 -39.5266 -172.003 -207.038 -157.313 217.276 83.7693 -226.58 -376.534 -467.92 -379.44 -206.704 1.69295e-10 3 2 0.0112304 0.0475756 2.0427e-06 2.67052e-05 0.999998 -0.401423 0.999999
0.010125 -1.20124 4.99995 0.000102524 -0.0324128 2.8556 -16.4085 42.9985 1.0382e-06 -0.000533251 0.138314 -10.0923 96.5736 -229.28 498.967 1.05141e-08 -7.47637e-06 0.0033285 -0.737595 47.197 -391.254 -7.42055 7.92029 3.81727 -1.27168 2.408 -8.5831 9.11652 14.9789 -0.797788 -0.178018 -1.71826 10.645 -13.3672 -2.99993 72.177 4.16221e-10 -0.100622 2 0.000424772 0.999975 4.70852e-08 1.24563e-05 -0.999999 -0.610346 -1
6.89265 2.43403 0.813483 47.5121 17.7346 8.00528 2.1037 0.669109 327.532 128.848 119.727 54.9835 23.4577 1.83196 0.556374 2258.06 933.743 1601.23 1058.46 457.761 125.711 7.3743 -28.9785 -15.7425 21.6884 -40.0859 -28.3463 -26.9391 -11.1727 30.7346 -23.1695 -26.8042 -60.1171 -42.8479 -16.5405 -3.14878 1.69286e-10 2.62536 0.900677 0.0112304 0.0475756 2.98893e-07 2.67052e-05 0.999998 -0.401423 -0.861146
10.4241 0.949288 0.454074 165.431 -5.18218 -1.0371 -0.351488 0.26137 3394.26 -350.218 -7.7977 -0.172808 5.54912 -0.667111 0.179097 84385.2 -12907.9 800.525 104.367 6.28652 1.25745 1.33169 -85.1727 3.47166 -7.92668 -381.961 62.5704 3.73165 1.69665 -86.5044 -1572.47 390.345 -24.0748 0.394821 0.596788 0.872974 1.91409e-10 2.99327 0.650075 1.21011 0.177414 1.35046e-07 7.01e-05 -0.994826 -0.286582 -0.998307
5.97134 4.59357 3.60303 35.6581 27.1426 22.4973 16.6741 13.4431 212.941 160.368 174.299 155.465 268.96 62.634 51.8483 1271.67 947.434 1483.03 1719.64 1535.26 1069.49 16.1632 -18.8494 -27.7825 33.8463 -11.5314 -31.6538 -44.5324 -40.9371 38.4482 14.0764 -12.5793 -36.531 -78.2612 -83.734 -37.7105 1.21008e-10 2.44362 1.88968 0.0070763 0.179293 1.34245e-07 2.81116e-05 -0.86851 0.953688 0.820332
6.52866 5.35973 4.00681 77.4334 60.0192 43.5575 28.709 16.3274 1261.1 946.155 674.001 448.464 436.698 146.453 67.6354 25762.3 18906.4 13290.6 10070.3 5511.75 3149.5 19.2813 -37.1834 -52.2004 76.3325 -106.855 -173.012 -157.311 -109.689 230.749 -313.113 -525.547 -447.857 -424.491 -257.209 -135.728 4.04346e-10 2.24094 1.99744 1.22755 0.130618 6.78255e-08 1.17916e-05 0.974159 0.887859 0.793045
9.69576 -3.91644 1.94315 163.566 -68.4378 32.057 -16.1262 8.75334 3737.35 -1593.44 736.829 -361.712 340.08 -101.982 58.3886 106298 -45883.2 21116.2 -10625.9 5177.64 -3178.78 -18.4709 -80.4846 57.696 -89.6714 -380.498 290.548 -164.939 87.7007 -390.751 -1740.54 1333.32 -713.971 444.416 -250.867 157.737 4.19831e-10 -2.77417 1.06512 1.41412 0.899256 2.17527e-07 3.90674e-05 -0.990782 -0.288821 -0.932443
10.1254 -2.57468 0.8329 174.893 -36.1812 9.83731 -2.21633 0.745376 4065.29 -734.477 232.747 -64.8074 27.1586 -2.0428 0.711704 117199 -19120 7165.81 -2458.7 580.474 -125.604 -13.0102 -87.771 32.7329 -47.9865 -438.271 140.892 -52.4439 16.5626 -180.542 -2080.27 581.692 -251.118 106.215 -30.2472 8.16921 1.00294e-10 -2.85393 0.904018 1.4073 0.125105 5.4516e-08 6.3293e-05 0.859368 0.806835 -0.848712
9.76285 -5.56072 4.99005 164.185 -75.7034 49.5668 -38.5753 42.7237 3727.67 -1496.02 886.409 -592.383 1134.85 -387.778 493.193 105157 -38009.7 21609.9 -16035.4 9251.18 -8134.92 -25.1628 -76.2346 65.7501 -99.0607 -362.632 265.316 -197.91 150.574 -366.909 -1680.85 1065.54 -659.365 651.967 -503.278 423.399 4.1655e-10 -2.79328 1.99966 1.40016 0.995701 1.77601e-07 6.64282e-05 -0.813043 0.903137 0.862794
11.2211 2.85962 0.893582 216.309 45.9156 12.1542 2.76826 0.867942 5624.34 1061.85 313.331 84.3652 34.8348 2.8872 0.907858 181614 31441.6 10525.4 3508.45 808.298 173.17 9.10639 -107.887 -36.0832 58.1066 -602.453 -195.897 -67.8659 -17.6602 259.063 -3211.54 -938.061 -361.451 -136.991 -30.8488 -4.9315 4.1811e-10 2.99737 0.934845 1.49562 0.140168 2.04981e-06 1.73475e-05 0.916504 0.805373 -0.801414
1.51516 0.22906 4.42328 6.88679 1.03571 8.21347 1.52351 33.4605 52.1679 7.80509 44.2025 9.97974 107.141 14.3447 340.911 553.221 82.3459 386.878 149.828 607.586 133.436 -1.5995 1.75654 -0.0574519 0.10865 0.294463 -0.661618 -5.81479 -1.25764 1.11243 -0.101029 -1.21534 -5.34057 -5.13922 -28.0614 12.9634 2.05256e-10 0.113228 1.88472 1.2257 0.933336 1.97354e-07 6.43062e-05 -0.849686 -0.443659 0.881002
6.84106 -4.63498 3.15573 48.3276 -32.5171 23.7214 -14.9323 10.1919 352.025 -235.311 229.377 -179.125 243.862 -49.2005 33.6611 2640.45 -1754.06 2430.7 -2481.8 1922.16 -1136.37 -21.3952 -24.8757 34.4008 -43.2514 -25.9287 48.6901 -58.9317 49.8836 -58.384 1.22184 36.2808 -75.8027 116.282 -114.285 69.3783 1.36116e-10 -2.60481 1.77121 0.236751 0.136142 1.98584e-06 7.12699e-05 -0.953656 0.951246 0.911017
8.1141 4.81651 3.56072 110.299 53.2453 29.9969 16.9893 12.7484 2005.64 844.346 461.517 257.529 303.584 60.2495 45.8918 45077.7 17106.3 9605.79 6750.2 3037.79 1498.49 17.0705 -54.1875 -46.2043 67.5786 -202.148 -157.985 -106.49 -62.2243 205.834 -728.787 -498.902 -320.76 -279.923 -146.26 -55.8478 1.97186e-10 2.56976 1.88569 1.229 0.0699614 1.64827e-08 2.40328e-05 -0.943137 -0.410006 0.884615
10.6843 -5.82363 4.71621 192.323 -86.1542 52.7755 -37.3521 36.5731 4639.65 -1828.08 1041.21 -652.356 1102.05 -339.8 376.989 138494 -49554.3 27707.2 -19365.3 10638.9 -8190.31 -26.2328 -90.0402 73.5896 -112.566 -456.26 326.168 -232.261 162.359 -448.172 -2234.21 1400.25 -873.171 789.45 -556.728 417.997 4.17998e-10 -2.94352 1.97052 1.42127 0.912826 2.00854e-06 5.41071e-06 -0.983257 -0.288789 0.936514
9.13153 -2.91773 0.517934 133.589 -49.587 13.8573 -2.47755 0.269572 2574.31 -1031.29 343.433 -87.9198 19.6521 -1.79247 0.14099 60774.9 -25564.1 9378.54 -2940.7 688.765 -119.516 -14.4063 -68.9458 42.7941 -65.3107 -276.786 196.372 -77.2757 21.3349 -253.178 -1039.84 778.633 -334.681 127.566 -34.0749 6.43419 4.13197e-10 -2.76303 0.719234 1.2236 0.0252223 7.7545e-08 1.38728e-05 -0.928196 -0.599405 -0.932728
8.44192 2.23864 0.790311 119.386 24.7497 7.36422 1.6502 0.63622 2258.44 395.389 151.443 46.4096 19.9837 1.23238 0.521447 52806.4 8100.87 3997.64 1479.54 376.197 84.5182 6.5791 -62.184 -20.1064 30.754 -250.392 -75.8411 -32.8647 -9.10237 95.9636 -952.021 -246.925 -139.442 -57.1598 -13.2994 -1.42039 2.09164e-10 2.62119 0.886919 1.2535 0.0607184 2.93589e-07 7.78606e-05 0.773714 -0.377291 -0.946006
7.16889 -2.54285 0.398102 51.3947 -30.5829 10.1485 -1.71111 0.164518 368.467 -307.816 168.072 -53.6814 11.8921 -0.995721 0.0704362 2641.76 -2841.79 2196.73 -1125.8 350.575 -63.7677 -12.8806 -30.9303 28.9159 -40.7518 -41.6627 67.5586 -39.9783 13.6576 -76.1276 -16.0869 96.1975 -87.6424 53.6592 -19.242 3.42172 1.64862e-10 -2.67747 0.627929 0.00761015 0.0616999 4.54177e-08 2.81446e-05 -0.773108 -0.350633 -0.95007
8.17573 -3.7432 3.16834 108.455 -29.0734 11.188 -6.45163 10.2681 1903.59 -306.011 63.4249 -17.8501 148.942 -3.36971 34.0137 41038.6 -3610.02 295.156 -846.619 -12.1973 15.2253 -17.7658 -52.8153 29.9926 -38.8011 -207.209 63.9706 -17.9121 10.7225 -75.686 -759.541 126.274 -1.85482 37.2414 -24.6619 14.0588 4.14819e-10 -2.60481 1.77487 1.17929 0.134831 1.86877e-06 7.20318e-05 0.947734 0.971752 0.812243
6.33441 4.27417 3.76504 73.9215 40.185 25.6421 16.2489 14.2316 1189.72 562.47 341.017 212.079 263.647 62.0108 54.0065 24075.7 10260.6 6265.05 5091.94 2417.99 1328.48 14.8633 -35.5822 -36.0431 50.7009 -115.489 -105.091 -79.5918 -52.2853 136.852 -370.562 -294.15 -206.46 -212.182 -117.816 -47.7775 4.36875e-10 2.19531 1.93941 1.23087 0.0610505 1.38371e-08 2.95221e-05 0.885517 -0.423305 -0.852388
9.00005 -6.99967 4.00466 81.0026 -80.9921 62.0329 -36.0939 16.1119 729.06 -890.906 864.181 -654.953 675.764 -177.653 65.1221 6562.01 -9476.24 11178.5 -10592.5 7964.81 -4732.65 -31.019 -40.4994 72.8998 -105.895 -34.2935 169.475 -208.396 162.951 -218.824 93.5446 215.792 -373.757 474.571 -409.551 244.815 9.07419e-11 -3 2 0.0070763 0.068257 3.06429e-08 6.48873e-05 -0.99934 -0.415409 -1
6.54583 4.11694 4.00466 42.8492 13.8577 7.74604 8.52532 16.1119 280.501 5.01773 -17.8148 -15.3705 200.249 2.26699 65.1221 1836.28 -528.132 -222.378 -76.8674 -40.6315 -47.7088 14.2234 -22.1283 -17.6625 16.6784 -34.1726 -2.44862 4.20738 0.065717 0.430301 -50.6439 12.7742 31.6354 6.52198 -14.6884 20.4165 1.98261e-10 2.55847 2 0.0070763 0.068257 3.06566e-08 7.88921e-05 -0.999999 -0.301763 -1
7.23895 -5.27951 3.92254 52.4041 -37.5442 28.7507 -20.3842 15.446 379.375 -266.911 249.742 -203.684 359.426 -78.9878 61.0574 2746.54 -1896.97 2391.79 -2471.87 2037.56 -1344.19 -24.0183 -26.0099 39.1518 -49.7479 -24.8642 53.4391 -65.0561 58.8769 -66.1172 3.73009 38.531 -64.5714 116.449 -134.56 86.5213 4.21716e-10 -2.69052 1.97958 0.00761015 0.0616999 4.54177e-08 2.81446e-05 -0.773108 -0.285696 0.866282
10.4571 6.48386 3.57552 167.967 102.484 57.846 29.4378 13.0651 3499.79 2115.15 1202.97 634.585 538.891 130.404 48.7553 88536.2 53154.7 30342 17682.9 8158.74 3744.5 23.8563 -82.6238 -83.8294 131.209 -339.599 -387.68 -271.865 -148.719 516.829 -1328.45 -1537.52 -1034.12 -734.427 -371.588 -161.051 1.97186e-10 2.99109 1.88569 1.229 0.140306 1.97493e-06 6.42725e-05 0.820988 -0.410006 0.866193
7.39228 -6.05522 3.58066 54.6473 -58.2733 46.9382 -28.2754 12.8897 403.99 -530.668 547.835 -436.288 456.886 -125.521 46.6469 2986.65 -4661.46 5900.87 -5942.49 4692.84 -2891.72 -27.1753 -27.5765 55.2373 -76.5359 -9.74258 102.763 -136.536 112.315 -130.665 81.494 93.1548 -196.376 274.978 -252.568 156.971 1.09655e-10 -2.71887 1.891 0.0070763 0.0692235 1.85433e-06 1.41021e-05 -0.963276 -0.415409 -0.864435
2.1594 -0.271336 2.85691 13.9861 -1.73244 7.86781 -0.438722 8.19961 150.946 -18.4356 61.9768 -7.11152 48.4158 -0.293471 23.6416 2280.27 -274.649 787.974 -248.88 517.829 -25.1519 -3.63601 -4.40669 3.34675 -3.46862 -11.7663 4.21976 -14.7621 4.29119 -5.30928 -28.8696 7.8822 -26.211 12.0872 -26.1137 13.6765 1.36455e-10 -0.195709 1.68926 1.4564 0.0574438 2.25468e-07 1.47147e-05 -0.881464 -0.307636 0.999999
6.83243 -6.03498 3.95281 47.4424 -53.445 46.5667 -31.1277 16.1953 334.663 -455.867 498.934 -430.963 513.336 -157.278 68.6519 2397.41 -3813.43 5025.57 -5383.01 4621.12 -3170.32 -27.0929 -23.1356 51.7908 -70.2963 -1.24843 86.21 -125.673 113.207 -112.359 81.1717 64.3246 -157.104 250.212 -256.567 175.341 1.16335e-10 -2.60855 1.97903 0.166965 0.190409 4.07193e-08 3.91012e-05 -0.968249 0.836688 -0.776905
9.00132 3.11386 0.500029 81.0711 46.037 14.9564 2.57203 0.257078 730.6 576.828 300.818 94.2094 21.6022 1.84398 0.135745 6587.9 6659.94 4855.13 2377.08 726.264 134.065 10.1411 -47.0181 -36.6583 58.2635 -83.9814 -117.057 -67.2473 -19.7868 140.366 -69.239 -217.846 -181.368 -95.8914 -25.5978 -4.92702 2.13511e-10 3 0.704622 0.0362795 0.0594713 7.8926e-08 2.94771e-05 0.999998 0.888144 0.999999
0.0441933 -0.37451 2.56468 0.00206599 -0.0205441 1.53214 -1.16732 6.57834 0.00010172 -0.001146 0.37212 -4.67987 22.1447 -3.52467 16.8753 5.25528e-06 -6.55161e-05 0.0429122 -0.845964 19.5358 -48.0544 -4.05591 4.25342 2.47441 -1.25634 1.12978 -0.176395 1.27959 4.20187 -0.797938 -0.114009 -0.732867 2.67559 0.94877 -3.79124 13.5806 1.2099e-10 -0.208686 1.60144 0.025369 0.00862587 9.83448e-08 2.80077e-05 -0.865437 -0.299318 0.784812
6.88555 2.04201 0.834787 96.1036 22.9554 7.82597 1.77429 0.698712 1904.69 396.086 159.862 52.8253 20.8627 1.54337 0.586358 48215.2 9058.75 4301.92 1789.08 481.181 111.8 5.77884 -49.8222 -18.4347 28.4352 -208.261 -75.2139 -34.919 -10.4873 96.1339 -854.931 -272.812 -150.108 -70.1785 -17.7746 -2.42023 1.82252e-10 2.19147 0.913365 1.44326 0.0234922 1.6462e-07 6.24245e-05 -0.895369 0.903466 0.976161
7.50155 1.75162 0.494549 94.3718 18.5946 5.83673 0.969299 0.277927 1588.67 280.77 134.907 39.4882 11.5756 0.598753 0.173845 33062.5 5392.26 3501.87 1231.78 316.101 59.9369 4.59702 -50.4078 -14.6982 22.7998 -178.985 -54.1311 -28.8255 -7.38138 67.9136 -594.918 -164.217 -123.18 -47.4125 -10.7527 -1.62202 1.19199e-10 2.47005 0.690937 1.18339 0.130978 8.01138e-08 1.14032e-05 0.997809 -0.616877 -0.907865
0.0164753 -0.705234 4.95034 0.000272074 -0.0432882 0.947415 -12.5121 41.8176 4.50361e-06 -0.00123785 0.151777 -1.76176 64.9797 -183.446 475.434 7.47223e-08 -2.91471e-05 0.00676822 -0.665764 3.72659 -176.414 -5.40189 7.76857 2.70094 -1.28573 0.566808 -6.34079 10.0745 10.6212 -0.797961 -0.174328 -0.19854 7.20656 -11.3727 3.01257 56.4121 1.92663e-10 0.128318 1.99529 0.00311645 0.984448 1.07005e-07 0.000115569 -0.994826 0.833221 -0.927707
8.94813 -4.28943 4.76287 147.604 -44.8915 26.1241 -20.8523 37.376 3358.59 -703.57 308.085 -173.352 669.69 -142.626 390.135 96099.2 -14149.9 5268.54 -5059.74 1385.97 -1760.8 -19.9889 -68.4272 41.7381 -59.2427 -345.294 129.29 -69.5898 51.9978 -172.978 -1674.52 421.55 -130.165 202.766 -138.616 117.279 1.16335e-10 -2.60855 1.97903 1.4641 0.919955 4.07193e-08 3.91012e-05 0.934863 0.870029 0.811081
10.628 5.12295 3.97495 184.038 73.0822 43.7208 30.4164 29.5188 4222.72 1474.51 830.107 507.165 888.822 270.596 303.638 119107 37723.7 21099.6 13785.8 7835.15 6625.69 18.3177 -89.0262 -60.6199 93.2137 -427.221 -265.164 -185.67 -123.924 360.049 -1968.78 -1076.17 -664.435 -568.502 -401.468 -301.283 1.93671e-10 2.96622 1.7292 1.35261 0.992376 1.07476e-07 0.000117203 -0.901525 0.851975 0.889025
10.2109 -2.81319 0.460022 184.668 -55.483 13.1758 -2.12092 0.212877 4549.46 -1428.78 384.44 -82.8998 16.3731 -1.36406 0.0990899 139962 -45218.5 13015.1 -3343.85 645.48 -97.8574 -13.9809 -92.6078 46.6161 -72.93 -484.297 265.235 -84.9432 20.0162 -350.454 -2435.38 1354.82 -455.447 142.549 -31.7536 5.19525 1.88546e-10 -2.82909 0.677745 1.48565 0.0261454 7.77467e-08 1.13966e-05 -0.855064 -0.604508 -0.936515
9.83805 -5.14684 3.46531 173.023 -73.2048 35.8183 -18.1031 12.2799 4157.36 -1532.55 695.507 -329.416 342.495 -65.0842 44.4677 124947 -41558.5 18554.4 -11310.7 4067.71 -1764.87 -23.4784 -82.4012 63.4364 -95.8318 -420.29 281.904 -158.866 83.1897 -375.85 -2081.52 1215.97 -628.576 469.026 -211.183 99.9662 1.90946e-10 -2.76759 1.85625 1.47596 0.140168 3.02059e-07 6.42168e-05 -0.884449 0.814589 0.865453
11.1628 2.83106 0.893582 212.389 44.4581 11.6804 2.69167 0.867942 5436.65 1004.86 292.348 78.3513 33.6188 2.76322 0.907858 172575 29069.1 9595.73 3181.42 726.606 156.931 8.99012 -106.109 -35.0171 56.2231 -583.49 -185.776 -63.4015 -16.3648 245.115 -3058.21 -868.96 -329.841 -123.958 -27.5764 -4.22442 4.1811e-10 2.99737 0.934845 1.47598 0.140168 2.04946e-06 6.3293e-05 0.859368 0.805373 -0.801414
6.15324 0.369255 0.0372355 70.6116 3.12171 1.85453 0.0139413 0.00181185 1121.76 40.0402 63.5032 5.65482 0.457163 0.000661751 0.00010663 22453.4 675.977 1795.07 158.573 27.8828 0.703542 -1.02893 -38.6897 -0.806708 2.80437 -129.629 -6.72673 -12.6462 -0.0270981 9.00114 -413.309 -19.4368 -63.2637 -3.53022 -0.433767 -1.02643 1.95466e-10 2.15302 0.185097 1.23197 0.0545414 6.40343e-08 6.87108e-05 -0.943137 -0.436252 0.884615
8.66825 5.45449 3.51393 75.1867 46.4954 30.6829 19.0925 12.6666 652.571 396.478 311.044 217.962 348.594 68.5319 46.794 5667.51 3382.03 3461.67 3019.11 2150.22 1254.3 19.667 -40.0104 -43.0194 58.8558 -59.3964 -79.607 -76.9964 -55.5239 96.2299 -46.0603 -89.3888 -104.784 -133.79 -116.363 -46.8823 4.06611e-10 2.94395 1.86847 0.037239 0.150865 2.96837e-07 7.75416e-05 0.739713 -0.355604 -0.832097
6.97461 4.37864 4.54153 98.1898 49.2177 34.1212 26.2195 32.1823 1960.38 849.774 534.823 366.923 609.49 216.725 297.554 49956.7 19455.5 11886.5 9961.7 5407.64 4162.74 15.2885 -45.8601 -42.6615 62.3738 -189.775 -152.058 -120.266 -91.8512 207.162 -786.414 -544.761 -370.056 -408.89 -272.436 -185.959 4.53941e-10 2.21043 1.96295 1.44521 0.829662 2.06008e-06 6.94869e-05 -0.89681 0.902966 0.976161
9.81771 -6.71269 3.97604 147.741 -100.673 62.5742 -34.3845 16.0797 2881.7 -1959.74 1242.06 -720.956 645.599 -170.16 66.1142 68210.7 -46323.8 29690.8 -19116 9767.79 -4859.43 -29.8511 -70.5177 85.762 -131.329 -262.346 356.637 -283.642 175.394 -480.393 -927.708 1308.16 -1006.17 805.995 -474.965 248.995 1.94422e-10 -2.89982 1.98972 1.18691 0.130618 1.03149e-07 2.80823e-05 -0.943783 0.83619 -0.941939
4.7191 -1.32478 0.081331 22.8457 -14.2939 3.45298 -0.277294 0.015182 113.351 -108.128 58.4587 -13.2537 1.9761 -0.080944 0.00418282 575.896 -729.621 620.861 -302.013 66.7065 -7.1826 -7.92332 -15.7377 15.0172 -19.7017 -14.8446 26.5974 -13.423 4.10977 -27.2591 0.714234 27.6938 -26.265 15.8783 -4.81639 -0.489694 2.08319e-10 -2.16529 0.21973 0.174931 0.181796 1.08038e-07 2.7641e-05 -0.925887 0.836171 -0.772112
8.68817 -0.095155 0.0849886 75.6205 -15.777 -0.401775 -0.127597 0.0125595 659.374 -267.445 38.5499 1.44995 0.771459 -0.0380065 0.00251335 5759.74 -3466.61 1153.48 -119.085 -4.56377 -0.429967 -2.91899 -44.3545 13.2205 -21.6182 -88.1873 54.5577 -6.40171 0.971219 -66.2479 -118.916 121.586 -41.4749 8.15289 0.0402118 -0.767564 4.1811e-10 2.94691 0.259788 0.0626081 0.132284 2.04946e-06 1.48416e-05 -0.777318 -0.412126 -0.944131
8.91718 2.5552 0.416065 146.532 45.5848 11.1403 1.79495 0.17426 3321.1 1077.2 298.804 65.9363 12.6996 1.05828 0.0734653 94647.6 31524.2 9350.86 2469.19 485.983 73.8245 7.86743 -75.1483 -35.05 57.679 -358.702 -199.129 -64.5388 -13.4616 262.819 -1660.91 -947.062 -324.746 -96.258 -16.1114 -2.63294 1.937e-10 2.60441 0.644495 1.4609 0.026298 2.63708e-08 7.74434e-05 0.817523 0.923499 0.935817
10.0637 -2.18135 0.545424 158.036 -29.1078 7.41291 -1.23448 0.303959 3238.14 -535.464 193.765 -49.8333 14.0587 -0.712737 0.172962 80834.4 -12321.8 5909.71 -1861.9 417.719 -72.0336 -11.4094 -80.8868 27.0421 -38.8455 -355.591 105.034 -43.1057 12.6256 -131.839 -1449.39 380.081 -208.106 81.7141 -21.4865 4.38951 1.97186e-10 -2.922 0.736511 1.23515 0.0545414 1.64827e-08 2.38362e-05 -0.943137 -0.466457 0.884615
9.77465 -6.12341 3.44455 150.046 -91.3899 51.7431 -26.5326 11.8743 3012.35 -1804.62 1020.55 -536.944 454.051 -110.219 40.9666 73780.9 -43694.3 24657.8 -14390.3 6520.55 -2972.68 -27.4528 -72.2973 78.1614 -119.332 -286.447 330.991 -233.771 131.89 -442.432 -1087.85 1257.71 -844.301 609.178 -323.298 157.507 1.8944e-10 -2.87471 1.85577 1.22911 0.0261454 1.23928e-07 1.63437e-05 -0.814651 0.890917 -0.762604
8.1141 1.86339 0.545424 110.299 20.3624 5.87615 0.99568 0.303959 2005.64 319.95 136.63 38.496 11.7681 0.543237 0.172962 45077.7 6431.02 3742.3 1250.61 297.999 55.4114 5.05192 -58.0948 -16.1794 25.0844 -224.368 -61.4019 -29.14 -7.16145 77.5017 -814.863 -195.932 -130.851 -47.7682 -9.89624 -1.19985 1.97186e-10 2.56976 0.736511 1.229 0.0545414 1.64827e-08 2.38362e-05 -0.943137 -0.436252 0.884615
8.98965 6.32215 4.97908 131.173 89.0724 65.1114 50.8244 42.4579 2532.81 1685.21 1188.26 882.303 1339.41 564.414 487.856 60074.3 39412.5 27148.1 21068.5 14648.4 12616 23.1982 -62.6196 -74.5726 113.878 -227.002 -298.781 -268.761 -215.696 411.612 -809.636 -1078.03 -849.77 -875.872 -717.901 -592.536 4.1994e-10 2.73109 1.99868 1.23726 0.992145 1.34298e-07 7.75795e-05 0.817858 0.964498 0.909289
10.7492 -5.85612 4.71155 194.24 -87.2278 53.2715 -37.593 36.4695 4700.53 -1860.64 1055.65 -659.55 1108.04 -341.953 375.117 140691 -50661.6 28166.5 -19597.3 10748.5 -8250.22 -26.365 -90.9614 74.4022 -113.954 -462.239 331.949 -235.474 164.016 -456.14 -2269.49 1432.13 -888.668 798.992 -561.869 420.828 4.17998e-10 -2.95453 1.97006 1.42127 0.911266 2.00854e-06 5.41071e-06 -0.983257 -0.289887 0.912221
4.77655 4.00492 3.39153 22.8703 19.0001 17.5653 13.512 11.5659 109.766 90.3518 121.611 121.554 197.031 45.8368 39.6581 528.077 430.661 911.257 1219.83 1194.92 868.162 13.7675 -11.8413 -20.7965 23.3238 -1.9585 -17.3911 -31.2937 -31.7681 21.3136 17.8989 1.85592 -20.6066 -56.3384 -62.7719 -27.9509 1.88721e-10 2.18488 1.84034 0.0535756 0.0684079 1.69739e-08 2.40328e-05 -0.916593 -0.410006 0.884615
2.14826 0.10658 4.94918 13.845 0.686013 12.0472 0.620245 41.516 148.713 7.35931 86.7616 5.35515 147.844 5.27735 467.664 2236.3 110.527 1029.89 138.453 1129.6 60.4204 -2.09797 -1.37856 0.342592 -0.343266 -7.54987 -0.985961 -15.0029 0.125789 1.00334 -21.3807 -2.96715 -25.9538 -4.49107 -50.5384 19.6779 6.10187e-10 0.0601844 1.99948 1.46446 0.975315 1.72548e-07 6.43189e-05 -0.856774 -0.467986 0.829259
6.18659 4.6682 3.58821 38.8565 28.8101 23.4886 16.736 13.1112 247.681 180.488 198.201 173.967 277.149 61.0895 48.762 1601.76 1147.4 1845.86 2118.08 1844.1 1231.59 16.4669 -20.569 -29.0947 36.0012 -15.0098 -35.8477 -49.9691 -44.7902 43.372 13.1856 -16.6324 -49.8088 -95.632 -96.7152 -44.4724 4.12764e-10 2.48254 1.88991 0.153584 0.12835 1.26655e-07 1.4043e-05 -0.953837 0.81238 0.906713
3.33155 3.70319 3.94577 25.735 26.2823 25.3526 22.2374 16.0639 294.383 285.96 264.501 228.677 242.506 121.555 67.3824 4395.21 4126.62 3714.65 3792.69 2522.42 1830.35 12.5395 -10.1606 -25.2326 32.7347 -13.4156 -49.38 -64.4776 -59.8418 69.1835 -17.6849 -98.8012 -120.67 -162.363 -119.417 -76.5073 4.19712e-10 1.39447 1.97846 1.17771 0.177414 9.04846e-08 2.43716e-05 0.983286 0.893095 0.905281
10.6722 -0.890927 0.915927 191.967 -13.7222 11.6954 -2.30339 2.50246 4628.36 -299.99 294.596 -50.0008 98.4701 -9.92024 11.339 138088 -8332.59 9532.64 -1528.69 1159.27 -431.404 -6.15762 -96.0372 13.4407 -18.9628 -497.031 57.2817 -64.7991 13.499 -74.2123 -2439.68 249.513 -323.933 68.2761 -58.9644 22.8839 4.17998e-10 -2.94146 0.290811 1.42127 0.911787 3.16266e-09 5.41071e-06 -0.983257 -0.459219 0.912221
11.108 -3.15045 0.543824 209.479 -65.9673 16.4181 -2.83915 0.328555 5307.85 -1763.5 501.544 -114.939 25.8231 -2.39153 0.217359 166656 -57304.5 17539.7 -4775.44 996.715 -167.046 -15.3535 -104.42 54.567 -86.4787 -561.999 325.472 -110.37 27.1804 -432.367 -2881.5 1709.93 -611.087 201.208 -47.2405 8.6599 1.08009e-10 -2.99389 0.726997 1.46446 0.123687 4.07871e-08 6.43189e-05 -0.948211 -0.467986 -0.999599
9.10649 -6.42219 3.98036 133.849 -92.1742 58.3977 -32.9694 15.8534 2598.28 -1764.84 1123.79 -659.376 588.644 -160.815 63.1829 61885.7 -41639.3 26558.4 -17406 8772.92 -4397.92 -28.6688 -63.545 79.2611 -120.346 -234.83 320.888 -257.458 161.714 -432.696 -841.737 1174.08 -900.156 734.178 -428.481 228.082 4.17263e-10 -2.75331 1.99492 1.23522 0.0252223 7.44505e-08 1.38728e-05 -0.92635 -0.599405 -0.932728
8.04392 -4.95572 3.95865 117.282 -58.3215 33.5205 -19.8925 15.9434 2346.41 -1015.66 538.796 -298.613 361.922 -81.2106 65.2996 58860.1 -22976.4 11941.5 -8587.94 3568.97 -1812.3 -22.7005 -55.1205 52.6676 -76.5982 -230.291 187.789 -125.279 78.1435 -249.353 -942.504 665.681 -398.971 360.1 -193.601 106.923 4.11278e-10 -2.48959 1.9853 1.35863 0.131317 5.8668e-08 6.78075e-05 0.828653 0.996461 -0.854942
8.86358 -1.5996 0.845862 128.353 -6.43039 0.475826 0.025784 0.772422 2465.15 57.6052 -15.1314 3.1001 11.0876 1.28824 0.755477 58234 4256.66 -185.308 -151.182 5.18704 -0.288541 -9.04178 -66.023 10.0723 -9.53973 -278.87 -3.81114 3.15569 0.993969 13.2997 -1096.25 -117.026 8.50574 9.28714 -3.98027 2.43733 2.50113e-10 -2.70663 0.910418 1.24006 0.130384 4.93487e-08 1.32045e-05 0.915762 -0.46097 0.813369
6.14593 4.14693 3.76537 70.342 37.7428 24.325 15.4192 14.2228 1114.04 514.763 317.56 200.686 253.42 57.5035 53.8921 22224.7 9182.65 5774.63 4832.56 2313.29 1281.3 14.3454 -33.7501 -34.0753 47.545 -108.226 -96.3446 -74.0753 -49.359 125.177 -342.174 -262.271 -189.519 -201.344 -112.713 -45.135 1.97186e-10 2.15302 1.93969 1.229 0.0545414 1.64827e-08 6.87035e-05 -0.943137 -0.436252 0.884615
0.067281 -0.559422 3.71455 0.00461415 -0.0461337 1.8987 -2.52917 13.7991 0.000322378 -0.00374605 0.650289 -7.95116 37.7249 -11.0716 51.2662 2.29348e-05 -0.000302374 0.108639 -2.13681 34.8416 -117.124 -4.80846 5.89754 2.65201 -1.28941 1.4835 -0.922546 2.58134 6.10685 -0.798574 -0.0378502 -1.33188 4.32784 0.792832 -5.93462 23.6731 1.67598e-10 -0.258757 1.9273 0.0180441 0.00892602 3.46716e-08 2.71559e-05 -0.932579 -0.349019 0.811141
10.8557 2.75114 0.823846 196.898 41.9069 10.9319 2.3791 0.690346 4772.89 907.804 270.074 71.9389 27.5932 2.08766 0.588139 142931 25009.4 8578.44 2843.3 651.209 132.754 8.66487 -99.081 -33.0667 52.9262 -515.091 -168.645 -58.5459 -14.8601 221.364 -2540.48 -750.451 -295.891 -110.559 -24.0474 -3.4355 1.92982e-10 2.97487 0.90571 1.41628 0.0594567 4.96784e-08 6.83918e-05 -0.770945 -0.327547 0.884486
9.19237 -2.40379 0.796074 150.714 -32.0643 9.24565 -1.946 0.637607 3373.55 -628.159 221.736 -64.593 23.73 -1.58455 0.513777 94414.9 -15921.1 6806.77 -2455.72 597.64 -124.98 -12.3147 -76.088 29.5236 -42.6662 -364.44 121.21 -49.8373 16.3143 -154.523 -1671.72 483.863 -238.613 105.722 -30.1692 7.89897 1.68035e-10 -2.67747 0.891548 1.42251 0.0348879 4.5265e-08 2.68198e-05 0.923466 -0.323569 -0.956866
10.2616 5.57521 3.60343 159.649 72.1803 37.1823 19.9815 13.3117 3206.07 1277.4 628.156 319.634 393.027 73.392 50.3694 77940.2 28150.4 13969.8 8504.03 3651.66 1708.46 20.1583 -78.588 -60.9507 92.0482 -327.545 -237.751 -144.006 -77.1272 311.814 -1291.09 -829.322 -466.997 -352.561 -180.023 -66.3737 1.21008e-10 2.97304 1.89227 1.19276 0.150867 1.30697e-07 7.1108e-05 -0.868522 0.858877 0.767385
3.04906 0.689723 0.915496 9.30156 -3.77112 -1.72112 -1.06984 0.907024 28.3903 -29.4241 3.65823 2.87386 6.78013 -2.75015 0.964344 86.6976 -144.503 107.458 8.55564 -0.510434 3.62411 0.275313 -6.59281 2.9913 -6.10318 -7.62037 7.47797 1.98883 1.8338 -7.99844 -2.03192 7.53494 -3.05918 0.6121 0.222233 3.16712 4.06126e-10 1.74604 0.94683 0.0198367 0.137875 1.05415e-07 3.90652e-05 -0.996813 -0.357509 -0.930151
8.42751 6.06883 4.84448 118.657 81.6396 59.901 46.6825 38.8343 2232.7 1496.22 1054.53 778.476 1149.99 486.73 414.684 51899.9 34155.4 23452.2 18249.9 12401.1 10346.6 22.1672 -56.5751 -68.8589 104.272 -198.803 -265.795 -239.45 -191.233 365.363 -694.501 -935.033 -737.602 -759.728 -608.153 -485.566 4.52334e-10 2.62119 1.99329 1.24774 0.933421 2.77828e-07 7.81206e-05 0.773714 -0.29771 0.914338
9.83567 -6.71102 3.97604 148.8 -100.986 62.6009 -34.3646 16.0797 2921.66 -1976.62 1247.46 -721.87 645.428 -170.026 66.1142 69670.3 -47032.5 29986.8 -19249.4 9788.97 -4859.24 -29.8443 -71.0002 85.9728 -131.733 -266.507 359.589 -284.731 175.569 -484.524 -952.301 1328.91 -1016.19 811.169 -475.761 248.968 1.94422e-10 -2.89982 1.98972 1.19445 0.130618 1.03149e-07 2.80823e-05 -0.943783 0.83619 -0.938605
9.62636 -5.55762 4.99525 156.599 -73.5118 48.936 -38.6251 42.8575 3417.64 -1399.68 848.657 -578.087 1131.52 -389.172 495.941 92343.9 -34111.3 19949.7 -14978 8921.85 -8012.76 -25.1501 -72.7622 64.2371 -96.2285 -330.951 248.296 -189.977 147.649 -343.332 -1464.26 952.797 -602.939 610.055 -489.979 418.423 4.1655e-10 -2.79125 2 1.35473 0.997622 1.77601e-07 1.54307e-05 -0.813043 0.903137 0.862794
4.71296 -4.1764 4.82422 22.6718 -19.1063 22.7943 -27.4725 39.8637 111.253 -89.1163 137.632 -175.052 602.244 -262.652 443.887 556.576 -423.494 940.599 -1374.3 1869.55 -2858.36 -19.5288 -8.43105 23.7619 -25.9207 4.2338 10.1798 -32.5714 56.7794 -22.6065 22.7184 -12.6627 20.1643 55.079 -146.678 180.956 4.23045e-10 -2.16529 1.96726 0.156386 0.976784 1.34298e-07 6.19406e-05 0.938717 0.888698 -0.772112
8.63785 6.17919 3.85514 122.876 85.7844 54.9283 31.1591 14.908 2324.67 1600.46 1031.07 610.203 535.404 148.867 57.8266 54180 36947.2 23855.4 15831.4 8020.49 4033.32 22.6164 -60.1329 -71.7308 109.629 -213.969 -293.341 -235.709 -144.802 390.873 -743.985 -1051.3 -810.982 -661.285 -365.952 -174.437 1.99244e-10 2.66551 1.96269 1.2381 0.0545367 2.8434e-07 6.87035e-05 0.981807 -0.297148 0.913406
1.52892 0.853047 0.702677 7.01282 3.91273 2.53393 1.79512 0.541127 53.6103 29.9113 18.3173 11.9906 7.25699 2.30321 0.451641 573.763 320.125 191.208 120.493 72.98 36.8263 0.940011 -3.75193 -2.60928 3.8266 -5.45884 -5.39988 -3.92601 -2.14391 6.52236 -7.72531 -9.1319 -6.78061 -4.4916 -2.02513 0.0596885 3.43954e-11 0.00275717 0.828019 1.23649 0.130618 7.08981e-08 1.5471e-05 0.896685 0.887429 0.804843
7.35254 -1.9044 0.464695 54.2132 -15.3573 5.72765 -1.0313 0.247073 400.865 -123.227 107.769 -37.7571 11.0485 -0.622064 0.146913 2972.42 -985.046 1637.03 -843.874 282.205 -57.4093 -10.2823 -32.4048 16.9861 -21.0759 -50.452 29.5971 -24.8523 9.93899 -30.9543 -40.8132 32.0903 -62.6473 40.5573 -15.3739 3.39991 4.03651e-10 -2.7106 0.669055 0.0722216 0.130618 6.78255e-08 1.74833e-05 -0.995103 0.852657 0.813369
8.85837 -2.19495 1.29476 128.076 -13.504 2.38901 -0.707148 1.76386 2455.13 -61.8259 -6.75133 3.38129 25.3106 1.95186 2.51916 57874.8 1687.41 -324.574 -237.448 -3.3071 2.56316 -11.4647 -65.1657 16.1886 -18.6809 -275.739 19.1437 0.236501 1.68017 -15.9279 -1086.86 -35.8573 13.0516 12.61 -6.50404 4.33628 1.83373e-10 -2.70663 1.13038 1.23795 0.130384 6.78255e-08 1.31588e-05 0.915762 -0.46097 0.813369
11.012 6.66671 4.81927 210.168 118.765 74.931 52.1099 40.4298 5425.91 2945.97 1744.89 1114.82 1493.61 568.385 459.46 174246 92034.5 52318 35066.4 20414.9 15449.4 24.6005 -99.8474 -95.7107 152.249 -523.09 -521.318 -385.954 -264.595 720.152 -2698.03 -2593.31 -1692.92 -1433.46 -961.715 -714.166 4.18131e-10 2.96046 1.95551 1.49923 0.997622 2.00735e-06 1.54307e-05 0.89912 0.901662 0.855875
8.50683 -1.74566 0.425669 117.898 -20.1969 5.50497 -0.761499 0.183263 2165.03 -329.47 143.087 -36.791 8.78152 -0.335761 0.0797863 48873.6 -6804.12 4112.98 -1268.07 280.531 -44.4539 -9.63622 -61.5874 19.9544 -27.33 -241.248 66.4475 -31.6675 9.53118 -81.4269 -880.622 211.925 -145.689 56.9096 -14.7282 2.62952 1.68405e-10 -2.65382 0.651499 1.21 0.0348879 4.5265e-08 2.68198e-05 0.923466 -0.323569 -0.956866
4.17284 -5.04182 4.00183 18.3337 -29.7105 34.6246 -28.0991 16.0905 84.4965 -168.537 258.917 -294.357 374.593 -144.835 65.0006 407.22 -951.504 1796.71 -2650.68 2955.44 -2450.12 -23.0509 -6.84267 33.2113 -39.6245 19.9693 27.9201 -69.9993 82.9359 -42.0426 60.2771 -13.9721 -43.5072 129.859 -172.153 143.234 1.41287e-10 -2.02911 1.99927 0.235692 0.0688577 5.02642e-08 1.48095e-05 -0.992323 -0.402636 -0.977822
10.3576 5.67248 3.57552 165.295 77.0153 39.7579 20.958 13.0651 3425.86 1433.08 709.78 358.64 404.939 79.0339 48.7553 86265.2 33252.1 16517.5 9914.18 4240.71 1946.4 20.5541 -81.2131 -64.4865 98.2965 -348.241 -265.523 -161.961 -85.8616 349.91 -1418.38 -976.59 -555.448 -410.161 -204.225 -77.4295 1.92891e-10 2.97442 1.88569 1.229 0.140306 1.97493e-06 6.42725e-05 -0.738905 -0.410006 0.866193
10.8497 3.40549 1.27067 196.51 51.5746 15.9235 4.4952 1.63254 4755.32 1111.63 361.902 112.774 59.1056 5.99084 2.1204 142136 30483.4 10819.7 4200.66 1110.93 282.799 11.328 -98.3574 -41.304 65.4196 -508.764 -206.486 -79.6894 -24.5136 271.244 -2502.45 -912.238 -373.283 -166.487 -44.6009 -8.26227 1.92982e-10 2.97487 1.12567 1.41417 0.0594567 6.81551e-08 6.83462e-05 -0.770945 -0.327547 0.884486
10.6199 -3.3249 0.631665 188.323 -65.6212 17.9877 -3.39069 0.415137 4462.25 -1642.9 515.902 -129.714 31.2727 -3.07575 0.283233 130604 -49818.7 16865.5 -5055.4 1152.93 -207.87 -16.0634 -94.4503 54.7085 -86.0315 -472.086 305.023 -114.274 30.6675 -402.855 -2239.71 1490.61 -590.418 213.541 -54.3645 10.8826 1.09041e-10 -2.94295 0.790725 1.39962 0.0801184 3.09015e-08 3.96166e-05 -0.999139 -0.307525 -0.996529
6.14593 5.11419 3.76537 70.342 55.577 40.5743 26.3455 14.2228 1114.04 854.958 617.165 411.004 377.362 126.289 53.892 22224.7 16725.6 11965.5 9113.87 4988.29 2797.02 18.282 -33.8891 -48.5334 70.5919 -93.1181 -156.821 -144.49 -100.342 208.431 -262.011 -464.081 -405.913 -384.696 -230.095 -119.232 1.99244e-10 2.15302 1.93969 1.229 0.0545367 1.64827e-08 6.87035e-05 0.981807 -0.436252 0.894193
8.44825 -4.83026 2.77813 72.6621 -41.1297 25.0583 -13.4103 7.72568 635.947 -356.469 284.171 -185.304 222.296 -37.2679 21.5055 5661.25 -3143.17 3544.3 -3011.65 1956.51 -976.421 -22.1899 -38.1859 40.8473 -54.3814 -59.5891 74.3269 -71.4045 50.0229 -88.034 -48.2817 84.4551 -119.835 138.866 -113.339 58.8873 1.78777e-10 -2.9 1.66657 0.195545 0.0262385 7.64408e-08 1.65411e-05 0.908833 -0.559846 -0.903259
7.2422 -1.84734 0.448492 52.4885 -14.1127 5.32859 -0.882721 0.205654 380.698 -107.602 103.467 -35.95 9.47277 -0.429532 0.0963462 2763.24 -819.008 1580.96 -788.147 256.796 -49.3718 -10.05 -31.5345 16.0046 -19.4675 -48.3761 26.4361 -23.73 9.45501 -27.1303 -37.5361 26.438 -60.5076 38.1656 -14.0733 2.95356 1.86895e-10 -2.69088 0.667811 0.036702 0.0502018 4.01135e-08 2.65669e-05 -0.975985 -0.41588 0.87532
7.39228 -3.39283 0.831661 54.6473 -38.5948 16.8867 -4.34435 0.69321 403.99 -385.213 253.773 -107.841 38.8365 -4.8903 0.579099 2986.65 -3586.3 3195.55 -1998.89 832.298 -225.196 -16.3399 -31.908 36.2627 -51.1055 -39.3767 82.8692 -61.4981 26.9229 -95.0686 0.189316 113.067 -125.61 93.7933 -43.1354 12.7855 1.09655e-10 -2.71887 0.911699 0.0070763 0.0215925 1.38763e-07 1.4352e-05 -0.963659 -0.418879 -0.864435
10.5806 -3.69283 0.978745 182.546 -66.4772 20.8358 -5.28456 1.03409 4174.27 -1555.8 521.24 -152.075 55.5349 -7.33927 1.17011 117360 -44420.6 15467.5 -5137.01 1343.6 -318.133 -17.5608 -91.3526 56.0588 -87.1377 -439.661 290.004 -117.113 36.7875 -381.54 -2005.4 1330.64 -543.792 219.206 -65.7231 17.7747 4.16529e-10 -2.9589 0.979335 1.35113 0.140168 2.20063e-07 1.73475e-05 -0.795659 0.806848 -0.794496
7.94458 1.14972 0.768261 122.053 3.2942 0.112032 -0.444069 0.662304 2624.84 -94.9001 -12.7918 -2.80674 8.79739 -1.53626 0.629822 71552.5 -5535.56 -79.4109 225.527 9.72916 -3.47669 2.14742 -62.4943 -2.87859 3.02728 -292.918 15.4862 4.14458 2.49246 -24.022 -1322.3 163.561 5.39521 -4.73715 0.361086 2.6189 1.78777e-10 2.40846 0.862807 1.46421 0.154352 7.64408e-08 1.66448e-05 -0.953366 -0.286817 -0.903259
6.68587 -0.333082 0.0848939 89.5447 -12.3075 0.0804668 -0.174555 0.0102905 1696.87 -312.856 29.884 0.357592 0.784368 -0.0392819 0.00157168 40992.6 -8808.33 1315.24 -84.5322 -1.60312 -1.73876 -3.8873 -47.4448 11.383 -17.1347 -192.435 59.6948 -5.10444 1.22936 -77.3609 -756.611 272.207 -45.4418 6.28956 -0.45387 -0.712731 1.80705e-10 2.17257 0.274349 1.40208 0.0981138 1.70478e-08 1.46233e-05 -0.901525 -0.457011 -0.956723
8.57511 6.04175 4.78172 121.417 82.0846 59.788 46.5653 38.9382 2288.44 1510.53 1057.5 780.08 1169.24 494.043 426.466 53162.6 34517.6 23554 18212.7 12488.9 10622.1 22.057 -58.063 -69.0881 104.847 -205.193 -268.417 -239.945 -191.533 368.865 -717.56 -945.901 -739.099 -758.263 -613.906 -498.709 1.97714e-10 2.65368 1.96233 1.23817 0.964877 2.77828e-07 7.78161e-05 0.754453 -0.29771 0.914253
8.47428 4.91002 3.55328 120.935 57.0288 31.447 17.4469 12.845 2312.63 951.955 509.241 278.239 320.225 63.0616 47.2201 54716.1 20322.3 11158.6 7668.46 3380.32 1637.75 17.4511 -59.3126 -49.0143 72.468 -233.917 -177.472 -116.874 -66.8305 232.168 -891.448 -593.057 -373.369 -316.922 -161.487 -62.187 1.08911e-10 2.62184 1.88091 1.265 0.124329 4.04333e-08 7.78606e-05 -0.958745 -0.377291 0.915906
6.88941 -4.14408 4.83014 98.4279 -45.7187 32.9139 -27.1061 40.0688 2010.69 -786.152 496.975 -349.694 689.731 -258.414 448.307 52653 -18077.1 10897.1 -9445.05 5155.57 -4548.21 -19.3973 -44.2014 41.9579 -60.3117 -192.818 139.125 -110.444 92.6023 -193.188 -834.866 501.168 -325.175 383.107 -285.375 252.122 4.23045e-10 -2.16529 1.96671 1.48355 0.980914 2.07158e-06 6.19406e-05 0.997639 0.923557 -0.768777
8.44825 -2.66588 0.359637 72.6621 -38.342 11.2159 -1.62893 0.130328 635.947 -465.819 223.591 -62.5241 11.6889 -0.833165 0.0475865 5661.25 -5267.41 3540.84 -1583.47 429.288 -67.0492 -13.3813 -41.9711 34.5334 -50.7788 -73.0373 97.9411 -51.7543 15.4041 -114.795 -64.2685 175.512 -136.727 72.6858 -22.4507 3.36701 1.788e-10 -2.9 0.599123 0.195545 0.0262385 7.64408e-08 1.65407e-05 -0.953588 -0.291507 -0.903259
2.18185 0.24136 4.8019 14.281 1.57408 11.9945 1.71214 38.2726 155.788 17.1094 88.4414 14.4327 143.675 16.9395 406.774 2379.18 260.357 1073.13 316.926 1130.2 187.758 -1.54944 -1.84566 -0.541877 0.804373 -8.45236 -2.46505 -16.0283 -2.37949 3.38942 -23.7086 -6.30271 -27.9819 -11.5811 -51.3519 12.095 6.1436e-10 0.113228 1.98262 1.47276 0.933336 1.90267e-07 7.61105e-05 -0.849675 0.963706 0.883421
10.5324 5.03175 3.97509 184.6 71.6465 42.5051 29.6648 29.5221 4318.19 1459.77 803.188 485.205 862.024 262.462 303.699 124692 37948.7 20521.7 13320.3 7363.54 6259.04 17.9465 -89.1174 -59.4255 91.3583 -437.741 -262.323 -179.522 -118.869 356.442 -2073.04 -1084.73 -645.921 -548.522 -379.858 -284.563 1.78453e-10 2.93393 1.7292 1.38724 0.992445 4.76265e-08 1.41665e-05 -0.901525 -0.457011 0.818301
4.35574 -1.39119 0.0877313 19.5644 -13.4927 3.67683 -0.29239 0.0138362 90.4948 -93.9857 55.9923 -14.0792 1.75689 -0.0716712 0.00298648 430.526 -589.113 545.874 -291.704 70.1281 -7.15848 -8.19359 -13.7829 14.6176 -18.6663 -11.3931 23.7527 -13.1105 4.29523 -23.7982 3.60101 22.3313 -23.578 15.4871 -5.02669 -0.465152 2.09168e-10 -2.07886 0.260811 0.184677 0.140388 1.08038e-07 2.93718e-05 -0.925887 0.821871 -0.772112
5.54253 3.74292 4.00082 31.1404 10.3288 6.03841 7.36188 16.0663 177.309 -0.505769 -15.1256 -13.5947 166.482 -1.00845 64.7577 1022.85 -336.259 -137.903 -44.3663 -22.1218 -30.906 12.7012 -15.5928 -14.3829 12.118 -21.9821 -0.337647 4.70539 0.500606 -0.921431 -30.8651 7.97246 24.82 4.69705 -11.7855 20.1448 1.42514e-10 2.35022 1.99927 0.137885 0.0611086 1.35121e-07 6.78977e-05 -0.935977 0.974951 -0.975622
2.14826 -0.811038 3.82811 13.845 -5.2278 9.52209 -10.2017 15.2654 148.713 -56.1623 69.7413 -68.8065 70.1488 -68.983 63.2615 2236.3 -844.691 839.12 -710.746 690.003 -607.713 -5.83249 -2.85718 6.75945 -7.98564 -9.79649 6.88907 -15.4295 23.9424 -14.5419 -25.6927 15.5925 -25.9488 32.9018 -36.2094 53.3582 6.10187e-10 0.0601844 1.94628 1.46446 0.200264 4.09888e-08 6.39846e-05 -0.856774 -0.336109 -0.999573
0.101221 -1.54115 3.59145 0.0102659 -0.346313 4.39063 -12.3062 13.1455 0.00104324 -0.0544256 1.56782 -17.8372 58.8157 -69.8267 49.0116 0.000106223 -0.00749229 0.345532 -8.81286 93.2252 -314.014 -8.80389 5.81053 5.13302 -1.67733 3.8961 -6.2267 0.824721 14.8441 -0.810977 0.213587 -3.13882 6.54161 -1.34908 -13.4313 39.7054 2.02398e-10 -0.318074 1.89056 0.0070763 0.131296 9.30062e-08 7.05082e-05 -0.93466 -0.332465 -0.944959
0.0335817 0.649363 2.69635 0.00118948 0.0851518 0.756754 6.84906 7.45246 4.42629e-05 0.00526033 0.286968 1.03433 23.9839 33.0217 21.0953 1.72463e-06 0.000279275 0.0279005 1.20458 0.458877 97.2677 0.111057 4.3111 0.0285038 -1.11975 0.37838 4.18893 1.92055 -2.47003 -0.79637 -0.137354 0.309757 2.82686 2.32795 -0.685927 2.9417 2.0942e-10 -0.181986 1.63689 0.0215142 0.130169 2.03694e-06 7.09849e-05 0.960247 -0.605316 0.934261
9.00126 3.06151 0.47574 81.068 45.5651 14.5283 2.42254 0.233034 730.53 572.555 295.073 90.609 20.0485 1.65965 0.117386 6586.73 6620.96 4786.16 2312.99 692.504 124.187 9.92802 -47.044 -36.2089 57.6536 -84.3717 -116.156 -65.8442 -18.9549 139.32 -70.7656 -216.994 -178.726 -93.0636 -24.1914 -4.58998 2.13511e-10 3 0.68717 0.035484 0.0594713 2.0427e-06 2.94771e-05 0.999998 0.888144 0.999999
2.17986 -1.05034 0.416065 14.2511 -6.85623 3.0766 -1.19667 0.17426 155.238 -74.5738 34.2147 -14.4564 4.99085 -0.819369 0.0734653 2366.77 -1135.31 525.438 -236.997 89.1113 -27.2465 -6.80642 -7.94473 9.20602 -10.09 -16.7247 16.0825 -8.15308 5.21006 -19.0476 -37.8188 35.4765 -19.8073 12.4839 -5.79657 1.92451 1.937e-10 -0.213594 0.644495 1.4609 0.026298 2.63708e-08 6.76586e-05 -0.889276 0.888144 -0.936089
10.8425 1.64676 0.823796 197.143 6.94398 0.381299 -0.118936 0.780376 4796.52 -142.581 -22.1731 -3.89448 14.1057 -1.53058 0.829579 144271 -10584.3 -217.281 275.811 8.5418 0.0731864 4.17028 -99.0093 -6.53465 7.74385 -526.508 22.0014 6.04851 2.52322 -35.6906 -2638.06 308.231 11.6028 -5.43748 0.553015 2.72807 1.91039e-10 2.96962 0.890124 1.42263 0.177414 1.35046e-07 7.01e-05 -0.994826 -0.286582 -0.998307
4.19746 3.5256 2.9553 18.0009 15.1957 14.3705 10.7641 9.03287 78.8196 66.8557 96.0988 97.5871 144.031 33.9366 28.5079 352.154 300.071 678.716 931.811 921.157 661.963 11.8168 -9.46873 -16.9877 18.4075 -0.366415 -12.8891 -24.713 -25.048 15.5635 15.6273 3.28579 -16.1406 -43.1454 -46.6385 -19.8002 1.91734e-10 2.04319 1.71169 0.151094 0.159394 6.108e-08 0.000121294 0.913866 -0.378519 -0.857302
6.77551 0.175957 0.821557 94.9825 1.60126 7.23844 0.429458 2.02467 1902.54 22.7775 146.6 6.59926 57.2796 1.74695 8.31533 48833.2 429.896 3972.66 137.538 545.892 57.3125 -1.81561 -48.932 0.500067 0.839506 -207.572 -3.01756 -32.3397 -0.109988 4.77653 -866.552 -10.9761 -135.389 -2.55043 -27.9293 0.0104089 1.95323e-10 2.15007 0.0993704 1.46722 0.900934 5.01402e-08 2.74013e-05 -0.960016 0.887086 0.884625
9.10649 -6.2391 3.73612 133.849 -89.994 55.5569 -30.5067 14.2792 2598.28 -1728.14 1076.44 -617.31 535.58 -144.08 55.7858 61885.7 -40856.2 25554.5 -16353.8 8110.98 -3989.99 -27.9237 -63.9221 77.4011 -117.528 -237.642 315.177 -246.627 151.267 -423.715 -854.9 1157.41 -869.14 690.514 -395.622 207.09 4.17263e-10 -2.75331 1.92733 1.23522 0.146682 1.29642e-07 1.38728e-05 -0.932393 0.934807 -0.932728
11.1628 -0.0813583 0.0848947 212.389 -16.7163 -0.238103 -0.125826 0.0125116 5436.65 -642.62 34.8797 0.651893 0.795483 -0.0375704 0.00249569 172575 -24958.5 2424.38 -89.3192 -1.32673 -0.641478 -2.86284 -106.853 13.8338 -22.8321 -593.024 117.061 -5.77648 1.13484 -158.062 -3119.68 747.964 -81.5421 8.08402 -0.066827 -0.759054 4.1811e-10 2.99737 0.259788 1.47598 0.131928 2.04946e-06 1.64787e-05 -0.777318 0.805373 -0.94276
6.51433 3.34615 2.71453 89.8979 35.8267 18.3736 8.78207 7.51077 1785.46 600.989 288.036 141.024 136.037 23.4611 21.1709 45611.4 13522.8 6557.54 4600.12 1581.79 673.536 11.0864 -44.1016 -30.6866 45.0688 -184.993 -112.679 -65.6826 -32.7182 146.279 -771.661 -398.928 -223.22 -186.327 -71.9207 -20.0848 9.86223e-11 2.07967 1.6436 1.47963 0.114545 4.50814e-08 2.61609e-05 -0.984158 0.896645 0.840185
11.0824 5.84929 3.91464 211.523 90.373 44.424 22.8902 15.591 5450 2026.65 919.345 437.624 483.518 91.1218 63.1473 174468 58430.2 25962.2 15696.5 5724.27 2522.3 21.2737 -101.715 -74.1398 115.558 -554.378 -369.272 -206.074 -103.454 495.172 -2923.98 -1705.84 -869.464 -637.84 -271.156 -101.765 4.36875e-10 2.97629 1.97423 1.49136 0.130618 1.03149e-07 2.71822e-05 0.885444 0.83619 -0.938605
1.56586 0.457262 2.85896 7.34699 2.20556 4.53194 6.38865 8.36817 57.389 17.6678 21.9336 28.2766 33.0761 33.5737 25.0564 626.931 197.517 179.465 126.995 223.665 222.443 -0.670759 -0.794598 -1.02488 1.62043 -3.9479 -0.0483591 -4.71611 -7.73342 3.52608 -7.74849 -1.71163 -4.34723 -4.87974 -10.8084 -1.60217 1.70979e-10 -0.257446 1.68579 1.22458 0.130618 1.74551e-07 7.08776e-05 0.974159 -0.34389 0.808365
9.54395 -0.849899 0.91203 156.743 -12.0585 10.6135 -2.18915 2.48104 3474.15 -244.073 247.788 -44.6486 89.4435 -9.39284 11.1927 95658.6 -6294.07 7425.58 -1277.3 989.345 -375.951 -5.99065 -79.2477 12.2055 -16.8129 -375.411 47.1156 -54.8012 12.3133 -60.5282 -1692.63 188.965 -252.887 57.6938 -51.128 20.435 4.19648e-10 -2.76274 0.291067 1.38246 0.909566 3.16266e-09 1.72624e-05 -0.983257 -0.406395 0.891746
9.72401 -3.59283 0.922784 146.317 -59.4671 19.8274 -5.00468 0.923279 2863.82 -1225.4 457.404 -142.524 50.8434 -6.68928 0.99283 68165.4 -30175.1 12034.9 -4361.91 1247.08 -301.901 -17.1538 -74.6038 51.0299 -78.0786 -302.741 232.019 -103.794 34.5906 -300.682 -1144.83 911.903 -428.013 188.382 -61.1793 16.7323 1.75657e-10 -2.87873 0.950335 1.19871 0.140168 2.04981e-06 1.82477e-05 -0.912723 0.805373 -0.801414
6.15858 0.791891 0.489509 39.3365 -6.08399 -1.49492 -0.440835 0.272621 260.088 -108.915 2.71406 1.61356 3.7188 -0.710769 0.169136 1777.15 -1183.59 343.008 24.3776 3.00353 2.5139 0.691115 -24.6301 4.44293 -9.09209 -39.3493 22.6793 1.89005 1.4126 -27.4517 -42.3107 43.9085 -10.9208 1.54278 0.701622 0.979049 1.18184e-10 2.47005 0.68728 0.239665 0.130978 1.97176e-07 1.06346e-05 -0.903581 -0.596337 -0.907865
10.542 6.79487 3.96192 172.302 108.085 63.3016 33.8113 15.9619 3665.77 2262.84 1323.23 723.163 649.823 163.968 65.3672 94883.6 57916.8 33793.1 20405.4 9666.48 4623.04 25.1221 -84.1035 -88.4749 138.447 -351.926 -412.863 -298.82 -169.968 552.973 -1409.69 -1666.11 -1145.36 -846.959 -443.237 -201.021 2.09621e-10 2.99583 1.98624 1.25181 0.129476 1.89902e-06 7.7903e-05 0.773714 0.860741 0.915139
9.93896 -5.39688 3.39677 152.164 -70.0013 36.1751 -18.8468 11.82 3025.18 -1245.47 629.607 -321.925 355.356 -67.3557 42.1002 73067 -27645 14312 -8778.5 3840.17 -1753.12 -24.496 -73.6194 61.8248 -91.6918 -304.078 232.647 -146.202 82.1389 -305.593 -1186.92 810.374 -485.221 372.234 -204.563 99.4232 1.21008e-10 -2.91388 1.83738 1.20343 0.144268 1.34212e-07 7.12803e-05 -0.90629 0.927107 0.820332
6.18339 1.26275 0.806855 38.8166 -3.96917 -1.71024 -0.512976 0.664506 247.302 -98.8591 -6.66848 -0.220334 7.39322 -1.68437 0.55827 1598.51 -1100.98 264.374 58.3698 14.8906 7.65011 2.60743 -24.0535 1.84073 -6.35912 -38.2239 19.85 4.18945 2.03181 -24.9908 -41.2999 40.4659 -6.86937 0.364785 0.506148 2.3328 4.12764e-10 2.48189 0.895915 0.153584 0.0647393 1.30713e-07 1.4043e-05 -0.966428 0.81238 -0.955198
6.8405 -4.68437 3.15537 48.3047 -33.5228 24.4584 -15.3949 10.1852 351.619 -247.057 234.965 -182.252 246.265 -51.6626 33.6068 2634.93 -1872.85 2441.62 -2474.86 1915.67 -1132.9 -21.5962 -24.8584 35.2044 -44.551 -25.1385 50.8737 -60.5188 50.8485 -61.2585 2.92903 39.9808 -76.5247 116.32 -114.47 69.5773 4.13804e-10 -2.60481 1.77121 0.235565 0.134831 1.98584e-06 7.12632e-05 -0.953656 0.992292 0.812243
9.11599 -3.26563 1.41074 134.078 -39.933 14.3972 -4.75452 2.08555 2604.11 -686.39 268.037 -98.8524 63.0093 -7.23947 3.22092 62052.9 -14911.7 6528.43 -2969.68 943.835 -285.276 -15.8222 -67.802 36.7578 -52.8348 -279.61 133.235 -62.2911 25.6492 -168.774 -1084.99 454.374 -230.7 129.21 -50.3667 18.4176 1.83373e-10 -2.75505 1.18057 1.23519 0.130384 6.78789e-08 1.31588e-05 -0.83957 -0.601324 0.813369
8.58769 1.36047 0.0232422 121.789 29.371 3.58067 0.0763454 0.000563341 2299.19 661.135 133.529 13.7971 0.347927 0.00293428 1.42037e-05 53501.1 17058.9 4306.98 757.494 69.5853 1.83204 3.00514 -64.4044 -21.094 36.7261 -258.898 -122.592 -27.2355 -1.76199 160.998 -972.023 -522.017 -148.788 -26.036 -0.488665 -1.13438 1.95467e-10 2.65553 0.151631 1.2393 0.0158195 1.99134e-06 7.16527e-05 1 0.91977 0.915629
10.6238 -0.0726951 1.06494 188.674 -17.1432 9.85958 -0.377251 3.38798 4478.97 -616.769 218.414 -48.3917 106.764 -2.67741 17.897 131368 -22227.9 6765.09 -1872.49 734.233 -14.8611 -2.82758 -94.4519 13.8829 -23.3838 -483.216 112.266 -48.0604 11.8811 -151.736 -2340.25 659.544 -227.26 81.1602 -41.862 4.91929 1.80705e-10 2.94245 0.29099 1.40208 0.990085 4.76265e-08 1.41665e-05 -0.901525 -0.457011 -0.956311
