11.25 1.45154 0.0233248 217.687 40.7446 4.05671 0.0802148 0.00054527 5683.92 1245.99 195.664 16.5362 0.377536 0.00295893 1.27756e-05 184348 44354.6 8541.28 1170.28 87.9453 2.10113 3.32218 -108.533 -28.3033 50.4096 -600.404 -218.323 -39.1403 -2.07634 290.159 -3418.69 -1185.61 -275.178 -40.1446 -0.851278 -0.903033 6.26927e-11 3 0.152682 1.5 0.00362408 0.02957 0.365515 0.993245 -0.748926 0.99374
9.00305 -6.99929 4.00589 81.2393 -81.0823 62.0621 -36.1208 16.1415 734.726 -894.678 866.052 -655.817 676.837 -178.112 65.4202 6659.85 -9565.87 11242.1 -10628.6 7983.82 -4744.32 -30.2927 -40.2328 70.8477 -103.857 -33.9847 165.573 -205.159 145.856 -209.644 95.7001 196.265 -357.629 467.277 -340.966 206.686 4.53113e-11 -2.99966 2 0.0715524 0.0767639 0.0138977 0.477656 -0.999996 -0.741342 -0.99998
11.1267 7 4.77251 209.413 125.662 79.1025 52.2227 36.3306 5289.12 3088.58 1871.2 1174.91 1437.24 516.765 363.737 165418 94809.2 56022.9 37349.8 21359.3 14745.1 25.3923 -98.859 -98.327 157.938 -492.799 -533.993 -407.317 -247.48 720.367 -2607.64 -2401.32 -1741.38 -1501.15 -824.473 -569.801 8.3663e-11 3 2 1.45834 0.878926 0.00722856 0.365606 1 -0.571518 1
0.0108337 -1.20811 4.99991 0.00011741 -0.0347549 2.88655 -16.456 42.9975 1.27285e-06 -0.000611465 0.148621 -10.2488 97.0411 -229.754 498.946 1.38038e-08 -9.17457e-06 0.00382163 -0.794211 48.1322 -394.575 -7.2571 7.82253 3.69977 -1.22845 2.37635 -8.39164 8.92988 13.456 -0.755032 -0.161513 -1.56601 10.1622 -13.1221 -2.55191 61.013 1.93405e-10 -0.104081 2 0.000961509 0.999959 0.00696076 0.368814 -0.999912 -0.719024 -0.999978
9.89938 -6.41869 4.76582 172.338 -104.639 68.8129 -48.8182 37.7808 4077.6 -2383.89 1482.89 -976.843 1287.74 -504.23 399.677 120326 -68545.1 41132.1 -28731.1 17061.7 -12746.8 -27.9833 -79.3898 85.0986 -133.687 -369.734 408.937 -323.918 212.107 -557.345 -1849.01 1713.35 -1260.63 1151.5 -689.778 534.694 1.90195e-10 -2.79271 1.97384 1.4492 0.932615 0.00308152 0.369365 -0.966705 -0.598808 -0.845955
10.8522 6.00201 4.76897 197.961 91.6895 56.078 39.6414 37.3655 4835.9 1998.04 1127.73 705.154 1159.83 369.522 389.039 146110 55462.6 30320.1 20941.6 11517.4 8843.88 21.4226 -93.4437 -73.4508 114.92 -467.183 -347.302 -246.963 -153.026 465.747 -2457.71 -1415.68 -914.515 -843.434 -478.197 -341.362 7.13364e-11 2.96872 1.982 1.42789 0.916858 0.272626 0.422941 0.989576 -0.542843 -0.753591
7.30715 3.78827 2.60872 108.97 54.0293 31.333 20.3343 15.1397 2312.32 1118.47 608.395 361.684 407.413 164.827 128.391 62738.1 29853 15635 9533.81 5338.66 3868.04 12.617 -53.1779 -42.9327 67.2318 -224.119 -196.399 -134.263 -77.6495 260.385 -1035.03 -768.342 -492.9 -385.795 -207.055 -148.067 7.36727e-11 2.24951 1.27447 1.49895 0.992194 0.30061 0.370593 0.981816 -0.568668 0.860865
10.4752 4.13733 1.3507 191.36 74.5147 26.0598 7.76412 1.84857 4738.29 1830.59 654.375 210.507 89.456 13.6033 2.56284 146105 56149.6 20304.7 7424.65 2048.56 542.546 14.0055 -94.6877 -57.0912 93.1719 -483.621 -326.859 -141.704 -41.9375 426.652 -2585.67 -1496.23 -667.938 -293.813 -69.1885 -16.7667 3.46443e-12 2.88123 1.16027 1.47436 0.0669563 0.294884 0.365053 0.678148 -0.730779 0.910545
9.61457 -2.53433 2.51615 168.703 -21.3841 12.4153 -7.40641 13.411 4070.56 -214.432 148.293 -50.5024 259.493 -31.6398 102.871 123294 -477.899 2931.9 -1328.89 380.546 -739.409 -12.5324 -81.1865 21.4386 -28.2626 -423.566 43.2157 -33.67 15.6188 -50.8205 -2290.9 24.5359 -78.0966 56.0521 -41.8016 39.7199 7.54089e-11 -2.71467 1.29253 1.49838 0.919515 0.301192 0.395306 0.999341 -0.570811 0.949585
7.87484 -2.06613 0.169475 62.0135 -31.8213 7.54516 -0.73164 0.0424891 488.353 -373.05 169.749 -38.3779 5.30829 -0.275529 0.0136188 3845.79 -3902.13 2689.33 -1121.84 247.439 -28.8187 -10.6701 -36.582 27.8803 -41.4791 -57.5952 77.6022 -37.8115 8.65413 -87.8546 -43.1824 120.644 -99.3707 50.7128 -11.1756 0.766392 5.7509e-11 -2.80621 0.384417 0.00373022 0.147302 0.00282653 0.369692 -0.976904 -0.736772 -0.997842
9.11292 6.21813 4.96149 152.185 96.5142 66.8544 50.3415 41.8554 3499.31 2128.09 1385.1 959.711 1311.17 557.618 474.659 101078 59737.3 37361.4 27539.2 17043.5 13427.8 22.2823 -71.1893 -77.1917 121.029 -317.195 -365.821 -303.712 -206.794 496.112 -1541.33 -1493.07 -1140.42 -1109.04 -671.062 -527.122 7.54482e-11 2.63864 1.9999 1.46646 0.980754 0.302384 0.390735 0.988177 -0.573281 0.894037
7.05237 0.456066 0.951044 100.528 5.54347 7.91418 1.27201 2.71099 2033.04 101.737 145.369 20.1672 65.283 5.91242 12.8686 52490 2452.79 3692.49 476.126 566.898 167.281 -0.637511 -51.0966 -2.81999 5.83515 -215.715 -17.1937 -31.7689 -3.07911 22.9987 -970.208 -63.6861 -119.298 -16.3786 -24.1763 -3.81368 3.79613e-10 2.22116 0.187328 1.45562 0.957054 0.27306 0.42066 0.794077 -0.568601 -0.714117
7.95266 -5.93399 3.24128 68.0794 -63.1496 45.6538 -25.1116 10.5093 622.746 -676.283 600.496 -424.075 397.777 -100.478 34.0853 6051.19 -7420.47 7703.48 -6619.39 4579.66 -2526.34 -26.0553 -34.3613 56.6896 -81.1494 -35.3211 127.704 -144.262 96.1488 -158.653 35.724 165.419 -253.097 295.852 -199.743 114.655 1.89178e-10 -2.79271 1.80028 0.39174 0.0161467 0.00308152 0.369317 -0.966705 -0.599436 -0.845955
11.25 1.45716 0.0238922 217.687 40.8331 4.08544 0.0822929 0.000571311 5683.92 1248.01 196.491 16.6992 0.387899 0.00310308 1.36725e-05 184348 44413.8 8568.59 1177.56 89.0306 2.16202 3.34454 -108.533 -28.3749 50.5217 -600.38 -218.693 -39.3177 -2.10739 290.631 -3418.47 -1187.21 -276.082 -40.4313 -0.879849 -0.903194 6.26927e-11 3 0.154555 1.5 0.002222 0.0316245 0.365067 0.993245 -0.747072 0.99374
9.58596 -5.45336 4.79317 163.141 -75.667 47.8803 -36.2004 38.4762 3784.91 -1538.63 864.943 -556.077 997.602 -343.362 413.105 109702 -40431.3 21355.6 -15401.5 8299.38 -6894.44 -24.1435 -75.117 63.6243 -97 -359.922 266.327 -190.232 126.589 -359.995 -1831.65 1026.58 -631.714 616.188 -374.391 306.346 1.71113e-10 -2.7388 1.97529 1.44392 0.944151 0.0311138 0.370418 0.659879 -0.554553 -0.746762
1.08633 2.29501 2.63295 1.36124 4.72259 9.90792 13.7156 15.2152 1.91819 8.69303 28.0294 60.2834 147.177 117.392 127.935 2.98862 16.1431 67.9501 210.518 465.569 820.152 6.67725 1.84584 -6.73454 4.79568 8.22161 3.56296 -7.51987 -17.8901 1.27476 7.55378 8.69502 9.95806 -7.57995 -24.2888 -33.3288 7.54089e-11 1.02167 1.29253 0.206195 0.980971 0.301375 0.394974 0.999341 -0.570811 0.949585
11.2146 4.91844 2.6218 216.481 94.5739 46.5277 24.9046 14.5459 5640.24 2458.74 1172.5 599.106 606.655 188.561 116.107 182563 79470 37218.1 19533.2 9684.89 6152.49 17.1125 -104.764 -72.4883 118.573 -557.678 -429.67 -253.929 -124.275 573.312 -3115.01 -2061 -1182.17 -783.502 -367.052 -232.5 6.26927e-11 2.99452 1.3202 1.49915 0.93748 0.302878 0.37032 0.992241 -0.471044 0.937907
2.26871 0.542481 4.83386 15.4389 3.71597 11.3019 10.627 40.3565 175.082 42.4095 79.3647 71.6614 142.896 157.734 455.253 2779.3 677.399 929.729 599.414 1019.11 1169.23 -0.293776 -2.46407 -2.65647 3.52101 -11.1283 -2.79409 -13.5368 -18.289 9.14688 -35.2381 -8.50073 -21.8968 -20.2476 -37.7785 -41.6784 3.99577e-10 -0.182242 1.96375 1.49516 0.988716 0.277186 0.369592 0.862462 -0.586716 0.938256
4.39746 -4.15 3.9266 19.4277 -18.2828 19.1094 -16.3174 15.4752 86.2269 -80.919 125.197 -141.269 247.752 -64.3948 61.2135 384.462 -359.794 879.473 -1337.48 1474.97 -1193.42 -18.9591 -7.81807 22.6485 -24.3356 4.00529 14.2262 -33.1885 38.6091 -19.6478 24.3833 -8.06091 -13.7511 64.5974 -79.7349 65.8049 6.34034e-11 -2.09579 1.98065 0.0715524 0.0602362 0.0303289 0.374329 0.965284 -0.73789 -0.963211
2.56104 3.09649 3.99914 6.92617 7.78822 10.7459 11.944 16.345 19.6987 20.6461 44.7115 66.6898 151.469 47.009 68.2267 58.7128 57.4553 206.365 396.315 564.059 603.625 9.86533 -0.797642 -10.8646 8.67762 5.49775 -0.70431 -10.6081 -17.2148 4.06556 10.2664 7.7643 4.66284 -19.0113 -27.6725 -11.3785 6.54978e-11 1.589 1.99426 0.190012 0.148512 0.0273516 0.369287 -0.912401 -0.560114 0.7676
7.43176 -4.54436 2.65648 56.0428 -47.617 34.7519 -23.3358 14.8626 428.695 -463.457 423.746 -342.995 493.073 -178.543 119.462 3325.43 -4343.46 4833.41 -4689.1 4087.76 -3909.83 -20.5277 -29.5127 43.3713 -61.4808 -24.0413 86.8876 -101.335 79.452 -108.963 41.7922 86.7274 -138.638 206.739 -189.403 171.178 6.1185e-11 -2.7211 1.33265 0.165398 0.938363 0.292583 0.369242 -0.976793 -0.58727 -0.859376
4.43976 1.25536 1.00878 49.125 14.0976 6.94422 3.61907 3.00574 825.261 238.84 101.192 47.6037 49.9504 17.2709 14.7426 18326.9 5333.63 2091.11 932.526 464.887 287.583 2.54186 -25.4729 -10.3147 16.6671 -87.235 -42.7986 -22.2794 -9.57501 55.0094 -332.263 -142.298 -67.6584 -36.8849 -17.9539 -9.22645 2.1064e-10 1.4957 0.391943 1.48413 0.924752 0.267634 0.388282 0.647921 -0.522441 0.69035
8.08254 -5.68259 3.9832 65.5512 -46.2264 34.2705 -22.782 15.9215 533.445 -377.31 351.899 -277.583 430.657 -91.6501 63.8621 4355.81 -3090.03 3925.66 -3995.49 3173.03 -1969.17 -25.0553 -32.4473 44.6793 -59.72 -37.3656 72.8275 -87.3272 67.7763 -88.8491 -2.64612 60.4164 -110.798 179.265 -156.711 97.0492 1.95247e-10 -2.84176 1.99492 0.0831973 0.0590547 0.284942 0.368567 -0.95416 -0.256357 0.927172
10.5872 1.5996 0.933384 195.664 37.5416 13.7997 4.36107 2.60248 4902.98 1050.33 345.694 116.578 106.38 19.7832 12.0483 153024 35056.6 11081.6 3770.25 1457.13 738.4 3.91111 -96.9168 -26.6986 46.3537 -510.821 -183.734 -74.3359 -22.7939 244.477 -2796.33 -926.377 -357.675 -148.026 -55.5559 -25.9621 2.1064e-10 2.89561 0.273166 1.48413 0.926695 0.273005 0.388632 0.647921 -0.522441 0.969305
9.61473 -5.42786 4.77193 168.262 -77.0095 47.7733 -35.3809 37.4436 4045.87 -1617.51 885.685 -555.506 963.253 -326.782 390.539 122066 -44143.7 22613.8 -16183.3 8311.97 -6621.71 -24.042 -77.3776 64.4677 -98.6999 -386.12 280.083 -194.468 126.029 -378.41 -2050.99 1124.39 -675.419 646.545 -371.618 294.607 1.71622e-10 -2.71748 1.98211 1.49333 0.918244 0.377936 0.421479 0.663611 -0.543224 -0.74666
4.28906 -4.25418 4.80159 18.9387 -19.751 24.3583 -28.6844 37.7039 85.9879 -93.8232 147.219 -195.471 567.226 -271.134 392.802 400.995 -455.865 944.536 -1533.36 2135.31 -2965.71 -19.3735 -6.19555 23.6648 -26.1947 9.16184 10.1873 -35.3169 55.4035 -22.6607 30.4478 -13.7198 14.7184 62.4407 -127.923 157.385 1.72655e-10 -2.06333 1.99154 0.178183 0.913981 0.0318421 0.368844 0.673232 -0.729372 -0.963194
0.0772088 -0.550728 3.84914 0.0131259 -0.0853236 1.45517 -3.03002 14.8877 0.00325023 -0.0200127 0.547188 -5.24836 26.2635 -15.2399 57.8605 0.00104161 -0.00618188 0.21772 -2.60412 23.7703 -88.8737 -4.64224 5.99188 2.52792 -1.29248 1.02782 -1.12787 3.11022 5.29107 -0.759562 -0.0483182 -0.747486 2.92588 0.304127 -3.18328 20.0999 3.46443e-12 -0.220847 1.96073 0.168628 0.0683584 0.294621 0.365501 0.562879 -0.721865 -0.798294
8.49877 -5.22632 4.74824 131.277 -67.331 45.4088 -35.1782 37.3286 2784.85 -1274.32 784.808 -535.564 905.851 -333.815 390.995 74107.7 -31208.5 18452.9 -14199.5 8264.54 -6760.82 -23.2404 -60.0675 57.5701 -86.4442 -258.5 220.17 -173.237 122.213 -298.282 -1192.04 781.289 -544.739 570.111 -363.544 300.307 2.08212e-10 -2.55634 1.97303 1.40138 0.924866 0.00317704 0.370024 0.625132 -0.527929 -0.990261
10.1275 6.44073 4.89038 180.955 106.634 69.9308 50.5301 40.8582 4398.88 2479.98 1521.03 1005.05 1381.57 548.015 459.609 133443 72973.4 42852.8 29892.7 17781.8 13744.5 23.1677 -85.0445 -84.4196 133.843 -408.211 -427.277 -332.316 -215.267 578.27 -2107.79 -1840.27 -1312.9 -1202.6 -702.348 -537.573 1.96172e-10 2.82145 1.98241 1.47204 0.980009 0.379059 0.367788 0.907013 -0.261714 0.787902
8.8507 5.96526 4.79264 147.648 91.3258 62.1175 46.2418 38.5635 3420.95 2013.93 1275.43 863.749 1152.91 487.548 415.376 100045 56941.6 34456.7 25021.4 14875.6 11404 21.2765 -69.084 -73.1318 114.459 -312.697 -346.807 -279.834 -186.445 469.457 -1549.78 -1429.93 -1056.84 -1006.9 -585.566 -446.959 1.89066e-10 2.57079 1.97362 1.49724 0.947351 0.284333 0.370303 0.800633 -0.256357 0.982385
0.00584704 0.623507 4.59914 0.0001001 0.0110827 0.812127 9.112 33.3497 2.80426e-06 0.000319289 0.0288112 1.65498 33.0837 111.583 316.729 1.08418e-07 1.26153e-05 0.00125166 0.0960248 4.67621 85.4455 0.0285203 6.9989 -0.313534 -1.1704 0.424615 5.30167 7.34144 -4.13726 -0.754815 -0.195573 0.386224 3.60917 6.99696 4.14911 1.99906 5.27347e-11 -0.0333151 1.96974 0.0688269 0.848105 0.00242944 0.420099 0.598782 -0.75121 0.779476
8.52693 -5.81372 4.86301 137.797 -85.9339 60.0156 -46.4601 40.9669 3098.04 -1835.12 1187.02 -829.741 1163.73 -513.6 466.768 87994.8 -50322.5 31000.4 -23136.5 14246.1 -11512.5 -25.5769 -62.6432 71.2572 -110.001 -275.671 312.84 -259.787 183.346 -429.219 -1329.17 1245.9 -937.085 925.283 -582.983 491.856 1.68898e-10 -2.51745 1.96766 1.47966 0.995658 0.304459 0.386994 -0.970194 -0.558237 -0.750296
9.01729 1.89685 1.04781 151.056 35.8487 14.1326 5.53388 3.22232 3498.9 881.249 317.417 122.532 112.435 26.717 16.2418 102047 26676.4 9236.65 3524.13 1483.91 844.787 5.09351 -75.5243 -26.2558 44.2101 -364.469 -155.505 -68.859 -24.5839 204.999 -1854.21 -706.464 -298.584 -139.826 -56.5038 -30.1106 2.1064e-10 2.61049 0.434655 1.48413 0.92676 0.272544 0.369925 0.5846 -0.522441 0.939781
8.73581 -2.33601 1.68297 143.273 -17.9374 3.7485 -0.745718 2.91503 3259.63 -158.546 3.1042 3.7593 39.0896 4.23024 5.19018 93543.4 144.46 -408.962 -716.087 -4.25314 13.7057 -11.7436 -70.2964 18.8843 -23.8982 -347.611 36.3089 -2.38496 1.63014 -37.7721 -1779.02 14.0455 15.052 30.1773 -6.97721 4.62674 7.54089e-11 -2.55829 1.29253 1.48019 0.111006 0.301375 0.395022 0.990381 -0.523119 0.950954
8.68009 5.83262 4.90323 76.5251 50.9115 44.3042 39.7412 41.0211 684.99 451.292 471.353 445.598 1140.98 391.101 461.875 6223.28 4061.05 5500.91 5958 6020.84 7055.15 20.7488 -38.3103 -45.9082 63.2837 -48.6632 -78.3291 -110.772 -105.286 104.613 -13.8664 -65.4674 -99.6625 -256.584 -297.772 -279.643 3.80618e-10 2.94041 1.98585 0.184619 0.979611 0.27281 0.420735 -0.980595 -0.492935 0.967432
8.16336 -3.77479 4.45328 128.534 -36.0962 20.3792 -15.3222 31.7827 2830.74 -519.203 214.18 -112.3 492.279 -81.8872 298.827 78988.6 -9464.42 3339.06 -3832.41 781.486 -953.68 -17.4666 -59.0458 33.5775 -46.8923 -286.465 94.8163 -47.717 31.9639 -121.978 -1444.38 258.721 -73.9463 150.958 -77.7338 61.5935 3.00895e-10 -2.44426 1.92935 1.47951 0.854919 0.049136 0.37038 0.994265 -0.523895 0.887835
4.39746 -0.438382 0.0437534 19.4277 -2.09538 2.1503 -0.0238521 0.00252305 86.2269 -9.99766 51.961 -7.72821 0.626134 -0.00160427 0.000176717 384.462 -47.659 567.074 -121.768 37.8902 -1.38851 -4.19536 -13.87 4.46469 -3.83777 -12.4464 3.86115 -10.7222 2.48219 -3.08914 3.16381 0.942158 -22.0972 7.97352 -1.71654 -0.704285 6.34034e-11 -2.09579 0.200312 0.0715524 0.0602362 0.0303289 0.369173 0.962764 -0.73789 -0.999902
7.80222 5.41475 4.76074 119.021 73.9809 52.0774 41.0294 37.8777 2550.11 1486.11 954.698 667.343 947.392 424.147 402.797 69380.9 38677.8 23449.2 17811 10621.3 8513.22 19.0867 -55.3418 -60.3331 92.496 -230.748 -255.723 -210.898 -146.933 346.222 -1065.49 -967.925 -711.472 -718.327 -427.31 -336.142 5.13723e-11 2.37471 1.96989 1.4707 0.938223 0.389459 0.369241 0.563353 -0.582184 0.910277
4.5247 2.85787 1.81894 20.4971 12.925 10.1752 5.25811 3.39137 92.9626 58.5235 90.4009 74.2042 67.6474 9.91216 6.47568 422.119 265.303 771.368 868.129 672.238 354.242 8.91617 -12.451 -13.2753 15.1822 -6.34079 -12.6676 -21.6079 -15.0249 12.9092 12.6752 0.775435 -25.2157 -38.0291 -24.3411 -7.66131 6.79475e-11 2.12682 1.34444 0.0365658 0.106862 0.0334614 0.417186 0.98903 -0.719327 -0.992053
5.41157 -2.80347 1.35873 29.8948 -16.4429 9.69197 -4.11436 1.87047 168.48 -97.8422 92.5199 -57.8626 43.3462 -6.08369 2.60821 968.119 -590.819 879.255 -777.995 471.023 -194.376 -13.603 -17.5728 18.9989 -22.0057 -15.9198 23.1244 -23.8667 14.9525 -23.5991 0.561864 13.2318 -31.7762 38.8959 -23.7911 11.9609 3.46443e-12 -2.3202 1.16372 0.168045 0.0669563 0.294884 0.365053 0.671485 -0.790681 -0.878298
4.64534 3.23459 4.88714 52.1158 29.291 25.3431 22.7286 40.7655 877.816 426.797 316.607 252.364 470.3 228.792 457.684 19433.8 8480.85 5892.13 6075.83 3689.02 3357.53 10.4147 -21.8058 -25.7097 35.9061 -76.2914 -71.6687 -68.3947 -59.1118 98.8935 -293.966 -203.209 -163.011 -242.643 -154.594 -128.148 6.56824e-11 1.58497 1.98238 1.46055 0.978426 0.0307339 0.36936 0.946994 -0.562001 -0.761844
3.37815 1.04231 0.0267877 30.6739 10.0963 2.21278 0.0757351 0.00110006 435.809 149.069 40.5977 7.13588 0.361976 0.00505592 5.85572e-05 8316.64 2918.97 875.852 206.194 30.9501 1.39587 1.69441 -17.4545 -6.95417 11.6003 -49.1607 -28.1566 -7.91853 -0.335096 34.0497 -156.119 -82.2056 -29.6516 -6.38774 0.45996 -0.865576 7.21018e-11 1.1552 0.151467 1.42957 0.0620127 0.00683525 0.361999 0.794252 -0.542283 0.940428
8.75722 -3.53709 3.10676 143.876 -33.7486 11.6003 -5.07158 9.80382 3278.39 -470.101 86.2315 -18.8432 140.424 2.67424 31.4127 94215.7 -7878.62 652.825 -2030.24 1.74008 32.4978 -16.5211 -68.3878 31.7827 -43.9196 -341.687 91.7544 -22.418 8.91731 -110.514 -1766.16 232.49 -16.0574 81.3132 -19.6503 10.2808 1.94936e-10 -2.56217 1.75913 1.48071 0.110644 0.272672 0.36936 0.991862 -0.52253 0.948316
5.61635 4.65524 4.63099 31.8939 26.1476 27.4856 28.3514 34.0633 183.097 148.488 202.806 229.995 632.851 241.31 329.028 1062.43 852.411 1645.46 2237.35 2662.5 3227.27 16.0656 -15.1232 -26.7146 31.9257 -2.52628 -22.5075 -48.8251 -58.1863 33.9142 28.0695 3.89219 -6.68818 -98.1926 -139.228 -125.69 7.31303e-11 2.36659 1.97248 0.124994 0.86041 0.39392 0.369287 -0.938832 -0.565261 0.913231
6.9495 3.34566 1.36063 98.8105 45.2589 18.8489 6.73546 1.8748 2000.61 891.28 370.493 139.65 63.8027 12.2886 2.61539 51812.9 22661.5 9385.44 4095.23 1264.09 388.122 10.8565 -50.0457 -35.8221 56.126 -203.092 -162.092 -82.0031 -28.2111 207.341 -897.316 -607.614 -312.882 -163.589 -42.2839 -11.0485 1.48699e-11 2.19085 1.16461 1.46619 0.0657265 0.0290437 0.130273 0.679593 -0.730779 0.908783
10.9489 4.7877 2.63252 208.124 90.8811 45.587 25.0701 15.2084 5354.61 2336.39 1131.69 591.81 618.651 198.941 127.838 171417 74756.7 35491.8 18962.4 9680.57 6419.58 16.5925 -100.785 -69.7372 113.896 -528.973 -408.077 -245.295 -123.063 544.745 -2919.59 -1936.17 -1124.81 -761.161 -368.207 -243.258 7.54089e-11 2.95021 1.29253 1.49838 0.980754 0.301375 0.394974 0.999341 -0.570811 0.949585
9.96573 -4.89624 3.10634 176.292 -69.6496 32.0135 -15.0994 9.69189 4251.09 -1456.44 624.998 -279.155 273.168 -46.7672 30.3716 128062 -39422 16792.9 -9715.79 3301.26 -1336.02 -21.9274 -83.7494 58.7476 -89.3802 -422.979 262.144 -140.558 63.1825 -340.805 -2239.93 1042.74 -544.946 396.658 -143.008 65.0934 1.94936e-10 -2.79271 1.76151 1.47191 0.0585469 0.00308152 0.36936 0.892212 -0.598808 -0.845955
11.0942 -0.864928 0.0672823 212.803 -16.5662 2.32094 -0.100006 0.00775491 5517.37 -429.166 102.109 -10.6301 0.929659 -0.0155603 0.00120452 177860 -13827.3 4371.4 -602.407 60.7643 -3.63274 -5.89203 -105.835 15.0587 -22.1619 -583.051 79.6257 -20.7776 3.0792 -100.956 -3315.64 378.496 -143.128 28.649 -3.04783 -0.537229 6.26927e-11 -2.97392 0.232317 1.5 0.115373 0.0324451 0.364804 0.54463 -0.758766 -0.8927
9.80758 -2.98882 2.79423 172.61 -31.4433 17.7539 -11.6433 16.8891 4155.37 -480.044 240.284 -105.929 350.814 -71.5796 147.865 125210 -8948.99 4788.7 -2437.23 923.436 -1405.87 -14.3402 -82.6682 29.0959 -41.0005 -427.429 88.4754 -54.2198 28.4221 -112.836 -2300.75 244.867 -134.44 101.121 -68.9216 69.4553 1.96172e-10 -2.75941 1.34443 1.48096 0.993344 0.374931 0.367836 0.654142 -0.733431 0.787902
8.61667 -6.87081 4.00986 74.248 -76.4369 60.0346 -35.6865 16.2371 639.786 -807.136 805.814 -626.479 657.337 -177.443 66.3859 5513.02 -8234.57 10023.6 -9774.43 7542.29 -4588.17 -29.7816 -36.7119 67.463 -97.9749 -24.9195 149.393 -192.063 140.166 -189.205 103.036 161.468 -316.65 431.877 -324.389 201.044 1.93405e-10 -2.93541 2 0.00504633 0.0993446 0.00707388 0.368814 -0.999993 -0.719024 -0.999978
7.38361 5.37328 4.99745 104.401 68.3076 51.1633 43.2789 42.9617 2060.25 1266.74 865.355 648.385 1012.41 483.44 498.388 51452.5 30309.6 19517.7 15698.8 10177.3 8968.39 18.9217 -48.1637 -56.5099 85.3121 -180.793 -216.504 -191.968 -144.985 295.004 -756.037 -746.954 -577.186 -635.088 -418.293 -358.771 3.72058e-10 2.33204 1.9994 1.39471 0.99992 0.267439 0.415096 0.732721 -0.489363 0.688476
6.68592 2.65925 1.55515 93.183 29.3713 12.434 4.18512 2.44026 1859.91 503.853 224.692 92.7112 56.8183 6.64467 3.86317 47627.6 11534.6 5650.8 3079.46 987.069 316.675 8.1261 -46.8945 -23.7435 36.0079 -193.634 -92.8374 -49.4504 -17.886 116.885 -857.181 -308.915 -186.517 -121.282 -33.7609 -7.0288 6.90988e-11 2.12682 1.24565 1.47056 0.0592055 0.0416719 0.369595 0.992445 -0.720245 -0.972493
11.2478 6.29889 3.86469 217.536 117.048 66.5266 39.8447 25.2453 5676.6 2985.69 1637.78 934.763 1026.74 342.871 221.25 183992 95287.3 51092 30823.2 16192.5 10338.6 22.6035 -103.69 -90.8219 147.031 -543.328 -518.876 -355.59 -195.373 696.343 -3012.19 -2441.88 -1608.24 -1236.7 -617.572 -395.26 1.70203e-10 3 1.76847 1.49925 0.858613 0.02957 0.365515 0.993245 -0.531085 0.99374
11.0629 6.38805 4.32961 211.756 114.978 68.9504 45.1449 32.6172 5479.91 2871.62 1627.88 987.813 1232.2 443.965 332.82 176344 90182.2 49302.2 31420.2 17449.9 12400.8 22.9582 -100.311 -89.7431 144.41 -520.681 -496.902 -353.946 -208.604 669.711 -2872.74 -2298.38 -1533.07 -1261.45 -678.03 -479.253 2.00112e-10 2.96899 1.85378 1.49932 0.945033 0.301321 0.370321 0.992477 -0.471044 0.775873
8.85187 -1.78038 0.0914278 78.6275 -32.5767 5.77108 -0.358469 0.0128726 700.827 -438.743 159.071 -26.4589 2.36588 -0.0770169 0.0023533 6268.11 -5242.07 2941.01 -966.641 155.279 -11.8413 -9.53344 -45.2144 27.7662 -42.4356 -84.4222 88.9592 -34.4877 6.17668 -103.193 -99.2332 161.47 -106.374 43.6793 -7.46755 -0.149076 4.90072e-11 -2.97392 0.279494 0.0876567 0.115373 0.0324451 0.364788 -0.993997 -0.778538 -0.904382
6.54477 -2.33112 1.68191 42.9451 -2.52945 0.0234464 -0.717316 2.90438 282.523 66.9155 -22.0175 8.64285 32.5131 4.29643 5.14418 1863.42 989.628 35.0647 -57.7465 29.6531 -14.4699 -11.7241 -24.3622 8.59772 -4.38743 -40.2576 -8.06536 4.92396 0.710587 14.8685 -54.682 -26.9379 4.47338 3.98311 -7.35506 5.62095 7.54089e-11 -2.55744 1.29253 0.0651616 0.106152 0.301375 0.394974 0.999341 -0.570811 0.949585
7.95266 -6.14353 3.52024 68.0794 -64.8803 48.632 -28.0436 12.4403 622.746 -691.611 632.037 -463.235 461.839 -121.781 44.1334 6051.19 -7565.08 8043.91 -7123.75 5118.41 -2959.03 -26.8888 -33.9346 58.2477 -83.3411 -32.4669 129.353 -151.82 105.24 -162.232 44.776 163.553 -259.835 317.647 -224.249 133.924 1.89178e-10 -2.79271 1.87532 0.39174 0.0585469 0.00308152 0.36936 -0.966705 -0.598808 -0.845955
9.12918 4.40588 2.67068 150.686 72.2985 39.6561 23.8339 15.8148 3410.2 1630.99 862.076 491.095 545.478 195.423 136.703 96725.7 46163.1 23889.2 13923.9 7699.33 5471.25 15.0737 -73.5737 -56.5036 90.3656 -333.159 -286.216 -188.888 -103.712 380.047 -1607.88 -1191.13 -754.3 -562.648 -296.885 -208.78 4.28158e-10 2.65475 1.29258 1.44273 0.999966 0.29552 0.395192 0.999259 -0.546375 0.949577
10.822 6.72141 4.6191 200.132 117.642 73.4493 48.6483 34.4157 4983.47 2837.81 1693.06 1056.07 1303.61 470.617 338.583 153958 85778.6 49683.4 32875.3 18600.5 12914.7 24.2842 -94.6427 -92.325 147.783 -466.219 -491.338 -369.256 -223.303 661.816 -2444.02 -2176.99 -1544.48 -1322.6 -722.047 -499.479 8.3663e-11 2.94877 1.96127 1.45834 0.878926 0.00725684 0.365606 0.916159 -0.566476 0.959974
6.86252 1.37389 0.98679 96.2772 24.4142 10.2159 4.03859 2.9188 1922.95 542.63 206.905 84.2383 89.2225 19.776 14.3776 49122.2 14773.4 5495.04 2228.76 995.041 525.427 3.01332 -49.0921 -17.4537 29.7307 -202.461 -96.3194 -44.9869 -16.6085 125.938 -891.53 -392.89 -176.992 -88.4952 -39.0956 -18.1206 3.79613e-10 2.178 0.187328 1.45562 0.97555 0.27306 0.42066 0.99631 -0.568601 0.935467
2.86376 1.73158 4.81315 23.2529 11.8968 14.894 10.499 37.4993 303.155 135.578 132.938 97.5244 227.127 90.6926 386.24 5387.92 2153.93 1910.62 2311.7 1592.16 1170.58 4.43612 -6.84423 -10.7514 13.8803 -22.4974 -22.179 -26.4003 -22.8244 30.8999 -72.3087 -48.4303 -48.1875 -91.441 -64.5622 -33.5531 1.71243e-10 0.906507 2 1.42899 0.90175 0.0138977 0.388931 -0.999996 -0.741342 0.837137
11.0553 -5.02678 4.96149 208.068 -60.432 34.1608 -27.0825 41.8554 5266.31 -1050.98 460.138 -256.754 972.148 -210.932 474.659 165256 -22929.3 8745.13 -7041.29 2251.91 -3145.61 -22.4467 -96.2031 52.478 -77.7082 -526.654 186.197 -102.163 65.5795 -246.138 -2981.11 609.861 -214.048 276.63 -174.869 157.059 5.83231e-11 -2.98409 1.9999 1.46646 0.980754 0.0397594 0.390735 0.988177 -0.573281 0.894037
8.08243 -0.36191 0.743537 126.946 -6.41102 7.25223 -0.804506 1.65845 2795.25 -149.744 151.611 -17.8423 48.2725 -2.98057 6.16488 78079.2 -4339.07 4290.39 -543.664 479.501 -98.6503 -3.89118 -64.0161 7.01733 -9.30258 -295.902 28.4355 -33.0002 5.15807 -35.7171 -1446.73 118.366 -140.143 26.0845 -20.9291 5.88442 7.49944e-11 -2.42384 0.0830164 1.48575 0.85828 0.00726372 0.36576 0.567891 -0.718616 -0.889273
10.911 -1.53702 0.0433364 202.543 -39.8988 4.4975 -0.152597 0.00245319 5055.31 -1152.85 193.546 -19.0636 0.83346 -0.0134537 0.000167922 156413 -38921.1 7868.99 -1171.45 104.959 -4.20157 -8.56543 -101.133 32.1192 -51.7074 -533.617 207.42 -40.286 4.65506 -269.922 -2893.52 1052.43 -259.621 50.9875 -5.33738 -0.603797 8.06309e-11 -2.96517 0.199702 1.4556 0.0587851 0.274292 0.362223 -0.967772 -0.786873 -0.921979
7.98325 5.48941 4.76074 123.436 76.1431 53.1593 41.5162 37.8777 2672.89 1547.39 987.345 685.319 970.865 428.689 402.797 73383.4 40666.5 24507.6 18442.2 10962.9 8742.77 19.3836 -57.494 -61.9411 95.2339 -242.725 -266.425 -217.958 -150.554 360.53 -1131.8 -1019.05 -744.447 -743.756 -440.732 -344.891 5.10953e-11 2.41261 1.96989 1.47056 0.938223 0.389322 0.369241 0.563353 -0.585531 0.910277
7.80222 5.61077 4.73573 119.021 78.763 56.4688 43.8069 37.6056 2550.11 1609.15 1077.91 764.548 1018.46 461.044 399.574 69380.9 42390 27204.4 20809.9 12874.3 10111.3 19.8664 -55.4052 -63.9526 98.5515 -226.769 -276.669 -237.901 -166.598 374.948 -1031.17 -1054.36 -830.97 -839.57 -507.427 -397.783 5.13723e-11 2.37471 1.96265 1.4707 0.940069 0.386951 0.369241 0.989783 -0.582352 0.910277
8.60896 -4.39877 2.24433 74.998 -51.8914 32.1766 -18.7899 10.5762 661.009 -574.199 435.548 -300.777 387.608 -120.045 71.534 5893 -6137.16 5574.94 -4528.95 3378 -2866.01 -19.9486 -39.8845 45.99 -66.8935 -54.1102 109.61 -103.122 68.8659 -134.819 -11.2178 147.249 -173.601 200.622 -155.997 125.134 4.69601e-11 -2.92972 1.22711 0.160326 0.859379 0.0353514 0.369242 -0.747992 -0.777353 -0.859376
4.5247 3.91633 4.39513 20.4971 16.3418 18.8408 21.8322 31.1337 92.9626 67.7849 106.914 131.801 444.345 172.788 291.121 422.119 279.11 701.576 996.612 1299.69 1816.9 13.1264 -8.93654 -18.4798 19.5089 1.69917 -7.60477 -25.0662 -35.9983 15.0715 17.3163 8.98311 12.8571 -43.435 -76.9733 -68.0663 6.79475e-11 2.12682 1.91359 0.0365658 0.856338 0.0460227 0.417578 0.685006 -0.719269 -0.992053
10.3778 6.24959 4.59017 190.57 106.285 66.9607 46.8788 37.1071 4765.54 2542.12 1494.14 953.138 1278.62 493.407 407.885 148792 76975.5 43258 29007.3 16754.5 12737.4 22.4074 -89.9039 -83.6954 133.402 -448.478 -438.755 -325.807 -203.383 592.778 -2398.4 -1951.8 -1332.32 -1165.74 -659.441 -496.255 3.89204e-10 2.85309 1.90069 1.49587 0.988716 0.294267 0.369213 0.715507 -0.586716 0.937987
8.57152 -4.0117 2.45187 73.4713 -37.1438 24.8656 -16.1841 12.0488 629.766 -342.015 293.167 -208.486 361.197 -99.4003 83.789 5398.13 -3134.2 3602.06 -3061.16 2386.28 -2198.9 -18.409 -38.9395 35.2478 -48.2188 -58.0302 66.4563 -70.3295 50.2502 -80.6084 -42.7918 70.6333 -102.181 135.493 -120.262 99.7083 4.64711e-11 -2.92771 1.31531 0.00305875 0.849599 0.0269137 0.365514 0.651598 -0.7351 -0.973279
9.00305 -6.99929 4.00384 81.2393 -81.0823 62.0436 -36.0777 16.0922 734.726 -894.678 865.885 -655.319 675.138 -177.372 64.9248 6659.85 -9565.87 11240.6 -10623.1 7973.17 -4730.85 -30.2927 -40.2358 70.8481 -103.857 -34.002 165.596 -205.128 145.739 -209.644 95.6527 196.348 -357.743 467.076 -340.453 206.105 4.53113e-11 -2.99966 2 0.0715524 0.0619957 0.0138977 0.388931 -0.999996 -0.741342 -0.99998
9.48912 -0.722688 0.808495 160.851 -9.00412 8.79141 -1.62321 1.94727 3724.24 -167.564 199.325 -28.5678 64.1384 -6.07399 7.76991 107843 -4068.27 6009.23 -732.495 652.673 -229.536 -5.32625 -80.3437 9.53433 -12.5862 -392.34 32.3918 -43.3319 7.66539 -39.8777 -1993.47 111.941 -195.408 34.7337 -28.7341 11.2032 7.57703e-12 -2.7188 0.287827 1.44819 0.851852 0.0043045 0.365805 0.865984 -0.590531 -0.746275
10.16 4.49624 2.74497 182.109 76.7441 39.8257 23.552 16.2354 4440.82 1820.18 879.722 474.449 555.239 187.491 138.924 135136 54354.1 25122.9 13748.1 7103.61 5106.67 15.4331 -88.3588 -59.6859 95.995 -439.883 -318.769 -192.286 -100.444 424.221 -2317.58 -1410.06 -791.942 -554.283 -278.512 -194.477 1.96172e-10 2.82603 1.33587 1.47429 0.980009 0.379148 0.367788 0.654142 -0.735729 0.787902
7.88206 -2.00446 0.152694 62.1268 -31.3795 7.17452 -0.65199 0.0356264 489.688 -370.14 165.216 -35.9393 4.71666 -0.229549 0.0107614 3859.75 -3885.41 2644.3 -1079.23 228.835 -25.2255 -10.4248 -36.6733 27.4523 -40.9197 -58.1185 76.9657 -36.6681 8.14477 -87.175 -44.8015 120.435 -97.6065 48.7994 -10.4216 0.571112 5.8159e-11 -2.8075 0.361933 0.000856681 0.147302 0.00282653 0.368814 -0.976904 -0.736772 -0.999766
3.11939 2.98581 2.23704 9.8039 14.3439 15.2929 13.3494 10.3218 31.042 60.8895 90.2945 104.284 176.228 86.4176 67.9856 99.0121 242.846 469.457 712.364 874.523 1015.29 9.42506 -5.31129 -14.5989 16.979 7.59889 -10.0147 -23.8799 -25.7336 13.4616 21.6618 5.7746 -5.33453 -32.4779 -40.718 -38.2832 8.38813e-11 1.76452 1.23755 0.076675 0.839944 0.277263 0.414034 0.905728 -0.53956 0.698541
6.62397 -0.717457 0.0746177 44.0279 -6.17894 1.96883 -0.0919105 0.0103688 293.644 -50.5515 54.965 -8.74491 1.07414 -0.0168659 0.00199375 1965.12 -400.389 857.652 -232.15 43.5746 -3.55973 -5.30544 -27.4532 7.80166 -9.0087 -39.6991 12.8766 -11.3036 2.73033 -12.5576 -34.4997 13.4171 -31.4068 12.9878 -2.31755 -0.512949 6.20346e-11 -2.5726 0.237232 0.0754811 0.13542 0.028426 0.364802 0.664212 -0.758096 -0.87852
10.1904 0.839976 0.104259 180.206 11.3619 1.90203 0.0925627 0.0140589 4312.53 225.994 75.0981 8.61797 1.0502 0.0127417 0.00228082 128405 5818.53 2995.82 369.336 39.9903 2.90584 0.889569 -90.8262 -7.36563 13.2028 -460.83 -39.8844 -14.5215 -0.572537 52.0102 -2415.13 -155.78 -97.1119 -10.1396 -0.164232 -0.640946 6.36033e-11 2.84664 0.310337 1.44467 0.0891618 0.0311138 0.370402 0.659879 -0.772393 -0.746762
8.62876 -4.74148 3.63446 74.5005 -26.61 14.2728 -11.6137 13.7436 643.625 -106.258 24.1001 -10.7561 249.766 -22.6085 53.9526 5563.77 148.89 -230.766 120.53 -70.9732 49.7438 -21.3118 -37.6739 29.582 -34.8802 -69.9449 26.2125 -11.294 11.5325 -25.564 -124.223 5.2289 28.3521 -2.05022 -30.7907 15.0746 1.78021e-10 -2.93725 1.89671 0.0361367 0.192199 0.279819 0.369217 0.721238 -0.573213 0.93805
8.97819 -5.10356 4.79317 146.789 -65.9635 42.7068 -32.9168 38.4762 3297.93 -1269.33 733.186 -480.07 908.042 -305.263 413.105 92978.1 -31834.2 17540.6 -13255.5 7129.15 -6015.39 -22.7521 -67.3235 56.3752 -84.7126 -314.182 220.078 -161.275 110.527 -297.118 -1557.73 806.206 -512.189 529.84 -326.513 270.375 1.71113e-10 -2.6255 1.97529 1.44392 0.944151 0.0311138 0.370418 0.910782 -0.234384 -0.745656
2.3206 0.272787 4.56119 16.141 1.99346 10.1433 7.73889 36.3113 186.958 24.1411 68.1007 51.1131 120.738 116.474 391.925 3029.26 407.274 766.978 263.659 775.824 828.948 -1.36654 -3.18712 -0.847511 1.33984 -13.5002 -0.426679 -11.3949 -12.6332 4.88156 -43.2738 -3.6183 -17.9807 -7.66029 -29.2282 -25.6141 3.89204e-10 -0.291723 1.90069 1.49516 0.973948 0.277186 0.369213 0.716265 -0.586716 0.938256
10.3948 -3.64513 1.59475 187.305 -53.6186 18.6052 -5.87534 2.55523 4565.85 -1145.43 417.878 -146.501 86.8719 -9.51358 4.11337 138450 -31468.4 12564.9 -5564.65 1611.63 -460.991 -16.9508 -91.3885 45.6109 -69.0806 -469.131 209.65 -93.1195 32.5124 -268.19 -2495.62 845.423 -415.23 229.491 -66.5235 22.8639 7.37195e-11 -2.87609 1.26209 1.45701 0.0433851 0.0122004 0.339421 -0.965615 -0.720452 0.935139
8.67838 -0.962818 0.0702909 80.9684 -12.4485 2.5462 -0.107433 0.0065015 806.371 -154.171 84.1225 -12.7146 0.902947 -0.0134318 0.000729835 8523.46 -1912.85 1781.21 -490.471 71.8596 -4.27977 -6.28141 -46.1131 12.5294 -16.9477 -98.7413 33.0825 -17.4626 3.47075 -36.7507 -166.617 59.2147 -62.6774 23.8896 -3.53016 -0.503833 8.36428e-11 -2.91787 0.253972 0.405505 0.0760869 0.0324451 0.364804 0.546507 -0.750416 -0.990032
8.10012 3.61711 2.08648 125.481 54.0215 27.0804 15.006 9.43547 2711.89 1144.16 544.788 280.944 280.547 93.5704 61.8433 74155.2 30869.1 14267.4 7588.82 3720.59 2347.92 11.9362 -62.0714 -42.4309 67.2219 -270.858 -202.967 -120.076 -59.4235 266.383 -1270.68 -807.696 -457.101 -306.779 -142.878 -87.4243 7.77504e-11 2.44398 1.16028 1.45845 0.86037 0.0456331 0.368761 0.563353 -0.717097 0.999465
6.76649 -3.27179 4.75785 95.4459 -27.3096 17.1136 -12.6519 36.1412 1928.13 -347.409 154.595 -81.1982 435.729 -56.8934 361.182 49972.5 -5571.7 2145.45 -3282.01 582.014 -658.841 -15.4658 -42.5748 26.5316 -35.766 -194.581 64.0572 -33.0059 24.4931 -81.8678 -916.134 153.61 -37.2639 128.034 -63.1195 49.2803 2.96313e-10 -2.13955 1.9964 1.47947 0.87877 0.0073298 0.370612 0.999829 -0.514916 0.999368
4.65339 3.68766 2.81627 22.3393 24.7442 23.5724 20.6364 17.1953 110.484 155.166 185.784 196.337 364.537 173.652 152.182 562.216 947.172 1378.94 1752.57 1992.92 2484.11 12.2168 -12.1195 -23.2242 30.1486 3.6598 -26.8947 -46.5356 -47.2924 35.4732 35.8518 -4.62303 -23.7169 -77.7646 -94.2131 -98.7711 6.79494e-11 2.14859 1.34775 0.192265 0.99992 0.00831673 0.369267 0.649697 -0.735174 0.934099
1.16114 2.30473 2.62609 1.50083 4.89151 9.80775 13.3878 14.8079 2.12738 9.17402 28.0888 58.2371 140.514 110.821 120.671 3.27107 17.0333 68.6605 203.641 436.475 759.421 6.71592 1.66869 -6.86728 5.00958 8.05872 3.24035 -7.52906 -17.2894 1.38706 7.55121 8.30158 9.29074 -7.38039 -22.754 -30.3926 6.35291e-11 1.06198 1.3095 0.182569 0.954614 0.303138 0.368926 0.952058 -0.58624 0.876059
1.49815 3.31487 4.83293 2.27832 7.75158 17.7574 29.6685 40.565 3.51587 16.0235 52.9133 125.996 371.611 348.597 460.884 5.50394 31.2622 136.271 445.001 1097.24 2250.14 10.734 3.85326 -11.511 8.63123 15.0689 8.92608 -12.5727 -40.0634 2.98628 14.4513 18.3155 27.5505 -11.7627 -60.5227 -103.103 2.06307e-10 1.22168 1.95985 0.0752357 0.995953 0.299002 0.369964 0.867435 -0.519286 0.973695
8.49099 -2.50899 2.74519 136.472 -21.5208 13.3923 -8.7066 16.2584 3050.47 -255.035 156.335 -63.4691 277.672 -46.1694 139.361 86124.7 -3023.3 2866.01 -1526.7 516.114 -888.858 -12.4316 -65.5096 21.4226 -28.4358 -316.637 48.8291 -35.1589 18.7796 -60.3004 -1596.51 87.3841 -74.9601 63.5686 -47.3402 47.7422 1.95247e-10 -2.51344 1.33485 1.47431 0.981509 0.289339 0.365554 0.900401 -0.735751 0.791765
4.63284 5.2263 4.94648 22.1297 33.3288 40.9843 43.5443 41.7667 108.843 202.703 312.785 409.432 876.154 491.228 474.701 550.543 1210.73 2251.96 3566.13 4899.52 6546.08 18.3371 -9.18913 -32.8436 41.0191 19.9808 -27.792 -78.0809 -100.967 46.5721 71.9721 18.8852 -12.9194 -155.895 -234.179 -273.225 6.77947e-11 2.144 1.99429 0.190012 0.984522 0.00822795 0.369267 0.906424 -0.261159 0.99466
2.01826 -1.08559 4.95801 12.2201 -6.57271 12.3489 -15.4686 42.3653 123.316 -66.3238 88.9496 -101.197 173.838 -217.818 488.799 1742.18 -936.963 1040.68 -1138.65 1327.96 -1651.97 -6.76978 -0.325762 7.79706 -9.50732 -3.94592 6.05452 -14.6559 29.6611 -16.2402 -11.2656 11.6046 -22.0452 41.9949 -52.1306 104.395 1.93405e-10 -0.0430346 1.99025 1.42 0.998465 0.00696076 0.368814 -0.999912 -0.719021 -0.999978
7.9976 -4.63905 3.87765 64.0034 -22.6762 12.633 -11.397 15.6064 512.542 -66.032 6.32514 -0.213757 254.953 -19.2804 65.0648 4107.13 395.674 -290.243 141.648 -86.2722 70.0474 -20.9044 -31.9645 26.6767 -29.8988 -55.9961 17.7869 -6.33445 9.48607 -16.172 -97.2107 -2.54793 32.623 -4.42998 -30.4886 15.0575 1.88393e-10 -2.82777 1.95977 0.0361367 0.192199 0.279819 0.369596 0.867435 -0.573213 0.93805
2.56234 2.95862 4.95145 6.9461 6.74019 11.2204 18.7414 41.9145 19.8335 15.9575 38.7669 65.6871 331.913 173.958 477.824 59.4302 38.8718 164.429 297.853 546.335 1143.71 9.31689 0.566421 -10.0708 7.35053 5.95776 4.19495 -4.72581 -22.2056 2.97086 8.58346 8.49043 24.6631 -9.56452 -38.2652 -42.2399 6.54978e-11 1.589 1.99429 0.193393 0.987045 0.0302659 0.368723 0.534868 -0.720068 -0.955505
11.0942 -3.03149 2.41559 212.803 -34.2866 16.8898 -9.89293 12.3637 5517.37 -548.649 245.677 -96.284 294.375 -50.5976 91.0792 177860 -10373.5 5281.86 -2338.22 791.641 -1101.37 -14.51 -102.185 31.1712 -44.6009 -568.799 102.148 -55.8206 25.6093 -128.853 -3274.15 288.148 -155.877 98.6231 -59.8555 54.4951 2.0661e-10 -2.97392 1.26624 1.5 0.901235 0.301506 0.369986 0.54463 -0.523111 0.923786
6.86615 -3.45126 4.66975 98.0057 -31.3759 19.6312 -15.1336 35.0427 2001.74 -444.827 202.922 -114.12 446.94 -89.2105 346.766 52430.6 -8322.41 3189.59 -3831.46 916.689 -962.729 -16.1797 -43.9089 29.6621 -40.9151 -199.809 80.3392 -44.2062 32.1161 -104.613 -947.949 223.508 -72.5272 150.683 -75.6663 63.6371 3.41052e-10 -2.15864 1.97414 1.4854 0.878926 0.0073298 0.365659 0.6287 -0.717993 0.991719
10.1904 0.856377 0.0997834 180.206 11.8632 1.86646 0.0861942 0.0113193 4312.53 240.772 73.027 8.39206 0.883683 0.00977957 0.00142963 128405 6313.63 2899.19 368.534 38.1984 2.56257 0.954807 -90.8349 -7.73549 13.8378 -460.88 -42.5123 -14.0882 -0.52946 55.4605 -2415.81 -169.186 -93.9612 -10.0845 -0.0682818 -0.644854 6.28856e-11 2.84664 0.310337 1.44467 0.0589427 0.0311138 0.370402 0.659879 -0.772393 -0.71396
5.81003 5.18077 3.50613 37.6668 40.1801 34.6142 23.3678 12.3506 268.27 324.83 333.154 279.791 327.277 100.643 43.7087 2075.45 2766.48 3233.19 3229.58 2646.69 1767.37 18.156 -19.5376 -36.9914 49.6947 -6.08089 -61.1307 -82.9878 -63.6684 75.0864 41.9984 -50.3747 -98.2242 -145.095 -110.523 -61.641 5.03553e-11 2.37471 1.87137 0.41324 0.0641548 0.389459 0.369236 0.563353 -0.582184 0.910277
0.020154 -1.17598 2.68505 0.000570851 -0.0647662 2.75799 -8.86646 15.6985 2.02345e-05 -0.00299178 0.277813 -9.67411 62.7047 -84.3789 133.221 8.52076e-07 -0.000146978 0.01883 -1.49113 45.1136 -214.754 -7.1293 4.51128 4.16297 -1.26645 2.25627 -4.32733 2.60186 8.93878 -0.755588 -0.12478 -1.47266 6.67908 -3.77323 -7.065 27.941 7.67362e-11 -0.134148 1.31222 0.0464563 0.981393 0.00696076 0.368814 -0.999912 -0.719024 -0.999978
4.56102 2.557 2.08549 50.2663 26.0123 16.0151 11.0939 9.42303 831.857 410.208 229.971 141.347 152.071 71.0187 61.7028 18095.9 8633.86 4586.06 2957.67 1624.98 1147.08 7.71939 -24.7859 -21.3939 31.7544 -80.0581 -72.9858 -51.7849 -31.2287 95.0205 -293.068 -223.15 -145.957 -120.324 -63.1685 -41.8045 5.67727e-11 1.56971 1.16028 1.44811 0.859792 0.0456331 0.373719 0.561122 -0.747653 0.910277
8.25089 -6.55955 3.8672 68.1199 -69.2327 54.2508 -32.497 15.0298 562.755 -696.344 687.932 -533.759 571.397 -154.008 58.7017 4651.97 -6783.29 8124.35 -7853.39 6048.61 -3695.27 -28.5436 -33.8234 61.9982 -88.8524 -21.4205 129.809 -165.684 121.062 -163.337 87.963 132.7 -256.438 350.867 -266.538 165.668 5.92341e-12 -2.87221 1.96529 0.0359782 0.0694268 0.284702 0.364958 -0.831942 -0.738367 -0.997676
10.5574 2.10788 1.07209 194.771 44.4597 16.6736 6.21038 3.35721 4873.7 1188.91 410.077 152.212 135.115 30.2523 17.1765 151925 38644.9 12854.9 4730.52 1917.02 1085.46 5.9329 -96.368 -32.4732 55.1139 -505.303 -208.717 -88.4786 -30.4763 276.832 -2758.41 -1020.68 -414.801 -187.394 -72.5595 -39.035 2.1064e-10 2.89045 0.461742 1.48413 0.92676 0.272544 0.370424 0.647921 -0.573086 0.898547
10.5431 5.69834 4.76782 195.646 85.8248 52.423 37.207 37.8517 4935.62 1890.4 1060.13 658.541 1104.67 346.778 401.152 155313 53747.9 29329.7 20593.1 10960.6 8429.59 20.2147 -91.9744 -68.8642 107.494 -479.085 -328.149 -231.292 -142.948 440.615 -2638.93 -1371.84 -883.225 -826.039 -454.543 -323.891 1.89066e-10 2.88121 1.97362 1.49724 0.93416 0.284333 0.37033 -0.958517 -0.256357 0.982385
9.86425 -4.78989 3.11436 173.385 -66.3953 29.9458 -14.2985 9.73716 4159.43 -1360.23 556.896 -242.5 256.905 -42.7696 30.562 124739 -36175.3 14428 -8344.55 2643.24 -1071.65 -21.5044 -82.3681 56.3391 -85.2594 -415.496 245.567 -125.949 55.9206 -318.341 -2197.95 961.511 -468.343 341.451 -119.825 55.1999 7.55185e-11 -2.77457 1.76389 1.47175 0.0551942 0.00491894 0.36936 0.892212 -0.598808 -0.683922
11.1704 6.50982 4.33213 215.096 119.203 71.6629 46.3975 32.5609 5592.99 3011.51 1727.48 1049.15 1274.51 457.756 331.169 180722 95410.7 53103.1 33897.8 18942.7 13270.3 23.4425 -101.903 -92.8321 149.76 -529.941 -520.946 -375.146 -220.7 702.372 -2926.31 -2429.08 -1654.14 -1360.18 -730.571 -511.969 8.06949e-11 2.98713 1.85617 1.49915 0.941681 0.303159 0.370321 0.992477 -0.471044 0.937907
8.13771 -3.9686 4.46963 126.407 -40.0434 23.1907 -18.0403 32.2633 2737.73 -615.976 266.86 -148.756 521.379 -114.69 307.637 74998.4 -12373.5 4494.74 -4346.78 1174.56 -1305.5 -18.2375 -58.0504 36.6373 -51.8906 -274.287 110.768 -59.6052 40.3522 -144.573 -1355.52 331.718 -111.175 172.481 -93.6347 78.131 8.28884e-11 -2.4517 1.9286 1.45838 0.866097 0.048856 0.365428 0.631026 -0.727241 0.888467
4.5247 3.91633 3.67371 20.4971 16.3418 15.5766 13.3563 13.6707 92.9626 67.7849 92.1275 96.4333 199.292 45.8599 51.5169 422.119 279.11 634.511 849.908 868.91 696.725 13.1264 -9.96286 -18.3194 19.5089 -1.36972 -11.9423 -23.2959 -23.6133 15.0715 13.1133 3.30661 -7.9734 -38.8418 -41.7331 -16.0636 6.79475e-11 2.12682 1.91359 0.0365658 0.109074 0.033755 0.417578 0.685006 -0.719449 -0.992053
9.64497 -6.25663 4.7495 163.454 -98.9735 65.8818 -47.8112 38.3354 3763.75 -2190.1 1373.2 -919.816 1256.85 -502.53 415.882 108071 -61190.5 36914.6 -26128.8 15825.2 -12241.7 -27.3386 -75.2825 80.9635 -126.513 -340.376 375.625 -300.529 200.908 -512.098 -1654.46 1526.63 -1125.32 1048.01 -645.895 516.291 1.68898e-10 -2.75742 1.95704 1.42884 0.958906 0.0527684 0.387558 -0.970194 -0.555087 -0.750296
10.1731 4.52184 2.76484 181.223 76.7753 40.0255 23.7669 16.4244 4381.55 1806.24 877.75 475.848 561.946 189.751 141.032 132020 53422.3 24837.9 13659.5 7102.72 5142.45 15.5349 -87.9744 -59.7681 96.0345 -433.845 -316.454 -191.994 -100.834 420.967 -2261.55 -1385.78 -782.459 -551.087 -279.12 -195.942 1.87584e-10 2.83532 1.34312 1.46084 0.98024 0.299641 0.370321 0.647486 -0.739658 0.779868
6.62351 -3.37832 2.4646 44.0093 -23.8431 18.9554 -14.4105 13.0009 293.335 -168.169 175.578 -143.154 300.352 -95.7546 99.0133 1961.27 -1185.84 1713.34 -1645.97 1513.98 -1721.55 -15.8896 -23.6659 24.9664 -31.3765 -23.1405 32.5333 -43.2273 37.0393 -40.0189 0.534588 19.3486 -39.1019 74.4851 -84.2302 82.2584 2.05952e-10 -2.5726 1.27116 0.0723127 0.921283 0.0332272 0.369984 0.664212 -0.44998 -0.880502
0.0125325 -1.20811 4.99128 0.000236492 -0.0409119 2.89493 -16.4247 42.7388 5.7451e-06 -0.00125417 0.178084 -10.3316 96.7517 -228.335 493.398 1.68684e-07 -4.21414e-05 0.00798393 -0.969068 48.8584 -394.854 -7.2571 7.80779 3.7058 -1.23624 2.38438 -8.37176 8.8607 13.4627 -0.755182 -0.153135 -1.57977 10.1303 -13.0125 -2.67428 60.838 1.79597e-10 -0.104081 2 0.0412275 0.995635 0.0128158 0.368501 -0.999912 -0.715053 -0.999978
7.96064 -0.615547 0.808495 121.357 -6.52739 7.45355 -1.37752 1.94727 2582.02 -106.251 152.035 -21.3286 54.1831 -5.13607 7.76991 69522.9 -2286.75 4200.69 -483.729 499.287 -169.167 -4.90007 -61.3286 7.64435 -9.44993 -273.911 21.2155 -33.223 6.17691 -25.5623 -1288.82 63.6106 -136.85 24.0668 -22.5539 8.93288 3.92395e-12 -2.42144 0.287827 1.44819 0.851852 0.0043045 0.365759 0.865984 -0.73764 -0.703166
5.25274 3.63687 2.23704 27.7147 27.5637 22.1542 15.7245 10.3218 146.88 190.07 198.997 175.901 257.529 99.8402 67.9856 781.854 1243.87 1632.07 1790.39 1696.63 1660.74 12.0148 -16.0831 -24.8629 33.7189 -2.86832 -36.4015 -49.3787 -40.4249 43.6225 33.5942 -18.0913 -43.0992 -79.832 -74.937 -62.9608 8.38813e-11 2.2906 1.23755 0.076675 0.839944 0.277263 0.416191 0.905728 -0.539215 0.698541
7.24567 -0.0305984 0.928681 52.5501 11.6154 5.30547 0.0828982 2.56767 381.492 170.092 67.1888 26.6639 62.3778 1.03529 11.7556 2772.13 1858.03 978.742 477.796 219.027 -24.7045 -2.57332 -30.8576 -5.78261 13.5238 -48.0497 -31.7996 -15.0125 -3.55188 38.9581 -51.0363 -54.2633 -29.2874 -17.758 -13.4139 3.537 1.98331e-10 -2.69145 0.314937 0.0417173 0.910766 0.0325757 0.363707 0.740651 -0.568975 0.89343
0.0883689 0.156601 4.61817 0.0128434 0.118817 -0.0480173 6.29314 33.8657 0.00248138 0.0333801 0.24288 -0.349361 26.8777 88.937 326.092 0.000590441 0.00961842 0.116122 0.664471 -1.36077 36.4495 -1.82869 6.96956 0.648356 -1.03398 -0.391666 3.7991 7.95164 -2.05149 -0.747096 -0.135066 0.0533078 2.98583 5.82585 4.45118 6.50841 1.89693e-10 -0.269714 1.9699 0.124994 0.858869 0.00890612 0.369287 0.515557 -0.566996 0.860265
7.94754 0.342271 0.0434953 121.541 13.7942 0.11573 0.0833851 0.00246501 2597.96 393.035 31.5261 -0.271981 0.300265 0.00864957 0.00016871 70332.7 12376.2 1526.78 86.0433 -1.5971 0.703245 -1.09015 -62.6134 -7.86785 16.2828 -283.003 -68.1567 -5.09217 1.03871 91.0108 -1340.63 -333.412 -48.1093 0.418752 0.614245 -0.781233 8.06309e-11 -2.41428 0.200164 1.4556 0.0585635 0.274292 0.362151 0.787996 -0.568505 0.863051
10.9878 6.46189 4.32626 209.051 116.91 70.751 46.0317 32.4085 5378.62 2922.64 1688.36 1031.08 1251.9 453.091 328.31 172107 91700.8 51415.4 33038.5 18539.7 13008.6 23.2519 -99.0651 -91.1952 146.857 -508.678 -505.715 -366.965 -217.131 681.624 -2777.83 -2333.38 -1601.4 -1326.27 -715.267 -502.069 7.98747e-11 2.95815 1.85617 1.49573 0.93856 0.303159 0.395508 0.992477 -0.471044 0.949666
8.524 -2.51774 2.74519 137.321 -21.6605 13.4533 -8.74751 16.2584 3075.11 -257.437 157.437 -63.9363 279.006 -46.4694 139.361 86957.6 -3065.15 2891.08 -1535.76 519.957 -896.098 -12.4664 -65.9177 21.5352 -28.6126 -319.157 49.2678 -35.4143 18.8911 -60.8613 -1611.79 88.5476 -75.6997 63.947 -47.6214 48.0368 1.28396e-11 -2.52 1.33485 1.47431 0.981509 0.289339 0.365541 0.900401 -0.751344 0.791765
6.54477 -0.215778 0.225982 42.9451 11.3329 -1.25999 0.369325 0.0593726 282.523 157.995 23.5245 -3.73246 1.68498 0.207682 0.0176348 1863.42 1589.58 688.769 48.6964 -10.2422 1.08757 -3.30991 -26.7344 -5.02638 13.1662 -41.8987 -29.3396 -2.88735 1.61021 36.1337 -42.2551 -51.5571 -21.9461 1.53679 0.0633346 -0.15517 6.79676e-11 -2.55744 0.465402 0.0651616 0.0968626 0.301375 0.39538 0.999341 -0.570811 0.949585
4.35339 3.70103 4.68088 47.6851 36.026 31.2875 29.7928 35.9609 795.82 557.398 426.764 351.244 484.156 311.847 366.993 17589.2 11674.6 8304.36 7898.46 5038.76 4437.26 12.27 -19.8593 -31.1925 44.4346 -61.8163 -92.7149 -95.005 -81.5568 129.386 -227.28 -277.258 -246.227 -316.845 -200.847 -177.259 6.56719e-11 1.46334 1.96422 1.48729 0.907034 0.0307399 0.374211 0.964916 -0.56729 0.688471
3.73295 -3.83121 3.93241 13.996 -14.3817 16.6201 -15.1893 15.6121 52.7039 -54.221 97.0147 -120.872 219.14 -60.7907 62.5673 199.322 -205.302 597.922 -1012.05 1224.15 -1070.08 -17.691 -4.59159 19.3368 -19.3957 6.39658 8.50247 -25.9899 34.142 -13.4144 21.2842 -10.6211 -5.22328 50.0365 -68.0073 60.997 5.94351e-11 -1.93103 1.98065 0.0639737 0.0971314 0.0303229 0.369344 0.952835 -0.732601 -0.965879
10.2082 6.2948 4.95102 184.262 102.333 66.0916 48.597 41.9017 4528.22 2363.37 1394.36 910.428 1337.73 524.413 477.554 138923 69424.9 38593.8 26659 15389.8 12234.2 22.5872 -86.4634 -81.2409 128.398 -424.881 -407.18 -304.865 -196.626 551.044 -2243.94 -1757.85 -1175.06 -1072.39 -620.316 -480.552 6.54978e-11 2.83042 1.99429 1.4822 0.986828 0.0302659 0.369287 0.534868 -0.56037 0.765348
