10.0201 1e-07 3.32109 180.173 1e-07 35.6882 -22.8187 22.1713 4423.46 1e-07 727.061 -409.537 639.335 -184.893 208.669 135738 -37096.8 20306.8 -12377.6 6497.09 -5009.7 2e-07 -60.7509 -0.252809 4e-07 -1400.15 -48.6528 -732.402 585.048 6e-07 -41509.5 20548.7 -18416.5 15983.9 -12735.1 10337.9 0.0155156 2.81721 -1.55241 1.48621 0.981471 1.43594 0.101658 -0.998788 0.999975 0.998752
11.25 1e-07 3.18326e-08 217.687 1e-07 1.99338 -2.23114e-11 1.01332e-15 5683.92 1e-07 134.553 -0.0105932 3.80727e-07 -8.22071e-19 3.23007e-23 184349 -7.83643 6508.99 -0.615576 23.8413 -1.33425e-09 2e-07 -76.5562 0.411408 4e-07 -1916.88 4.22967 -127.078 3.01271 6e-07 -60315.8 67.3074 -6261.75 39.4516 -35.762 50 8.64651e-18 3 -0.000178417 1.5 1.57242e-07 1.49716 0.026396 -0.998398 0.999004 0.998287
8.53218 1e-07 2.77994 74.7655 1e-07 26.427 -14.0513 8.10397 657.082 1e-07 316.966 -210.393 247.162 -41.1693 23.8684 5784.39 -3269.82 4127.43 -3634.05 2406.85 -1204.09 2e-07 -28.1819 -0.14458 4e-07 -192.609 -29.8777 -352.231 315.297 6e-07 -807.57 1087.68 -3860.98 5112.06 -4859.44 2625.16 0.0363819 2.96469 -1.69627 0.00146613 0.0870413 1.31151 0.00249729 -0.999305 0.998747 0.999833
0.000467747 1e-07 4.99866 4.91992e-06 1e-07 1.99908 -0.291374 42.9654 4.20902e-05 1e-07 0.00560533 -0.73227 83.8745 -3.00331 498.286 0.000541013 0.000294427 0.000147447 -0.00145885 24.096 -17.4554 2e-07 4.99819 -0.588323 4e-07 5.99724 -0.982373 37.0505 0.197013 6e-07 0.0278223 -2.93037 251.826 -31.6895 43.0729 290.552 4.532e-07 0.0199755 -1.99991 0.00823979 0.999505 1.35508 0.0356476 -0.999946 0.999314 0.998364
4.24962 1e-07 1.66448 45.3231 1e-07 9.62483 -3.66211 3.19089 733.556 1e-07 134.433 -65.5946 50.8431 -7.05933 6.18662 15665.9 -4371.28 2725.32 -1888.59 732.213 -280.608 2e-07 -16.1821 0.0785127 4e-07 -236.515 -7.50085 -145.575 99.1942 6e-07 -4761.17 2352.15 -2683.88 2530.74 -1357.88 688.331 0.121764 1.59182 -1.37468 1.43191 0.0740033 1.35505 0.0162012 -0.998834 0.999012 0.999252
3.51981 1e-07 1.87956 35.431 1e-07 10.7688 -7.15579 12.3783 570.22 1e-07 141.821 -86.792 155.282 -57.4613 115.657 12413.3 -3280.35 2765.52 -2085.34 1311.1 -1046.17 2e-07 -12.2695 0.0354952 4e-07 -174.19 -15.0173 -145.421 135.462 6e-07 -3585.1 1607.25 -2422.54 2709.68 -2628.12 2369.44 0.423366 1.57538 -1.51017 1.47787 0.989274 1.39958 0.0186067 -0.999808 0.99998 0.999906
4.25091 1e-07 2.98387 45.6788 1e-07 15.8097 -11.5284 19.3918 746.578 1e-07 203.835 -140.268 242.593 -89.9812 174.974 16115.8 -5227.65 3900.74 -3322.91 2010.1 -1609.43 2e-07 -14.9707 -0.185367 4e-07 -222.223 -24.47 -208.031 217.044 6e-07 -4562.13 2553.55 -3352.32 4323.34 -4055.58 3635.81 0.13558 1.5981 -1.60625 1.44076 0.933729 1.3549 0.00595879 -0.998794 0.999067 0.998812
9.07188 1e-07 4.16221 143.04 1e-07 40.0506 -29.4256 31.45 3051.38 1e-07 709.467 -464.178 816.81 -264.979 325.517 80962.7 -27752.6 17099.5 -12350.2 7289.32 -6098.25 2e-07 -47.8216 -0.421034 4e-07 -938.302 -63.1291 -718.394 675.41 6e-07 -23792.9 14711.8 -14928.3 15946.4 -14681.1 12802.8 0.00705081 2.69558 -1.80094 1.36169 0.97384 1.49919 0.0349531 -0.998822 0.999985 0.986492
3.37004 1e-07 2.26231 32.9678 1e-07 12.1988 -8.98123 16.9782 520.256 1e-07 154.037 -103.7 194.256 -80.9 175.929 11166.4 -3440.95 2903.98 -2547.72 1605.98 -1348.43 2e-07 -10.9981 -0.041053 4e-07 -152.448 -19.0158 -155.557 162.158 6e-07 -3100 1632.52 -2461.82 3272.78 -3200.83 3063.59 0.442758 1.51436 -1.75499 1.48299 0.98975 1.39903 0.0172271 -0.999304 0.999942 0.979282
9.33379 1e-07 2.98114 163.936 1e-07 33.1065 -15.9636 10.2195 3932.35 1e-07 668.536 -315.682 313.36 -54.7509 35.0591 117502 -38648.1 18339.9 -11012.1 4170.79 -1755.24 2e-07 -55.5334 -0.184819 4e-07 -1244.32 -34.7085 -685.993 448.943 6e-07 -35840.1 21859.8 -17476.7 14352.1 -7826.23 3714.11 0.129725 2.89195 -1.85064 1.43865 0.025276 1.39962 0.00623203 -0.999942 0.999139 0.999321
11.0258 1e-07 3.29276 206.951 1e-07 38.6428 -23.3308 20.3424 5216.52 1e-07 820.957 -443.024 651.105 -172.688 173.743 162843 -45218.5 23567.2 -13848.6 6911.26 -4885.55 2e-07 -69.8185 -0.247143 4e-07 -1655.98 -49.8541 -827.448 627.943 6e-07 -49964.6 25280 -21587.2 17913.1 -13458.3 10049.6 0.0104181 2.99957 -1.58611 1.45651 0.900909 1.48036 0.0556557 -0.999282 0.999796 0.994665
7.46211 1e-07 0.684475 133.298 1e-07 9.55801 2.15114 2.28674 3389.29 1e-07 233.313 48.0129 87.813 11.0191 12.6075 108529 7318.61 7690.61 1447.02 1043.02 475.194 2e-07 -46.7671 0.274513 4e-07 -1121.41 5.46066 -237.014 -62.4451 6e-07 -34781.4 -4190.94 -7372.45 -1895.58 -1987.64 -834.115 0.392792 2.97584 0.389457 1.49922 0.987705 1.35402 0.00426183 -0.998867 0.999756 0.98405
9.97506 1e-07 3.7299 170.825 1e-07 39.3609 -25.9862 24.7896 3942.74 1e-07 759.765 -449.678 710.83 -204.973 224.507 112946 -35329.6 19894.1 -13028.3 6961.88 -5185.9 2e-07 -57.4926 -0.334572 4e-07 -1235.56 -55.7408 -769.285 645.849 6e-07 -34027.8 19317.3 -17916.6 16865.5 -13776.9 10800.6 0.00494409 2.83512 -1.71346 1.40559 0.901388 1.4894 0.0171995 -0.998713 0.999353 0.996586
9.43601 1e-07 4.15909 163.667 1e-07 41.5797 -29.4036 31.4264 3909.02 1e-07 800.576 -496.862 827.967 -264.78 325.273 117265 -37765.6 21323.5 -14856.8 8054.93 -6391.17 2e-07 -54.3769 -0.420409 4e-07 -1211.63 -63.241 -805.01 714.545 6e-07 -35085.7 20579.1 -18959.9 19085.8 -15885.5 13328.7 0.0077953 2.69558 -1.80094 1.49289 0.97384 1.39502 0.0226068 -0.998822 0.999989 0.986492
9.11668 1e-07 3.53287 146.137 1e-07 34.5337 -23.0202 22.6628 3179.27 1e-07 631.666 -379.683 600.22 -175.742 198.876 86169.1 -26951.9 15746.6 -10513.5 5711.17 -4286.84 2e-07 -49.425 -0.295165 4e-07 -996.318 -49.1966 -642.532 550.356 6e-07 -25871.7 14586.2 -14152.4 13656 -11375.8 9000.28 0.0114592 2.69946 -1.66553 1.38296 0.894301 1.39918 0.0582345 -0.999262 0.999781 0.994098
11.2336 1e-07 4.3119 217.177 1e-07 50.5412 -33.4246 31.4265 5666.35 1e-07 1073.57 -626.874 990.028 -286.517 307.264 183654 -59055.5 31004.2 -20246.2 10350.5 -7526.09 2e-07 -72.0748 -0.450971 4e-07 -1765.46 -72.3358 -1076.38 887.02 6e-07 -55394.7 32800.4 -27966.4 25992.4 -20162.8 15519.7 0.000365356 2.99792 -1.86854 1.49978 0.906668 1.48564 0.0470223 -0.999402 0.999333 0.98948
9.06844 1e-07 3.22074 142.975 1e-07 31.4639 -15.7125 10.4757 3049.93 1e-07 573.901 -287.958 286.678 -51.2932 34.15 80923.3 -27738 14205.5 -9060.38 3643.57 -1591.72 2e-07 -48.7403 -0.232739 4e-07 -963.562 -33.987 -595.713 415.16 6e-07 -24457.4 15435 -13560.2 11911.9 -6903.6 3411.94 0.00755122 2.69558 -1.80094 1.36169 0.0428817 1.49919 0.0349531 -0.998822 0.99853 0.986492
10.829 1e-07 0.924156 204.541 1e-07 12.0099 -0.0927797 2.56363 5236.51 1e-07 318.922 -2.00428 105.03 -0.428945 11.8527 166942 -320.291 10971 -61.4587 1268.62 -19.5014 2e-07 -71.267 0.226577 4e-07 -1739.46 1.8676 -320.468 7.03203 6e-07 -53724.6 204.523 -10514.9 101.03 -2416.4 137.972 0.000567782 2.93039 -0.0115358 1.49895 0.961533 1.39164 0.061268 -0.999077 0.999022 0.999745
7.75711 1e-07 1.94465 66.5221 1e-07 18.9572 -8.62335 4.36325 577.522 1e-07 239.945 -142.567 137.033 -19.412 9.7899 5053.36 -2450.75 3258.81 -2615.61 1563.07 -679.926 2e-07 -25.7691 0.0224775 4e-07 -182.907 -17.8468 -265.872 211.629 6e-07 -893.805 879.557 -3198.89 3685.43 -3045.75 1498.9 0.133289 2.94579 -1.4979 0.0086794 0.000626193 1.3307 0.00269005 -0.998833 0.999192 0.984242
6.41624 1e-07 0.543773 54.6791 1e-07 6.76978 -0.329345 1.35618 489.812 1e-07 119.077 -3.20992 55.158 -1.37062 5.64182 4571.56 185.898 2013.58 -54.7614 472.365 -55.8085 2e-07 -22.2762 0.302654 4e-07 -181.313 0.627048 -126.023 8.96908 6e-07 -1265.9 -125.699 -2003.01 89.7085 -979.366 188.133 0.347017 2.96081 -0.0688478 0.116086 0.909568 1.40306 0.036271 -0.999396 0.999892 0.999742
9.26104 1e-07 3.06388 148.888 1e-07 30.3789 -14.5621 9.39872 3239.53 1e-07 567.282 -275.528 262.235 -44.6938 28.8592 87701.6 -28807.2 14388.8 -8900.86 3464.17 -1456.07 2e-07 -50.8634 -0.201369 4e-07 -1029.61 -31.3899 -587.923 395.686 6e-07 -26713.6 16130 -13782.4 11691.6 -6516.14 3117.65 0.000239209 2.71381 -1.75039 1.37771 0.0272343 1.35473 0.00927102 -0.999309 0.999024 0.999115
3.26413 1e-07 2.41001 30.2446 1e-07 12.3787 -9.62376 18.2625 446.676 1e-07 147.339 -105.308 204.502 -87.3473 190.452 8911.5 -2942.98 2601.09 -2392.3 1585.98 -1395.25 2e-07 -9.9275 -0.0705942 4e-07 -127.111 -20.3804 -148.592 166.509 6e-07 -2383.43 1327.53 -2137.9 3075.84 -3206.94 3192.4 0.418128 1.51436 -1.77998 1.41337 0.986619 1.35472 0.00933514 -0.999324 0.999129 0.978808
10.1916 1e-07 3.0993 174.207 1e-07 33.8129 -15.8499 9.63497 3983.37 1e-07 666.602 -313.046 296.274 -49.4882 29.9735 112575 -36745.4 17662.6 -10398 3985.4 -1631.83 2e-07 -59.3542 -0.208451 4e-07 -1267.78 -34.2695 -686.99 445.851 6e-07 -34422.9 20733.4 -16913.4 13626.3 -7469.95 3465.16 0.00235728 2.88327 -1.76241 1.37772 0.0231486 1.34824 0.0109568 -0.999321 0.999128 0.978796
7.29209 1e-07 2.22465 54.467 1e-07 18.2862 -9.00322 5.01003 415.178 1e-07 209.079 -138.651 136.42 -20.343 11.3572 3228.51 -1717.76 2558.89 -2279.68 1469.04 -689.854 2e-07 -21.4076 -0.0335216 4e-07 -124.162 -18.6637 -235.319 208.881 6e-07 -338.335 456.646 -2479.38 3261.98 -2901.18 1538.01 0.00562252 2.699 -1.49449 0.193612 0.0609823 1.4103 0.0566561 -0.999244 0.999293 0.999203
7.27509 1e-07 3.46181 108.476 1e-07 27.731 -14.9366 12.3358 2300.38 1e-07 472.679 -252.098 261.317 -53.4188 44.0801 62322 -22000.8 11435.4 -8400.35 3240.97 -1523.17 2e-07 -36.356 -0.280954 4e-07 -715.395 -32.4263 -491.787 368.874 6e-07 -18633.6 12142.2 -10850.4 10967.7 -6158.71 3317.68 0.0257794 2.27877 -1.88439 1.49087 0.0499527 1.40313 0.0118787 -0.999395 0.999322 0.989694
2.105 1e-07 0.858958 13.2987 1e-07 3.82453 -0.0427192 2.55264 140.08 1e-07 36.882 0.267066 36.4546 -0.213093 12.6452 2066.39 90.0314 522.295 7.27211 189.973 -3.9378 2e-07 -5.23565 0.239617 4e-07 -43.849 0.0156713 -42.1019 3.94964 6e-07 -575.587 -54.8558 -471.428 -9.04713 -454.657 105.185 0.133222 -0.233564 0.075621 1.4401 0.992511 1.3973 0.0343165 -0.99825 0.999139 0.999912
10.969 1e-07 0.837122 208.907 1e-07 11.1795 -0.437341 2.1023 5385.21 1e-07 306.335 -9.8801 89.7338 -1.82539 8.79919 172736 -1745.61 10767.2 -312.655 1123.36 -86.1865 2e-07 -72.8038 0.243984 4e-07 -1790.93 1.40214 -307.006 17.831 6e-07 -55674.2 1032.53 -10337.3 435.665 -2125.79 261.453 8.64651e-18 2.95283 -0.0593315 1.49993 0.913018 1.39142 0.0235101 -0.998828 0.999091 0.999948
6.18323 1e-07 2.59004 96.1114 1e-07 25.4493 -17.8682 19.9996 2194.44 1e-07 471.477 -291.549 498.6 -164.345 211.23 64246.2 -20681.5 12209.2 -8678.76 4783.99 -3835.19 2e-07 -32.4266 -0.106599 4e-07 -678.094 -38.2825 -475.317 422.726 6e-07 -19110.9 11187.9 -10819.4 11134 -9449.1 8052.65 0.403344 2.61033 -1.83794 1.49991 0.977555 1.38652 0.103714 -0.99986 0.999901 0.998568
9.78048 1e-07 2.37019 182.284 1e-07 28.0182 -11.7862 6.77034 4654.24 1e-07 611.282 -256.937 221.885 -34.3745 20.1507 148261 -41957 18142.8 -9660.86 3306.57 -1238.06 2e-07 -62.0956 -0.0626307 4e-07 -1494.5 -25.1523 -623.902 361.612 6e-07 -46076.1 24099.2 -17419.6 12561.8 -6080.44 2621.11 0.133148 2.95844 -1.6442 1.49265 0.175405 1.40314 0.0241665 -0.99929 0.998771 0.99982
11.1142 1e-07 0.918973 213.342 1e-07 12.303 2.44072 2.54051 5525.03 1e-07 331.279 55.2713 104.814 10.5053 11.6273 177662 9757.92 11523.5 1768.14 1312.65 485.221 2e-07 -74.1979 0.227614 4e-07 -1833.94 6.9933 -333.252 -71.8362 6e-07 -57167.3 -5612.15 -11067.2 -2300.05 -2476.63 -836.375 0.0107217 2.99857 0.318259 1.49063 0.909732 1.39934 0.0552638 -0.998925 0.999384 0.999631
2.08832 1e-07 1.73183 13.2339 1e-07 5.93766 0.931459 5.05433 141.225 1e-07 51.8858 14.3501 33.3821 2.72481 14.9716 2129.21 610.115 701.258 370.987 385.097 73.722 2e-07 -4.32666 0.0650428 4e-07 -37.7886 1.53454 -59.7353 -15.6928 6e-07 -520.558 -313.601 -690.948 -489.566 -727.114 1.09171 0.397644 -0.31763 -1.69232 1.47539 0.104712 1.34219 0.0166284 -0.99939 0.999682 0.996763
10.9317 1e-07 3.10399 197.502 1e-07 36.1542 -16.5595 9.72973 4749.73 1e-07 748.635 -340.627 319.463 -52.2865 30.7244 140780 -44849.6 20758.8 -11752.3 4392.81 -1756.44 2e-07 -67.0783 -0.20939 4e-07 -1513.96 -35.8524 -767.536 481.76 6e-07 -43240.6 25478.8 -19868.2 15355 -8197.8 3706.59 0.00234708 2.99964 -1.76223 1.398 0.076339 1.48036 0.0110815 -0.998147 0.999124 0.978796
4.74056 1e-07 2.93826 54.6413 1e-07 17.3955 -12.903 19.8945 942.59 1e-07 239.299 -162.463 284.007 -106.654 190.409 21283.1 -6710.02 4813.85 -3848.24 2358.17 -1976.38 2e-07 -18.1947 -0.176244 4e-07 -285.232 -27.3347 -243.79 248.863 6e-07 -6131.04 3350.78 -4149.61 4997.99 -4766.63 4388.16 0.133432 1.77034 -1.54961 1.4399 0.994683 1.30709 0.00612569 -0.999911 0.998994 0.968557
0.766056 1e-07 3.88128 0.608749 1e-07 4.96379 -8.63033 27.8019 0.701098 1e-07 11.4483 -33.5462 132.379 -73.9484 274.616 3.84709 1.0975 19.9741 -73.5603 253.466 -603.011 2e-07 2.9326 -0.364847 4e-07 14.0723 -17.9383 5.19614 76.2368 6e-07 55.3861 -136.883 354.88 36.1597 -766.012 1760.57 0.00220206 0.873432 -1.72061 0.0225694 0.964016 1.40459 0.0678011 -0.999762 0.999973 0.997985
7.38697 1e-07 0.604018 128.779 1e-07 8.55606 1.47505 1.82085 3213.84 1e-07 212.588 34.3414 71.6154 7.01999 9.11061 101463 5576.76 7037.81 1042.28 869.681 309.894 2e-07 -45.4165 0.290605 4e-07 -1067.26 4.27795 -215.619 -43.3472 6e-07 -32589.9 -3198.23 -6767.25 -1359.43 -1650.93 -516.979 0.402008 2.9347 0.293966 1.49876 0.960996 1.49085 0.0148194 -0.99879 0.999123 0.999797
6.55765 1e-07 1.85007 103.539 1e-07 19.8386 -12.0358 11.7288 2351.04 1e-07 382.817 -206.647 326.012 -93.7621 106.432 67670.9 -17358.1 10165.1 -5937.59 3230.05 -2530.06 2e-07 -35.7692 0.0413952 4e-07 -749.333 -25.3415 -388.712 298.995 6e-07 -20738.2 9554.28 -9257.03 7702.41 -6371.34 5258.45 0.392719 2.74423 -1.43704 1.44427 0.99064 1.35175 0.00433297 -0.998534 0.999755 0.984296
7.06971 1e-07 0.715273 107.052 1e-07 7.60203 -0.471169 1.76466 2318.4 1e-07 171.491 -8.45615 59.142 -1.92599 7.25703 64156.4 -995.992 5099.84 -234.749 640.932 -73.3732 2e-07 -38.4699 0.268354 4e-07 -779.766 0.445795 -175.242 16.0918 6e-07 -20707.9 573.514 -4924.37 327.989 -1250.83 232.351 0.130675 2.36859 -0.0937881 1.49314 0.902117 1.39546 0.0346196 -0.998254 0.999139 0.999694
9.47489 1e-07 2.69863 172.752 1e-07 30.7486 -18.3676 16.6139 4335.15 1e-07 648.909 -343.964 507.583 -136.948 143.783 136083 -35339.8 18697.1 -10749.3 5384.49 -3897.17 2e-07 -58.6017 -0.128317 4e-07 -1381.05 -38.9868 -654.14 489.243 6e-07 -41915.6 19769.3 -17148.2 13902.4 -10478 8024.29 0.140622 2.90427 -1.50455 1.49143 0.936184 1.49584 0.0249557 -0.998 0.999772 0.999504
5.3409 1e-07 2.55482 73.5146 1e-07 21.6716 -15.9569 19.8371 1514.44 1e-07 362.028 -235.049 415.025 -147.808 211.032 40471.9 -13397 8554.59 -6502.6 3744.91 -3122.52 2e-07 -24.8405 -0.0995552 4e-07 -462.831 -34.0508 -366.216 347.258 6e-07 -11845.9 7055.86 -7469.63 8351.21 -7473.2 6668.14 0.40648 2.34414 -1.82454 1.4751 0.987713 1.39237 0.00249729 -0.998868 0.998784 0.978764
10.037 1e-07 0.725945 190.379 1e-07 10.154 -0.000842758 1.81527 4933.06 1e-07 277.665 0.752362 79.1504 -0.00440441 7.56607 159238 95.2938 9799.14 14.338 1003.84 -0.207518 2e-07 -66.4246 0.266219 4e-07 -1639.83 2.0968 -278.545 3.16639 6e-07 -51316.2 -31.3766 -9414.99 3.29152 -1893.94 89.7301 0.129232 2.99997 -0.000178417 1.49645 0.913018 1.39157 0.0235101 -0.998835 0.999126 0.998935
1.60017 1e-07 2.31416 7.69463 1e-07 5.6047 -0.592333 6.16154 61.7815 1e-07 36.0423 -5.49437 36.9838 -1.73935 16.4122 695.871 -3.72102 361.924 -98.9441 324.966 -42.733 2e-07 -1.5944 -0.0514236 4e-07 -9.41501 -1.64728 -42.9129 15.2104 6e-07 -90.3315 -23.7877 -321.259 141.074 -657.523 269.669 0.130483 0.132712 -1.6313 1.24762 0.0166843 1.33169 0.00386647 -0.999259 0.999139 0.972977
2.24417 1e-07 2.82295 15.2029 1e-07 8.92603 -4.06094 23.5461 172.55 1e-07 77.4914 -35.8853 117.651 -39.8784 264.213 2753.56 -399.923 1067.01 -844.58 944.322 -519.895 2e-07 -3.98209 -0.153182 4e-07 -40.1897 -8.98382 -71.756 59.856 6e-07 -611.16 87.1691 -829.067 1058.99 -1737.3 1338.89 0.423366 0.521477 -1.98512 1.47707 0.977031 1.39958 0.0186067 -0.999808 0.99998 0.999906
5.48046 1e-07 3.47864 69.5018 1e-07 21.3768 -11.9869 12.4045 1303.28 1e-07 312.603 -180.694 193.043 -42.8386 44.292 31861.4 -11775.6 6720.57 -5762.62 2295.04 -1146.64 2e-07 -22.8524 -0.284319 4e-07 -396.356 -25.9945 -329.473 271.405 6e-07 -9298.7 6308.66 -6352.99 7544.24 -4391.38 2577.5 0.0232794 1.82105 -1.88687 1.49925 0.0339107 1.40568 0.0689138 -0.99939 0.9984 0.994213
10.4862 1e-07 2.23291 172.742 1e-07 25.5422 -10.0431 5.06432 3717.64 1e-07 513.626 -217.905 170.781 -22.8626 11.5759 97527.3 -27888.6 13520.8 -7066.34 2593.63 -915.07 2e-07 -60.076 -0.0351739 4e-07 -1211.41 -20.8806 -530.813 308.145 6e-07 -30407.7 15829.9 -13131.9 9331.7 -4762.66 1959.09 0.00770108 2.99047 -1.49859 1.26778 0.0667559 1.49739 0.025739 -0.997841 0.998977 0.998802
6.52713 1e-07 3.18156 46.6457 1e-07 24.9931 -21.4522 22.2533 339.638 1e-07 243.61 -222.618 538.937 -181.259 217.435 2537.4 -1356.55 2581.11 -2746.72 2822.95 -3351.98 2e-07 -17.3393 -0.224904 4e-07 -73.5579 -45.2176 -265.54 354.903 6e-07 117.195 -106.077 -1370.23 3689.72 -6709.3 7321.16 0.12652 2.68142 -1.63581 0.0408264 0.983026 1.39253 0.0349225 -0.999305 0.99913 0.97976
5.15297 1e-07 2.76986 59.8378 1e-07 16.5752 -8.53267 8.01964 1018.54 1e-07 232.198 -131.668 128.199 -24.8054 23.4008 22501.6 -7792.01 4703.53 -3774.97 1566.07 -740.247 2e-07 -20.3345 -0.142563 4e-07 -315.675 -18.2604 -248.125 198.762 6e-07 -6608.03 4126.71 -4505.68 5012.12 -2989.4 1691.37 0.0357757 1.81175 -1.69321 1.40687 0.0753668 1.49057 0.00378737 -0.99976 0.99898 0.999258
6.28475 1e-07 2.16262 96.2885 1e-07 21.3725 -14.0584 15.188 2160.94 1e-07 399.596 -231.254 381.301 -119.622 149.933 62238.5 -17308.9 10401.9 -6712.79 3694.81 -2951.94 2e-07 -33.0087 -0.0211156 4e-07 -680.454 -29.8057 -404.348 336.001 6e-07 -18834.5 9420.02 -9347.25 8660.21 -7296.81 6182.31 0.397959 2.59715 -1.61016 1.48954 0.998837 1.49388 0.0527184 -0.998821 0.998957 0.999109
4.68469 1e-07 0.968766 53.5711 1e-07 6.58192 0.0390431 2.86652 922.828 1e-07 108.752 0.706202 62.9358 0.192186 14.1367 20926.1 53.167 2512.7 14.9296 509.246 5.06482 2e-07 -19.7873 0.217655 4e-07 -310.674 0.689025 -114.768 3.24113 6e-07 -6656.89 -28.7862 -2399.09 -15.2291 -1064.35 92.5323 0.0178371 1.59301 0.0081402 1.48159 0.993111 1.42724 0.0366711 -0.998797 0.999876 0.999682
0.883301 1e-07 2.70749 5.09033 1e-07 2.06173 -1.10102 22.6916 49.8221 1e-07 10.5698 -0.15291 46.2485 -11.2237 256.909 682.847 348.212 152.241 51.2412 29.6445 -65.3913 2e-07 0.297095 -0.130091 4e-07 -13.8518 -2.251 7.32383 5.19427 6e-07 -201.827 -209.559 -29.935 -94.0854 -17.7182 342.771 0.442505 0.136308 -1.96885 0.108272 0.98999 1.39927 0.0107224 -0.999298 0.998445 0.979276
10.0416 1e-07 3.16537 181.895 1e-07 34.2339 -21.0898 19.7301 4507.48 1e-07 705.457 -385.02 570.77 -159.239 172.471 139771 -37667.5 19945.3 -11870.4 5978.76 -4357.95 2e-07 -61.4447 -0.221666 4e-07 -1431.44 -44.8952 -711.556 549.304 6e-07 -42911.4 20994.1 -18239.4 15352.4 -11656.7 9010.45 0.0119635 2.80913 -1.52517 1.49991 0.936775 1.3549 0.0191836 -0.999728 0.999068 0.978975
7.21952 1e-07 2.39874 124.789 1e-07 28.29 -18.5629 18.1127 3095.47 1e-07 583.737 -337.619 556.343 -167.165 187.451 97155.7 -29575.3 16438.7 -10567.8 5664.63 -4393.11 2e-07 -42.2573 -0.06834 4e-07 -968.559 -39.8137 -586.552 481.071 6e-07 -29323.5 16329.3 -14775.7 13566.5 -11084 9067.83 0.428064 2.95384 -1.80094 1.48849 0.973753 1.49919 0.0575673 -0.998822 0.999985 0.986492
7.0734 1e-07 2.07703 120.774 1e-07 24.4257 -15.2843 14.6026 2968.08 1e-07 504.806 -278.944 446.591 -129.594 143.318 92415.4 -25624.8 14261.5 -8651.85 4589.54 -3542.45 2e-07 -41.2285 -0.0039976 4e-07 -937.92 -32.5438 -508.415 398.156 6e-07 -28168.7 14207.8 -12926.3 11141.7 -8972.04 7301.56 0.435446 2.93115 -1.64644 1.48612 0.983001 1.4972 0.0510517 -0.998835 0.999934 0.997486
11.25 1e-07 1.50157 217.687 1e-07 18.887 -5.52522 2.26006 5683.92 1e-07 461.452 -152.958 84.0894 -8.32626 3.4097 184349 -38724.4 15044.6 -6285.23 1728.18 -461.555 2e-07 -75.0547 0.111093 4e-07 -1866.2 -10.1995 -468.05 211.453 6e-07 -58681.3 22620.1 -14626.3 8184.2 -3027.88 1010.23 8.64651e-18 3 -1.22503 1.5 0.0298055 1.48594 0.060864 -0.998388 0.998974 0.998258
2.99613 1e-07 3.81848 25.1614 1e-07 13.509 -9.63729 28.0582 337.213 1e-07 132.91 -97.9956 207.977 -85.1676 286.811 6137.95 -2240.87 2056.6 -2102.04 1564.68 -1230.6 2e-07 -6.72608 -0.352288 4e-07 -85.7984 -20.7437 -129.197 157.346 6e-07 -1514.05 936.312 -1596.34 2703.24 -3097.16 2948.99 0.0153811 0.982068 -1.69793 1.4317 0.99757 1.35586 0.000758475 -0.999687 0.999885 0.999288
5.06913 1e-07 1.83372 36.4645 1e-07 15.7135 -12.0786 11.9546 283.764 1e-07 163 -129.41 302.26 -96.1719 110.585 2416.84 -659.648 1852.11 -1662.51 1670.47 -1923.78 2e-07 -14.1748 0.0446649 4e-07 -74.4534 -25.2145 -178.262 206.351 6e-07 -193.818 -139.451 -1210.29 2253.4 -3908.02 4179.78 0.43133 2.72725 -1.50168 0.0743075 0.984622 1.39244 0.00873139 -0.999305 0.998724 0.979951
9.54676 1e-07 3.08138 165.318 1e-07 31.448 -14.8428 9.7717 3928.45 1e-07 624.499 -292.205 274.773 -47.7028 31.8153 117049 -36618.7 17075 -10329.7 3759.15 -1554.87 2e-07 -56.0607 -0.204868 4e-07 -1249.51 -32.0476 -642.169 416.715 6e-07 -35920.7 20745.5 -16329.1 13465.4 -7017.99 3314.85 0.00130422 2.71381 -1.75039 1.48057 0.14672 1.35473 0.00946352 -0.999404 0.999903 0.999115
10.4365 1e-07 4.12459 187.995 1e-07 47.0852 -31.9526 30.2396 4536.59 1e-07 942.653 -571.218 940.052 -275.005 296.896 135210 -45474.1 25397.4 -17064.9 9260.75 -6970.66 2e-07 -62.7105 -0.413511 4e-07 -1407.72 -69.0286 -949.818 814.358 6e-07 -40386.4 24888.4 -22694.1 21984.3 -18288.4 14441.3 0.054375 2.99217 -1.8821 1.40689 0.905223 1.346 0.0209963 -0.999399 0.998043 0.999826
9.17425 1e-07 3.54971 153.889 1e-07 38.3938 -26.7436 26.6255 3497.05 1e-07 732.71 -453.742 778.368 -240.18 275.314 98574.6 -31929.7 18845.9 -12700.9 7300.01 -5998.99 2e-07 -51.7911 -0.298533 4e-07 -1087.82 -57.3915 -739.972 652.577 6e-07 -29405.9 17259.6 -16688.3 16386.6 -14556.5 12448.1 0.129373 2.88342 -1.76223 1.37772 0.985748 1.47951 0.010889 -0.999321 0.999124 0.978796
0.0541904 1e-07 4.76305 0.274917 1e-07 1.97451 -0.154801 39.1635 2.69456 1e-07 0.64824 0.0350993 76.5949 -2.35299 431.601 36.9976 18.8609 8.24686 2.79329 25.089 -9.04782 2e-07 4.62639 -0.541202 4e-07 4.84026 -0.682212 32.703 -0.330968 6e-07 -10.5526 -11.1927 220.407 -33.7997 11.5329 277.464 0.0238029 -0.00438118 -1.98899 0.087548 0.960791 1.40054 0.0103467 -0.998829 0.999951 0.969154
0.87831 1e-07 2.05152 5.09435 1e-07 2.02085 -0.547494 14.5123 49.8889 1e-07 10.5153 1.00689 37.5286 -4.89361 143.528 684.069 348.674 152.435 51.644 26.7309 -32.4896 2e-07 -0.355093 0.00110358 4e-07 -13.9985 -1.13781 -0.849788 3.24087 6e-07 -202.533 -205.184 -56.4537 -83.1757 -84.0171 233.602 0.442505 0.0945148 -1.64272 0.108272 0.989963 1.39958 0.0409701 -0.999304 0.998431 0.979261
2.95677 1e-07 2.88106 24.1458 1e-07 10.5195 -4.96135 8.38269 312.408 1e-07 105.049 -64.6842 76.6113 -14.5063 24.6154 5467.08 -2068.1 1624.34 -1637.49 839.469 -396.488 2e-07 -7.31947 -0.164803 4e-07 -86.3099 -10.8102 -116.231 104.225 6e-07 -1427.29 971.048 -1527.81 2198.91 -1630.8 1017.33 0.000535571 1.0103 -1.69583 1.39157 0.0821872 1.49057 0.00363715 -0.999749 0.998969 0.999257
0.0453125 1e-07 3.90654 0.236333 1e-07 1.99335 -0.042562 16.2674 2.31422 1e-07 0.543246 0.159108 47.3448 -0.388969 70.5401 31.7366 16.1987 7.08997 2.41447 24.7993 -2.52544 2e-07 3.79033 -0.3699 4e-07 5.04946 -0.465153 9.81121 6.11545 6e-07 -9.11896 -9.09423 133.976 -18.1932 -203.364 290.738 0.0205183 -0.00438118 -1.98599 0.0721315 0.21022 1.39968 0.0174279 -0.999704 0.999951 0.986509
9.3201 1e-07 3.54318 156.815 1e-07 35.2892 -23.096 22.7513 3612.24 1e-07 672.587 -393.846 606.776 -176.505 199.882 104174 -31570.9 17621 -11547.9 6016.14 -4404.47 2e-07 -52.8214 -0.297228 4e-07 -1134.62 -49.4154 -681.516 567.645 6e-07 -31501.4 17297.2 -15938.2 14952.2 -11865 9217 0.00897437 2.69946 -1.66553 1.44902 0.895131 1.39909 0.00904577 -0.999267 0.999351 0.994496
6.62049 1e-07 3.54412 92.866 1e-07 25.5611 -14.0957 12.6291 1874.59 1e-07 410.154 -226.946 237.816 -50.4211 45.1281 48667.4 -17560.8 9459.72 -7391.7 2890.55 -1397.82 2e-07 -30.9362 -0.297415 4e-07 -578.559 -30.5799 -428.964 335.414 6e-07 -14424 9584.89 -8962.68 9664.81 -5512.56 3078.95 0.00261616 2.09994 -1.88439 1.49087 0.0499527 1.43537 0.0118787 -0.999396 0.999322 0.989694
7.36584 1e-07 2.19427 128.317 1e-07 26.1419 -16.5054 15.7752 3195.06 1e-07 546.12 -304.127 492.024 -143.479 158.733 100489 -28075.8 15564.7 -9468.59 5057.64 -3958.63 2e-07 -43.6666 -0.0274457 4e-07 -1008.41 -35.2089 -549.207 433.081 6e-07 -30611.2 15572.5 -14079.3 12181.7 -9884.01 8137.27 0.415634 2.96806 -1.65903 1.48603 0.99789 1.49381 0.0976489 -0.999687 0.999904 0.999297
9.26121 1e-07 3.06396 148.891 1e-07 30.3796 -14.5624 9.39894 3239.6 1e-07 567.294 -275.535 262.241 -44.6949 28.8599 87703.6 -28807.9 14389.1 -8901.07 3464.25 -1456.11 2e-07 -50.8645 -0.201383 4e-07 -1029.63 -31.3906 -587.936 395.695 6e-07 -26714.2 16130.4 -13782.7 11691.9 -6516.29 3117.72 0.000216165 2.71381 -1.75039 1.37771 0.0272343 1.35473 0.00927102 -0.999309 0.999024 0.999115
6.18432 1e-07 2.99184 77.0573 1e-07 20.5215 -10.8282 9.01162 1360.88 1e-07 304.918 -171.518 169.952 -32.7632 27.3252 30667.6 -10890 6383.19 -4846.23 2048.12 -970.034 2e-07 -26.3097 -0.18696 4e-07 -423.758 -23.2164 -323.731 255.916 6e-07 -9036.56 5818.67 -6098.32 6437.25 -3922.78 2166.49 2.33084e-06 2.08339 -1.72823 1.35787 0.0711272 1.49812 0.0263804 -0.999112 0.998592 0.994794
6.97805 1e-07 2.31893 119.075 1e-07 26.663 -17.2288 16.7814 2923.07 1e-07 541.543 -310.023 501.704 -148.422 166.364 90820.3 -27342.6 15093.4 -9661.44 5108.73 -3883.27 2e-07 -40.3817 -0.0523774 4e-07 -916.009 -36.9194 -545.428 442.955 6e-07 -27461.5 15106.2 -13610.6 12423 -10001.9 8038.51 0.422287 2.90333 -1.76219 1.48746 0.953189 1.40205 0.0108788 -0.99792 0.999161 0.999611
4.59539 1e-07 3.10016 51.9478 1e-07 17.7183 -13.4855 21.6634 882.831 1e-07 237.898 -166.047 295.356 -114.501 212.553 19685.4 -6468.52 4693.62 -3922.02 2422.81 -2054.98 2e-07 -17.0796 -0.208624 4e-07 -263.642 -28.624 -241.554 255.186 6e-07 -5598.97 3190.72 -4002.07 5080.99 -4896.67 4581.63 0.133432 1.72244 -1.60876 1.43983 0.994683 1.30709 0.00612569 -0.999669 0.998994 0.968837
1.31637 1e-07 3.93979 5.20149 1e-07 7.14218 -0.501201 15.5816 34.2879 1e-07 35.9297 -3.83946 66.9037 -2.30617 61.7795 316.935 -23.8708 287.416 -56.9618 469.32 -38.5087 2e-07 1.06297 -0.37655 4e-07 5.93866 -1.88927 -38.0314 13.1047 6e-07 50.2803 -6.08134 -164.601 73.9174 -977.627 369.531 0.00130241 0.0483942 -1.98555 1.14581 0.0500038 1.48036 0.010889 -0.999327 0.999115 0.978657
9.94695 1e-07 2.7856 187.818 1e-07 33.247 -20.165 18.3385 4843.07 1e-07 719.888 -384.557 589.762 -162.248 171.851 155501 -39840 21188 -12047.6 6225.1 -4780.71 2e-07 -63.5066 -0.145712 4e-07 -1541 -42.8872 -723.252 544.669 6e-07 -47894.1 22299.1 -19344.2 15546.9 -12116.4 9764.18 0.135506 2.99992 -1.49286 1.49018 0.996748 1.35067 0.0235101 -0.999086 0.999506 0.9997
8.44236 1e-07 3.22187 72.1718 1e-07 29.2289 -21.8898 19.6307 623.995 1e-07 333.966 -266.88 555.118 -160.259 166.2 5455.7 -2853.26 4174.66 -3889.7 3400.34 -3439.62 2e-07 -26.872 -0.232965 4e-07 -171.683 -46.1521 -362.058 410.916 6e-07 -590.878 607.337 -3013.67 5290.08 -7719.83 7369.28 0.00183865 2.90341 -1.55152 0.154923 0.905867 1.49352 0.0354576 -0.999131 0.99931 0.999795
6.90626 1e-07 3.0408 102.322 1e-07 25.4052 -17.6917 20.7746 2166.91 1e-07 437.088 -270.065 444.373 -146.661 199.464 58606.6 -17437 10611.6 -7378.27 4118.37 -3315.7 2e-07 -34.562 -0.196752 4e-07 -676.178 -37.6231 -443.512 397.041 6e-07 -17563.4 9336.61 -9447.52 9546.54 -8199.41 7043.6 0.128041 2.34315 -1.58615 1.4751 0.985628 1.31546 0.00249729 -0.998921 0.998746 0.978349
4.23818 1e-07 4.08065 43.0902 1e-07 19.5094 -16.5591 30.9226 656.016 1e-07 229.406 -182.099 350.436 -150.285 322.48 13107.3 -5077.39 4011.16 -3974.79 2628.94 -2376.36 2e-07 -13.0846 -0.404721 4e-07 -181.367 -35.2764 -229.104 285.459 6e-07 -3441.18 2289.89 -3192.33 5118.28 -5366.09 5410.13 0.014756 1.53905 -1.77998 1.38039 0.986619 1.35472 0.00933982 -0.999323 0.998951 0.978808
9.37404 1e-07 2.73559 156.695 1e-07 27.7479 -12.3467 7.5851 3573.24 1e-07 542.96 -247.144 215.997 -34.3639 21.1969 101822 -30827.4 14513.4 -8480.68 3067.77 -1203.56 2e-07 -53.6469 -0.13571 4e-07 -1145.42 -26.3865 -560.618 352.678 6e-07 -31405.2 17463.8 -13968.8 11106.9 -5694.05 2579.79 0.00555699 2.71381 -1.65692 1.43228 0.0740033 1.35473 0.035595 -0.998537 0.999012 0.999252
10.4479 1e-07 4.16938 194.567 1e-07 46.2955 -31.3206 30.8679 4932.53 1e-07 952.356 -567.326 915.617 -274.13 309.537 156008 -49736.3 26815.7 -17872.5 9334.87 -7032.36 2e-07 -64.6486 -0.422468 4e-07 -1535.44 -67.602 -955.743 807.018 6e-07 -46973.1 27462.1 -24074.1 22947.4 -18262.6 14545.4 0.0203076 2.89394 -1.83794 1.49991 0.936775 1.38677 0.104016 -0.999723 0.998996 0.999658
11.07 1e-07 0.0533193 212.256 1e-07 2.58628 0.0390718 0.00337012 5502.17 1e-07 143.878 12.6444 0.794993 0.00264611 0.000243454 177347 6871.01 6647.52 643.593 67.035 2.38169 2e-07 -74.6934 0.400744 4e-07 -1855.15 4.11519 -137.257 -12.1993 6e-07 -57986.9 -4013.48 -6415.81 -783.608 -104.368 48.1171 0.00261616 2.97393 0.225751 1.49988 0.0499527 1.40313 0.0118787 -0.999396 0.999324 0.99855
7.39834 1e-07 2.10814 131.258 1e-07 25.3864 -15.303 13.9337 3322.94 1e-07 536.659 -287.942 439.139 -121.287 127.569 106070 -29299.1 15525.4 -9201.36 4666.06 -3396.42 2e-07 -44.6676 -0.0102203 4e-07 -1051.98 -32.6396 -540.628 409.373 6e-07 -32460.5 16374.4 -14179.1 11860 -9069.53 6995.59 0.404108 2.97584 -1.63127 1.49709 0.936279 1.39446 0.0138943 -0.998867 0.999094 0.999412
6.99878 1e-07 2.49909 121.209 1e-07 28.4977 -18.6448 18.3273 3014.38 1e-07 578.385 -335.807 543.917 -162.119 182.557 94754.6 -29665.5 16172.3 -10613.1 5559.37 -4170.52 2e-07 -40.8623 -0.0884092 4e-07 -940.029 -40.1097 -582.119 479.386 6e-07 -28548.8 16390.3 -14557.7 13628.5 -10871.7 8645.68 0.407205 2.89394 -1.82557 1.49991 0.935753 1.31166 0.104016 -0.997993 0.998996 0.999656
7.34718 1e-07 0.60741 124.468 1e-07 8.5552 -0.364639 1.81178 2976.23 1e-07 207.623 -5.34771 73.1036 -1.83325 9.02856 89301.8 -766.717 6652.62 -181.81 852.953 -81.419 2e-07 -44.0801 0.289926 4e-07 -991.671 0.582373 -210.605 11.6505 6e-07 -28728.6 448.322 -6389.31 249.814 -1636.5 240.651 0.392049 2.96081 -0.0688478 1.43153 0.995966 1.40306 0.0612845 -0.999387 0.999892 0.999742
1.57668 1e-07 2.91693 7.74837 1e-07 5.82934 -0.0182831 24.5647 65.8363 1e-07 34.001 2.39688 80.5096 -0.408139 278.732 809.26 318.392 331.431 48.622 424.664 -2.71189 2e-07 -0.984259 -0.171978 4e-07 -10.0112 -0.553774 -23.5187 -2.42872 6e-07 -138.61 -185.06 -159.481 -81.8346 -760.684 172.945 0.407083 -0.00438118 -1.98692 1.14838 0.985669 1.39724 0.0184416 -0.998829 0.999921 0.98646
2.08058 1e-07 2.79813 13.0452 1e-07 8.33506 -3.93811 23.2129 136.832 1e-07 67.6121 -32.6296 111.494 -38.4895 259.358 2015.44 -284.315 866.23 -703.383 833.824 -481.696 2e-07 -3.19601 -0.148217 4e-07 -29.0898 -8.68727 -61.4617 55.5299 6e-07 -403.404 31.9152 -638.173 879.818 -1545.8 1261.54 0.423366 0.511702 -1.97415 1.41506 0.977234 1.35293 0.0186067 -0.999796 0.99998 0.999906
11.2498 1e-07 0.833602 217.681 1e-07 11.3737 0.000815013 2.08468 5683.7 1e-07 316.177 0.0574535 90.9231 0.00339698 8.68896 184340 28.6221 11254.8 3.09825 1151.5 0.163446 2e-07 -75.7205 0.244688 4e-07 -1888.67 2.35515 -316.596 4.15163 6e-07 -59404.8 9.37691 -10805.1 21.5147 -2173.18 94.849 8.64651e-18 2.99997 -0.000178417 1.5 0.913018 1.39142 0.0235101 -0.998103 0.999003 0.999825
7.07117 1e-07 2.38282 114.581 1e-07 27.2888 -18.0582 17.3254 2610.79 1e-07 528.08 -312.972 526.243 -156.539 172.673 74455.2 -23490.7 13778.4 -8979.76 5059.63 -4002.72 2e-07 -39.0625 -0.0651567 4e-07 -815.952 -38.665 -534.396 449.751 6e-07 -22307 12784 -12312.1 11592.6 -10044 8304.66 0.408137 2.94686 -1.7636 1.38028 0.956808 1.4034 0.0174279 -0.998824 0.99996 0.986648
5.65561 1e-07 1.61746 83.1889 1e-07 17.2449 -10.7724 10.9808 1815.32 1e-07 323.986 -179.067 296.111 -89.1176 105.535 50899.2 -13384.6 8367.91 -5095.43 2861.2 -2291.54 2e-07 -28.9948 0.0879154 4e-07 -576.052 -22.6671 -329.11 260.571 6e-07 -15465.1 7283.95 -7561.03 6593.65 -5666.57 4786.7 0.525624 2.71455 -1.55274 1.43869 0.99679 1.49715 0.0677221 -0.998734 0.999724 0.999191
8.56563 1e-07 3.18202 74.3283 1e-07 29.3032 -21.5708 18.9789 652.273 1e-07 339.607 -267.358 544.793 -154.285 156.822 5788.16 -2998.01 4305.89 -3960.83 3400.61 -3351.12 2e-07 -27.6821 -0.224995 4e-07 -182.101 -45.4784 -368.106 410.376 6e-07 -690.687 692.031 -3179.54 5393.97 -7679.66 7173.95 0.00274357 2.92559 -1.54892 0.154923 0.88973 1.49352 0.0335038 -0.99913 0.99931 0.999795
9.06413 1e-07 2.60753 153.537 1e-07 25.8086 -11.2522 7.04865 3602.44 1e-07 512.156 -227.567 192.206 -31.1153 19.7027 106528 -31040.4 14053 -8129.22 2805.6 -1084.25 2e-07 -52.5176 -0.110098 4e-07 -1156.84 -23.9372 -527.942 324.706 6e-07 -33000.1 17674.7 -13539.3 10617.1 -5180.47 2337.35 0.000761112 2.61215 -1.6081 1.49866 0.153372 1.49448 0.0249302 -0.998296 0.999005 0.972335
11.0319 1e-07 3.15213 211.413 1e-07 36.9882 -22.3576 20.1807 5478.32 1e-07 803.256 -427.817 641.743 -174.411 183.159 176505 -45302.1 23724.4 -13497.5 6835.16 -5111.63 2e-07 -71.3036 -0.219017 4e-07 -1743.94 -47.5741 -807.007 605.519 6e-07 -54413.5 25396.3 -21708.2 17427.1 -13283.1 10453.9 0.00752403 2.97584 -1.49261 1.49893 0.973701 1.31754 0.0641904 -0.99892 0.999736 0.999412
10.8005 1e-07 0.919136 192.533 1e-07 12.0133 2.44114 2.54105 4560.24 1e-07 308.205 52.9562 104.029 10.5075 11.6298 132949 7676.18 10004 1593.03 1238.42 475.315 2e-07 -67.6413 0.227581 4e-07 -1524.56 6.92304 -311.616 -69.0595 6e-07 -42904 -4376.32 -9632.02 -2082 -2361.36 -818.547 0.0105131 2.99857 0.318259 1.38004 0.909732 1.34871 0.010247 -0.998925 0.998953 0.999631
9.50741 1e-07 2.73881 165.872 1e-07 28.1526 -12.3138 7.58412 3983.79 1e-07 570.595 -252.871 216.207 -34.1905 21.114 120164 -35384.9 15939.4 -9195.18 3168.86 -1217.42 2e-07 -56.5301 -0.136354 4e-07 -1276.55 -26.3467 -586.715 359.427 6e-07 -37180.1 20173.6 -15332.8 11988.9 -5846.77 2603.88 0.00562252 2.70363 -1.65848 1.49677 0.0609823 1.4107 0.0566561 -0.999244 0.999964 0.999203
10.4067 1e-07 3.18817 186.237 1e-07 35.2431 -22.1634 20.8554 4495.36 1e-07 719.814 -400.023 627.774 -177.258 194.287 134742 -35696.6 19944.2 -11777.8 6306.67 -4962.31 2e-07 -63.0896 -0.226226 4e-07 -1429.12 -47.094 -726.057 571.209 6e-07 -41319 19750.5 -18105.9 15246.1 -12407.1 10201.3 0.00254715 2.89035 -1.48556 1.44032 0.994705 1.35326 0.00618846 -0.999087 0.998969 0.999315
3.14043 1e-07 2.40524 27.9957 1e-07 9.5558 -3.53808 5.81092 400.968 1e-07 105.03 -53.3302 57.4995 -8.55708 14.0668 7831.71 -2498.19 1804.01 -1547.22 729.851 -277.126 2e-07 -9.13389 -0.0696404 4e-07 -119.619 -7.69532 -116.322 84.7614 6e-07 -2225.33 1276.11 -1750.2 2062.88 -1378.48 735.825 0.00244948 0.946514 -1.5524 1.49913 0.0346866 1.40574 0.0684437 -0.998826 0.999973 0.998709
8.14931 1e-07 0.876405 129.515 1e-07 9.15149 -0.0705389 2.30922 2888.22 1e-07 211.407 -1.35036 77.7068 -0.30985 10.141 81741.2 -158.77 6417.36 -36.6122 838.081 -11.8157 2e-07 -46.1274 0.236127 4e-07 -968.527 1.38132 -215.391 6.14226 6e-07 -26353.5 100.863 -6176.32 64.6716 -1635.65 120.732 0.00217002 2.43337 -0.0111674 1.49718 0.937111 1.3908 0.061268 -0.999077 0.999022 0.999743
7.29217 1e-07 2.50934 107.819 1e-07 20.6962 -9.40509 6.68757 2260.26 1e-07 364.848 -174.262 150.345 -25.6714 18.4907 60440 -18267.1 9044.88 -5780.84 2095.28 -857.586 2e-07 -37.1284 -0.0904601 4e-07 -723.807 -19.9494 -380.943 253.253 6e-07 -18568 10234.6 -8731.62 7595.54 -3902.02 1890.78 0.0210411 2.28766 -1.59302 1.4751 0.159926 1.35707 0.00387494 -0.999033 0.998746 0.978347
7.18682 1e-07 1.99083 125.648 1e-07 23.8512 -14.3248 13.1553 3148.25 1e-07 501.131 -267.558 411.45 -114.294 121.571 99620.3 -26816.2 14417.5 -8447.64 4338.77 -3221.71 2e-07 -42.8904 0.0132415 4e-07 -998.568 -30.4632 -505.118 381.021 6e-07 -30528.7 14971 -13164.5 10894.7 -8445.61 6632.68 0.421334 2.95934 -1.58822 1.49265 0.956843 1.40335 0.0573921 -0.998854 0.998935 0.999435
3.90701 1e-07 2.14478 39.5871 1e-07 12.7875 -9.35577 14.4435 612.312 1e-07 166.198 -111.001 205.668 -76.7887 137.916 12490.3 -3658.32 3108.91 -2420.58 1603.28 -1396.98 2e-07 -13.6383 -0.0175474 4e-07 -184.918 -19.6617 -170.691 173.142 6e-07 -3528.4 1734.03 -2646.31 3156.14 -3295.45 3128.2 0.357604 1.78427 -1.52985 1.35938 0.999092 1.37366 0.0135883 -0.998843 0.998977 0.99854
11.25 1e-07 3.12063 217.687 1e-07 37.1019 -16.5458 9.74945 5683.92 1e-07 813.919 -355.67 322.524 -51.723 30.4937 184349 -55833.1 24247.8 -13449.1 4665.84 -1804.13 2e-07 -73.4356 -0.212719 4e-07 -1811.56 -35.8837 -829.119 499.791 6e-07 -56918.9 32004 -23190.5 17454.5 -8623.09 3790.07 8.64651e-18 3 -1.76628 1.5 0.0298055 1.41345 0.00623651 -0.998398 0.998974 0.998258
10.8794 1e-07 0.927209 194.137 1e-07 12.1013 2.46259 2.56337 4599.5 1e-07 310.723 53.3692 104.943 10.5998 11.7319 134107 7738.17 10089.3 1606.08 1249.1 479.492 2e-07 -68.1934 0.225966 4e-07 -1537.68 6.9808 -314.13 -69.63 6e-07 -43278 -4411.7 -9713.74 -2099.04 -2381.8 -826.181 0.00182124 2.99857 0.318259 1.38004 0.909732 1.34871 0.010247 -0.998925 0.998953 0.999637
6.47387 1e-07 2.77117 92.523 1e-07 22.1594 -15.1447 18.3214 1907.84 1e-07 373.474 -227.207 373.661 -122.249 172.179 50476.6 -14185.9 8928.92 -6076.75 3429.89 -2763.9 2e-07 -31.4596 -0.142825 4e-07 -598.398 -32.0579 -379.74 335.74 6e-07 -15183.4 7566.11 -7967.31 7881.09 -6842.15 5892.97 0.147535 2.25844 -1.50314 1.47484 0.995657 1.35674 0.00912621 -0.999313 0.999737 0.999371
10.7974 1e-07 4.30458 195.043 1e-07 49.0136 -33.3755 31.6177 4700.47 1e-07 980.07 -595.835 982.532 -287.848 311.119 139750 -47113.7 26353.9 -17741.9 9653.58 -7288.15 2e-07 -65.0056 -0.449507 4e-07 -1458.14 -72.1116 -987.474 849.483 6e-07 -41725.1 25769.1 -23532.4 22858.3 -19075.3 15097.9 0.013817 2.99217 -1.8821 1.40363 0.906957 1.346 0.0209963 -0.999399 0.998065 0.999826
9.70145 1e-07 3.18347 173.835 1e-07 34.3257 -21.8554 21.214 4271.86 1e-07 700.166 -392.901 612.095 -176.754 199.244 131382 -35815.1 19592.9 -11916.9 6241.04 -4795.76 2e-07 -58.6686 -0.225285 4e-07 -1352.42 -46.5846 -705.356 561.275 6e-07 -40185.5 19849 -17780 15387.4 -12224.3 9897.52 0.0560674 2.81721 -1.55308 1.48947 0.979737 1.43594 0.101123 -0.99972 0.999795 0.999297
2.20145 1e-07 4.23306 14.5396 1e-07 11.2922 -0.303475 32.7927 160.051 1e-07 87.6095 -2.74524 145.748 -3.09879 349.491 2466.63 -46.458 1107.8 -55.3603 1161.65 -38.4073 2e-07 -2.33027 -0.435203 4e-07 -28.6786 -1.95969 -79.8413 4.84021 6e-07 -461.994 5.35369 -821.782 47.3949 -2121.42 320.887 0.00129617 0.0199755 -1.8014 1.48375 0.996745 1.35508 0.0354296 -0.998822 0.999876 0.986262
7.61201 1e-07 4.3095 115.078 1e-07 35.1862 -26.9977 33.6349 2453 1e-07 593.972 -401.259 702.972 -251.078 358.996 66518.1 -23039.3 14163.7 -11080.1 6321.12 -5285.34 2e-07 -37.8259 -0.450492 4e-07 -745.421 -57.9011 -598.399 589.685 6e-07 -19438.6 12147.1 -12300 14227.6 -12623.1 11256.2 0.00989536 2.34414 -1.83878 1.4751 0.985635 1.30992 0.00249729 -0.998921 0.99875 0.978764
2.97851 1e-07 4.09943 24.7132 1e-07 14.2835 -10.7791 31.4358 326.217 1e-07 137.983 -106.784 229.625 -98.8433 332.431 5837.72 -2265.06 2093.46 -2268.36 1692.1 -1389.36 2e-07 -6.29305 -0.408478 4e-07 -79.7278 -23.1895 -132.366 171.802 6e-07 -1387.62 914.472 -1577.15 2903.83 -3348.76 3322.92 0.0153811 0.999137 -1.77998 1.41354 0.99757 1.35486 0.00102608 -0.99983 0.999885 0.999288
9.31734 1e-07 3.0686 152.026 1e-07 30.5865 -14.6257 9.48548 3366.6 1e-07 578.011 -278.705 264.946 -45.3638 29.5271 92909 -30212 14879 -9162.3 3519.09 -1475.38 2e-07 -51.8565 -0.202312 4e-07 -1070.25 -31.5355 -598.096 399.729 6e-07 -28349.3 16959.3 -14246.7 12016.3 -6611.32 3156.78 0.000239209 2.71381 -1.75039 1.39799 0.0738738 1.35473 0.00946352 -0.998537 0.999024 0.999115
0.0149101 1e-07 3.92979 0.00889479 1e-07 1.99601 -0.497816 15.5059 0.0776923 1e-07 0.176364 -1.6986 46.0771 -2.43002 61.38 1.00984 0.542711 0.265725 -0.122884 26.5968 -29.0401 2e-07 3.91221 -0.37455 4e-07 5.95582 -1.3887 9.50852 10.5277 6e-07 0.501177 -7.15164 137.973 -11.3772 -209.734 352.554 0.00080756 0.0412064 -1.98237 0.108272 0.0565188 1.36297 0.0083145 -0.999304 0.998401 0.969398
6.04692 1e-07 2.30898 93.3164 1e-07 23.7202 -16.342 17.6193 2116 1e-07 443.117 -269.268 459.887 -149.073 184.858 61406.2 -19366.2 11475.3 -7890.94 4407.02 -3562.05 2e-07 -31.7328 -0.0503883 4e-07 -656.954 -34.9403 -447.444 390.141 6e-07 -18322.3 10492.4 -10196.7 10140.8 -8717.81 7457.84 0.448049 2.68315 -1.79096 1.47367 0.987778 1.39714 0.00967206 -0.99928 0.999129 0.978808
7.28983 1e-07 2.48796 107.794 1e-07 20.544 -9.28952 6.57626 2259.92 1e-07 362.647 -172.707 148.145 -25.1573 18.0392 60434.4 -18197.4 9000.22 -5732.32 2073.67 -845.231 2e-07 -37.1399 -0.0861847 4e-07 -724.137 -19.6887 -378.651 250.918 6e-07 -18577 10199.4 -8691.89 7532.63 -3858.83 1864.08 0.0210411 2.28766 -1.58615 1.4751 0.159926 1.31546 0.00387494 -0.999777 0.998746 0.978322
9.15906 1e-07 3.43007 145.291 1e-07 33.4137 -22.5044 22.5861 3116.91 1e-07 608.064 -367.145 599.284 -178.661 207.705 83162.2 -24955.7 15041.6 -9874.88 5563.23 -4426.14 2e-07 -49.3163 -0.274605 4e-07 -980.122 -47.9233 -618.162 533.024 6e-07 -25025.2 13443 -13453.7 12831.4 -11136.8 9258.14 0.000321161 2.70108 -1.58822 1.36585 0.953275 1.40205 0.0347778 -0.998854 0.998935 0.999738
10.5247 1e-07 2.13672 173.557 1e-07 24.5313 -9.38114 4.61801 3737.94 1e-07 497.58 -207.306 156.95 -20.3541 10.0626 98127.7 -27387.7 13194 -6775.18 2443.96 -841.059 2e-07 -60.455 -0.0159359 4e-07 -1221.34 -19.3386 -513.983 292.718 6e-07 -30688.3 15575.3 -12834.3 8948.08 -4469.05 1804.64 0.00314277 2.99047 -1.46253 1.26841 0.0667559 1.39737 0.0258499 -0.997841 0.998977 0.998767
0.762318 1e-07 3.33854 0.604294 1e-07 4.53589 -7.04216 21.859 0.709721 1e-07 11.0656 -29.6387 112.006 -55.8482 201.061 4.0542 1.28209 19.5737 -65.466 219.106 -490.772 2e-07 2.39494 -0.2563 4e-07 12.7905 -14.6779 0.404881 66.2325 6e-07 53.4023 -121.288 294.097 54.0985 -688.677 1432.97 0.00233667 0.871191 -1.55468 0.0225694 0.964016 1.40459 0.0678011 -0.999762 0.999973 0.997985
11.2498 1e-07 0.833602 217.681 1e-07 11.3752 -9.21654e-05 2.08468 5683.7 1e-07 316.275 0.0203202 90.9448 -0.000384146 8.68896 184340 14.1896 11259.6 1.3782 1152.03 -0.0184872 2e-07 -75.7205 0.244688 4e-07 -1888.67 2.35304 -316.688 4.19982 6e-07 -59404.3 17.8683 -10809.6 23.7146 -2174.07 95.1991 8.64651e-18 2.99997 -0.000178417 1.5 0.913018 1.39142 0.0235101 -0.998828 0.999003 0.999825
7.96473 1e-07 3.21372 63.8016 1e-07 27.8282 -22.0753 21.2687 511.695 1e-07 302.226 -252.481 573.793 -178.712 200.324 4111.51 -2175.98 3559.99 -3432.3 3241.06 -3754.21 2e-07 -23.8915 -0.231335 4e-07 -133.826 -46.4395 -327.597 393.704 6e-07 -234.017 261.468 -2313.55 4634.33 -7531.69 8035.53 0.00840928 2.83077 -1.49767 0.00823979 0.998965 1.49438 0.0355441 -0.998838 0.999314 0.986361
1.3949 1e-07 3.13699 5.85129 1e-07 6.29506 -1.11204 10.2062 41.0351 1e-07 34.3712 -9.87584 51.4401 -3.88682 33.2173 404.488 -63.1084 296.117 -156.724 386.468 -80.8 2e-07 -0.0133001 -0.21599 4e-07 0.723356 -2.90921 -39.2795 22.9602 6e-07 9.47478 -6.10528 -212.335 218.947 -806.317 402.979 0.0354814 0.174682 -1.80336 1.1621 0.0166843 1.33169 0.00345046 -0.999259 0.998688 0.972977
6.02856 1e-07 2.34093 89.4367 1e-07 23.5819 -16.5228 17.8159 1926.64 1e-07 424.475 -263.709 461.445 -150.487 186.742 52837 -16996.2 10507.3 -7314.36 4249.17 -3525.18 2e-07 -30.5186 -0.0567783 4e-07 -596.684 -35.2817 -430 384.195 6e-07 -15655.4 9094.81 -9266.52 9422.81 -8486.97 7401.48 0.435882 2.68044 -1.77998 1.41377 0.990607 1.39477 0.00967206 -0.999267 0.999129 0.978808
9.94156 1e-07 3.09965 167.263 1e-07 33.0357 -15.6128 9.63688 3775.87 1e-07 641.947 -304.409 289.056 -48.7549 29.9819 105533 -34635.3 16807 -10027.7 3862.67 -1595.16 2e-07 -57.0207 -0.208523 4e-07 -1200.92 -33.7427 -662.538 434.539 6e-07 -32226.1 19504 -16093.7 13149.1 -7249.16 3394.78 0.00232531 2.83943 -1.76248 1.37772 0.0231486 1.35495 0.0360819 -0.999321 0.999315 0.978796
6.96194 1e-07 1.83448 116.029 1e-07 21.7164 -13.0128 11.9608 2753.58 1e-07 441.513 -235.9 372.034 -103.5 110.69 82225.5 -21443.4 12198 -7026.91 3777.03 -2935.26 2e-07 -39.9362 0.044513 4e-07 -876.954 -27.5047 -446.647 337.875 6e-07 -25213.7 11881.9 -11115.9 9094.57 -7416.82 6044.42 0.43133 2.95036 -1.50163 1.43069 0.984949 1.40206 0.0345065 -0.999269 0.998724 0.998894
2.19653 1e-07 0.861675 14.4971 1e-07 3.92124 -0.042865 2.56131 159.687 1e-07 39.2051 0.236417 36.8416 -0.213817 12.691 2465.53 84.9667 578.033 6.3361 200.578 -4.0185 2e-07 -5.68397 0.239073 4e-07 -50.6395 0.0336932 -44.4741 3.99024 6e-07 -703.32 -51.9112 -527.391 -7.44431 -472.454 105.483 0.130675 -0.233564 0.075621 1.47629 0.992625 1.39546 0.0343165 -0.99825 0.999139 0.999912
7.24582 1e-07 4.1013 53.7033 1e-07 32.5714 -29.5285 31.4118 399.919 1e-07 313.841 -304.97 771.473 -269.866 329.899 2995.96 -1957.7 3287.68 -3742.6 3945.82 -4751.42 2e-07 -19.2555 -0.408851 4e-07 -75.9648 -62.5903 -339.901 484.637 6e-07 270.5 -85.935 -1494.53 4964.82 -9432.75 10402.2 0.0315185 2.72339 -1.80787 0.0408264 0.983026 1.39253 0.0345065 -0.999305 0.998679 0.97976
