9.60697 1e-07 4.89901 166.497 1e-07 49.1236 37.1414 41.5078 3952.87 1e-07 932.196 615.847 1099.9 371.563 475.278 117556 41619.9 24391.1 18215.7 10339.1 8603.44 2e-07 -54.6571 -0.568393 4e-07 -1204.99 68.4105 -955.982 -889.092 6e-07 -34558.6 -22626.5 -21633.7 -23869 -20565.9 -17474.1 0.0017162 2.72854 1.97832 1.47468 0.996201 1.49999 0.861994 -0.998884 0.0200628 1
0.0100962 1e-07 4.99767 0.00047386 1e-07 2.05006 -1.39109 42.9382 0.0041317 1e-07 0.121204 -3.59478 85.2039 -14.0931 497.715 0.0650488 0.000283285 0.00517316 -0.123441 27.6141 -83.6659 2e-07 4.98743 -0.588125 4e-07 6.14846 -3.18803 37.0963 8.03928 6e-07 0.582372 -14.4033 256.322 -42.6497 31.5979 476.4 2.41824e-05 -0.0994784 1.99991 0.0120868 0.999074 1.49992 0.689962 -0.999956 0.00980654 1
7.63324 1e-07 4.98848 113.173 1e-07 40.0798 32.8263 42.6642 2351.98 1e-07 656.189 472.097 882.96 330.901 491.846 62001.7 23529.9 15128.6 12727.6 7594.43 6641.03 2e-07 -36.5967 -0.586288 4e-07 -698.528 60.777 -677.993 -699.574 6e-07 -17671.5 -12314.2 -13077.1 -16731 -15345 -13696.6 5.33768e-05 2.35612 1.99993 1.44299 0.994483 1.49984 0.684437 -0.999956 -0.0874594 1
11.25 1e-07 1.93745e-09 217.687 1e-07 1.99452 7.71246e-12 3.80609e-16 5683.92 1e-07 134.63 0.0222398 2.31858e-08 -1.52514e-16 1.53892e-16 184349 53.1569 6512.74 2.6442 23.8689 4.61501e-10 2e-07 -76.5563 0.411408 4e-07 -1916.88 4.22944 -127.151 2.97331 6e-07 -60315.4 30.8273 -6265.37 35.4114 -35.8033 50 1.88326e-14 3 -4.40165e-05 1.5 3.36433e-09 1.49996 0.285783 -0.997258 -0.0809539 1
6.4403 1e-07 1.53618 85.2814 1e-07 11.8939 -5.13476 4.28817 1610.5 1e-07 208.298 -94.9268 92.5163 -17.0913 16.4377 38933.7 -8376 5032.61 -2637.43 1102.1 -525.259 2e-07 -30.4885 0.104172 4e-07 -532.75 -9.9987 -217.322 139.528 6e-07 -12249.1 4639.32 -4848.21 3522.12 -2111.87 1183.74 0.000131214 -2.10359 1.08703 1.41977 0.59559 1.49983 0.32267 -0.999986 0.0375904 1
6.98588 1e-07 0.55722 93.4852 1e-07 5.89368 1.32561 0.818841 1745.95 1e-07 135.921 34.0827 28.496 2.60238 1.86698 41263.9 4045.21 3776.9 964.511 381.13 124.749 2e-07 -34.4742 0.299964 4e-07 -599.591 4.34654 -139.589 -42.1537 6e-07 -13445.5 -2279.52 -3731.71 -1264.43 -708.156 -161.154 0.00194059 2.27055 0.488688 1.35635 0.565055 1.49998 0.321268 -0.999293 -0.375494 1
5.64002 1e-07 2.36368 69.3997 1e-07 15.3286 -7.39656 6.6702 1240.23 1e-07 231.653 -122.987 116.913 -22.4581 21.6426 28642.4 -8676.97 5011.71 -3545.72 1445.99 -665.747 2e-07 -24.0962 -0.061327 4e-07 -395.483 -15.5385 -245.584 183.337 6e-07 -8674.69 4696.45 -4817.86 4709.89 -2751.11 1517.64 0.000150064 -1.89954 1.49886 1.42558 0.342655 1.49972 0.445911 -0.999554 -0.0838365 1
6.48536 1e-07 3.68112 86.1705 1e-07 25.935 15.9684 15.9527 1630.81 1e-07 396.053 239.344 295.08 74.0642 78.6307 39482.2 14681.6 8608.8 6928.77 3125.36 1749.86 2e-07 -28.6554 -0.324816 4e-07 -497.61 29.4179 -423.091 -345.381 6e-07 -11495.2 -7895.35 -8122.64 -9158.33 -6056.15 -3327.21 0.00334726 2.11902 1.87873 1.41751 0.404638 1.49993 0.184925 -0.99732 -0.26839 1
11.2492 1e-07 0.477365 217.669 1e-07 7.36477 0.0017228 0.683676 5683.42 1e-07 238.542 0.0832144 37.1365 0.00411594 1.63194 184332 51.7643 9225.86 4.58901 558.325 0.242134 2e-07 -76.0725 0.315935 4e-07 -1900.6 3.1585 -236.099 3.79813 6e-07 -59790.3 11.1167 -8907.52 31.2411 -1021.53 74.2608 9.16773e-05 3 -4.40165e-05 1.5 0.690943 1.49996 0.285783 -0.997327 -0.0809539 1
7.31105 1e-07 4.01269 107.789 1e-07 31.3946 19.206 18.3834 2252.89 1e-07 521.288 304.498 374.999 93.2608 93.9956 60088.9 22335 12295.4 9616.74 4122.64 2252.25 2e-07 -35.635 -0.391129 4e-07 -689.472 35.141 -550.722 -436.67 6e-07 -17673.1 -12242.9 -11596 -12622.1 -7932.57 -4326 0.00119029 2.26587 1.96799 1.47746 0.379238 1.49999 0.74128 -0.994347 0.17764 1
5.50544 1e-07 0.211885 66.7449 1e-07 3.16506 -0.205198 0.131659 1178.62 1e-07 80.1687 -8.58052 8.32955 -0.190366 0.134006 26936.5 -1078.57 2250.99 -242.243 116.689 -15.274 2e-07 -25.317 0.369031 4e-07 -410.836 1.22157 -81.4538 14.5878 6e-07 -8858.73 624.243 -2238.84 345.63 -217.296 88.9024 0.000163039 1.86495 -0.197428 1.42405 0.41585 1.49982 0.253498 -0.999554 -0.147405 1
9.96781 1e-07 1.70634 171.507 1e-07 19.0328 8.64692 6.30897 3985.76 1e-07 412.742 174.406 198.507 39.6203 33.7894 115115 22008.4 11957 5344.98 2334.21 1331.48 2e-07 -59.7135 0.0701398 4e-07 -1310.14 17.5881 -424.851 -239.186 6e-07 -36456.7 -12519.4 -11456.3 -7034.88 -4444.3 -2488.95 0.00181955 2.82356 1.05156 1.41752 0.776919 1.49992 0.196539 -0.99887 0.00748955 1
0.373992 1e-07 1.1465 0.143117 1e-07 2.42622 -0.749626 1.32524 0.0576763 1e-07 4.64734 -12.0081 15.2828 -0.868989 1.54422 0.0515492 -0.0373526 4.34905 -14.871 54.9263 -45.27 2e-07 0.729578 0.182107 4e-07 7.11823 -1.83063 -9.91113 22.7082 6e-07 23.1636 -48.8806 31.5948 65.1376 -159.909 195.544 1.08937e-05 -0.609832 1.06966 0.0455737 0.0484512 1.49992 0.34742 -0.999236 0.00728813 1
0.681982 1e-07 3.10453 0.46847 1e-07 4.11565 -4.84463 11.5417 0.350285 1e-07 9.62469 -28.8079 64.6145 -19.3999 49.4277 0.713131 -0.507665 14.971 -60.2744 181.711 -304.604 2e-07 2.282 -0.209497 4e-07 11.7734 -10.2318 -8.01407 59.9946 6e-07 47.5592 -116.659 160.138 135.12 -556.442 895.959 0.000183831 -0.825412 1.71695 0.0197104 0.396419 1.49983 0.465271 -0.999917 -0.247035 1
9.70004 1e-07 3.30616 182.456 1e-07 38.1088 23.0534 19.968 4715.95 1e-07 813.355 443.274 630.079 164.435 160.368 152189 47219.9 23655.8 14727.3 6932.99 4417.85 2e-07 -61.1307 -0.249825 4e-07 -1482.91 42.4757 -833.294 -620.969 6e-07 -46305.8 -26646.4 -21973 -19245.8 -13376.9 -8712.96 0.167853 2.99216 1.80891 1.49993 0.783297 1.49999 0.658023 -0.992401 -0.0541639 1
6.63779 1e-07 0.499729 89.9122 1e-07 5.30622 1.0538 0.568667 1732.4 1e-07 124.441 32.4444 19.7078 1.50504 0.953301 42667.6 4592.44 3560.7 987.318 313.451 85.8061 2e-07 -33.1117 0.311462 4e-07 -593.713 3.77719 -127.663 -39.1424 6e-07 -13910.5 -2613.59 -3528.56 -1286.42 -564.179 -88.0561 0.00615374 2.15195 0.549001 1.42621 0.445698 1.49968 0.669297 -0.999932 0.0157046 1
2.55397 1e-07 3.79104 18.852 1e-07 11.655 -6.09852 17.2241 225.872 1e-07 101.738 -65.609 114.32 -29.7708 90.1901 3714.49 -1522.36 1415.36 -1593.21 1038.86 -557.072 2e-07 -4.41853 -0.346799 4e-07 -51.6485 -13.4773 -107.476 108.593 6e-07 -831.529 638.386 -1216.4 2105.45 -2049.91 1454.13 0.000127319 -0.773639 1.897 1.39839 0.439184 1.49968 0.466609 -0.99451 -0.0831132 1
10.8649 1e-07 1.42665 197.5 1e-07 17.514 7.11583 4.75158 4799.14 1e-07 412.421 154.653 167.502 30.0248 23.4863 144078 23347.7 12777.9 4945.9 2080.65 1135.69 2e-07 -68.6883 0.126078 4e-07 -1584.7 15.1988 -421.104 -209.426 6e-07 -45960.6 -13391.2 -12281.3 -6484.82 -3920.73 -2094.95 0.00169754 2.97793 0.908327 1.41827 0.776676 1.49988 0.683806 -0.999222 -0.223076 1
11.0603 1e-07 3.89076 211.982 1e-07 45.1685 24.0506 17.2971 5492.73 1e-07 960.594 478.534 548.083 113.107 85.6777 176959 59100.7 27815.3 17155.7 6813.6 3235.25 2e-07 -70.7641 -0.366744 4e-07 -1724.29 43.6178 -989.958 -664.758 6e-07 -53777.3 -33651.2 -26414.8 -22349.3 -12832.7 -6221.67 0.00418866 2.9749 1.9416 1.49912 0.37032 1.49997 0.199846 -0.999889 0.0180997 1
11.1398 1e-07 0.800606 214.611 1e-07 10.9325 2.98905 1.47257 5584.04 1e-07 305.794 83.8639 60.0775 6.93399 3.99843 180533 21474.5 10913.8 3149.08 984.268 346.386 2e-07 -74.7226 0.251287 4e-07 -1857.02 8.3746 -307.437 -108.206 6e-07 -58215 -12522.1 -10584.8 -4064.11 -1763.96 -572.383 0.00700976 2.9929 0.69108 1.49837 0.570536 1.49996 0.6686 -0.997309 -0.0738499 1
4.57591 1e-07 1.07208 50.918 1e-07 6.89795 -1.73508 1.15614 852.685 1e-07 109.332 -44.3722 23.8038 -1.87489 1.25408 18791.3 -3995.19 2437.58 -1312.31 434.955 -120.521 2e-07 -18.7792 0.196992 4e-07 -286.03 -2.96719 -117.416 65.3708 6e-07 -5943.4 2218.71 -2437.1 1769.74 -776.399 332.813 2.55228e-06 -1.56178 1.03465 1.46177 0.0397847 1.49962 0.635753 -0.99851 -0.344893 1
3.18594 1e-07 1.47866 26.9631 1e-07 6.69308 -2.79386 6.0835 355.227 1e-07 77.8064 -33.8954 76.4038 -15.9829 39.7582 6268.17 -993.443 1328.4 -598.86 525.679 -309.838 2e-07 -9.79621 0.115676 4e-07 -113.452 -5.61562 -83.1834 56.0665 6e-07 -1846.65 456.015 -1189.6 817.765 -1134.28 783.834 0.0147404 -1.15666 0.715179 1.36459 0.990581 1.49999 0.733591 -0.996513 0.610874 1
4.05388 1e-07 0.308242 41.3955 1e-07 3.24442 -0.278851 0.137251 644.296 1e-07 61.3268 -15.5057 5.6421 -0.140096 0.0787599 13283.2 -1466.64 1438.93 -416.803 119.328 -17.9269 2e-07 -16.1643 0.34976 4e-07 -224.951 0.461215 -64.7065 23.4282 6e-07 -4322.63 822.727 -1457.44 579.819 -208.201 97.7797 0.00170146 -1.4114 0.521712 1.43698 0.189186 1.49957 0.682265 -0.999633 -0.00475632 1
2.84756 1e-07 1.70573 8.11763 1e-07 6.85631 -4.69085 4.96621 23.1713 1e-07 48.0076 -48.924 70.899 -16.0822 19.4617 66.3171 -45.8565 282.973 -375.807 413.919 -346.065 2e-07 -3.57711 0.0702616 4e-07 5.49991 -9.58146 -57.4023 82.6963 6e-07 196.972 -174.444 -171.324 611.607 -967.17 865.138 5.86277e-05 -1.68726 1.17118 0.0272233 0.57806 1.49962 0.637838 -0.999864 -0.394249 1
1.78354 1e-07 3.05719 9.53847 1e-07 7.45056 -1.16926 9.37591 84.9813 1e-07 50.5411 -13.0248 54.3365 -3.58496 28.8439 1059.51 -215.81 545.657 -280.02 505.629 -88.942 2e-07 -1.58789 -0.20003 4e-07 -12.6812 -3.09487 -58.112 27.1029 6e-07 -150.129 71.2028 -475.797 382.961 -1004.3 409.733 3.95171e-05 -0.219082 1.74783 1.31739 0.0488873 1.5 0.739432 -0.999298 -0.0906962 1
8.90117 1e-07 4.14853 143.496 1e-07 39.2429 26.4936 26.1775 3169.26 1e-07 708.37 434.474 663.777 191.92 212.766 87659.4 30977.9 17601.3 12711 6508.4 4424.55 2e-07 -47.8014 -0.418298 4e-07 -976.545 48.8006 -737.033 -624.573 6e-07 -25925.2 -16931.5 -16105.3 -16749.2 -12855.7 -8845.14 0.013819 2.64171 1.90591 1.41977 0.753476 1.49994 0.678844 -0.999989 0.0289342 1
7.97227 1e-07 4.43714 120.625 1e-07 37.6634 29.1568 35.1155 2537.82 1e-07 636.332 435.205 780.579 273.951 378.49 67415.6 23951.3 15002.2 11734.8 6876.18 5825.51 2e-07 -39.7226 -0.47602 4e-07 -768.981 54.0608 -659.321 -638.967 6e-07 -19580.8 -12707.6 -13199.8 -15470 -13855.7 -11890.3 0.0128028 2.45157 1.87807 1.42698 0.980565 1.49991 0.682008 -0.997331 -0.210894 1
8.05929 1e-07 1.11605 65.1824 1e-07 11.0018 3.35663 1.25426 528.819 1e-07 169.466 80.989 43.7494 3.78547 1.41901 4303.75 1593.89 2544.45 1670.32 753.481 231.784 2e-07 -26.4979 0.188198 4e-07 -190.822 7.82854 -185.278 -105.36 6e-07 -972.613 -639.456 -2691.45 -2286.93 -1335.63 -332.813 0.000801186 2.83864 1.05584 0.0778078 0.042406 1.49992 0.665428 -0.99861 -0.344532 1
0.66031 1e-07 0.941353 0.485239 1e-07 2.62092 -0.113077 2.65848 0.395056 1e-07 8.37717 -0.800215 38.9847 -0.531281 12.5131 0.418449 -0.019941 14.9078 -1.72841 70.0118 -7.83384 2e-07 0.135472 0.223138 4e-07 7.259 -0.47868 -12.7098 5.67286 6e-07 41.3652 -4.6647 78.6456 -2.93095 -287.628 118.548 2.90482e-05 -0.800934 0.0502535 0.136996 0.968944 1.49996 0.350346 -0.999725 -0.062766 1
10.0036 1e-07 4.86474 168.547 1e-07 51.1773 38.8089 41.1168 3798.36 1e-07 950.255 638.51 1176.5 387.24 469.18 105759 38946.6 23778 17612.8 10589.7 9027.54 2e-07 -55.7029 -0.56154 4e-07 -1154.52 71.4979 -979.288 -922.886 6e-07 -30774.7 -20934.7 -20913 -23229.2 -21331.9 -18331.9 0.0146395 2.87346 1.98687 1.36459 0.990581 1.49999 0.739071 -0.996436 0.610253 1
4.22971 1e-07 4.17033 41.3667 1e-07 19.7239 -16.1475 26.8495 598.41 1e-07 224.362 -178.652 313.508 -119.603 223.641 11290.6 -4784.31 3753.9 -3916.45 2421.54 -1974.14 2e-07 -12.4694 -0.422658 4e-07 -161.718 -34.4997 -229.404 281.526 6e-07 -2863.79 2128.12 -3057.48 5111.11 -4982.84 4540.25 0.0147404 -1.5864 1.90656 1.3201 0.771298 1.49999 0.435276 -0.99952 0.0138096 1
10.053 1e-07 0.00430911 181.544 1e-07 2.03295 0.000953552 8.11329e-05 4484.76 1e-07 121.037 2.33111 0.0996744 -2.76203e-05 1.47428e-05 138667 1153.75 5450.45 114.077 26.8662 0.0638848 2e-07 -64.5121 0.410546 4e-07 -1520.87 3.73121 -115.032 0.209461 6e-07 -45479.5 -632.446 -5268.92 -111.08 -40.7938 50.0796 0.00240264 2.79685 0.045776 1.49981 0.0452548 1.49994 0.270364 -0.997412 -0.21797 1
10.6597 1e-07 2.17301 193.738 1e-07 25.2706 10.349 5.98194 4733.02 1e-07 551.277 228.791 197.184 31.2292 19.5514 143285 36342.9 16157.8 8094.57 2865.6 1107.74 2e-07 -66.6079 -0.0231934 4e-07 -1537.83 20.0294 -569.084 -309.974 6e-07 -44962.1 -20921.1 -15673 -10550.7 -5237.8 -2008.33 0.00780413 2.94277 1.428 1.43733 0.383594 1.49987 0.691711 -0.998352 0.0633946 1
9.11061 1e-07 4.20007 151.871 1e-07 40.3118 27.1128 27.0735 3483.49 1e-07 748.145 453.435 689.97 201.304 226.233 100334 34622 19210 13732.1 6900.38 4705.59 2e-07 -50.4717 -0.428606 4e-07 -1075.98 49.9114 -775.326 -650.035 6e-07 -29842.9 -19046.6 -17599.5 -18038.8 -13563.3 -9407.55 0.0017162 2.6427 1.89801 1.46237 0.776919 1.49999 0.851904 -0.99887 0.0201247 1
6.01769 1e-07 0.698778 73.77 1e-07 6.20491 -1.6875 1.20626 1286.08 1e-07 123.758 -38.4285 33.8571 -3.76755 3.15134 28659.7 -3543.52 3111.7 -1003.32 415.738 -155.459 2e-07 -27.4499 0.271653 4e-07 -440.978 -2.14025 -128.284 57.1066 6e-07 -9265.2 1977.99 -3058.7 1369.99 -794.8 389.43 5.45878e-05 -2.04344 0.599698 1.35729 0.582383 1.49983 0.391326 -0.999971 0.037696 1
10.9656 1e-07 0.421558 202.936 1e-07 6.63258 1.1215 0.379955 5030.88 1e-07 217.379 45.3149 19.4759 1.24883 0.493858 154244 14437.2 8213.77 1858.05 435.879 94.9091 2e-07 -71.4247 0.327097 4e-07 -1692.3 5.42781 -215.495 -54.9752 6e-07 -50217.3 -8441.05 -7999.69 -2366.94 -746.715 -107.311 0.00799088 2.99497 0.529531 1.43733 0.379348 1.49987 0.283169 -0.998363 0.0637668 1
6.43394 1e-07 0.420903 85.1751 1e-07 4.70657 -0.69018 0.27738 1608.32 1e-07 113.043 -29.8136 10.8298 -0.526146 0.238766 38878.7 -4596.72 3232.04 -960.162 242.677 -47.6122 2e-07 -31.5656 0.327228 4e-07 -553.551 0.325305 -115.374 42.465 6e-07 -12706.7 2651.21 -3206.53 1296.98 -420.503 159.368 0.00164803 -2.10359 0.597479 1.41977 0.253698 1.49983 0.3926 -0.999989 0.0386783 1
7.26838 1e-07 0.395241 105.929 1e-07 4.87253 0.772624 0.337685 2184.8 1e-07 129.089 29.558 14.0014 0.817716 0.417728 57450.9 5525.39 4041.44 993.461 266.765 59.2208 2e-07 -38.6518 0.33236 4e-07 -746.751 3.56102 -130.692 -34.7196 6e-07 -18774.6 -3179.24 -3991.42 -1280.52 -466.967 -41.8847 0.00125062 2.26587 0.506465 1.46304 0.373061 1.49994 0.209377 -0.999845 -0.059932 1
11.0603 1e-07 0.463101 211.982 1e-07 7.12942 1.25362 0.431715 5492.73 1e-07 231.129 50.0734 21.2643 1.42292 0.569826 176959 17426.4 8910.57 2113.33 485.657 105.869 2e-07 -74.1918 0.318788 4e-07 -1838.41 5.63166 -229.348 -61.1321 6e-07 -57424.6 -10214.6 -8664.13 -2691.16 -829.791 -125.939 0.00418866 2.9749 0.57249 1.49912 0.37032 1.49997 0.199846 -0.99995 0.00622908 1
8.272 1e-07 4.1996 130.101 1e-07 36.783 25.4298 27.0718 2849.22 1e-07 646.489 403.924 621.737 188.813 226.225 78864.4 27739.8 15888.3 11905.7 6055.92 4211.8 2e-07 -43.1028 -0.428512 4e-07 -874.519 46.9061 -672.746 -583.891 6e-07 -23276.1 -15103.9 -14494.9 -15658 -11956.1 -8443.81 0.0017162 2.47867 1.89801 1.46237 0.776919 1.49991 0.670234 -0.99887 -0.233899 1
10.9759 1e-07 3.75883 209.231 1e-07 43.368 21.6207 14.1971 5396.91 1e-07 920.738 438.104 450.075 81.8204 53.7587 173175 57980.7 26632 16133.2 5980.7 2563.21 2e-07 -69.9863 -0.340358 4e-07 -1698.2 39.0833 -951.057 -605.608 6e-07 -52745.6 -33134.1 -25512.2 -20988.6 -11119.6 -4830.2 0.00312243 2.95926 1.94084 1.49869 0.0470665 1.5 0.695176 -0.997078 -0.256611 1
10.1491 1e-07 4.86474 172.595 1e-07 51.8945 39.1539 41.1168 3919.02 1e-07 971.968 649.967 1194.71 390.682 469.18 109833 40319.3 24494.6 18023.7 10810.4 9189.71 2e-07 -57.0627 -0.56154 4e-07 -1192.62 72.1043 -1001.08 -938.015 6e-07 -32008.9 -21715.1 -21571.9 -23766.2 -21754.1 -18644.4 0.0146395 2.89902 1.98687 1.36459 0.990581 1.49999 0.739071 -0.996436 0.610253 1
7.31418 1e-07 0.414756 107.927 1e-07 5.03251 0.830855 0.369673 2258.01 1e-07 132.304 30.8778 14.8736 0.916519 0.477097 60288.9 5955.13 4163.63 1046.76 281.958 64.0665 2e-07 -39.2776 0.328457 4e-07 -770.232 3.66432 -134.051 -36.5009 6e-07 -19683.1 -3431.62 -4108.82 -1349.37 -493.868 -50.1598 0.00119808 2.26587 0.520358 1.47853 0.379238 1.49994 0.74128 -0.994347 0.17764 1
8.99213 1e-07 4.04162 148.566 1e-07 38.548 22.7932 19.2061 3380 1e-07 712.52 395.685 492.287 115.822 103.565 96586.4 34813.1 18218.2 12803.4 5528.32 2937.24 2e-07 -49.5205 -0.396916 4e-07 -1046.92 41.5762 -744.544 -560.7 6e-07 -28793.3 -19386.5 -17175.7 -16789.9 -10614.5 -5693.7 0.00783786 2.63103 1.97352 1.45708 0.418422 1.49999 0.68364 -0.996335 0.0378409 1
0.478168 1e-07 3.57457 0.276065 1e-07 3.67905 -4.97854 15.3796 0.678339 1e-07 6.47068 -25.0191 68.9503 -23.0852 76.3631 9.01163 -0.0201743 7.40965 -37.0215 148.505 -309.928 2e-07 3.01358 -0.303506 4e-07 10.5576 -10.4962 0.0123564 55.6089 6e-07 28.9716 -101.245 188.276 81.2675 -500.086 956.328 0.00332918 -0.685953 1.84406 0.0414507 0.429455 1.49997 0.675856 -0.998872 0.0303885 1
5.01908 1e-07 4.67379 59.1509 1e-07 25.4975 -21.0633 35.9458 1036.53 1e-07 337.331 -256.386 463.583 -189.305 367.29 23755.7 -9446.27 6632.03 -6585.46 3848.57 -3224.84 2e-07 -18.0906 -0.52335 4e-07 -293.618 -45.1612 -337.826 392.075 6e-07 -6476.6 4599.09 -5513.15 8442.05 -7715.48 7202.31 0.00426945 -1.69714 1.9667 1.46651 0.907228 1.5 0.815861 -0.999985 -0.223964 1
6.18664 1e-07 3.66425 83.7709 1e-07 24.7343 14.5038 14.7756 1648.86 1e-07 382.297 222.454 254.667 61.0936 64.6662 41957.9 15324.4 8577.25 7042.39 2900.13 1523.48 2e-07 -27.6536 -0.321442 4e-07 -504.225 26.6059 -407.846 -318.825 6e-07 -12324.7 -8346.83 -8169.15 -9240.75 -5529.74 -2841.55 0.00314433 1.98894 1.89301 1.49773 0.301466 1.49996 0.676046 -0.994329 -0.080984 1
6.32271 1e-07 2.84873 83.3075 1e-07 21.6472 14.375 15.5172 1556.43 1e-07 341.616 212.759 319.098 93.7699 114.712 36984.3 11992.3 7526.55 5483.7 2943.56 2068.95 2e-07 -28.4662 -0.158338 4e-07 -485.296 27.0218 -361.191 -308.986 6e-07 -10943.6 -6378.38 -6905.27 -7299.17 -5883.87 -4081.6 0.167853 2.30108 1.64859 1.35989 0.783297 1.49992 0.675135 -0.999321 -0.0786626 1
6.19332 1e-07 0.407799 38.612 1e-07 4.51899 0.87608 0.34938 242.007 1e-07 89.943 28.8216 14.5349 0.919457 0.430822 1527.2 316.464 1254.93 518.855 218.937 62.6292 2e-07 -17.3691 0.329848 4e-07 -97.657 3.39634 -94.4192 -34.2234 6e-07 -250.453 -76.6951 -1364.31 -712.153 -397.504 -48.0007 0.00332918 2.48991 0.523367 0.0827111 0.365632 1.49991 0.683806 -0.99922 -0.224597 1
9.41734 1e-07 3.68113 156.474 1e-07 36.7695 20.5397 15.9527 3535.99 1e-07 691.084 368.346 435.919 95.2552 78.6307 99687.7 34457.4 17759.5 11749.5 5031.02 2543.32 2e-07 -52.6785 -0.324818 4e-07 -1106.96 37.5998 -722.493 -518.469 6e-07 -29986.9 -19274.9 -16859.6 -15437.6 -9610.62 -4882.59 0.00334726 2.72618 1.87873 1.41751 0.404638 1.49993 0.193408 -0.99732 0.0258087 1
10.0167 1e-07 4.25059 168.761 1e-07 44.9409 28.2188 24.0148 3802.21 1e-07 844.891 491.984 698.709 176.926 164.733 105830 38924.8 21400.8 14717.2 7216.26 4315.73 2e-07 -56.3943 -0.43871 4e-07 -1174.6 51.5704 -879.676 -699.369 6e-07 -31326.8 -21486.5 -19846.9 -19413.3 -14125.6 -8539.24 0.0128427 2.87346 1.98687 1.36418 0.59421 1.49998 0.629528 -0.999983 0.0302884 1
10.9656 1e-07 2.16629 202.936 1e-07 25.8959 10.4887 5.93349 5030.88 1e-07 574.353 235.44 201.356 31.4347 19.2456 154244 38883.5 17068.3 8426.79 2957.83 1129.15 2e-07 -69.68 -0.0218504 4e-07 -1634.51 20.3095 -591.819 -318.508 6e-07 -48432.5 -22419.7 -16551.1 -10974.8 -5396.85 -2048.52 0.00799088 2.99497 1.428 1.43733 0.379348 1.49987 0.283169 -0.998352 0.0637668 1
2.77044 1e-07 3.44222 22.2151 1e-07 11.5241 -5.37185 13.6568 289.393 1e-07 109.528 -63.8268 99.5825 -22.6204 60.8998 5177.31 -1946.35 1659.13 -1708.16 1010.88 -481.087 2e-07 -5.99275 -0.277035 4e-07 -74.4604 -11.9087 -117.88 104.114 6e-07 -1294.94 899.736 -1503.91 2256.78 -1964.13 1254.32 1.88326e-14 -0.797977 1.81887 1.46071 0.365943 1.49983 0.317202 -0.997486 -0.0809539 1
8.85257 1e-07 4.00948 141.043 1e-07 37.6838 22.5251 18.9225 3074.33 1e-07 675.442 382.214 482.701 113.701 101.41 83867.9 30809 16643.5 11793.4 5280.14 2845.54 2e-07 -47.156 -0.390488 4e-07 -950.29 41.1554 -708.784 -543.429 6e-07 -24857.5 -17033.6 -15672.1 -15527 -10196.5 -5517.83 0.00780085 2.63103 1.96526 1.40789 0.418422 1.49999 0.68364 -0.997427 0.0378409 1
8.34581 1e-07 3.57079 130.954 1e-07 31.8658 18.1496 15.2963 2850.92 1e-07 569.016 310.749 366.94 83.7686 75.4662 78289 26866.1 14137.8 9823.55 4183 2168.42 2e-07 -44.0611 -0.30275 4e-07 -890.631 33.3596 -597.86 -439.801 6e-07 -23492.5 -14936.6 -13423.5 -12906.8 -8000.94 -4145.96 0.00332918 2.5041 1.84408 1.44764 0.424864 1.49997 0.684351 -0.998872 0.0303885 1
9.74128 1e-07 2.16528 167.308 1e-07 23.2122 9.73435 5.92848 3905.24 1e-07 481.674 206.515 179.245 29.1644 19.2231 113660 29375.1 13537.1 7081.38 2550.68 1008.76 2e-07 -57.7685 -0.0216477 4e-07 -1269.24 18.8339 -500.135 -280.782 6e-07 -35595 -16826.5 -13152.6 -9250.56 -4677.56 -1818.27 0.00799088 2.78131 1.42764 1.43733 0.379348 1.49994 0.283169 -0.998352 0.063125 1
7.64359 1e-07 0.00208074 112.103 1e-07 2.01497 0.000149887 1.90462e-05 2296.01 1e-07 91.932 0.53899 0.070542 -9.46303e-06 2.99269e-06 59529.7 144.33 3367.14 21.0268 25.1201 0.0103912 2e-07 -41.2725 0.410992 4e-07 -794.861 2.74194 -88.7837 2.35774 6e-07 -19695.3 -56.7083 -3306.17 0.488323 -38.0322 50.0751 0.00026642 2.37104 0.0125553 1.42239 0.0435868 1.49976 0.29914 -0.999826 -0.349046 1
4.6528 1e-07 1.08452 53.0552 1e-07 7.03841 -1.76555 1.18333 912.972 1e-07 113.206 -45.2163 24.3011 -1.93025 1.29863 20703.6 -4361.75 2577.58 -1377.9 448.997 -123.283 2e-07 -19.4849 0.194504 4e-07 -305.832 -3.02459 -121.288 66.5255 6e-07 -6558.03 2435.37 -2572.97 1852.1 -800.001 338.818 0.000288417 -1.56178 1.04078 1.48807 0.0397847 1.49964 0.314594 -0.99851 -0.344893 1
3.32187 1e-07 0.881162 29.8226 1e-07 4.90015 -1.23082 2.18756 419.939 1e-07 65.6977 -19.5509 37.9153 -4.29734 8.6895 7952.73 -887.415 1255.87 -388.209 297.442 -113.751 2e-07 -11.3875 0.235176 4e-07 -141.104 -2.07502 -71.2716 32.6844 6e-07 -2477.27 453.375 -1207.77 542.355 -629.965 328.474 0.00614605 -1.13539 0.519936 1.42808 0.783268 1.49969 0.669244 -0.994439 0.0359665 1
2.46434 1e-07 0.538479 17.8158 1e-07 3.32585 -0.264472 0.289988 211.033 1e-07 39.1492 -10.5612 7.43421 -0.142322 0.156184 3452.88 -520.717 647.824 -242.272 124.622 -16.7864 2e-07 -7.27059 0.303712 4e-07 -71.1481 -0.180263 -44.8425 17.9446 6e-07 -1051.15 269.685 -675.019 345.316 -224.965 106.997 3.86231e-07 -0.670071 0.733802 1.41963 0.00364793 1.49988 0.679766 -0.999616 0.56307 1
3.63765 1e-07 0.88147 35.2593 1e-07 5.17836 -1.33015 2.18903 532.731 1e-07 74.2472 -21.8281 39.5291 -4.64573 8.69795 10788.4 -1173.05 1517.18 -459.176 329.365 -126.911 2e-07 -13.334 0.235114 4e-07 -179.544 -2.19941 -79.7695 35.8145 6e-07 -3398 616.174 -1463.07 636.915 -686.145 354.27 0.00716638 -1.22557 0.520613 1.4648 0.783268 1.49998 0.6747 -0.994439 0.0154809 1
10.7151 1e-07 3.75883 201.214 1e-07 42.3852 21.297 14.1972 5127.81 1e-07 887.395 425.953 438.932 80.597 53.7587 162832 54797 25377.1 15580.7 5795.74 2503.59 2e-07 -67.3205 -0.340359 4e-07 -1612.4 38.5252 -918.003 -589.732 6e-07 -49540.5 -31269.1 -24312.5 -20278.3 -10787.2 -4715.53 0.00312243 2.91471 1.94084 1.49869 0.0470665 1.5 0.696506 -0.996938 -0.0859736 1
10.6576 1e-07 2.55819 199.376 1e-07 29.2823 11.888 6.56527 5066.2 1e-07 638.319 263.613 211.155 30.5741 16.9026 160500 44545.9 18950 10005.9 3296.22 1175.61 2e-07 -67.9123 -0.100229 4e-07 -1631.39 22.3041 -659.335 -357.198 6e-07 -50024.7 -25718.7 -18415.6 -12980.5 -5949.58 -2104.06 1.88326e-14 2.89958 1.59879 1.5 0.0452548 1.49997 0.454265 -0.997485 -0.0809539 1
10.2034 1e-07 0.0578625 185.629 1e-07 2.58117 -0.00507734 0.0100449 4609.22 1e-07 132.79 -0.593284 2.33245 -0.00146825 0.00290657 143067 -226.679 5819.2 -25.7537 68.0369 -0.346633 2e-07 -65.8344 0.399836 4e-07 -1560.65 3.67138 -127.243 3.87106 6e-07 -46865.4 183.446 -5628.47 69.3234 -113.735 53.2968 0.00170539 2.82422 -0.0108176 1.49692 0.24026 1.49996 0.264416 -0.997237 -0.0878166 1
11.2143 1e-07 3.47246 216.645 1e-07 41.0444 23.0963 18.4162 5648.11 1e-07 889.231 456.473 591.882 140.934 126.341 182904 54337.9 26175.7 15502.6 6836.87 3937.03 2e-07 -72.7352 -0.283083 4e-07 -1787.94 42.5974 -911.954 -635.948 6e-07 -56073.3 -30865.6 -24587.1 -20249 -13063.8 -7688.16 0.00315609 2.99958 1.72962 1.49839 0.700247 1.49999 0.694234 -0.997265 0.548716 1
3.90919 1e-07 0.305949 39.0479 1e-07 3.19171 -0.265101 0.13323 597.747 1e-07 58.7909 -14.8633 5.50031 -0.130622 0.0729751 12154.8 -1348.16 1353.05 -393.866 115.212 -16.996 2e-07 -15.3176 0.350218 4e-07 -208.797 0.439732 -62.2742 22.5983 6e-07 -3950.22 753.751 -1373.16 549.237 -201.271 95.9226 0.00188822 -1.3592 0.521712 1.43698 0.18494 1.49957 0.273723 -0.999633 -0.0043841 1
8.14194 1e-07 0.995365 127.239 1e-07 10.1169 3.12803 2.83347 2775.5 1e-07 224.433 61.9147 86.5182 12.7519 13.0082 76609.4 7449.88 6576.21 1736.25 970.294 468.459 2e-07 -45.3182 0.212335 4e-07 -929.537 7.58235 -230.445 -82.4861 6e-07 -24636.1 -4214.81 -6350.91 -2290.86 -1868.53 -815.266 0.00790264 2.4583 0.520613 1.4648 0.853598 1.49999 0.6747 -0.994434 0.0154809 1
9.8622 1e-07 1.08328 164.213 1e-07 12.7041 3.20907 1.1875 3664.17 1e-07 296.666 96.5648 43.7652 3.53567 1.3181 101146 19595.8 8905.8 3589.19 989.871 240.227 2e-07 -58.0429 0.194752 4e-07 -1225.35 7.93471 -304.887 -123.515 6e-07 -32524.6 -11363 -8802.89 -4642.78 -1690.88 -348.337 0.00636441 2.83675 1.04153 1.36521 0.043992 1.49992 0.739071 -0.999398 0.610874 1
2.01894 1e-07 3.53121 12.2283 1e-07 9.12614 0.406157 12.4783 123.441 1e-07 67.3692 4.49796 67.6073 1.45392 44.1178 1744.55 97.6301 802.148 114.479 689.092 33.1389 2e-07 -2.15622 -0.294834 4e-07 -21.8823 -0.182307 -75.6542 -0.296878 6e-07 -309.96 -49.0292 -722.568 -150.918 -1326.61 191.065 0.000254459 0.0600597 1.87924 1.4196 0.0211943 1.49994 0.689118 -0.99855 -0.464459 1
2.68896 1e-07 3.53717 21.2521 1e-07 11.4981 -4.89698 15.0852 275.561 1e-07 107.246 -57.3945 101.455 -22.5032 74.323 4939.87 -1755.98 1608.71 -1571.74 1026.77 -454.072 2e-07 -5.5274 -0.296027 4e-07 -69.4261 -10.9873 -114.461 94.1585 6e-07 -1221.3 811.302 -1447.99 2066.52 -1982.01 1210.02 0.00332918 -0.685953 1.83386 1.48993 0.429455 1.49997 0.675856 -0.997544 0.0226057 1
8.99263 1e-07 0.514871 145.26 1e-07 6.62978 1.00213 0.284347 3210.49 1e-07 182.696 46.8516 12.9248 0.571439 0.167485 88827.8 11715.7 6010.59 1834.08 398.637 67.6013 2e-07 -52.0558 0.308434 4e-07 -1088.52 4.37794 -184.332 -56.0733 6e-07 -28945.3 -6818.81 -5932.9 -2348.99 -658.576 -50.2876 0.000258197 2.64171 0.710987 1.41977 0.0968699 1.49992 0.676841 -0.999916 0.00674002 1
9.74196 1e-07 0.00221984 165.568 1e-07 2.01563 -9.01265e-05 5.07289e-05 3813.48 1e-07 117.175 0.0702202 0.0740718 -4.13324e-05 1.40074e-05 109365 28.3513 4973.48 3.28564 25.38 0.00106857 2e-07 -59.4101 0.410964 4e-07 -1303.56 3.60462 -111.504 2.92156 6e-07 -36037 27.9511 -4827.45 29.948 -38.4406 50.0985 0.00240264 2.78225 0.00140401 1.42095 0.0452548 1.49983 0.269729 -0.999926 -0.21797 1
10.7046 1e-07 3.91577 193.698 1e-07 43.9209 29.5198 28.4993 4702.42 1e-07 887.018 527.715 868.864 257.357 286.84 141345 43318.5 24226.6 15650.9 8563.12 6783.73 2e-07 -64.8984 -0.371747 4e-07 -1472.66 54.6595 -910.435 -750.071 6e-07 -42670.9 -23978 -22016.7 -20584.2 -16909.4 -13524.9 9.19275e-05 2.94334 1.72005 1.42905 0.97855 1.49996 0.283695 -0.999868 0.0215474 1
9.00764 1e-07 3.53306 145.639 1e-07 33.8407 17.5885 12.5174 3221.15 1e-07 622.956 318.781 330.356 62.4151 44.4639 89174.2 31092 15756.4 10435.7 4139.44 1868.34 2e-07 -49.1663 -0.295203 4e-07 -1010.46 32.1147 -654.942 -446.177 6e-07 -26858.6 -17444.8 -15154.2 -13694.8 -7775.33 -3477.94 0.000254459 2.64463 1.87924 1.41962 0.0479105 1.49994 0.689118 -0.998568 -0.464459 1
3.65289 1e-07 4.8685 32.2839 1e-07 19.7816 -18.7514 40.1817 428.635 1e-07 200.964 -181.72 385.793 -181.98 445.353 7482.48 -3430.73 3054.42 -3595.87 2600.62 -2546.28 2e-07 -8.46957 -0.562293 4e-07 -101.53 -39.9563 -194.405 292.015 6e-07 -1668.56 1304.65 -2139.97 4583.43 -5370.7 5925.03 0.000220932 -1.40303 1.98331 1.29796 0.967454 1.49976 0.680986 -0.999538 0.0127067 1
6.50747 1e-07 0.0298379 87.8786 1e-07 2.19414 -0.0108454 0.00089118 1697.22 1e-07 80.7107 -6.65538 0.371905 -0.000324048 2.66576e-05 42023.5 -1419.02 2686.97 -235.966 38.0572 -0.654176 2e-07 -32.8412 0.405441 4e-07 -590.461 2.21671 -79.2179 11.1031 6e-07 -13900.7 844.805 -2657.29 334.57 -58.9897 52.5276 1.93789e-06 -2.10359 0.172715 1.44304 0.00266791 1.49983 0.290138 -0.999989 0.0399863 1
7.09052 1e-07 3.77844 95.635 1e-07 28.8478 16.9101 14.3563 1796.2 1e-07 447.394 262.358 298.822 64.3453 54.686 42638.8 16602.3 9675.26 7539.19 3333.83 1707.38 2e-07 -32.0026 -0.34428 4e-07 -547.952 30.9677 -479.915 -375.885 6e-07 -12350.9 -8962.11 -9232.16 -9994.81 -6402.78 -3183.54 0.00325881 2.29623 1.94631 1.35413 0.0484512 1.49992 0.321268 -0.999271 0.00728813 1
5.27615 1e-07 0.698308 62.2686 1e-07 5.68374 -1.4912 1.20557 1075.67 1e-07 106.793 -33.372 30.7421 -3.33021 3.15019 24109 -2965.35 2619.24 -857.317 364.548 -132.686 2e-07 -23.2584 0.271747 4e-07 -367.917 -1.94849 -111.512 50.2527 6e-07 -7774.39 1649.98 -2575.46 1173.17 -701.852 345.789 0.00170141 -1.80709 0.600055 1.41977 0.582383 1.49989 0.391326 -0.999989 0.0375179 1
0.0149931 1e-07 4.80602 0.0336725 1e-07 2.0449 -1.31711 40.3365 0.37758 1e-07 0.136665 -3.49736 82.7217 -13.0592 458.877 5.94625 0.0253874 0.183035 -0.117538 27.405 -79.1762 2e-07 4.78093 -0.549796 4e-07 5.98776 -3.03703 34.4739 8.19412 6e-07 -1.47813 -14.0182 248.64 -39.9838 5.27216 460.738 0.00221057 -0.0994784 1.95383 0.0120868 0.999074 1.49992 0.689962 -0.999456 0.00960543 1
9.13659 1e-07 1.07908 150.453 1e-07 11.8624 2.98802 1.17137 3393.28 1e-07 272.053 89.3336 40.2588 3.25209 1.27883 95857.5 18273.8 8176.45 3355.8 910.321 222.421 2e-07 -53.1934 0.195593 4e-07 -1132.85 7.36243 -280.16 -113.957 6e-07 -30790.3 -10599.5 -8080.98 -4337.2 -1554.83 -314.85 0.000801186 2.6603 1.03833 1.43698 0.0382847 1.49957 0.665428 -0.999642 -0.336517 1
1.74684 1e-07 3.80674 9.15613 1e-07 8.63444 -0.657758 15.4712 80.0082 1e-07 55.6347 -6.4738 74.2955 -2.71713 66.633 979.111 -93.5754 576.504 -140.766 642.189 -53.5599 2e-07 -0.686936 -0.349939 4e-07 -7.25526 -2.32374 -60.306 16.6079 6e-07 -95.5681 22.89 -460.929 186.216 -1269.48 389.509 0.00256578 -0.0882813 1.93711 1.31824 0.25087 1.49994 0.68364 -0.997487 0.0427624 1
9.02581 1e-07 3.65732 151.034 1e-07 35.0913 20.9035 18.5386 3491.37 1e-07 662.355 365.977 474.842 119.079 116.727 101563 33369.8 17341 11689.7 5215.17 2984.7 2e-07 -50.6787 -0.320055 4e-07 -1093.17 38.502 -689.126 -518.173 6e-07 -30648.5 -18628.3 -16279.2 -15329.6 -10053.8 -5827.98 0.00331621 2.61925 1.81669 1.47915 0.607159 1.49982 0.376908 -0.998872 0.0288501 1
0.696878 1e-07 4.99753 0.490079 1e-07 5.48195 -11.6637 42.937 0.355319 1e-07 10.8062 -38.1751 173.557 -118.174 497.701 0.390346 -0.589603 16.4118 -75.739 295.703 -817.11 2e-07 4.15363 -0.588099 4e-07 15.8492 -24.137 20.2647 90.6262 6e-07 53.5584 -154.306 484.935 -46.5617 -802.537 2421.08 5.33768e-05 -0.833931 1.99991 0.0367996 0.999074 1.49984 0.675942 -0.999956 -0.0874594 1
2.44677 1e-07 1.18464 17.5085 1e-07 4.89595 -0.89013 1.4145 204.864 1e-07 50.0666 -19.1615 19.0641 -1.06598 1.70219 3306.41 -755.081 767.33 -450.749 257.16 -60.1781 2e-07 -6.51467 0.17448 4e-07 -64.2798 -1.75283 -58.0662 31.9127 6e-07 -946.453 373.593 -777.856 627.212 -482.487 225.733 1.86269e-05 -0.689319 1.08734 1.40414 0.0484512 1.49993 0.676521 -0.999271 0.00728813 1
9.89307 1e-07 1.23326 175.689 1e-07 14.2766 5.34779 4.09741 4261.17 1e-07 337.003 111.956 137.245 24.032 21.3049 129197 16260.4 10564.4 3446.58 1636.47 919.079 2e-07 -61.3666 0.164756 4e-07 -1411.21 11.9104 -343.639 -151.333 6e-07 -41335.3 -9303.55 -10140.8 -4525.63 -3109.63 -1680.53 0.0153736 2.79782 0.707829 1.47804 0.862851 1.5 0.6686 -0.996494 0.442467 1
10.9552 1e-07 0.50248 209.927 1e-07 7.47345 1.04127 0.262127 5443.47 1e-07 236.477 53.5349 13.1044 0.519781 0.159225 175513 21444.2 9020.98 2468.38 471.74 70.6574 2e-07 -73.4308 0.310912 4e-07 -1820.55 5.09493 -235.3 -64.2715 6e-07 -56914.9 -12613.3 -8805.07 -3129.09 -768.949 -56.1682 0.020917 2.98269 0.7092 1.49826 3.36433e-09 1.49996 0.692656 -0.997258 -0.0809539 1
10.4418 1e-07 4.93956 188.173 1e-07 53.6042 39.6424 41.8135 4580.51 1e-07 1055.36 684.601 1217.16 395.464 476.979 138577 48989.1 28285.4 20447.9 11613 9549.67 2e-07 -61.954 -0.576503 4e-07 -1401.51 72.8599 -1080.71 -981.623 6e-07 -40876.8 -26788.7 -25176.8 -26808.2 -23063 -19318.1 0.000738951 2.88823 1.99135 1.45121 0.988595 1.49999 0.741909 -0.999924 0.607272 1
8.13223 1e-07 4.59544 123.268 1e-07 39.4235 28.7575 31.5225 2585.92 1e-07 665.035 438.292 713.533 225.74 277.236 68335.1 25930.4 15603.1 12326.5 6610.55 4798.09 2e-07 -40.5173 -0.50768 4e-07 -780.773 52.976 -693.906 -639.246 6e-07 -19761.3 -13887.4 -14028.8 -16257.2 -13200.8 -9706.02 0.00173031 2.47825 1.99995 1.41446 0.776919 1.49999 0.0376858 -0.99887 0.0201247 1
10.1513 1e-07 4.76457 177.533 1e-07 50.8718 37.1754 38.3816 4184.42 1e-07 978.222 632.311 1106.06 351.625 413.697 122378 43878.5 25524.3 18456 10449.4 8359.68 2e-07 -58.6466 -0.541505 4e-07 -1280.24 68.3528 -1005.79 -908.066 6e-07 -36006.8 -23920.4 -22778.1 -24259.6 -20813.6 -16904.1 0.0144961 2.87346 1.98348 1.41803 0.944686 1.49999 0.739071 -0.996436 0.610526 1
7.51608 1e-07 2.88018 109.19 1e-07 23.6896 11.5139 8.36244 2219.67 1e-07 405.452 204.84 189.815 33.5191 24.4039 57180.9 18644.2 9685.93 6506.11 2501.51 1078.81 2e-07 -37.3928 -0.164628 4e-07 -704.023 21.3821 -431.068 -285.099 6e-07 -17346.7 -10403.3 -9425.7 -8554.56 -4646.33 -1926.4 0.00320449 2.3476 1.69867 1.4219 0.0604612 1.49944 0.316624 -0.999825 -0.180742 1
5.19738 1e-07 2.89937 58.9595 1e-07 17.0903 9.08082 8.56236 971.432 1e-07 233.633 137.053 136.737 27.0261 25.6721 20683.7 7408.87 4591.21 3753.74 1616.77 786.751 2e-07 -19.9859 -0.168467 4e-07 -299.118 16.8818 -255.703 -194.055 6e-07 -6008.38 -3919.58 -4463.9 -4995.57 -3059.32 -1360.4 0.00318194 1.82596 1.70206 1.36845 0.106357 1.49943 0.316624 -0.999778 -0.181015 1
10.3373 1e-07 4.19837 188.526 1e-07 45.4235 29.3361 27.2601 4677.23 1e-07 916.061 530.199 790.627 219.741 230.147 144796 48078.4 25306 16973 8293.43 5507.9 2e-07 -62.6966 -0.428266 4e-07 -1455.42 53.8403 -942.266 -751.123 6e-07 -43535.7 -26831.9 -23310.7 -22222 -16152.3 -10963.6 0.000794734 2.85197 1.89283 1.48661 0.786484 1.49999 0.662786 -0.999964 0.656512 1
4.65547 1e-07 4.85906 49.5053 1e-07 24.7558 -22.6885 41.101 775.524 1e-07 298.336 -250.158 506.788 -226.375 469.097 15812.8 -6728.09 5287.27 -5570.41 3718.06 -3534.61 2e-07 -14.648 -0.560404 4e-07 -207.895 -48.4128 -294.862 389.497 6e-07 -4027.67 2996.93 -4058.14 7104.73 -7622.09 7961.39 0.0147404 -1.68207 1.98687 1.36459 0.990581 1.49999 0.436882 -0.999534 0.0137477 1
9.9723 1e-07 0.00222067 179.216 1e-07 2.01111 -8.29539e-05 5.10898e-05 4410.32 1e-07 119.667 0.0928006 0.0738915 -4.16468e-05 1.42048e-05 135920 72.8567 5370.64 5.69747 25.292 0.00152579 2e-07 -63.7349 0.410964 4e-07 -1496.28 3.7003 -113.734 2.89443 6e-07 -44588.1 6.45482 -5192.38 27.6434 -38.3077 50.0977 0.00240264 2.78225 0.00140401 1.5 0.0452548 1.49994 0.270364 -0.997412 -0.21797 1
3.70225 1e-07 2.61175 36.6858 1e-07 11.6473 -6.63342 12.5117 567.734 1e-07 139.823 -84.7508 129.535 -37.9104 82.475 11788.4 -3465.32 2573.89 -2065.91 1174.04 -732.935 2e-07 -12.0963 -0.110941 4e-07 -172.064 -14.0732 -146.281 132.677 6e-07 -3405.14 1727.32 -2321.94 2730.32 -2334.59 1742 0.00716638 -1.22557 1.41909 1.48684 0.783268 1.49998 0.6747 -0.994428 0.0154809 1
3.62631 1e-07 4.90179 35.0353 1e-07 19.7804 -16.4703 40.7063 527.614 1e-07 215.32 -173.923 350.161 -160.79 453.721 10649.8 -4484.13 3638.49 -4167.59 2731.13 -2355.02 2e-07 -9.23511 -0.56895 4e-07 -133.978 -35.4047 -207.482 273.406 6e-07 -2645.95 1966.14 -2817.94 5294.86 -5381.14 5453.32 0.00166065 -1.22009 1.99256 1.46287 0.968944 1.49996 0.685243 -0.999725 -0.062766 1
3.63692 1e-07 3.64237 35.2439 1e-07 15.2639 -10.3743 21.4098 532.363 1e-07 172.27 -120.654 200.423 -70.9566 165.957 10778.1 -3974.13 3001.16 -2986.94 1736.73 -1220.53 2e-07 -10.5677 -0.317067 4e-07 -149.161 -22.3051 -176.312 189.708 6e-07 -2904.44 1881.91 -2580.39 3893.45 -3448.46 2869.14 0.00721803 -1.22557 1.74976 1.46457 0.777091 1.49998 0.674557 -0.999868 0.0173757 1
10.844 1e-07 1.42884 196.079 1e-07 17.5069 7.13354 4.76975 4734.18 1e-07 410.548 154.448 167.997 30.1755 23.636 141131 22952.4 12652.3 4911.57 2076.83 1138.8 2e-07 -68.2388 0.12564 4e-07 -1563.81 15.227 -419.384 -209.253 6e-07 -45020.8 -13155.1 -12161.1 -6442.78 -3917.33 -2101.34 0.00155211 2.97793 0.908327 1.41041 0.777996 1.49988 0.683806 -0.999222 -0.223076 1
8.91738 1e-07 3.56957 143.754 1e-07 33.9097 19.0543 15.292 3176.23 1e-07 621.696 334.562 395.294 87.9297 75.4359 87930.4 30075.2 15686.7 10547.2 4526.4 2317.7 2e-07 -48.4739 -0.302507 4e-07 -994.894 34.9953 -651.68 -471.997 6e-07 -26446.9 -16772.1 -14897.6 -13866.7 -8656.21 -4439.71 0.00332918 2.62919 1.84408 1.42374 0.424735 1.49982 0.368395 -0.998872 0.0308071 1
2.7571 1e-07 0.311581 21.899 1e-07 2.85083 -0.163731 0.139406 281.792 1e-07 39.7903 -8.86241 5.13133 -0.0822364 0.0807646 4970.78 -548.963 742.662 -206.898 88.4391 -10.3913 2e-07 -9.01523 0.349092 4e-07 -97.884 0.236665 -44.1753 15.0032 6e-07 -1574.08 294.98 -769.714 296.818 -158.867 84.0308 0.00240753 -0.821267 0.525386 1.44355 0.187546 1.49966 0.684051 -0.998872 -0.00625111 1
10.9731 1e-07 0.453346 210.121 1e-07 6.94029 1.21155 0.424609 5442.94 1e-07 226.248 48.2735 20.5238 1.38694 0.576621 175301 16923.8 8750.59 2036.57 467.682 101.706 2e-07 -73.5561 0.320739 4e-07 -1822.18 5.54948 -224.383 -58.8252 6e-07 -56902.1 -9919.96 -8507.19 -2592.36 -799.275 -118.717 0.0174126 2.98085 0.559228 1.49741 0.373384 1.5 0.721634 -0.997163 0.453728 1
7.23406 1e-07 0.645797 98.8715 1e-07 6.67535 1.70382 1.08048 1877.81 1e-07 150.71 41.2898 35.6969 3.76878 2.78388 45024.5 4871 4179.44 1169.65 467.955 168.793 2e-07 -36.2497 0.282249 4e-07 -642.187 5.04871 -155.096 -52.2011 6e-07 -14631.6 -2746.91 -4118.93 -1537.29 -872.508 -242.381 0.00325881 2.32616 0.543208 1.35623 0.593714 1.49998 0.321268 -0.999293 -0.375494 1
8.93302 1e-07 1.81313 147.428 1e-07 18.1987 8.67356 6.98721 3358.49 1e-07 374.543 166.146 193.706 41.2345 38.7912 96241.8 19201.9 10513.1 5006.95 2220.62 1285.05 2e-07 -51.3483 0.0487828 4e-07 -1100.38 17.3825 -387.3 -229.389 6e-07 -30358.3 -10870.8 -10054.2 -6596.22 -4245.61 -2409.06 0.000241503 2.60445 1.09517 1.46678 0.783619 1.49986 0.678277 -0.999918 -0.280805 1
2.36943 1e-07 0.526255 16.5841 1e-07 3.24575 -0.228571 0.276995 191.092 1e-07 37.1445 -9.28299 7.1679 -0.120128 0.14586 3051.85 -439.253 597.811 -209.864 118.287 -14.4785 2e-07 -6.81841 0.306157 4e-07 -64.1745 -0.131489 -42.8218 16.2421 6e-07 -920.925 225.814 -625.175 300.982 -214.005 102.085 5.16125e-05 -0.599627 0.725428 1.4177 0.00364793 1.49988 0.679766 -0.999616 0.56307 1
10.4148 1e-07 3.59975 187.479 1e-07 39.5129 20.0946 13.6639 4560.81 1e-07 800.335 391.904 413.903 78.1975 54.4519 137933 46170.8 22054.2 13595.2 5288.13 2353.22 2e-07 -63.0589 -0.308541 4e-07 -1437.18 36.5714 -831.205 -544.243 6e-07 -41938.9 -26217.8 -21125.7 -17762.2 -9903.68 -4441.35 0.000738951 2.88304 1.88498 1.45222 0.220993 1.49993 0.741963 -0.999471 0.62187 1
10.3717 1e-07 3.62765 184.788 1e-07 39.6437 20.3102 13.8475 4440.26 1e-07 795.204 392.836 418.555 79.4009 55.3939 132492 44833.2 21661.4 13438.8 5294.83 2373.58 2e-07 -62.1804 -0.314122 4e-07 -1397.94 36.9586 -826.86 -546.228 6e-07 -40211.8 -25411.6 -20743.1 -17577.5 -9935.77 -4483.39 0.000734018 2.88304 1.89283 1.43727 0.217188 1.49992 0.683671 -0.999917 0.607272 1
11.1041 1e-07 3.12939 213.114 1e-07 36.7699 20.5333 16.6433 5527.91 1e-07 800.616 405.508 531.71 128.519 118.971 178270 48744.6 23702.5 13496.4 6074.77 3697 2e-07 -71.9088 -0.214469 4e-07 -1761.18 38.281 -820.38 -564.675 6e-07 -55005.7 -27697.2 -22260.6 -17649.3 -11631.5 -7203.57 1.88326e-14 2.97559 1.58855 1.5 0.778398 1.49996 0.285783 -0.997215 -0.0809539 1
8.14956 1e-07 2.92231 123.645 1e-07 25.8619 14.6167 12.7508 2594.91 1e-07 460.001 248.906 305.787 72.995 71.3351 68580 20761.6 11312.3 7319.92 3323.17 1872.23 2e-07 -42.3208 -0.173053 4e-07 -824.531 27.4137 -483.221 -352.041 6e-07 -20868.9 -11502.5 -10718.3 -9667.56 -6418.72 -3590.59 0.00334726 2.48451 1.59598 1.413 0.619356 1.49993 0.637594 -0.99946 0.0264223 1
0.599116 1e-07 3.11097 0.361505 1e-07 3.8626 -4.56601 11.6595 0.238206 1e-07 8.30449 -26.6414 62.1881 -18.47 50.5237 0.472972 -0.326765 11.4679 -49.4265 162.306 -285.647 2e-07 2.40341 -0.210786 4e-07 11.1548 -9.65806 -6.03253 56.2492 6e-07 41.1423 -107.882 159.322 115.394 -513.425 856.617 0.000127319 -0.773639 1.71695 0.0197104 0.404265 1.49984 0.466609 -0.999917 -0.250889 1
3.64402 1e-07 0.859579 35.3515 1e-07 5.12838 -1.28102 2.0864 534.393 1e-07 74.0626 -21.3177 38.625 -4.38884 8.11316 10825.6 -1157.06 1519 -449.603 323.185 -121.88 2e-07 -13.3899 0.239492 4e-07 -180.284 -2.08853 -79.5708 34.9926 6e-07 -3411.75 608.697 -1467.02 624.158 -672.865 342.405 0.00260639 -1.22557 0.50672 1.4648 0.777091 1.49998 0.6747 -0.999936 0.0173757 1
2.79429 1e-07 0.0712831 8.04961 1e-07 2.17221 -0.0356524 0.00741544 24.9464 1e-07 33.7665 -7.70068 0.974385 -0.00580718 0.0020689 104.647 -15.971 237.624 -71.8169 37.5906 -1.99745 2e-07 -5.13789 0.397152 4e-07 -9.0169 0.643847 -36.8884 12.5564 6e-07 112.492 -24.6617 -309.928 130.326 -61.3996 56.8825 0.0147404 -1.67166 0.255883 0.0892734 0.0636339 1.49999 0.434471 -0.999925 -0.352915 1
4.97726 1e-07 4.71125 58.3148 1e-07 25.5825 -21.3206 36.585 1016.53 1e-07 336.638 -257.957 469.974 -193.467 377.024 23179.9 -9324.06 6582.27 -6603.47 3877.95 -3271.58 2e-07 -17.7605 -0.530842 4e-07 -286.526 -45.71 -336.74 394.827 6e-07 -6287.32 4519.27 -5446.65 8459.15 -7780.75 7311.2 0.0149708 -1.69714 1.98689 1.46233 0.907228 1.49999 0.890241 -0.999985 -0.181846 1
1.79966 1e-07 3.80781 9.71784 1e-07 8.84025 -0.517827 15.4676 87.4747 1e-07 58.4515 -5.19416 75.0207 -2.13344 66.5394 1102.63 -79.633 622.408 -117.332 665.597 -42.5939 2e-07 -0.907205 -0.350153 4e-07 -9.4395 -2.06331 -63.5042 14.5166 6e-07 -126.007 19.3108 -508.902 154.521 -1308.02 366.35 0.00256578 -0.0701868 1.93759 1.33924 0.249269 1.49994 0.684093 -0.997487 0.653294 1
5.59203 1e-07 3.22275 66.182 1e-07 20.0495 12.7557 14.4182 1126.82 1e-07 280.824 178.307 234.836 64.1581 80.1913 24670.9 8737.27 5625.11 4583.19 2280.4 1404.25 2e-07 -22.2239 -0.233141 4e-07 -344.08 23.802 -302.299 -259.804 6e-07 -7123.97 -4558.07 -5254.05 -6112.41 -4494.19 -2676.71 0.00322199 1.93136 1.7046 1.36845 0.571836 1.49983 0.39033 -0.99977 0.0440823 1
10.6576 1e-07 3.47689 199.376 1e-07 39.0766 20.1283 14.3765 5066.2 1e-07 821.584 400.032 440.816 89.4759 68.1886 160500 50671.7 23607.6 14204.3 5559.52 2600.23 2e-07 -66.9936 -0.283969 4e-07 -1602.01 36.8259 -848.317 -554.72 6e-07 -49108.4 -28885.2 -22509.1 -18514.3 -10437.1 -4963 1.88326e-14 2.89958 1.81887 1.5 0.410589 1.49997 0.445017 -0.997483 -0.0809539 1
3.97603 1e-07 1.48753 38.5786 1e-07 7.90141 -3.58095 6.11029 564.017 1e-07 104.837 -46.3622 90.9526 -20.2715 39.7258 10858 -1718.29 1990.49 -884.017 683.351 -432.658 2e-07 -14.0621 0.113903 4e-07 -184.079 -7.10642 -110.873 74.1862 6e-07 -3297.24 840.427 -1819.19 1200.78 -1444.66 1031.22 0.00264451 -1.45221 0.722358 1.3681 0.984576 1.49943 0.324415 -0.996519 -0.162462 1
9.2909 1e-07 2.16528 154.962 1e-07 22.2291 9.44454 5.92848 3532.94 1e-07 449.316 196.076 171.168 28.2964 19.2231 100759 26297 12354 6613.39 2406.12 964.795 2e-07 -53.6142 -0.0216477 4e-07 -1148.16 18.2656 -467.976 -267.096 6e-07 -31514 -15020 -12011.8 -8649.5 -4421.09 -1733.92 0.00799088 2.69846 1.42764 1.43733 0.379348 1.49994 0.283169 -0.998352 0.063945 1
4.12548 1e-07 0.309176 43.1536 1e-07 3.26646 -0.280416 0.138979 689.742 1e-07 62.6845 -15.552 5.69312 -0.142373 0.0806821 14621.7 -1587.92 1504.28 -429.053 121.212 -18.0515 2e-07 -16.7624 0.349573 4e-07 -240.277 0.483133 -65.9923 23.4916 6e-07 -4762.84 895.761 -1520.16 594.95 -211.286 98.0691 0.00170146 -1.4114 0.521712 1.46172 0.191642 1.49992 0.682265 -0.998517 -0.0127716 1
9.97128 1e-07 0.00223007 179.194 1e-07 2.01088 -8.99061e-05 5.32096e-05 4409.76 1e-07 119.652 0.0927308 0.0738931 -4.41862e-05 1.49802e-05 135903 72.8095 5369.93 5.69595 25.2887 0.00150067 2e-07 -63.7274 0.410962 4e-07 -1496.09 3.69991 -113.719 2.89457 6e-07 -44582.3 6.47696 -5191.7 27.6419 -38.3029 50.0982 0.00253498 2.78225 0.00140401 1.5 0.0452548 1.49975 0.270364 -0.997412 -0.219089 1
8.36803 1e-07 3.57079 131.492 1e-07 31.9454 18.183 15.2963 2865.7 1e-07 571.211 311.697 367.987 83.9225 75.4662 78763.3 27017.8 14207 9858.02 4196.99 2174.24 2e-07 -44.2448 -0.30275 4e-07 -895.367 33.4196 -600.084 -441.072 6e-07 -23638.6 -15024.1 -13489.4 -12951.8 -8027.1 -4157.37 0.00332918 2.5087 1.84408 1.44737 0.424864 1.49997 0.683645 -0.998872 0.0303442 1
