11.0649 1e-07 0.914493 211.89 1e-07 11.6684 0.354914 2.50889 5486.36 1e-07 296.654 13.5564 97.5008 1.62283 11.4718 176657 4966.39 9942.67 572.602 1111.75 70.1321 2e-07 -73.7173 0.22851 4e-07 -1822.79 2.92832 -299.592 -13.4335 6e-07 -57000.1 -2897.77 -9549.93 -715.105 -2143.01 -36.223 1.0482e-13 2.96898 2.22458e-05 1.5 0.956291 1.5 4.77854e-05 1 1 -0.741399
0.00163301 1e-07 4.9888 0.0064585 1e-07 1.84719 0.798114 42.7332 0.0723191 1e-07 0.0189702 1.10376 77.0631 10.6758 493.582 1.13394 0.506234 0.193752 0.0646404 20.9568 44.0247 2e-07 4.98523 -0.586352 4e-07 5.51343 1.22746 36.9351 -6.29562 6e-07 -0.317651 4.11016 230.627 -9.40165 74.7769 98.7594 0.000428986 0.0123311 1.99964 0.0228109 0.996182 1.49665 5.87742e-05 1 1 -0.916322
6.67753 1e-07 0.299672 94.5226 1e-07 3.83036 -0.327363 0.089864 1926.04 1e-07 103.251 -23.0757 4.79707 -0.0946055 0.0269662 50485.6 -4978.55 3247.65 -830.07 161.495 -19.8488 2e-07 -34.7346 0.351474 4e-07 -660.844 1.32639 -104.229 32.7041 6e-07 -16555.5 2913.06 -3211.33 1115.77 -267.5 100.319 1.82121e-06 -2.1047 0.547377 1.49926 0.00712491 1.49998 3.15288e-06 1 1 -0.959967
11.25 1e-07 4.94874e-10 217.687 1e-07 1.54656 1.93575e-10 2.449e-19 5683.92 1e-07 104.391 1.78885 4.59204e-09 1.59648e-19 1.21195e-28 184349 5187.57 5049.91 201.189 15.5861 8.84947e-09 2e-07 -76.5563 0.411408 4e-07 -1918.22 4.31903 -98.5919 0.853385 6e-07 -60466.6 -3036.71 -4858.63 -211.015 -23.3792 50 1.0482e-13 3 2.22458e-05 1.5 3.38856e-11 1.49999 4.72817e-05 1 1 -0.739271
0.0375853 1e-07 0.000418217 0.00261005 1e-07 1.80991 6.0985e-05 2.09374e-07 0.000260603 1e-07 0.40823 0.755859 0.00500194 5.13429e-08 1.20729e-10 0.00019726 0.000159827 0.0708786 0.294533 19.8416 0.00330631 2e-07 -0.0379501 0.411325 4e-07 5.42704 -0.346398 -5.79716 2.09376 6e-07 2.04083 2.94277 -1.50023 1.20156 -29.7871 50.0129 6.21494e-08 -0.168931 0.0199268 0.0951173 0.0045977 1.49987 3.83076e-05 1 1 -0.900315
1.00407 1e-07 4.79639 1.02272 1e-07 5.92614 -12.1207 40.1125 1.06184 1e-07 14.0095 -38.9269 182.143 -115.368 454.669 1.21485 -1.47841 29.4836 -97.4927 302.66 -767.137 2e-07 3.4855 -0.54787 4e-07 16.4372 -25.0136 13.3618 93.9899 6e-07 68.6211 -157.202 489.543 -13.2546 -902.217 2313.63 4.15817e-05 -1.00026 1.94983 0.0592422 0.997382 1.49987 2.441e-06 1 1 -0.84518
1.23021 1e-07 3.80379 1.61751 1e-07 6.05131 -7.60179 14.5803 2.27574 1e-07 18.3794 -42.2916 91.2727 -27.7758 56.3057 3.68481 -4.32753 50.1767 -147.133 311.105 -438.61 2e-07 2.08833 -0.34935 4e-07 15.8537 -15.9077 -17.8346 87.7144 6e-07 88.516 -169.58 186.208 272.293 -884.101 1233.52 0.000138439 -1.09956 1.94862 0.145016 0.0848653 1.49736 2.33811e-05 1 1 -0.898493
3.25965 1e-07 3.79723 29.4302 1e-07 13.8269 -7.26996 14.4735 421.575 1e-07 141.76 -86.7462 117.988 -26.4374 55.372 8174.38 -3232.68 2299.79 -2565.92 1191.39 -590.774 2e-07 -8.2915 -0.348038 4e-07 -114.422 -15.9643 -152.41 139.759 6e-07 -2165.09 1576.38 -2115.11 3369.93 -2338.34 1498.99 5.32989e-05 -1.05162 1.94779 1.46758 0.0595272 1.49964 1.08622e-06 1 1 -0.90825
9.15402 1e-07 0.269998 155.427 1e-07 4.55064 0.407271 0.073042 3646.8 1e-07 149.067 29.2761 4.775 0.116957 0.0197731 107699 11227.2 5447.7 1274.47 214.231 24.1066 2e-07 -55.5121 0.357409 4e-07 -1235.81 3.67045 -147.861 -33.1231 6e-07 -35211.2 -6585.06 -5344.59 -1609.45 -343.585 18.4951 0.00129281 2.63401 0.519906 1.49164 0.00672863 1.49989 3.81181e-06 1 1 -0.907647
5.59204 1e-07 0.732236 70.7764 1e-07 5.74279 -1.15498 0.631507 1315.96 1e-07 109.929 -36.1646 16.3802 -1.02333 0.618645 31803.3 -4920.74 2834.62 -1149.67 318.418 -74.0234 2e-07 -26.0927 0.264961 4e-07 -448.336 -1.15792 -115.186 52.5723 6e-07 -10307.3 2814.92 -2820.95 1546.61 -563.149 225.859 0.00571346 -1.84872 0.839191 1.48104 0.17945 1.49945 1.51223e-06 1 1 -0.92682
9.97762 1e-07 2.15164 175.451 1e-07 24.5328 9.79146 5.19343 4195.99 1e-07 517.778 210.773 162.781 25.6773 13.8248 125202 34800.7 14697.3 7416.15 2496.28 900.335 2e-07 -60.4613 -0.0189194 4e-07 -1360.65 18.7812 -537.343 -285.86 6e-07 -39167.7 -20068.7 -14355.8 -9665.74 -4517.06 -1604.09 1.19623e-05 2.80159 1.444 1.45904 0.257955 1.49936 1.04571e-05 1 1 -0.830002
10.2456 1e-07 4.72612 187.13 1e-07 51.5467 37.5997 39.2928 4663.99 1e-07 1032.91 656.608 1122.31 373.382 443.661 145296 50975.3 28302.1 20044.7 11082 9016.48 2e-07 -61.6583 -0.533816 4e-07 -1431.69 69.1052 -1056.25 -939.379 6e-07 -43088.3 -28088.4 -25400.7 -26224.2 -21823 -18231 0.00260667 2.83185 1.93371 1.49902 0.999613 1.49983 6.37422e-05 1 1 -0.886514
10.4157 1e-07 0.19871 190.581 1e-07 4.16631 0.297833 0.0405881 4737.14 1e-07 157.267 26.1521 3.3385 0.0671104 0.00850356 146810 13731.2 6264.17 1258.03 182.539 16.7927 2e-07 -67.3913 0.371666 4e-07 -1599.22 4.0475 -154.088 -29.0996 6e-07 -47993.8 -8087.16 -6107.38 -1573.91 -289.301 28.5579 0.00114411 2.86772 0.444526 1.48365 0.0365294 1.49407 4.35966e-05 1 1 -0.862035
9.10926 1e-07 4.74059 154.284 1e-07 46.9023 35.3755 38.7294 3613.71 1e-07 877.208 576.6 979.33 346.539 427.047 106581 39802.3 22632.2 16879.5 9407.16 7665.71 2e-07 -50.6538 -0.536709 4e-07 -1097.69 65.1181 -902.077 -834.212 6e-07 -31202 -21687 -20235.6 -22117.3 -18608.1 -15631.4 0.00130525 2.62499 1.94827 1.49252 0.975197 1.49995 4.72702e-05 1 1 -0.800801
9.70782 1e-07 4.89436 165.263 1e-07 51.8822 39.514 41.4392 3819.64 1e-07 976.848 652.289 1141.17 402.553 474.121 110035 42939.5 24887.1 18384.3 10743.8 9043.19 2e-07 -54.3924 -0.567463 4e-07 -1155.51 72.6454 -1005.23 -942.297 6e-07 -31945.8 -23281.9 -22101.1 -24164.5 -21386.1 -18451.6 0.00130148 2.77051 1.97708 1.42892 0.995929 1.4999 4.24561e-05 1 1 -0.747588
11.2388 1e-07 3.38659e-07 216.935 1e-07 1.54656 1.32515e-07 3.4407e-13 5647.57 1e-07 104.288 1.78887 9.41827e-06 2.24387e-13 5.82614e-19 182580 5154.4 5032.45 200.99 15.5864 6.05808e-06 2e-07 -76.3192 0.411408 4e-07 -1906.57 4.31443 -98.4985 0.853354 6e-07 -59900.1 -3017.09 -4842.61 -210.809 -23.3796 50 5.26857e-06 3 2.22458e-05 1.49628 0.00058152 1.49999 1.10313e-05 1 1 -0.739271
11.121 1e-07 4.82947 209.139 1e-07 58.3222 41.6044 39.8004 5277.41 1e-07 1207.56 757.39 1262.51 411.288 441.436 164892 61573.1 33468.6 22986.2 12768.6 10143.3 2e-07 -69.0333 -0.554486 4e-07 -1617.39 76.1197 -1234.46 -1076.29 6e-07 -48707.3 -34069.8 -30184.1 -30118.1 -25058.5 -20477.6 9.53532e-05 2.99968 1.97094 1.45732 0.972274 1.49999 4.86001e-05 1 1 -0.741187
4.3103 1e-07 3.88833 47.189 1e-07 18.979 11.5063 15.692 789.906 1e-07 238.193 151.3 180.378 47.9391 65.3426 17542.3 7174.8 4535.35 4570.2 1973.54 1087.09 2e-07 -14.5787 -0.366258 4e-07 -227.224 20.9901 -259.07 -221.264 6e-07 -4861.62 -3727.9 -4300.64 -6005.94 -3773.48 -1961.78 0.00431007 1.44166 1.96784 1.49694 0.181005 1.4999 4.71058e-05 1 1 -0.950248
4.84989 1e-07 4.77241 53.6767 1e-07 24.8901 -22.2101 39.8575 875.166 1e-07 309.174 -250.357 501.184 -218.611 451.603 18574.6 -7503.74 5666.3 -5758.31 3717.38 -3472.97 2e-07 -16.1805 -0.543073 4e-07 -241.556 -47.4029 -306.406 388.107 6e-07 -4901.68 3461.06 -4448.53 7349.7 -7612.45 7802.78 0.000654778 -1.70526 1.94349 1.39416 0.999197 1.49989 1.10384e-05 1 1 -0.969306
6.50329 1e-07 3.69042 90.2998 1e-07 26.9031 15.818 14.441 1808.83 1e-07 426.347 242.739 265.805 65.6548 59.6053 46662.3 17971 9674.92 7632.13 3081.56 1585.5 2e-07 -29.9028 -0.326675 4e-07 -552.239 28.9308 -454.726 -348.225 6e-07 -13675.8 -9859.76 -9261.88 -10018.6 -5859.52 -2978.41 0.00059151 2.06875 1.90711 1.492 0.235681 1.49997 1.00035e-05 1 1 -0.851869
10.208 1e-07 0.564246 179.817 1e-07 7.82159 1.2326 0.318476 4278.77 1e-07 224.011 55.8399 15.164 0.704321 0.179815 126546 17465.9 7769.01 2353.17 495.547 82.4459 2e-07 -63.5888 0.298559 4e-07 -1439.98 5.10053 -225.126 -67.6728 6e-07 -41122.4 -10227 -7635.4 -3001.89 -814.242 -75.3799 8.51036e-07 2.85453 0.751133 1.43514 0.00672863 1.49626 6.77574e-06 1 1 -0.973317
4.83761 1e-07 0.165511 55.2613 1e-07 1.98811 -0.0459102 0.0274232 940.485 1e-07 47.4882 -7.58731 1.69702 -0.000379662 0.00454708 20955.6 -879.609 1294.05 -205.533 39.9696 -2.0739 2e-07 -21.2505 0.378306 4e-07 -331.443 1.50079 -48.6625 12.686 6e-07 -6989.71 510.653 -1299.75 295.73 -68.6236 61.3498 0.000315181 -1.6537 0.406857 1.45042 0.00556812 1.49705 5.74967e-07 1 1 -0.736209
5.74973 1e-07 0.207212 72.9697 1e-07 2.77667 -0.144762 0.043553 1349.86 1e-07 72.682 -14.1502 2.71644 -0.025696 0.00928278 32330.2 -2372.97 2137.82 -450.035 84.6841 -7.91772 2e-07 -27.4334 0.369966 4e-07 -469.596 1.52063 -73.6569 21.0533 6e-07 -10685.5 1382.66 -2129.69 619.608 -141.182 73.9938 7.26428e-06 -1.90263 0.454389 1.45936 0.0272849 1.49748 5.13464e-06 1 1 -0.885249
2.86779 1e-07 0.164252 23.5014 1e-07 2.34718 -0.0467872 0.026994 310.566 1e-07 36.2434 -6.00447 1.98976 -0.00643542 0.00443832 5609.58 -430.519 715.804 -143.346 52.507 -2.72062 2e-07 -9.75396 0.378558 4e-07 -109.63 0.616824 -39.6195 10.7872 6e-07 -1812.22 236.713 -745.183 209.621 -88.8941 62.491 0.000123858 -0.874858 0.405282 1.45 0.00428539 1.49969 9.47536e-06 1 1 -0.953472
4.86233 1e-07 3.44685 55.9805 1e-07 16.6854 -9.22402 11.8955 961.107 1e-07 208.452 -117.456 143.645 -28.7123 41.0911 21613.6 -7301.42 3959.3 -3678.34 1319.81 -646.603 2e-07 -18.2096 -0.277962 4e-07 -294.256 -19.7847 -223.001 184.594 6e-07 -6402.92 3892.37 -3722.55 4824.72 -2680.44 1590.02 0.000315181 -1.6537 1.85665 1.45892 0.0282574 1.49705 5.74967e-07 1 1 -0.736209
10.543 1e-07 1.74319 192.402 1e-07 21.3581 7.23153 3.18468 4747.21 1e-07 480.567 173.892 109.83 14.0183 6.07385 145651 36491.1 14390.7 6497.77 1964.32 598.05 2e-07 -66.5204 0.0627698 4e-07 -1552.49 14.5289 -495.57 -231.567 6e-07 -46039.6 -21216.1 -14116 -8424.44 -3466.82 -1016.15 0.000932144 2.89964 1.31308 1.46384 0.143697 1.49972 5.14302e-05 1 1 -0.832748
0.00163321 1e-07 4.9888 0.00646113 1e-07 1.84719 0.798114 42.7332 0.0723633 1e-07 0.0189725 1.10376 77.0631 10.6758 493.582 1.13487 0.506543 0.193831 0.0646522 20.9568 44.0247 2e-07 4.98523 -0.586352 4e-07 5.51341 1.22746 36.9351 -6.29562 6e-07 -0.317961 4.10997 230.627 -9.40167 74.7769 98.7594 0.000428986 0.0123311 1.99964 0.0228109 0.996182 1.4968 5.87742e-05 1 1 -0.916322
11.0119 1e-07 0.92575 208.382 1e-07 12.0956 0.973625 2.57079 5319.41 1e-07 316.841 22.7557 104.529 4.47403 11.8972 168644 4522.67 10767 748.906 1247.96 201.357 2e-07 -72.6007 0.226258 4e-07 -1767.92 4.05851 -319.165 -26.9444 6e-07 -54328.5 -2600.22 -10334 -959.681 -2380.91 -288.902 1.0482e-13 2.96898 0.106098 1.48224 0.956291 1.5 4.52122e-05 1 1 -0.923753
11.0885 1e-07 4.96076e-10 212.679 1e-07 1.53132 2.05939e-10 2.55087e-19 5514.09 1e-07 101.861 1.84311 4.56121e-09 2.17805e-19 2.36868e-28 177755 5237.92 4884.15 204.065 15.3909 9.19021e-09 2e-07 -74.8922 0.411408 4e-07 -1862.31 4.25562 -96.2691 0.788266 6e-07 -58331.4 -3068.25 -4701.87 -215.205 -23.0863 50 0.000690718 2.97398 2.22458e-05 1.5 3.38856e-11 1.49999 4.72817e-05 1 1 -0.728668
9.20434 1e-07 3.66016 157.382 1e-07 37.8301 24.7122 23.004 3720.69 1e-07 731.25 423.874 605.128 187.975 194.944 110749 37684.1 19383.3 12720.2 6336.94 4421.72 2e-07 -52.7589 -0.320624 4e-07 -1160.1 45.6452 -756.025 -604.665 6e-07 -33289 -20996.5 -17950.5 -16704.9 -12328.4 -8847.23 0.000663417 2.63855 1.71308 1.499 0.853193 1.49993 4.72699e-05 1 1 -0.710063
6.41083 1e-07 0.182785 86.649 1e-07 3.05454 -0.158291 0.0363229 1683.04 1e-07 89.2021 -16.5967 2.74175 -0.031599 0.00777409 42016.7 -3271.83 2797.01 -572.248 103.156 -9.5172 2e-07 -32.2227 0.374851 4e-07 -582.399 1.70998 -89.3617 23.9859 6e-07 -13842 1914.52 -2771.71 778.697 -169.07 75.7653 1.27779e-05 -2.06898 0.4228 1.45952 0.0634625 1.49936 5.20192e-06 1 1 -0.968457
7.26011 1e-07 2.64887 52.9513 1e-07 21.9812 16.3554 14.801 387.838 1e-07 230.699 184.281 377.153 113.865 118.847 2853 1588.65 2569.54 2427.55 2198.92 2361.87 2e-07 -20.4966 -0.118367 4e-07 -103.359 31.3015 -263.678 -282.941 6e-07 -90.2446 -240.421 -1928.51 -3497.28 -5054.94 -4745.33 0.000650844 2.69366 1.33044 0.0869017 0.938358 1.49963 2.03283e-06 1 1 -0.860201
4.1176 1e-07 0.292153 43.517 1e-07 3.13001 0.372565 0.120114 705.987 1e-07 57.2435 15.294 4.47232 0.19905 0.0615363 15226.3 2301.37 1344.82 438.006 112.915 19.0468 2e-07 -16.8805 0.352978 4e-07 -245.923 1.81315 -60.9008 -16.17 6e-07 -4987.66 -1313.19 -1373.24 -568.095 -190.239 28.3727 0.0109177 1.39366 0.514649 1.48187 0.174685 1.49992 1.42495e-06 1 1 -0.726799
9.31531 1e-07 0.368872 160.44 1e-07 5.7228 0.706388 0.13624 3815.01 1e-07 168.73 36.6302 7.30572 0.2881 0.0503477 114124 15022.2 5907.6 1582.75 292.776 39.6775 2e-07 -57.0785 0.337634 4e-07 -1287.78 4.10061 -169.101 -42.9257 6e-07 -37208.5 -8834.54 -5812.11 -2006.09 -472.881 -5.73825 0.000708974 2.65956 0.607521 1.49902 0.00722289 1.49989 4.72702e-05 1 1 -0.800801
6.54727 1e-07 4.74808 91.4675 1e-07 34.4377 28.6137 39.5454 1842.4 1e-07 536.072 389.364 692.319 286.987 445.948 47771.1 18988.8 11959.7 10415.5 6071.34 5269.45 2e-07 -29.2394 -0.538207 4e-07 -540.873 53.0335 -554.816 -582.789 6e-07 -13493.4 -9905.43 -10411.8 -13654.3 -12148.4 -10966.8 0.00914966 2.08769 1.95099 1.49282 0.992749 1.49997 1.04571e-05 1 1 -0.814725
4.94747 1e-07 0.163886 57.5801 1e-07 2.50582 -0.129598 0.0608884 997.127 1e-07 60.9807 -8.79574 3.75386 -0.0565517 0.0332541 22592.5 -1087.09 1677.05 -243.059 67.6732 -7.63606 2e-07 -22.0576 0.378631 4e-07 -349.201 1.27507 -62.3003 14.4535 6e-07 -7469.97 628.563 -1678.39 346.266 -120.751 71.8149 9.91556e-05 -1.678 0.315025 1.46016 0.254286 1.49993 1.25521e-05 1 1 -0.896721
8.43937 1e-07 2.23533 137.069 1e-07 21.2113 8.64216 5.18434 3111.65 1e-07 413.615 177.589 135.753 20.7095 12.4454 89464.7 24877.1 11173.4 6273.8 2094.58 765.634 2e-07 -47.3249 -0.0356583 4e-07 -1006.93 16.5141 -433.295 -241.231 6e-07 -27883 -14242.3 -10942.9 -8174.12 -3782.99 -1327.28 0.000522907 2.48852 1.48853 1.49996 0.144183 1.49981 4.85223e-05 1 1 -0.937956
7.06116 1e-07 0.316217 102.375 1e-07 4.12072 -0.428102 0.133766 2115.85 1e-07 113.542 -25.3215 6.54974 -0.198866 0.0692284 55968.1 -5494.54 3624.61 -910.433 187.833 -27.3615 2e-07 -37.4573 0.348165 4e-07 -724.768 1.22467 -114.288 35.8253 6e-07 -18338.6 3214.85 -3575.53 1222.14 -316.091 115.458 7.74604e-05 -2.20425 0.536949 1.48419 0.167115 1.49455 3.34982e-06 1 1 -0.97414
8.41472 1e-07 1.68454 133.543 1e-07 15.0937 -7.23687 7.47754 2944.03 1e-07 290.299 -116.85 187.707 -42.2303 51.4894 81926.4 -11012.7 7763.95 -3010.68 1686.21 -1230.33 2e-07 -46.7931 0.0744999 4e-07 -971.472 -14.0306 -296.901 173.335 6e-07 -26070.4 6137.11 -7260.28 3983.17 -3425.02 2609.03 0.000424932 -2.50666 0.849092 1.46081 0.981988 1.49985 5.19032e-06 1 1 -0.821298
7.03642 1e-07 1.23762 102.807 1e-07 10.5836 -3.67636 4.44311 2147.96 1e-07 207.244 -62.2185 109.694 -19.0862 25.8588 57525.1 -5635.66 5591.45 -1570.69 1069.45 -583.514 2e-07 -36.6408 0.163883 4e-07 -715.444 -6.5746 -212.725 93.6454 6e-07 -18369.3 3133.37 -5306.29 2098.88 -2132.36 1282.44 0.00573188 -2.19456 0.547377 1.49931 0.972182 1.49998 4.88675e-06 1 1 -0.963368
4.5862 1e-07 3.28794 21.5283 1e-07 14.3358 -11.3405 10.9083 103.354 1e-07 91.3006 -89.9584 164.445 -34.6445 36.513 507.11 -308.423 676.801 -848.397 808.926 -601.242 2e-07 -7.75674 -0.246179 4e-07 -9.52695 -23.6614 -110.867 160.065 6e-07 201.016 -184.183 -362.7 1291.99 -2028.44 1533.47 1.73328e-05 -2.13523 1.81123 0.164463 0.086209 1.4972 4.43002e-07 1 1 -0.709504
3.47641 1e-07 0.714702 33.2465 1e-07 3.51894 -0.410352 0.574153 502.797 1e-07 47.7789 -13.4346 9.63188 -0.204063 0.509316 10273.6 -1293.64 966.596 -396.301 132.432 -19.7678 2e-07 -12.7357 0.268468 4e-07 -173.529 -0.0942658 -52.8605 22.2974 6e-07 -3345.99 726.57 -980.347 544.154 -247.884 122.206 0.000285106 -1.10778 0.832132 1.49986 0.149876 1.4998 3.61624e-05 1 1 -0.729605
11.1298 1e-07 0.559267 213.516 1e-07 8.37998 1.29736 0.314604 5527.01 1e-07 254.087 59.6979 15.7873 0.745629 0.176986 177685 23926.3 9438.28 2715.1 540.723 86.3934 2e-07 -74.6255 0.299555 4e-07 -1846.48 5.49764 -253.893 -72.5723 6e-07 -57561.9 -14079.9 -9227.26 -3447.66 -884.879 -82.9796 0.00573114 2.99251 0.749987 1.49196 0.00311125 1.49737 5.39898e-06 1 1 -0.949779
9.16238 1e-07 3.38328 152.91 1e-07 35.2465 17.9306 11.461 3506.9 1e-07 674.065 329.175 315.609 63.9626 38.8612 100928 37178.9 17535.5 10895.7 4105.77 1787.49 2e-07 -51.6521 -0.265248 4e-07 -1099.24 32.5814 -706.317 -459.965 6e-07 -30415 -21062.5 -16956.1 -14275.4 -7656.05 -3351.59 0.000315181 2.65257 1.83944 1.45892 0.0282574 1.49702 5.68929e-07 1 1 -0.721185
4.30209 1e-07 4.83258 47.1202 1e-07 23.9642 21.2089 40.4459 789.754 1e-07 295.968 235.979 425.871 217.182 456.151 17567.9 7829 5514.26 5804.14 3538.63 3166.7 2e-07 -13.6056 -0.555108 4e-07 -212.154 39.3949 -304.181 -369.26 6e-07 -4580.28 -3793.29 -4643.92 -7572.81 -7002.49 -6759.79 0.0109982 1.44166 1.9799 1.49884 0.983017 1.49996 4.71058e-05 1 1 -0.729708
8.99775 1e-07 1.4416 147.542 1e-07 14.2095 -5.80896 5.78966 3325.21 1e-07 293.335 -99.6237 163.943 -32.1276 36.9841 94048 -10242.7 8252.97 -2611.6 1563.72 -1050.44 2e-07 -51.8189 0.123088 4e-07 -1102.48 -10.7581 -299.098 147.027 6e-07 -30072.9 5749.19 -7785.96 3464.65 -3136.14 2211.97 0.000648274 -2.62862 0.688469 1.44654 0.984148 1.49977 5.59452e-07 1 1 -0.859747
3.36367 1e-07 0.207175 30.8977 1e-07 2.36823 -0.0700459 0.0435379 447.279 1e-07 40.6979 -7.64913 2.44202 -0.00993485 0.00927797 8731.2 -666.166 887.435 -194.349 57.4847 -3.80266 2e-07 -12.4258 0.369973 4e-07 -157.977 0.770104 -43.6683 12.9531 6e-07 -2863.15 373.675 -911.164 278.756 -98.711 66.4904 8.02906e-06 -1.11082 0.454349 1.45936 0.0272849 1.49743 5.13464e-06 1 1 -0.886514
8.07798 1e-07 3.85837 127.962 1e-07 35.406 20.0929 15.204 2848.74 1e-07 635.403 338.689 357.171 83.9992 60.9135 80552.3 31743.5 15858.8 11147 4339.05 2098.57 2e-07 -42.6081 -0.360265 4e-07 -876.367 36.4279 -668.904 -480.355 6e-07 -23837.4 -17765.8 -15209.2 -14594.4 -8192.85 -4000.52 0.00406132 2.4191 1.96404 1.4999 0.129011 1.49999 1.16532e-06 1 1 -0.722951
6.9655 1e-07 1.37095 99.961 1e-07 11.608 4.83423 5.2283 2046.98 1e-07 220.024 81.5609 123.903 25.7176 31.6833 53675.4 7259.06 5749.08 2078.45 1230.94 751.474 2e-07 -35.5828 0.137217 4e-07 -679.231 10.2125 -229.067 -112.917 6e-07 -17049.5 -4032.07 -5487 -2768.95 -2427.21 -1382.01 0.00112652 2.18661 0.675768 1.47972 0.956995 1.49733 2.17653e-06 1 1 -0.948965
10.0738 1e-07 0.249417 181.825 1e-07 4.68871 0.417823 0.0629555 4486.78 1e-07 161.059 29.4824 4.38921 0.117361 0.0160751 138540 14972.4 6150.04 1378.16 217.564 23.0789 2e-07 -64.372 0.361525 4e-07 -1513.79 4.04234 -159.082 -33.4597 6e-07 -45243.6 -8822.9 -6013.89 -1731.45 -346.616 19.3565 0.000189631 2.79855 0.498725 1.4978 0.0271626 1.49998 9.56163e-06 1 1 -0.819174
10.3686 1e-07 1.74381 190.255 1e-07 21.0343 7.12331 3.18504 4753.92 1e-07 474.463 171.184 107.484 13.812 6.07206 148308 36811 14340.8 6498.52 1935.5 588.848 2e-07 -65.7014 0.0626457 4e-07 -1553.33 14.3055 -489.071 -227.883 6e-07 -46874 -21418.5 -14059 -8415.3 -3412.21 -998.314 0.000525554 2.85265 1.31308 1.49508 0.143386 1.49972 5.14302e-05 1 1 -0.832748
6.67486 1e-07 0.323474 91.8575 1e-07 4.17102 0.406436 0.105208 1804.28 1e-07 109.162 26.0902 5.49962 0.135159 0.0343937 45387.4 5164.2 3304.81 918.558 189.287 25.3132 2e-07 -33.9086 0.346713 4e-07 -620.627 2.72476 -110.776 -29.1775 6e-07 -14874.7 -2978.2 -3293.15 -1178.24 -309.789 18.8102 0.00029625 2.13858 0.568464 1.45006 0.0204587 1.49421 1.63518e-05 1 0.999999 -0.974918
9.85664 1e-07 3.86951 175.586 1e-07 42.4583 22.9619 15.881 4287.49 1e-07 850.514 429.216 457.825 100.663 68.7234 131188 48991.2 23202.1 14724.4 5723.71 2674.5 2e-07 -58.6628 -0.362494 4e-07 -1334.46 41.4872 -883.845 -600.708 6e-07 -39391.4 -27775.7 -22188.7 -19233.6 -10761.8 -5137.18 0.00130148 2.76117 1.95364 1.4975 0.240473 1.49983 9.94384e-06 1 1 -0.747537
2.31596 1e-07 2.34538 16.0821 1e-07 7.1441 2.19399 12.4914 186.024 1e-07 61.4698 21.146 71.1353 16.638 97.8459 3010.93 545.699 847.917 377.575 547.33 216.721 2e-07 -4.7952 -0.0576678 4e-07 -50.4568 3.91197 -64.9219 -30.3583 6e-07 -781.952 -248.513 -740.472 -508.269 -1078.12 -316.005 0.000255301 0.2591 1.19041 1.49962 0.963792 1.49989 0.00010172 1 1 -0.744823
9.9949 1e-07 4.98601 175.716 1e-07 53.2965 40.2379 42.6446 4198.63 1e-07 1028.61 678.936 1193.91 410.475 491.68 125124 47006.8 27003.8 19861.4 11385.5 9471.85 2e-07 -57.7236 -0.585794 4e-07 -1275.42 73.9284 -1055.07 -977.425 6e-07 -36592.7 -25621.8 -24011.2 -26044.5 -22595.8 -19269.7 0.000296053 2.80645 1.9995 1.45637 0.994733 1.49957 3.85315e-05 1 1 -0.845284
6.54442 1e-07 0.313742 91.3548 1e-07 4.12367 0.540211 0.163694 1838.46 1e-07 102.887 23.9465 7.08571 0.352176 0.113606 47622.9 5841.16 3085.53 839.675 186.82 31.9182 2e-07 -33.6371 0.34866 4e-07 -630.521 2.94812 -104.968 -27.1877 6e-07 -15610.9 -3391.9 -3071.57 -1075.71 -313.499 5.49454 0.00914966 2.08769 0.510255 1.49186 0.23723 1.49997 1.04571e-05 1 1 -0.814725
5.41546 1e-07 0.783389 30.8145 1e-07 6.02461 0.11358 1.84157 183.588 1e-07 82.0741 2.84837 54.81 0.445004 7.2152 1142.11 72.2694 968.039 67.2053 348.324 13.2904 2e-07 -13.8764 0.25473 4e-07 -67.8172 1.2502 -90.1331 0.324761 6e-07 -115.852 -35.7056 -953.882 -81.956 -789.076 65.6951 0.00025913 -2.31245 0.00392206 0.262419 0.885198 1.49981 3.18639e-06 1 1 -0.885204
8.76471 1e-07 0.994489 76.848 1e-07 10.2875 0.506563 2.96703 674.039 1e-07 158.309 13.5379 105.88 2.51878 14.7534 5914.18 636.819 2461.98 329.614 733.395 89.5272 2e-07 -30.8246 0.21251 4e-07 -248.197 2.5615 -170.526 -14.0037 6e-07 -1656.75 -327.986 -2377.13 -435.314 -1613.92 -72.0517 1.0482e-13 2.96039 0.013726 0.0281811 0.997146 1.49997 3.83013e-05 1 1 -0.741679
8.90921 1e-07 0.507276 149.452 1e-07 5.59135 -0.858018 0.298782 3480.77 1e-07 149.472 -35.7995 11.5214 -0.492291 0.198704 102303 -10746.5 5047.91 -1409.04 281.472 -48.5083 2e-07 -53.2375 0.309953 4e-07 -1176.91 0.831018 -150.742 50.5242 6e-07 -33424.2 6336.29 -4946.23 1868.98 -482.9 164.821 0.000522907 -2.58124 0.697676 1.49996 0.144183 1.49981 4.85223e-05 1 1 -0.828683
11.0649 1e-07 0.914493 211.89 1e-07 11.6684 0.354914 2.50889 5486.36 1e-07 296.654 13.5564 97.5008 1.62283 11.4718 176657 4966.39 9942.67 572.602 1111.75 70.1321 2e-07 -73.7173 0.22851 4e-07 -1822.79 2.92832 -299.592 -13.4335 6e-07 -57000.1 -2897.77 -9549.93 -715.105 -2143.01 -36.223 1.0482e-13 2.96898 2.22458e-05 1.5 0.956291 1.5 4.77854e-05 1 1 -0.741399
4.44462 1e-07 0.315941 49.2125 1e-07 3.11985 -0.260503 0.133514 827.174 1e-07 62.4615 -14.81 5.21104 -0.1137 0.0690242 18377.8 -1782.11 1573.99 -426.246 110.118 -15.3504 2e-07 -18.8924 0.34822 4e-07 -288.005 0.683578 -65.3633 22.5405 6e-07 -6028.21 1017.78 -1583.9 589.458 -192.179 93.3128 5.62468e-05 -1.49732 0.536722 1.48418 0.166999 1.49653 1.91085e-06 1 1 -0.919344
10.1066 1e-07 2.18012 182.93 1e-07 25.9937 10.4206 5.3252 4526.08 1e-07 561.145 224.245 169.591 28.253 14.3306 140116 40530.3 16275.6 8029.98 2631.08 943.808 2e-07 -62.8053 -0.0246165 4e-07 -1462.77 19.8003 -580.813 -304.525 6e-07 -43755.2 -23458.2 -15890 -10449.8 -4751.5 -1696 0.000177872 2.80354 1.45395 1.49938 0.257955 1.49997 1.04571e-05 1 1 -0.69678
3.03524 1e-07 4.79639 25.6362 1e-07 15.0939 -11.3668 40.1125 344.32 1e-07 136.769 -102.413 251.309 -104.86 454.669 6268.21 -2345.84 1993.33 -2375.56 1604.45 -1280.03 2e-07 -5.9297 -0.54787 4e-07 -83.6504 -24.5037 -124.852 167.157 6e-07 -1540.94 981.047 -1419.65 2996.44 -3202.89 3173.8 4.15817e-05 -1.00026 1.94983 1.42645 0.997382 1.49999 2.441e-06 1 1 -0.74039
9.69539 1e-07 4.67123 171.188 1e-07 48.1358 34.6624 36.2865 4153.1 1e-07 934.513 590.297 975.432 317.798 375.956 126423 45057.4 24987.5 18050 9636.05 7397.78 2e-07 -56.3804 -0.522838 4e-07 -1272.71 63.6864 -959.581 -846.989 6e-07 -37407.3 -24789.7 -22543 -23627.9 -18971.6 -14964.2 0.00127952 2.73048 1.95634 1.4998 0.921922 1.49998 5.62413e-05 1 1 -0.908502
9.92676 1e-07 2.48016 174.508 1e-07 27.4296 15.3329 12.8547 4178.47 1e-07 566.297 283.818 379.006 98.8792 95.4718 124931 31036.4 15838.8 8469.33 4108.45 2821.93 2e-07 -59.7991 -0.0846246 4e-07 -1345.76 29.2638 -583.701 -397.933 6e-07 -38826.2 -17528 -14902 -11154.8 -7948.59 -5489.1 0.000581801 2.79059 1.29432 1.46419 0.897969 1.49995 3.62971e-05 1 1 -0.851288
3.25878 1e-07 1.36054 29.5609 1e-07 5.97406 -1.94873 5.10785 426.48 1e-07 71.188 -24.3175 59.0598 -9.78492 30.3594 8340.49 -994.613 1293.91 -469.515 415.643 -190.637 2e-07 -10.7665 0.1393 4e-07 -139.583 -3.75158 -76.2989 41.2912 6e-07 -2572.69 497.422 -1193.61 642.017 -891.529 526.385 0.00065818 -1.03573 0.688469 1.47875 0.942045 1.49977 5.59452e-07 1 1 -0.859747
10.8925 1e-07 0.958766 207.363 1e-07 12.0828 0.376766 2.78753 5347.48 1e-07 301.837 14.2535 105.989 1.82569 13.5075 171620 4912.56 9987.03 590.827 1185.28 77.3745 2e-07 -72.1426 0.219655 4e-07 -1775.36 2.81825 -305.227 -14.3596 6e-07 -55324.3 -2865.58 -9580.15 -742.247 -2293.72 -47.986 0.0107011 2.95567 2.22458e-05 1.5 0.984448 1.4997 4.6849e-05 1 1 -0.738152
8.61329 1e-07 1.42976 136.139 1e-07 13.9641 -5.72491 5.70814 2963.89 1e-07 285.768 -99.6535 160.565 -31.7352 36.2972 81077.3 -9595.23 7902.07 -2606.44 1575.24 -1034.75 2e-07 -48.0251 0.125456 4e-07 -983.414 -10.6991 -291.658 146.73 6e-07 -25858.3 5357.38 -7457.58 3458.96 -3137.08 2180.74 0.000235155 -2.56429 0.679375 1.42801 0.984148 1.49977 5.59452e-07 1 1 -0.934837
7.07855 1e-07 1.69011 100.581 1e-07 13.4136 -4.87383 3.08877 2023.44 1e-07 239.79 -100.62 70.8768 -9.02315 6.05369 51910.7 -12331 5988.05 -3282.64 1073.21 -368.844 2e-07 -35.5628 0.0733862 4e-07 -667.372 -9.51821 -251.501 146.175 6e-07 -16397.7 6989.54 -5865.8 4349.59 -1973.68 859.541 2.81768e-05 -2.23315 1.28664 1.44628 0.186296 1.49693 2.61466e-05 1 1 -0.928312
11.1313 1e-07 3.85902 213.561 1e-07 47.5302 24.1324 14.9781 5528.5 1e-07 1021.49 487.075 494.073 97.236 58.1354 177742 64916.6 29482.9 17447.1 6522.01 2823.28 2e-07 -71.3405 -0.360395 4e-07 -1729.52 43.3383 -1054.19 -674.485 6e-07 -53743.8 -37118.1 -28263 -22737.2 -12144.6 -5384.11 0.00573114 2.99275 1.97009 1.49196 0.0036702 1.49995 5.59939e-06 1 1 -0.761663
4.78035 1e-07 1.68454 54.5503 1e-07 8.88039 -4.32649 7.48915 930.84 1e-07 123.229 -53.0163 103.829 -24.742 51.6862 20834.5 -2753.6 2548.82 -1103.97 738.62 -501.646 2e-07 -19.4609 0.0744993 4e-07 -307.161 -8.46238 -128.76 85.0881 6e-07 -6565.04 1437.89 -2336.23 1482.07 -1580.82 1192.42 0.000250102 -1.62696 0.846374 1.46081 0.984184 1.49981 3.77133e-05 1 1 -0.738763
7.8196 1e-07 2.24383 121.178 1e-07 20.446 8.63012 5.22312 2648.22 1e-07 380.855 167.362 127.828 21.3126 12.5829 73649.7 21872.2 9848.82 5685.41 1925.32 723.934 2e-07 -41.9291 -0.0373574 4e-07 -854.306 16.3881 -401.474 -228.906 6e-07 -22838.8 -12480.2 -9673.22 -7426.51 -3489.69 -1255.3 0.000522907 2.36286 1.49138 1.49647 0.144183 1.49981 5.11829e-05 1 1 -0.828683
5.13558 1e-07 0.686975 60.208 1e-07 5.35696 -0.962429 0.472057 1039.98 1e-07 98.9731 -33.6404 13.1478 -0.64485 0.324459 23385.8 -3836.11 2416.58 -1016.25 286.388 -61.4683 2e-07 -22.511 0.274013 4e-07 -356.131 -0.883428 -104.386 48.7251 6e-07 -7560.86 2172.08 -2422.31 1376.14 -498.634 198.144 8.58552e-07 -1.75365 0.828813 1.43538 0.00666819 1.49615 7.17091e-06 1 0.999999 -0.964889
8.19775 1e-07 2.57348 130.874 1e-07 24.6756 11.2174 6.87436 2930.87 1e-07 464.479 210.436 173.158 32.2353 19.014 83290.1 26973.8 12073.3 7112.56 2472.47 983.205 2e-07 -44.8863 -0.103287 4e-07 -936.107 20.8722 -488.548 -290.79 6e-07 -25595.5 -15381.6 -11803 -9296.11 -4525.46 -1766.36 0.000524907 2.43947 1.59706 1.49996 0.155616 1.49981 3.62339e-05 1 1 -0.740285
10.9945 1e-07 3.91537 210.579 1e-07 48.1381 25.0507 16.0147 5457.28 1e-07 1032.95 501.021 522.98 108.315 67.5527 175894 65130.1 29791.7 17832.8 6783.34 3032.29 2e-07 -70.2529 -0.371666 4e-07 -1703.35 44.997 -1065.57 -695.169 6e-07 -53060.7 -37193.9 -28492.8 -23244.1 -12673.4 -5823.53 0.0113166 2.97398 1.9818 1.5 0.180663 1.49999 4.72817e-05 1 1 -0.728644
5.12266 1e-07 0.732186 61.6048 1e-07 4.6485 -0.87832 0.628452 1101.6 1e-07 80.6783 -25.4966 13.3607 -0.671687 0.612992 25764.4 -3396.54 1969.14 -789.623 209.034 -46.1045 2e-07 -22.8719 0.264971 4e-07 -378.141 -0.578835 -85.664 38.6652 6e-07 -8427.55 1945.15 -1966.53 1069.69 -383.019 173.477 0.000318228 -1.71082 0.836802 1.48212 0.179395 1.49981 2.06614e-06 1 0.999999 -0.76144
3.20768 1e-07 0.249097 28.9601 1e-07 2.59526 -0.0968857 0.0621626 418.191 1e-07 42.0519 -8.37755 3.07482 -0.0198373 0.0155241 8212.95 -745.863 894.198 -219.261 71.2808 -5.55259 2e-07 -11.6466 0.361589 4e-07 -146.632 0.606841 -45.5413 14.0306 6e-07 -2671.82 417.512 -919.197 311.383 -122.668 71.6973 0.0010975 -0.988895 0.499325 1.4936 0.00672863 1.49545 2.86227e-06 1 1 -0.929992
3.1977 1e-07 4.73454 28.8118 1e-07 16.7266 -12.1156 38.177 415.445 1e-07 167.909 -123.368 265.635 -112.934 413.903 8149.97 -3190.86 2691.01 -3050.98 2060.87 -1575.34 2e-07 -7.10669 -0.535499 4e-07 -103.265 -26.261 -159.486 195.92 6e-07 -2020.89 1399.32 -2091.73 3873.41 -3998.95 3763.52 0.00108715 -0.983216 1.95433 1.49399 0.959324 1.49976 5.24437e-05 1 1 -0.927506
1.88141 1e-07 0.00044622 3.66991 1e-07 1.68957 9.28659e-05 4.76075e-07 7.40834 1e-07 19.1178 0.93227 0.00860067 1.72667e-07 7.59946e-10 15.4549 4.13498 93.2762 21.5941 17.4301 0.00469507 2e-07 -2.98194 0.411319 4e-07 -0.823691 0.436298 -22.2748 1.88201 6e-07 83.5444 -1.06564 -141.556 -19.8306 -26.1878 50.0116 2.14887e-06 -1.36529 0.0156919 0.131832 0.0141416 1.4998 1.95203e-06 1 1 -0.83417
7.36264 1e-07 0.505438 110.452 1e-07 6.12769 1.07387 0.297646 2356.02 1e-07 144.04 38.3814 11.2082 0.74793 0.197894 64228.4 10634.5 4288.72 1413.45 322.666 60.0319 2e-07 -39.9928 0.310321 4e-07 -798.875 3.95126 -148.044 -46.2246 6e-07 -20904.3 -6210.53 -4269.86 -1815.44 -535.799 -38.0822 0.00410082 2.26579 0.697676 1.49996 0.144107 1.49999 4.39862e-05 1 1 -0.72368
6.67574 1e-07 1.28917 91.8925 1e-07 10.6194 4.04798 4.74254 1805.48 1e-07 198.098 66.9084 112.61 21.3097 28.1069 45431.6 5345.34 5057.1 1633.87 1076.91 625.265 2e-07 -32.9543 0.153574 4e-07 -601.678 8.71854 -206.618 -92.1967 6e-07 -14444.5 -2941.38 -4827.93 -2184.46 -2144.31 -1132.92 0.000296771 2.13858 0.591557 1.45036 0.969338 1.49421 9.31996e-06 1 0.999999 -0.979123
10.3949 1e-07 0.588235 191.465 1e-07 8.75748 1.58784 0.401894 4804.44 1e-07 242.125 59.1005 18.0608 1.24759 0.310153 150557 23962.6 8360.69 2515.79 536.904 97.1314 2e-07 -67.2461 0.293761 4e-07 -1606.52 5.70073 -244.259 -72.9807 6e-07 -48761 -14110.8 -8214.55 -3207.28 -889.441 -103.558 0.000285099 2.85453 0.751133 1.49962 0.155569 1.49991 3.58387e-05 1 1 -0.747462
9.16625 1e-07 4.90616 152.274 1e-07 47.8241 36.6652 40.8199 3470.76 1e-07 874.587 587.677 1039.35 361.587 456.054 99181.9 37207.5 21995.3 16770.8 9618.36 7972.02 2e-07 -49.9424 -0.569824 4e-07 -1050.03 67.5367 -900.78 -853.091 6e-07 -28852.4 -20086.1 -19477.8 -22022.7 -19198.2 -16270.1 0.000703153 2.65887 1.99158 1.44967 0.971205 1.4969 9.56391e-06 1 1 -0.904483
8.99814 1e-07 0.26485 150.353 1e-07 4.42399 0.377395 0.0701491 3473.32 1e-07 145.977 28.6867 4.67197 0.103822 0.0185799 101023 10069.9 5307.8 1225.91 206.685 22.9518 2e-07 -53.8391 0.358438 4e-07 -1179.08 3.5719 -144.694 -32.3079 6e-07 -33050.3 -5894.54 -5209.54 -1549.58 -331.868 20.4038 4.93087e-05 2.60823 0.514649 1.48175 0.000144134 1.49595 1.42495e-06 1 1 -0.944925
2.26119 1e-07 2.60911 15.3299 1e-07 7.80831 1.78537 14.7783 173.121 1e-07 65.8788 18.1408 85.6741 13.2296 121.373 2735.6 428.328 890.139 352.305 651.475 188.502 2e-07 -4.25106 -0.110414 4e-07 -43.8412 2.93935 -68.4731 -25.3813 6e-07 -664.406 -191.303 -747.182 -477.081 -1283.48 -232.897 0.000255301 0.2591 1.29649 1.48124 0.963792 1.49989 9.91463e-05 1 1 -0.927177
6.85159 1e-07 4.50507 97.3881 1e-07 34.4265 27.5616 35.1467 1979.42 1e-07 548.046 384.584 653.896 260.014 370.682 51573.8 20293.1 12383.2 10277.6 5865.59 4902.69 2e-07 -31.563 -0.489607 4e-07 -587.936 51.0566 -569.642 -571.686 6e-07 -14711.3 -10707 -10942.7 -13507.4 -11713.8 -10137.7 0.00112652 2.16037 1.89587 1.47972 0.956995 1.49991 2.37694e-06 1 1 -0.76085
2.19671 1e-07 1.1307 14.4723 1e-07 4.32633 0.456528 3.73868 158.863 1e-07 40.645 5.40755 40.9418 2.33452 20.208 2440.7 160.151 579.492 88.3481 239.988 40.3286 2e-07 -5.40769 0.185268 4e-07 -49.1521 0.951536 -45.9578 -4.01957 6e-07 -687.848 -76.6353 -522.275 -122.086 -543.772 25.23 0.000361256 0.215939 0.470709 1.46631 0.953698 1.49746 2.02778e-06 1 1 -0.90757
8.72896 1e-07 2.6981 141.452 1e-07 26.1993 11.9491 7.55309 3168.8 1e-07 498.225 229.757 200.117 34.7763 21.8937 89371.3 27930.8 13024.5 7754.48 2797.63 1126.12 2e-07 -48.4666 -0.128211 4e-07 -1013.5 22.2494 -523.032 -316.865 6e-07 -27489.1 -15880.9 -12685.3 -10144 -5143.37 -2030.79 0.000103312 2.5693 1.63493 1.45888 0.159306 1.49993 7.92432e-07 1 1 -0.900628
7.07855 1e-07 2.63454 100.581 1e-07 20.0989 -12.9131 15.3421 2023.44 1e-07 334.785 -190.146 309.143 -93.0178 130.289 51910.7 -12331 7899.09 -4817.49 2701.18 -2153.53 2e-07 -34.6184 -0.115499 4e-07 -647.316 -26.9337 -342.387 283.193 6e-07 -15922.7 6612.43 -7129.06 6302.73 -5473.82 4619.51 2.81768e-05 -2.23315 1.28664 1.44628 0.989526 1.49975 2.61466e-05 1 1 -0.928312
10.0734 1e-07 4.80125 180.388 1e-07 52.8362 38.8398 39.533 4405.35 1e-07 1043.93 670.264 1122.16 384.653 438.808 134436 50696.5 28019.9 20019.3 11123.5 8952.05 2e-07 -59.3885 -0.548841 4e-07 -1343.48 71.2567 -1070.17 -960.637 6e-07 -39516.6 -27871.4 -25184.3 -26223.1 -21889.7 -18174.9 5.20744e-05 2.80635 1.96186 1.48265 0.976011 1.49734 6.35582e-05 1 1 -0.733831
8.52703 1e-07 1.83237 72.968 1e-07 18.2948 7.91276 3.80651 626.606 1e-07 240.153 136.23 121.742 17.7601 8.78695 5399.79 2696.07 3296.42 2525.08 1417.16 597.752 2e-07 -28.5851 0.0449334 4e-07 -206.066 15.6746 -269.59 -189.127 6e-07 -1045.78 -1090.73 -3362.88 -3517.45 -2701.99 -1031.84 7.11835e-06 2.91882 1.33044 0.0869017 0.249608 1.49644 2.02235e-06 1 1 -0.886068
4.30209 1e-07 3.90984 47.1202 1e-07 19.9735 12.931 15.9673 789.754 1e-07 252.163 161.433 184.243 57.8564 67.2603 17567.9 7829.49 4779.21 4714.24 2005.64 1148.55 2e-07 -14.5283 -0.37056 4e-07 -224.126 23.6373 -274.779 -239.179 6e-07 -4799.31 -4083.01 -4553.48 -6198.6 -3838.14 -2130.41 0.0109982 1.44166 1.98004 1.49884 0.18104 1.49996 4.71058e-05 1 1 -0.729708
7.52313 1e-07 1.41682 110.794 1e-07 12.5138 -5.44608 5.31531 2292.55 1e-07 242.73 -94.4364 132.944 -27.3004 31.0007 60249.6 -8618.43 6427.49 -2470.42 1339.33 -832.153 2e-07 -39.3444 0.128045 4e-07 -761.017 -10.2998 -249.049 139.479 6e-07 -19153.8 4790.34 -6085.77 3287.94 -2651.47 1789.64 5.61772e-05 -2.3306 0.771127 1.44628 0.906786 1.49694 7.17812e-06 1 1 -0.973856
9.85574 1e-07 3.78108 175.532 1e-07 41.5874 22.2289 15.1831 4285.11 1e-07 834.704 417.324 438.921 95.4876 64.3555 131080 48491.2 22805.5 14327.6 5531.41 2557.23 2e-07 -58.7344 -0.344807 4e-07 -1336.3 40.195 -867.482 -583.443 6e-07 -39435.6 -27520.1 -21837.5 -18714.7 -10383.7 -4900.7 0.00130148 2.76117 1.93085 1.4972 0.240473 1.49983 1.81374e-05 1 1 -0.743522
9.69537 1e-07 4.66484 171.187 1e-07 49.7273 36.0479 36.5977 4153.09 1e-07 971.428 615.545 997.196 339.422 384.414 126422 47551.8 25942.2 18553.2 9999.64 7755.76 2e-07 -56.3867 -0.52156 4e-07 -1267.93 66.1392 -997.684 -882.97 6e-07 -37222.6 -26192.7 -23455.3 -24294.3 -19622.4 -15741.8 0.00128229 2.73048 1.9481 1.4998 0.935816 1.49998 1.46834e-05 1 1 -0.724199
7.84191 1e-07 0.26485 120.734 1e-07 3.84402 -0.302814 0.0701491 2614.04 1e-07 118.048 -23.8885 4.28767 -0.0764835 0.0185799 71916.9 -6388.05 4038.56 -923.824 161.408 -18.062 2e-07 -43.7973 0.358438 4e-07 -893.413 1.8518 -117.614 33.5032 6e-07 -23598.9 3763.34 -3968.82 1235.29 -264.739 95.3104 4.93087e-05 -2.37618 0.514649 1.48187 0.000144134 1.49756 1.42495e-06 1 1 -0.94696
7.80335 1e-07 0.270289 119.761 1e-07 3.83684 -0.307715 0.0730595 2586.16 1e-07 116.678 -23.78 4.35623 -0.0786537 0.0197481 70983.7 -6300.93 3972.66 -914.408 160.48 -18.1886 2e-07 -43.4614 0.35735 4e-07 -884.1 1.82757 -116.355 33.4048 6e-07 -23297.9 3711.38 -3905.22 1223.39 -263.708 95.8134 4.93087e-05 -2.36835 0.519906 1.4814 0.000144134 1.49767 1.32862e-06 1 1 -0.938101
8.83249 1e-07 0.914493 78.6353 1e-07 9.79331 0.211169 2.50889 705.605 1e-07 162.853 6.77556 94.6385 0.965563 11.4718 6380.83 379.9 2669.39 187.426 714.435 36.4063 2e-07 -31.5086 0.22851 4e-07 -260.937 2.09744 -173.502 -4.72152 6e-07 -1805.59 -201.057 -2609.13 -237.265 -1532.99 28.4272 1.0482e-13 2.96898 2.22458e-05 0.132791 0.956291 1.49987 4.77854e-05 1 1 -0.84619
5.55217 1e-07 0.855168 69.4403 1e-07 6.63944 -1.39814 2.18168 1273.9 1e-07 122.762 -23.7321 53.8747 -5.46997 9.1905 30352.8 -1834.92 3075.47 -546.957 496.391 -168.513 2e-07 -25.5291 0.240375 4e-07 -431.692 -1.83995 -127.803 38.3094 6e-07 -9765.93 1010.04 -2967.47 751.833 -1007.79 432.575 0.00571345 -1.84872 0.334393 1.46746 0.865022 1.49554 4.79728e-06 1 1 -0.960712
6.72147 1e-07 4.47741 95.4321 1e-07 33.7514 26.9892 34.8296 1948.24 1e-07 536.847 375.667 631.548 254.688 366.667 51132.3 20107.1 12172.7 10129.5 5724.34 4762.48 2e-07 -30.8737 -0.484073 4e-07 -578.649 49.9934 -557.684 -558.637 6e-07 -14603.7 -10629.7 -10784.1 -13297.9 -11393.9 -9854.17 0.00109339 2.11754 1.88788 1.49746 0.958237 1.49991 3.65447e-05 1 1 -0.738443
6.67486 1e-07 1.26273 91.8574 1e-07 10.4416 3.86816 4.57565 1804.27 1e-07 195.467 64.0925 109.552 20.2114 26.7963 45387.4 5165.62 5000.22 1563.62 1047.85 596.217 2e-07 -32.9694 0.158862 4e-07 -601.815 8.39409 -203.83 -88.0969 6e-07 -14443.1 -2844.3 -4777.17 -2090.31 -2086.93 -1075.48 0.000296771 2.13858 0.568761 1.45006 0.969338 1.49421 1.75136e-05 1 0.999999 -0.975108
4.78782 1e-07 3.77576 52.7687 1e-07 19.8049 -12.1671 14.2822 859.197 1e-07 251.199 -161.52 191.508 -45.5816 54.0861 18237.2 -7357.51 4699.91 -4505.03 1993.33 -1096.72 2e-07 -16.8427 -0.343743 4e-07 -251.113 -26.3255 -267.562 249.1 6e-07 -5074.37 3739.89 -4360.54 5947.6 -3920.71 2523.18 0.000654778 -1.68243 1.94349 1.39961 0.033049 1.49989 1.05347e-05 1 1 -0.967178
1.00581 1e-07 1.2309 1.02489 1e-07 2.97237 -1.74006 4.10536 1.06307 1e-07 12.1717 -12.181 42.2439 -7.74358 21.501 1.21241 -0.390446 29.3221 -32.8792 98.4266 -114.473 2e-07 -0.0823791 0.165228 4e-07 7.57329 -3.66079 -15.2442 25.9737 6e-07 59.4315 -50.5025 67.4813 66.149 -340.646 370.338 4.10079e-05 -1.00129 0.68495 0.056344 0.87281 1.49996 4.43193e-05 1 1 -0.919282
7.0634 1e-07 1.24353 103.315 1e-07 10.6602 -3.7088 4.46432 2159.71 1e-07 209.234 -63.0723 110.638 -19.265 25.9822 57857.8 -5728.21 5653.11 -1596.87 1083.41 -590.732 2e-07 -36.8145 0.162702 4e-07 -719.249 -6.64371 -214.714 94.8058 6e-07 -18470.9 3185.3 -5364.67 2133.26 -2157.95 1296.83 0.000987006 -2.19556 0.547377 1.49922 0.972182 1.49998 4.88675e-06 1 1 -0.970428
2.22474 1e-07 2.59607 14.8373 1e-07 7.57469 2.28007 14.7016 164.807 1e-07 62.4961 21.655 80.5274 17.7205 120.696 2561.14 491.203 827.025 392.048 605.203 231.264 2e-07 -4.07986 -0.107805 4e-07 -41.5553 3.96047 -64.9529 -31.5786 6e-07 -620.667 -214.497 -696.725 -528.476 -1189.23 -337.467 0.00571383 0.272887 1.29734 1.46635 0.963271 1.49694 2.95538e-06 1 1 -0.818252
8.17758 1e-07 1.14777 130.3 1e-07 11.627 4.35988 3.67684 2912.82 1e-07 245.193 82.7687 103.474 19.77 18.7517 82636.1 11280 6985.93 2336.8 1166.96 645.927 2e-07 -46.1197 0.181855 4e-07 -969.265 9.75867 -253.186 -112.399 6e-07 -26477.7 -6432.36 -6737.32 -3083.85 -2241.01 -1168.2 0.000708974 2.43614 0.610742 1.499 0.880667 1.49989 4.50184e-05 1 1 -0.799081
8.88836 1e-07 1.44224 141.57 1e-07 14.435 -5.9644 5.79221 3082.89 1e-07 297.242 -104.358 167.658 -33.1651 37.0004 84007 -10059.7 8225.16 -2731.92 1641.64 -1097.92 2e-07 -49.9171 0.122961 4e-07 -1023.13 -11.1591 -303.241 153.331 6e-07 -26798.8 5617.16 -7760.09 3624.64 -3271.7 2303.69 0.000207762 -2.62862 0.688469 1.40716 0.984148 1.49977 5.59452e-07 1 1 -0.930419
7.49315 1e-07 2.46351 110.25 1e-07 19.7816 -11.9364 12.862 2280.5 1e-07 341.315 -183.853 276.481 -75.9123 96.4884 59922.7 -13875.7 8296.49 -4861.35 2510.35 -1834.62 2e-07 -38.1048 -0.0812946 4e-07 -735.055 -24.7464 -350.085 272.306 6e-07 -18550.7 7567.08 -7606.18 6377.92 -5062.6 3940.13 0.00573034 -2.3306 1.28664 1.44628 0.906786 1.49694 4.14118e-05 1 1 -0.904222
8.55145 1e-07 3.90495 136.017 1e-07 36.252 20.6645 16.1618 2992.23 1e-07 650.431 352.991 399.127 89.4297 70.488 82893.2 31214.2 16126.9 11319.1 4669.11 2315.9 2e-07 -45.4515 -0.369582 4e-07 -924.928 37.5967 -684.182 -500.073 6e-07 -24608 -17390.7 -15374 -14860.5 -8888.5 -4422.03 0.0012847 2.54289 1.96274 1.44681 0.240065 1.4999 9.94718e-06 1 1 -0.897529
5.15438 1e-07 0.706175 62.8295 1e-07 5.33915 -0.985678 0.553156 1141.59 1e-07 98.9881 -32.4543 14.1936 -0.776056 0.473821 27163.6 -4213.46 2495.42 -1024.2 284.829 -62.549 2e-07 -23.2971 0.270173 4e-07 -389.29 -0.918629 -104.258 47.4098 6e-07 -8795.72 2404.31 -2490.53 1380.27 -501.405 202.152 0.000283107 -1.70459 0.828777 1.49986 0.139655 1.49981 4.85223e-05 1 0.999999 -0.936705
4.84989 1e-07 4.75282 53.6767 1e-07 24.795 -22.0163 39.2974 875.166 1e-07 308.122 -248.669 494.549 -214.277 439.968 18574.6 -7503.74 5649.15 -5734.87 3681.09 -3412.87 2e-07 -16.2001 -0.539156 4e-07 -241.841 -46.9963 -305.793 385.481 6e-07 -4906.94 3468.03 -4450.35 7325.9 -7537.85 7671.24 0.000654778 -1.70526 1.94349 1.39416 0.98934 1.49989 1.10384e-05 1 1 -0.969306
1.38609 1e-07 4.79409 1.94113 1e-07 8.1224 -14.97 40.0825 2.75101 1e-07 23.6278 -56.6618 236.519 -145.686 454.238 4.02993 -5.56212 64.7343 -192.418 501.543 -1103.74 2e-07 2.82567 -0.547411 4e-07 21.6008 -30.9942 -1.05873 126.675 6e-07 114.179 -227.237 597.411 95.7778 -1469.42 3101.4 4.15817e-05 -1.17582 1.94922 0.0592422 0.997421 1.49999 2.05081e-06 1 1 -0.91966
5.87827 1e-07 4.7131 75.662 1e-07 28.2819 -23.7386 38.2363 1415.73 1e-07 393.357 -288.91 564.615 -222.332 417.868 34246.9 -12375.1 8038.9 -7441.9 4222.41 -3725.52 2e-07 -23.8638 -0.531212 4e-07 -415.537 -50.7152 -393.509 440.985 6e-07 -9723.02 6221.91 -6634.56 9502.86 -8725.31 8287.26 0.00594704 -1.9413 1.95095 1.45991 0.966993 1.49987 4.23911e-05 1 1 -0.836963
7.82865 1e-07 3.19265 121.624 1e-07 27.865 18.8762 20.7114 2665.75 1e-07 496.904 296.63 457.687 151.739 190.889 74370.1 21989 12423.4 8186.18 4431.12 3482.98 2e-07 -41.1232 -0.227121 4e-07 -837.755 35.4001 -515.76 -428.864 6e-07 -22492.3 -12056.2 -11387.7 -10797.3 -8742.43 -6972.85 0.000658301 2.36286 1.49138 1.49974 0.985158 1.49981 5.11829e-05 1 1 -0.835067
7.5766 1e-07 0.266452 110.522 1e-07 3.94298 -0.317399 0.0710646 2253.8 1e-07 117.847 -24.9811 4.44987 -0.0834675 0.0189698 58215 -5625.38 3834.03 -924.511 170.454 -19.6553 2e-07 -40.4668 0.358118 4e-07 -774.834 1.69368 -117.725 34.8762 6e-07 -19129.1 3297.2 -3783.32 1239.85 -279.176 98.2979 9.0806e-05 -2.3568 0.516158 1.42217 0.00758954 1.49414 2.03109e-06 1 1 -0.982798
8.03297 1e-07 3.16328 123.029 1e-07 27.9687 18.9129 20.3932 2626.13 1e-07 494.523 296.448 469.139 150.309 186.958 70886.1 20651.8 12144.9 7952.21 4415.34 3527.66 2e-07 -41.7785 -0.221248 4e-07 -826.962 35.5369 -514.257 -428.738 6e-07 -21419.3 -11253.6 -11095.5 -10522.3 -8779.09 -7045.62 0.000663662 2.4381 1.48217 1.44654 0.984148 1.49977 5.59452e-07 1 1 -0.897493
5.11782 1e-07 3.90984 62.1792 1e-07 23.4759 14.9947 15.9673 1127.27 1e-07 327.067 201.694 225.984 66.417 67.2603 26774.7 11591.7 6687.7 6054.44 2505.01 1391.62 2e-07 -19.8617 -0.37056 4e-07 -329.933 27.3997 -353.319 -295.747 6e-07 -7524.36 -6188.09 -6382.69 -7956.36 -4791.69 -2619.29 0.0109982 1.70387 1.98004 1.49884 0.18104 1.49996 4.71058e-05 1 1 -0.729708
