2.54832 1e-07 1.49338 19.3022 1e-07 5.79089 -1.39784 5.72013 241.795 1e-07 59.1848 -17.978 54.7833 -7.03773 33.6256 4212.69 -614.652 936.049 -354.904 406.045 -135.719 2e-07 -6.84561 0.112732 4e-07 -74.468 -2.90547 -64.4995 31.5632 6e-07 -1209.68 292.983 -850.255 483.748 -851.59 418.847 0.00189045 -0.54825 0.83595 1.49947 0.892321 1.48007 0.782834 0.999754 1 -0.99482
11.25 1e-07 2.13305e-08 217.687 1e-07 1.96517 5.37799e-10 4.59866e-16 5683.92 1e-07 132.65 0.143469 2.5152e-07 4.34435e-17 9.52174e-18 184349 335.577 6416.93 16.6052 23.1776 3.17046e-08 2e-07 -76.5562 0.411408 4e-07 -1916.97 4.23531 -125.28 2.82784 6e-07 -60325.3 -137.744 -6173.23 18.1008 -34.7663 50 1.04083e-17 3 -0.000146048 1.5 6.54969e-07 1.45361 0.627394 0.999771 0.999997 -0.982671
0.0583964 1e-07 4.88911 0.0339457 1e-07 2.25973 2.8308 39.9206 0.316415 1e-07 0.746639 7.73707 85.3672 27.2621 435.438 4.82846 2.21096 1.2926 2.57421 43.5075 171.171 2e-07 4.82053 -0.566414 4e-07 6.65031 5.23369 31.6202 -21.5074 6e-07 1.96824 29.4863 250.377 -7.90672 -58.6448 -216.578 0.00202 0.207896 1.99926 0.104272 0.948801 1.47794 0.928176 0.999761 0.999995 -0.993297
0.0540915 1e-07 4.89312 0.00504205 1e-07 2.25604 2.8258 39.8779 0.000634574 1e-07 0.670045 7.70476 85.3411 27.1746 433.884 9.92393e-05 0.000504113 0.153444 1.93922 43.1835 170.91 2e-07 4.83752 -0.567216 4e-07 6.76289 5.22264 31.659 -21.4217 6e-07 3.34956 30.6868 251.564 -7.20203 -59.5579 -214.733 3.37009e-05 0.207896 1.99926 0.104272 0.946686 0.00936916 0.926353 0.999698 0.999995 -0.993297
5.1214 1e-07 2.12358 71.7473 1e-07 16.5286 10.3678 11.3498 1491.08 1e-07 273.492 159.399 226.82 68.0323 87.1326 39962.9 11360.8 6581.89 4416.47 2239.9 1563.95 2e-07 -24.522 -0.0133078 4e-07 -469.485 19.5369 -287.489 -229.048 6e-07 -12112.5 -6204.07 -6111.54 -5835.85 -4398.17 -3059.99 0.318273 2.20216 1.48828 1.49977 0.863939 0.941192 0.573624 0.999772 0.999995 -0.96622
5.07123 1e-07 0.869561 59.6752 1e-07 6.40247 0.00465982 2.26841 1040.15 1e-07 112.525 0.0990405 56.1051 0.0202569 9.8626 23666.3 11.8769 2688.21 2.82075 475.54 0.58667 2e-07 -22.1042 0.237496 4e-07 -352.512 0.815172 -118.212 4.10162 6e-07 -7577.4 -4.68401 -2588.68 4.83526 -983.964 96.0338 1.1011e-06 -1.71933 -0.000146048 1.45435 0.932503 1.46526 0.656386 0.999712 1 -0.996643
10.4189 1e-07 4.23137 192.202 1e-07 46.2605 32.0726 32.6542 4828.76 1e-07 942.131 571.689 949.945 295.709 346.374 151472 47873.6 26291.2 17630.2 9505.34 7553.97 2e-07 -63.8481 -0.434865 4e-07 -1502.05 59.1796 -963.667 -813.934 6e-07 -45559.6 -26546.8 -23810.1 -23086.2 -18677.3 -15137.3 0.000957001 2.85986 1.80279 1.49936 0.992551 1.45461 0.4672 0.999998 1 -0.982885
6.08412 1e-07 3.00766 78.1984 1e-07 20.4871 -13.0909 15.0043 1442.29 1e-07 310.705 -190.171 265.404 -76.3175 99.4269 34150.5 -10811.4 6726.9 -5006.59 2538.37 -1671.59 2e-07 -26.536 -0.190125 4e-07 -449.423 -27.7761 -322.164 284.991 6e-07 -10133.9 5696.17 -6133.06 6578.62 -5050.85 3685.04 0.0133308 -2.03745 1.5854 1.41599 0.729998 0.864793 0.375438 0.999753 0.999998 -0.997644
10.2238 1e-07 0.673492 186.107 1e-07 8.86285 -0.0664409 1.36125 4611.96 1e-07 246.09 -1.73751 59.46 -0.239473 4.58691 142599 -214.967 8595.77 -51.0304 765.227 -15.0987 2e-07 -65.3825 0.27671 4e-07 -1543.11 2.30072 -246.689 6.46876 6e-07 -46161.3 149.378 -8295.56 96.4725 -1440.71 114.57 0.0191196 2.86036 -0.020655 1.48332 0.821472 1.45377 0.764016 0.999771 0.999998 -0.982236
3.17059 1e-07 0.546247 27.5773 1e-07 3.72597 -0.175122 0.895034 378.696 1e-07 52.9943 -3.24602 24.2013 -0.47415 2.44383 7018.88 -156.526 1031.61 -62.9753 172.862 -15.1823 2e-07 -10.8975 0.302159 4e-07 -130.008 0.208969 -57.9252 8.58608 6e-07 -2219.39 81.6781 -1013.86 96.6348 -378.339 108.811 0.00289338 -1.07114 0.104742 1.42472 0.731856 0.953408 0.655502 0.999764 0.999999 -0.997157
11.1073 1e-07 0.763262 209.521 1e-07 10.4484 0.0415986 1.74813 5309.64 1e-07 291.043 1.26895 77.8019 0.15567 6.67396 166717 392.004 10234.1 51.2231 990.196 7.43253 2e-07 -73.2003 0.258756 4e-07 -1771.07 2.56317 -291.548 2.49569 6e-07 -53869.4 -202.137 -9850.84 -38.2395 -1867.54 76.8178 0.00151653 2.99642 0.00304859 1.46382 0.873907 1.37927 0.67821 0.999566 0.999997 -0.983298
2.4061 1e-07 0.698978 17.2584 1e-07 3.66715 -0.291842 0.490961 204.927 1e-07 40.7262 -9.60937 9.78188 -0.193777 0.349719 3386.76 -498.257 657.272 -234.18 152.273 -18.9221 2e-07 -6.88463 0.271613 4e-07 -67.7351 -0.327225 -47.0765 17.2276 6e-07 -1017.33 259.472 -681.495 331.424 -278.073 119.496 0.001932 -0.51479 0.83595 1.46476 0.0181614 0.329641 0.783555 0.999759 0.999992 -0.99482
3.75636 1e-07 0.904468 37.6637 1e-07 5.43004 -0.604567 2.48143 585.877 1e-07 79.3359 -8.95738 49.1408 -2.7375 11.3615 12178.8 -455.664 1660.18 -177.928 364.922 -67.6274 2e-07 -14.151 0.230515 4e-07 -197.137 -0.749744 -85.0296 17.4072 6e-07 -3842.84 237.197 -1582.06 248.884 -782.845 237.352 0.0176671 -1.28332 0.183357 1.47392 0.940287 0.504258 0.406775 0.999867 0.999991 -0.994295
4.50065 1e-07 2.26098 21.2775 1e-07 12.2347 10.0017 11.4171 105.308 1e-07 101.976 90.9687 200.562 63.2327 84.3313 545.074 289.291 870.675 914.472 998.797 1131.84 2e-07 -8.62292 -0.0407884 4e-07 -16.1659 19.4081 -120.066 -145.155 6e-07 241.048 178.659 -515.14 -1371.3 -2407.14 -2245.11 0.00127618 2.10892 1.18467 0.236819 0.92741 1.47135 0.512125 0.999757 0.999994 -0.981886
8.20549 1e-07 3.61506 122.416 1e-07 31.7264 22.2274 23.8616 2507.79 1e-07 541.975 342.074 561.209 175.188 216.559 64439.9 20707.4 12755 9006.9 5087.67 3997.2 2e-07 -41.3152 -0.311603 4e-07 -779.574 41.4854 -565.763 -497.02 6e-07 -19129.9 -11114.2 -11524.4 -11947.8 -10217.1 -8016.09 0.000927392 2.51348 1.66561 1.37669 0.918729 0.519689 0.311755 0.999771 0.999994 -0.993788
6.47139 1e-07 4.45121 86.0818 1e-07 30.9588 24.0026 31.1669 1631.54 1e-07 463.125 326.548 552.674 194.474 285.143 39559.6 15238.3 9888.31 8594.14 4807.14 3744.46 2e-07 -27.8447 -0.478833 4e-07 -482.666 44.4759 -485.722 -486.348 6e-07 -11183.8 -7893.99 -8728.79 -11355.4 -9687.42 -7635.32 0.00665318 2.12019 1.94776 1.41862 0.827171 1.027 0.674067 0.999551 0.999995 -0.99793
2.35104 1e-07 4.79301 5.89632 1e-07 13.2442 -19.8908 38.9477 17.1379 1e-07 55.4013 -100.567 351.332 -189.778 423.1 82.1727 -22.8304 245.264 -537.313 1049.91 -1805.99 2e-07 0.67307 -0.547193 4e-07 28.6948 -41.4632 -44.6787 199.496 6e-07 235.217 -397.226 697.224 566.703 -2895.37 4641.63 0.0218655 -1.52891 1.99873 0.136829 0.945825 1.45461 0.689611 0.999579 1 -0.993851
6.31785 1e-07 0.016877 83.2045 1e-07 2.03994 0.0189843 0.00865069 1567.91 1e-07 75.3524 -1.41345 0.397255 0.041753 0.016485 37875.9 -256.226 2467.67 -49.2259 28.5889 0.554581 2e-07 -31.2623 0.408033 4e-07 -547.457 2.2292 -73.934 4.6584 6e-07 -12553.9 167.242 -2445.34 88.6385 -44.796 49.5542 0.0180056 2.09056 -0.0491101 1.42285 0.0869324 1.45361 0.627394 0.999771 0.999991 -0.982671
6.84444 1e-07 3.40615 98.2961 1e-07 25.3281 16.9381 20.0864 2025.69 1e-07 417.155 255.635 379.732 117.978 160.16 53612.5 16713.9 9851.72 7248.11 3677.57 2586.57 2e-07 -32.9271 -0.269822 4e-07 -630.02 31.6264 -436.419 -371.141 6e-07 -16023.7 -9048.77 -9055.5 -9553.15 -7244.15 -5132.56 0.000463982 2.14443 1.64767 1.49936 0.832366 1.45461 0.441075 0.999628 0.999995 -0.997781
8.37501 1e-07 3.45901 152.183 1e-07 38.1478 26.3457 25.8894 3868.92 1e-07 783.419 475.423 780.822 240.031 270.258 123399 40901.8 22108.3 14945.2 7945.03 6107.24 2e-07 -50.5709 -0.280394 4e-07 -1198.42 48.5073 -801.535 -674.707 6e-07 -36971.6 -22733.5 -20047.9 -19549 -15563 -12229.9 0.284101 2.95157 1.90525 1.49866 0.954844 1.3663 0.85485 0.999744 0.999998 -0.979715
11.0616 1e-07 3.62334 209.568 1e-07 42.2259 26.5508 24.1023 5347.33 1e-07 895.239 499.572 761.361 211.077 220.767 169281 49083.9 25741.6 15717.8 7990.29 5822.72 2e-07 -70.3087 -0.31326 4e-07 -1687.09 49.2073 -916.256 -703.387 6e-07 -51655.5 -27544.9 -23718.9 -20604.6 -15567.8 -11518 0.00387002 2.98632 1.66708 1.47594 0.92509 1.43569 0.795267 0.999793 0.999993 -0.99446
6.52195 1e-07 4.33583 91.9193 1e-07 31.0638 23.3489 30.2855 1867.6 1e-07 489.503 332.437 543.398 188.958 276.972 48796 18094.2 11119 9459.4 4995.21 3759.34 2e-07 -29.7619 -0.455757 4e-07 -559.008 43.1683 -510.464 -490.732 6e-07 -14058.9 -9586.83 -9945.11 -12424.2 -9931.25 -7634.74 0.0354286 2.12019 1.94776 1.4925 0.827232 1.027 0.68039 0.999551 0.999995 -0.99793
0.579385 1e-07 2.26365 0.473526 1e-07 3.28021 -3.46541 11.4674 1.24853 1e-07 7.81788 -17.7009 66.4291 -21.9209 84.924 14.6129 6.27615 14.9756 -33.184 120.604 -231.503 2e-07 1.54221 -0.0413216 4e-07 8.99255 -7.34849 -4.3697 39.1035 6e-07 33.457 -75.9381 167.666 50.0462 -431.425 719.908 0.00616073 -0.735157 1.1903 0.170498 0.92741 1.47309 0.352725 0.999757 0.999994 -0.997272
4.00717 1e-07 1.98122 25.8247 1e-07 11.1019 8.6106 9.76133 209.844 1e-07 107.605 85.701 169.241 54.0387 72.0849 2020.88 800.385 1256.1 1081.81 980.513 997.65 2e-07 -9.77337 0.0151642 4e-07 -55.4721 16.6494 -122.972 -133.298 6e-07 -278.085 -148.323 -971.29 -1561.16 -2236.48 -1963.86 0.211658 2.09222 1.21433 0.684624 0.928634 0.9394 0.810092 0.999755 0.999997 -0.978488
4.1366 1e-07 0.871775 44.1215 1e-07 5.64213 -0.654042 2.30543 720.069 1e-07 88.3366 -10.1233 49.3253 -2.846 10.1733 15590.7 -582.637 1952.06 -210.043 388.495 -75.0244 2e-07 -16.5013 0.237053 4e-07 -243.216 -0.734677 -93.9277 18.9939 6e-07 -4955.61 309.574 -1870.85 293.46 -820.463 249.473 0.0176671 -1.42169 0.185468 1.47825 0.922107 0.504258 0.392748 0.99998 0.999991 -0.994295
7.84052 1e-07 2.55344 133.338 1e-07 26.2615 15.9038 14.3443 3201.05 1e-07 523.228 285.291 403.054 109.179 113.701 97022.7 27599.1 14430.9 8801.92 4280.34 2894.86 2e-07 -45.2884 -0.0992801 4e-07 -1014.87 29.7809 -540.116 -402.399 6e-07 -29691.7 -15468.1 -13433.9 -11558 -8311.24 -5680.62 0.271624 2.78794 1.59945 1.48671 0.853132 1.44761 0.767373 0.99997 0.999999 -0.993556
10.8963 1e-07 4.09837 202.652 1e-07 47.259 31.4323 29.4846 5066.53 1e-07 974.561 574.787 917.891 268.362 287.703 156965 50482.6 27173.9 17691.4 9332.68 6986.88 2e-07 -67.5935 -0.408266 4e-07 -1580.84 57.8956 -998.827 -814.151 6e-07 -47283.4 -28101.9 -24798.9 -23209.9 -18305.6 -13942.8 0.00971721 2.97788 1.81001 1.4538 0.925298 1.49407 0.799356 0.999779 1 -0.964429
7.57453 1e-07 3.32932 127.246 1e-07 34.958 24.3851 23.8125 3013.37 1e-07 676.982 420.727 687.843 210.072 232.852 89767.9 32212.7 17957.3 12668.3 6787.25 5021.81 2e-07 -42.4189 -0.254455 4e-07 -926.383 44.8948 -697.661 -600.719 6e-07 -26558.8 -17727.7 -16255.2 -16630.8 -13391.9 -10092.6 0.348064 2.89207 1.99567 1.44299 0.872366 1.48175 0.824668 0.999822 0.999995 -0.978584
8.31046 1e-07 2.9467 146.707 1e-07 32.9554 21.4768 19.7051 3607.39 1e-07 671.867 389.719 606.818 176.512 186.117 111026 35000.5 18657.5 11894.8 6225.83 4627.65 2e-07 -49.3759 -0.177931 4e-07 -1130.06 39.7815 -690.284 -551.178 6e-07 -33555.9 -19515.4 -17103.8 -15616.1 -12186.6 -9196.3 0.301334 2.97332 1.75891 1.45484 0.926443 1.47435 0.784675 0.999765 0.999998 -0.94963
10.3087 1e-07 3.64882 188.609 1e-07 40.3421 26.6477 25.9474 4693.12 1e-07 827.408 480.304 768.401 229.534 258.307 145624 42650.4 23166 14595.8 7780.14 6115.02 2e-07 -63.2426 -0.318356 4e-07 -1475.52 49.4682 -847.741 -681.328 6e-07 -44243.1 -23756.9 -21170.5 -19154 -15259 -12164.9 0.0191063 2.87523 1.64962 1.48336 0.993181 1.47205 0.792719 0.999976 0.999998 -0.966287
11.1252 1e-07 0.716157 213.988 1e-07 9.98372 1.81476 0.514977 5559.94 1e-07 286.852 73.5895 23.4287 1.31335 0.375013 179550 26204 10394.4 3277.77 707.288 128.64 2e-07 -74.6055 0.268177 4e-07 -1852.02 6.20978 -288.147 -91.0046 6e-07 -57990.8 -15397.4 -10167.3 -4176.41 -1170.89 -154.253 0.00197946 2.983 0.84626 1.4996 0.0142847 0.329641 0.783555 0.999759 0.999992 -0.99482
10.7488 1e-07 0.920384 205.894 1e-07 12.0018 1.50917 2.5519 5332.43 1e-07 319.161 32.7354 104.096 6.77586 11.8196 171669 5708.68 11054.4 1031.03 1272.24 304.502 2e-07 -71.5967 0.227331 4e-07 -1769.62 5.04013 -321.151 -41.068 6e-07 -55237.5 -3273.39 -10604 -1334.4 -2414.2 -488.684 0.032885 2.97687 0.181664 1.49768 0.948353 0.528863 0.753479 0.999799 1 -0.981484
0.18519 1e-07 4.40123 0.042114 1e-07 2.81211 4.66773 30.3092 0.0111998 1e-07 2.39843 15.4536 84.8424 37.3005 272.614 0.00338605 0.0119235 1.30679 10.2946 84 288.225 2e-07 4.20341 -0.468838 4e-07 8.39086 8.84924 18.3139 -35.4748 6e-07 11.9799 61.3451 241.52 -26.007 -277.045 -471.078 3.37009e-05 0.41752 1.93097 0.104272 0.820188 0.0648433 0.934566 0.999758 0.999995 -0.994509
6.12461 1e-07 4.09804 79.135 1e-07 27.126 20.8426 28.2863 1469.69 1e-07 398.145 278.863 472.222 169.067 261.638 35085 12758.6 8401.49 7162 4070.08 3241.46 2e-07 -25.7671 -0.408199 4e-07 -438.665 38.7797 -417.675 -416.205 6e-07 -10004.5 -6586.8 -7422.77 -9475.28 -8203.37 -6597.04 5.52198e-05 2.02156 1.82321 1.42764 0.879866 1.47672 0.516764 0.999567 0.999992 -0.994363
11.1683 1e-07 0.0010302 215.142 1e-07 2.00097 0.00169627 0.000865946 5596.76 1e-07 133.747 1.20524 0.0142385 0.0043286 0.00225229 180927 719.427 6438.47 63.4134 24.3607 0.0635085 2e-07 -75.7099 0.411202 4e-07 -1888.17 4.19793 -126.375 1.54913 6e-07 -59206.2 -365.074 -6196.19 -42.4699 -36.6052 49.9101 0.00106587 2.98826 0.0218199 1.4994 6.54969e-07 1.47598 0.721337 0.999569 0.999997 -0.997511
8.55666 1e-07 3.0831 160.068 1e-07 35.105 22.5128 20.4212 4141.32 1e-07 738.569 419.892 639.953 181.095 188.483 133624 41186.4 21324 13445.8 6773.41 4842.18 2e-07 -53.494 -0.205212 4e-07 -1297.15 41.525 -756.359 -591.48 6e-07 -40535.6 -23114.1 -19613.4 -17596 -13169.3 -9600.82 0.265689 2.99784 1.77881 1.49598 0.900942 1.08713 0.784667 0.999756 0.999997 -0.977687
0.916344 1e-07 4.66356 0.88435 1e-07 6.24358 -11.8096 36.2778 0.892788 1e-07 14.9776 -44.032 174.45 -107.355 376.152 0.941107 -1.73408 30.3727 -114.12 359.03 -838.327 2e-07 3.48191 -0.521304 4e-07 17.5786 -24.4909 7.61005 100.078 6e-07 73.7131 -177.719 464.292 46.7437 -1029.55 2411.16 0.00749145 -0.953893 1.96216 0.10549 0.920511 0.542322 0.423387 0.99963 0.999995 -0.990943
8.14692 1e-07 2.55005 142.255 1e-07 27.3408 16.2729 14.062 3486.75 1e-07 558.247 299.108 414.096 110.014 109.064 107536 30803.4 15685.2 9368.33 4488.25 2968.2 2e-07 -48.2735 -0.0986021 4e-07 -1106.26 30.4294 -575.264 -420.352 6e-07 -32956.2 -17338.7 -14638.9 -12292.1 -8681.85 -5816.76 0.279173 2.87464 1.60706 1.48336 0.837317 1.47123 0.809748 0.999976 0.999998 -0.966287
11.0992 1e-07 0.724684 213.329 1e-07 10.0091 0.050472 1.57579 5534.46 1e-07 284.994 1.24689 70.8679 0.171805 5.71176 178314 446.859 10271.2 51.0702 926.776 5.31133 2e-07 -74.3731 0.266471 4e-07 -1843.64 2.66544 -284.961 2.46038 6e-07 -57603.6 -232.361 -9886.82 -36.2708 -1738.67 78.3169 0.0141013 3 -0.000146048 1.49257 0.851977 1.4528 0.801323 0.999767 1 -0.977177
1.74176 1e-07 4.84461 3.10933 1e-07 10.4388 -17.2016 38.4491 5.68386 1e-07 35.9614 -77.6747 278.525 -159.436 405.094 10.6308 -15.5031 120.793 -333.137 751.013 -1410.95 2e-07 2.17005 -0.557514 4e-07 26.502 -35.7744 -20.0721 161.595 6e-07 170.934 -307.31 642.28 311.173 -2105.1 3758.55 3.07083e-05 -1.31565 1.99945 0.104272 0.920307 0.00936916 0.439445 0.999698 0.999995 -0.999924
6.53505 1e-07 2.61455 109.658 1e-07 28.3829 19.5102 18.7582 2686.24 1e-07 570.135 347.964 567.928 174.681 193.009 83656.5 29042 15764.8 10783.4 5755.58 4357.95 2e-07 -36.8179 -0.111502 4e-07 -830.38 36.0324 -585.365 -493.648 6e-07 -24932.5 -16102.3 -14299.3 -14120.1 -11287.1 -8724.79 0.511886 2.97534 1.97057 1.4788 0.927776 1.49658 0.764232 0.999858 1 -0.968222
8.74072 1e-07 2.55902 160.213 1e-07 29.2358 17.1038 14.3829 4081.61 1e-07 622.577 327.311 455.434 117.583 114.03 130128 36111.1 18136.3 10520.3 5014.66 3327.6 2e-07 -54.2455 -0.100396 4e-07 -1296.99 31.9565 -638.775 -457.625 6e-07 -40007 -20416 -16922.3 -13782.2 -9673.55 -6509.68 0.269579 2.99716 1.59945 1.48671 0.853183 1.44761 0.767373 0.99997 0.999999 -0.993431
2.06805 1e-07 0.87586 12.9232 1e-07 3.75738 0.187056 2.3029 134.308 1e-07 35.4233 2.22028 35.3382 0.788765 10.0953 1950.16 56.4796 493.997 33.4363 179.553 14.7977 2e-07 -5.06915 0.236236 4e-07 -41.9435 0.47345 -40.9063 0.828293 6e-07 -542.238 -26.7746 -445.519 -46.0834 -435.55 66.1996 0.00986293 0.356592 0.139195 1.40044 0.926939 0.157086 0.77565 0.99987 0.999997 -0.967974
6.85545 1e-07 2.7722 111.424 1e-07 28.3373 19.1475 18.4901 2599.48 1e-07 543.493 328.889 520.723 155.834 172.679 76821.6 26063 14377.9 9863.35 5188.1 3791.25 2e-07 -37.5105 -0.143031 4e-07 -806.256 35.448 -561.41 -468.81 6e-07 -22928.5 -14385.1 -13107.1 -12957.7 -10212.2 -7574.01 0.414649 2.83954 1.88792 1.45174 0.87637 1.475 0.754911 0.999773 0.999995 -0.993433
8.01755 1e-07 2.51812 139.251 1e-07 27.3477 13.0369 8.37268 3413.02 1e-07 557.533 259.772 249.166 44.1022 28.4551 105588 34268.8 15653 9398.35 3401.53 1413.55 2e-07 -47.2748 -0.0922162 4e-07 -1081.11 23.9027 -579.361 -358.007 6e-07 -32301.6 -19576.4 -15090.7 -12237 -6288.09 -2611.1 0.277589 2.82892 1.83939 1.49936 0.057029 1.48507 0.507833 0.999771 1 -0.981484
0.523285 1e-07 0.668777 0.81274 1e-07 2.28967 0.0491761 1.34179 2.08536 1e-07 6.63351 0.502668 24.1947 0.164357 4.48676 7.43568 0.329475 25.0408 2.3561 48.1503 3.1185 2e-07 -0.0983294 0.277653 4e-07 5.43066 -0.144299 -11.5121 3.31422 6e-07 28.8515 0.820654 29.9962 -6.96539 -188.592 79.0838 4.79959e-07 -0.257115 -0.0361775 0.676148 0.816988 1.07288 0.443636 0.999771 1 -0.96933
4.85204 1e-07 2.33381 61.1125 1e-07 16.0611 -9.7683 14.2788 1171.28 1e-07 248.028 -142.214 249.789 -81.1961 129.217 29509.1 -8097.96 5570.01 -3863.93 2250.54 -1709.89 2e-07 -20.852 -0.0553536 4e-07 -364.313 -20.7526 -254.199 212.779 6e-07 -8783.86 4265.46 -4965.06 4997.47 -4495.13 3730.58 0.389223 -2.07467 1.58411 1.48896 0.958166 1.49421 0.785854 0.999892 1 -0.975528
4.97111 1e-07 2.30162 64.2096 1e-07 17.36 12.3447 15.471 1257.64 1e-07 277.201 177.83 292.419 103.056 152.116 32270.6 10314.1 6349.83 4686.87 2648.41 2163.27 2e-07 -21.9324 -0.0489162 4e-07 -389.422 23.2626 -289.794 -260.281 6e-07 -9552.81 -5506.19 -5722.55 -6188.66 -5283.34 -4354.45 0.407918 2.16896 1.63558 1.48336 0.993181 1.47123 0.572514 0.999869 0.999998 -0.966287
6.31444 1e-07 2.54841 104.113 1e-07 25.4256 17.4679 17.3007 2454.17 1e-07 483.948 294.375 481.835 149.555 172.391 72791.6 22770.5 12844.7 8544.32 4695.78 3745.09 2e-07 -35 -0.0982738 4e-07 -764.089 32.4486 -499.77 -420.751 6e-07 -21871.9 -12538.7 -11654.9 -11242.6 -9283.36 -7470.48 0.421747 2.82006 1.72984 1.45092 0.982681 1.08713 0.784667 0.999756 0.999991 -0.977659
7.54858 1e-07 2.3445 125.045 1e-07 23.2966 13.7785 12.4228 2940.05 1e-07 457.523 244.518 336.857 89.9404 94.0443 87546.7 23689.8 12488.6 7425.45 3585.86 2402.92 2e-07 -42.7175 -0.057492 4e-07 -937.171 26.0033 -473.372 -344.718 6e-07 -26916.5 -13275.9 -11675.1 -9763.32 -6957.32 -4689.17 0.271624 2.7151 1.50711 1.48671 0.853132 1.44761 0.767373 0.99997 0.999999 -0.993556
4.29719 1e-07 3.41305 48.9453 1e-07 19.311 15.2055 24.1128 861.981 1e-07 261.861 189.802 319.315 127.954 231.907 20190.7 8013.11 5287.42 5043.19 2796.07 2226.11 2e-07 -15.5677 -0.271201 4e-07 -249.607 28.3168 -274.057 -286.804 6e-07 -5609.89 -4080.89 -4643.25 -6622.29 -5560.2 -4561.48 0.307852 1.72494 1.96848 1.49978 0.867626 1.48719 0.825903 0.999772 0.999995 -0.96622
6.41685 1e-07 2.19725 105.156 1e-07 22.5352 14.6937 13.9208 2521.19 1e-07 445.867 257.08 399.527 121.045 133.758 77049 22742.4 12261.8 7653.7 4074.49 3183.74 2e-07 -35.7665 -0.0280416 4e-07 -793.908 27.5203 -459.373 -364.416 6e-07 -23406.6 -12663 -11251.7 -10055.6 -7975.68 -6302.47 0.487277 2.87364 1.63558 1.48336 0.993576 1.47123 0.809748 0.999992 0.999998 -0.946115
8.14111 1e-07 3.21111 142.92 1e-07 34.9934 23.5547 23.1143 3532.92 1e-07 704.809 421.232 671.056 202.054 227.285 110093 36292.2 19520.2 13205.3 6841.15 5060.28 2e-07 -47.8059 -0.230815 4e-07 -1097.82 43.4601 -723.26 -598.016 6e-07 -33036.7 -20172.6 -17795.8 -17284.8 -13393.8 -10120.1 0.277589 2.85904 1.87541 1.49936 0.910342 1.48483 0.507833 0.999771 1 -0.981484
8.81115 1e-07 3.83686 158.952 1e-07 43.1545 31.0608 31.4012 3971.63 1e-07 876.783 554.304 960.34 306.986 355.52 124083 43408.9 24259.2 16986.9 9467.99 7656.92 2e-07 -52.66 -0.355963 4e-07 -1220.98 57.1157 -896.485 -789.497 6e-07 -36812.6 -23938.1 -21748.9 -22238.7 -18673.9 -15421.3 0.2511 2.97622 1.98428 1.46963 0.990237 1.49339 0.782699 0.999764 0.999995 -0.968065
4.49267 1e-07 4.57684 50.5369 1e-07 22.6877 -18.4926 36.1119 864.315 1e-07 286.887 -217.957 404.593 -172.055 383.468 19551.9 -7607.03 5498.85 -5615.07 3342.38 -2812.33 2e-07 -15.0769 -0.503961 4e-07 -241.768 -39.6745 -284.602 335.372 6e-07 -5295.45 3655.8 -4530.46 7173.45 -6643.12 6343.25 0.0207036 -1.51602 1.93915 1.49754 0.948127 1.48668 0.823663 0.9998 0.999994 -0.991775
8.25148 1e-07 0.812851 148.532 1e-07 8.91764 0.72486 1.99187 3740.79 1e-07 222.986 7.14281 67.2931 2.65867 8.17218 118064 600.028 7539.22 122.28 834.021 34.1106 2e-07 -51.9983 0.248838 4e-07 -1244.01 3.06092 -225.666 -7.26109 6e-07 -38045 -314.936 -7254.52 -150.14 -1577.67 16.6161 0.322213 3 -0.000146048 1.47604 0.923061 1.44707 0.854641 0.999775 1 -0.977177
5.7582 1e-07 0.711106 78.8973 1e-07 6.21362 -0.0289822 1.54217 1591.8 1e-07 125.48 -4.57107 42.7606 -0.567885 5.65022 41536.4 -618.356 3459.86 -162.524 451.495 -52.3201 2e-07 -28.7163 0.269187 4e-07 -537.796 1.06828 -130.022 9.73968 6e-07 -13425.3 360.093 -3360.66 227.686 -885.23 185.71 0.287177 2.24492 -0.15344 1.47227 0.864054 1.47019 0.751392 0.999572 0.999996 -0.950584
8.74281 1e-07 2.54142 161.482 1e-07 29.171 16.8573 13.9783 4155.43 1e-07 625.888 325.399 443.313 113.163 107.866 133975 37286 18393.3 10614 4959.33 3205.1 2e-07 -54.6461 -0.0968766 4e-07 -1320.6 31.4774 -641.891 -454.226 6e-07 -41218.6 -21128.7 -17199.4 -13891.1 -9534.92 -6262.25 0.272647 2.9964 1.60632 1.49994 0.832488 1.45338 0.767457 0.999972 0.999997 -0.982122
9.79746 1e-07 0.847239 167.138 1e-07 10.3519 2.55859 2.10851 3855.61 1e-07 257.17 55.8727 79.7617 9.52167 8.60116 110580 8731.32 8143.01 1691.63 968.961 407.333 2e-07 -59.0917 0.24196 4e-07 -1292.77 7.07757 -261.168 -73.0336 6e-07 -35743.8 -4997.98 -7877.7 -2211.37 -1837.88 -694.352 0.0102357 2.80848 0.399347 1.41399 0.831914 1.07151 0.655345 0.999765 0.999998 -0.949471
7.0869 1e-07 4.41143 103.639 1e-07 33.4735 25.8755 33.7878 2163.87 1e-07 545.8 373.363 642.758 235.002 350.265 57869.2 20644 12723 10386.1 5798.82 4736.23 2e-07 -33.7673 -0.470877 4e-07 -652.38 47.9719 -565.615 -551.163 6e-07 -16795.6 -10959.5 -11271.8 -13640 -11572.8 -9688.35 1.67591e-05 2.20216 1.87265 1.49582 0.951145 0.941192 0.573624 0.999772 1 -0.966242
8.71788 1e-07 2.24056 141.726 1e-07 21.7099 11.9399 10.8798 3187.75 1e-07 424.924 211.16 284.981 72.0217 76.5313 90295.7 20274.6 11436.1 6064.56 2990 2029.64 2e-07 -48.9953 -0.0367042 4e-07 -1032.92 23.1244 -440.264 -296.973 6e-07 -28151.8 -11346.8 -10775.6 -8012.32 -5820.27 -3913.43 0.00565289 2.57232 1.2079 1.4628 0.889689 1.37932 0.692042 0.999717 0.999997 -0.97367
4.10576 1e-07 1.38717 34.2596 1e-07 9.63117 5.81369 4.48744 348.163 1e-07 113.914 73.386 99.8866 23.9067 21.1456 4079.95 1402.41 1684.34 1199.53 801.182 555.145 2e-07 -12.9965 0.133974 4e-07 -109.815 11.3903 -128.673 -106.689 6e-07 -1002.58 -556.588 -1580.01 -1689.03 -1668.1 -1015.27 0.407773 2.50516 1.1917 0.684624 0.685777 0.522822 0.810092 0.999698 0.999993 -0.996397
1.31788 1e-07 2.54841 8.78083 1e-07 7.1567 3.11818 17.3007 98.3526 1e-07 50.4351 24.6325 86.1551 23.2471 172.391 1538.94 410.897 650.386 465.425 646.218 289.686 2e-07 -1.40372 -0.0982738 4e-07 -16.8165 5.3472 -50.4965 -39.6613 6e-07 -307.859 -154.483 -485.577 -623.388 -1226.51 -492.91 0.421747 0.384288 1.72984 1.45092 0.982681 0.189609 0.784667 0.999756 0.999991 -0.977817
8.11971 1e-07 3.37178 119.888 1e-07 29.5257 19.0929 18.6782 2428.79 1e-07 503.954 302.066 441.735 123.607 137.345 61688.8 20021.8 11829.4 8188.84 4253.69 2885.13 2e-07 -40.7144 -0.262948 4e-07 -759.949 35.6213 -529.185 -434.999 6e-07 -18415.7 -10856.3 -10923.7 -10867.1 -8435.13 -5700.29 0.00408581 2.50683 1.67165 1.36665 0.768403 0.519689 0.426479 0.999979 0.999998 -0.992884
2.38742 1e-07 3.7186 10.0387 1e-07 10.8802 -12.577 24.9919 57.3953 1e-07 65.982 -84.6183 218.532 -100.69 230.25 409.375 -253.611 514.543 -739.5 914.113 -1190.92 2e-07 -1.68042 -0.332311 4e-07 5.38345 -26.3478 -63.2596 154.032 6e-07 149.702 -195.373 19.9474 971.1 -2234.98 2981.21 0.000314675 -1.37091 1.69501 0.713026 0.920133 1.08733 0.43021 0.999397 0.999993 -0.999918
2.27557 1e-07 2.73596 15.4862 1e-07 8.18745 2.68908 15.8058 175.156 1e-07 69.1142 27.279 92.8028 19.4965 131.053 2766.51 627.199 933.667 538.166 703.645 281.728 2e-07 -4.18546 -0.135783 4e-07 -43.4707 4.67685 -71.7661 -40.0599 6e-07 -659.538 -274.655 -777.419 -726.006 -1387.11 -432.063 0.0207594 0.397917 1.37185 1.45579 0.948127 1.4752 0.784638 0.999725 0.999946 -0.949992
5.87712 1e-07 0.869561 77.3027 1e-07 7.07493 0.023391 2.26841 1488.59 1e-07 136.49 0.565649 60.5367 0.101696 9.8626 37196.5 91.5844 3572.23 18.0808 559.925 3.17137 2e-07 -28.1984 0.237496 4e-07 -502.654 1.04969 -141.804 3.46676 6e-07 -11965.1 -48.1831 -3443.04 -12.8753 -1132.66 90.8927 1.1011e-06 -1.90463 -0.000146048 1.49984 0.932503 1.4652 0.665611 0.999711 1 -0.982336
10.0398 1e-07 4.84374 178.218 1e-07 50.7571 37.6682 40.6026 4305.9 1e-07 986.375 640.657 1131.93 372.973 460.015 129849 45496.4 26267.5 19129.3 10788.8 8876.02 2e-07 -58.6613 -0.55734 4e-07 -1317.72 69.3154 -1010.71 -920.746 6e-07 -38328.7 -24859.2 -23396.2 -25069.2 -21414.3 -17972.2 0.00219936 2.81092 1.96739 1.4683 0.991109 1.47106 0.824633 0.999756 0.999995 -0.993616
9.93503 1e-07 4.51834 175.021 1e-07 47.6295 33.2986 33.2967 4190.87 1e-07 925.383 574.784 941.157 285.86 323.86 125089 43942.8 24569.1 17428.2 9256.54 6833.32 2e-07 -57.923 -0.492259 4e-07 -1289.39 61.1587 -952.426 -822.101 6e-07 -37090.7 -24179.6 -22237.3 -22870.3 -18272.7 -13750.6 0.0221937 2.8285 1.96216 1.45268 0.870011 1.48151 0.782699 0.999764 0.999995 -0.993643
4.77962 1e-07 2.76993 58.8578 1e-07 19.0724 14.0118 17.4783 1098.11 1e-07 286.186 192.641 306.477 106.307 152.375 26855 9968.9 6197.86 5144.69 2777.6 2088.66 2e-07 -19.667 -0.142578 4e-07 -331.074 26.1754 -301.51 -284.37 6e-07 -7723.68 -5243.8 -5574.99 -6792.75 -5541.92 -4206.35 0.406151 2.10641 1.88792 1.45268 0.825313 1.48158 0.782699 0.999556 0.999995 -0.993643
4.29471 1e-07 4.53783 45.2662 1e-07 21.6134 -18.307 35.6369 720.157 1e-07 258.55 -205.046 392.915 -169.66 377.056 15098.1 -6077.32 4651.02 -4858.97 3055.1 -2678.67 2e-07 -13.3367 -0.496158 4e-07 -196.473 -39.1698 -256.406 319.23 6e-07 -3956.85 2793.12 -3721.31 6220.7 -6160.65 6087.46 0.0207594 -1.51602 1.92906 1.42853 0.948613 1.48472 0.780231 0.9998 0.999994 -0.99347
9.60008 1e-07 3.69795 156.978 1e-07 37.6514 25.4132 24.7475 3451.93 1e-07 698.454 423.85 686.114 202.893 227.089 94105.8 29954.5 17527.9 11693.5 6483.31 5000.17 2e-07 -52.9955 -0.328183 4e-07 -1079.6 47.2456 -724.439 -608.044 6e-07 -28191.4 -16352.4 -15939.3 -15474.5 -12925.3 -9984.78 0.000927392 2.78216 1.69031 1.36665 0.918729 0.949077 0.426479 0.999983 0.999999 -0.983469
2.11647 1e-07 0.849145 13.538 1e-07 3.71939 0.411648 2.11449 143.966 1e-07 35.8544 5.43499 30.4664 1.54653 8.62483 2138.38 157.598 511.479 88.4701 175.717 32.281 2e-07 -5.32873 0.241579 4e-07 -45.5695 0.950153 -41.4361 -3.91831 6e-07 -606.208 -74.4201 -478.126 -121.467 -406.362 28.7004 0.0102357 0.372706 0.399347 1.41399 0.831914 0.0920664 0.784675 0.999765 0.999998 -0.94963
10.9161 1e-07 4.65017 208.993 1e-07 53.8943 37.1262 35.9977 5417.07 1e-07 1128.63 684.11 1116.21 337.13 370.577 174623 60059.3 32149.1 21957.3 11475.9 8517.62 2e-07 -68.9639 -0.518626 4e-07 -1672.43 67.9645 -1152.59 -969.357 6e-07 -52160.9 -33438.9 -29176.7 -28691.6 -22440.2 -17095.4 0.0232262 2.97969 1.97858 1.49881 0.909531 1.45956 0.887147 0.999857 1 -0.965875
2.31059 1e-07 4.31844 15.9443 1e-07 11.9788 5.24602 32.8395 182.646 1e-07 96.5394 48.9022 159.95 47.7707 338.523 2918.83 923.97 1265.57 1072.94 1255.75 620.79 2e-07 -2.77544 -0.45228 4e-07 -34.8017 9.04688 -91.5561 -79.1427 6e-07 -575.599 -371.522 -963.454 -1415.07 -2347.16 -1160.17 0.0210618 0.440314 1.86998 1.45599 0.948115 1.47022 0.851954 0.999806 0.999997 -0.967594
10.7392 1e-07 3.8513 199.063 1e-07 44.3394 28.7927 26.462 4968.54 1e-07 916.773 529.559 824.266 235.289 247.358 153757 48169.3 25642.8 16347.5 8475.48 6204.15 2e-07 -66.6068 -0.358851 4e-07 -1556.61 53.1357 -940.29 -748.72 6e-07 -46511.7 -26884.8 -23514.9 -21452.7 -16586.4 -12341 0.0244369 2.97332 1.76236 1.45401 0.909072 1.45953 0.78483 0.999765 0.999998 -0.965696
4.1916 1e-07 0.71 45.1516 1e-07 4.98045 0.403986 1.52422 743.055 1e-07 81.3872 3.34195 34.1649 1.15019 5.49202 16168.7 242.217 1842.98 42.3009 305.965 7.18855 2e-07 -17.0271 0.269408 4e-07 -253.127 1.53634 -86.7868 -1.48338 6e-07 -5186.74 -129.664 -1801.35 -50.6257 -623.193 68.2204 0.287177 1.72007 -0.058673 1.43039 0.864054 1.47425 0.781429 0.99957 1 -0.950584
4.66877 1e-07 4.78326 22.4843 1e-07 24.6139 28.3234 38.8176 111.281 1e-07 164.551 211.29 627.248 269.781 421.239 581.298 503.403 1202.9 1865.97 2528.96 3456.3 2e-07 -6.63081 -0.545243 4e-07 17.9734 53.6447 -191.617 -367.561 6e-07 537.084 519.459 242.094 -2720.9 -6526.8 -7587.97 0.0218655 2.16959 1.99624 0.136829 0.945825 1.45461 0.689611 0.999627 1 -0.993851
10.8492 1e-07 0.0754662 197.738 1e-07 2.8114 0.063894 0.00604102 4816.12 1e-07 144.783 15.5462 1.06474 0.00684104 0.000779601 144903 7096.22 6281.47 754.876 83.6353 3.7819 2e-07 -70.095 0.396315 4e-07 -1634.14 4.02896 -138.752 -15.7272 6e-07 -47563.2 -4143.15 -6089.14 -928.961 -130.516 46.5843 0.00583824 2.983 0.273778 1.41929 0.00377552 0.213364 0.400196 0.999664 0.999944 -0.997894
10.0763 1e-07 4.30671 179.397 1e-07 46.2466 32.2434 32.3619 4335.39 1e-07 911.215 562.018 931.475 285.769 327.669 130496 43829.6 24493.8 16926.2 9143.56 7027.08 2e-07 -59.5887 -0.449934 4e-07 -1341.27 59.383 -936.145 -802.709 6e-07 -38928.1 -24158.1 -22152.2 -22216.2 -18055.3 -14116.4 0.0221937 2.85332 1.88045 1.45528 0.929925 1.41979 0.39835 0.999764 0.999995 -0.988912
9.90271 1e-07 0.00509218 175.425 1e-07 2.00137 0.0138025 0.00719245 4242.36 1e-07 118.178 0.642641 0.0862296 0.0359585 0.0187887 128241 304.607 5229.8 28.8126 24.8447 0.503719 2e-07 -62.5252 0.41039 4e-07 -1442.13 3.70139 -112.362 2.18331 6e-07 -42123.8 -131.658 -5061.29 -2.45989 -37.6406 49.1398 0.00878048 2.79154 0.00908626 1.47621 0.0206444 1.44784 0.72285 0.999574 0.999999 -0.993556
6.80674 1e-07 3.00165 93.504 1e-07 22.6835 -14.188 14.972 1816.82 1e-07 365.948 -216.692 298.306 -82.7133 99.2042 44975.5 -13941.5 8325.02 -5888.11 2928.63 -1895.31 2e-07 -31.8563 -0.188922 4e-07 -570.5 -30.1125 -378.176 321.203 6e-07 -13479.7 7463.43 -7630.44 7724.16 -5802.28 4125.79 0.0153758 -2.21276 1.5854 1.41599 0.729947 0.864793 0.375438 0.999753 0.999998 -0.997769
10.8363 1e-07 4.58346 206.773 1e-07 52.8285 36.4661 35.6501 5344.04 1e-07 1103.72 670.257 1102.74 333.023 370.519 171783 58276.9 31393.7 21428.3 11270.9 8459.38 2e-07 -68.2847 -0.505284 4e-07 -1651.5 66.8246 -1127.12 -950.119 6e-07 -51360.2 -32420.8 -28458.3 -28007.1 -22066.1 -16971.1 0.0302678 2.97788 1.96358 1.49619 0.922481 1.47765 0.798542 0.999854 1 -0.989697
5.43382 1e-07 0.805531 68.7758 1e-07 6.58583 1.12164 1.98802 1274.91 1e-07 123.098 15.8359 51.5492 4.2121 8.31546 30506 1274.26 3118.69 337.707 503.025 108.212 2e-07 -25.261 0.250302 4e-07 -431.492 3.16163 -128.894 -19.2965 6e-07 -9811.24 -697.537 -3026.22 -448.229 -1001.46 -126.527 0.279496 2.17372 0.141307 1.40479 0.926939 1.47434 0.784642 0.999983 0.999997 -0.967846
3.7025 1e-07 3.49234 38.1379 1e-07 17.1733 -13.3548 28.6976 621.865 1e-07 211.998 -153.75 310.758 -137.361 327.944 13670.3 -4884.27 3972.61 -3984.9 2507.17 -2160.42 2e-07 -11.6515 -0.287061 4e-07 -173.178 -28.621 -209.614 238.061 6e-07 -3662.98 2288.85 -3232.94 5051.35 -4972.86 4900.41 0.329577 -1.49513 1.99873 1.49902 0.992551 1.45461 0.682627 0.999579 1 -0.977738
0.531912 1e-07 3.76802 0.848107 1e-07 3.99125 1.47135 26.0983 2.25348 1e-07 9.53568 6.95429 81.3244 12.2825 249.119 8.39317 3.83391 33.7538 35.8034 189.21 106.76 2e-07 2.98168 -0.342196 4e-07 10.4496 2.36329 5.10107 -12.3687 6e-07 42.907 23.9586 182.901 -67.2981 -441.406 -34.7177 0.000317668 0.15264 1.69501 0.713026 0.946513 1.08733 0.917117 0.999006 0.999993 -0.99329
8.13167 1e-07 1.88421 127.655 1e-07 17.6053 9.13855 8.56056 2799.51 1e-07 342.581 159.78 217.213 53.1328 58.1951 77699.8 15174.9 9179.97 4434.68 2255.14 1534.08 2e-07 -44.5439 0.0345658 4e-07 -914.691 18.1015 -355.32 -224.063 6e-07 -24396.5 -8481.84 -8686.01 -5873.5 -4399.55 -2927.44 0.0193093 2.4686 1.03369 1.46823 0.920315 1.46227 0.543186 0.999771 0.999999 -0.968268
9.5026 1e-07 3.501 163.95 1e-07 35.4077 22.638 21.8699 3879.32 1e-07 690.508 395.027 590.976 168.056 186.441 115053 34211.1 18555.7 11940.7 6028.12 4272.9 2e-07 -55.1865 -0.288791 4e-07 -1221.52 42.1039 -712.602 -561.691 6e-07 -34942.6 -19017.2 -17117.2 -15693.4 -11801.5 -8468.91 0.00387002 2.71309 1.65639 1.47569 0.876639 0.503247 0.795267 0.99977 0.999993 -0.99446
10.0018 1e-07 4.71629 176.497 1e-07 50.0816 36.1862 37.1881 4228.32 1e-07 971.665 619.639 1054.26 334.963 390.638 126196 45262.9 25711 18528.8 10186.7 7925.42 2e-07 -58.2345 -0.531849 4e-07 -1294.75 66.4709 -998.411 -888.545 6e-07 -37228.9 -24800.9 -23078 -24311.3 -20179.3 -16018.2 0.0184298 2.83641 1.98517 1.45039 0.923237 1.47251 0.784601 0.999993 0.999998 -0.966305
2.77898 1e-07 3.6566 22.8615 1e-07 12.1603 -6.8281 26.0358 307.332 1e-07 115.952 -71.1156 167.91 -58.3658 259.448 5691.08 -1834.58 1782.73 -1632.78 1326.58 -843.639 2e-07 -5.98084 -0.319911 4e-07 -78.5802 -14.945 -112.754 114.263 6e-07 -1434.89 802.501 -1427.25 2098.26 -2568.88 2088.29 0.0191063 -0.764639 1.65202 1.49764 0.993181 0.532204 0.792719 0.999976 0.999995 -0.966287
8.19358 1e-07 0.842481 128.835 1e-07 8.86745 -0.102031 2.13772 2827.05 1e-07 204.252 -1.55098 72.9236 -0.45425 9.05277 78485.2 -30.5312 6135.5 -28.9423 782.673 -17.6839 2e-07 -46.0016 0.242912 4e-07 -950.349 1.39336 -208.261 6.49383 6e-07 -25351.4 24.2683 -5915.47 57.3263 -1529.77 130.229 0.00912021 2.4686 -0.0240315 1.46824 0.920315 1.44775 0.539303 0.999552 0.999999 -0.968268
8.33499 1e-07 2.21759 87.0112 1e-07 20.9888 11.8301 8.4573 1061.21 1e-07 298.211 179.745 245.11 53.3315 43.3847 14690.4 5367.13 5010.34 3456.67 2136.18 1374.62 2e-07 -32.2208 -0.03211 4e-07 -342.408 22.8915 -326.448 -257.923 6e-07 -3977.27 -2525.14 -4722.53 -4781.55 -4364.43 -2618.35 0.0302638 2.84189 1.3547 0.699297 0.657239 0.976338 0.793063 0.999702 0.999997 -0.974412
8.11952 1e-07 0.650624 119.879 1e-07 7.29373 1.14883 1.26514 2428.45 1e-07 175.266 24.9158 48.0251 3.50553 4.08102 61675.9 3024.29 5164.63 691.561 556.332 151.234 2e-07 -43.4326 0.281283 4e-07 -826.534 4.17934 -178.7 -30.3942 6e-07 -20054.9 -1700.64 -5037.37 -899.373 -1067.57 -208.618 0.00408581 2.50683 0.249344 1.36658 0.768403 0.519689 0.406353 0.999866 0.999998 -0.994297
10.8749 1e-07 4.71335 202.398 1e-07 54.2541 38.0843 37.1499 5062.21 1e-07 1106.61 686.404 1152.44 352.368 390.109 156827 55210.4 30502.1 21121.7 11466.5 8769.71 2e-07 -66.881 -0.531261 4e-07 -1558.3 69.7917 -1132.99 -976.247 6e-07 -46577.4 -30518.7 -27520.3 -27681.3 -22591.3 -17642.4 0.0184298 2.98883 1.98442 1.45094 0.923237 1.47251 0.784662 0.999993 0.999998 -0.966305
11.1604 1e-07 0.00537594 215.685 1e-07 1.97939 0.0153902 0.00803374 5629.58 1e-07 131.676 1.14707 0.0814337 0.0401683 0.0209933 182562 852.93 6357.17 63.4446 24.3573 0.563151 2e-07 -75.8604 0.410333 4e-07 -1898.62 4.22639 -124.443 1.57201 6e-07 -59739.8 -444.77 -6116.58 -42.3067 -36.8788 49.0242 0.00980392 3 0.0159557 1.5 6.54969e-07 1.45361 0.722934 0.999576 0.999997 -0.982122
7.28383 1e-07 3.27449 119.192 1e-07 33.1793 23.6934 24.0963 2766.78 1e-07 628.9 398.549 668.359 212.039 246.427 81074.8 28836.7 16399.9 11738.2 6450.37 4996.81 2e-07 -39.7669 -0.243489 4e-07 -849.687 43.7476 -648.56 -571.588 6e-07 -23944.7 -15784.6 -14761.1 -15419.5 -12779.5 -10068.3 0.35419 2.82395 1.96216 1.44421 0.920511 1.49036 0.824633 0.999755 0.999995 -0.97843
3.44675 1e-07 0.546247 31.6509 1e-07 3.87685 -0.195787 0.895034 452.897 1e-07 58.5232 -3.67885 24.9434 -0.529867 2.44383 8683.91 -193.032 1193.97 -73.5414 187.338 -17.3905 2e-07 -12.3958 0.302159 4e-07 -155.889 0.25108 -63.3477 9.18814 6e-07 -2765.45 102.421 -1174.21 111.838 -403.82 113.12 0.00289338 -1.19344 0.104742 1.42472 0.731856 0.953408 0.655502 0.999764 0.999999 -0.997157
4.90138 1e-07 3.01716 61.2573 1e-07 20.4081 15.9377 21.3338 1135.26 1e-07 299.069 210.372 370.796 138.479 215.924 27201.9 9450.9 6336.4 5167.31 3113.11 2676.45 2e-07 -20.2614 -0.192023 4e-07 -340.611 29.8102 -313.834 -314.283 6e-07 -7800.49 -4863.67 -5550.7 -6848.53 -6311.39 -5460.62 0.283695 2.08841 1.72984 1.41882 0.987874 1.08713 0.784667 0.999756 0.999991 -0.977687
7.06416 1e-07 3.61332 103.268 1e-07 27.769 19.8492 24.528 2155.96 1e-07 461.799 294.46 477.115 162.285 230.918 57656.9 18143.7 10959.1 8091.19 4423.09 3477.79 2e-07 -34.4311 -0.311256 4e-07 -666.749 37.0509 -480.353 -430.641 6e-07 -17144 -9758.25 -9905.56 -10663.8 -8788.77 -7008.33 0.00368988 2.20216 1.64914 1.49582 0.951145 0.946598 0.799868 0.999772 1 -0.966242
11.25 1e-07 0.136065 217.687 1e-07 3.53376 0.154061 0.0185137 5683.92 1e-07 163.462 22.2127 2.15618 0.0212789 0.00251906 184349 11999.8 7231.14 1125.34 138.505 9.43213 2e-07 -76.4202 0.384195 4e-07 -1912.26 4.22971 -157.745 -23.9431 6e-07 -60171.2 -7054.16 -6998.6 -1397.61 -217.912 39.1302 1.04083e-17 3 0.36887 1.5 1.29976e-06 1.45361 0.627394 0.999771 0.999997 -0.982671
3.63048 1e-07 4.84607 35.1045 1e-07 19.7373 -16.6522 40.6545 527.997 1e-07 215.24 -175.277 356.148 -164.936 460.117 10627 -4467.78 3634.27 -4143.18 2739.61 -2406.5 2e-07 -9.31576 -0.557806 4e-07 -134.292 -35.7582 -207.278 275.641 6e-07 -2639.9 1950.96 -2795.53 5260.2 -5416.07 5564.21 0.0130718 -1.2466 1.98285 1.45418 0.985141 0.864793 0.779693 0.999756 0.999998 -0.997265
5.33561 1e-07 1.38438 50.2555 1e-07 11.6309 6.36377 4.39497 575.883 1e-07 158.205 92.2215 116.444 25.5598 20.1396 7561.18 2564.95 2591.73 1711.07 1038.01 658.31 2e-07 -19.0279 0.134532 4e-07 -188.128 12.5965 -174.791 -131.462 6e-07 -2053.21 -1181.05 -2485.51 -2372.91 -2105.7 -1210.98 0.407811 2.78054 1.21432 0.681671 0.662692 1.08713 0.784667 0.999756 0.99999 -0.983423
0.526949 1e-07 0.00110127 0.824286 1e-07 1.99978 0.000102605 2.07955e-05 2.13107 1e-07 6.32181 0.0981016 0.0281752 8.88193e-05 1.7485e-05 7.66478 0.0874557 24.7215 0.478864 24.0235 0.00285421 2e-07 -0.773134 0.411188 4e-07 4.53574 -0.18296 -11.689 2.88458 6e-07 27.1785 -0.58531 -41.1596 5.53907 -36.1757 50.044 0.000152786 -0.258416 -0.0211755 0.678288 0.0249593 1.07288 0.443636 0.999708 0.999995 -0.999884
7.97905 1e-07 2.55344 137.355 1e-07 26.7172 16.0911 14.3443 3329.5 1e-07 538.11 291.673 411.082 110.487 113.701 101749 28827 14974.1 9058.02 4390.78 2960.51 2e-07 -46.632 -0.0992801 4e-07 -1056.05 30.1213 -554.934 -410.806 6e-07 -31163.8 -16180.6 -13945.3 -11889.9 -8516.92 -5806.63 0.271624 2.82184 1.59945 1.48671 0.853132 1.44761 0.767373 0.99997 0.999999 -0.993556
8.63336 1e-07 3.38838 154.769 1e-07 38.0562 26.0029 24.8803 3843.65 1e-07 776.224 469.031 769.791 233.018 255.472 119231 39509.5 21545.4 14339.6 7744.23 5983.57 2e-07 -51.6758 -0.266268 4e-07 -1193.7 47.9463 -795.69 -665.436 6e-07 -35731.9 -21921.2 -19550.9 -18805.7 -15219.4 -11965.8 0.276541 2.99792 1.86998 1.45599 0.953584 1.46999 0.851954 0.999806 0.999997 -0.967474
10.8425 1e-07 4.64081 207.187 1e-07 53.7385 37.2589 36.3885 5363.89 1e-07 1123.86 684.897 1126.87 343.391 380.674 172742 59469.6 31971.7 21903.6 11536.3 8668.83 2e-07 -68.3579 -0.516754 4e-07 -1655.14 68.2307 -1147.48 -971.012 6e-07 -51567.3 -33081.7 -28970.9 -28622.7 -22576.5 -17409.2 0.0302678 2.97788 1.97858 1.49833 0.922481 1.47765 0.798542 0.999854 1 -0.964255
7.67227 1e-07 3.3455 131.978 1e-07 34.6163 23.743 23.3717 3226.46 1e-07 682.904 414.633 655.49 200.126 223.354 99769.3 34545.5 18644.1 12983.8 6679.43 4829.43 2e-07 -43.9201 -0.257692 4e-07 -996.068 43.7191 -702.213 -590.622 6e-07 -29742.7 -19151.1 -16986.3 -16992.5 -13075.6 -9682.96 0.321118 2.83078 1.95452 1.49993 0.869615 1.48151 0.862121 0.999756 0.999995 -0.966201
8.46348 1e-07 0.96447 87.8439 1e-07 10.2353 3.81166 2.20684 1064.43 1e-07 185.642 73.2226 75.4285 11.1505 7.53488 14645.1 2979.82 3622.31 1593.08 804.34 418.948 2e-07 -33.8522 0.218514 4e-07 -376.468 9.0582 -196.72 -98.6157 6e-07 -4529.77 -1495.99 -3612.68 -2161.8 -1566.01 -718.511 0.00289927 2.82728 0.735822 0.699297 0.651101 1.38175 0.810092 0.999756 0.999997 -0.968807
10.196 1e-07 4.8487 185.324 1e-07 52.3946 38.6813 41.0813 4588.02 1e-07 1041.78 671.599 1177.95 388.113 470.553 141762 49950.8 28338.2 20448.8 11432.1 9353.68 2e-07 -60.9445 -0.558332 4e-07 -1404.55 71.0785 -1065.31 -962.108 6e-07 -41907.7 -27416.2 -25297.3 -26760 -22602.3 -18925.9 0.0188594 2.85429 1.98517 1.48419 0.994445 1.48166 0.792441 0.999979 0.999998 -0.966448
11.1073 1e-07 1.41822 209.521 1e-07 17.848 7.11181 5.39698 5309.64 1e-07 430.865 150.295 194.052 36.64 32.1084 166717 22488.4 13766.7 4700.81 2290.99 1426.29 2e-07 -72.5453 0.127764 4e-07 -1748.87 15.2237 -438.059 -204.459 6e-07 -53170.3 -12891.8 -13145.5 -6169.12 -4363.7 -2659.3 0.00151653 2.99642 0.752776 1.46382 0.923582 1.37955 0.679328 0.999566 0.999997 -0.966648
5.22591 1e-07 1.39672 49.6701 1e-07 11.5466 6.37035 4.40949 573.274 1e-07 156.367 91.4047 115.281 25.4743 20.0203 7570.33 2543.06 2572.33 1697.89 1028.01 649.353 2e-07 -18.7302 0.132065 4e-07 -187.012 12.5814 -172.872 -130.483 6e-07 -2062.54 -1171.05 -2465.78 -2354.06 -2084.93 -1193.63 0.407773 2.7805 1.21433 0.684624 0.657239 0.95221 0.810092 0.999703 0.999997 -0.983379
7.07775 1e-07 1.74142 116.653 1e-07 17.6875 9.70154 8.1041 2750.79 1e-07 357.937 175.913 232.395 58.9037 57.5365 82137.9 18877.1 10045 5219.78 2530.68 1722.65 2e-07 -40.3321 0.0631233 4e-07 -888.829 18.7774 -370.012 -245.845 6e-07 -25602.5 -10646.2 -9469.94 -6877.64 -4889.99 -3310.34 0.382409 2.8242 1.26541 1.46545 0.899967 1.46923 0.81224 0.999758 0.999999 -0.97846
8.3824 1e-07 1.01283 131.102 1e-07 10.5162 2.75773 3.03107 2830.01 1e-07 233.411 52.4082 96.7126 12.5225 14.9353 76842.5 5782.77 6789.76 1416.87 1034.77 461.964 2e-07 -46.7002 0.208843 4e-07 -948.557 6.86081 -239.415 -69.6331 6e-07 -24715.7 -3252.77 -6536.6 -1872.41 -2015.7 -801.349 0.0102357 2.53596 0.397557 1.42758 0.926296 0.041819 0.835943 0.99972 1 -0.993108
5.36988 1e-07 1.65161 52.3361 1e-07 13.9887 9.09551 7.65442 617.231 1e-07 185.385 119.002 206.487 55.9077 55.2071 8309.39 2773.95 2998.73 2058.7 1502.41 1377.13 2e-07 -19.4191 0.0810865 4e-07 -195.539 17.6025 -203.887 -175.169 6e-07 -2183.12 -1203.91 -2671.25 -2866.59 -3221.38 -2675.85 0.407773 2.82387 1.21433 0.684624 0.928634 0.95221 0.810092 0.999755 0.999997 -0.97846
3.6127 1e-07 2.03981 35.2508 1e-07 10.3824 -5.63328 10.9973 537.522 1e-07 129.998 -70.8834 134.007 -42.5772 89.2757 10978 -2529.01 2420.23 -1632.55 1114.55 -797.886 2e-07 -12.1481 0.0034468 4e-07 -165.36 -11.8567 -135.458 111.229 6e-07 -3180.94 1222.37 -2144.91 2140.3 -2254.47 1847.75 0.341183 -1.51602 1.37185 1.42853 0.948127 1.48668 0.780231 0.999801 0.999946 -0.99347
7.90706 1e-07 3.2982 138.029 1e-07 34.3733 22.7734 21.6508 3399.57 1e-07 683.204 402.881 613.221 178.814 192.506 105544 35446.2 18792.7 12754.2 6366.54 4401.76 2e-07 -46.0177 -0.248232 4e-07 -1054.78 41.9251 -703.185 -572.069 6e-07 -31646.8 -19736.1 -17244.2 -16695.6 -12419.1 -8779.54 0.284101 2.83869 1.90525 1.49866 0.830289 1.3663 0.851476 0.999759 1 -0.979698
7.15947 1e-07 3.63991 116.432 1e-07 34.5063 26.0099 29.3061 2716.94 1e-07 642.176 423.306 740.974 255.155 329.909 80692.7 28764.2 16701.3 12566.8 7034.26 5792.24 2e-07 -38.4493 -0.316574 4e-07 -827.996 48.064 -659.974 -611.745 6e-07 -23713.9 -15645.8 -14861.7 -16452.8 -13946.9 -11760.3 0.307658 2.66839 1.98424 1.49846 0.990237 1.48145 0.874223 0.999771 0.999995 -0.98252
6.23012 1e-07 1.26654 104.552 1e-07 12.1724 5.46145 3.60506 2500.24 1e-07 250.615 104.582 99.3444 19.809 14.7773 75211.2 15362 7350.67 3363.51 1293.41 612.357 2e-07 -36.3293 0.158101 4e-07 -818.106 11.0515 -260.104 -142.66 6e-07 -23810.5 -8805.98 -7100.79 -4405.92 -2409.49 -1100.72 0.407773 2.7805 1.13622 1.47508 0.628535 0.94341 0.810713 0.999758 0.999997 -0.983379
8.13167 1e-07 1.8875 127.655 1e-07 17.6123 9.1484 8.56804 2799.51 1e-07 342.626 159.843 217.268 53.1702 58.2168 77699.8 15174.9 9180.45 4435.35 2255.75 1534.52 2e-07 -44.5406 0.0339092 4e-07 -914.67 18.1198 -355.377 -224.173 6e-07 -24396.3 -8481.6 -8686.43 -5874.49 -4400.69 -2928.27 0.0193093 2.4686 1.03369 1.46823 0.920315 1.46227 0.681966 0.999771 0.999999 -0.968268
