9.53813 1e-07 4.09983 176.367 1e-07 47.8091 34.0228 33.996 4483.73 1e-07 987.485 617.207 1044.45 334.664 379.182 142381 50668.9 27677.1 19269.9 10513.2 8302.39 2e-07 -58.3484 -0.408558 4e-07 -1378.06 62.4078 -1008.37 -877.217 6e-07 -42260.5 -28057.5 -24923.7 -25194.6 -20640.3 -16735.5 0.165655 2.96058 1.99079 1.49 0.970123 1.5 0.218122 0.999974 1 -0.898086
0.00489359 1e-07 4.99359 0.00584519 1e-07 2.01846 -0.392991 42.9177 0.0652231 1e-07 0.0594484 -1.01117 84.0767 -3.9866 497.778 1.02724 0.456555 0.181327 0.0238937 25.4155 -23.6056 2e-07 4.98694 -0.587309 4e-07 6.02997 -1.18766 36.9267 0.944725 6e-07 -0.0761529 -4.32809 252.192 -32.5907 39.6484 307.305 0.00038174 -0.0280931 1.9989 0.0569824 0.999925 1.49999 0.302508 0.999526 1 -0.999584
10.5542 1e-07 3.3086 198.27 1e-07 38.0848 18.11 11.399 5056.43 1e-07 808.29 372.645 362.235 62.4357 39.3103 160545 51668 23360.2 13716.7 4970.3 2043.63 2e-07 -66.7265 -0.250312 4e-07 -1600.95 32.9452 -835.749 -513.007 6e-07 -49178.6 -29590.3 -22474.1 -17844.9 -9184.02 -3807.5 0.0413684 2.94812 1.85686 1.49035 0.00957833 1.5 0.278697 0.999695 1 -0.998709
11.25 1e-07 4.90549e-09 217.687 1e-07 1.87758 4.58709e-10 2.40704e-17 5683.92 1e-07 126.736 0.528712 5.52623e-08 3.77976e-18 1.51587e-24 184349 1239.59 6130.83 59.2671 21.2401 2.58198e-08 2e-07 -76.5563 0.411408 4e-07 -1917.23 4.25283 -119.695 2.36555 6e-07 -60354.9 -677.429 -5898.12 -34.8507 -31.8602 50 1.20548e-12 3 7.00392e-05 1.5 1.80551e-11 1.5 0.0065268 0.999506 1 -0.937307
2.16769 1e-07 4.5458 14.097 1e-07 11.832 0.313619 34.506 152.798 1e-07 89.8087 2.95809 147.841 2.95716 347.807 2318.73 70.952 1112.83 64.2953 1212.93 37.7781 2e-07 -1.85097 -0.497753 4e-07 -24.4402 -0.847365 -81.912 -4.3855 6e-07 -399.372 -42.901 -828.334 -106.499 -2210.98 173.075 0.0191297 0.0215193 1.95524 1.4716 0.900317 1.5 0.217565 0.999967 1 -0.992226
2.10006 1e-07 4.98626 4.56421 1e-07 12.4681 20.1257 42.8142 10.2792 1e-07 47.9186 94.7974 351.935 203.834 496.198 24.512 31.305 187.812 463.897 972.462 1821.94 2e-07 1.51695 -0.585845 4e-07 29.7563 38.6217 -43.7545 -196.077 6e-07 221.96 352.701 714.579 -631.894 -2741.29 -4261.62 0.000325633 1.44291 1.99701 0.134236 0.999925 1.49999 0.00297527 0.999537 1 -0.999871
9.74383 1e-07 3.82983 181.368 1e-07 44.328 29.7119 28.3745 4634.63 1e-07 923.124 547.722 870.398 258.98 280.688 147938 49480.3 26174.6 17478.2 9010.83 6595.81 2e-07 -60.3245 -0.354557 4e-07 -1438.77 54.5668 -944.335 -775.01 6e-07 -44400.5 -27607.3 -23879.6 -22856.3 -17594.8 -13197.3 0.138793 2.95093 1.90572 1.49784 0.902889 1.5 0.0207209 0.99954 1 -0.951131
9.6312 1e-07 2.02609 169.387 1e-07 21.6953 11.2288 10.2007 4095.07 1e-07 461.66 209.031 298.097 73.3056 77.7538 124238 22918.1 13419.2 6136.69 3177.23 2309.55 2e-07 -58.4211 0.00619002 4e-07 -1332.82 22.0808 -473.748 -291.832 6e-07 -39058.2 -12937.4 -12630.6 -8090.33 -6169.03 -4439.55 0.00542917 2.72565 1.02298 1.49744 0.995182 1.5 0.221688 0.999998 1 -0.97157
2.58103 1e-07 2.68005 19.7911 1e-07 9.24074 3.52806 9.85791 250.866 1e-07 88.5112 44.0495 68.1353 12.976 36.7559 4420.96 1685.32 1344.23 1269.67 757.173 303.467 2e-07 -5.8383 -0.124602 4e-07 -67.3288 6.26982 -98.5828 -61.2993 6e-07 -1134.6 -844.554 -1284.15 -1670.55 -1431.65 -414.713 0.270286 0.682024 1.91005 1.49616 0.0949042 1.5 0.204283 0.999968 1 -0.999845
7.75375 1e-07 0.00233368 117.932 1e-07 1.99663 0.000408964 1.45094e-05 2521.78 1e-07 92.2872 1.39999 0.0606508 3.49351e-06 1.40614e-07 68511.3 489.286 3504.17 59.8099 24.8536 0.0243253 2e-07 -43.1309 0.410941 4e-07 -868.476 2.79145 -89.0485 1.32413 6e-07 -22613.7 -257.911 -3430.85 -49.2062 -37.582 50.0613 1.20548e-12 2.36369 0.030923 1.47197 0.037114 1.5 0.0100953 0.999506 1 -0.988929
2.36528 1e-07 0.0349956 16.7596 1e-07 2.01397 0.00975257 0.0033581 197.656 1e-07 27.9693 3.00754 0.653062 0.00099346 0.000470708 3259.45 437.026 491.586 68.164 28.4801 0.453913 2e-07 -7.35815 0.404409 4e-07 -70.0146 0.589806 -31.2139 -0.563021 6e-07 -1035.64 -248.884 -525.279 -82.019 -45.9453 50.7722 0.285744 0.409074 0.180446 1.49802 0.122789 1.5 0.0582631 0.999545 1 -0.945837
5.33114 1e-07 0.80963 65.3612 1e-07 6.32476 1.26737 1.96082 1183.29 1e-07 116.738 22.4469 49.5244 4.74705 7.84962 27917.2 1806.55 2909.42 527.376 462.983 148.917 2e-07 -24.1299 0.249482 4e-07 -401.373 3.46307 -122.458 -27.7916 6e-07 -8974.75 -990.603 -2826.85 -701.349 -931.406 -202.708 0.00703278 1.78372 0.315227 1.47353 0.846166 1.5 0.00657962 0.999939 1 -0.989551
9.75015 1e-07 0.843558 173.268 1e-07 10.4157 -0.406704 2.21068 4212.96 1e-07 265.036 -7.95501 86.512 -1.82516 9.6926 128091 -994.242 8737.12 -223.342 1012.87 -79.4646 2e-07 -60.8869 0.242697 4e-07 -1405.91 1.11474 -267.447 15.3708 6e-07 -41315.1 583.002 -8396.59 316.537 -1942.93 249.774 0.04307 2.81116 -0.0643107 1.4782 0.93444 1.5 0.305903 0.999998 1 -0.972123
5.2228 1e-07 4.67199 64.7507 1e-07 27.4295 23.4121 40.0964 1196.22 1e-07 382.213 292.668 551.511 237.412 464.471 28913.2 11445.3 7879.97 7697.63 4590.99 4066.57 2e-07 -19.976 -0.52299 4e-07 -341.329 43.487 -393.208 -446.356 6e-07 -7959.11 -5746.3 -6671.88 -10070.2 -9201.96 -8515.31 0.0650931 1.78372 1.99938 1.49937 0.998708 1.5 0.183429 0.999917 1 -0.985612
8.53768 1e-07 4.5219 139.438 1e-07 44.201 34.263 38.6836 3151.07 1e-07 804.562 546.403 984.729 348.874 447.378 89488.6 33707.9 20127.5 15425.9 9014.02 7674.64 2e-07 -45.8472 -0.492973 4e-07 -952.157 63.1983 -828.304 -794.047 6e-07 -25974.9 -18142.7 -17738.1 -20258.1 -18030.8 -15683.8 0.0912788 2.66119 1.99261 1.44476 0.999668 1.5 0.250071 0.999836 1 -0.901404
10.8228 1e-07 3.70683 204.971 1e-07 42.4532 21.1415 13.9074 5260.98 1e-07 897.045 427.008 437.376 79.445 52.3089 168099 56194.3 25846.3 15688.9 5812.1 2489.73 2e-07 -68.6071 -0.329957 4e-07 -1655.9 38.245 -927.135 -590.388 6e-07 -51205.5 -32103.6 -24768.8 -20413.5 -10805.5 -4686.94 0.0101707 2.94391 1.9344 1.49808 0.0464287 1.5 0.292127 0.999675 1 -0.997824
5.19821 1e-07 3.30706 63.7125 1e-07 19.6095 10.8245 11.3985 1161.72 1e-07 279.944 162.365 171.136 37.3243 39.3101 27699.1 10208.5 5892.77 5093.67 2040.93 1012.98 2e-07 -21.0049 -0.250003 4e-07 -353.401 19.8657 -302.627 -231.532 6e-07 -8071.72 -5505.39 -5678.62 -6691.67 -3851.9 -1801.73 0.0413684 1.76192 1.85686 1.49033 0.00957833 1.5 0.200664 0.999697 1 -0.998709
3.8851 1e-07 3.81378 37.9782 1e-07 17.005 10.6114 14.5689 565.637 1e-07 193.598 130.807 157.96 41.2952 55.6542 11156.7 4826.32 3324.27 3512.34 1640.55 934.453 2e-07 -11.4648 -0.351348 4e-07 -156.655 19.4201 -213.867 -192.828 6e-07 -2944.65 -2395.66 -3138 -4665 -3171.97 -1651.65 0.00164527 1.38358 1.9545 1.40481 0.001585 1.49998 0.0635638 0.999424 1 -0.947319
7.99292 1e-07 1.13362 124.485 1e-07 11.0716 2.91962 1.29605 2719.89 1e-07 237.159 82.2394 39.0598 3.35008 1.4918 75413.6 14862.1 6818.67 3003.88 837.983 216.426 2e-07 -44.2047 0.184684 4e-07 -907.236 6.91328 -246.238 -105.086 6e-07 -24158.2 -8584.54 -6755.78 -3891.23 -1440.44 -301.552 0.00166992 2.40988 1.06469 1.48156 0.0440989 1.5 0.020654 0.999475 1 -0.998857
2.2127 1e-07 4.06624 14.6602 1e-07 10.9877 3.63736 29.2404 161.604 1e-07 86.0293 34.5957 139.107 30.7943 282.351 2489.99 677.431 1094.58 766.994 1097.91 415.948 2e-07 -2.54451 -0.40184 4e-07 -30.1781 5.9875 -82.2403 -54.7231 6e-07 -478.454 -279.25 -836.267 -1019.07 -2060.48 -689.455 0.041887 0.347884 1.85168 1.4457 0.90285 1.5 0.0591303 0.999543 1 -0.997662
6.38892 1e-07 2.72487 101.014 1e-07 28.4554 20.62 22.5081 2333.06 1e-07 539.552 347.727 606.327 201.785 252.303 68857.4 24568.5 14112.8 10363.6 5779.9 4701.02 2e-07 -33.9684 -0.133566 4e-07 -715.565 38.1774 -554.641 -499.029 6e-07 -20292.5 -13416.5 -12605.5 -13576.8 -11465.2 -9512.41 0.448772 2.7525 1.98604 1.47726 0.97601 1.5 0.2385 0.999984 1 -0.98856
6.53481 1e-07 0.288054 90.6111 1e-07 3.89845 0.331305 0.0855284 1807.75 1e-07 104.743 23.7771 4.8029 0.0992582 0.0258621 46369.8 4819.99 3242.56 844.772 168.495 20.8427 2e-07 -33.4301 0.353797 4e-07 -621.241 2.5714 -105.978 -26.1809 6e-07 -15195 -2780.56 -3225.26 -1081.33 -275.417 25.3622 0.0168612 2.1028 0.539343 1.47869 0.0359706 1.5 0.217286 0.999549 1 -0.998983
0.0721926 1e-07 2.13716 0.0122918 1e-07 1.71642 -0.459455 10.7696 0.0414668 1e-07 0.720024 -2.55126 40.9941 -1.75352 80.8098 0.630861 0.280492 0.32515 -0.279075 20.5066 -23.0975 2e-07 2.06128 -0.0160241 4e-07 5.12453 -1.23249 5.11017 8.86696 6e-07 3.36939 -10.5123 121.295 -4.91128 -155.934 216.244 0.000234323 -0.2404 1.10078 0.117856 0.962255 1.5 0.217152 0.99966 1 -0.813742
4.51881 1e-07 1.07657 48.9973 1e-07 7.21674 2.06549 1.27529 794.432 1e-07 111.241 47.3583 25.7964 2.52292 1.51611 16879.9 4087.63 2383.97 1339.35 457.424 138.973 2e-07 -18.1414 0.196094 4e-07 -265.677 4.54671 -121.112 -59.9446 6e-07 -5302.18 -2265.23 -2416.12 -1770.56 -806.366 -159.882 0.0989072 1.66819 1.09054 1.4089 0.0030377 1.49998 0.222735 0.999918 1 -0.937003
7.16317 1e-07 0.730976 110.495 1e-07 7.98914 1.62818 1.91082 2433.14 1e-07 177.236 33.3259 61.9732 6.65918 8.4066 68299.6 4773.83 5230.62 937.873 690.359 248.211 2e-07 -39.5807 0.265213 4e-07 -816.469 4.60552 -182.057 -42.4638 6e-07 -22036.8 -2720.98 -5063.34 -1229.01 -1333.63 -397.093 0.194819 2.48045 0.296305 1.48301 0.896602 1.5 0.258349 0.999548 1 -0.897386
4.33901 1e-07 4.55534 47.1988 1e-07 22.502 19.4167 37.0311 781.042 1e-07 277.1 218.281 402.744 191.074 409.04 17100.9 7146.17 5136.98 5271.54 3265.09 2903.32 2e-07 -13.9433 -0.49966 4e-07 -214.006 36.1182 -285.69 -340.172 6e-07 -4525.81 -3450.58 -4311.84 -6909.36 -6517.97 -6134.34 0.0168334 1.48282 1.9114 1.47513 0.989103 1.49999 0.301104 0.99922 1 -0.845051
9.24847 1e-07 0.0892421 152.005 1e-07 2.82863 0.0793075 0.00911932 3399.85 1e-07 124.171 15.3096 1.35299 0.00890584 0.00104379 94862.1 5279.73 4842.36 663.791 85.3589 4.73633 2e-07 -54.7608 0.39356 4e-07 -1163.47 3.39779 -120.254 -15.4721 6e-07 -31237.6 -3068.9 -4731.17 -823.583 -134.48 45.4927 0.0196304 2.72137 0.295186 1.40811 0.0545765 1.5 0.213823 0.999977 1 -0.992767
5.34758 1e-07 3.41048 70.011 1e-07 24.1557 18.7143 26.1491 1369.49 1e-07 372.214 259.787 448.15 168.299 267.692 34961.4 13174.9 8282.86 7192.05 3982.11 3222.22 2e-07 -22.9404 -0.270689 4e-07 -408.392 34.7975 -386.925 -385.643 6e-07 -9996.85 -6911.45 -7304.71 -9436.6 -7953.38 -6605.56 0.270286 2.06312 1.95609 1.49616 0.912429 1.5 0.200568 0.999968 1 -0.988459
9.03616 1e-07 4.01668 155.556 1e-07 41.7133 29.9967 31.5113 3698.51 1e-07 804.326 507.83 855.521 281.889 337.774 110388 37834.6 21279.4 14997.9 8292.37 6694.85 2e-07 -51.6863 -0.391928 4e-07 -1139.97 55.3682 -826.521 -729.072 6e-07 -32793.4 -20766.3 -19150.2 -19677.1 -16395.9 -13519.5 0.0912788 2.7456 1.85656 1.47631 0.983192 1.5 0.257935 0.999833 1 -0.903487
3.6628 1e-07 4.51477 34.5619 1e-07 18.7368 16.17 35.8544 501.369 1e-07 202.275 166.841 329.591 153.281 386.141 9676.78 4096.68 3330.86 3677.73 2466.1 2216.53 2e-07 -9.51662 -0.491545 4e-07 -128.762 30.0996 -207.255 -265.087 6e-07 -2393.03 -1816.88 -2665.88 -4848.67 -4971.08 -4666.69 0.00710628 1.30329 1.89728 1.40511 0.973316 1.49998 0.0818829 0.999649 1 -0.947297
11.0753 1e-07 1.00493 212.863 1e-07 13.2278 3.59374 2.9682 5530.24 1e-07 347.137 80.9747 116.675 15.6866 14.3085 178604 14610.8 11888 2614.52 1461.53 692.595 2e-07 -73.9294 0.210423 4e-07 -1832.25 9.0984 -350.217 -107.251 6e-07 -57375.7 -8424.46 -11414.9 -3410.74 -2754.41 -1235.84 0.00895416 2.98441 0.457623 1.49946 0.896811 1.5 0.187515 0.999691 1 -0.970764
9.10715 1e-07 4.55534 153.179 1e-07 45.2714 33.9615 37.0311 3550.41 1e-07 843.828 553.325 951.528 331.15 409.04 103382 37634.5 21631.9 15943.7 9014.82 7446.84 2e-07 -50.5055 -0.49966 4e-07 -1082.49 62.6154 -868.417 -800.404 6e-07 -30345.9 -20473.1 -19311.6 -20925 -17896.7 -15153.1 0.0168334 2.65739 1.9114 1.47066 0.989103 1.5 0.301104 0.999549 1 -0.845051
4.13142 1e-07 0.999995 17.3626 1e-07 6.13015 0.0511928 2.99998 74.1932 1e-07 66.9087 0.515812 73.0512 0.255948 14.9998 322.234 1.21982 594.747 5.04049 373.332 6.24183 2e-07 -8.34022 0.211409 4e-07 -21.2302 0.576057 -75.6236 3.4447 6e-07 163.68 -4.90724 -517 -9.29418 -910.172 91.7421 1.98076e-06 2.0282 0.00850384 0.133521 0.999962 1.49999 0.302508 0.999506 1 -0.999871
8.22446 1e-07 1.76117 134.647 1e-07 18.6452 9.84164 9.05085 3066.8 1e-07 378.268 177.678 258.428 65.2099 70.0631 87858.1 17310 10442.8 4992.6 2652.32 1982.56 2e-07 -46.8575 0.0591739 4e-07 -998.753 19.3378 -390.279 -248.853 6e-07 -27532.9 -9695.57 -9811.32 -6604.09 -5192.67 -3816.79 0.164652 2.70453 1.05729 1.44485 0.995182 1.5 0.0188126 0.999687 1 -0.97157
10.9403 1e-07 3.44923 209.202 1e-07 40.6981 19.4784 12.1136 5415.35 1e-07 874.975 402.287 391.632 69.0953 42.6158 174365 57149.3 25536.3 14873.5 5370.77 2213.69 2e-07 -70.2517 -0.278438 4e-07 -1711.71 35.3181 -903.302 -553.989 6e-07 -53350 -32769.4 -24553.4 -19342.5 -9926.12 -4144.82 0.0161841 2.97241 1.87202 1.49934 0.0387857 1.5 0.0105455 0.999951 1 -0.947968
6.13415 1e-07 1.13797 74.126 1e-07 9.0301 2.58959 1.31901 1260.51 1e-07 158.533 65.059 33.5416 3.02771 1.54613 27243.6 6137.6 3664.66 1881.03 626.954 183.555 2e-07 -27.234 0.183814 4e-07 -425.19 5.89679 -169.228 -83.1478 6e-07 -8640.93 -3423.53 -3692.68 -2484.14 -1097.45 -240.145 0.00726573 2.10643 1.06906 1.3136 0.0571584 1.49998 0.133555 0.999963 1 -0.992767
5.57515 1e-07 4.98631 31.486 1e-07 29.8004 32.8859 42.8144 180.069 1e-07 223.852 269.193 798.432 333.076 496.2 1042.87 863.772 1841.62 2632.39 3372.29 4625.39 2e-07 -10.0346 -0.585854 4e-07 3.89451 62.1054 -257.919 -456.393 6e-07 626.329 526.694 -14.4743 -3798.58 -8585.64 -10083.3 0.000321568 2.35762 1.99701 0.133521 0.999925 1.49999 0.30011 0.99954 1 -0.999871
6.15403 1e-07 1.1437 74.4277 1e-07 9.12066 2.63965 1.32575 1266.09 1e-07 159.506 65.3737 33.6431 3.11483 1.55404 27369.3 6258.65 3674.76 1887.79 629.324 184.661 2e-07 -27.3386 0.182668 4e-07 -426.893 5.98699 -170.384 -83.7142 6e-07 -8679.34 -3494.98 -3704.48 -2493.1 -1101.35 -242.362 0.00218455 2.10643 1.06906 1.3136 0.0571584 1.5 0.133555 0.999963 1 -0.971151
4.21876 1e-07 2.05949 45.808 1e-07 10.9449 6.28069 10.4119 764.073 1e-07 148.139 82.5762 132.37 40.6882 78.2816 16945.7 4015.82 2992.28 1880.93 1152.04 799.007 2e-07 -15.9017 -0.000490375 4e-07 -242.195 12.108 -157.632 -120.295 6e-07 -5107.09 -2089.97 -2765.13 -2519.32 -2306.13 -1522.38 0.0432494 1.43488 1.10837 1.49962 0.961306 1.5 0.0065268 0.999658 1 -0.937161
7.09938 1e-07 2.07052 121.72 1e-07 24.4963 11.6403 7.34582 3007.98 1e-07 509.067 236.201 230.578 42.1541 26.3506 94281.4 31950.8 14442.7 8545.85 3114.89 1307.02 2e-07 -41.545 -0.00269493 4e-07 -950.624 21.3022 -527.796 -324.829 6e-07 -28747.1 -18277.4 -13904.8 -11126 -5772.07 -2432.86 0.429606 2.91722 1.89393 1.49721 0.015107 1.5 0.238338 0.999572 1 -0.914566
2.03878 1e-07 1.17855 12.4563 1e-07 4.26259 -0.278746 1.42676 126.711 1e-07 37.4417 -6.4981 16.6236 -0.266475 1.76854 1802.82 -228.959 497.157 -154.162 199.873 -17.3988 2e-07 -4.59712 0.175698 4e-07 -37.6817 -0.571237 -44.9749 14.2512 6e-07 -480.347 109.019 -507.946 220.443 -382.173 143.695 0.00249547 -0.289207 1.08356 1.39808 0.0856259 1.5 0.164317 0.999545 1 -0.945837
9.96295 1e-07 0.0116135 175.51 1e-07 2.05287 -0.00436147 0.000378835 4199.84 1e-07 118.02 -2.82102 0.32103 -0.000192946 1.95726e-05 125238 -1012.63 5159.14 -123.776 30.3102 -0.260244 2e-07 -62.6043 0.409085 4e-07 -1429.3 3.67954 -112.375 6.43119 6e-07 -41181.3 644.898 -4995.48 194.643 -47.0883 50.9945 0.0201627 2.83138 -0.0643107 1.45084 0.0877951 1.5 0.0205133 0.999506 1 -0.972123
9.85931 1e-07 0.83953 176.437 1e-07 10.5016 -0.422671 2.20955 4314.12 1e-07 268.972 -8.16733 87.203 -1.8478 9.69207 131801 -1030.52 8915.02 -229.519 1025.91 -81.103 2e-07 -61.9509 0.243502 4e-07 -1439.17 1.11054 -271.243 15.68 6e-07 -42509.7 604.436 -8566.37 325.016 -1966 252.671 0.04307 2.83138 -0.0643107 1.4782 0.93444 1.5 0.00772807 0.999506 1 -0.972123
11.25 1e-07 0.612894 217.687 1e-07 8.77302 0.0577432 1.12692 5683.92 1e-07 260.181 2.4723 53.68 0.176952 3.45341 184349 1243.37 9615.72 122.027 732.714 9.22305 2e-07 -75.9434 0.288829 4e-07 -1896.54 2.98923 -259.372 0.864401 6e-07 -59687.6 -698.608 -9274.39 -122.034 -1363.87 64.7993 1.20548e-12 3 7.00392e-05 1.5 0.782876 1.5 0.223296 0.999696 1 -0.937307
6.68328 1e-07 0.76547 85.7131 1e-07 7.01801 0.526268 1.7611 1534.96 1e-07 141.18 10.0184 54.8211 2.00459 6.75397 34794.3 995.221 3591.53 254.818 521.074 69.6027 2e-07 -31.6317 0.258314 4e-07 -525.146 2.39849 -146.512 -9.94211 6e-07 -11267.4 -550.032 -3494.46 -326.401 -1047.8 -46.0506 0.00247802 2.2197 0.0885831 1.32936 0.871378 1.5 0.301104 0.999506 1 -0.932193
3.92196 1e-07 1.10057 40.1423 1e-07 6.50809 1.82056 1.2378 634.828 1e-07 92.35 38.6665 21.5986 2.23875 1.39409 13391.6 3316.16 1888.96 1091.47 379.812 113.541 2e-07 -14.8641 0.191295 4e-07 -211.066 3.95302 -101.948 -48.4604 6e-07 -4190.57 -1836.98 -1923.92 -1440.76 -669.947 -111.478 0.0248576 1.33618 1.06125 1.47621 0.00615216 1.5 0.301885 0.999526 1 -0.843994
5.50334 1e-07 3.50069 68.0476 1e-07 21.8178 12.6739 12.7926 1231.8 1e-07 313.087 186.739 205.223 46.4602 46.7548 28917.8 11123 6527.14 5624.3 2346.1 1210.57 2e-07 -22.4169 -0.28873 4e-07 -372.134 23.2484 -338.241 -268.259 6e-07 -8341.7 -5961.44 -6254.04 -7414.92 -4469.59 -2199.36 0.0419111 1.88518 1.91147 1.44629 0.0111683 1.5 0.00972897 0.999577 1 -0.98844
5.1242 1e-07 4.62728 61.2262 1e-07 25.854 21.3505 35.7451 1085.18 1e-07 346.958 262.193 473.031 193.387 368.084 25124.1 9924.6 6897.78 6742.66 3940.1 3314.33 2e-07 -18.8648 -0.514047 4e-07 -309.218 39.6384 -360.484 -399.91 6e-07 -6887.61 -4950.19 -5908.45 -8863.22 -7916.08 -6868.16 0.00676058 1.72808 1.95346 1.46885 0.918013 1.5 0.013646 0.999668 1 -0.988327
4.03515 1e-07 3.73349 42.4405 1e-07 17.3802 10.1791 14.2098 689.366 1e-07 211.227 132.782 154.5 39.5469 54.0842 14932.9 6123.14 3920.07 4002.57 1724.05 922.322 2e-07 -13.0338 -0.335289 4e-07 -197.11 18.5423 -231.089 -193.523 6e-07 -4113.09 -3167.54 -3738.08 -5261.91 -3282.38 -1624.21 0.0190963 1.35396 1.95092 1.49556 0.0020545 1.5 0.0635638 0.999971 1 -0.943336
5.34418 1e-07 0.229709 70.2467 1e-07 3.43647 0.316268 0.0697709 1380.99 1e-07 82.755 19.1017 3.76743 0.105751 0.0231229 35438.5 4134.75 2448.87 656.985 132.868 17.0837 2e-07 -26.1885 0.365466 4e-07 -474.234 2.14388 -84.814 -20.648 6e-07 -11598.8 -2392.1 -2446.67 -841.569 -216.867 29.3684 0.283109 2.07883 0.537974 1.49819 0.0689679 1.5 0.257826 0.999545 1 -0.947912
3.96215 1e-07 0.638027 40.1815 1e-07 4.53701 0.519584 1.22928 624.867 1e-07 73.3006 9.36544 31.4443 1.59851 3.93712 12911.5 575.002 1606.01 197.471 256.293 49.9514 2e-07 -15.3786 0.283803 4e-07 -214.031 1.76183 -78.5082 -9.23364 6e-07 -4131.8 -305.668 -1573.78 -260.721 -536.385 -15.5687 0.00960841 1.37107 0.207101 1.44876 0.775425 1.5 0.0662294 0.99967 1 -0.999552
7.4082 1e-07 4.18395 110.592 1e-07 33.7738 25.1626 30.2698 2337.31 1e-07 565.658 374.74 621.261 215.292 294.179 62967.5 22364.5 13397.4 10504.3 5729.61 4484.91 2e-07 -36.4018 -0.425381 4e-07 -710.462 46.6181 -587.692 -549.118 6e-07 -18399.3 -11987.4 -12003.3 -13816.4 -11410.7 -9116.03 0.019924 2.30857 1.8566 1.47769 0.906123 1.5 0.218084 0.999994 1 -0.946933
10.7341 1e-07 3.70687 202.248 1e-07 42.1251 21.0338 13.9075 5169.65 1e-07 885.922 422.998 433.676 79.044 52.3089 164591 55122.3 25427.7 15506.2 5751.8 2470.56 2e-07 -67.7016 -0.329966 4e-07 -1626.77 38.0587 -916.108 -585.145 6e-07 -50117.4 -31475.3 -24368.6 -20178.7 -10696.8 -4650.02 0.0101707 2.92866 1.9344 1.49808 0.0464287 1.5 0.299533 0.999967 1 -0.997824
6.45237 1e-07 4.58298 88.3001 1e-07 31.9278 25.5131 35.4029 1738.48 1e-07 488.256 348.817 614.974 230.896 364.561 44005.2 16653.3 10746.2 9420.1 5348.5 4401.43 2e-07 -28.3594 -0.505188 4e-07 -514.061 47.2952 -507.465 -520.482 6e-07 -12498.7 -8658.01 -9396.11 -12385.4 -10743.5 -9051.97 0.016269 2.0891 1.95346 1.46885 0.918013 1.5 0.0107407 0.999962 1 -0.99365
10.8582 1e-07 4.18427 208.672 1e-07 49.2396 33.3666 32.2642 5432.99 1e-07 1044.33 621.566 1015.82 305.759 338.698 175901 56416.1 30095.6 19769.1 10455.8 8056.78 2e-07 -69.2754 -0.425445 4e-07 -1690.85 61.3523 -1065.36 -878.923 6e-07 -52981.6 -31486.4 -27358 -25849.9 -20439.8 -16102.6 0.041887 2.99773 1.85168 1.49936 0.968152 1.5 0.162787 0.999988 1 -0.97238
7.8872 1e-07 0.0361692 135.73 1e-07 2.26941 0.0451441 0.00250569 3305.3 1e-07 96.5552 8.73122 0.587387 0.00492043 0.000250492 101739 4150.99 4032.13 385.105 46.3457 1.76644 2e-07 -48.5702 0.404174 4e-07 -1120.51 2.88126 -93.719 -7.56976 6e-07 -33344.3 -2419.14 -3919.44 -468.012 -72.272 48.4338 0.284952 2.80779 0.180446 1.49999 0.0848674 1.5 0.164775 0.999999 1 -0.945837
7.93777 1e-07 2.43389 123.088 1e-07 21.4208 12.7336 13.3813 2678.78 1e-07 396.676 210.07 313.406 87.6243 107.8 73989.2 16856.9 10253 5759.47 3078.55 2298.81 2e-07 -42.4302 -0.0753689 4e-07 -862.46 24.4487 -411.709 -299.363 6e-07 -22892.2 -9302.55 -9540.54 -7625.06 -6068.48 -4486.18 0.00695596 2.40656 1.22769 1.47855 0.971353 1.5 0.164386 0.999672 1 -0.997983
7.20167 1e-07 0.734151 112.496 1e-07 8.08006 1.55812 1.93034 2514.1 1e-07 183.337 31.9634 63.85 6.38483 8.54358 71701 4324.08 5530.85 895.491 718.227 244.823 2e-07 -40.2163 0.264578 4e-07 -842.484 4.46306 -187.781 -40.5485 6e-07 -23107.7 -2456.98 -5345.82 -1173.66 -1384.83 -389.167 0.19616 2.48236 0.296305 1.4993 0.899525 1.5 0.258945 0.999548 1 -0.9704
6.49495 1e-07 4.41254 90.7888 1e-07 31.3925 23.3643 29.992 1832.33 1e-07 491.6 332.708 532.426 181.518 260.856 47614.4 18148.5 11095.5 9607.12 4951.42 3606.44 2e-07 -29.3191 -0.471101 4e-07 -546.312 43.1221 -513.635 -490.811 6e-07 -13658.7 -9619.21 -9963.29 -12612.3 -9823.04 -7303.56 0.0374805 2.10602 1.99825 1.49162 0.768968 1.5 0.0301342 0.999975 1 -0.999318
7.62938 1e-07 4.72462 115.48 1e-07 38.5901 30.8708 39.6502 2462.95 1e-07 647.244 453.919 828.409 306.808 451.262 66793.7 24482.8 15327.8 12549.9 7316.46 6299.19 2e-07 -37.5487 -0.533517 4e-07 -738.596 57.1624 -667.901 -669.384 6e-07 -19264.8 -12955.9 -13387.7 -16475.1 -14691.9 -12942.8 0.0183844 2.35872 1.95231 1.47192 0.999927 1.5 0.306383 0.999975 1 -0.989011
10.8529 1e-07 0.284418 208.476 1e-07 5.22009 0.502762 0.0897657 5424.49 1e-07 189.526 35.1167 6.0543 0.17098 0.0305557 175492 17160.9 7691.69 1688.84 270.719 30.9902 2e-07 -73.1112 0.354525 4e-07 -1820.16 4.42649 -186.295 -40.485 6e-07 -57124.5 -10108.2 -7483.47 -2123.71 -434.337 6.52623 0.0432109 2.99956 0.535683 1.49802 0.0763827 1.5 0.314682 0.999547 1 -0.947538
5.02213 1e-07 0.780372 58.5592 1e-07 5.9241 1.1669 1.82053 1011.44 1e-07 105.756 20.4866 45.4382 4.20344 7.01792 22803.2 1502.82 2536.17 465.912 412.562 130.665 2e-07 -21.8095 0.255334 4e-07 -344.218 3.21513 -111.482 -25.0535 6e-07 -7323.61 -816.806 -2469.65 -621.119 -836.318 -168.276 0.00695629 1.71715 0.31312 1.4467 0.829318 1.5 0.061047 0.999952 1 -0.989011
11.0612 1e-07 4.23921 213.235 1e-07 49.8081 33.3852 31.8918 5557.09 1e-07 1057.52 623.812 1004.65 297.438 325.054 179985 57594.6 30513.8 19953.6 10409 7839.93 2e-07 -70.7923 -0.436434 4e-07 -1730.94 61.3594 -1079.32 -881.408 6e-07 -54265.1 -32185.3 -27808.2 -26090.4 -20323 -15654 0.0192927 2.99773 1.85187 1.49936 0.9448 1.5 0.162787 0.999988 1 -0.979049
4.84975 1e-07 4.96316 55.3837 1e-07 26.207 23.2302 42.6667 941.293 1e-07 335.089 269.718 528.125 235.86 494.964 20932.5 8626.72 6369.41 6580.45 4141.94 3795.33 2e-07 -16.5017 -0.581225 4e-07 -259.15 43.2142 -344.503 -418.398 6e-07 -5545.59 -4141.4 -5234.28 -8635.7 -8380.93 -8007.09 0.00684477 1.66639 1.99938 1.44597 0.999925 1.5 0.0079401 0.999939 1 -0.989544
7.60883 1e-07 4.37439 112.999 1e-07 35.5277 26.8256 32.1751 2354.64 1e-07 589.979 397.253 675.833 231.576 316.202 62262.3 22451.4 13783.5 10944.1 6098.62 4829 2e-07 -37.1341 -0.46347 4e-07 -712.808 49.6761 -613.437 -583.078 6e-07 -18083.4 -11953.4 -12266.8 -14418.6 -12216.3 -9825.98 0.00714075 2.35718 1.89567 1.44606 0.901255 1.5 0.061047 0.999952 1 -0.989011
3.879 1e-07 1.0162 38.1059 1e-07 5.98546 1.46693 1.04634 571.676 1e-07 85.4855 36.2107 20.0683 1.53947 1.0778 11371 2551.91 1720.53 970.094 348.05 97.8489 2e-07 -14.2946 0.208167 4e-07 -191.652 3.33261 -94.2871 -44.2306 6e-07 -3555.55 -1387.72 -1755.59 -1287.49 -616.074 -83.8252 0.0139374 1.37972 1.01493 1.41365 0.00150907 1.5 0.185152 0.999446 1 -0.971128
7.22605 1e-07 0.76547 97.1122 1e-07 7.43581 0.550375 1.7611 1804.9 1e-07 156.067 10.8255 57.7023 2.09642 6.75397 42239.9 1182.14 4119.97 285.687 569.567 76.2001 2e-07 -35.5943 0.258314 4e-07 -616.275 2.58645 -161.172 -11.007 6e-07 -13696.5 -657.243 -4006.31 -364.981 -1134.89 -58.4769 0.00247802 2.33906 0.0885831 1.32936 0.871378 1.5 0.301104 0.999506 1 -0.932193
7.88904 1e-07 0.0822519 125.046 1e-07 2.63006 0.0750532 0.00722473 2794.31 1e-07 99.0484 13.2745 1.04924 0.00747248 0.000635284 79335 5553.98 3687.95 578.57 74.9861 4.09774 2e-07 -45.3205 0.394958 4e-07 -955.447 2.86971 -97.0491 -13.0294 6e-07 -26099.6 -3247.66 -3617.14 -717.628 -117.42 46.3248 0.0636996 2.4562 0.296305 1.49658 0.00388922 1.5 0.0230474 0.999482 1 -0.877092
10.9674 1e-07 2.01213 209.095 1e-07 24.3284 12.1084 10.0764 5395.79 1e-07 556.395 241.85 334.875 78.8599 76.4903 173245 31240 17166.1 7488.78 3743.83 2703.16 2e-07 -71.6838 0.00898274 4e-07 -1754.85 23.8631 -567.297 -334.717 6e-07 -54587.4 -17801.9 -16186.6 -9837.21 -7203.24 -5182.02 0.0030531 2.95704 1.01385 1.49998 0.995182 1.5 0.0188126 0.999687 1 -0.948092
10.8576 1e-07 2.06385 208.793 1e-07 25.4531 12.9324 10.4136 5439.83 1e-07 583.018 261.493 350.832 83.2937 78.2854 176239 34718.5 18005.1 8258.79 3979.95 2801.88 2e-07 -71.4317 -0.00136236 4e-07 -1764.38 25.2412 -594.542 -361.592 6e-07 -55396.6 -19815.8 -16979.6 -10834.9 -7634.25 -5382.98 0.0432109 2.99956 1.10837 1.49966 0.961306 1.5 0.314682 0.999694 1 -0.937161
9.26709 1e-07 1.06711 152.399 1e-07 11.9993 2.63504 3.45745 3409.01 1e-07 270.137 51.5569 117.63 13.5434 18.6219 95103.2 6506.05 7957.89 1438.2 1245.59 513.973 2e-07 -53.9196 0.197987 4e-07 -1139.1 6.68277 -276.454 -68.1573 6e-07 -30589.3 -3688.73 -7635.09 -1894.61 -2433.85 -898.229 0.0196132 2.72548 0.29961 1.40685 0.998426 1.5 0.302702 0.999995 1 -0.897589
8.24852 1e-07 4.68514 128.58 1e-07 41.0321 31.1129 35.9383 2783.67 1e-07 708.69 476.827 822.212 278.346 364.565 76045.1 28233 17064 13469.8 7504.26 5923.16 2e-07 -42.1374 -0.52562 4e-07 -840.586 57.4129 -734.313 -696.455 6e-07 -22053.7 -15121.3 -15160 -17717.2 -15014.1 -12067.9 0.01093 2.49559 1.98363 1.44459 0.895333 1.5 0.216903 0.999986 1 -0.989856
10.5279 1e-07 4.54586 196.527 1e-07 50.6557 34.9204 34.5065 4987.93 1e-07 1037.27 630.453 1025.98 309.805 347.811 157842 53686.2 29034.3 20029.7 10437 7718.94 2e-07 -64.9402 -0.497764 4e-07 -1540.94 64.0409 -1061.48 -895.806 6e-07 -47154.2 -29816.5 -26353.8 -26191.6 -20448.8 -15494.1 0.0191173 2.90646 1.95524 1.49726 0.900317 1.5 0.217565 0.999992 1 -0.992226
9.70148 1e-07 4.64251 169.718 1e-07 47.7116 34.4093 36.1608 4060.55 1e-07 918.347 583.937 985.418 313.79 374.874 121537 42842.4 24291.7 17632.4 9552.53 7373.59 2e-07 -55.9743 -0.517093 4e-07 -1244.75 63.2677 -943.809 -838.366 6e-07 -35930 -23483.6 -21836.5 -23114.3 -18896.3 -14898.1 0.0162264 2.7673 1.96884 1.47187 0.918013 1.5 0.0187528 0.999962 1 -0.988327
8.28626 1e-07 0.956837 132.256 1e-07 10.0293 3.10006 2.6228 2947.56 1e-07 227.506 63.4614 81.9472 11.9933 11.5213 83124.4 8341.22 6812 1834.58 952.617 452.122 2e-07 -47.0061 0.220041 4e-07 -986.435 7.60329 -233.151 -84.2412 6e-07 -26747.3 -4741.97 -6586.52 -2414.52 -1820.38 -783.449 0.0168612 2.49016 0.539343 1.47949 0.825559 1.5 0.217286 0.999985 1 -0.990346
11.1562 1e-07 3.43932 215.395 1e-07 40.7913 19.302 11.9491 5616.41 1e-07 884.346 403.368 391.003 67.3144 41.5857 181954 58458.4 26035.3 15050.3 5408.35 2207.07 2e-07 -72.3354 -0.276455 4e-07 -1777.94 35.0355 -912.127 -554.539 6e-07 -55780.9 -33549.8 -25032.8 -19561.4 -9980.19 -4123.06 0.00906622 2.99828 1.86242 1.49933 0.036062 1.5 0.312064 0.999999 1 -0.983593
6.0216 1e-07 0.000931155 82.7319 1e-07 1.99767 0.000251827 1.01317e-06 1663.58 1e-07 72.0192 -0.0410403 0.0111449 9.32162e-07 1.43909e-09 43278.4 -48.7471 2472.31 -14.6078 24.2027 0.00302774 2e-07 -30.8403 0.411222 4e-07 -575.814 2.07831 -70.8104 3.05054 6e-07 -14287 48.7169 -2441.09 40.685 -36.3587 50.0365 0.155799 2.11717 -0.0313581 1.49508 0.000456452 1.49998 0.0254422 0.999482 1 -0.995929
7.01449 1e-07 4.72462 101.03 1e-07 35.6259 29.0858 39.6502 2072.32 1e-07 570.166 409.408 753.82 289.083 451.262 54356.9 20245.3 13010.2 11076.5 6518.22 5673.28 2e-07 -32.5988 -0.533517 4e-07 -615.849 53.9323 -589.103 -608.83 6e-07 -15528.5 -10582 -11281 -14543.8 -13120.1 -11709.9 0.0183844 2.22197 1.95231 1.47192 0.999927 1.5 0.306383 0.999975 1 -0.989011
8.266 1e-07 0.736241 141.347 1e-07 9.05825 1.70359 1.94201 3393.37 1e-07 222.151 37.0864 71.9176 7.02411 8.62404 102862 5892.24 7175.96 1110.16 858.709 295.636 2e-07 -49.9338 0.26416 4e-07 -1132.18 4.99624 -225.68 -47.2775 6e-07 -33141.1 -3373.28 -6920.19 -1448.1 -1635.53 -484.348 0.19616 2.73632 0.29383 1.49888 0.901779 1.5 0.258945 0.999548 1 -0.9704
7.18661 1e-07 4.42752 106.853 1e-07 34.6508 26.4076 33.356 2265.74 1e-07 574.716 389.236 659.38 232.859 334.213 61460.4 22387.9 13585.1 11133.8 6049.09 4761.45 2e-07 -34.815 -0.474096 4e-07 -682.622 48.8416 -595.763 -572.127 6e-07 -17830.3 -11946.8 -12089.4 -14608.4 -12044.1 -9713.2 0.0339254 2.26281 1.94181 1.49655 0.900317 1.5 0.225509 0.999984 1 -0.988829
7.67714 1e-07 3.92423 117.157 1e-07 32.5713 18.668 15.8585 2520.97 1e-07 560.189 310.275 347.835 76.0859 64.8883 69002.7 25718.4 13595.7 10240.8 4107.62 2037.53 2e-07 -38.9 -0.373437 4e-07 -775.733 33.9802 -591.625 -440.659 6e-07 -20420.8 -14253.8 -12966.2 -13413.6 -7796.96 -3838.55 0.0169038 2.36179 1.99465 1.48067 0.112343 1.5 0.165266 0.999985 1 -0.988924
9.23112 1e-07 1.06531 150.372 1e-07 11.9545 2.62886 3.45696 3325.87 1e-07 267.407 51.1976 117.458 13.5367 18.6217 91647.5 6311.08 7807.14 1417.35 1234.82 512.119 2e-07 -53.2775 0.198346 4e-07 -1112.27 6.6646 -273.861 -67.7057 6e-07 -29483.1 -3573.48 -7491.63 -1868.32 -2416.86 -894.935 0.0196132 2.72548 0.29961 1.39375 0.998426 1.5 0.00779328 0.999503 1 -0.897589
9.25591 1e-07 3.41642 155.21 1e-07 33.7542 16.9633 11.6915 3570.74 1e-07 643.952 317.735 316.547 58.2875 40.0723 102991 34779.2 16912 10840.4 4119.33 1794.88 2e-07 -52.4026 -0.271876 4e-07 -1125.17 30.9837 -674.217 -442.379 6e-07 -31248.2 -19661.5 -16298.3 -14178.3 -7681.01 -3328.66 0.000122791 2.67127 1.84811 1.45639 0.036474 1.5 0.164329 0.999984 1 -0.983593
0.380852 1e-07 3.92706 2.20093 1e-07 2.25366 -1.02329 31.9 24.6408 1e-07 4.74183 -2.07769 69.6222 -9.86293 354.153 388.04 172.458 67.511 19.6085 43.4285 -63.4126 2e-07 2.88593 -0.374003 4e-07 -2.83222 -2.34063 21.1784 6.52015 6e-07 -117.344 -111.828 134.505 -56.0886 -58.3796 384.405 0.144197 -0.104982 1.89185 0.234292 0.999794 1.5 0.244389 0.999981 1 -0.988256
11.037 1e-07 1.00321 211.655 1e-07 13.1639 3.56635 2.95823 5488.82 1e-07 345.481 80.2554 116.123 15.5314 14.235 176984 14327.4 11829.3 2586.35 1453.38 686.133 2e-07 -73.5303 0.210766 4e-07 -1818.81 9.04064 -348.536 -106.279 6e-07 -56856.6 -8257.44 -11358.5 -3374.42 -2739.55 -1223.37 0.00895416 2.97798 0.457623 1.49936 0.895889 1.5 0.162614 0.999691 1 -0.979232
8.2415 1e-07 0.0861597 131.926 1e-07 2.30405 -0.0463952 0.00746667 2958.98 1e-07 94.2906 -10.832 1.03489 -0.00310752 0.00064757 84157.7 -3245.4 3621.74 -419.373 53.4115 -2.47406 2e-07 -47.7331 0.394176 4e-07 -1012.71 2.83702 -91.7523 16.3937 6e-07 -27734.8 1939.33 -3536.09 576.567 -85.4803 58.3948 0.00525516 2.4562 -0.294266 1.49674 0.00388922 1.49998 0.0376365 0.999266 1 -0.876437
11.0829 1e-07 0.0884777 212.444 1e-07 2.96843 0.0870329 0.00835772 5504.83 1e-07 147.788 16.8857 1.29839 0.00888475 0.000837798 177360 9989.73 6629.18 873.338 97.1052 5.11208 2e-07 -74.7275 0.393713 4e-07 -1854.99 4.13996 -141.932 -17.3959 6e-07 -57974 -5868.45 -6410.8 -1075.47 -151.795 44.7775 0.000198391 2.97241 0.294942 1.49979 0.0387857 1.49998 0.0105455 0.999417 1 -0.947968
2.41784 1e-07 0.0443265 17.485 1e-07 2.09091 0.00901848 0.00433441 210.168 1e-07 29.5452 2.76288 0.770193 0.00088482 0.000587645 3527.94 357.974 529.328 63.0574 31.489 0.456642 2e-07 -7.61902 0.402543 4e-07 -74.2628 0.594577 -32.8618 -0.243841 6e-07 -1120.83 -202.448 -563.55 -74.6119 -51.0472 51.1938 0.210001 0.467341 0.206916 1.49802 0.111324 1.5 0.0582631 0.999545 1 -0.987791
6.03817 1e-07 0.607176 83.1597 1e-07 6.09866 1.18649 1.29027 1675.73 1e-07 130.694 25.3396 39.8239 3.80507 4.50629 43676.9 3017.07 3683.29 679.555 442.86 144.17 2e-07 -30.3789 0.289973 4e-07 -567.582 3.6374 -134.986 -31.1708 6e-07 -14125.3 -1700.81 -3595.17 -891.975 -855.925 -199.755 0.158479 2.12512 0.343999 1.49514 0.776574 1.5 0.0252763 0.999974 1 -0.999541
8.153 1e-07 1.70311 128.296 1e-07 15.9048 5.44328 2.9096 2824.09 1e-07 316.623 125.541 78.9551 9.30901 4.9779 78764.4 18988.9 8662.87 4471.05 1397.66 442.716 2e-07 -44.9388 0.0707854 4e-07 -927.809 11.0598 -331.398 -166.382 6e-07 -24870.3 -10901.7 -8547.25 -5816.67 -2468.54 -711.134 0.00166992 2.44448 1.30589 1.47899 0.0247508 1.5 0.062316 0.999474 1 -0.998427
5.3564 1e-07 0.80491 66.8021 1e-07 6.32817 1.28343 1.9345 1235.2 1e-07 118.278 23.1338 48.8838 4.73545 7.67349 29825.4 1950.01 3002.02 553.697 465.383 150.492 2e-07 -24.5921 0.250426 4e-07 -418.376 3.5049 -123.885 -28.6813 6e-07 -9591.43 -1073.64 -2916.94 -735.364 -931.907 -205.743 0.00724201 1.76987 0.329174 1.49887 0.838108 1.5 0.0062559 0.999964 1 -0.998337
10.9339 1e-07 0.638453 207.529 1e-07 9.0285 1.12588 1.22934 5324.71 1e-07 264.632 28.409 57.0974 3.46075 3.93713 169832 6109.68 9646.22 960.129 786.937 178.992 2e-07 -72.5542 0.283718 4e-07 -1777.86 4.94437 -264.363 -34.5101 6e-07 -54951.1 -3519.72 -9312.73 -1226.62 -1459.05 -258.996 0.00960841 2.96612 0.207101 1.49007 0.775425 1.5 0.220776 0.999694 1 -0.998703
3.91524 1e-07 3.96415 40.542 1e-07 18.8824 15.6238 32.3584 651.313 1e-07 228.345 177.59 337.814 150.598 356.177 13975.8 5675.53 4187.56 4392.24 2716.07 2357.54 2e-07 -12.1137 -0.381422 4e-07 -179.289 29.0819 -234.486 -275.761 6e-07 -3702.32 -2723.95 -3493.67 -5756.62 -5418.02 -4932.79 0.167756 1.43825 1.95373 1.47728 0.971914 1.5 0.0871346 0.999974 1 -0.988808
9.31377 1e-07 2.20451 168.454 1e-07 25.7292 14.4795 12.6943 4193.89 1e-07 551.976 276.454 398.106 103.807 106.215 130517 30124 16080.3 8438.7 4257.04 3158.16 2e-07 -57.6456 -0.0294928 4e-07 -1349.43 27.6449 -565.616 -386.299 6e-07 -40589.1 -17009.7 -15016.8 -11092.4 -8262.21 -6143.71 0.164652 2.91898 1.29848 1.47839 0.975834 1.5 0.0604746 0.999687 1 -0.97114
3.73333 1e-07 3.73048 35.6757 1e-07 16.229 10.0646 14.2503 522.733 1e-07 181.611 122.967 149.408 39.1966 54.4377 10175.9 4421.96 3075.87 3286.14 1547.62 882.033 2e-07 -10.7056 -0.334687 4e-07 -143.809 18.4193 -200.906 -181.31 6e-07 -2667.44 -2182.96 -2901.78 -4365.34 -2992.22 -1549.69 0.0234753 1.33996 1.9545 1.40481 0.0020545 1.49998 0.0635638 0.999962 1 -0.947319
8.40573 1e-07 1.08275 136.07 1e-07 11.0705 2.46492 3.5116 3078.67 1e-07 241.533 46.9548 106.729 12.7099 18.9131 88215.4 6087.35 7086.79 1301.96 1118.85 443.87 2e-07 -48.1439 0.194859 4e-07 -1026.46 6.17394 -247.819 -61.9373 6e-07 -28335.6 -3456.92 -6796.61 -1714.9 -2189.22 -766.18 0.00336139 2.48722 0.296305 1.49674 0.999147 1.5 0.302314 0.999482 1 -0.876437
0.141122 1e-07 4.5752 0.0566836 1e-07 2.63597 -3.61421 37.2502 0.163599 1e-07 1.89411 -10.7744 90.2942 -34.9396 413.648 2.26778 0.973375 1.80205 -8.61413 71.4734 -226.765 2e-07 4.41707 -0.503631 4e-07 7.80216 -7.69756 28.7219 26.7797 6e-07 8.62664 -44.0372 266.811 -45.6322 -142.432 855.386 0.000838183 -0.290622 1.89185 0.234292 0.999947 1.49999 0.255043 0.999535 1 -0.999583
9.5558 1e-07 2.02583 165.029 1e-07 21.5387 11.227 10.2007 3905.02 1e-07 451.744 206.427 297.292 73.2975 77.7538 115750 21606.3 12896.9 5948.28 3120.2 2292.37 2e-07 -57.0385 0.006243 4e-07 -1271.92 22.0777 -464.353 -288.7 6e-07 -36371.3 -12160.6 -12132.5 -7854.14 -6079.47 -4408.58 0.00542917 2.72565 1.02298 1.47191 0.995182 1.5 0.0188126 0.999687 1 -0.97157
6.17934 1e-07 0.925226 38.5835 1e-07 7.73374 -2.25726 2.55219 242.705 1e-07 109.751 -29.9552 77.5907 -9.53051 11.6135 1543.36 -207.4 1378.9 -417.265 534.608 -300.906 2e-07 -16.8292 0.226363 4e-07 -88.1939 -3.51903 -118.748 49.2383 6e-07 -156.957 -1.45746 -1328.5 608.07 -1182.77 699.231 0.00762495 2.49024 -0.361047 0.0908699 0.895333 1.5 0.216273 0.999986 1 -0.997328
2.64968 1e-07 3.56697 20.582 1e-07 11.4839 4.84512 13.1574 261.83 1e-07 105.649 57.685 91.2055 17.9726 49.0613 4599.32 1757.92 1558.76 1618.14 979.14 415.96 2e-07 -5.25729 -0.301986 4e-07 -64.6794 8.48356 -117.832 -82.0606 6e-07 -1113.38 -836.676 -1463.53 -2136.75 -1864.73 -594.291 0.0223049 0.708013 1.90742 1.46885 0.100488 1.5 0.0144552 0.999962 1 -0.999713
2.1759 1e-07 3.18954 14.2037 1e-07 8.89167 0.813755 20.4397 154.529 1e-07 70.7808 7.9409 103.683 6.71119 185.007 2353.7 169.431 908.647 158.099 800.38 91.2125 2e-07 -3.24746 -0.2265 4e-07 -33.8875 0.744359 -70.1822 -10.0868 6e-07 -506.735 -78.2076 -721.457 -221.056 -1533.99 4.21153 0.00908056 0.0895423 1.51189 1.47214 0.965778 1.5 0.162968 0.999968 1 -0.97258
2.57177 1e-07 4.31736 19.637 1e-07 13.1516 7.04374 33.7844 247.763 1e-07 116.149 68.4396 180.604 66.9591 360.003 4344.91 1523.52 1664.78 1578.07 1473.22 882.633 2e-07 -4.14553 -0.452063 4e-07 -54.5112 12.5152 -112.318 -110.159 6e-07 -970.488 -655.504 -1325.47 -2065.59 -2757.34 -1753.73 0.0249121 0.574809 1.86391 1.49986 0.97598 1.5 0.193048 0.999932 1 -0.934118
8.09586 1e-07 1.04734 124.955 1e-07 10.5187 2.65709 1.11632 2687.42 1e-07 228.527 77.6269 35.1122 2.86074 1.20703 73078.7 14043.8 6567.86 2801.39 775.18 193.722 2e-07 -44.5349 0.201941 4e-07 -899.625 6.54113 -236.912 -98.6419 6e-07 -23468.4 -8110.07 -6514.6 -3630.25 -1327.62 -262.568 0.00289699 2.45103 1.02298 1.45097 0.0622953 1.5 0.0329186 0.999884 1 -0.992482
7.409 1e-07 4.18979 111.362 1e-07 33.789 25.0938 30.3126 2374.8 1e-07 569.073 375.429 619.217 214.711 294.594 64629.4 22833.1 13583.6 10641.6 5755.47 4483.64 2e-07 -36.6278 -0.426549 4e-07 -722.435 46.478 -590.748 -549.673 6e-07 -18918.3 -12266.1 -12187.4 -13984.2 -11438.8 -9109.97 0.01854 2.29891 1.8566 1.49046 0.906123 1.5 0.218121 0.999994 1 -0.946933
9.32731 1e-07 1.91586 164.161 1e-07 20.8745 10.7272 9.68668 3989.15 1e-07 446.698 201.298 286.883 70.4039 74.2643 121756 22416.2 13054.1 5938.89 3069.9 2237.62 2e-07 -56.6596 0.0282366 4e-07 -1298.28 21.1168 -458.183 -280.612 6e-07 -38282.3 -12666.4 -12288.5 -7826.29 -5956.08 -4298.71 0.0639558 2.75023 1.02298 1.49904 0.998947 1.5 0.186258 0.999687 1 -0.97157
10.5711 1e-07 3.30776 199.559 1e-07 38.1411 18.1034 11.3937 5119.43 1e-07 812.928 373.671 362.312 62.4063 39.2907 163597 52477.8 23616 13845.4 4989.61 2046.78 2e-07 -67.1311 -0.250144 4e-07 -1620.96 32.9276 -840.096 -514.211 6e-07 -50133.9 -30072.5 -22718.3 -18003.4 -9213.41 -3813.05 0.0418569 2.94812 1.85686 1.49772 0.00961052 1.5 0.311293 0.999695 1 -0.998703
10.5616 1e-07 3.81636 198.754 1e-07 43.656 22.4366 15.1698 5079.34 1e-07 915.017 446.597 475.147 89.2393 60.3496 161639 55803.6 26141.2 16254.7 6156.41 2716.61 2e-07 -66.3715 -0.351864 4e-07 -1591.59 40.4872 -946.045 -619.31 6e-07 -48995.9 -31797 -24980.7 -21164.2 -11502.3 -5146.18 0.0413684 2.94812 1.9944 1.49293 0.00957833 1.5 0.278141 0.999695 1 -0.998709
9.5422 1e-07 3.97276 175.487 1e-07 46.473 32.7434 32.3235 4427.28 1e-07 957.496 594.017 999.167 316.743 355.069 139335 48936.3 26711.8 18369.9 10036.8 7920.32 2e-07 -58.2155 -0.383145 4e-07 -1364.25 60.118 -978.665 -843.917 6e-07 -41440.4 -27105 -24093.8 -24042.7 -19719.6 -15941.8 0.167039 2.97024 1.95417 1.47723 0.970123 1.5 0.218085 0.999974 1 -0.898086
5.55396 1e-07 0.641558 68.6742 1e-07 5.57982 0.713989 1.24142 1240.76 1e-07 110.923 13.9348 37.6425 2.20459 3.99548 29056.5 1221.87 2859.46 336.192 367.436 78.9581 2e-07 -25.5147 0.283097 4e-07 -424.163 2.59696 -115.543 -15.4906 6e-07 -9403.1 -671.312 -2797.54 -439.382 -733.536 -71.2183 0.00960841 1.86925 0.207101 1.44634 0.777452 1.5 0.217529 0.999694 1 -0.998703
6.31977 1e-07 0.925226 40.3519 1e-07 7.86456 -2.28292 2.55219 259.497 1e-07 113.078 -30.6189 78.6738 -9.63883 11.6135 1685.82 -225.074 1447.42 -433.698 548.539 -308.147 2e-07 -17.5001 0.226363 4e-07 -94.6073 -3.53874 -122.127 50.1373 6e-07 -199.854 6.55448 -1396.71 630.538 -1209.14 712.914 0.00762495 2.51849 -0.361047 0.0908699 0.895333 1.5 0.216273 0.999986 1 -0.997328
7.29889 1e-07 3.69809 115.045 1e-07 33.6823 25.1243 29.4174 2589.5 1e-07 605.753 397.843 685.081 237.361 317.989 74301.3 26056.5 15264.6 11600.5 6423.65 5231.05 2e-07 -38.1143 -0.32821 4e-07 -790.847 46.515 -624.345 -577.548 6e-07 -21851.1 -14116.4 -13619.5 -15206.3 -12758.2 -10632.9 0.197182 2.50832 1.90899 1.49909 0.972421 1.5 0.259361 0.999978 1 -0.969212
3.73359 1e-07 3.7351 35.6703 1e-07 16.0852 9.81021 14.2944 522.48 1e-07 179.931 121.807 150.022 37.6249 54.7872 10167 4330.37 3053.52 3278.9 1553.55 877.041 2e-07 -10.6996 -0.335612 4e-07 -144.159 17.9394 -198.842 -178.907 6e-07 -2672.94 -2132.3 -2874.44 -4355.76 -3004.1 -1531 0.0226224 1.33996 1.9545 1.40443 0.0376074 1.49998 0.0610109 0.999962 1 -0.996235
7.36421 1e-07 4.33148 107.89 1e-07 34.3726 26.1164 31.999 2229.16 1e-07 564.231 382.464 653.23 226.512 316.191 58590.7 21162.3 13078.7 10505.8 5865.69 4670.46 2e-07 -35.3997 -0.454889 4e-07 -673.52 48.388 -586.762 -562.53 6e-07 -16985.2 -11236 -11618.6 -13838.1 -11754.3 -9513.22 0.0189973 2.31472 1.89595 1.45097 0.905425 1.5 0.221838 0.999884 1 -0.992222
10.814 1e-07 3.64738 206.902 1e-07 43.3297 21.5977 13.8781 5362.39 1e-07 927.598 439.623 449.959 82.9768 52.8216 172813 59046.9 26924.2 16116.6 5979.63 2559.16 2e-07 -69.2371 -0.318069 4e-07 -1685.63 38.9784 -957.429 -607.486 6e-07 -52568.4 -33770.1 -25796.6 -20973 -11119.1 -4836.26 0.041996 2.99211 1.95092 1.49556 0.0020545 1.5 0.164174 0.999967 1 -0.943336
7.92945 1e-07 4.59145 124.117 1e-07 39.6334 30.4984 36.7693 2728.1 1e-07 688.491 466.727 817.994 286.543 393.491 76061.7 27829.5 16797.1 13383.7 7480.31 6075.08 2e-07 -40.5732 -0.506883 4e-07 -823.648 56.3323 -710.922 -682.439 6e-07 -22104.2 -14917.4 -14868.9 -17559.9 -14934.7 -12407 0.0433558 2.44966 1.97842 1.47852 0.940398 1.5 0.151606 0.999687 1 -0.992767
6.32724 1e-07 1.99469 85.422 1e-07 14.7246 8.26326 9.95173 1663.06 1e-07 247.401 124.994 193.774 53.6323 75.3301 41685.3 8323.11 5885.34 3073.65 1790.4 1312.69 2e-07 -29.9591 0.0124703 4e-07 -540.168 16.1847 -259.362 -179.103 6e-07 -12931.6 -4508.23 -5495.19 -4103.27 -3571.96 -2528.65 0.00547178 2.04745 1.00761 1.46889 0.995182 1.5 0.0108005 0.999687 1 -0.97157
10.0664 1e-07 4.38102 187.672 1e-07 50.5368 35.5334 35.0344 4779.32 1e-07 1042.44 644.47 1067.92 335.189 373.633 151810 53949 29215.3 20285.5 10835.9 8275.04 2e-07 -61.987 -0.464797 4e-07 -1469.86 65.1009 -1065.43 -915.697 6e-07 -45110.1 -29922.8 -26410.6 -26522.3 -21241.1 -16667 0.0967905 2.94548 1.99352 1.49272 0.93233 1.5 0.257935 0.999917 1 -0.907421
9.1234 1e-07 3.38012 153.604 1e-07 33.2213 16.6668 11.6106 3563.01 1e-07 636.333 313.35 312.117 57.2691 39.9023 103817 34775.2 16837.1 10836.6 4080.21 1775.49 2e-07 -51.8246 -0.264616 4e-07 -1122.84 30.4428 -665.753 -435.988 6e-07 -31526.4 -19675.8 -16220 -14158.2 -7601.06 -3289.68 0.0165204 2.66008 1.85349 1.47066 0.0122375 1.5 0.278972 0.999546 1 -0.999076
10.4402 1e-07 4.33099 193.11 1e-07 48.9863 32.0658 29.0532 4860.74 1e-07 1002.45 583.761 863.44 251.3 252.799 152661 54087.9 27898.6 18676.5 9170.57 6144.87 2e-07 -64.0423 -0.454789 4e-07 -1504.37 58.6296 -1029.73 -826.707 6e-07 -45646.8 -30238.8 -25700.9 -24437.4 -17814 -12296.1 0.0095868 2.87766 1.9344 1.49619 0.79366 1.5 0.341494 0.99954 1 -0.843309
