10.3456 1e-07 0.953042 192.463 1e-07 11.2493 0.38287 2.76767 4868.08 1e-07 265.214 17.35 97.0291 1.84253 13.4248 153601 6583.18 8400.57 726.51 1009.94 71.9598 2e-07 -67.1313 0.2208 4e-07 -1619.14 2.77216 -269.788 -18.106 6e-07 -49622.4 -3854.37 -8070.28 -917.533 -1985.98 -38.6712 0.0208103 2.88387 -0.0286888 1.49959 0.984699 3.4459e-06 0.365645 0.991715 0.455425 -0.560398
0.000133213 1e-07 4.99981 1.77524e-08 1e-07 1.17623 10.1923 42.9982 2.36658e-12 1e-07 0.000906818 3.3504 47.6615 145.411 498.977 3.15597e-16 1.1133e-11 2.99905e-07 0.00425335 13.3313 161.205 2e-07 4.99968 -0.588554 4e-07 3.5287 20.1493 36.411 -46.647 6e-07 0.00453408 13.4014 141.977 261.255 209.899 -921.685 3.65935e-05 -0.0115415 -2 0.000107331 0.999997 6.17509e-07 0.23802 0.999972 0.420328 0.337503
9.04001 1e-07 4.62994 149.731 1e-07 38.2034 -29.8493 38.0293 3410.73 1e-07 629.15 -402.642 856.308 -277.032 425.322 97537.2 -27975.8 14670.2 -10884.4 5619.67 -5196.59 2e-07 -49.3293 -0.51458 4e-07 -1058.34 -63.6201 -633.862 601.785 6e-07 -29526.1 15110.7 -12400.9 13896.7 -12270 11253.9 0.00350403 2.63649 -1.9094 1.45626 0.999926 3.43302e-06 0.395358 0.999993 0.298953 -0.497885
11.25 1e-07 3.41757e-08 217.688 1e-07 1.26747 2.34457e-08 1.16801e-15 5683.92 1e-07 85.5723 2.46156 2.59969e-07 1.33595e-15 6.8104e-21 184349 9100.03 4139.79 277.305 12.5492 8.42695e-07 2e-07 -76.5562 0.411408 4e-07 -1919.06 4.37485 -80.8175 0.0461334 6e-07 -60560.7 -5377.73 -3983.27 -305.733 -18.8238 50 6.83047e-18 3 -0.000184867 1.5 8.77949e-11 1.39342e-06 0.20107 0.991496 0.419067 -0.53377
8.37413 1e-07 3.79986 95.6079 1e-07 18.4382 -12.954 15.0163 1346.48 1e-07 129.795 -62.1519 267.132 -32.2298 61.498 22326.4 -4030.73 1166.24 -839.564 219.771 -126.349 2e-07 -33.2566 -0.348564 4e-07 -444.238 -26.1504 -153.228 132.771 6e-07 -7395.41 2183.2 -618.958 1155.41 -1641 697.569 0.00164121 2.75553 -1.94144 0.891607 0.191583 2.36893e-06 0.360124 0.991858 0.41013 0.370511
8.23818 1e-07 1.89133 94.6203 1e-07 14.6483 -8.74575 9.13849 1354.78 1e-07 199.086 -96.5498 223.475 -53.3458 67.6478 22989.6 -3097.4 3557.04 -1551.14 1164.92 -1296.93 2e-07 -34.7329 0.0331415 4e-07 -457.109 -17.0319 -211.36 154.856 6e-07 -7256.21 1471.35 -3099.2 2112.36 -2806.42 2805.46 0.000756356 2.71842 -0.946007 0.924437 0.998896 1.35722e-05 0.237197 0.999728 0.431267 -0.560521
9.11705 1e-07 0.711582 174.147 1e-07 8.94936 -0.219208 1.79922 4494.24 1e-07 227.35 0.881957 70.0184 -0.884013 7.66567 144173 2473.28 7647.56 173.162 789.766 -38.7992 2e-07 -60.6494 0.269092 4e-07 -1495.57 1.52254 -229.598 3.8553 6e-07 -46609.4 -1454.26 -7355.07 -191.655 -1527.54 163.668 0.175862 2.97102 -0.0821866 1.49518 0.919791 1.31232e-06 0.223475 0.999622 -0.370364 -0.712525
8.16197 1e-07 4.66768 66.8286 1e-07 24.32 -25.9974 35.6199 547.295 1e-07 121.726 -112.849 727.768 -195.773 360.249 4483.04 -524.665 660.381 -515.768 557.723 -1587.97 2e-07 -23.5429 -0.522128 4e-07 -158.057 -53.5009 -139.094 239.683 6e-07 -1283.58 -133.449 1257.64 472.184 -4124.25 4296.69 0.0029431 2.86105 -1.96832 0.020816 0.898374 4.8981e-07 0.196934 0.999602 0.323265 0.335997
3.07036 1e-07 3.66545 27.2684 1e-07 11.5417 -4.98747 13.8218 387.148 1e-07 107.259 -54.2621 89.9972 -13.7466 52.143 7473.41 -2538.96 1630.03 -1887.09 746.661 -284.832 2e-07 -7.58542 -0.321682 4e-07 -108.788 -11.0201 -115.84 91.5837 6e-07 -2092.87 1296.1 -1502.54 2455.77 -1531.48 864.132 0.0278698 0.984142 -1.94159 1.47981 0.0175297 1.20923e-06 0.127751 0.986379 0.415793 -0.619635
9.37454 1e-07 3.91479 120.205 1e-07 20.4472 -14.0745 16.3122 1903.71 1e-07 149.519 -66.5352 318.973 -36.2675 71.8335 35525.9 -5598.45 1291.11 -950.052 175.241 -101.509 2e-07 -41.5211 -0.371549 4e-07 -629.977 -28.3817 -175.374 142.279 6e-07 -11813.9 3112.48 -633.674 1284.68 -1825.66 684.051 0.00210111 2.91447 -1.96509 0.948772 0.247868 3.8828e-06 0.0831133 0.991911 0.471597 0.548975
8.97497 1e-07 0.830196 160.202 1e-07 9.50002 0.640181 2.32146 3893.18 1e-07 217.388 21.3822 79.03 2.98668 10.8291 118111 6793.35 6659.77 799.652 810.325 113.097 2e-07 -56.2054 0.245369 4e-07 -1299.65 3.07274 -222.02 -24.0986 6e-07 -38239.5 -3968.05 -6415.28 -1020.37 -1598.67 -126.308 0.110978 2.81478 0.00392602 1.47389 0.96589 4.78034e-06 0.0836029 0.999563 -0.034514 -0.507039
2.76218 1e-07 0.024246 25.6639 1e-07 1.05167 0.0315498 0.00919505 377.211 1e-07 19.9414 2.77558 0.0655555 0.0195697 0.0059724 7492.39 1914.03 463.05 90.586 10.4535 0.13074 2e-07 -10.4371 0.406559 4e-07 -135.672 0.98915 -21.1025 -0.400727 6e-07 -2525.22 -1130.75 -477.205 -108.91 -15.882 50.7915 0.181534 1.08895 -0.000184867 1.47953 0.0283918 1.61814e-06 0.360454 0.999957 0.425604 0.450026
10.2718 1e-07 4.59756 188.176 1e-07 44.728 -33.2755 37.9819 4672.81 1e-07 821.07 -504.726 1017.71 -313.595 426.6 144502 -41551.3 20968.1 -14515.6 7445.53 -6609.31 2e-07 -62.1271 -0.508104 4e-07 -1455.84 -71.2707 -825.183 737.93 6e-07 -43918.1 22825.1 -18129.9 18544.5 -15810.3 14013.7 0.0221021 2.88508 -1.92427 1.47656 0.998443 1.62198e-06 0.280179 0.996689 0.35291 -0.552612
9.39123 1e-07 4.57848 134.818 1e-07 40.5475 -33.0271 37.3153 2485.68 1e-07 590.404 -413.079 967.373 -306.871 412.28 55312.3 -18400.5 11450.8 -8475.87 5492.88 -5621.04 2e-07 -45.258 -0.504287 4e-07 -758.879 -70.3 -605.782 627.179 6e-07 -16127.4 9325.35 -9050.91 10950.9 -12646.4 12198 0.0209698 2.88387 -1.92507 1.12945 0.984699 2.14248e-06 0.217346 0.986338 0.456029 -0.560398
7.46041 1e-07 0.874735 112.624 1e-07 10.4032 3.60975 2.67236 2279.09 1e-07 211.316 80.3295 90.2066 18.2337 13.7362 57074.9 14320.5 5467.47 2137.07 978.524 574.249 2e-07 -40.3727 0.236461 4e-07 -765.142 8.20814 -219.805 -106.744 6e-07 -18345 -8266.9 -5308.15 -2837.35 -1899.35 -1045.44 0.166835 2.6941 0.265579 1.30235 0.982111 4.66242e-06 0.272038 0.999758 0.00685881 0.424567
11.0826 1e-07 0.993171 210.237 1e-07 12.2303 0.78307 2.9593 5372.95 1e-07 290.154 28.7472 107.318 3.88878 14.6961 170412 9903.57 9194.52 1121.49 1119.5 155.865 2e-07 -73.1604 0.212774 4e-07 -1785.43 3.67956 -295.105 -33.3611 6e-07 -55045.8 -5798.69 -8832.2 -1432.49 -2199.87 -199.752 4.84494e-05 2.98254 -0.000227877 1.47905 0.996603 1.45184e-06 0.20706 0.999963 0.404537 -0.472968
9.06193 1e-07 4.62981 150.906 1e-07 38.3016 -29.8456 38.0209 3459.37 1e-07 634.06 -404.521 856.934 -276.935 425.13 99609.4 -28491.3 14873.3 -11020.7 5658.92 -5212.42 2e-07 -49.7039 -0.514554 4e-07 -1073.81 -63.6233 -638.585 604.027 6e-07 -30171.9 15411.9 -12596 14068.1 -12332.2 11281.9 0.00344829 2.63649 -1.9094 1.46362 0.999736 3.4571e-06 0.393116 0.999993 0.29597 -0.497885
7.89256 1e-07 4.83953 88.2834 1e-07 34.1823 -31.52 39.6334 1233.57 1e-07 379.548 -303.56 854.983 -287.025 434.011 20453.9 -7526.69 5555.14 -4653.17 3525.05 -4091.97 2e-07 -29.5381 -0.556499 4e-07 -355.806 -66.6295 -395.05 489.445 6e-07 -5472 3262.18 -3482.25 5990.05 -9114.63 9339.64 0.0124347 2.67377 -1.99799 0.918083 0.952438 3.06924e-06 0.329915 0.994393 0.0312259 -0.457295
1.8113 1e-07 4.93716 9.7695 1e-07 9.43227 -2.82142 42.0494 87.2049 1e-07 54.1736 -20.7481 135.833 -14.3795 483.581 1083.23 -303.458 517.874 -500.33 692.404 -175.03 2e-07 0.195009 -0.576025 4e-07 -7.63414 -6.7841 -34.1572 34.5507 6e-07 -141.306 92.2668 -214.885 629.013 -1238.61 642.847 0.000920429 0.450139 -1.98693 1.26899 0.996874 4.29994e-06 0.236977 0.999684 -0.0371958 -0.544585
10.9174 1e-07 4.40443 199.721 1e-07 45.4533 -32.2458 33.5725 4877.34 1e-07 846.253 -505.69 969.096 -280.461 345.307 147048 -42717.3 21592 -14281.1 7353 -6153.79 2e-07 -66.4291 -0.469479 4e-07 -1526.56 -69.0908 -854.741 736.255 6e-07 -44760.6 23520.5 -18912.5 18356.4 -15522.1 13007.8 0.00630575 2.99597 -1.88311 1.41803 0.941371 2.33363e-06 0.134014 0.999986 0.378915 -0.615788
7.35852 1e-07 1.71763 84.1358 1e-07 11.3539 -7.04691 8.33089 1197.55 1e-07 133.509 -58.8346 184.53 -41.4145 61.9957 20183.8 -1280.97 2187.35 -745.846 636.853 -912.442 2e-07 -30.8816 0.0678816 4e-07 -409.339 -13.3373 -143.775 102.697 6e-07 -6585.16 541.155 -1797.9 1023.82 -1824.22 2032.39 0.106237 2.71842 -0.957767 0.91834 0.998896 1.35722e-05 0.237197 0.999728 0.431267 -0.202988
8.19025 1e-07 3.56887 84.8477 1e-07 13.8182 -10.0148 12.7403 1045.1 1e-07 57.5257 -22.5644 208.273 -15.2686 45.4908 14799.2 -1429.71 148.17 -189.576 -2.23393 5.10648 2e-07 -30.0757 -0.302366 4e-07 -356.923 -19.4236 -77.4829 73.8498 6e-07 -5197.24 790.968 325.657 262.582 -1026.09 344.347 4.89504e-05 2.76209 -1.88914 0.749323 0.0141013 1.19026e-06 0.367965 0.999969 -0.202089 0.608305
3.17929 1e-07 3.64889 33.432 1e-07 14.0251 -11.5307 29.5059 534.847 1e-07 147.331 -107.548 254.999 -98.5649 320.184 11323.1 -3724.13 2432.36 -2753.55 1410.96 -1220.33 2e-07 -9.56001 -0.31837 4e-07 -151.811 -24.5585 -141.708 175.385 6e-07 -3195.11 1788.58 -1833.86 3479.48 -3069.4 2992.16 0.242299 1.444 -1.97496 1.45287 0.952965 1.66767e-06 0.149401 0.999527 0.0102062 -0.490038
6.68572 1e-07 1.37283 75.0192 1e-07 10.0341 -5.54115 5.81559 1052.09 1e-07 134.597 -57.8608 137.761 -29.8047 38.2322 17515 -1732.44 2393.76 -880.326 679.232 -728.15 2e-07 -27.8187 0.136842 4e-07 -360.544 -10.3386 -143.762 95.6601 6e-07 -5633.62 811.966 -2127.54 1217.95 -1677.31 1614.23 0.165035 2.6756 -0.852997 0.921057 0.952735 1.67419e-06 0.211845 0.994393 0.0121047 -0.489379
7.41968 1e-07 3.19133 56.4481 1e-07 12.535 -9.63203 10.4705 429.586 1e-07 38.7509 -22.5453 176.076 -17.9192 34.486 3270.28 -162.979 112.47 -90.1906 61.2043 -39.0299 2e-07 -21.1628 -0.226859 4e-07 -147.719 -18.7185 -59.1208 72.2719 6e-07 -1216.92 23.0795 317.515 145.342 -968.367 415.302 0.0244329 2.7577 -1.80755 0.0243974 0.0542171 1.19614e-06 0.206464 0.999445 -0.222873 0.317025
7.97102 1e-07 4.69001 63.8273 1e-07 34.0501 -32.9663 37.9818 511.208 1e-07 286.557 -276.695 900.573 -302.659 415.015 4095.32 -2023.24 2741.78 -2850.76 2993.44 -4224.22 2e-07 -22.4292 -0.526595 4e-07 -115.04 -69.4634 -312.179 463.284 6e-07 -307.021 76.111 -542.543 3670.11 -8562.31 9665.99 0.0043197 2.82934 -1.94144 0.0213245 0.970097 2.36893e-06 0.137505 0.999787 -0.0655251 -0.560615
5.55683 1e-07 0.84622 70.6172 1e-07 6.43402 0.648876 2.16249 1319.52 1e-07 116.382 11.9512 52.0161 2.7571 9.21563 32064.6 1445.17 2900.15 310.434 461.798 78.2796 2e-07 -25.8958 0.242164 4e-07 -447.171 2.29708 -122.078 -12.7131 6e-07 -10357 -813.52 -2806.81 -403.065 -942.27 -61.5503 0.00808281 -1.84068 -0.0867643 1.48796 0.919202 1.24487e-06 0.283421 0.999738 -0.206979 -0.805361
2.07155 1e-07 1.94411 12.8745 1e-07 5.1713 3.94453 9.55622 133.356 1e-07 39.2476 27.7422 46.3945 32.2371 71.6994 1933.84 634.727 480.164 322.15 300.186 262.388 2e-07 -3.98978 0.0225855 4e-07 -37.3673 7.70706 -42.4639 -45.0923 6e-07 -517.271 -272.42 -419.03 -432.653 -610.443 -512.284 3.65935e-05 -0.0115415 -0.971692 1.43927 0.999999 1.62368e-06 0.23802 0.999972 0.41627 0.337503
2.56856 1e-07 0.837286 22.5793 1e-07 3.84306 1.19253 2.54857 315.956 1e-07 45.3139 14.4368 32.5565 5.98145 12.9721 5996.15 846.961 801.326 260.812 224.927 99.8709 2e-07 -8.50507 0.243951 4e-07 -105.837 2.67318 -50.1209 -18.0469 6e-07 -1888.23 -450.203 -763.797 -354.59 -485.286 -120.034 0.185237 1.01258 0.2372 1.45849 0.982757 3.44692e-06 0.156515 0.999964 -0.034514 -0.507634
4.32212 1e-07 3.83923 51.5836 1e-07 19.8022 -16.5732 29.715 905.272 1e-07 248.91 -182.896 371.627 -143.942 306.891 20661.8 -7292.96 4695.78 -4612.17 2490.64 -2166.37 2e-07 -15.958 -0.356437 4e-07 -263.758 -35.3287 -248.739 286.359 6e-07 -5859.25 3615.63 -3803.18 5891.49 -5283.41 4985.13 0.17831 1.78329 -1.95514 1.44219 0.919791 1.31232e-06 0.131751 0.999622 -0.293838 -0.712525
6.66571 1e-07 3.83259 74.6314 1e-07 28.2823 -25.0928 30.0874 1044.74 1e-07 330.018 -260.046 668.99 -223.58 318.601 17364.7 -6556.39 5045.76 -4178.89 3176.05 -3506.29 2e-07 -25.2226 -0.35511 4e-07 -303.206 -53.0997 -344.248 412.852 6e-07 -4604.05 2858.35 -3446.26 5429.91 -7781.87 7869.78 0.165035 2.67112 -1.91788 0.921057 0.952735 1.67419e-06 0.145043 0.994393 0.0121047 -0.595949
3.95128 1e-07 3.02217 35.6767 1e-07 11.3934 -9.09708 19.2212 473.689 1e-07 112.153 -78.9241 188.887 -65.5905 175.304 8179.5 -2007.72 1676.11 -1397.07 908.595 -885.238 2e-07 -11.6321 -0.193025 4e-07 -143.603 -18.8473 -113.167 133.869 6e-07 -2366.77 881.183 -1254.62 1825.43 -2136.65 2186.4 0.0070134 1.55097 -1.43204 1.25446 0.995792 1.20834e-06 0.408368 0.999756 0.114292 -0.561438
3.40547 1e-07 0.18391 32.4408 1e-07 2.29742 0.242752 0.0599402 484.865 1e-07 38.8594 9.78129 2.57801 0.113712 0.0264242 9748.14 1579.36 843.003 261.721 65.6609 10.2454 2e-07 -12.9538 0.374626 4e-07 -171.008 1.42706 -41.8786 -9.27856 6e-07 -3215.01 -902.915 -870.481 -338.106 -110.413 39.506 0.0332144 1.16373 0.389434 1.47249 0.195085 3.8828e-06 0.121952 0.999592 -0.102029 -0.540049
8.86614 1e-07 4.6283 131.621 1e-07 38.2376 -30.9851 37.3758 2603.61 1e-07 574.92 -392.034 875.889 -283.423 407.846 63516.1 -20284.7 11888.9 -8974.77 5290.02 -5102.78 2e-07 -43.7242 -0.514251 4e-07 -797.991 -65.9702 -585.47 593.856 6e-07 -18783.8 10541.8 -9679.51 11541.6 -11892.4 11129.8 0.0109269 2.71074 -1.93222 1.27121 0.972147 1.1955e-06 0.2855 0.999993 -0.103598 -0.561428
11.1773 1e-07 0.978117 215.275 1e-07 12.2354 0.100653 2.87933 5592.05 1e-07 300.601 11.861 107.692 0.49749 14.1276 180386 5782.67 9841.01 589.885 1156.16 20.206 2e-07 -74.7818 0.215785 4e-07 -1856.18 2.35267 -304.398 -10.3731 6e-07 -58205 -3393.71 -9439.19 -733.653 -2258.41 63.9516 0.00332831 2.9968 -0.05159 1.4946 0.989271 5.28864e-07 0.138789 0.999617 0.410638 -0.622413
8.56866 1e-07 0.992721 158.484 1e-07 7.69775 -1.70684 3.41948 3990.43 1e-07 143.842 -1.59276 87.6601 -7.04805 19.2564 125425 8190.28 4058.18 342.54 392.867 -267.638 2e-07 -55.1212 0.212864 4e-07 -1332.52 -1.42801 -148.619 12.8214 6e-07 -40898.6 -4884.11 -3820.43 -409.129 -1011.84 628.257 0.181102 2.86596 -0.533476 1.49998 0.957952 4.02062e-06 0.21262 0.987089 -0.0555339 0.433347
10.1206 1e-07 1.08563 188.476 1e-07 16.1424 5.87081 3.661 4754.26 1e-07 394.889 147.199 145.19 31.6175 20.4609 149284 35903.3 12430.8 4628.7 1971.71 1155.91 2e-07 -65.5777 0.194282 4e-07 -1566.33 12.6768 -401.927 -195.907 6e-07 -47565 -20954.6 -11980.9 -6067.87 -3654.7 -2161.17 0.0543411 2.91447 0.389434 1.48594 0.995399 3.8828e-06 0.31046 0.999985 0.471597 0.548975
8.74135 1e-07 0.760644 153.422 1e-07 8.00106 1.2417 1.92088 3692.25 1e-07 179.093 43.1984 61.3441 5.2399 8.09751 111369 17219.9 5449.04 1477.35 582.287 163.584 2e-07 -54.0072 0.259279 4e-07 -1237.09 4.47945 -183.638 -52.6957 6e-07 -36207.5 -10131.8 -5270.34 -1913.7 -1169.56 -234.666 0.099326 2.73703 -0.0617186 1.48796 0.916154 1.85029e-06 0.111858 0.999986 -0.0289753 0.42701
11.25 1e-07 0.79624 217.688 1e-07 10.0772 1.62612 1.90199 5683.92 1e-07 248.949 57.9785 71.6922 6.47392 7.57222 184349 27101.6 8184.45 2116.94 787.104 242.963 2e-07 -75.76 0.25216 4e-07 -1892.63 5.86516 -252.872 -71.874 6e-07 -59743.8 -15989.3 -7915.17 -2729.35 -1528.09 -383.152 6.83047e-18 3 -0.000184867 1.5 0.892323 3.4446e-06 0.368077 0.99164 0.415793 0.370972
5.19395 1e-07 4.65432 61.6462 1e-07 23.8369 -20.0229 36.0521 1077.29 1e-07 298.557 -219.804 445.825 -174.258 372.342 24500 -8709.85 5606.61 -5527.83 2987.05 -2600.76 2e-07 -19.0335 -0.519456 4e-07 -313.322 -42.6763 -298.153 343.924 6e-07 -6934.51 4312.34 -4538.2 7060.19 -6332.6 5985.43 0.00306721 1.76919 -1.95514 1.44219 0.919791 1.3122e-06 0.131751 0.986269 -0.293838 -0.712525
7.31974 1e-07 1.42454 106.924 1e-07 8.07498 -3.9752 6.28667 2085.53 1e-07 104.839 -22.6888 127.623 -19.2722 43.343 50226.5 1537.63 2116.83 -201.607 314.437 -492.222 2e-07 -37.9724 0.1265 4e-07 -708.357 -6.55398 -111.1 47.1291 6e-07 -16629.3 -990.311 -1829.98 284.982 -1073.15 1128.53 0.165035 2.6756 -0.852997 1.26795 0.981851 2.8123e-06 0.270624 0.994393 0.0101135 0.384868
8.79816 1e-07 1.19538 143.922 1e-07 15.9703 6.81835 4.19493 3248.8 1e-07 350.567 146.92 144.048 37.2957 24.0539 92238.3 26425.2 9938.75 4121.84 1872.64 1154.68 2e-07 -50.7794 0.172333 4e-07 -1070.65 14.0623 -361.272 -199.304 6e-07 -29167.5 -15278.3 -9608.51 -5451.1 -3495.75 -2186.96 0.0072929 2.59482 0.492868 1.45936 0.979964 4.38928e-06 0.351617 0.999683 -0.179192 0.592532
8.14582 1e-07 4.65081 93.1377 1e-07 35.1026 -31.3355 37.6622 1325.68 1e-07 413.197 -326.004 859.197 -287.572 411.842 22343.4 -8347.82 6357.47 -5236.18 4001.83 -4532.59 2e-07 -31.4363 -0.518753 4e-07 -385.533 -66.3403 -430.123 515.962 6e-07 -5962.7 3660.35 -4285.92 6779.7 -9872.03 10128.7 0.0106106 2.71842 -1.93789 0.91834 0.97194 1.35722e-05 0.237197 0.999728 0.431267 -0.568433
2.8712 1e-07 3.99808 23.7831 1e-07 11.3527 -4.23586 16.7856 319 1e-07 96.8231 -44.1596 92.4019 -11.0796 73.6127 5863.69 -1925.44 1367.73 -1618.65 718.486 -226.044 2e-07 -6.00804 -0.388208 4e-07 -85.425 -9.56103 -103.143 76.0898 6e-07 -1593.99 969.044 -1230.97 2096.54 -1478.01 762.689 0.00227023 0.842329 -1.98972 1.47249 0.219366 6.86035e-07 0.148884 0.999593 -0.103795 -0.561743
4.45771 1e-07 4.46271 48.9073 1e-07 17.1658 -13.4066 32.8213 807.508 1e-07 179.537 -121.395 296.33 -98.1643 319.832 17545.4 -5096.19 2957.13 -3278.09 1436.95 -1179 2e-07 -14.6672 -0.481134 4e-07 -239.662 -28.4124 -176.237 200.188 6e-07 -5173.46 2556.34 -2274.62 4160.17 -3323.32 2972.65 0.0120528 1.55097 -1.93395 1.4514 0.881165 1.20232e-06 0.212201 0.999951 -0.211094 -0.315705
4.63349 1e-07 1.02097 46.7194 1e-07 7.05315 3.34973 3.14283 681.87 1e-07 98.3067 46.9791 60.9452 16.9805 16.1034 12838.7 4006.8 1850.41 885.192 487.106 311.254 2e-07 -17.6284 0.207215 4e-07 -230.121 7.19509 -107.498 -65.5108 6e-07 -4041.95 -2216.61 -1791.55 -1209.25 -1013.99 -556.463 0.00818804 1.7409 0.2372 1.28103 0.986145 2.79725e-06 0.280624 0.999833 -0.165496 0.393282
8.28182 1e-07 3.87741 145.709 1e-07 26.2681 -20.2768 30.1656 3505.14 1e-07 365.428 -206.608 632.189 -154.327 315.862 105514 -18674.9 7306.01 -5707.22 1997.55 -2244 2e-07 -48.117 -0.364073 4e-07 -1118.45 -42.4 -371.441 329.542 6e-07 -33332.3 10365.4 -5713.14 7203.26 -5847.67 5186.28 0.1564 2.76211 -1.92406 1.47918 0.941616 1.194e-06 0.202784 0.999145 -0.20246 0.421585
8.28535 1e-07 4.7834 68.8225 1e-07 23.7465 -26.5991 38.8377 572.834 1e-07 107.402 -101.315 788.221 -210.615 423.584 4777.53 -206.508 495.885 -338.472 409.1 -1763.23 2e-07 -24.1487 -0.545273 4e-07 -169.433 -54.5389 -121.084 227.247 6e-07 -1469.08 -274.52 1626.55 158.38 -4135.29 4688.28 0.000523044 2.87845 -1.96563 0.0648986 0.960307 1.24638e-06 0.0725909 0.999447 -0.200506 0.519035
8.16332 1e-07 1.00904 84.3469 1e-07 10.878 3.69872 3.05112 1036.58 1e-07 168.282 74.2199 100.062 18.4195 15.3603 14648.9 5679.47 2945.12 1467.25 796.539 534.965 2e-07 -32.4583 0.209601 4e-07 -362.686 8.5803 -182.146 -99.5884 6e-07 -4589.82 -3109.76 -2877.53 -2009.42 -1673.75 -968.435 4.89504e-05 2.75721 0.203983 0.749323 0.983601 3.60655e-06 0.367965 0.999942 0.602113 0.349868
2.51971 1e-07 3.1688 7.72882 1e-07 9.3554 -9.52177 12.1994 23.7134 1e-07 42.6124 -57.5889 128.356 -33.1888 47.0252 72.7769 -57.7194 220.279 -381.648 490.761 -479.488 2e-07 -1.66956 -0.222352 4e-07 13.2233 -19.878 -51.3614 113.136 6e-07 167.516 -201.067 76.2574 601.265 -1353.48 1301.88 0.17831 1.75108 -1.96273 0.0144897 0.0165943 1.31232e-06 0.133665 0.999458 -0.293406 -0.712525
2.62349 1e-07 0.835626 23.3935 1e-07 4.11522 0.812937 2.5379 330.956 1e-07 51.349 10.6796 38.3272 4.0333 12.8892 6337.92 522.661 946.39 198.331 259.362 79.6268 2e-07 -8.8059 0.244283 4e-07 -110.335 1.88215 -56.2658 -12.0197 6e-07 -1975.59 -271.524 -894.02 -269.951 -566.463 -71.9968 0.18507 1.04503 0.2372 1.45849 0.981616 3.44692e-06 0.156515 0.999638 -0.034514 -0.824685
7.46887 1e-07 2.46139 74.3432 1e-07 15.6873 -8.36903 6.14424 899.303 1e-07 168.27 -91.512 129.283 -17.8617 15.4009 12687 -3652.37 2426.37 -1574.53 774.47 -368.546 2e-07 -27.3104 -0.0808695 4e-07 -297.072 -16.8028 -189.85 149.909 6e-07 -3864.05 1822.31 -2273.24 2229.17 -1818.22 959.992 0.00995017 2.62969 -1.57591 0.79287 0.0506765 7.93126e-07 0.0847216 0.999781 -0.180226 -0.498108
10.9084 1e-07 1.06837 197.814 1e-07 15.7264 5.15039 3.41754 4782.56 1e-07 379.933 135.849 139.393 26.7842 18.1554 142649 33764.9 11652.2 4245.74 1793.23 1008.66 2e-07 -69.1841 0.197734 4e-07 -1585.4 11.6433 -387.247 -179.35 6e-07 -45677.5 -19710.1 -11249.4 -5568.93 -3360.86 -1868.01 0.00210111 2.99188 0.288447 1.40713 0.993681 3.91993e-06 0.0831133 0.999579 0.473386 0.577746
10.3243 1e-07 1.01323 185.119 1e-07 13.0833 3.84 3.13974 4442.89 1e-07 303.833 83.797 115.134 18.475 16.0433 131845 16327.8 9184.06 2549.11 1331.35 713.014 2e-07 -64.8468 0.208763 4e-07 -1478.74 9.31086 -310.712 -111.671 6e-07 -42477.3 -9446.09 -8856.89 -3339.95 -2550.09 -1288.93 0.0335192 2.94676 0.388058 1.41387 0.947239 3.87664e-06 0.122026 0.999967 -0.0292896 -0.540018
0.000128238 1e-07 3.9894 3.02371e-08 1e-07 1.15518 8.09134 15.9912 9.81799e-12 1e-07 0.000869542 3.24272 26.8777 53.8451 64.223 4.005e-15 4.63961e-11 5.09194e-07 0.0040374 12.7302 124.347 2e-07 3.98927 -0.386472 4e-07 3.46555 15.9517 10.0975 -29.8055 6e-07 0.0043477 12.9707 79.6576 86.8153 -82.8947 -257.223 0.00287595 -0.00991074 -1.99973 0.00551224 0.0437453 6.17509e-07 0.151405 0.991605 0.420014 0.347318
5.03818 1e-07 4.5789 58.7339 1e-07 15.7926 -12.6236 35.4776 1005.2 1e-07 144.608 -89.9084 333.671 -79.6814 365.944 22355.4 -4408.39 2084.7 -2666.93 821.767 -796.914 2e-07 -18.0794 -0.504371 4e-07 -312.917 -26.3329 -138.26 158.496 6e-07 -6988.78 2280.64 -1282.07 3321.21 -2547.16 2167.96 0.0243472 1.77378 -1.96308 1.42043 0.915988 1.19176e-06 0.134972 0.99944 -0.257285 0.313976
9.35781 1e-07 0.993947 162.146 1e-07 10.861 1.24036 2.97622 3874.66 1e-07 242.545 30.8887 95.6701 6.17987 14.8587 116416 7181.33 7302.98 1019.58 989.484 223.436 2e-07 -57.0075 0.212619 4e-07 -1291.96 4.1584 -248.27 -37.7648 6e-07 -37586.6 -4167.04 -7022.57 -1318.08 -1945.7 -335.085 0.00514499 2.67526 0.0796877 1.49973 0.996113 1.66892e-06 0.309825 0.9999 -0.0422731 -0.592064
5.38352 1e-07 0.726409 39.9177 1e-07 7.64344 2.85905 2.10057 302.268 1e-07 105.199 55.6025 71.6031 13.7491 10.1904 2335.98 1961.63 1396.47 890.612 532.351 372.577 2e-07 -16.6324 0.266126 4e-07 -107.668 6.40423 -116.367 -74.2063 6e-07 -477.064 -959.185 -1374.29 -1257.27 -1141.46 -663.595 0.258019 2.6862 0.175324 0.199768 0.970018 3.44995e-07 0.145281 0.999853 0.422414 0.715443
8.76543 1e-07 4.05095 105.674 1e-07 32.1374 -20.9948 17.5794 1577.54 1e-07 397.927 -243.377 425.969 -86.8872 81.0554 27793.6 -10643.8 6451.48 -4583.99 2496.83 -1452.15 2e-07 -36.4168 -0.398782 4e-07 -482.523 -44.8109 -430.669 382 6e-07 -7925.98 5376.66 -5649.2 6235.76 -5836.97 3427.34 0.00210111 2.81492 -1.9972 0.92741 0.265792 3.8828e-06 0.0831055 0.991757 -0.0360375 -0.568461
11.2146 1e-07 0.849841 215.993 1e-07 10.7369 1.85455 2.16669 5610.66 1e-07 264.782 65.6977 81.6842 7.88037 9.20672 180986 28584.8 8679.75 2371.87 894.637 292.985 2e-07 -75.1627 0.24144 4e-07 -1866.98 6.17551 -268.905 -82.0244 6e-07 -58582.5 -16852.2 -8380.78 -3065.79 -1737.48 -478.565 6.83047e-18 2.9968 -0.000184867 1.4946 0.921868 3.45627e-06 0.362473 0.999979 0.415793 0.455951
1.15942 1e-07 3.47867 4.23341 1e-07 4.5477 -1.93648 14.322 24.656 1e-07 18.4765 -14.2277 48.5293 -1.37416 61.8464 194.988 -83.2735 123.937 -213.513 183.107 -68.9353 2e-07 1.04923 -0.284326 4e-07 2.01286 -4.3055 -15.369 30.6773 6e-07 9.23029 -8.90044 -17.1168 305.67 -462.741 390.144 0.110978 0.642378 -1.96482 0.944194 0.227439 3.45535e-06 0.0733619 0.999563 -0.034514 -0.507039
3.34424 1e-07 0.184152 31.4823 1e-07 2.27628 0.239922 0.0599672 466.324 1e-07 38.0038 9.60796 2.56159 0.112636 0.026428 9306.05 1513.84 816.201 254.667 64.537 10.1127 2e-07 -12.6048 0.374578 4e-07 -164.551 1.40044 -41.0443 -9.05866 6e-07 -3068.12 -864.52 -843.79 -329.18 -108.656 39.7624 0.0332144 1.13619 0.389434 1.47249 0.195085 3.8828e-06 0.148884 0.999592 -0.102029 -0.540049
2.54448 1e-07 4.62804 17.8281 1e-07 11.5667 -9.23771 37.3737 196.611 1e-07 84.4605 -67.4745 197.379 -76.1157 407.823 2921.78 -1076.83 998.394 -1319.77 926.462 -781.48 2e-07 -3.26487 -0.5142 4e-07 -42.1114 -19.7419 -70.5696 117.395 6e-07 -650.843 366.645 -539.556 1658.62 -1968.71 2107.56 0.0109826 0.978133 -1.93222 1.27121 0.972147 1.19294e-06 0.2855 0.999544 -0.103598 -0.561438
7.97557 1e-07 3.8777 135.053 1e-07 24.0506 -18.9877 30.1657 3126.28 1e-07 308.876 -175.584 596.825 -139.591 315.862 90550.6 -14603.9 5715.56 -4723.43 1563.01 -1909.31 2e-07 -44.6138 -0.364132 4e-07 -1000.78 -39.5043 -314.278 287.158 6e-07 -28747.1 8053.78 -4227.48 5935.83 -5021.1 4495.44 0.1564 2.71115 -1.92406 1.45048 0.941616 1.194e-06 0.207331 0.999737 -0.209333 0.552426
9.19234 1e-07 0.807289 167.887 1e-07 11.447 3.35937 2.24992 4094.5 1e-07 274.783 89.19 90.1542 15.4669 10.5738 123304 25510.2 8466.23 2829.44 1137.24 586.159 2e-07 -58.7513 0.24995 4e-07 -1361.9 8.21114 -280.404 -116.373 6e-07 -39711.8 -14935.2 -8200.25 -3701.38 -2139.97 -1054.02 0.161173 2.99128 0.245122 1.41803 0.941281 2.33363e-06 0.291327 0.999986 0.378915 0.404595
7.79844 1e-07 3.88224 117.919 1e-07 24.0814 -20.3456 30.288 2365.77 1e-07 279.011 -172.15 617.852 -155.45 318.248 58393.1 -10335.4 4535.89 -3530.83 1477.61 -1996.45 2e-07 -39.2918 -0.36504 4e-07 -755.406 -42.2992 -286.963 288.43 6e-07 -18488.7 5505.38 -3014.13 4450.4 -4993.41 4746.98 0.1564 2.76316 -1.92406 1.26854 0.944407 1.194e-06 0.208879 0.999737 -0.197635 0.421585
5.32006 1e-07 4.65559 64.1047 1e-07 23.6805 -20.3497 38.1194 1133.09 1e-07 294.778 -217.17 473.729 -186.744 423.435 26014.9 -8643.54 5514.76 -5358.64 2929.77 -2715.96 2e-07 -19.8959 -0.51971 4e-07 -332.99 -43.2468 -292.118 341.247 6e-07 -7463.68 4284.86 -4361.28 6810.48 -6330.22 6249.87 0.00577632 1.80907 -1.92454 1.44161 0.989271 5.28864e-07 0.138789 0.999617 0.410638 -0.622413
7.80808 1e-07 4.55354 84.5718 1e-07 32.0278 -28.4945 34.3406 1139.11 1e-07 354.158 -278.749 738.19 -239.348 344.943 18155.7 -6744.09 5145.42 -4268.28 3215.07 -3500.78 2e-07 -28.6261 -0.499299 4e-07 -330.221 -60.1822 -371.937 448.98 6e-07 -4815.04 2895.42 -3395.16 5565.44 -8166.17 7997.35 0.00126555 2.65035 -1.93395 0.890852 0.905064 2.36893e-06 0.0690581 0.99892 0.352488 -0.525746
9.69185 1e-07 4.65663 123.492 1e-07 41.8528 -34.8178 37.5101 1907.14 1e-07 548.275 -409.568 1024.57 -319.849 408.243 34289.7 -12604.9 9145.29 -7036.24 5238.49 -5708.69 2e-07 -42.0827 -0.519918 4e-07 -570.075 -74.0188 -571.05 630.244 6e-07 -9452.68 5865.8 -6679.01 9164.62 -12555.7 12440.8 0.00178729 2.98645 -1.92926 0.888996 0.971016 1.6145e-06 0.146391 0.999951 -0.0396735 -0.590862
2.42769 1e-07 0.969606 17.9166 1e-07 3.63042 0.627253 2.91014 216.781 1e-07 35.883 6.98992 31.6331 3.13333 14.5801 3624.6 339.678 548.758 115.515 172.918 45.4837 2e-07 -6.83306 0.217487 4e-07 -72.0597 1.5272 -40.464 -6.66754 6e-07 -1124.75 -175.653 -508.729 -156.72 -401.948 2.17247 0.034109 0.669832 -0.0462046 1.43692 0.999986 3.92378e-06 0.221876 1 0.42381 -0.507634
8.93896 1e-07 0.830875 158.025 1e-07 9.41203 0.685273 2.31894 3796.49 1e-07 211.865 23.0735 78.006 3.19949 10.8108 113750 7305.32 6390.83 851.745 784.274 119.206 2e-07 -55.5156 0.245233 4e-07 -1268.74 3.1657 -216.801 -26.3059 6e-07 -36862.2 -4268.26 -6160.24 -1089.14 -1554.41 -138.555 0.110978 2.81478 0.000523876 1.46009 0.965626 4.78034e-06 0.131552 0.999563 -0.175828 -0.450584
9.98244 1e-07 0.0161127 193.144 1e-07 1.16737 0.0220601 0.00678693 5042.73 1e-07 72.0046 3.19312 0.0405483 0.0154007 0.00481104 163543 25188 3438.01 329.297 12.3633 0.0945415 2e-07 -67.9095 0.408186 4e-07 -1702.46 3.9175 -68.3061 -0.88292 6e-07 -53745.6 -15035 -3311.06 -375.086 -18.6598 50.5015 0.112553 2.99975 0.0132448 1.5 8.77949e-11 6.26912e-06 0.376529 0.986725 0.453833 0.419349
9.57911 1e-07 4.66902 137.525 1e-07 42.4278 -34.302 38.0608 2535.83 1e-07 631.944 -444.601 1003.76 -321.341 420.518 56434.3 -19550.6 12482.3 -9310.69 6112.55 -6103.5 2e-07 -46.1676 -0.522396 4e-07 -770.992 -73.1486 -647.682 670.03 6e-07 -16306.4 9882.17 -9985.23 12040.5 -13747.6 13157 0.00140718 2.88387 -1.92507 1.12955 0.984699 2.14248e-06 0.217346 0.986338 0.456029 -0.648026
9.21556 1e-07 0.807289 169.416 1e-07 11.469 3.35938 2.24992 4164.54 1e-07 276.681 89.4684 90.2168 15.4669 10.5738 126505 25970.1 8580.8 2854.31 1143.83 587.447 2e-07 -59.2331 0.24995 4e-07 -1384.37 8.21632 -282.178 -116.707 6e-07 -40732.7 -15209.8 -8308.96 -3732.24 -2150.16 -1056.34 0.161173 2.99128 0.245122 1.42776 0.941281 2.33363e-06 0.291327 0.999998 0.378915 0.404595
9.38013 1e-07 1.61227 117.4 1e-07 13.7347 -7.23446 6.62625 1793.95 1e-07 200.703 -84.2345 182.931 -37.1497 41.673 32064.4 -3302.96 3851.67 -1407.35 970.178 -1005.66 2e-07 -42.9879 0.0889539 4e-07 -614.381 -13.3568 -213.04 134.349 6e-07 -10409.7 1652.99 -3494.55 1940.33 -2339.44 2171.52 0.00178262 2.92947 -0.877777 0.902824 0.919011 1.20233e-06 0.20805 0.999951 -0.192739 -0.484291
5.24397 1e-07 4.57919 65.3674 1e-07 16.7291 -12.5395 35.4859 1206.72 1e-07 164.897 -97.2764 340.227 -78.7386 366.104 29076.7 -5689.36 2571.28 -3224.1 948.001 -838.535 2e-07 -20.275 -0.50443 4e-07 -377.196 -26.2673 -159.347 166.999 6e-07 -9105.26 3018.42 -1758.98 4021.48 -2769.25 2237.18 0.0243472 1.77085 -1.96308 1.4963 0.916154 1.2705e-06 0.134972 0.999445 -0.260579 0.321372
11.0827 1e-07 3.8192 211.181 1e-07 26.4584 -14.2252 15.42 5429.22 1e-07 357.855 -130.9 339.042 -37.0395 65.5315 173365 -30006 6750.06 -5098.08 666.59 -277.766 2e-07 -70.6179 -0.352433 4e-07 -1760.57 -29.1826 -381.757 220.241 6e-07 -55649.6 17495.3 -6092.22 6530.16 -2669.57 999.92 6.21821e-05 2.97814 -1.94024 1.48798 0.234333 6.32754e-06 0.362473 0.999705 -0.0910955 0.480152
8.62619 1e-07 4.71149 115.388 1e-07 35.7926 -30.8546 38.6436 2004.91 1e-07 467.017 -336.05 870.989 -282.129 428.58 42329 -13348.6 8276.47 -6399.41 4108.15 -4491.28 2e-07 -38.5311 -0.53089 4e-07 -609.484 -65.3187 -479.794 525.851 6e-07 -12368.5 6619.05 -6136.09 8225.07 -10074.5 10020.4 0.00585559 2.72205 -1.94299 1.1258 0.981746 3.51994e-06 0.178293 0.999972 0.443675 -0.40587
2.70986 1e-07 0.0245684 24.8651 1e-07 1.04765 0.0312571 0.00942508 361.992 1e-07 19.5515 2.76568 0.0638718 0.0195969 0.00619029 7133.6 1836.34 448.361 88.7778 10.4193 0.124725 2e-07 -10.1448 0.406495 4e-07 -130.32 0.967841 -20.7392 -0.386964 6e-07 -2404.32 -1084.42 -462.817 -106.867 -15.8233 50.8179 0.181984 1.06005 -0.000184867 1.47953 0.0283918 1.20224e-06 0.362464 0.999587 0.415793 0.450026
7.63605 1e-07 3.6283 74.8324 1e-07 22.0591 -14.7648 13.1738 878.709 1e-07 203.615 -125.231 261.931 -44.8595 47.8622 11923.1 -4017.38 2507.14 -1799.04 1003.53 -584.61 2e-07 -26.4575 -0.314253 4e-07 -272.268 -30.7999 -231.827 216.023 6e-07 -3437.56 1899.57 -2043.91 2542.64 -2805.41 1587.31 6.04696e-05 2.65989 -1.90472 0.749323 0.0240443 1.95489e-06 0.216387 0.99441 -0.202089 -0.32867
7.65857 1e-07 4.69809 59.6965 1e-07 32.1389 -31.3041 36.5441 473.355 1e-07 260.049 -250.875 820.72 -272.123 378.729 3816.59 -1849.78 2434.87 -2520.17 2616.42 -3539.68 2e-07 -20.8694 -0.52821 4e-07 -105.286 -65.8851 -284.526 426.245 6e-07 -318.087 78.9156 -434.104 3257.48 -7642.23 8263.86 4.89504e-05 2.76133 -1.96266 0.184458 0.919927 2.36187e-06 0.367965 0.999868 0.336207 -0.52737
7.40221 1e-07 2.03421 71.3393 1e-07 12.7024 -6.1511 4.2002 825.738 1e-07 137.629 -71.0019 89.3453 -10.6333 8.71581 11061.4 -2808.25 2006.02 -1228.63 576.472 -252.674 2e-07 -26.7698 0.00456549 4e-07 -280.954 -11.7973 -155.928 116.148 6e-07 -3456 1402.77 -1928.97 1754.92 -1322.71 680.842 0.00995017 2.62969 -1.43249 0.749207 0.0506765 7.93126e-07 0.0847216 0.999781 -0.180226 -0.498108
11.1197 1e-07 0.991174 212.791 1e-07 12.2502 0.78151 2.94892 5494.71 1e-07 292.649 28.7947 107.133 3.87521 14.6227 176243 10128.1 9354.24 1131.28 1126.08 155.86 2e-07 -73.966 0.213173 4e-07 -1824.45 3.68772 -297.421 -33.4126 6e-07 -56904.3 -5932.69 -8984 -1444.22 -2208.89 -199.772 0.000571957 2.98345 -0.000227877 1.49167 0.995858 1.45184e-06 0.1124 0.999972 0.405227 -0.472968
2.05712 1e-07 4.97797 12.7318 1e-07 11.4334 10.1688 42.6624 131.332 1e-07 77.9526 66.2168 135.226 144.673 493.067 1896.62 635.721 878.329 726.947 978.244 1053.85 2e-07 -0.898703 -0.584185 4e-07 -17.8314 18.8973 -64.8457 -121.913 6e-07 -310.555 -126.918 -638.54 -867.554 -1680.93 -2523.52 0.00287595 -0.00991074 -1.99973 1.4363 0.996666 1.85586e-07 0.138866 0.996063 0.420014 0.347318
8.93328 1e-07 0.970042 167.731 1e-07 14.3196 5.19935 3.24474 4273.63 1e-07 351.057 130.498 128.488 28.0029 18.1688 135686 32334.1 11142.3 4130.07 1754.8 1025.45 2e-07 -58.2826 0.2174 4e-07 -1406.86 11.21 -357.225 -173.299 6e-07 -43224.1 -18879.7 -10734.9 -5411.32 -3249.09 -1911.06 0.167302 2.91218 0.389434 1.49912 0.996957 3.88273e-06 0.310399 0.999985 0.472116 0.549708
5.36468 1e-07 3.44545 39.5589 1e-07 23.7868 -23.5787 28.0635 297.336 1e-07 199.343 -200.718 621.966 -222.984 312.471 2276.8 -1262.94 1910.08 -2113.69 2310.71 -3213.6 2e-07 -13.7869 -0.277682 4e-07 -57.3994 -49.7076 -215.632 335.456 6e-07 16.3397 -68.7047 -390.991 2719.36 -6248.94 7313.13 0.258019 2.6822 -1.90488 0.189802 0.997861 6.81161e-06 0.23553 0.999607 0.324256 -0.710583
10.7165 1e-07 0.0983081 193.377 1e-07 -0.310717 0.103495 0.0105157 4650.46 1e-07 17.2372 -1.09572 0.467934 0.0248743 0.00120329 137941 14199.5 1357.54 29.0389 -3.8412 0.835832 2e-07 -68.6312 0.391747 4e-07 -1589.45 4.67799 -14.6019 4.13935 6e-07 -45946.6 -8447.94 -1271.76 0.781265 3.83668 52.8343 0.0159281 2.98726 -0.312433 1.40222 0.0437453 6.17509e-07 0.151405 0.991605 0.420014 0.355858
7.46518 1e-07 3.91013 112.879 1e-07 24.4442 -20.986 31.4877 2264.67 1e-07 284.303 -178.787 643.035 -165.337 339.549 55897.8 -10562.4 4625.76 -3696.41 1559.46 -2068.1 2e-07 -37.4189 -0.370618 4e-07 -718.949 -43.7896 -291.422 298.545 6e-07 -17612.5 5611.9 -3033.35 4645.69 -5218.49 4931.13 0.19245 2.76316 -1.98486 1.26854 0.944407 1.194e-06 0.208879 0.999737 -0.197635 0.421585
10.9089 1e-07 0.845095 199.068 1e-07 10.4254 1.78761 2.14747 4851.59 1e-07 244.885 61.3679 79.4956 7.57237 9.09814 146016 23613.7 7572.39 2114.17 829.143 276.545 2e-07 -69.7842 0.242389 4e-07 -1623.27 5.97813 -250.062 -76.5648 6e-07 -47432 -13889.8 -7329.73 -2740.67 -1628.53 -447.392 0.00320853 2.98884 0.00447513 1.41803 0.920528 1.26463e-06 0.362981 0.999986 0.361152 0.38379
8.08932 1e-07 0.73333 137.503 1e-07 8.01426 0.3019 1.7852 3164.46 1e-07 186.12 11.2171 62.8011 1.30842 7.45047 90631.7 3543.11 5654.07 438.264 659.722 52.021 2e-07 -48.607 0.264742 4e-07 -1062.8 2.32896 -189.856 -10.572 6e-07 -29423.4 -2061.65 -5461.99 -549.237 -1295.55 -11.9422 0.17301 2.78762 -0.00494719 1.41803 0.918033 1.20209e-06 0.458277 0.999609 -0.104956 -0.672322
7.80519 1e-07 4.55354 84.5175 1e-07 32.0154 -28.488 34.3406 1138.12 1e-07 353.935 -278.612 737.904 -239.291 344.943 18136.3 -6737.32 5141.13 -4265.45 3213.22 -3499.08 2e-07 -28.6069 -0.499299 4e-07 -329.906 -60.1679 -371.701 448.79 6e-07 -4809.33 2891.93 -3391.52 5561.68 -8161.97 7993.95 0.00126555 2.6498 -1.93395 0.890852 0.905064 1.03633e-06 0.0690581 0.99892 -0.0219336 -0.525746
5.49453 1e-07 3.41796 40.5164 1e-07 23.2659 -22.4403 25.9688 304.533 1e-07 192.308 -188.587 570.626 -194.516 265.317 2331.91 -1250.08 1830.27 -1979.51 2087.13 -2712.7 2e-07 -14.2315 -0.272184 4e-07 -62.0787 -47.2733 -210.174 317.115 6e-07 -42.5637 -26.0909 -455.711 2586.39 -5713.57 6254.83 0.24006 2.6822 -1.90488 0.189802 0.928623 6.81161e-06 0.146328 0.999779 0.324256 -0.670014
8.25528 1e-07 3.74309 142.789 1e-07 24.2474 -18.6921 28.1372 3362.1 1e-07 321.623 -179.197 583.513 -135.414 286.498 98821.3 -15759 6121.92 -4768.61 1616.34 -1934.96 2e-07 -47.3488 -0.337209 4e-07 -1078.68 -38.8373 -328.458 290.79 6e-07 -31400.4 8733.04 -4670.3 6019.51 -5064.78 4515.59 0.1564 2.77162 -1.88117 1.45048 0.934292 5.58204e-06 0.369607 0.999991 -0.139863 0.50477
8.21088 1e-07 3.8777 141.549 1e-07 25.9392 -20.2737 30.1657 3323.99 1e-07 352.174 -201.438 629.624 -154.282 315.862 97476.2 -17265.1 6851.41 -5354.87 1916.15 -2204.57 2e-07 -46.7977 -0.364132 4e-07 -1060.93 -42.3571 -358.527 323.326 6e-07 -30806 9541.12 -5273.49 6759.85 -5712.75 5115.06 0.1564 2.76211 -1.92406 1.45048 0.941616 1.194e-06 0.207331 0.999737 -0.209333 0.421585
11.2109 1e-07 0.000467763 216.912 1e-07 1.19216 0.000612879 0.000173143 5663.29 1e-07 78.7444 3.26211 0.00112525 0.000362792 0.000113764 183669 28039.2 3788.75 356.672 12.518 0.00284216 2e-07 -76.2841 0.411315 4e-07 -1912.32 4.37505 -74.4464 -0.915895 6e-07 -60370.2 -16737 -3647.08 -404.479 -18.7802 50.0148 0.00334204 2.99975 0.00535497 1.5 8.77949e-11 6.26912e-06 0.362508 0.986725 0.419067 0.419349
2.13221 1e-07 0.988486 13.6479 1e-07 3.29685 0.869505 2.93291 145.596 1e-07 28.7048 8.398 27.1818 4.29922 14.5026 2174.5 298.866 387.328 119.815 142.952 55.5309 2e-07 -5.23809 0.213711 4e-07 -47.4361 1.95685 -33.0529 -9.28875 6e-07 -654.423 -145.854 -355.684 -165.11 -334.407 -21.8713 0.000658322 0.0623038 0.10516 1.45936 0.988971 4.35964e-06 0.152258 0.999679 -0.210578 -0.426247
0.000133213 1e-07 4.4218 1.77524e-08 1e-07 1.17059 8.99473 34.5795 2.36658e-12 1e-07 0.000904658 3.33191 42.9692 116.724 368.186 3.15597e-16 1.11138e-11 2.99341e-07 0.00424356 13.2452 142.244 2e-07 4.42167 -0.472952 4e-07 3.51176 17.7554 28.3685 -39.894 6e-07 0.00452328 13.3275 127.905 205.817 112.116 -714.918 3.65935e-05 -0.0115415 -1.86277 0.000107331 0.975735 3.54491e-06 0.231034 0.999972 0.401905 0.335644
10.3912 1e-07 1.05593 194.604 1e-07 15.1453 5.29 3.38912 4938.56 1e-07 362.986 127.413 128.704 26.8342 17.9612 156046 32257.2 11291.2 3977.64 1680.73 973.541 2e-07 -67.7166 0.200223 4e-07 -1630.74 11.826 -370.321 -169.805 6e-07 -49937.6 -18837.2 -10903.1 -5212.08 -3138.31 -1805.72 0.0332144 2.9194 0.402315 1.49173 0.962821 3.81415e-06 0.311029 0.999981 -0.262158 0.235428
11.1255 1e-07 0.991687 212.903 1e-07 12.2565 0.781923 2.95046 5497.59 1e-07 292.804 28.8099 107.19 3.87729 14.6304 176335 10133.6 9359.18 1131.89 1126.68 155.944 2e-07 -74.0047 0.213071 4e-07 -1825.41 3.68969 -297.577 -33.4319 6e-07 -56934.1 -5935.88 -8988.75 -1445 -2210.05 -199.907 4.84494e-05 2.98345 -0.000227877 1.49167 0.995858 1.45184e-06 0.201034 0.999979 0.405227 -0.472968
9.63074 1e-07 4.67178 117.018 1e-07 29.2354 -27.4687 37.0876 1688.17 1e-07 245.52 -176.849 850.35 -216.782 395.707 27973.3 -4510.98 2602.38 -1775.93 1197.06 -2437.18 2e-07 -40.0643 -0.522949 4e-07 -535.763 -56.8223 -263.346 321.79 6e-07 -8852.57 1998.23 -474.598 2165.87 -5656.25 5939.29 3.65935e-05 2.99653 -1.94108 0.807406 0.950876 3.63822e-06 0.207316 0.999736 0.413459 0.459021
4.22857 1e-07 3.86306 49.8319 1e-07 19.5102 -16.379 30.0071 866.094 1e-07 242.125 -178.962 365.184 -142.565 310.761 19606.6 -6971.62 4523.02 -4505.71 2437.8 -2122.03 2e-07 -15.3151 -0.361203 4e-07 -251.13 -34.9204 -241.522 280.804 6e-07 -5537.44 3439.2 -3647.86 5752.34 -5167.96 4897.6 0.17831 1.75108 -1.96273 1.44219 0.919339 1.31232e-06 0.133665 0.999833 -0.293406 -0.712525
8.41381 1e-07 4.66213 94.104 1e-07 36.3628 -32.4628 37.9797 1282.61 1e-07 421.836 -337.972 901.49 -301.806 419.391 20423.7 -7889.83 6275.49 -5194.09 4144.9 -4833.17 2e-07 -31.9829 -0.521017 4e-07 -369.798 -68.7366 -441.023 534.734 6e-07 -5300.52 3336.36 -4107.58 6735.59 -10288.1 10753.1 0.00186222 2.7767 -1.92386 0.848198 0.984658 1.24357e-06 0.135273 0.982596 -0.0418508 -0.584863
11.0973 1e-07 3.50002 212.33 1e-07 36.7237 -18.1571 12.8192 5486.31 1e-07 727.509 -321.568 374.654 -63.9942 48.9895 176164 -50328.8 19990.6 -11502.6 3753.49 -1591.11 2e-07 -71.2963 -0.288595 4e-07 -1748.05 -39.0935 -746.663 465.022 6e-07 -54698 28852.9 -18953.6 14935.5 -7497.22 3505.18 2.89511e-05 2.97721 -1.85991 1.4946 0.202149 1.03065e-06 0.128165 0.9863 -0.191508 -0.667029
8.44155 1e-07 1.05641 152.309 1e-07 8.13632 -1.78301 3.84325 3747.75 1e-07 147.788 -1.04302 95.9214 -7.86518 22.8471 115234 7819.25 4076.7 366.261 431.469 -290.984 2e-07 -53.0777 0.200126 4e-07 -1252.22 -1.72036 -153.04 12.4541 6e-07 -37579.1 -4662.62 -3824.32 -444.031 -1107.37 678.51 0.168296 2.81687 -0.535985 1.48827 0.987766 3.42227e-06 0.188809 0.999619 0.46182 0.425175
3.16413 1e-07 3.57494 16.4907 1e-07 9.89001 -8.50993 12.7877 114.297 1e-07 60.3401 -57.3357 115.536 -24.7249 45.7565 975.904 -438.216 517.642 -623.532 466.564 -369.562 2e-07 -4.53639 -0.303581 4e-07 -21.1099 -17.6961 -68.6355 109.552 6e-07 -105.368 28.3034 -283.089 915.822 -1254.42 1075.89 0.000288266 1.61355 -1.89094 0.749323 0.0167489 1.19063e-06 0.367965 0.999969 -0.202089 -0.552532
0.984371 1e-07 3.90991 2.88974 1e-07 4.50463 0.409415 16.0559 14.0661 1e-07 15.3852 -2.4855 43.7621 9.14222 69.0139 95.4245 -25.7005 86.3337 -81.7993 179.629 37.5207 2e-07 2.05862 -0.370574 4e-07 6.40434 0.322881 -11.4275 7.57399 6e-07 34.2326 3.59013 8.17612 122.953 -422.126 161.23 1.30898e-05 0.304765 -1.96482 0.944194 0.222352 3.45535e-06 0.0733619 0.986149 -0.00637013 -0.507039
8.35427 1e-07 4.17513 109.774 1e-07 32.6929 -26.6278 31.0959 1872.15 1e-07 440.711 -308.525 714.963 -224.726 314.017 38777.8 -12466.6 8026.46 -6026.84 3866.1 -3873.35 2e-07 -37.1114 -0.423618 4e-07 -573.339 -56.3571 -455.634 477.609 6e-07 -11301.9 6202.89 -6308.5 7836.63 -9057.13 8561.75 0.0219378 2.70225 -1.83876 1.11332 0.941964 6.0967e-07 0.139036 0.999404 -0.143982 -0.561872
9.37798 1e-07 0.989605 162.712 1e-07 10.7581 0.942735 2.94939 3892.39 1e-07 240.302 25.5559 94.6924 4.68397 14.658 117058 6442.04 7245.15 879.205 968.581 169.622 2e-07 -57.202 0.213487 4e-07 -1298.15 3.59203 -245.879 -30.175 6e-07 -37808.2 -3744.12 -6965.13 -1131.09 -1910.14 -229.485 0.00516021 2.67905 0.042558 1.49977 0.996113 1.6637e-06 0.363507 0.9999 -0.0422731 -0.592064
9.63764 1e-07 3.50588 172.009 1e-07 22.2653 -11.5567 12.8469 4208.14 1e-07 295.278 -107.786 248.834 -26.0916 48.0165 129011 -23553.1 5639.78 -4419.62 592.83 -231.301 2e-07 -57.7344 -0.289767 4e-07 -1367.66 -23.6014 -316.232 182.086 6e-07 -41435 13712.4 -5182.8 5666.85 -2119.9 831.127 0.0244329 2.76245 -1.89059 1.4993 0.135155 1.20396e-06 0.208982 0.999445 0.326601 0.319279
8.88841 1e-07 4.88716 131.437 1e-07 39.5042 -32.7752 40.6641 2590.03 1e-07 581.376 -402.152 935.845 -305.725 454.395 62946.3 -20307 11790.7 -9103.54 5345.46 -5255.76 2e-07 -43.4324 -0.566024 4e-07 -789.935 -69.7945 -591.255 612.481 6e-07 -18567 10513.4 -9427.6 11671.3 -12225 11542.9 0.00433109 2.70495 -1.9911 1.26899 0.97152 1.11782e-06 0.141999 0.999968 -0.0310563 -0.499536
4.84327 1e-07 4.22707 60.1063 1e-07 15.416 -11.6628 32.7586 1102.93 1e-07 151.202 -89.7819 315.497 -73.471 337.943 26394.8 -5168.03 2342.57 -2934.86 867.158 -777.953 2e-07 -18.6481 -0.434005 4e-07 -344.738 -24.4162 -146.072 154.72 6e-07 -8265.36 2736.18 -1588.49 3660.4 -2551.53 2080.75 0.099326 1.77859 -1.96317 1.48796 0.916064 6.81812e-07 0.0173049 0.999449 -0.0485936 0.321372
8.83771 1e-07 0.00166946 146.523 1e-07 1.20495 0.0028232 0.000325333 3361.82 1e-07 63.9916 3.29784 0.0191881 0.000676211 0.000200599 97166 17101.4 2650.59 290.616 12.6872 0.0300685 2e-07 -52.793 0.411074 4e-07 -1151.45 3.40056 -61.2078 -0.964706 6e-07 -32191.7 -10200.1 -2578.43 -332.449 -19.1153 50.0188 0.00700495 2.59057 -0.000184867 1.47953 0.0283918 1.20224e-06 0.352211 0.999471 0.413844 0.454218
2.16186 1e-07 4.41559 14.0265 1e-07 10.5647 0.766517 33.8814 151.654 1e-07 75.1632 3.53284 120.898 17.732 351.915 2295.2 -120.074 884.648 -139.893 878.885 140.731 2e-07 -1.95424 -0.47171 4e-07 -27.8287 0.309497 -65.6896 -6.95835 6e-07 -464.4 76.9136 -660.038 173.409 -1576.62 -113.068 0.000555533 0.182579 -1.87382 1.45936 0.952283 6.838e-08 0.0969269 0.999006 -0.180539 -0.561565
11.2146 1e-07 3.50066 215.993 1e-07 36.5853 -18.0724 12.831 5610.66 1e-07 721.22 -315.471 374.73 -63.212 49.095 180986 -50766.9 19743.8 -11278.1 3611.43 -1526.49 2e-07 -72.5119 -0.288724 4e-07 -1789.44 -38.8481 -740.601 457.363 6e-07 -56300.3 29142.9 -18714.3 14643.3 -7284.44 3384.22 6.83047e-18 2.9968 -1.85991 1.4946 0.203483 3.45627e-06 0.131803 0.986297 -0.114673 -0.624271
0.843312 1e-07 4.81402 2.1431 1e-07 5.50699 3.96832 38.0801 9.07691 1e-07 17.6171 14.0612 85.5008 48.9728 399.711 53.8213 21.939 89.9667 87.3933 301.618 275.855 2e-07 3.32778 -0.551396 4e-07 11.6548 7.18218 4.51323 -33.0955 6e-07 62.8623 40.4396 118.463 -81.2476 -488.381 -528.574 0.00448425 -0.0652777 -1.99835 0.918068 0.917661 3.63417e-07 0.217473 0.99967 0.414924 -0.567387
1.77432 1e-07 4.29097 9.57001 1e-07 8.35251 -2.34975 33.8936 85.4242 1e-07 48.78 -17.8674 115.236 -11.5082 366.816 1061.11 -270.816 473.054 -411.635 589.019 -145.71 2e-07 -0.35435 -0.446786 4e-07 -10.1397 -5.64003 -34.3611 30.8745 6e-07 -159.857 85.2008 -221.02 522.262 -1096.81 563.493 0.0213216 0.450139 -1.84164 1.26899 0.995792 7.87873e-07 0.237581 0.999003 -0.0385426 -0.561438
10.1734 1e-07 0.998636 182.46 1e-07 11.5882 1.33719 2.9965 4448.71 1e-07 262.516 35.969 101.6 6.67754 14.9857 135299 9366.66 7962.96 1221.76 1047.84 250.998 2e-07 -63.9127 0.211681 4e-07 -1482.31 4.54217 -268.433 -44.2451 6e-07 -43726 -5453.56 -7660.2 -1578.15 -2062.61 -387.423 0.00164121 2.83259 0.0708684 1.47192 0.997609 1.61668e-06 0.138794 0.986394 -0.0420614 -0.493822
9.93432 1e-07 1.01673 171.448 1e-07 12.6536 3.56396 3.10331 4004.38 1e-07 287.881 96.1622 111.325 18.0592 15.7837 116368 24981.5 8541.08 2965.91 1257.75 620.263 2e-07 -60.352 0.208062 4e-07 -1334.8 8.68426 -295.02 -125.382 6e-07 -37475.4 -14591.3 -8245.49 -3891.12 -2421.83 -1119.39 0.000942442 2.81183 0.136875 1.42735 0.999466 3.83403e-06 0.150455 0.999744 0.397927 0.576872
